196.55 1399.74 1299.977 1468.077 59.34744
197.76 1899.7 1894.409 1982.22 6.02573
198.96 1864.443 1747.928 1816.471 169.98835
200.16 1193.487 1105.313 1221.466 75.91177
201.36 2058.995 1973.947 2131.243 54.06901
202.56 1473.619 1390.732 1472.275 101.64715
203.76 1265.064 1081.438 1313.596 79.09528
204.96 1405.01 1374.643 1489.417 26.4577
206.16 1021.003 950.05 1030.371 88.33663
207.36 1737.895 1619.226 1776.337 75.53147
208.56 1515.129 1390.377 1568.635 69.98383
209.76 965.031 937.698 1050.461 24.23928
210.96 1343.765 1237.848 1334.759 109.29278
212.16 2595.84 2486.932 2571.158 129.30416
213.36 1565.052 1530.752 1573.505 80.22716
214.56 1310.376 1225.948 1408.201 46.32458
215.76 2305.064 2293.438 2320.096 43.61269
216.96 1896.121 1917.508 1996.182 -27.18475
218.16 1387.763 1385.572 1408.352 9.61728
219.35 1128.16 1019.576 1202.039 59.51023
220.55 1312.417 1276.057 1310.288 106.21944
221.75 1287.541 1096.342 1259.321 117.31502
222.95 1982.11 1844.598 1978.999 102.31506
224.15 1605.976 1464.403 1641.282 80.03952
225.35 1341.29 1166.454 1284.117 148.58989
226.55 1202.574 1085.582 1204.456 98.41705
227.75 1869.11 1747.598 1830.999 145.69704
228.94 1597.531 1510.198 1600.461 96.75335
230.14 1401.916 1342.781 1325.881 0.0
231.34 1210.386 1145.358 1248.385 63.11807
232.54 1104.644 1008.838 1151.134 67.32842
233.74 1190.206 1134.002 1163.766 188.83507
234.93 1148.533 1091.973 1243.868 37.23575
236.13 1419.194 1251.316 1453.674 82.96057
237.33 1440.97 1214.81 1369.736 145.9789
238.53 1239.175 1105.537 1252.538 90.90967
239.72 1842.957 1723.89 1862.469 85.92012
240.92 1036.188 868.223 1023.629 108.08121
242.12 1605.524 1572.605 1695.416 26.80517
243.31 1221.88 1111.265 1178.839 163.69473
244.51 1084.043 915.883 1085.052 99.40354
245.71 1680.731 1654.108 1725.124 37.48932
246.9 2190.543 2026.883 2165.052 118.44911
248.1 1355.736 1325.425 1459.762 22.56316
249.3 1320.485 1312.037 1334.059 38.36044
250.49 1343.52 1197.553 1339.601 102.75897
251.69 1533.33 1418.787 1554.798 84.21561
252.89 1361.84 1308.197 1312.482 1251.84025
254.08 1022.531 851.698 932.461 211.52249
255.28 1424.307 1361.457 1415.847 115.55377
256.47 979.809 761.733 1026.254 82.4417
257.67 1618.334 1465.839 1613.613 103.19488
258.86 1706.639 1596.021 1741.495 76.03971
260.06 1324.227 1282.056 1394.31 37.5678
261.26 1907.351 1863.842 1951.342 49.7244
262.45 1313.315 1317.326 1393.8 -5.24425
263.65 836.633 759.694 938.774 42.96374
264.84 1459.679 1345.354 1546.176 56.92854
266.04 1097.34 1036.697 1180.982 42.03018
267.23 848.426 771.191 888.565 65.80253
268.42 1119.072 1041.806 1127.049 90.64251
269.62 1353.759 1262.255 1321.714 153.89492
270.81 1449.667 1305.169 1430.585 115.21468
272.01 1258.729 1258.332 1365.717 0.37001
273.2 1595.382 1534.806 1627.57 65.3014
274.4 1018.742 942.518 1080.308 55.31903
275.59 1528.878 1414.489 1495.432 141.32071
276.78 1358.202 1240.185 1439.127 59.32239
277.98 1221.455 1088.614 1215.562 104.64229
279.17 1284.238 1236.701 1340.67 45.72233
280.37 1277.282 1175.851 1245.989 144.6165
281.56 936.014 750.46 922.555 107.82033
282.75 1025.219 926.422 1096.533 58.07788
283.95 1190.476 1024.668 1228.606 81.30329
285.14 1237.562 1243.162 1343.689 -5.57049
286.33 1108.213 1011.095 1123.311 86.54521
287.52 1295.054 1279.793 1407.236 11.97446
288.72 1554.353 1491.383 1593.573 61.62027
289.91 1864.999 1815.499 1911.557 51.53181
291.1 1442.093 1374.361 1514.093 48.47312
292.29 1360.794 1325.771 1411.256 40.96997
293.49 1385.37 1328.62 1455.979 44.55873
294.68 1055.656 986.524 1047.725 112.95944
295.87 1167.037 1068.79 1214.007 67.65525
297.06 1362.085 1338.492 1506.64 14.0311
298.26 770.891 667.675 723.523 184.81483
299.45 1179.38 1067.765 1263.839 56.92503
300.64 1187.417 1090.557 1278.288 51.59533
301.83 1304.386 1235.858 1311.385 90.73404
303.02 1086.468 952.534 1155.829 65.88142
304.21 1579.683 1421.406 1557.49 116.30808
305.4 1350.125 1190.06 1275.497 187.34807
306.59 1342.309 1245.733 1360.254 84.33007
307.79 1206.436 1138.835 1242.425 65.25844
308.98 971.416 890.781 943.881 151.85322
310.17 1562.713 1349.625 1641.459 73.01683
311.36 1275.564 1192.203 1262.92 117.87991
312.55 2015.043 1951.649 2022.376 89.63222
313.74 901.828 907.011 1012.391 -4.91897
314.93 1541.129 1384.877 1507.635 127.2842
316.12 1247.108 1084.322 1211.091 128.41132
317.31 703.399 674.043 753.976 36.72546
318.5 968.328 862.011 969.391 99.00978
319.69 1203.349 1066.066 1293.935 60.24635
320.88 1193.788 990.678 1197.21 98.34294
322.07 1026.506 892.091 1097.603 65.4048
323.26 1051.953 938.573 1055.331 97.10711
324.45 821.514 755.96 830.555 87.87919
325.64 1206.748 1106.111 1205.854 100.89708
326.83 1465.093 1301.361 1449.093 110.83066
328.01 1198.771 1025.441 1160.805 128.0478
329.2 1505.936 1375.835 1560.425 70.48119
330.39 1153.085 1049.992 1228.64 57.70732
331.58 1041.428 788.466 986.472 127.75457
332.77 1808.28 1655.81 1742.257 176.37214
333.96 684.606 608.047 782.184 43.96489
335.15 860.114 743.415 939.637 59.47306
336.33 1004.428 830.966 980.972 115.63651
337.52 1053.014 1009.46 1153.556 30.22568
338.71 1075.443 980.928 1078.471 96.89564
339.9 1102.889 994.399 1018.116 457.43517
341.08 1104.648 1009.655 1130.772 78.4305
342.27 1447.993 1250.406 1517.511 73.9734
343.46 1571.081 1489.675 1635.502 55.8236
344.65 1446.081 1311.675 1542.002 58.35438
345.83 1542.424 1435.15 1622.334 57.3094
347.02 889.51 753.643 945.917 70.66298
348.21 1611.072 1364.806 1642.549 88.667
349.4 1018.164 743.893 982.678 114.86142
350.58 1176.261 994.296 1233.445 76.08855
351.77 1074.706 887.002 1020.266 140.85187
352.96 881.365 615.303 936.341 82.87576
354.14 1224.893 960.451 1360.43 66.1139
355.33 1066.38 846.765 1135.339 76.10359
356.51 890.154 642.748 907.318 93.51266
357.7 1304.987 1023.578 1319.79 95.00253
358.89 1074.405 817.136 1108.521 88.29175
360.07 1532.24 1247.242 1578.901 85.93106
361.26 1737.083 1492.982 1756.557 92.6117
362.44 1308.102 1073.26 1363.694 80.85912
363.63 1132.186 814.978 1250.37 72.85578
364.81 1138.705 874.256 1288.506 63.83789
366.0 889.941 629.683 966.712 77.2214
367.18 2299.487 1896.343 2359.114 87.11523
368.37 1177.562 798.427 1163.013 103.99061
369.55 1457.928 1083.732 1477.296 95.07881
370.74 1701.014 1240.225 1679.88 104.80711
371.92 1876.598 1536.943 1940.055 84.2581
373.11 1189.01 874.174 1243.065 85.34666
374.29 1033.029 727.452 1061.702 91.42169
375.48 1282.983 867.526 1328.476 90.13063
376.66 1162.5 803.764 1223.881 85.38942
377.84 1756.562 1345.927 1844.513 82.35995
379.03 1160.757 733.245 1230.13 86.03833
380.21 1009.297 648.578 1074.811 84.62946
381.39 910.64 454.052 1008.143 82.40297
382.58 1742.964 1166.748 1740.839 100.37017
383.76 1996.587 1508.033 2124.371 79.26722
384.94 2242.129 1619.642 2223.959 103.00669
386.13 1318.182 766.661 1266.731 110.28864
387.31 1598.184 934.937 1647.638 93.06094
388.49 1331.089 695.074 1474.103 81.64212
389.68 1703.556 1053.334 1788.467 88.44952
390.86 1736.228 942.321 1819.134 90.54461
392.04 2152.144 1341.604 2229.958 91.24066
393.22 1643.728 752.321 1677.134 96.38781
394.41 1628.761 762.062 1658.769 96.65358
395.59 1476.435 426.825 1514.342 96.51432
396.77 1914.179 870.12 1982.5 93.85815
397.95 1941.307 861.222 2051.171 90.76732
399.13 2280.801 1231.629 2416.125 88.57534
400.31 1959.445 803.734 2078.026 90.69436
401.5 2246.255 1086.469 2343.223 92.28423
402.68 2477.64 1132.052 2481.143 99.74029
403.86 2097.47 790.841 2201.884 92.60022
405.04 2666.33 1253.552 2782.122 92.42481
406.22 2150.998 782.488 2245.974 93.51027
407.4 2627.625 1139.325 2853.821 86.80686
408.58 2813.462 1296.472 2907.932 94.13763
409.76 2957.654 1377.014 3162.142 88.54495
410.94 2721.728 1071.821 2772.134 97.03549
412.12 2651.752 836.928 2742.992 95.2132
413.3 2537.771 804.206 2716.129 90.67132
414.48 2410.236 686.69 2582.086 90.93326
415.66 2756.001 846.54 2731.288 101.31122
416.84 3572.357 1734.2 3554.712 100.96926
418.02 2931.405 1026.901 3029.345 95.10898
419.2 2724.686 819.713 2781.046 97.12644
420.38 2935.521 939.318 3122.425 91.4386
421.56 2989.365 846.568 3035.165 97.90738
422.74 3551.376 1479.978 3680.349 94.1386
423.92 3377.571 1236.296 3499.466 94.61396
425.1 3035.236 880.69 3147.586 95.04386
426.28 3024.16 812.341 3101.863 96.60615
427.46 4142.868 1867.344 4131.572 100.49889
428.63 3166.031 1013.463 3296.785 94.2735
429.81 3290.024 1043.87 3448.74 93.40026
430.99 3372.087 1104.033 3604.871 90.69176
432.17 3947.859 1600.976 4007.119 97.53715
433.35 3661.723 1226.504 3801.495 94.57194
434.52 2962.311 517.774 3005.485 98.2645
435.7 3280.288 763.944 3347.534 97.39718
436.88 3739.65 1247.697 3912.503 93.51348
438.06 3697.089 945.309 3680.779 100.59627
439.23 3524.029 814.187 3635.878 96.0361
440.41 3934.997 1128.223 4072.15 95.34117
441.59 4164.349 1280.331 4219.259 98.13164
442.77 3719.891 816.175 3808.523 97.03803
443.94 4430.043 1263.649 4410.876 100.60901
445.12 4442.688 1302.488 4592.453 95.44782
446.3 4914.322 1652.684 4929.669 99.53165
447.47 4637.315 1265.591 4660.124 99.32808
448.65 4763.665 1323.658 5051.001 92.29111
449.82 4523.665 981.658 4633.501 96.99229
451.0 4890.229 1109.597 4982.541 97.61651
452.18 5039.809 1024.498 5168.578 96.8927
453.35 5230.836 1095.145 5395.668 96.16717
454.53 5394.824 1108.46 5521.077 97.13882
455.7 5464.78 917.075 5469.582 99.89452
456.88 6184.181 1576.896 6334.907 96.83216
458.05 6044.33 1201.052 6203.622 96.8158
459.23 5878.087 840.033 6012.872 97.39439
460.4 6490.336 1213.645 6698.668 96.20181
461.58 6839.889 1368.399 6986.616 97.38837
462.75 6619.688 920.488 6707.453 98.4834
463.93 7112.765 1293.113 7132.083 99.66916
465.1 7141.928 1147.732 7311.296 97.25211
466.28 7062.447 836.245 7099.609 99.40667
467.45 7076.836 753.145 7423.668 94.80053
468.63 7664.158 1198.065 8054.956 94.30066
469.8 8321.38 1508.53 8615.663 95.85933
470.97 8063.037 1016.056 8142.831 98.88037
472.15 8427.598 1255.178 8684.731 96.53904
473.32 8734.447 1385.245 9044.109 95.95681
474.49 9436.453 1596.338 9434.655 100.02294
475.67 9031.104 1180.271 9116.277 98.92674
476.84 9010.189 935.264 9161.36 98.1623
478.01 9607.859 1454.476 9788.119 97.83696
479.19 9644.991 1213.63 9915.604 96.89021
480.36 9739.711 1038.319 9834.404 98.92346
481.53 10026.46 1311.931 10236.2 97.64978
482.7 10184.29 1243.219 10415.941 97.47456
483.88 10142.799 993.588 10358.395 97.69781
485.05 10404.182 1163.396 10542.907 98.52097
486.22 10607.635 1204.47 10760.681 98.39847
487.39 10621.951 919.297 10659.924 99.61016
488.56 10828.202 1326.95 11099.951 97.21939
489.74 11425.147 1634.655 11744.772 96.83856
490.91 10933.048 1006.2 11088.19 98.46119
492.08 11047.202 1161.45 11344.451 97.08093
493.25 11170.819 1010.143 11266.938 99.06287
494.42 11534.092 1195.585 11633.186 99.05061
495.59 11430.627 1161.101 11347.229 100.81875
496.76 11439.744 1146.559 11782.539 96.77703
497.93 11968.196 1370.857 11975.405 99.93202
499.1 11894.041 1318.107 12094.146 98.14306
500.27 12565.763 1866.572 12625.852 99.44152
501.44 12424.882 2012.306 12511.57 99.17434
502.61 11728.876 1113.213 11912.024 98.30399
503.78 12049.686 1312.947 12427.222 96.60314
504.95 12798.903 1927.86 13074.114 97.53091
506.12 12293.357 1483.934 12602.388 97.22056
507.29 11789.977 997.668 12047.105 97.67292
508.46 12053.219 633.687 12112.856 99.48047
509.63 13491.719 1972.687 13488.356 100.0292
510.8 13490.826 1968.735 13609.483 98.98067
511.97 12816.847 1234.79 13305.027 95.9555
513.14 12915.387 834.858 12912.385 100.02486
514.31 13290.455 1533.614 13660.062 96.95206
515.48 13093.922 1162.874 13197.927 99.13582
516.65 13045.275 1094.758 13095.943 99.57781
517.81 13329.435 999.559 13167.518 101.33068
518.98 13822.332 1274.828 13791.529 100.24609
520.15 13147.88 784.265 13329.339 98.55354
521.32 13936.24 1327.242 14291.4 97.26045
522.49 15202.836 2226.88 15044.844 101.23258
523.65 14724.828 1927.011 15039.391 97.60103
524.82 14352.104 1242.271 14595.277 98.17888
525.99 14298.508 657.367 14265.51 100.24249
527.16 15108.338 1331.156 15329.251 98.42183
528.32 15094.684 1364.171 15375.314 97.99709
529.49 15051.411 1067.729 15271.566 98.45003
530.66 15081.003 608.05 15059.871 100.14622
531.82 15366.438 842.376 15255.156 100.77211
532.99 15701.299 946.588 16052.395 97.67576
534.16 16090.834 1044.104 16379.937 98.11486
535.32 16685.842 1503.473 16681.889 100.02604
536.49 16651.928 851.966 16728.973 99.51474
537.65 17702.932 1647.283 17814.111 99.3123
538.82 17365.813 822.55 17439.893 99.5542
539.99 18012.904 1215.136 18256.521 98.57044
541.15 18681.873 1388.937 18845.617 99.062
542.32 18693.285 778.402 18709.303 99.91067
543.48 19882.43 1470.742 19664.379 101.1985
544.65 20074.268 1604.124 20111.666 99.79793
545.81 21635.764 2196.072 22201.352 97.17281
546.98 21588.83 1139.287 21878.299 98.60423
548.14 22696.764 1557.572 22616.352 100.38185
549.31 22229.5 925.499 22535.057 98.58601
550.47 22930.357 1109.934 23259.889 98.51227
551.63 24395.934 1734.559 24572.518 99.2268
552.8 24707.982 1054.761 24695.152 100.05427
553.96 24418.742 1027.018 24477.809 99.74813
555.13 24753.443 1095.928 25045.971 98.77859
556.29 26359.572 1701.806 26438.049 99.68275
557.45 26029.232 907.373 26256.947 99.1017
558.62 26512.906 1256.912 26532.428 99.92277
559.78 27063.83 1430.287 27305.299 99.06679
560.94 28127.578 1132.399 27893.594 100.87434
562.11 28134.365 1057.303 28391.84 99.05806
563.27 27933.992 773.906 28327.512 98.5718
564.43 28446.049 651.976 28605.598 99.42924
565.59 29257.16 835.576 29441.039 99.35719
566.76 29497.104 1039.771 29812.277 98.9046
567.92 30656.539 1234.566 30447.914 100.71414
569.08 31471.559 1472.845 31358.551 100.37813
570.24 31420.004 1024.316 31587.695 99.45133
571.4 31505.414 818.505 31947.475 98.57991
572.57 31796.453 981.073 32060.33 99.15095
573.73 33144.094 706.861 33351.594 99.36437
574.89 32780.945 1065.204 33134.379 98.8979
576.05 34329.133 1225.694 34211.773 100.35578
577.21 33628.82 810.143 33633.438 99.98593
578.37 34025.234 598.925 34152.262 99.62142
579.53 35167.551 797.752 35345.504 99.48491
580.69 35328.973 1322.351 36328.469 97.1448
581.85 35826.809 1113.457 35875.848 99.85893
583.01 36185.586 1096.992 36358.641 99.50923
584.17 36527.484 1176.037 36684.059 99.55905
585.33 37046.508 1333.367 37089.012 99.88113
586.49 37638.918 1088.598 37534.02 100.28782
587.65 37119.59 1356.585 37827.188 98.05981
588.81 38046.301 1359.364 38187.801 99.61579
589.97 38042.477 1749.444 38298.512 99.29948
591.13 38561.711 1203.819 38559.902 100.00484
592.29 38492.195 1152.316 39193.176 98.1573
593.45 38314.449 975.797 38263.922 100.13551
594.61 38576.348 974.29 38652.027 99.79914
595.77 38439.32 919.418 38933.344 98.70041
596.93 38670.57 858.755 38457.734 100.56607
598.09 38571.043 1262.607 39183.645 98.38453
599.24 38862.609 1005.822 39146.09 99.25674
600.4 38885.918 1180.098 39324.02 98.85145
601.56 38671.965 1077.983 39772.016 97.15705
602.72 39815.707 1283.778 39916.172 99.73995
603.87 38544.906 1379.871 39325.695 97.94236
605.03 39481.207 1062.278 39978.172 98.72298
606.19 40297.215 1013.37 40235.719 100.15679
607.35 38342.195 868.316 38412.676 99.81227
608.5 41118.027 1451.922 41656.555 98.66053
609.66 39291.637 1915.246 39878.09 98.45519
610.82 39109.348 987.066 39827.434 98.15119
611.97 38899.574 999.306 39393.051 98.7147
613.13 39268.133 1501.153 38826.543 101.18308
614.29 39677.457 1428.89 39653.969 100.06145
615.44 39746.266 1609.848 39877.758 99.65639
616.6 38927.758 981.755 38666.715 100.6927
617.76 39431.043 1553.883 39462.051 99.9182
618.91 39491.109 1572.098 39633.0 99.6272
620.07 39783.645 1584.338 40462.633 98.25355
621.22 38846.609 872.822 39094.09 99.35251
622.38 40028.574 2023.306 40242.551 99.44013
623.53 38774.414 887.505 39150.973 99.01588
624.69 37993.465 996.258 39424.422 96.27628
625.84 38690.059 995.345 39245.551 98.54774
627.0 38994.523 1398.87 39587.738 98.44663
628.15 38493.035 818.79 38811.508 99.16175
629.31 39482.098 1199.678 39537.73 99.85489
630.46 37941.406 794.412 38478.93 98.57362
631.61 38704.672 1195.262 39394.129 98.19509
632.77 39500.77 1133.165 39081.898 101.10378
633.92 38057.586 1348.492 38807.641 97.99767
635.08 39153.398 1863.267 39023.07 100.35072
636.23 39085.078 1158.399 39014.094 100.18751
637.38 39235.664 745.393 39444.176 99.46119
638.54 39610.625 1562.101 40090.227 98.75519
639.69 40286.074 1854.582 40522.957 99.3874
640.84 39664.945 1302.472 40425.492 98.05601
641.99 39229.996 870.466 39348.039 99.69322
643.15 40545.551 1707.96 40674.59 99.66885
644.3 39499.102 913.454 40219.141 98.1681
645.45 38607.156 757.448 39276.691 98.26182
646.6 40056.211 1723.942 39482.242 101.52011
647.75 39923.262 988.935 40235.793 99.20368
648.91 38511.316 675.929 38627.344 99.69427
650.06 40199.867 1011.423 40480.895 99.28799
651.21 39825.422 1356.917 40454.445 98.39114
652.36 41079.477 1226.911 41564.496 98.7976
653.51 40585.027 895.405 40485.047 100.25254
654.66 40804.582 1117.899 40683.098 100.30705
655.81 41132.633 1402.893 41599.648 98.83818
656.96 41038.188 696.387 41494.699 98.88105
658.11 40901.242 1111.381 41527.25 98.45108
659.27 40694.793 1338.875 41410.801 98.21319
660.42 41833.848 827.369 42195.348 99.12614
661.57 41439.398 1244.363 42177.898 98.19586
662.72 41114.953 684.857 41365.949 99.38302
663.87 41152.504 677.851 41650.0 98.78577
665.01 41839.059 1122.345 42599.551 98.16648
666.16 42522.113 884.839 42831.602 99.26219
667.31 43655.164 932.333 44152.152 98.85009
668.46 43756.719 1611.827 44582.203 98.07895
669.61 44906.77 1002.821 45205.754 99.32361
670.76 44012.324 885.815 44848.305 98.09842
671.91 45777.379 1674.808 45945.855 99.61944
673.06 45589.43 1348.302 46260.406 98.50602
674.21 45576.984 722.296 45359.957 100.4862
675.35 45456.035 1151.29 44976.508 101.09418
676.5 46163.09 1092.784 46855.059 98.48791
677.65 45563.645 897.778 45309.109 100.57313
678.8 45996.195 684.772 46746.656 98.37076
679.94 46616.75 917.766 46943.707 99.28962
681.09 49382.301 1256.76 49671.758 99.40213
682.24 49033.855 1347.754 49220.809 99.60948
683.39 49845.91 861.248 50009.859 99.66642
684.53 51281.961 1380.742 51695.41 99.17827
685.68 52957.016 1154.736 53279.461 99.3814
686.83 50841.066 1227.73 51274.012 99.13491
687.97 51373.621 878.724 51072.063 100.60079
689.12 52657.672 923.218 52493.113 100.3191
690.27 52077.227 786.712 52814.664 98.58261
691.41 51627.281 1340.706 52109.215 99.05072
692.56 52357.332 1192.2 53431.266 97.94419
693.7 51902.887 1125.194 52275.316 99.27189
694.85 52198.438 726.688 53831.367 96.92507
695.99 53243.492 1215.182 53286.918 99.9166
697.14 55215.547 1093.676 55459.965 99.55042
698.28 52818.098 1249.169 53895.516 97.95348
699.43 53221.652 1183.163 53765.066 98.96654
700.57 53681.203 698.157 54502.617 98.47333
701.72 52499.758 829.151 53611.168 97.89434
702.86 53621.313 624.145 54756.219 97.90345
704.01 54933.363 849.139 55011.77 99.85524
705.15 57214.418 1351.633 57276.82 99.88842
706.29 53900.969 979.627 53834.371 100.126
707.44 56228.523 1117.621 57186.422 98.29157
708.58 56223.578 759.115 56656.973 99.22467
709.72 56238.629 1652.609 56387.023 99.72888
710.87 56257.684 633.603 56811.574 99.01404
712.01 56378.234 876.097 56930.625 99.01455
713.15 56585.289 1090.591 57445.676 98.47328
714.3 58045.84 1242.085 58236.223 99.66596
715.44 58816.895 913.579 59205.773 99.33288
716.58 57608.949 1166.573 58115.824 99.10995
717.72 56864.5 704.567 57891.375 98.20435
718.87 57345.055 927.061 57335.426 100.01707
720.01 58926.105 834.555 59235.477 99.47026
721.15 57305.66 570.549 57304.527 100.002
722.29 57623.715 1169.042 57845.078 99.60942
723.43 57543.266 1287.036 58928.129 97.59744
724.57 57774.32 1055.53 57864.68 99.84094
725.72 58090.371 882.024 58990.73 98.45056
726.86 57538.926 1464.518 57626.281 99.84446
728.0 58939.48 826.512 59164.332 99.61457
729.14 58947.531 758.506 59548.883 98.97713
730.28 60387.586 1266.0 59959.934 100.72861
731.42 59603.137 612.994 59466.984 100.23134
732.56 61111.191 1535.988 61504.031 99.34492
733.7 59967.746 1135.982 59727.082 100.41075
734.84 58526.797 601.476 59133.133 98.96409
735.98 59827.852 972.47 60925.184 98.16967
737.12 58472.902 664.464 59174.234 98.80134
738.26 58409.457 786.458 58674.785 99.54166
739.4 59713.508 1009.952 60203.336 99.1725
740.53 58515.563 1234.946 59079.387 99.02528
741.67 58956.117 1050.44 59032.938 99.86751
742.81 59215.668 540.934 59024.488 100.32689
743.95 60195.723 995.928 59168.539 101.76575
745.09 59800.273 740.422 59995.09 99.67122
746.23 58725.828 1222.416 59953.141 97.91027
747.36 59927.883 1279.409 61276.191 97.7527
748.5 59655.934 794.903 61611.742 96.7841
749.64 57924.988 839.397 58732.793 98.60467
750.78 59645.539 758.391 59515.84 100.22074
751.92 59693.094 890.885 60904.891 97.98081
753.05 59702.148 921.379 59285.941 100.71312
754.19 58565.699 1394.873 58359.992 100.36111
755.33 59101.754 583.867 59226.043 99.78806
756.46 57409.305 1001.861 58310.594 98.42731
757.6 56675.859 692.855 57365.645 98.78286
758.74 57405.914 1356.349 58071.195 98.82697
759.87 57604.965 778.843 57201.746 100.71464
761.01 56858.52 486.837 56824.297 100.06075
762.14 56354.57 566.831 57044.848 98.77779
763.28 56459.625 799.325 57173.898 98.73299
764.41 56673.18 626.819 57182.949 99.09865
765.55 56204.73 203.813 56357.5 99.72794
766.69 57009.285 808.307 56586.051 100.75879
767.82 55949.336 893.301 56138.602 99.65741
768.95 54238.891 586.295 54162.148 100.14324
770.09 56170.441 1378.288 56006.699 100.29974
771.22 54835.996 1400.782 54892.75 99.8939
772.36 53767.551 1263.776 54256.301 99.0777
773.49 53952.602 1225.77 54383.852 99.18874
774.63 52088.656 851.264 52321.402 99.5478
775.76 54642.707 751.258 54885.953 99.55067
776.89 52676.762 1144.252 53674.004 98.10157
778.03 53227.316 972.246 52336.555 101.7342
779.16 52712.867 617.74 52877.105 99.68572
780.29 50859.922 947.234 51847.656 98.05948
781.43 50931.973 1312.728 51423.707 99.01871
782.56 50911.527 930.222 50899.258 100.02455
783.69 48731.082 607.716 49748.309 97.92997
784.82 50349.133 785.21 49614.859 101.50375
785.96 49938.688 712.204 49471.906 100.95731
787.09 49232.238 770.698 49026.457 100.42644
788.22 49799.793 916.692 50007.508 99.57688
789.35 48010.348 579.186 48530.559 98.91513
790.48 47498.398 714.18 47772.109 99.41835
791.62 47906.453 1073.174 48850.16 98.02477
792.75 47135.504 489.668 47627.211 98.95687
793.88 47005.059 1236.661 47463.762 99.00772
795.01 46208.609 876.155 47340.313 97.56435
796.14 45863.664 907.649 46555.363 98.4847
797.27 45728.219 968.643 46124.914 99.12151
798.4 45652.27 760.637 46249.465 98.68716
799.53 45646.324 523.631 45430.516 100.48057
800.66 46044.375 754.625 46188.066 99.68373
801.79 45450.93 1929.619 45467.117 99.96282
802.92 43668.984 635.113 44036.668 99.15283
804.05 43700.035 860.607 43972.215 99.36866
805.18 44330.59 673.101 43939.266 100.90446
806.31 44464.641 668.595 44797.316 99.24612
807.44 43541.195 407.589 44292.867 98.28719
808.57 43997.25 828.583 44442.918 98.97816
809.69 43072.801 835.577 43361.969 99.32003
810.82 42394.355 268.071 41910.02 101.1631
811.95 41711.906 1536.065 41944.07 99.42545
813.08 41413.961 473.559 41414.121 99.99961
814.21 41603.516 1475.053 42449.672 97.93493
815.33 40729.566 639.547 40711.223 100.04578
816.46 40439.621 636.541 40607.773 99.57932
817.59 39368.672 1161.535 40373.324 97.43788
818.72 40641.727 833.529 40714.875 99.81658
819.84 40269.777 1317.022 40060.926 100.53906
820.97 39170.332 903.016 39603.477 98.88078
822.1 37621.887 1023.01 38340.023 98.07558
823.22 36739.938 325.504 36958.574 99.40317
824.35 36797.492 403.998 37744.125 97.46484
825.48 35851.543 1032.992 35852.676 99.99675
826.6 35496.598 643.986 35570.727 99.78776
827.73 35095.152 224.48 35839.777 97.90926
828.85 33849.703 622.974 33744.328 100.31815
829.98 35103.258 1010.468 34808.879 100.87098
831.11 35459.809 391.462 35855.93 98.88305
832.23 35084.863 346.956 35085.48 99.99822
833.36 33989.918 941.45 34406.031 98.75656
834.48 33561.969 594.944 33802.582 99.27543
835.6 33835.523 857.438 34297.633 98.6181
836.73 32885.574 307.432 33055.184 99.48207
837.85 33539.629 882.926 34044.734 98.47685
838.98 32160.182 228.92 32408.783 99.22746
840.1 32938.234 732.414 32830.832 100.3346
841.23 33862.789 753.908 33475.883 101.1824
842.35 32448.842 1165.401 33288.434 97.38632
843.47 31512.395 605.895 31556.984 99.85593
844.6 30978.947 315.389 31638.035 97.89581
845.72 32331.0 495.383 31882.586 101.42865
846.84 31537.053 469.377 31296.137 100.78152
847.96 31005.607 464.371 31899.188 97.15736
849.09 30920.16 390.865 31533.738 98.0298
850.21 30377.213 579.859 30625.289 99.17433
851.33 30404.766 758.353 30542.34 99.53809
852.45 30790.318 340.347 31219.389 98.61048
853.57 30285.371 623.841 30644.939 98.80228
854.7 28708.426 379.335 29228.99 98.1956
855.82 29106.979 343.829 29296.541 99.34527
856.94 29925.031 853.823 29967.092 99.85553
858.06 29270.084 177.817 28879.643 101.36034
859.18 29238.137 762.311 29481.693 99.15194
860.3 28496.191 546.305 28860.744 98.71248
861.42 27950.744 116.799 28400.293 98.41056
862.54 28823.297 215.793 28931.844 99.622
863.66 29478.85 289.287 29698.395 99.25348
864.78 27623.402 524.781 27900.445 98.988
865.9 27591.455 640.775 27936.496 98.73592
867.02 30429.51 1717.268 30186.547 100.85342
868.14 29264.563 1258.262 29551.598 98.9855
869.26 28581.115 838.256 28394.148 100.6785
870.38 27200.668 153.75 27413.697 99.21853
871.5 26182.721 173.244 27025.248 96.86233
872.62 25489.275 293.738 26275.799 96.97282
873.74 26616.328 969.232 26843.35 99.12259
874.85 27502.604 343.229 27284.625 100.80908
875.97 26451.604 580.729 26137.625 101.22855
877.09 26156.604 688.229 26464.125 98.80694
878.21 26107.604 503.729 25988.125 100.46883
879.33 25813.104 660.729 26136.125 98.73203
880.44 24858.104 575.229 24863.625 99.97727
881.56 25092.104 427.729 25675.625 97.68883
882.68 25315.104 580.229 26322.125 96.08801
883.79 25671.604 1213.229 25927.625 98.96408
884.91 24824.604 221.229 24993.125 99.31971
886.03 25824.104 674.729 25612.125 100.85004
887.14 24885.604 931.229 24933.625 99.79993
888.26 24418.104 1007.729 24240.125 100.76608
889.38 24740.104 845.729 25052.625 98.70896
890.49 25173.604 136.729 25526.125 98.61154
891.61 25982.104 593.729 25815.625 100.66006
892.72 25522.604 263.229 25648.625 99.50357
893.84 26359.104 113.229 25860.125 101.93801
894.95 26443.604 175.229 26487.625 99.8327
896.07 26134.604 370.729 26107.125 100.10677
897.18 26456.604 593.229 26594.125 99.47109
898.3 25520.104 161.229 25740.125 99.13983
899.41 25435.604 793.729 25713.125 98.88632
900.53 24802.604 558.729 25628.125 96.70705
901.64 25529.104 651.729 25970.625 98.25616
902.75 26234.104 457.229 26757.625 98.00945
903.87 25131.604 289.729 25484.625 98.59884
904.98 24648.604 658.729 24654.625 99.97491
906.09 24601.604 401.729 24634.625 99.86373
907.21 23847.104 637.229 23786.125 100.26342
908.32 23493.604 340.729 23721.125 99.02687
909.43 24754.604 800.229 24497.625 101.08442
910.54 23878.104 539.229 24454.125 97.59137
911.66 25012.104 1471.729 24663.125 101.50478
912.77 22984.604 286.229 22537.125 102.01106
913.88 23017.104 472.729 23485.625 97.96409
914.99 22659.104 275.229 22674.625 99.93071
916.1 22169.104 517.729 22313.625 99.33693
917.22 21507.604 238.229 21503.125 100.02106
918.33 22445.604 849.229 22336.125 100.50951
919.44 22899.604 479.229 23368.125 97.95306
920.55 21699.104 980.229 22042.625 98.36903
921.66 20796.604 674.729 21028.125 98.86249
922.77 21685.604 655.729 21377.625 101.48625
923.88 21766.104 898.729 21208.125 102.74739
924.99 20209.104 604.229 20226.125 99.91325
926.1 19256.104 110.229 19644.625 98.01109
927.21 20414.604 955.229 20969.625 97.22689
928.32 18724.104 60.729 18987.625 98.60769
929.43 17868.604 464.729 17910.125 99.76199
930.54 18126.604 316.229 17962.125 100.93211
931.65 19011.604 384.229 18848.625 100.88266
932.76 18274.104 547.729 18294.625 99.88437
933.86 16634.104 427.229 16937.125 98.16461
934.97 15810.104 283.729 15978.125 98.92942
936.08 15973.604 262.729 15670.125 101.9697
937.19 15289.104 837.729 15335.625 99.67912
938.3 13832.104 635.229 13961.625 99.02809
939.4 12988.104 851.229 13430.625 96.48218
940.51 11734.604 413.229 11857.625 98.92506
941.62 11403.604 578.229 11275.625 101.19636
942.73 11355.604 1341.729 11535.625 98.23404
943.83 10431.604 498.229 10521.625 99.1019
944.94 10593.604 468.729 10586.625 100.06898
946.05 10058.104 -8.771 9940.125 101.18586
947.15 10169.104 95.229 10235.625 99.344
948.26 10344.104 401.229 10564.625 97.83025
949.36 10580.604 214.229 10854.125 97.42929
950.47 12153.604 474.229 12382.125 98.08093
951.57 12471.604 1038.229 12525.625 99.52974
952.68 12156.104 710.229 12094.625 100.54003
953.79 12044.604 668.229 12134.625 99.21492
954.89 11668.104 335.729 11492.625 101.57283
955.99 12320.604 626.229 12270.125 100.43353
957.1 12277.604 366.729 12352.625 99.37409
958.2 12597.604 417.729 12489.125 100.89865
959.31 12718.604 650.229 13240.625 95.85382
960.41 12470.604 240.729 12570.625 99.1888
961.52 12518.104 157.229 12546.625 99.7698
962.62 12857.104 591.229 13187.625 97.37607
963.72 12937.604 115.229 13626.625 94.90045
964.83 12494.604 37.229 12657.125 98.71219
965.93 12262.604 561.729 12517.125 97.87108
967.03 12937.604 847.229 12935.125 100.02051
968.13 13073.104 667.729 13069.125 100.03209
969.24 12627.104 262.229 12850.125 98.22829
970.34 11834.604 359.229 11852.625 99.84321
971.44 12071.604 443.729 12252.125 98.47125
972.54 12326.604 525.229 12481.125 98.70758
973.64 12213.604 240.729 12050.125 101.38432
974.75 13327.604 1283.729 12918.625 103.51511
975.85 15600.604 3546.729 15501.125 100.83216
976.95 12197.604 311.729 12315.625 99.01681
978.05 12164.104 634.729 12609.625 96.27955
979.15 12241.604 1091.229 12670.125 96.29912
980.25 11523.604 229.729 11239.625 102.57931
981.35 11655.104 291.229 11579.125 100.67311
982.45 12413.604 1123.729 12052.625 103.30298
983.55 11587.104 772.729 11245.625 103.2606
984.65 11333.104 583.729 11410.125 99.28859
985.75 10926.604 826.229 10988.625 99.38971
986.85 11088.604 594.729 11181.125 99.12604
987.95 10689.104 310.229 10922.125 97.80416
989.05 11207.604 951.729 11134.625 100.71669
990.15 10646.604 770.229 10673.625 99.72716
991.25 10448.104 548.729 10309.625 101.41872
992.34 10731.604 974.229 10804.125 99.26225
993.44 9884.604 597.229 9851.125 100.36179
994.54 9533.104 486.729 9829.625 96.82625
995.64 10012.604 909.729 10093.125 99.12319
996.74 10326.604 1008.729 10399.125 99.22772
997.83 8848.104 180.229 8810.625 100.43427
998.93 8684.104 469.729 8526.625 101.95459
1000.03 10095.104 1488.229 10064.125 100.36124
1001.12 9025.104 950.729 9133.625 98.67381
1002.22 9118.604 1006.729 9446.125 96.11915
1003.32 8433.104 398.229 8497.125 99.20952
1004.41 8073.104 633.729 8140.125 99.10715
1005.51 7850.104 569.229 7961.625 98.49141
1006.6 7554.104 331.229 7491.625 100.87256
1007.7 7729.604 786.729 7732.125 99.9637
1008.8 6799.104 167.229 6967.125 97.52907
1009.89 7225.104 720.229 7386.125 97.58441
1010.99 7058.604 591.729 7048.625 100.15455
1012.08 7437.104 186.229 7296.125 101.98286
1013.18 8132.104 486.229 8030.125 101.35181
1014.27 8325.104 395.229 8184.625 101.80347
1015.36 8554.104 476.229 8311.625 103.09467
1016.46 8712.104 544.229 8542.625 102.11892
1017.55 7705.104 292.729 7864.625 97.89325
1018.65 7826.104 581.729 8065.125 96.80598
1019.74 7477.104 772.229 7645.125 97.55531
1020.83 7271.104 618.229 7416.125 97.86668
1021.93 6878.104 498.229 7189.125 95.35158
1023.02 6690.604 175.729 6664.625 100.40036
1024.11 6176.604 203.229 6349.125 97.19291
1025.2 5942.104 175.229 5929.125 100.22557
1026.3 6286.604 654.729 6321.625 99.38201
1027.39 6313.104 817.729 6383.125 98.74185
1028.48 5773.104 642.729 5979.625 96.13032
1029.57 5630.604 436.229 5648.625 99.65427
1030.66 5480.104 572.729 5449.625 100.62497
1031.75 6639.604 1766.729 6494.125 103.07736
1032.84 5676.104 792.729 5607.625 101.42223
1033.94 5170.104 238.729 4971.625 104.19361
1035.03 5534.104 896.729 5472.625 101.34354
1036.12 4411.104 162.729 4471.125 98.60688
1037.21 4602.104 235.729 4562.125 100.92407
1038.3 4804.604 662.229 4776.125 100.69226
1039.39 4268.104 244.729 4211.625 101.42376
1040.48 4391.104 631.729 4306.625 102.29881
1041.57 4433.104 702.229 4288.125 104.04303
1042.66 4245.104 562.229 4219.625 100.69664
1043.74 4304.104 663.729 4464.625 95.77676
1044.83 4133.104 699.229 4136.625 99.89757
1045.92 3637.104 210.229 3480.125 104.80074
1047.01 3909.604 782.229 3992.625 97.414
1048.1 3152.604 187.729 3207.125 98.19432
1049.19 3551.104 545.729 3552.125 99.96605
1050.27 3319.104 426.729 3331.125 99.58612
1051.36 3331.604 469.229 3256.125 102.70836
1052.45 3298.104 680.229 3290.625 100.28652
1053.54 3303.104 567.229 3351.125 98.27505
1054.62 3216.104 690.729 3322.625 95.9527
1055.71 3045.604 601.729 3071.625 98.94648
1056.8 3146.604 860.229 3193.125 98.00588
1057.88 2791.104 435.729 2865.125 96.95312
1058.97 2834.604 495.729 2820.625 100.60128
1060.06 3256.104 1025.729 3225.625 101.38549
1061.14 2619.104 500.729 2643.625 98.85572
1062.23 3825.604 1947.229 3872.625 97.55787
1063.31 2600.104 681.729 2741.625 93.12971
1064.4 2286.104 387.729 2366.625 95.93103
1065.48 2506.604 598.729 2542.125 98.17223
1066.57 2420.104 486.229 2459.125 98.02216
1067.65 2580.104 701.729 2547.125 101.78711
1068.74 2301.104 490.729 2200.625 105.87634
1069.82 2231.104 663.729 2190.625 102.65108
1070.9 4042.604 2472.229 4081.125 97.60576
1071.99 2296.604 714.229 2298.625 99.87246
1073.07 2151.104 699.229 2170.125 98.70686
1074.15 2217.604 661.229 2277.625 96.28675
1075.24 1993.104 662.229 2013.125 98.51796
1076.32 2158.104 703.229 2156.625 100.10178
1077.4 2593.104 1180.229 2652.125 95.99015
1078.49 1715.604 362.229 1689.625 101.95715
1079.57 2142.604 787.229 2097.125 103.47197
1080.65 2270.604 1155.729 2278.125 99.32994
1081.73 1758.104 596.729 1754.625 100.30047
1082.81 1632.104 379.729 1603.125 102.36874
1083.89 1886.604 705.229 1898.625 98.99272
1084.98 1867.104 714.729 1901.625 97.0915
1086.06 1402.104 348.229 1418.125 98.50258
1087.14 1503.104 399.729 1524.125 98.13047
1088.22 1720.104 636.729 1734.125 98.72235
1089.3 1318.104 339.229 1342.625 97.55621
1090.38 2277.104 1283.229 2283.625 99.34818
1091.46 1671.104 821.729 1708.625 95.76942
1092.54 1396.604 461.729 1484.625 91.39493
1093.62 1454.104 540.229 1456.625 99.72491
1094.7 1220.604 390.229 1254.125 96.1198
1095.78 1472.604 571.229 1413.125 107.0649
1096.86 1477.104 751.229 1541.625 91.83689
1097.93 2196.104 1432.729 2117.625 111.45857
1099.01 1803.604 948.729 1681.625 116.64345
1100.09 1234.104 412.729 1219.625 101.79442
