196.55 762.267 972.948 1339.379 -57.49543
197.76 1052.33 1427.472 1995.603 -66.03081
198.96 1015.588 1340.45 1803.191 -70.20397
200.16 681.038 796.077 1227.164 -26.68588
201.36 1060.564 1587.379 2062.06 -110.98297
202.56 778.262 990.115 1401.163 -51.53973
203.76 703.967 849.94 1265.984 -35.08575
204.96 745.672 932.264 1411.806 -38.91045
206.16 612.84 712.367 946.298 -42.54497
207.36 922.125 1181.173 1687.519 -51.16004
208.56 806.733 1052.507 1476.29 -57.99529
209.76 542.988 637.704 982.138 -27.49921
210.96 680.095 888.539 1380.408 -42.37776
212.16 1398.83 2056.997 2537.841 -136.87754
213.36 877.803 1126.644 1600.47 -52.51747
214.56 683.129 890.479 1274.997 -53.9248
215.76 1263.967 1834.94 2402.485 -100.60394
216.96 1066.581 1568.862 2050.473 -104.29186
218.16 777.776 985.792 1447.599 -45.04385
219.35 652.518 716.838 1152.749 -14.75537
220.55 718.26 872.359 1328.661 -33.77147
221.75 674.958 810.596 1150.265 -39.93238
222.95 1044.736 1461.314 1932.768 -88.36012
224.15 795.693 1090.029 1574.459 -60.75922
225.35 664.048 782.472 1287.36 -23.45551
226.55 648.438 792.831 1188.111 -36.52946
227.75 918.236 1378.814 1879.768 -91.94004
228.94 876.488 1122.204 1555.138 -56.75619
230.14 760.441 919.113 1379.351 -34.476
231.34 650.974 847.028 1265.702 -46.82727
232.54 622.216 780.549 1133.115 -44.90892
233.74 605.662 805.869 1171.11 -54.8151
234.93 646.807 791.951 1221.947 -33.7548
236.13 712.498 951.574 1439.095 -49.03906
237.33 702.361 930.131 1313.452 -59.42033
238.53 696.501 887.381 1239.073 -54.27444
239.72 962.071 1373.993 1901.015 -78.16009
240.92 533.666 562.676 918.088 -8.16248
242.12 920.656 1152.807 1622.13 -49.46495
243.31 641.142 755.63 1186.695 -26.5594
244.51 520.152 627.0 952.653 -32.81031
245.71 935.115 1278.803 1722.062 -77.53662
246.9 1154.652 1688.0 2212.153 -101.75425
248.1 729.128 950.954 1448.759 -44.56067
249.3 696.219 982.33 1398.854 -68.69026
250.49 714.018 893.313 1321.511 -41.87201
251.69 804.36 1049.106 1539.214 -49.93701
252.89 776.205 916.154 1388.919 -29.60218
254.08 546.988 579.204 954.138 -8.59259
255.28 720.226 976.919 1400.072 -60.66186
256.47 514.045 577.666 955.382 -16.84352
257.67 864.498 1159.099 1530.833 -79.25049
258.86 916.703 1172.898 1590.417 -61.3615
260.06 725.477 917.809 1356.442 -43.84805
261.26 1031.176 1459.546 1914.546 -94.1472
262.45 726.377 939.063 1294.389 -59.85665
263.65 550.746 565.158 907.488 -4.20997
264.84 856.514 1081.531 1469.771 -57.9583
266.04 646.205 804.154 1217.419 -38.21973
267.23 486.286 487.661 823.556 -0.40943
268.42 600.619 706.584 1015.802 -34.26907
269.62 723.763 882.641 1322.401 -36.12831
270.81 719.85 959.736 1397.256 -54.82852
272.01 738.796 923.056 1333.752 -44.86527
273.2 865.336 1164.034 1567.583 -74.01785
274.4 576.461 664.852 908.767 -36.23842
275.59 843.823 1028.883 1499.385 -39.33252
276.78 702.649 892.718 1361.913 -40.50977
277.98 638.252 772.746 1191.206 -32.14009
279.17 635.948 903.201 1285.069 -69.9857
280.37 646.272 837.985 1198.621 -53.15955
281.56 467.686 528.915 926.504 -15.40024
282.75 485.451 617.508 1021.047 -32.72455
283.95 631.068 801.186 1237.537 -38.98646
285.14 675.148 863.193 1247.675 -48.90855
286.33 561.494 700.267 1012.118 -44.49977
287.52 753.497 948.548 1368.358 -46.46181
288.72 829.87 1136.95 1615.434 -64.17764
289.91 1005.202 1410.373 1957.179 -74.09764
291.1 797.434 1007.024 1453.634 -46.92928
292.29 729.562 997.623 1395.057 -67.44804
293.49 737.172 1044.239 1446.568 -76.32226
294.68 601.38 729.845 997.629 -47.97302
295.87 660.82 803.102 1201.145 -35.7454
297.06 776.283 940.38 1418.817 -34.29859
298.26 421.487 420.179 733.9 0.41709
299.45 657.642 789.13 1098.195 -42.54391
300.64 671.76 822.859 1190.661 -41.08187
301.83 731.974 857.028 1294.202 -28.60501
303.02 584.542 630.384 1057.142 -10.74203
304.21 888.653 1123.525 1573.39 -52.20959
305.4 667.219 875.356 1160.092 -73.09797
306.59 735.545 920.166 1316.882 -46.5372
307.79 601.756 803.053 1187.683 -52.33504
308.98 520.941 579.113 932.851 -16.44487
310.17 827.244 966.081 1430.275 -29.9093
311.36 673.342 857.597 1178.563 -57.40621
312.55 1054.527 1560.657 2066.731 -100.011
313.74 526.041 584.359 957.404 -15.63283
314.93 819.233 1009.007 1474.29 -40.78682
316.12 618.917 787.067 1192.958 -41.42724
317.31 395.138 406.823 740.217 -3.50486
318.5 483.041 574.859 920.404 -26.57176
319.69 641.857 830.799 1262.736 -43.74295
320.88 597.229 736.225 1134.55 -34.89517
322.07 503.534 607.271 993.686 -26.84572
323.26 541.058 607.342 935.817 -20.17911
324.45 454.686 447.415 793.504 2.10074
325.64 673.293 766.749 1195.274 -21.80891
326.83 755.934 996.024 1395.634 -60.08132
328.01 599.427 738.436 1110.916 -37.31995
329.2 791.256 976.053 1403.683 -43.21407
330.39 599.283 727.38 1086.817 -35.63828
331.58 493.105 542.908 969.366 -11.6783
332.77 925.078 1253.081 1742.233 -67.05532
333.96 422.098 448.82 671.648 -11.99205
335.15 514.749 524.964 868.466 -2.97383
336.33 518.105 590.908 878.866 -25.28251
337.52 591.185 719.415 1040.504 -39.93592
338.71 593.588 710.45 1050.191 -34.3975
339.9 571.668 614.932 995.09 -11.38043
341.08 618.729 688.2 1067.812 -18.30052
342.27 688.37 879.475 1376.672 -38.43649
343.46 840.77 1063.729 1446.619 -58.23067
344.65 755.77 897.229 1356.119 -30.82642
345.83 809.592 983.257 1460.668 -36.37647
347.02 460.172 470.264 791.306 -3.14346
348.21 823.119 1021.584 1513.302 -40.36179
349.4 492.531 462.989 862.946 7.3863
350.58 579.457 718.045 1108.789 -35.46766
351.77 479.162 575.369 941.11 -26.30476
352.96 404.159 324.088 698.37 21.39317
354.14 581.306 619.926 1114.21 -7.81318
355.33 473.642 536.13 920.695 -16.24907
356.51 390.061 387.098 701.82 0.94158
357.7 614.913 679.734 1173.743 -13.12152
358.89 486.971 511.721 949.225 -5.65723
360.07 737.642 915.105 1399.957 -36.60147
361.26 837.839 1061.79 1572.085 -43.88661
362.44 616.335 733.483 1177.108 -26.40706
363.63 482.597 481.743 950.435 0.18204
364.81 558.093 531.437 1069.458 4.95453
366.0 385.019 276.518 729.538 23.95071
367.18 1103.288 1403.392 2092.821 -43.52926
368.37 439.023 529.85 875.253 -26.29582
369.55 644.98 737.065 1246.445 -18.07792
370.74 754.061 911.572 1458.582 -28.79503
371.92 844.322 1158.332 1668.41 -61.56132
373.11 582.422 476.078 1016.963 19.66115
374.29 413.919 421.772 908.985 -1.61178
375.48 517.275 531.741 1060.623 -2.73516
376.66 438.077 441.53 902.257 -0.74939
377.84 733.023 953.85 1582.253 -35.14091
379.03 457.319 405.051 908.67 10.37846
380.21 369.131 332.184 747.024 8.90618
381.39 381.453 266.212 675.074 28.18569
382.58 676.279 816.548 1409.101 -23.67194
383.76 895.977 1148.784 1715.705 -44.59299
384.94 915.108 1254.164 1936.868 -49.66371
386.13 398.084 426.593 963.237 -5.31246
387.31 576.403 618.339 1185.047 -7.40009
388.49 470.171 474.688 1029.093 -0.81473
389.68 638.191 637.952 1263.246 0.03821
390.86 583.852 567.466 1204.521 2.57214
392.04 788.591 982.706 1677.693 -27.9308
393.22 518.852 445.466 1111.021 11.02629
394.41 478.332 473.202 1085.367 0.83802
395.59 325.812 193.463 865.952 19.6805
396.77 531.39 552.689 1295.349 -2.86794
397.95 619.601 637.576 1375.151 -2.43703
399.13 693.269 792.678 1560.643 -12.94451
400.31 547.657 447.511 1233.657 12.73884
401.5 680.0 626.304 1514.36 6.04643
402.68 675.453 734.712 1616.074 -6.72365
403.86 585.111 434.445 1296.108 17.48543
405.04 736.735 807.263 1861.292 -6.69122
406.22 480.758 367.783 1341.448 11.60309
407.4 669.095 697.013 1747.671 -2.65724
408.58 803.96 814.301 1875.791 -0.9742
409.76 892.436 947.755 2029.398 -5.11432
410.94 644.352 624.466 1721.521 1.81267
412.12 625.806 502.9 1505.972 12.25292
413.3 568.802 359.093 1500.994 18.36489
414.48 537.004 371.111 1363.838 16.71079
415.66 617.396 445.277 1491.567 16.45046
416.84 1049.383 1233.1 2392.132 -15.85098
418.02 714.346 623.378 1795.303 7.76222
419.2 583.722 419.586 1512.357 15.02011
420.38 693.393 583.97 1792.589 9.05353
421.56 659.034 427.245 1581.949 20.07345
422.74 941.879 1081.794 2295.154 -11.53116
423.92 908.175 865.995 2097.57 3.42488
425.1 618.504 464.111 1706.838 12.42369
426.28 649.893 405.995 1712.327 18.67043
427.46 1161.353 1356.492 2799.259 -13.52534
428.63 751.863 571.861 2000.716 12.5976
429.81 781.031 687.964 1968.209 7.26947
430.99 847.977 754.784 2180.705 6.53564
432.17 1077.702 1145.347 2523.941 -4.90685
433.35 953.339 827.316 2288.823 8.62286
434.52 545.239 155.069 1442.77 30.2997
435.7 714.604 376.383 1827.128 23.31365
436.88 935.923 840.104 2306.7 6.53343
438.06 751.296 552.531 2072.014 13.0811
439.23 737.044 399.115 1956.406 21.6998
440.41 857.383 594.126 2298.869 15.44264
441.59 988.732 828.456 2548.315 9.31912
442.77 784.487 276.679 1951.4 30.32197
443.94 1035.027 760.657 2663.231 14.421
445.12 1012.541 769.833 2568.167 13.49624
446.3 1206.084 1093.118 2946.475 6.09521
447.47 1075.252 666.72 2632.968 20.77722
448.65 1107.406 720.646 2715.525 19.38764
449.82 974.406 500.146 2418.525 24.72192
451.0 999.671 609.213 2599.83 19.61493
452.18 971.92 476.823 2644.96 22.83514
453.35 1020.567 530.16 2753.3 22.05921
454.53 1063.903 558.865 2819.285 22.34267
455.7 987.453 334.238 2713.311 27.45671
456.88 1282.208 945.935 3424.159 13.56911
458.05 1219.235 591.763 3040.792 25.62127
459.23 1019.477 315.784 2806.205 28.25599
460.4 1188.067 580.16 3298.8 22.36071
461.58 1301.668 719.432 3462.09 21.2289
462.75 1120.041 315.333 3204.667 27.85097
463.93 1288.97 628.696 3520.987 22.82877
465.1 1299.48 525.065 3629.945 24.94186
466.28 1148.601 218.101 3243.888 30.75233
467.45 1146.067 146.66 3291.8 31.77624
468.63 1428.074 523.249 3846.018 27.23107
469.8 1596.517 870.287 4222.273 21.66565
470.97 1410.695 405.259 3823.724 29.41191
472.15 1516.947 595.675 4138.332 26.00511
473.32 1615.601 704.601 4322.388 25.18114
474.49 1773.933 859.499 4671.896 23.98582
475.67 1534.779 507.573 4177.839 27.98724
476.84 1526.36 327.08 4088.476 31.88389
478.01 1733.702 636.347 4688.941 27.07783
479.19 1688.551 548.728 4557.862 28.43065
480.36 1634.675 309.02 4472.808 31.83771
481.53 1835.266 596.897 4836.903 29.20677
482.7 1760.923 497.129 4733.938 29.82892
483.88 1646.575 275.774 4583.755 31.82002
485.05 1707.708 361.935 4823.659 30.16263
486.22 1919.565 478.405 4938.797 32.31016
487.39 1729.239 333.595 4795.508 31.27906
488.56 1846.524 485.876 5021.991 29.99589
489.74 2138.729 897.2 5619.313 26.29181
490.91 1804.665 242.651 4990.851 32.89698
492.08 1907.024 375.876 5230.491 31.54005
493.25 1873.89 278.714 5092.587 33.13706
494.42 2026.615 476.778 5228.824 32.6141
495.59 1917.414 417.26 5317.48 30.614
496.76 2067.655 465.756 5367.155 32.68249
497.93 2119.692 610.478 5616.483 30.14807
499.1 2188.333 572.753 5591.843 32.18871
500.27 2413.776 1040.792 6267.099 26.27064
501.44 2535.336 1228.534 6296.083 25.78765
502.61 2003.504 423.137 5408.076 31.70284
503.78 2163.347 629.929 5761.278 29.88332
504.95 2589.652 1123.474 6516.415 27.18697
506.12 2269.008 696.943 5888.053 30.28378
507.29 2037.068 335.186 5433.538 33.38102
508.46 2009.326 32.165 5307.125 37.48202
509.63 2656.826 1258.165 6645.125 25.96384
510.8 2665.222 1179.612 6671.095 27.05299
511.97 2365.038 558.552 5824.426 34.30552
513.14 2190.974 258.528 5792.702 34.91842
514.31 2482.252 785.746 6241.206 31.09741
515.48 2431.273 495.01 6045.359 34.88542
516.65 2409.44 525.087 6124.614 33.65201
517.81 2382.937 355.806 5922.374 36.41618
518.98 2540.054 695.01 6349.102 32.63202
520.15 2234.642 161.13 5858.695 36.39295
521.32 2576.142 703.605 6464.457 32.50451
522.49 3089.692 1502.503 7468.221 26.60516
523.65 2978.541 1158.859 7184.404 30.19947
524.82 2663.779 638.073 6545.839 34.28887
525.99 2401.853 78.517 6017.496 39.12012
527.16 2747.511 631.25 6882.031 33.85595
528.32 2876.528 730.182 7018.969 34.12972
529.49 2722.303 411.619 6654.732 37.01173
530.66 2572.84 114.367 6539.298 38.26459
531.82 2673.45 180.957 6592.071 38.87769
532.99 2800.575 320.274 6997.255 37.14704
534.16 2854.373 444.256 7148.912 35.94692
535.32 3215.524 794.401 7641.229 35.36124
536.49 2935.605 294.408 7207.866 38.2037
537.65 3439.618 1011.059 8080.564 34.35261
538.82 3027.558 321.816 7430.58 38.06206
539.99 3413.97 642.721 8076.725 37.27802
541.15 3483.685 818.39 8357.766 35.35167
542.32 3288.91 147.979 7854.74 40.75553
543.48 3615.424 811.155 8785.676 35.16536
544.65 3833.414 992.785 8917.718 35.8442
545.81 4307.276 1483.292 10133.099 32.64795
546.98 3892.36 503.106 9285.714 38.59052
548.14 4149.276 783.792 9857.099 37.09215
549.31 3977.202 402.873 9415.179 39.66054
550.47 4131.008 469.443 9763.554 39.39661
551.63 4541.437 914.806 10766.874 36.81086
552.8 4296.4 454.584 10034.545 40.10263
553.96 4399.46 459.852 10240.767 40.27853
555.13 4456.088 391.45 10690.69 39.46542
556.29 4922.619 934.084 11394.302 38.13051
557.45 4597.99 274.46 10552.64 42.06514
558.62 4806.79 523.468 11224.534 40.02705
559.78 4956.36 771.606 11627.214 38.54924
560.94 4834.451 371.982 11276.809 40.92196
562.11 5009.159 391.088 11510.37 41.53209
563.27 4969.87 157.975 11361.672 42.94917
564.43 4883.484 32.397 11656.66 41.73243
565.59 5108.018 205.838 12004.749 41.54773
566.76 5352.779 351.073 12192.839 42.23784
567.92 5603.139 571.349 12448.455 42.36546
569.08 5723.635 715.042 13216.978 40.06254
570.24 5527.715 352.024 12896.877 41.25749
571.4 5634.622 226.366 12819.042 42.94763
572.57 5731.059 367.342 13100.317 42.12461
573.73 5532.434 55.524 13072.134 42.07632
574.89 5968.907 452.697 13544.0 42.13645
576.05 6000.246 476.158 13770.987 41.55065
577.21 5810.39 157.714 13514.587 42.32036
578.37 6071.628 18.954 13640.76 44.43372
579.53 6211.803 193.644 13978.47 43.65785
580.69 6385.055 597.535 14724.34 40.96836
581.85 6331.226 351.919 14327.072 42.78527
583.01 6533.283 401.88 14435.816 43.68983
584.17 6567.219 484.83 14656.854 42.91828
585.33 6858.354 572.517 14948.496 43.72458
586.49 6699.454 377.763 14735.049 44.03124
587.65 6737.115 573.278 15187.824 42.17604
588.81 6813.894 566.521 15553.064 41.68655
589.97 7254.887 929.433 15628.847 43.03201
591.13 6788.175 421.02 15287.808 42.82805
592.29 6720.998 336.574 15254.096 42.79815
593.45 6748.239 213.595 14965.508 44.29693
594.61 6849.538 134.052 15178.927 44.63637
595.77 6772.709 196.961 15395.896 43.26453
596.93 6868.98 91.091 14998.683 45.46603
598.09 7009.833 382.753 15545.343 43.70678
599.24 6891.417 138.067 15446.458 44.11535
600.4 6957.454 291.763 15433.549 44.02182
601.56 6888.404 233.39 15322.522 44.10468
602.72 7168.481 368.616 15465.42 45.04175
603.87 7252.596 473.064 15310.146 45.69316
605.03 7038.981 232.116 15238.92 45.35852
606.19 7118.813 148.514 14826.428 47.48835
607.35 6901.498 -3.926 15131.096 45.62546
608.5 7272.669 594.457 15492.328 44.82662
609.66 7497.884 989.651 15859.107 43.76914
610.82 6877.356 146.299 15137.236 44.90085
611.97 6872.119 125.084 14915.802 45.61668
613.13 7255.052 573.754 15514.6 44.71834
614.29 7049.071 496.993 15383.016 44.01497
615.44 7310.595 717.539 15456.908 44.73093
616.6 6881.263 180.141 14843.401 45.70008
617.76 7205.152 663.0 15414.652 44.3486
618.91 7164.736 726.314 15170.268 44.57521
620.07 7211.216 641.049 15204.114 45.11527
621.22 6824.417 17.567 14577.958 46.74909
622.38 7475.119 1061.084 15637.302 44.00342
623.53 6946.122 78.366 14625.542 47.21023
624.69 7071.723 112.137 14268.832 49.16109
625.84 6909.635 217.542 14299.978 47.52085
627.0 7218.531 488.964 14831.709 46.91966
628.15 6857.32 -0.398 14734.646 46.54019
629.31 7051.947 318.175 14728.331 46.72935
630.46 6913.29 -23.532 14344.034 48.28112
631.61 6902.682 374.134 14629.264 45.79789
632.77 7026.608 228.189 14833.106 46.54883
633.92 7107.783 495.38 14691.816 46.57791
635.08 7491.319 949.577 15177.407 45.9785
636.23 7044.451 308.482 14744.809 46.65985
637.38 6919.531 -74.511 14334.446 48.53954
638.54 7371.914 654.76 15135.48 46.38687
639.69 7480.938 936.831 15459.111 45.06253
640.84 7191.539 490.402 14738.753 47.03096
641.99 6890.114 97.409 14039.882 48.71952
643.15 7508.69 816.916 14835.512 47.73499
644.3 7115.767 95.422 14179.142 49.84723
645.45 6903.843 -58.071 14110.771 49.13537
646.6 7417.418 811.436 15075.401 46.31239
647.75 7168.995 161.942 14418.031 49.1513
648.91 7154.071 -136.551 13971.661 51.67644
650.06 7116.647 225.455 14825.291 47.20047
651.21 7493.223 417.462 14565.42 50.01259
652.36 7314.299 450.969 14709.05 48.13642
653.51 7280.375 101.475 14213.68 50.87015
654.66 7378.951 273.982 14861.81 48.70478
655.81 7550.527 651.989 15048.939 47.91666
656.96 7257.603 69.495 14402.569 50.1505
658.11 7416.179 365.002 14800.199 48.84711
659.27 7386.255 531.009 14925.328 47.62467
660.42 7097.831 29.015 14459.958 48.98374
661.57 7636.407 421.022 14835.088 50.05795
662.72 7167.483 -139.971 14611.718 49.53639
663.87 7440.56 -99.965 14122.848 53.01711
665.01 7509.635 316.042 14693.978 50.03217
666.16 7475.211 41.049 14739.607 50.57749
667.31 7623.788 95.555 14982.237 50.57025
668.46 8221.863 760.562 15722.366 49.86899
669.61 7732.439 206.069 15547.996 49.05753
670.76 7926.016 4.575 15214.626 52.0803
671.91 8453.092 769.582 16378.756 49.22432
673.06 8263.668 519.589 16014.886 49.97697
674.21 7852.744 -161.405 15583.016 50.90151
675.35 8287.82 284.102 15720.146 51.85084
676.5 8084.896 167.609 15849.774 50.48593
677.65 8102.972 72.615 15783.904 51.11202
678.8 8076.548 -110.878 15727.034 51.69511
679.94 8647.624 40.629 16048.164 53.7684
681.09 8835.2 370.135 17049.793 50.75083
682.24 8972.276 363.142 17513.924 50.19675
683.39 8738.353 -1.851 17222.553 50.74314
684.53 9129.929 558.155 17196.684 51.51762
685.68 8927.504 214.662 17614.813 50.07337
686.83 9188.58 301.169 17607.443 51.35369
687.97 9093.656 298.175 17622.072 50.7708
689.12 9155.232 178.182 17514.703 51.78115
690.27 9092.809 68.189 17408.832 52.04317
691.41 9346.385 468.195 17969.961 50.72739
692.56 9263.961 358.702 17742.592 51.22708
693.7 9565.037 378.709 17681.721 53.09092
694.85 9161.112 48.215 17192.852 53.15305
695.99 9540.188 398.222 17794.98 52.54983
697.14 9354.265 184.229 17551.111 52.80185
698.28 9481.341 342.735 18251.74 51.02799
699.43 9541.917 391.242 18390.369 50.83955
700.57 9347.993 -74.251 17710.5 52.97934
701.72 9491.569 -50.745 17219.129 55.2541
702.86 9076.646 -107.738 17549.26 52.01554
704.01 9543.221 50.269 17415.389 54.66678
705.15 9783.297 433.275 18332.02 52.23842
706.29 9732.873 126.782 17723.648 54.58978
707.44 9727.449 171.288 18374.777 52.49631
708.58 9594.525 -124.205 17936.408 53.81174
709.72 10027.602 629.302 18731.037 51.91933
710.87 9732.178 -137.192 17783.168 55.0735
712.01 9573.254 0.315 17644.297 54.25611
713.15 9980.829 217.322 18427.928 53.6144
714.3 10224.905 348.828 17921.557 56.20116
715.44 9999.481 92.335 18611.186 53.49763
716.58 10047.058 277.342 18420.816 53.84699
717.72 9838.134 52.848 18398.945 53.33715
718.87 10041.71 240.855 18262.076 54.38508
720.01 9829.286 117.362 18078.205 54.07276
721.15 9731.862 -54.132 17879.836 54.56681
722.29 10090.938 345.875 18022.965 55.12821
723.43 10190.014 498.882 18553.596 53.67646
724.57 10009.59 450.388 18287.225 53.59247
725.72 9944.666 244.895 18067.354 54.42443
726.86 10254.242 678.902 18459.484 53.85279
728.0 9945.818 164.408 17772.113 55.55187
729.14 10006.395 -2.085 17477.244 57.25895
730.28 10260.971 481.422 17805.373 56.45103
731.42 9868.546 10.928 17753.004 55.56068
732.56 10378.622 722.435 18545.133 54.17915
733.7 9935.698 386.942 18597.262 52.43596
734.84 9877.274 -127.052 17331.393 57.30365
735.98 10230.351 148.955 17932.521 56.68939
737.12 10011.427 -3.038 17789.152 56.28573
738.26 9943.003 17.468 17486.281 56.8186
739.4 9975.579 228.475 17917.912 55.10127
740.53 10135.154 407.482 18162.541 54.78817
741.67 9895.23 273.488 17733.67 55.10677
742.81 9951.307 -222.505 17185.301 58.44396
743.95 9995.383 241.002 17969.93 55.01958
745.09 9814.459 19.508 17370.561 56.45162
746.23 9891.035 399.515 17605.189 55.16506
747.36 9896.611 453.522 17477.32 55.46993
748.5 9598.188 60.028 17069.949 56.0741
749.64 9552.263 25.035 17006.078 56.10508
750.78 9635.339 -5.458 16833.209 57.25392
751.92 9521.915 74.548 16909.838 56.11645
753.05 9329.991 155.555 16258.969 56.972
754.19 9869.567 635.562 16783.098 57.18523
755.33 9254.644 -151.932 16117.228 57.81845
756.46 9565.72 245.075 16057.357 58.9456
757.6 9266.296 82.082 15697.487 58.81509
758.74 9479.871 562.088 16315.617 56.60816
759.87 9260.947 244.595 16092.247 56.89393
761.01 9108.023 271.102 15563.377 57.78683
762.14 9038.1 234.608 15825.006 56.46739
763.28 9000.176 408.115 15272.136 57.80442
764.41 8862.752 249.121 15157.766 57.77608
765.55 8793.328 -123.872 14748.896 59.95656
766.69 9118.904 289.635 15202.025 59.20761
767.82 8872.479 266.641 15014.155 58.3545
768.95 8629.056 26.148 14525.285 59.33393
770.09 8818.132 737.655 15281.915 55.55784
771.22 8773.708 661.661 15275.044 55.51108
772.36 8730.284 504.168 14678.674 58.03459
773.49 8629.86 489.175 14838.804 56.73098
774.63 8325.437 196.181 14003.434 58.8767
775.76 7993.012 154.688 13969.563 56.73829
776.89 8197.088 428.195 14067.693 56.95879
778.03 8074.165 360.201 13450.823 58.9274
779.16 7896.74 8.708 13358.952 59.0853
780.29 8143.316 308.215 13035.582 61.56106
781.43 8143.393 606.221 13093.712 60.35777
782.56 7730.469 315.228 13181.842 57.63164
783.69 7659.044 11.735 12475.972 61.35401
784.82 7534.121 233.241 12821.602 57.99706
785.96 7602.697 116.748 12587.731 60.02693
787.09 7544.273 204.255 12186.361 61.25816
788.22 7458.349 394.261 12237.99 59.64412
789.35 7138.925 157.768 11739.62 60.27669
790.48 7181.501 142.275 12009.25 59.31778
791.62 7231.077 580.281 11944.38 58.52462
792.75 6855.153 5.288 11194.01 61.22116
793.88 7159.229 737.795 11788.14 58.11071
795.01 6953.805 353.801 11355.77 59.9893
796.14 6983.881 404.808 11514.898 59.2171
797.27 6745.957 493.815 11487.528 56.87016
798.4 6599.533 283.321 10909.158 59.44202
799.53 6384.609 -4.672 10310.788 61.93889
800.66 6550.686 316.335 10739.418 59.81292
801.79 7076.261 1276.841 11846.548 54.86832
802.92 6268.837 199.848 10216.178 60.59095
804.05 6292.914 381.855 10327.308 59.43479
805.18 6188.49 290.861 10017.937 60.63106
806.31 6253.565 215.868 9756.066 63.28692
807.44 5988.142 -64.625 9580.196 62.75665
808.57 6246.218 400.381 10089.826 60.33201
809.69 6196.294 400.888 9940.456 60.75124
810.82 5754.87 -163.605 9102.586 63.87171
811.95 6402.946 988.401 10112.216 59.34518
813.08 5760.022 103.908 8928.345 64.09603
814.21 6166.098 1064.915 10169.975 56.02581
815.33 5803.174 282.921 9203.104 61.88497
816.46 5637.75 308.928 9013.734 61.21701
817.59 5660.326 847.435 9490.864 55.68266
818.72 5697.902 504.441 8670.494 63.59818
819.84 5743.978 896.448 9116.124 58.97471
820.97 5350.054 446.454 8550.754 60.50615
822.1 5453.13 593.961 8538.383 61.16454
823.22 5066.207 -30.532 7767.513 65.35919
824.35 5059.282 92.474 7844.143 64.07405
825.48 5112.358 574.481 7850.272 62.36954
826.6 4884.435 310.488 7455.902 64.01234
827.73 4685.011 -144.506 7245.032 65.35614
828.85 4853.086 268.501 7361.662 64.63389
829.98 4883.163 610.008 7638.292 60.79941
831.11 4607.739 70.014 6945.921 65.99456
832.23 4647.315 81.521 6962.051 66.35817
833.36 4865.891 524.528 7592.181 61.42581
834.48 4574.967 259.034 6894.811 65.04036
835.6 4648.043 482.041 7014.94 63.76957
836.73 4363.119 -7.952 6711.07 65.05517
837.85 4560.195 535.054 6989.7 62.36037
838.98 4166.771 -104.439 6228.33 67.44617
840.1 4427.847 458.568 6766.959 62.92063
841.23 4319.423 371.074 6570.589 63.68804
842.35 4551.999 720.581 7111.219 59.95361
843.47 4206.575 248.588 6354.849 64.81851
844.6 3975.151 26.594 6149.978 64.48325
845.72 4041.727 155.101 6077.608 65.62468
846.84 4178.303 134.608 5955.738 69.46582
847.96 4143.379 139.114 5813.368 70.56902
849.09 4035.456 58.121 5820.497 69.02247
850.21 3991.531 232.628 5935.127 65.91678
851.33 4122.607 385.134 5976.757 66.84058
852.45 3787.184 25.141 5610.387 67.3568
853.57 3954.26 232.148 5832.016 66.46785
854.7 3773.336 67.654 5477.146 68.50332
855.82 3695.412 -0.339 5659.776 65.29463
856.94 4034.988 485.168 5827.405 66.44819
858.06 3594.564 -64.326 5132.035 70.41254
859.18 3769.14 425.181 5653.165 63.96268
860.3 3666.716 244.688 5345.295 67.09061
861.42 3465.292 -89.306 5013.424 69.66071
862.54 3465.368 -65.799 4962.554 70.22512
863.66 3599.944 50.708 4975.184 72.07338
864.78 3735.02 186.714 5073.814 72.60556
865.9 3573.596 244.221 5222.943 66.87208
867.02 4076.672 1277.228 6443.073 54.19141
868.14 3888.248 879.234 5701.203 62.40219
869.26 3599.324 575.741 5163.833 65.90067
870.38 3165.4 -90.252 4456.962 71.59664
871.5 3341.477 -94.746 4453.592 75.54897
872.62 3200.052 69.761 4578.222 69.43148
873.74 3466.629 699.268 5511.852 57.5026
874.85 3107.167 40.271 4430.417 69.85864
875.97 3245.167 286.271 4564.417 69.16305
877.09 3263.667 373.271 4811.917 65.11887
878.21 3174.667 220.771 4370.917 71.17572
879.33 3348.667 334.771 4641.417 69.98244
880.44 3189.167 254.771 4375.417 71.21204
881.56 2980.667 111.271 4114.417 71.67853
882.68 3040.167 256.271 4367.917 67.70758
883.79 3375.667 826.771 4988.417 61.24731
884.91 2890.667 -58.229 3702.917 78.40419
886.03 2990.667 456.271 4455.417 63.37343
887.14 3084.167 659.271 4800.417 58.55616
888.26 3185.167 777.271 4809.917 59.71008
889.38 3208.667 636.271 4577.417 65.27026
890.49 2802.167 -89.729 4014.417 70.46279
891.61 3182.667 307.771 4176.917 74.30312
892.72 3006.167 -13.229 4058.417 74.15664
893.84 2922.667 -99.229 3906.917 75.4315
894.95 2879.667 -87.229 3941.917 73.63585
896.07 3038.167 152.271 4075.417 73.56076
897.18 3119.667 384.271 4307.417 69.72456
898.3 2849.167 -41.229 3881.917 73.67546
899.41 3215.667 577.271 4446.917 68.18185
900.53 3053.167 335.771 4029.417 73.56948
901.64 3083.167 462.271 4350.417 67.40735
902.75 2870.667 262.771 4055.917 68.75285
903.87 2742.667 116.771 3876.417 69.84423
904.98 3081.667 403.771 4044.917 73.54542
906.09 2835.167 235.771 3943.917 70.09961
907.21 2907.667 438.771 3919.917 70.92193
908.32 2787.667 198.271 3488.417 78.70155
909.43 2886.167 650.771 3977.917 67.18659
910.54 2637.667 280.271 3820.917 66.58096
911.66 3113.667 1160.771 4581.417 57.09144
912.77 2429.667 85.771 3214.417 74.91726
913.88 2612.167 300.271 3645.417 69.11196
914.99 2332.167 69.271 3371.417 68.52804
916.1 2533.667 349.771 3617.417 66.83392
917.22 2373.667 58.771 2918.417 80.95044
918.33 2696.667 688.771 3724.917 66.13305
919.44 2547.167 270.271 3384.417 73.11462
920.55 2732.167 660.771 3674.417 68.73389
921.66 2440.167 428.771 3272.917 70.72056
922.77 2394.667 488.271 3282.417 68.22822
923.88 2562.667 623.271 3542.917 66.42572
924.99 2429.667 373.771 3227.417 72.04453
926.1 2086.167 -11.229 2623.917 79.59316
927.21 2329.167 652.771 3484.417 59.20217
928.32 1910.667 -84.729 2456.417 78.52346
929.43 2078.667 251.771 2756.917 72.92573
930.54 1978.667 111.271 2439.417 80.20957
931.65 2007.167 266.271 2607.917 74.34496
932.76 2018.167 381.771 2750.917 69.07113
933.86 1943.167 302.271 2464.417 75.892
934.97 1708.167 113.771 2305.417 72.74879
936.08 1681.167 164.771 2138.417 76.83221
937.19 1941.667 708.271 2768.917 59.85482
938.3 1607.667 472.271 2273.917 63.01992
939.4 1653.667 674.771 2431.417 55.72528
940.51 1328.167 305.271 1864.417 65.60617
941.62 1299.667 503.771 1984.417 53.75329
942.73 1700.667 1102.771 2513.917 42.36952
943.83 1220.667 302.771 1592.417 71.17426
944.94 1195.667 338.271 1721.417 61.98882
946.05 963.667 -35.729 1180.417 82.17731
947.15 995.667 -25.729 1255.417 79.72519
948.26 1192.667 228.771 1623.917 69.08925
949.36 1134.667 98.271 1469.917 75.55856
950.47 1244.667 326.771 1819.917 61.47396
951.57 1601.667 844.771 2349.917 50.2872
952.68 1474.167 568.771 1976.417 64.31986
953.79 1412.667 439.271 2026.417 61.32995
954.89 1245.667 121.771 1668.417 72.66666
955.99 1481.667 391.271 2152.917 61.89642
957.1 1342.667 230.271 1637.417 79.05334
958.2 1376.667 271.271 1806.417 72.00592
959.31 1441.167 455.771 2090.917 60.26348
960.41 1277.167 130.271 1642.917 75.82051
961.52 1247.667 10.271 1452.917 85.77267
962.62 1467.667 493.771 1946.917 67.01983
963.72 1221.667 -50.729 1492.417 82.45467
964.83 1225.667 -70.729 1396.917 88.33165
965.93 1490.167 341.771 1883.917 74.46739
967.03 1627.167 714.271 2232.917 60.11249
968.13 1446.667 466.771 1975.417 64.95201
969.24 1252.167 175.771 1604.417 75.34378
970.34 1268.167 206.771 1605.917 75.86027
971.44 1373.167 265.771 1650.417 79.97683
972.54 1417.167 346.771 1881.917 69.726
973.64 1231.167 142.271 1643.917 72.51349
974.75 1751.167 1069.771 2472.917 48.562
975.85 2889.167 3162.271 4867.417 -16.01646
976.95 1223.667 189.771 1479.917 80.1379
978.05 1454.167 525.771 1934.917 65.88359
979.15 1562.167 896.271 2298.917 47.47426
980.25 1040.667 99.771 1282.917 79.52492
981.35 1152.167 179.271 1406.417 79.28119
982.45 1524.167 891.771 2297.417 44.98969
983.55 1358.667 462.771 1760.417 69.04009
984.65 1274.667 418.271 1628.917 70.73876
985.75 1336.167 675.271 1828.917 57.28758
986.85 1252.667 372.271 1638.417 69.53352
987.95 1055.667 185.271 1345.917 74.99237
989.05 1401.167 783.271 2071.417 47.96784
990.15 1343.667 628.271 1710.417 66.109
991.25 1130.667 443.271 1513.917 64.20385
992.34 1335.167 835.771 1982.917 43.53377
993.44 1160.167 478.271 1473.917 68.48779
994.54 1067.167 386.771 1334.417 71.79853
995.64 1337.667 731.271 1754.417 59.26778
996.74 1299.167 789.271 1829.917 48.99802
997.83 835.167 73.771 1008.417 81.46357
998.93 1030.167 315.271 1299.917 72.60436
1000.03 1478.167 1230.771 2285.917 23.44659
1001.12 1198.667 704.771 1735.417 47.921
1002.22 1191.167 729.271 1828.417 42.02316
1003.32 873.167 272.271 1190.917 65.41105
1004.41 925.167 467.271 1408.417 48.65302
1005.51 844.167 402.771 1217.917 54.14931
1006.6 768.167 188.771 987.917 72.50189
1007.7 995.167 624.271 1470.917 43.80768
1008.8 688.667 103.271 755.917 89.69579
1009.89 978.167 577.771 1331.917 53.09263
1010.99 877.167 384.771 1149.417 64.39529
1012.08 673.167 47.271 826.417 80.33103
1013.18 915.167 394.271 1240.917 61.52465
1014.27 875.167 202.271 1009.417 83.36732
1015.36 902.167 334.271 1124.417 71.87229
1016.46 936.167 402.771 1194.917 67.33557
1017.55 763.667 148.271 862.917 86.112
1018.65 956.667 496.771 1208.917 64.57889
1019.74 1006.667 586.771 1441.917 49.10225
1020.83 847.167 505.271 1239.417 46.57057
1021.93 796.167 280.271 1081.417 64.39475
1023.02 621.667 38.271 740.917 83.02843
1024.11 623.167 63.771 754.417 80.99605
1025.2 630.667 88.271 722.417 85.53172
1026.3 775.167 454.271 1131.917 47.35451
1027.39 885.167 597.771 1268.417 42.8536
1028.48 763.667 486.771 1072.417 47.28043
1029.57 667.167 312.771 901.917 60.15418
1030.66 757.167 451.771 1035.417 52.32555
1031.75 1274.167 1483.271 2155.917 -31.08683
1032.84 802.667 652.771 1237.417 25.63875
1033.94 520.167 161.271 678.417 69.39935
1035.03 834.167 773.771 1262.917 12.34721
1036.12 505.667 90.271 614.917 79.17642
1037.21 431.167 66.771 609.417 67.15168
1038.3 708.167 522.771 1049.417 35.20314
1039.39 451.167 153.271 549.417 75.19852
1040.48 637.167 455.771 904.417 40.43186
1041.57 734.667 616.271 1021.917 29.187
1042.66 653.667 441.771 862.917 50.31412
1043.74 615.667 508.271 928.417 25.56156
1044.83 664.667 543.271 974.917 28.12395
1045.92 404.667 45.771 481.917 82.28803
1047.01 641.167 617.771 1054.417 5.35809
1048.1 332.167 96.771 402.417 77.01588
1049.19 522.667 502.271 822.417 6.3708
1050.27 472.667 342.271 705.417 35.90728
1051.36 504.167 305.271 681.417 52.87731
1052.45 572.167 469.771 875.417 25.24267
1053.54 582.167 466.771 758.417 39.56711
1054.62 584.167 525.271 900.417 15.69946
1055.71 566.667 467.771 822.917 27.84654
1056.8 671.667 688.271 1055.917 -4.51634
1057.88 387.167 328.771 652.417 18.04312
1058.97 538.167 458.771 804.417 22.97029
1060.06 743.167 834.771 1296.917 -19.82148
1061.14 443.167 367.771 664.417 25.4161
1062.23 1154.167 1608.271 2089.917 -94.28177
1063.31 531.667 547.271 887.917 -4.58075
1064.4 384.167 279.271 610.417 31.67662
1065.48 555.667 526.771 738.917 13.62076
1066.57 419.667 362.771 691.917 17.2859
1067.65 549.667 543.771 885.417 1.72573
1068.74 400.167 357.271 635.417 15.42206
1069.82 486.167 544.271 856.417 -18.61442
1070.9 1404.667 2151.771 2635.417 -154.47334
1071.99 512.667 561.771 908.917 -14.1451
1073.07 441.167 491.771 826.917 -15.09915
1074.15 561.667 576.771 914.417 -4.47336
1075.24 506.167 526.771 764.417 -8.67011
1076.32 523.667 625.771 880.417 -40.09652
1077.4 750.667 963.771 1324.417 -59.08959
1078.49 332.167 218.271 494.417 41.24481
1079.57 585.667 655.271 905.917 -27.76991
1080.65 735.667 866.771 1207.917 -38.43052
1081.73 377.167 382.771 651.417 -2.08609
1082.81 299.667 238.271 479.917 25.40736
1083.89 504.667 548.771 799.417 -17.5962
1084.98 480.167 533.271 847.417 -16.9043
1086.06 300.167 267.771 470.917 15.94707
1087.14 350.667 283.771 487.417 32.8491
1088.22 417.167 524.771 765.417 -44.71473
1089.3 340.667 261.771 458.417 40.12077
1090.38 825.167 1101.771 1433.417 -83.40351
1091.46 550.667 598.771 838.417 -20.073
1092.54 415.667 405.771 657.917 3.92464
1093.62 420.667 412.771 674.917 3.01199
1094.7 266.167 186.271 429.417 32.85922
1095.78 390.667 490.771 699.917 -47.86334
1096.86 445.167 545.771 843.917 -33.74327
1097.93 816.167 1146.271 1458.417 -105.75322
1099.01 596.667 802.271 1099.917 -69.07677
1100.09 345.667 334.271 492.917 7.18318
