196.55 714.721 972.948 1339.379 -70.47086
197.76 1029.099 1427.472 1995.603 -70.11971
198.96 1015.272 1340.45 1803.191 -70.27234
200.16 663.737 796.077 1227.164 -30.69911
201.36 1090.427 1587.379 2062.06 -104.69194
202.56 783.168 990.115 1401.163 -50.34627
203.76 701.858 849.94 1265.984 -35.59276
204.96 746.048 932.264 1411.806 -38.83214
206.16 572.048 712.367 946.298 -59.9826
207.36 959.962 1181.173 1687.519 -43.68763
208.56 835.979 1052.507 1476.29 -51.09407
209.76 570.203 637.704 982.138 -19.59774
210.96 683.22 888.539 1380.408 -41.7424
212.16 1387.152 2056.997 2537.841 -139.30633
213.36 842.858 1126.644 1600.47 -59.89254
214.56 721.962 890.479 1274.997 -43.82565
215.76 1250.858 1834.94 2402.485 -102.91378
216.96 1071.323 1568.862 2050.473 -103.30723
218.16 783.065 985.792 1447.599 -43.89861
219.35 648.945 716.838 1152.749 -15.57516
220.55 767.272 872.359 1328.661 -23.03023
221.75 695.014 810.596 1150.265 -34.02785
222.95 1092.979 1461.314 1932.768 -78.12735
224.15 913.893 1090.029 1574.459 -36.35938
225.35 674.686 782.472 1287.36 -21.34857
226.55 633.169 792.831 1188.111 -40.39225
227.75 1028.479 1378.814 1879.768 -69.93347
228.94 856.703 1122.204 1555.138 -61.3261
230.14 769.617 919.113 1379.351 -32.48223
231.34 664.806 847.028 1265.702 -43.52346
232.54 605.134 780.549 1133.115 -49.75394
233.74 639.599 805.869 1171.11 -45.52333
234.93 628.358 791.951 1221.947 -38.04515
236.13 800.1 951.574 1439.095 -31.07026
237.33 740.893 930.131 1313.452 -49.36805
238.53 709.6 887.381 1239.073 -50.55006
239.72 1030.427 1373.993 1901.015 -65.18995
240.92 531.1 562.676 918.088 -8.88447
242.12 928.203 1152.807 1622.13 -47.85679
243.31 606.306 755.63 1186.695 -34.6407
244.51 586.703 627.0 952.653 -12.37416
245.71 961.065 1278.803 1722.062 -71.68229
246.9 1203.203 1688.0 2212.153 -92.49151
248.1 750.41 950.954 1448.759 -40.28564
249.3 795.082 982.33 1398.854 -44.95499
250.49 707.392 893.313 1321.511 -43.41924
251.69 807.341 1049.106 1539.214 -49.32882
252.89 744.685 916.154 1388.919 -36.26934
254.08 586.703 579.204 954.138 2.00005
255.28 772.03 976.919 1400.072 -48.41934
256.47 521.186 577.666 955.382 -14.95295
257.67 858.652 1159.099 1530.833 -80.82325
258.86 913.789 1172.898 1590.417 -62.05925
260.06 744.754 917.809 1356.442 -39.45323
261.26 1091.496 1459.546 1914.546 -80.88994
262.45 741.186 939.063 1294.389 -55.68897
263.65 539.823 565.158 907.488 -7.40056
264.84 833.944 1081.531 1469.771 -63.77176
266.04 676.685 804.154 1217.419 -30.84432
267.23 524.461 487.661 823.556 10.95582
268.42 600.513 706.584 1015.802 -34.30308
269.62 793.72 882.641 1322.401 -20.22023
270.81 785.445 959.736 1397.256 -39.83623
272.01 770.91 923.056 1333.752 -37.04598
273.2 862.496 1164.034 1567.583 -74.72173
274.4 590.41 664.852 908.767 -30.51961
275.59 800.651 1028.883 1499.385 -48.50824
276.78 793.755 892.718 1361.913 -21.09224
277.98 646.772 772.746 1191.206 -30.10424
279.17 752.065 903.201 1285.069 -39.57792
280.37 664.565 837.985 1198.621 -48.08735
281.56 536.393 528.915 926.504 1.88069
282.75 593.065 617.508 1021.047 -6.05694
283.95 635.927 801.186 1237.537 -37.87292
285.14 722.703 863.193 1247.675 -36.54015
286.33 600.099 700.267 1012.118 -32.1204
287.52 747.547 948.548 1368.358 -47.8791
288.72 896.685 1136.95 1615.434 -50.21364
289.91 1060.737 1410.373 1957.179 -63.94138
291.1 784.668 1007.024 1453.634 -49.7876
292.29 835.031 997.623 1395.057 -40.91054
293.49 746.996 1044.239 1446.568 -73.88051
294.68 587.134 729.845 997.629 -53.29306
295.87 663.703 803.102 1201.145 -35.02107
297.06 779.513 940.38 1418.817 -33.62339
298.26 381.651 420.179 733.9 -12.28093
299.45 673.306 789.13 1098.195 -37.4756
300.64 724.772 822.859 1190.661 -26.66854
301.83 687.306 857.028 1294.202 -38.8224
303.02 622.238 630.384 1057.142 -1.90891
304.21 893.755 1123.525 1573.39 -51.07534
305.4 739.634 875.356 1160.092 -47.66574
306.59 770.686 920.166 1316.882 -37.67924
307.79 703.772 803.053 1187.683 -25.81198
308.98 554.117 579.113 932.851 -7.06617
310.17 852.167 966.081 1430.275 -24.54029
311.36 672.392 857.597 1178.563 -57.70241
312.55 1107.737 1560.657 2066.731 -89.49681
313.74 560.186 584.359 957.404 -6.47995
314.93 851.479 1009.007 1474.29 -33.85637
316.12 682.824 787.067 1192.958 -25.68251
317.31 466.306 406.823 740.217 17.84161
318.5 555.186 574.859 920.404 -5.69336
319.69 634.341 830.799 1262.736 -45.48297
320.88 650.031 736.225 1134.55 -21.63933
322.07 591.237 607.271 993.686 -4.14924
323.26 529.083 607.342 935.817 -23.82501
324.45 497.393 447.415 793.504 14.44065
325.64 720.41 766.749 1195.274 -10.81378
326.83 781.168 996.024 1395.634 -53.76653
328.01 579.22 738.436 1110.916 -42.74495
329.2 796.772 976.053 1403.683 -41.92422
330.39 636.513 727.38 1086.817 -25.28029
331.58 533.617 542.908 969.366 -2.17873
332.77 965.875 1253.081 1742.233 -58.71494
333.96 371.168 448.82 671.648 -34.84814
335.15 551.324 524.964 868.466 7.67365
336.33 556.117 590.908 878.866 -12.0821
337.52 651.393 719.415 1040.504 -21.185
338.71 585.772 710.45 1050.191 -36.69819
339.9 575.996 614.932 995.09 -10.24215
341.08 668.479 688.2 1067.812 -5.19515
342.27 819.237 879.475 1376.672 -12.11546
343.46 823.169 1063.729 1446.619 -62.82758
344.65 756.169 897.229 1356.119 -30.73949
345.83 802.772 983.257 1460.668 -37.80495
347.02 492.048 470.264 791.306 6.78533
348.21 825.513 1021.584 1513.302 -39.87476
349.4 514.789 462.989 862.946 12.95137
350.58 652.409 718.045 1108.789 -16.79753
351.77 578.599 575.369 941.11 0.88317
352.96 422.651 324.088 698.37 26.33395
354.14 616.806 619.926 1114.21 -0.63109
355.33 540.306 536.13 920.695 1.08596
356.51 467.978 387.098 701.82 25.6991
357.7 619.271 679.734 1173.743 -12.23931
358.89 549.806 511.721 949.225 8.70508
360.07 880.254 915.105 1399.957 -7.18785
361.26 861.892 1061.79 1572.085 -39.17311
362.44 724.391 733.483 1177.108 -2.04949
363.63 605.512 481.743 950.435 26.40718
364.81 649.011 531.437 1069.458 21.85322
366.0 511.684 276.518 729.538 51.91077
367.18 1195.305 1403.392 2092.821 -30.18245
368.37 600.236 529.85 875.253 20.37802
369.55 766.15 737.065 1246.445 5.70993
370.74 849.426 911.572 1458.582 -11.36103
371.92 992.547 1158.332 1668.41 -32.50206
373.11 602.615 476.078 1016.963 23.39448
374.29 530.115 421.772 908.985 22.23741
375.48 615.96 531.741 1060.623 15.92409
376.66 578.271 441.53 902.257 29.6794
377.84 943.236 953.85 1582.253 -1.68899
379.03 557.599 405.051 908.67 30.29029
380.21 545.753 332.184 747.024 51.48235
381.39 508.857 266.212 675.074 59.34643
382.58 888.961 816.548 1409.101 12.22052
383.76 1098.202 1148.784 1715.705 -8.92215
384.94 1088.513 1254.164 1936.868 -24.26399
386.13 693.667 426.593 963.237 49.76748
387.31 810.323 618.339 1185.047 33.87692
388.49 734.391 474.688 1029.093 46.84368
389.68 864.237 637.952 1263.246 36.18847
390.86 797.788 567.466 1204.521 36.15418
392.04 1080.168 982.706 1677.693 14.0235
393.22 861.288 445.466 1111.021 62.47751
394.41 897.443 473.202 1085.367 69.30173
395.59 758.65 193.463 865.952 84.0441
396.77 903.478 552.689 1295.349 47.23415
397.95 1057.564 637.576 1375.151 56.9418
399.13 1144.064 792.678 1560.643 45.75549
400.31 966.495 447.511 1233.657 66.01616
401.5 1238.943 626.304 1514.36 68.98654
402.68 1334.357 734.712 1616.074 68.03618
403.86 1089.961 434.445 1296.108 76.07559
405.04 1368.375 807.263 1861.292 53.23493
406.22 1069.116 367.783 1341.448 72.03019
407.4 1374.668 697.013 1747.671 64.49817
408.58 1483.305 814.301 1875.791 63.02501
409.76 1642.012 947.755 2029.398 64.18543
410.94 1479.288 624.466 1721.521 77.91973
412.12 1398.754 502.9 1505.972 89.31106
413.3 1294.754 359.093 1500.994 81.93886
414.48 1268.443 371.111 1363.838 90.39068
415.66 1434.926 445.277 1491.567 94.58652
416.84 1927.03 1233.1 2392.132 59.8715
418.02 1641.34 623.378 1795.303 86.86237
419.2 1637.478 419.586 1512.357 111.44991
420.38 1791.426 583.97 1792.589 99.90376
421.56 1620.185 427.245 1581.949 103.31135
422.74 1916.029 1081.794 2295.154 68.75416
423.92 1817.892 865.995 2097.57 77.29099
425.1 1693.943 464.111 1706.838 98.96242
426.28 1683.478 405.995 1712.327 97.79162
427.46 2342.84 1356.492 2799.259 68.36507
428.63 2029.237 571.861 2000.716 101.99605
429.81 2030.237 687.964 1968.209 104.84503
430.99 2080.202 754.784 2180.705 92.95177
432.17 2189.185 1145.347 2523.941 75.71756
433.35 2085.444 827.316 2288.823 86.08427
434.52 1698.875 155.069 1442.77 119.88855
435.7 1942.564 376.383 1827.128 107.95701
436.88 2295.668 840.104 2306.7 99.24773
438.06 2278.358 552.531 2072.014 113.57985
439.23 2346.582 399.115 1956.406 125.05471
440.41 2476.582 594.126 2298.869 110.42458
441.59 2636.875 828.456 2548.315 105.14925
442.77 2331.151 276.679 1951.4 122.67547
443.94 2630.737 760.657 2663.231 98.29208
445.12 2699.633 769.833 2568.167 107.31048
446.3 2987.719 1093.118 2946.475 102.22539
447.47 3040.719 666.72 2632.968 120.73756
448.65 3238.323 720.646 2715.525 126.207
449.82 3221.823 500.146 2418.525 141.87379
451.0 3338.944 609.213 2599.83 137.12986
452.18 3387.219 476.823 2644.96 134.23486
453.35 3396.375 530.16 2753.3 128.92642
454.53 3324.375 558.865 2819.285 122.34496
455.7 3295.909 334.238 2713.311 124.48844
456.88 3920.134 945.935 3424.159 120.0133
458.05 4022.375 591.763 3040.792 140.08047
459.23 4069.702 315.784 2806.205 150.73431
460.4 4544.375 580.16 3298.8 145.81611
461.58 4848.496 719.432 3462.09 150.54969
462.75 4595.133 315.333 3204.667 148.12414
463.93 4826.254 628.696 3520.987 145.12917
465.1 4848.65 525.065 3629.945 139.25131
466.28 4668.616 218.101 3243.888 147.08619
467.45 4616.875 146.66 3291.8 142.13087
468.63 5149.823 523.249 3846.018 139.23851
469.8 5547.34 870.287 4222.273 139.5308
470.97 5741.737 405.259 3823.724 156.10745
472.15 6189.513 595.675 4138.332 157.89954
473.32 6479.616 704.601 4322.388 159.62839
474.49 6729.116 859.499 4671.896 153.96133
475.67 6433.013 507.573 4177.839 161.44443
476.84 6387.789 327.08 4088.476 161.12923
478.01 6487.185 636.347 4688.941 144.37266
479.19 6463.082 548.728 4557.862 147.52199
480.36 6305.444 309.02 4472.808 144.01367
481.53 6677.116 596.897 4836.903 143.40118
482.7 7019.22 497.129 4733.938 153.93875
483.88 7215.875 275.774 4583.755 161.09868
485.05 7594.633 361.935 4823.659 162.10546
486.22 7865.979 478.405 4938.797 165.62608
487.39 7977.927 333.595 4795.508 171.32411
488.56 8097.789 485.876 5021.991 167.80685
489.74 8186.479 897.2 5619.313 154.36478
490.91 7574.547 242.651 4990.851 154.41424
492.08 7626.289 375.876 5230.491 149.35092
493.25 7575.53 278.714 5092.587 151.57891
494.42 7763.013 476.778 5228.824 153.32838
495.59 7918.323 417.26 5317.48 153.07603
496.76 8218.599 465.756 5367.155 158.17612
497.93 8770.289 610.478 5616.483 163.00044
499.1 8984.048 572.753 5591.843 167.58606
500.27 9340.564 1040.792 6267.099 158.8076
501.44 9398.996 1228.534 6296.083 161.23104
502.61 8810.496 423.137 5408.076 168.254
503.78 8815.944 629.929 5761.278 159.52949
504.95 9008.15 1123.474 6516.415 146.20365
506.12 8581.496 696.943 5888.053 151.88568
507.29 8166.427 335.186 5433.538 153.60339
508.46 8323.6 32.165 5307.125 157.18478
509.63 9059.1 1258.165 6645.125 144.81144
510.8 9471.53 1179.612 6671.095 150.99598
511.97 9431.186 558.552 5824.426 168.49307
513.14 9635.307 258.528 5792.702 169.43411
514.31 10303.271 785.746 6241.206 174.45873
515.48 10099.617 495.01 6045.359 173.04511
516.65 10219.564 525.087 6124.614 173.1303
517.81 10123.616 355.806 5922.374 175.47277
518.98 10209.03 695.01 6349.102 168.26786
520.15 9737.307 161.13 5858.695 168.07491
521.32 9962.254 703.605 6464.457 160.71666
522.49 10505.841 1502.503 7468.221 150.91792
523.65 10322.186 1158.859 7184.404 152.07464
524.82 10094.013 638.073 6545.839 160.05949
525.99 10174.393 78.517 6017.496 169.99346
527.16 11023.996 631.25 6882.031 166.26317
528.32 11285.289 730.182 7018.969 167.84012
529.49 11587.806 411.619 6654.732 179.01625
530.66 11812.548 114.367 6539.298 182.07479
531.82 12062.461 180.957 6592.071 185.32665
532.99 12305.875 320.274 6997.255 179.50628
534.16 12309.186 444.256 7148.912 176.96554
535.32 12698.341 794.401 7641.229 173.86066
536.49 12305.116 294.408 7207.866 173.72938
537.65 12887.461 1011.059 8080.564 167.99482
538.82 12618.53 321.816 7430.58 172.97965
539.99 12843.306 642.721 8076.725 164.11863
541.15 13351.34 818.39 8357.766 166.23326
542.32 13701.375 147.979 7854.74 175.8637
543.48 14822.772 811.155 8785.676 175.70482
544.65 15418.876 992.785 8917.718 182.03424
545.81 16666.064 1483.292 10133.099 175.5273
546.98 16805.342 503.106 9285.714 185.61953
548.14 17872.064 783.792 9857.099 188.33566
549.31 17994.236 402.873 9415.179 195.1927
550.47 18363.496 469.443 9763.554 192.5311
551.63 18823.117 914.806 10766.874 181.7721
552.8 18908.926 454.584 10034.545 192.63483
553.96 18753.91 459.852 10240.767 187.03831
555.13 19099.771 391.45 10690.69 181.64759
556.29 19454.014 934.084 11394.302 177.05109
557.45 19331.6 274.46 10552.64 185.41357
558.62 19807.461 523.468 11224.534 180.20628
559.78 20312.342 771.606 11627.214 180.00591
560.94 20540.514 371.982 11276.809 184.9505
562.11 21622.15 391.088 11510.37 190.93915
563.27 22053.738 157.975 11361.672 195.43338
564.43 22754.203 32.397 11656.66 195.46879
565.59 23488.445 205.838 12004.749 197.32844
566.76 24077.514 351.073 12192.839 200.36235
567.92 24691.857 571.349 12448.455 203.08405
569.08 24965.857 715.042 13216.978 193.97649
570.24 25055.582 352.024 12896.877 196.92186
571.4 25409.461 226.366 12819.042 199.98207
572.57 25284.582 367.342 13100.317 195.69063
573.73 24908.168 55.524 13072.134 190.93024
574.89 25166.428 452.697 13544.0 188.77976
576.05 25550.824 476.158 13770.987 188.60465
577.21 25590.029 157.714 13514.587 190.40621
578.37 25933.91 18.954 13640.76 190.24611
579.53 26652.357 193.644 13978.47 191.94086
580.69 27011.082 597.535 14724.34 186.97467
581.85 27540.031 351.919 14327.072 194.54607
583.01 28687.014 401.88 14435.816 201.54811
584.17 29191.082 484.83 14656.854 202.55576
585.33 29982.893 572.517 14948.496 204.57999
586.49 30215.961 377.763 14735.049 207.82618
587.65 30166.014 573.278 15187.824 202.48823
588.81 30276.031 566.521 15553.064 198.24124
589.97 30538.082 929.433 15628.847 201.42741
591.13 30179.443 421.02 15287.808 200.16714
592.29 29942.1 336.574 15254.096 198.46142
593.45 29481.428 213.595 14965.508 198.40026
594.61 29479.186 134.052 15178.927 195.0507
595.77 29206.186 196.961 15395.896 190.86353
596.93 29496.203 91.091 14998.683 197.24924
598.09 29172.047 382.753 15545.343 189.87056
599.24 29723.324 138.067 15446.458 193.2617
600.4 29683.461 291.763 15433.549 194.10985
601.56 29481.428 233.39 15322.522 193.83512
602.72 30644.254 368.616 15465.42 200.54336
603.87 31077.771 473.064 15310.146 206.27174
605.03 31115.754 232.116 15238.92 205.79757
606.19 31562.754 148.514 14826.428 214.02387
607.35 31282.1 -3.926 15131.096 206.71279
608.5 31590.047 594.457 15492.328 208.05382
609.66 31674.635 989.651 15859.107 206.36251
610.82 31515.84 146.299 15137.236 209.2567
611.97 30672.514 125.084 14915.802 206.53109
613.13 31261.635 573.754 15514.6 205.39587
614.29 30216.428 496.993 15383.016 199.64658
615.44 30331.721 717.539 15456.908 200.91892
616.6 29811.721 180.141 14843.401 202.08043
617.76 29842.703 663.0 15414.652 197.80634
618.91 29693.979 726.314 15170.268 200.55218
620.07 28901.135 641.049 15204.114 194.05314
621.22 29049.824 17.567 14577.958 199.39201
622.38 29739.514 1061.084 15637.302 196.74809
623.53 29004.461 78.366 14625.542 198.84337
624.69 29551.082 112.137 14268.832 207.95069
625.84 29396.857 217.542 14299.978 207.20361
627.0 29705.736 488.964 14831.709 203.70419
628.15 29729.703 -0.398 14734.646 201.7646
629.31 29949.014 318.175 14728.331 205.62469
630.46 29940.961 -23.532 14344.034 208.5565
631.61 29441.445 374.134 14629.264 203.90773
632.77 30546.064 228.189 14833.106 207.58677
633.92 30023.514 495.38 14691.816 207.9968
635.08 30207.65 949.577 15177.407 205.63974
636.23 30073.514 308.482 14744.809 206.18148
637.38 29533.789 -74.511 14334.446 205.48538
638.54 29898.324 654.76 15135.48 201.94827
639.69 29138.668 936.831 15459.111 194.19703
640.84 29145.889 490.402 14738.753 201.11441
641.99 29041.648 97.409 14039.882 207.5976
643.15 29453.41 816.916 14835.512 204.27505
644.3 28706.17 95.422 14179.142 203.14767
645.45 28895.93 -58.071 14110.771 204.34979
646.6 28932.691 811.436 15075.401 197.14893
647.75 29066.951 161.942 14418.031 202.75553
648.91 29443.213 -136.551 13971.661 209.66345
650.06 29490.473 225.455 14825.291 200.44758
651.21 30138.232 417.462 14565.42 210.0711
652.36 30174.494 450.969 14709.05 208.46792
653.51 29819.754 101.475 14213.68 210.58566
654.66 29868.514 273.982 14861.81 202.87141
655.81 30507.775 651.989 15048.939 207.37577
656.96 30375.035 69.495 14402.569 211.43783
658.11 30856.295 365.002 14800.199 211.22879
659.27 30239.057 531.009 14925.328 206.38731
660.42 30494.316 29.015 14459.958 211.11096
661.57 30645.578 421.022 14835.088 209.68793
662.72 29882.838 -139.971 14611.718 203.52116
663.87 30198.598 -99.965 14122.848 213.02793
665.01 30101.859 316.042 14693.978 207.16338
666.16 30471.119 41.049 14739.607 207.02758
667.31 30548.379 95.555 14982.237 204.56421
668.46 31326.141 760.562 15722.366 204.29073
669.61 30332.9 206.069 15547.996 196.36928
670.76 31107.16 4.575 15214.626 204.48706
671.91 31431.422 769.582 16378.756 196.43474
673.06 32630.182 519.589 16014.886 207.22799
674.21 31019.943 -161.405 15583.016 198.04697
675.35 32181.703 284.102 15720.146 206.64363
676.5 31832.463 167.609 15849.774 201.91633
677.65 32485.725 72.615 15783.904 206.30458
678.8 31972.984 -110.878 15727.034 202.57634
679.94 33545.246 40.629 16048.164 209.30528
681.09 34383.504 370.135 17049.793 203.92126
682.24 34872.766 363.142 17513.924 201.21312
683.39 34896.527 -1.851 17222.553 202.61008
684.53 36194.285 558.155 17196.684 214.17838
685.68 35773.547 214.662 17614.813 204.35964
686.83 35976.809 301.169 17607.443 206.1428
687.97 35084.566 298.175 17622.072 200.80003
689.12 36596.328 178.182 17514.703 210.06606
690.27 35535.59 68.189 17408.832 204.53336
691.41 36020.848 468.195 17969.961 203.13752
692.56 35364.609 358.702 17742.592 201.36982
693.7 36525.371 378.709 17681.721 208.90387
694.85 36378.133 48.215 17192.852 211.90253
695.99 35968.391 398.222 17794.98 204.46435
697.14 35832.152 184.229 17551.111 205.2638
698.28 36037.414 342.735 18251.74 199.31135
699.43 36068.172 391.242 18390.369 198.21478
700.57 35582.934 -74.251 17710.5 200.49302
701.72 36192.195 -50.745 17219.129 209.86222
702.86 35461.953 -107.738 17549.26 201.44813
704.01 36529.715 50.269 17415.389 210.0731
705.15 36398.477 433.275 18332.02 200.93701
706.29 37477.734 126.782 17723.648 212.25911
707.44 36944.996 171.288 18374.777 202.01461
708.58 37484.758 -124.205 17936.408 208.23746
709.72 37191.516 629.302 18731.037 201.98182
710.87 37351.777 -137.192 17783.168 209.19764
712.01 36969.539 0.315 17644.297 209.5288
713.15 37486.797 217.322 18427.928 204.65807
714.3 37890.559 348.828 17921.557 213.63632
715.44 37391.82 92.335 18611.186 201.41361
716.58 37732.582 277.342 18420.816 206.43918
717.72 36875.84 52.848 18398.945 200.71295
718.87 38343.602 240.855 18262.076 211.43266
720.01 36282.363 117.362 18078.205 201.3547
721.15 37410.121 -54.132 17879.836 208.90108
722.29 37644.383 345.875 18022.965 210.99914
723.43 37568.145 498.882 18553.596 205.31626
724.57 37616.902 450.388 18287.225 208.36943
725.72 36790.164 244.895 18067.354 205.05178
726.86 36942.426 678.902 18459.484 203.95014
728.0 36901.684 164.408 17772.113 208.64318
729.14 37285.945 -2.085 17477.244 213.32644
730.28 36278.707 481.422 17805.373 206.63464
731.42 36292.465 10.928 17753.004 204.49432
732.56 37033.227 722.435 18545.133 203.73342
733.7 36312.488 386.942 18597.262 197.28125
734.84 36571.246 -127.052 17331.393 210.20371
735.98 37024.508 148.955 17932.521 207.35747
737.12 36949.77 -3.038 17789.152 207.69116
738.26 36446.527 17.468 17486.281 208.53769
739.4 36627.289 228.475 17917.912 205.76581
740.53 36574.051 407.482 18162.541 203.69726
741.67 35940.813 273.488 17733.67 204.27808
742.81 36943.57 -222.505 17185.301 213.50235
743.95 36291.332 241.002 17969.93 203.34185
745.09 36028.594 19.508 17370.561 207.53257
746.23 35851.352 399.515 17605.189 206.04735
747.36 35913.113 453.522 17477.32 208.29424
748.5 35605.375 60.028 17069.949 208.96832
749.64 34287.633 25.035 17006.078 201.76969
750.78 34982.895 -5.458 16833.209 207.78576
751.92 35176.656 74.548 16909.838 208.50314
753.05 34414.414 155.555 16258.969 212.74283
754.19 35193.676 635.562 16783.098 214.01478
755.33 33110.438 -151.932 16117.228 204.45045
756.46 33745.195 245.075 16057.357 211.86138
757.6 32830.957 82.082 15697.487 209.72158
758.74 32466.717 562.088 16315.617 202.52369
759.87 32473.979 244.595 16092.247 203.37008
761.01 31482.738 271.102 15563.377 204.10067
762.14 31609.0 234.608 15825.006 201.24177
763.28 32041.26 408.115 15272.136 212.81688
764.41 31127.02 249.121 15157.766 207.11406
765.55 30895.781 -123.872 14748.896 208.56679
766.69 30064.041 289.635 15202.025 199.66219
767.82 30165.301 266.641 15014.155 202.73695
768.95 30345.563 26.148 14525.285 209.11185
770.09 29829.322 737.655 15281.915 200.02164
771.22 30260.582 661.661 15275.044 202.54668
772.36 29331.844 504.168 14678.674 203.37694
773.49 29067.104 489.175 14838.804 199.15448
774.63 28796.865 196.181 14003.434 207.14247
775.76 27358.625 154.688 13969.563 196.91771
776.89 28009.385 428.195 14067.693 202.21557
778.03 28246.146 360.201 13450.823 213.02231
779.16 27454.406 8.708 13358.952 205.582
780.29 27106.666 308.215 13035.582 210.5577
781.43 27740.928 606.221 13093.712 217.29511
782.56 26258.688 315.228 13181.842 201.63393
783.69 25747.949 11.735 12475.972 206.48047
784.82 25373.709 233.241 12821.602 199.71201
785.96 25074.969 116.748 12587.731 200.13033
787.09 24805.73 204.255 12186.361 205.31845
788.22 24677.99 394.261 12237.99 205.03449
789.35 24202.25 157.768 11739.62 207.60481
790.48 24063.012 142.275 12009.25 201.574
791.62 23299.271 580.281 11944.38 199.91898
792.75 23142.031 5.288 11194.01 206.7863
793.88 22629.793 737.795 11788.14 198.11145
795.01 22998.553 353.801 11355.77 205.82455
796.14 23140.814 404.808 11514.898 204.64286
797.27 21342.074 493.815 11487.528 189.63801
798.4 21489.834 283.321 10909.158 199.57499
799.53 21153.596 -4.672 10310.788 205.11221
800.66 20951.355 316.335 10739.418 197.97425
801.79 21071.115 1276.841 11846.548 187.27364
802.92 20609.377 199.848 10216.178 203.76255
804.05 19957.137 381.855 10327.308 196.82645
805.18 19414.896 290.861 10017.937 196.60622
806.31 19792.658 215.868 9756.066 205.20318
807.44 19442.418 -64.625 9580.196 202.25406
808.57 19624.68 400.381 10089.826 198.40454
809.69 19767.439 400.888 9940.456 203.01287
810.82 18154.199 -163.605 9102.586 197.68429
811.95 19443.961 988.401 10112.216 202.27899
813.08 18193.721 103.908 8928.345 204.9968
814.21 18880.98 1064.915 10169.975 195.67214
815.33 18436.242 282.921 9203.104 203.50839
816.46 17626.502 308.928 9013.734 198.94267
817.59 17491.262 847.435 9490.864 192.56045
818.72 17361.523 504.441 8670.494 206.42876
819.84 17204.283 896.448 9116.124 198.39997
820.97 16456.045 446.454 8550.754 197.54441
822.1 16174.805 593.961 8538.383 196.12307
823.22 15721.065 -30.532 7767.513 201.99419
824.35 15814.825 92.474 7844.143 202.82539
825.48 15469.586 574.481 7850.272 204.72144
826.6 15420.847 310.488 7455.902 211.46931
827.73 14895.606 -144.506 7245.032 203.53253
828.85 14576.867 268.501 7361.662 201.7206
829.98 14848.128 610.008 7638.292 202.58317
831.11 14047.889 70.014 6945.921 203.28772
832.23 14229.148 81.521 6962.051 205.61829
833.36 14293.909 524.528 7592.181 194.82255
834.48 13447.17 259.034 6894.811 198.74292
835.6 13926.431 482.041 7014.94 205.79514
836.73 13698.19 -7.952 6711.07 203.99014
837.85 13193.451 535.054 6989.7 196.11297
838.98 12566.212 -104.439 6228.33 200.08075
840.1 13512.972 458.568 6766.959 206.93713
841.23 12860.732 371.074 6570.589 201.46187
842.35 12830.493 720.581 7111.219 189.49458
843.47 12763.754 248.588 6354.849 204.9563
844.6 12114.514 26.594 6149.978 197.40588
845.72 12159.774 155.101 6077.608 202.69581
846.84 12689.535 134.608 5955.738 215.67852
847.96 12243.296 139.114 5813.368 213.31761
849.09 12156.556 58.121 5820.497 209.95566
850.21 11914.816 232.628 5935.127 204.86085
851.33 11753.077 385.134 5976.757 203.30312
852.45 11091.337 25.141 5610.387 198.13266
853.57 11062.098 232.148 5832.016 193.39651
854.7 10982.358 67.654 5477.146 201.7695
855.82 10878.619 -0.339 5659.776 192.20384
856.94 10946.879 485.168 5827.405 195.83014
858.06 10645.64 -64.326 5132.035 206.10511
859.18 10452.4 425.181 5653.165 191.79897
860.3 10596.661 244.688 5345.295 202.9557
861.42 10594.921 -89.306 5013.424 209.38256
862.54 10265.182 -65.799 4962.554 205.45455
863.66 10310.942 50.708 4975.184 208.35179
864.78 9962.202 186.714 5073.814 200.02636
865.9 10033.963 244.221 5222.943 196.63161
867.02 10462.224 1277.228 6443.073 177.80237
868.14 10606.984 879.234 5701.203 201.73813
869.26 9804.244 575.741 5163.833 201.14032
870.38 9472.005 -90.252 4456.962 210.28822
871.5 9587.766 -94.746 4453.592 212.8802
872.62 9418.026 69.761 4578.222 207.34936
873.74 9396.286 699.268 5511.852 180.71411
874.85 9165.917 40.271 4430.417 207.86659
875.97 8871.417 286.271 4564.417 200.67447
877.09 9510.417 373.271 4811.917 205.85437
878.21 8438.917 220.771 4370.917 198.02067
879.33 8917.917 334.771 4641.417 199.30003
880.44 8455.917 254.771 4375.417 199.02575
881.56 8023.417 111.271 4114.417 197.64821
882.68 8144.917 256.271 4367.917 191.86103
883.79 8742.417 826.771 4988.417 190.20471
884.91 8244.417 -58.229 3702.917 220.74778
886.03 7937.917 456.271 4455.417 187.0811
887.14 7996.417 659.271 4800.417 177.17671
888.26 8308.917 777.271 4809.917 186.76687
889.38 8575.917 636.271 4577.417 201.45528
890.49 7988.417 -89.729 4014.417 196.82891
891.61 8732.917 307.771 4176.917 217.75211
892.72 8004.417 -13.229 4058.417 196.91412
893.84 8596.917 -99.229 3906.917 217.07013
894.95 8028.417 -87.229 3941.917 201.42347
896.07 8480.417 152.271 4075.417 212.28235
897.18 8501.417 384.271 4307.417 206.90402
898.3 7943.917 -41.229 3881.917 203.53935
899.41 8228.917 577.271 4446.917 197.73506
900.53 8071.417 335.771 4029.417 209.43117
901.64 8166.417 462.271 4350.417 198.14447
902.75 7829.417 262.771 4055.917 199.48206
903.87 7764.917 116.771 3876.417 203.42729
904.98 7796.917 403.771 4044.917 203.04448
906.09 7748.917 235.771 3943.917 202.61192
907.21 7183.417 438.771 3919.917 193.74786
908.32 7656.917 198.271 3488.417 226.6965
909.43 7353.417 650.771 3977.917 201.45331
910.54 7043.417 280.271 3820.917 191.01446
911.66 7452.417 1160.771 4581.417 183.93152
912.77 6603.917 85.771 3214.417 208.3376
913.88 6627.417 300.271 3645.417 189.14409
914.99 6338.417 69.271 3371.417 189.85066
916.1 6589.417 349.771 3617.417 190.95232
917.22 6075.917 58.771 2918.417 210.41576
918.33 6300.917 688.771 3724.917 184.8444
919.44 6501.917 270.271 3384.417 200.1077
920.55 6738.417 660.771 3674.417 201.67086
921.66 6148.917 428.771 3272.917 201.11998
922.77 5906.917 488.271 3282.417 193.92852
923.88 6051.917 623.271 3542.917 185.93507
924.99 6068.417 373.771 3227.417 199.55684
926.1 5299.917 -11.229 2623.917 201.55034
927.21 5413.917 652.771 3484.417 168.14057
928.32 4960.917 -84.729 2456.417 198.55789
929.43 5140.917 251.771 2756.917 195.16411
930.54 4815.917 111.271 2439.417 202.07692
931.65 4857.917 266.271 2607.917 196.08625
932.76 4804.417 381.771 2750.917 186.6768
933.86 4673.917 302.271 2464.417 202.19013
934.97 4570.417 113.771 2305.417 203.34698
936.08 4157.917 164.771 2138.417 202.32331
937.19 4260.917 708.271 2768.917 172.40447
938.3 3782.417 472.271 2273.917 183.72899
939.4 3576.417 674.771 2431.417 165.18103
940.51 3231.917 305.271 1864.417 187.70829
941.62 3081.917 503.771 1984.417 174.12307
942.73 3366.917 1102.771 2513.917 160.44733
943.83 2741.917 302.771 1592.417 189.13301
944.94 2766.917 338.271 1721.417 175.58857
946.05 2465.417 -35.729 1180.417 205.66168
947.15 2595.417 -25.729 1255.417 204.59388
948.26 2752.917 228.771 1623.917 180.92345
949.36 2756.917 98.271 1469.917 193.8289
950.47 2972.417 326.771 1819.917 177.18604
951.57 3271.417 844.771 2349.917 161.2233
952.68 3050.917 568.771 1976.417 176.33313
953.79 3123.417 439.271 2026.417 169.11779
954.89 2988.417 121.771 1668.417 185.34599
955.99 3138.417 391.271 2152.917 155.942
957.1 3070.917 230.271 1637.417 201.87289
958.2 3006.417 271.271 1806.417 178.16848
959.31 3159.917 455.771 2090.917 165.37643
960.41 2991.917 130.271 1642.917 189.18149
961.52 2933.417 10.271 1452.917 202.62395
962.62 3074.417 493.771 1946.917 177.5903
963.72 2762.917 -50.729 1492.417 182.33183
964.83 2966.417 -70.729 1396.917 206.93998
965.93 3156.917 341.771 1883.917 182.54733
967.03 3327.917 714.271 2232.917 172.10371
968.13 3061.417 466.771 1975.417 171.9851
969.24 2847.417 175.771 1604.417 187.00548
970.34 2910.917 206.771 1605.917 193.2712
971.44 2972.917 265.771 1650.417 195.5118
972.54 2949.417 346.771 1881.917 169.53738
973.64 2730.917 142.271 1643.917 172.38725
974.75 3295.417 1069.771 2472.917 158.61828
975.85 4318.917 3162.271 4867.417 67.83266
976.95 2588.417 189.771 1479.917 185.92053
978.05 2881.417 525.771 1934.917 167.16836
979.15 3061.417 896.271 2298.917 154.36154
980.25 2639.917 99.771 1282.917 214.69424
981.35 2547.917 179.271 1406.417 193.02074
982.45 3046.417 891.771 2297.417 153.28511
983.55 2714.917 462.771 1760.417 173.55629
984.65 2722.417 418.271 1628.917 190.3237
985.75 2667.417 675.271 1828.917 172.68263
986.85 2378.917 372.271 1638.417 158.48459
987.95 2244.417 185.271 1345.917 177.41381
989.05 2533.417 783.271 2071.417 135.8655
990.15 2449.917 628.271 1710.417 168.33646
991.25 2227.417 443.271 1513.917 166.64203
992.34 2347.417 835.771 1982.917 131.77452
993.44 2191.917 478.271 1473.917 172.11401
994.54 2171.417 386.771 1334.417 188.32415
995.64 2396.917 731.271 1754.417 162.79654
996.74 2278.417 789.271 1829.917 143.09825
997.83 1815.417 73.771 1008.417 186.34286
998.93 1964.917 315.271 1299.917 167.53698
1000.03 2400.917 1230.771 2285.917 110.89897
1001.12 2148.917 704.771 1735.417 140.12049
1002.22 2052.417 729.271 1828.417 120.37947
1003.32 1744.917 272.271 1190.917 160.30616
1004.41 1789.917 467.271 1408.417 140.5357
1005.51 1703.917 402.771 1217.917 159.62124
1006.6 1477.417 188.771 987.917 161.25289
1007.7 1726.417 624.271 1470.917 130.17791
1008.8 1474.917 103.271 755.917 210.16694
1009.89 1629.417 577.771 1331.917 139.4486
1010.99 1626.417 384.771 1149.417 162.38183
1012.08 1420.417 47.271 826.417 176.23732
1013.18 1584.417 394.271 1240.917 140.57187
1014.27 1646.417 202.271 1009.417 178.92005
1015.36 1683.417 334.271 1124.417 170.74644
1016.46 1668.417 402.771 1194.917 159.77435
1017.55 1375.417 148.271 862.917 171.71383
1018.65 1636.417 496.771 1208.917 160.02984
1019.74 1635.917 586.771 1441.917 122.68619
1020.83 1508.917 505.271 1239.417 136.70933
1021.93 1478.417 280.271 1081.417 149.55403
1023.02 1274.417 38.271 740.917 175.92729
1024.11 1207.917 63.771 754.417 165.66317
1025.2 1226.917 88.271 722.417 179.55582
1026.3 1406.917 454.271 1131.917 140.58167
1027.39 1330.417 597.771 1268.417 109.24482
1028.48 1247.417 486.771 1072.417 129.88154
1029.57 1159.917 312.771 901.917 143.7922
1030.66 1222.917 451.771 1035.417 132.12565
1031.75 1766.917 1483.271 2155.917 42.16866
1032.84 1239.417 652.771 1237.417 100.34209
1033.94 964.417 161.271 678.417 155.30355
1035.03 1270.417 773.771 1262.917 101.53329
1036.12 856.917 90.271 614.917 146.12635
1037.21 903.417 66.771 609.417 154.17898
1038.3 1126.417 522.771 1049.417 114.62083
1039.39 851.417 153.271 549.417 176.23455
1040.48 956.417 455.771 904.417 111.59043
1041.57 1071.417 616.271 1021.917 112.20275
1042.66 917.417 441.771 862.917 112.94089
1043.74 914.917 508.271 928.417 96.78683
1044.83 886.917 543.271 974.917 79.61292
1045.92 640.417 45.771 481.917 136.34106
1047.01 921.917 617.771 1054.417 69.65505
1048.1 609.417 96.771 402.417 167.72546
1049.19 865.917 502.271 822.417 113.58756
1050.27 722.917 342.271 705.417 104.819
1051.36 703.917 305.271 681.417 105.98172
1052.45 783.917 469.771 875.417 77.44338
1053.54 705.417 466.771 758.417 81.82727
1054.62 766.917 525.271 900.417 64.41384
1055.71 751.917 467.771 822.917 80.00821
1056.8 822.917 688.271 1055.917 36.6238
1057.88 617.917 328.771 652.417 89.3402
1058.97 691.917 458.771 804.417 67.45223
1060.06 875.917 834.771 1296.917 8.90322
1061.14 627.417 367.771 664.417 87.52721
1062.23 1324.417 1608.271 2089.917 -58.93422
1063.31 682.917 547.271 887.917 39.8202
1064.4 597.417 279.271 610.417 96.07424
1065.48 643.417 526.771 738.917 54.98381
1066.57 568.417 362.771 691.917 62.47864
1067.65 620.917 543.771 885.417 22.58065
1068.74 579.917 357.271 635.417 80.04644
1069.82 581.417 544.271 856.417 11.90016
1070.9 1576.417 2151.771 2635.417 -118.96183
1071.99 649.917 561.771 908.917 25.39159
1073.07 576.917 491.771 826.917 25.40561
1074.15 641.417 576.771 914.417 19.14606
1075.24 572.917 526.771 764.417 19.41792
1076.32 631.417 625.771 880.417 2.21715
1077.4 839.917 963.771 1324.417 -34.34232
1078.49 437.417 218.271 494.417 79.35873
1079.57 626.417 655.271 905.917 -11.51191
1080.65 805.917 866.771 1207.917 -17.83816
1081.73 500.417 382.771 651.417 43.79216
1082.81 337.417 238.271 479.917 41.0294
1083.89 561.417 548.771 799.417 5.04532
1084.98 552.917 533.271 847.417 6.25374
1086.06 371.917 267.771 470.917 51.26653
1087.14 356.417 283.771 487.417 35.67263
1088.22 500.417 524.771 765.417 -10.12033
1089.3 343.417 261.771 458.417 41.51922
1090.38 846.917 1101.771 1433.417 -76.8453
1091.46 542.917 598.771 838.417 -23.30694
1092.54 457.917 405.771 657.917 20.68081
1093.62 497.417 412.771 674.917 32.28959
1094.7 319.917 186.271 429.417 54.9653
1095.78 488.417 490.771 699.917 -1.12562
1096.86 485.917 545.771 843.917 -20.07546
1097.93 913.417 1146.271 1458.417 -74.5979
1099.01 610.417 802.271 1099.917 -64.45719
1100.09 376.917 334.271 492.917 26.88115
