196.55 770.836 972.948 1339.379 -55.1569
197.76 1042.95 1427.472 1995.603 -67.68181
198.96 997.722 1340.45 1803.191 -74.06499
200.16 628.591 796.077 1227.164 -38.85205
201.36 1136.559 1587.379 2062.06 -94.97331
202.56 756.191 990.115 1401.163 -56.90925
203.76 649.858 849.94 1265.984 -48.09152
204.96 732.024 932.264 1411.806 -41.75657
206.16 579.544 712.367 946.298 -56.77828
207.36 950.368 1181.173 1687.519 -45.58224
208.56 806.164 1052.507 1476.29 -58.12951
209.76 572.461 637.704 982.138 -18.94227
210.96 716.756 888.539 1380.408 -34.92436
212.16 1426.535 2056.997 2537.841 -131.11587
213.36 873.897 1126.644 1600.47 -53.34177
214.56 762.428 890.479 1274.997 -33.3018
215.76 1216.358 1834.94 2402.485 -108.99266
216.96 1114.687 1568.862 2050.473 -94.3033
218.16 760.76 985.792 1447.599 -48.72854
219.35 628.573 716.838 1152.749 -20.2485
220.55 735.301 872.359 1328.661 -30.03677
221.75 680.433 810.596 1150.265 -38.32038
222.95 1033.723 1461.314 1932.768 -90.69604
224.15 872.127 1090.029 1574.459 -44.981
225.35 656.685 782.472 1287.36 -24.91388
226.55 665.33 792.831 1188.111 -32.25586
227.75 1061.223 1378.814 1879.768 -63.39707
228.94 875.461 1122.204 1555.138 -56.99342
230.14 787.305 919.113 1379.351 -28.63897
231.34 688.392 847.028 1265.702 -37.89007
232.54 653.62 780.549 1133.115 -36.00152
233.74 695.43 805.869 1171.11 -30.23733
234.93 729.957 791.951 1221.947 -14.41737
236.13 760.47 951.574 1439.095 -39.19907
237.33 707.147 930.131 1313.452 -58.17164
238.53 691.03 887.381 1239.073 -55.83031
239.72 1033.678 1373.993 1901.015 -64.57305
240.92 545.99 562.676 918.088 -4.69493
242.12 919.981 1152.807 1622.13 -49.60879
243.31 678.412 755.63 1186.695 -17.91341
244.51 589.421 627.0 952.653 -11.53951
245.71 1023.359 1278.803 1722.062 -57.62863
246.9 1201.921 1688.0 2212.153 -92.73607
248.1 737.843 950.954 1448.759 -42.81005
249.3 727.595 982.33 1398.854 -61.15745
250.49 758.988 893.313 1321.511 -31.36975
251.69 854.562 1049.106 1539.214 -39.69395
252.89 775.526 916.154 1388.919 -29.74584
254.08 562.961 579.204 954.138 -4.33238
255.28 765.629 976.919 1400.072 -49.93206
256.47 557.626 577.666 955.382 -5.30555
257.67 862.055 1159.099 1530.833 -79.90779
258.86 973.636 1172.898 1590.417 -47.72529
260.06 741.367 917.809 1356.442 -40.22558
261.26 1042.999 1459.546 1914.546 -91.54866
262.45 772.606 939.063 1294.389 -46.84638
263.65 528.148 565.158 907.488 -10.81122
264.84 806.013 1081.531 1469.771 -70.96602
266.04 605.526 804.154 1217.419 -48.0631
267.23 514.269 487.661 823.556 7.92146
268.42 578.834 706.584 1015.802 -41.31414
269.62 731.276 882.641 1322.401 -34.41985
270.81 728.053 959.736 1397.256 -52.95365
272.01 650.863 923.056 1333.752 -66.2761
273.2 860.399 1164.034 1567.583 -75.24115
274.4 567.323 664.852 908.767 -39.98455
275.59 880.916 1028.883 1499.385 -31.44891
276.78 782.446 892.718 1361.913 -23.50245
277.98 640.182 772.746 1191.206 -31.67899
279.17 673.339 903.201 1285.069 -60.19388
280.37 699.2 837.985 1198.621 -38.4833
281.56 467.008 528.915 926.504 -15.57065
282.75 588.399 617.508 1021.047 -7.21331
283.95 694.119 801.186 1237.537 -24.53692
285.14 688.361 863.193 1247.675 -45.47199
286.33 536.41 700.267 1012.118 -52.54331
287.52 798.885 948.548 1368.358 -35.65032
288.72 886.986 1136.95 1615.434 -52.24061
289.91 1006.051 1410.373 1957.179 -73.94234
291.1 803.771 1007.024 1453.634 -45.51044
292.29 779.669 997.623 1395.057 -54.84027
293.49 767.439 1044.239 1446.568 -68.79925
294.68 596.081 729.845 997.629 -49.95206
295.87 652.941 803.102 1201.145 -37.72484
297.06 780.294 940.38 1418.817 -33.46014
298.26 473.376 420.179 733.9 16.95679
299.45 694.912 789.13 1098.195 -30.48502
300.64 676.301 822.859 1190.661 -39.8471
301.83 711.392 857.028 1294.202 -33.31302
303.02 622.151 630.384 1057.142 -1.92926
304.21 885.006 1123.525 1573.39 -53.02019
305.4 710.18 875.356 1160.092 -58.01019
306.59 724.126 920.166 1316.882 -49.41563
307.79 619.242 803.053 1187.683 -47.78898
308.98 551.805 579.113 932.851 -7.71971
310.17 802.393 966.081 1430.275 -35.26296
311.36 675.349 857.597 1178.563 -56.78108
312.55 1099.912 1560.657 2066.731 -91.04289
313.74 531.066 584.359 957.404 -14.28585
314.93 854.664 1009.007 1474.29 -33.17184
316.12 634.727 787.067 1192.958 -37.53213
317.31 463.852 406.823 740.217 17.10555
318.5 507.066 574.859 920.404 -19.61904
319.69 685.503 830.799 1262.736 -33.63822
320.88 663.689 736.225 1134.55 -18.21038
322.07 564.532 607.271 993.686 -11.06033
323.26 566.194 607.342 935.817 -12.52679
324.45 440.508 447.415 793.504 -1.99576
325.64 620.803 766.749 1195.274 -34.05777
326.83 790.771 996.024 1395.634 -51.36364
328.01 580.236 738.436 1110.916 -42.47216
329.2 804.742 976.053 1403.683 -40.06052
330.39 625.294 727.38 1086.817 -28.40154
331.58 560.765 542.908 969.366 4.18734
332.77 959.713 1253.081 1742.233 -59.97483
333.96 463.731 448.82 671.648 6.69168
335.15 534.207 524.964 868.466 2.69074
336.33 515.265 590.908 878.866 -26.26867
337.52 610.508 719.415 1040.504 -33.9181
338.71 584.722 710.45 1050.191 -37.00728
339.9 544.38 614.932 995.09 -18.55867
341.08 590.104 688.2 1067.812 -25.84107
342.27 730.071 879.475 1376.672 -30.04922
343.46 834.31 1063.729 1446.619 -59.91767
344.65 776.81 897.229 1356.119 -26.2413
345.83 849.281 983.257 1460.668 -28.06298
347.02 490.524 470.264 791.306 6.31067
348.21 830.834 1021.584 1513.302 -38.79271
349.4 512.057 462.989 862.946 12.26824
350.58 626.264 718.045 1108.789 -23.48883
351.77 508.93 575.369 941.11 -18.16562
352.96 440.955 324.088 698.37 31.2244
354.14 626.872 619.926 1114.21 1.40536
355.33 537.412 536.13 920.695 0.33326
356.51 431.084 387.098 701.82 13.97631
357.7 618.583 679.734 1173.743 -12.37872
358.89 534.832 511.721 949.225 5.28252
360.07 809.327 915.105 1399.957 -21.81649
361.26 928.289 1061.79 1572.085 -26.16149
362.44 670.73 733.483 1177.108 -14.14568
363.63 603.476 481.743 950.435 25.97285
364.81 588.416 531.437 1069.458 10.59064
366.0 483.708 276.518 729.538 45.73535
367.18 1158.074 1403.392 2092.821 -35.58272
368.37 570.353 529.85 875.253 11.72618
369.55 729.757 737.065 1246.445 -1.43482
370.74 788.999 911.572 1458.582 -22.40781
371.92 976.746 1158.332 1668.41 -35.59982
373.11 630.507 476.078 1016.963 28.55109
374.29 568.947 421.772 908.985 30.2076
375.48 619.09 531.741 1060.623 16.51582
376.66 556.543 441.53 902.257 24.96332
377.84 930.353 953.85 1582.253 -3.73922
379.03 619.271 405.051 908.67 42.53615
380.21 551.648 332.184 747.024 52.90327
381.39 444.619 266.212 675.074 43.63499
382.58 826.65 816.548 1409.101 1.70484
383.76 1087.282 1148.784 1715.705 -10.84842
384.94 1060.155 1254.164 1936.868 -28.4177
386.13 655.992 426.593 963.237 42.74701
387.31 801.489 618.339 1185.047 32.31808
388.49 737.769 474.688 1029.093 47.45297
389.68 854.373 637.952 1263.246 34.61098
390.86 815.358 567.466 1204.521 38.91216
392.04 1097.112 982.706 1677.693 16.46151
393.22 828.358 445.466 1111.021 57.52973
394.41 848.255 473.202 1085.367 61.2666
395.59 688.737 193.463 865.952 73.64785
396.77 927.005 552.689 1295.349 50.40203
397.95 1030.621 637.576 1375.151 53.2888
399.13 1215.641 792.678 1560.643 55.07573
400.31 1054.701 447.511 1233.657 77.2362
401.5 1211.775 626.304 1514.36 65.92722
402.68 1257.619 734.712 1616.074 59.32943
403.86 1084.63 434.445 1296.108 75.45692
405.04 1356.554 807.263 1861.292 52.11342
406.22 1120.547 367.783 1341.448 77.31239
407.4 1419.671 697.013 1747.671 68.7815
408.58 1575.653 814.301 1875.791 71.72486
409.76 1643.576 947.755 2029.398 64.32997
410.94 1491.858 624.466 1721.521 79.06551
412.12 1296.787 502.9 1505.972 79.14559
413.3 1327.728 359.093 1500.994 84.82647
414.48 1292.834 371.111 1363.838 92.84765
415.66 1473.539 445.277 1491.567 98.27695
416.84 1956.97 1233.1 2392.132 62.45474
418.02 1691.324 623.378 1795.303 91.12747
419.2 1607.485 419.586 1512.357 108.70521
420.38 1584.979 583.97 1792.589 82.82255
421.56 1514.447 427.245 1581.949 94.15416
422.74 1888.911 1081.794 2295.154 66.51915
423.92 1775.329 865.995 2097.57 73.83504
425.1 1651.334 464.111 1706.838 95.53375
426.28 1730.064 405.995 1712.327 101.35779
427.46 2396.443 1356.492 2799.259 72.08033
428.63 1973.452 571.861 2000.716 98.09189
429.81 1930.972 687.964 1968.209 97.09143
430.99 1908.782 754.784 2180.705 80.93003
432.17 2154.467 1145.347 2523.941 73.19916
433.35 1950.374 827.316 2288.823 76.84248
434.52 1712.613 155.069 1442.77 120.95543
435.7 1975.18 376.383 1827.128 110.20523
436.88 2332.592 840.104 2306.7 101.76539
438.06 2295.778 552.531 2072.014 114.72631
439.23 2265.456 399.115 1956.406 119.8453
440.41 2323.555 594.126 2298.869 101.44806
441.59 2435.494 828.456 2548.315 93.44011
442.77 2152.376 276.679 1951.4 112.00055
443.94 2500.912 760.657 2663.231 91.46847
445.12 2662.981 769.833 2568.167 105.27235
446.3 2925.577 1093.118 2946.475 98.87243
447.47 3054.097 666.72 2632.968 121.41792
448.65 3242.548 720.646 2715.525 126.41881
449.82 3078.548 500.146 2418.525 134.40526
451.0 3073.854 609.213 2599.83 123.81291
452.18 3034.117 476.823 2644.96 117.94888
453.35 3142.534 530.16 2753.3 117.5083
454.53 3218.073 558.865 2819.285 117.64223
455.7 3276.204 334.238 2713.311 123.66016
456.88 3887.501 945.935 3424.159 118.69653
458.05 3909.553 591.763 3040.792 135.47369
459.23 4154.282 315.784 2806.205 154.1305
460.4 4457.534 580.16 3298.8 142.62183
461.58 4577.379 719.432 3462.09 140.66453
462.75 4333.981 315.333 3204.667 139.08564
463.93 4541.248 628.696 3520.987 135.27517
465.1 4481.756 525.065 3629.945 127.43462
466.28 4507.706 218.101 3243.888 141.76821
467.45 4595.034 146.66 3291.8 141.43644
468.63 5111.068 523.249 3846.018 138.07217
469.8 5719.403 870.287 4222.273 144.66396
470.97 5710.432 405.259 3823.724 155.19169
472.15 6093.754 595.675 4138.332 155.19652
473.32 6309.706 704.601 4322.388 154.93185
474.49 6345.186 859.499 4671.896 143.89075
475.67 6020.734 507.573 4177.839 150.2115
476.84 5848.978 327.08 4088.476 146.80447
478.01 6093.467 636.347 4688.941 134.65744
479.19 6112.575 548.728 4557.862 138.77929
480.36 6378.914 309.02 4472.808 145.77817
481.53 6814.666 596.897 4836.903 146.64527
482.7 7122.177 497.129 4733.938 156.36881
483.88 7329.653 275.774 4583.755 163.73977
485.05 7581.501 361.935 4823.659 161.81113
486.22 7757.644 478.405 4938.797 163.19727
487.39 7646.698 333.595 4795.508 163.90063
488.56 7710.938 485.876 5021.991 159.27861
489.74 7718.604 897.2 5619.313 144.45662
490.91 7312.405 242.651 4990.851 148.89335
492.08 7386.438 375.876 5230.491 144.41024
493.25 7416.589 278.714 5092.587 148.27719
494.42 7723.774 476.778 5228.824 152.50266
495.59 7954.667 417.26 5317.48 153.81772
496.76 8352.811 465.756 5367.155 160.91436
497.93 8797.457 610.478 5616.483 163.54315
499.1 8868.425 572.753 5591.843 165.28239
500.27 9066.76 1040.792 6267.099 153.56863
501.44 8970.899 1228.534 6296.083 152.78324
502.61 8361.919 423.137 5408.076 159.25535
503.78 8319.493 629.929 5761.278 149.85462
504.95 8469.836 1123.474 6516.415 136.22181
506.12 8078.479 696.943 5888.053 142.19571
507.29 8075.119 335.186 5433.538 151.81245
508.46 8356.891 32.165 5307.125 157.8159
509.63 9190.891 1258.165 6645.125 147.25792
510.8 9591.569 1179.612 6671.095 153.18189
511.97 9394.006 558.552 5824.426 167.78702
513.14 9579.392 258.528 5792.702 168.42375
514.31 9986.182 785.746 6241.206 168.64639
515.48 9805.785 495.01 6045.359 167.75117
516.65 9723.22 525.087 6124.614 164.26625
517.81 9579.245 355.806 5922.374 165.69347
518.98 9619.05 695.01 6349.102 157.83329
520.15 9237.912 161.13 5858.695 159.30985
521.32 9508.827 703.605 6464.457 152.84583
522.49 10174.542 1502.503 7468.221 145.36455
523.65 10303.566 1158.859 7184.404 151.76564
524.82 10201.734 638.073 6545.839 161.88288
525.99 10208.528 78.517 6017.496 170.56823
527.16 11059.539 631.25 6882.031 166.83179
528.32 11322.997 730.182 7018.969 168.43973
529.49 11623.313 411.619 6654.732 179.58498
530.66 11628.044 114.367 6539.298 179.20311
531.82 11675.729 180.957 6592.071 179.29445
532.99 11835.653 320.274 6997.255 172.46385
534.16 11870.546 444.256 7148.912 170.42322
535.32 12043.022 794.401 7641.229 164.28954
536.49 11783.266 294.408 7207.866 166.18105
537.65 12552.249 1011.059 8080.564 163.25316
538.82 12432.109 321.816 7430.58 170.35724
539.99 12571.832 642.721 8076.725 160.46685
541.15 13317.423 818.39 8357.766 165.78339
542.32 13796.692 147.979 7854.74 177.1005
543.48 14910.762 811.155 8785.676 176.8082
544.65 15325.752 992.785 8917.718 180.85917
545.81 16573.26 1483.292 10133.099 174.45439
546.98 16664.563 503.106 9285.714 184.0166
548.14 17331.76 783.792 9857.099 182.38078
549.31 17359.051 402.873 9415.179 188.14472
550.47 17424.479 469.443 9763.554 182.42774
551.63 17852.246 914.806 10766.874 171.91761
552.8 17931.6 454.584 10034.545 182.43305
553.96 17870.822 459.852 10240.767 178.00963
555.13 17998.223 391.45 10690.69 170.95215
556.29 18706.834 934.084 11394.302 169.90803
557.45 18739.35 274.46 10552.64 179.65136
558.62 19508.328 523.468 11224.534 177.41092
559.78 20049.563 771.606 11627.214 177.58523
560.94 20305.814 371.982 11276.809 182.79825
562.11 21398.455 391.088 11510.37 188.92737
563.27 21893.072 157.975 11361.672 193.99933
564.43 22264.9 32.397 11656.66 191.25947
565.59 22819.072 205.838 12004.749 191.65527
566.76 23144.734 351.073 12192.839 192.48532
567.92 23777.438 571.349 12448.455 195.38504
569.08 23643.877 715.042 13216.978 183.40228
570.24 23777.535 352.024 12896.877 186.73404
571.4 24134.809 226.366 12819.042 189.8599
572.57 23617.695 367.342 13100.317 182.59953
573.73 23430.271 55.524 13072.134 179.57631
574.89 24350.219 452.697 13544.0 182.54502
576.05 24722.148 476.158 13770.987 182.37158
577.21 24754.59 157.714 13514.587 184.15146
578.37 25067.344 18.954 13640.76 183.8845
579.53 25975.896 193.644 13978.47 187.03358
580.69 26513.635 597.535 14724.34 183.45337
581.85 26856.629 351.919 14327.072 189.65595
583.01 27740.295 401.88 14435.816 194.80218
584.17 28106.096 484.83 14656.854 194.89993
585.33 28909.027 572.517 14948.496 197.11013
586.49 28942.789 377.763 14735.049 198.9584
587.65 28552.773 573.278 15187.824 191.44963
588.81 28481.148 566.521 15553.064 186.26461
589.97 28796.115 929.433 15628.847 189.57683
591.13 27919.914 421.02 15287.808 184.96864
592.29 27853.471 336.574 15254.096 184.46024
593.45 27802.697 213.595 14965.508 187.02051
594.61 27696.006 134.052 15178.927 183.19829
595.77 27593.586 196.961 15395.896 180.25358
596.93 27672.342 91.091 14998.683 185.0148
598.09 28000.424 382.753 15545.343 182.14349
599.24 28177.227 138.067 15446.458 183.16203
600.4 28564.289 291.763 15433.549 186.71857
601.56 28185.658 233.39 15322.522 185.24768
602.72 29349.426 368.616 15465.42 191.96653
603.87 29722.342 473.064 15310.146 197.13632
605.03 29642.426 232.116 15238.92 195.97984
606.19 29862.906 148.514 14826.428 202.44289
607.35 29479.471 -3.926 15131.096 194.80247
608.5 29477.465 594.457 15492.328 193.87339
609.66 29716.141 989.651 15859.107 193.19126
610.82 29050.502 146.299 15137.236 192.81118
611.97 28631.834 125.084 14915.802 192.73406
613.13 28643.66 573.754 15514.6 187.87361
614.29 27852.178 496.993 15383.016 183.76423
615.44 28031.256 717.539 15456.908 185.3113
616.6 27625.275 180.141 14843.401 187.16938
617.76 27620.922 663.0 15414.652 182.7451
618.91 27866.223 726.314 15170.268 187.89806
620.07 27115.121 641.049 15204.114 181.78915
621.22 27321.727 17.567 14577.958 187.52353
622.38 28118.334 1061.084 15637.302 185.626
623.53 27392.309 78.366 14625.542 187.76113
624.69 27735.154 112.137 14268.832 195.12335
625.84 27719.877 217.542 14299.978 195.2953
627.0 28078.473 488.964 14831.709 192.35863
628.15 28083.441 -0.398 14734.646 190.59217
629.31 28176.754 318.175 14728.331 193.32601
630.46 28054.328 -23.532 14344.034 195.42531
631.61 27796.033 374.134 14629.264 192.36513
632.77 28307.74 228.189 14833.106 192.26094
633.92 27787.795 495.38 14691.816 192.24835
635.08 27693.355 949.577 15177.407 187.96807
636.23 27492.314 308.482 14744.809 188.30159
637.38 27100.057 -74.511 14334.446 188.59496
638.54 27262.168 654.76 15135.48 183.74367
639.69 26682.83 936.831 15459.111 177.2862
640.84 26781.064 490.402 14738.753 184.51723
641.99 26952.793 97.409 14039.882 192.61564
643.15 27284.023 816.916 14835.512 188.79999
644.3 26689.252 95.422 14179.142 188.82675
645.45 26394.98 -58.071 14110.771 186.69875
646.6 27226.711 811.436 15075.401 185.18886
647.75 27056.439 161.942 14418.031 188.6527
648.91 27133.17 -136.551 13971.661 193.2897
650.06 27313.898 225.455 14825.291 185.53937
651.21 28016.127 417.462 14565.42 195.07172
652.36 28151.357 450.969 14709.05 194.27852
653.51 27523.086 101.475 14213.68 194.31132
654.66 27554.314 273.982 14861.81 187.00751
655.81 28101.545 651.989 15048.939 190.66229
656.96 27985.773 69.495 14402.569 194.76826
658.11 28224.002 365.002 14800.199 192.99355
659.27 27891.232 531.009 14925.328 190.07654
660.42 27804.461 29.015 14459.958 192.47146
661.57 28011.689 421.022 14835.088 191.41488
662.72 27060.92 -139.971 14611.718 184.39171
663.87 27497.148 -99.965 14122.848 194.03415
665.01 27386.377 316.042 14693.978 188.27693
666.16 27654.107 41.049 14739.607 187.86236
667.31 27731.836 95.555 14982.237 185.64433
668.46 28281.066 760.562 15722.366 183.93841
669.61 27787.295 206.069 15547.996 179.7768
670.76 28607.523 4.575 15214.626 188.05294
671.91 28864.254 769.582 16378.756 179.98821
673.06 29943.982 519.589 16014.886 189.89241
674.21 28541.211 -161.405 15583.016 182.30341
675.35 29610.441 284.102 15720.146 189.98612
676.5 29199.17 167.609 15849.774 185.12469
677.65 29636.898 72.615 15783.904 188.17223
678.8 29560.129 -110.878 15727.034 187.34166
679.94 31081.357 40.629 16048.164 193.91323
681.09 31616.586 370.135 17049.793 187.33269
682.24 31820.316 363.142 17513.924 183.4154
683.39 31657.545 -1.851 17222.553 183.80547
684.53 32607.775 558.155 17196.684 192.62293
685.68 32418.004 214.662 17614.813 185.07508
686.83 32665.232 301.169 17607.443 187.00769
687.97 31921.463 298.175 17622.072 182.54142
689.12 32843.691 178.182 17514.703 188.42021
690.27 32027.92 68.189 17408.832 184.30534
691.41 32393.65 468.195 17969.961 182.41277
692.56 32027.379 358.702 17742.592 182.17256
693.7 33066.609 378.709 17681.721 188.91451
694.85 32835.336 48.215 17192.852 191.23836
695.99 32685.066 398.222 17794.98 185.59115
697.14 32498.795 184.229 17551.111 186.07004
698.28 32650.525 342.735 18251.74 180.39969
699.43 32743.754 391.242 18390.369 179.74489
700.57 32097.482 -74.251 17710.5 180.89504
701.72 32728.713 -50.745 17219.129 189.80717
702.86 32502.441 -107.738 17549.26 184.687
704.01 33316.672 50.269 17415.389 191.57025
705.15 33337.398 433.275 18332.02 183.83481
706.29 33722.129 126.782 17723.648 190.91664
707.44 33461.859 171.288 18374.777 182.88017
708.58 33958.086 -124.205 17936.408 188.7106
709.72 33533.316 629.302 18731.037 181.77271
710.87 33994.047 -137.192 17783.168 190.46068
712.01 33824.277 0.315 17644.297 191.70255
713.15 34094.504 217.322 18427.928 186.02996
714.3 33974.734 348.828 17921.557 191.35279
715.44 33819.965 92.335 18611.186 182.12594
716.58 33895.691 277.342 18420.816 185.29168
717.72 33277.422 52.848 18398.945 181.09887
718.87 34412.652 240.855 18262.076 189.61977
720.01 32887.879 117.362 18078.205 182.45534
721.15 33452.109 -54.132 17879.836 186.83117
722.29 33505.84 345.875 18022.965 187.58724
723.43 33805.066 498.882 18553.596 184.47362
724.57 33667.797 450.388 18287.225 186.22926
725.72 32659.025 244.895 18067.354 181.87239
726.86 32781.754 678.902 18459.484 180.55006
728.0 32932.484 164.408 17772.113 186.10078
729.14 33034.215 -2.085 17477.244 189.0021
730.28 32580.943 481.422 17805.373 185.28984
731.42 32480.172 10.928 17753.004 183.00702
732.56 33283.902 722.435 18545.133 182.69662
733.7 32556.631 386.942 18597.262 176.65636
734.84 32521.359 -127.052 17331.393 187.00642
735.98 33425.59 148.955 17932.521 187.12014
737.12 32949.816 -3.038 17789.152 185.20965
738.26 32605.047 17.468 17486.281 186.54718
739.4 33014.777 228.475 17917.912 185.34395
740.53 32666.006 407.482 18162.541 181.68638
741.67 31956.734 273.488 17733.67 181.46
742.81 33081.465 -222.505 17185.301 191.3163
743.95 32109.693 241.002 17969.93 179.75532
745.09 31848.422 19.508 17370.561 183.44083
746.23 32028.152 399.515 17605.189 183.82678
747.36 32016.881 453.522 17477.32 185.40726
748.5 31769.109 60.028 17069.949 186.41522
749.64 30629.84 25.035 17006.078 180.22924
750.78 30895.568 -5.458 16833.209 183.51231
751.92 31242.297 74.548 16909.838 185.13343
753.05 30245.527 155.555 16258.969 186.85462
754.19 31179.256 635.562 16783.098 189.1539
755.33 29767.484 -151.932 16117.228 183.90266
756.46 29457.215 245.075 16057.357 184.74335
757.6 28991.443 82.082 15697.487 185.13359
758.74 28665.674 562.088 16315.617 178.39549
759.87 28738.402 244.595 16092.247 179.79829
761.01 27989.131 271.102 15563.377 181.2551
762.14 27706.861 234.608 15825.006 176.21265
763.28 29000.59 408.115 15272.136 192.3603
764.41 27565.318 249.121 15157.766 183.22388
765.55 27406.549 -123.872 14748.896 185.10624
766.69 26460.277 289.635 15202.025 175.49596
767.82 26784.506 266.641 15014.155 179.81244
768.95 27091.736 26.148 14525.285 186.67034
770.09 26288.965 737.655 15281.915 175.67968
771.22 26533.193 661.661 15275.044 177.04
772.36 25992.924 504.168 14678.674 179.82113
773.49 25685.652 489.175 14838.804 175.58975
774.63 25456.881 196.181 14003.434 182.9524
775.76 24197.111 154.688 13969.563 174.03286
776.89 24946.84 428.195 14067.693 179.76207
778.03 24819.57 360.201 13450.823 186.8465
779.16 24357.799 8.708 13358.952 182.38686
780.29 23770.527 308.215 13035.582 184.34537
781.43 24382.258 606.221 13093.712 190.39883
782.56 23367.986 315.228 13181.842 179.16725
783.69 22991.215 11.735 12475.972 184.36331
784.82 22171.445 233.241 12821.602 174.27372
785.96 21885.174 116.748 12587.731 174.5526
787.09 21783.902 204.255 12186.361 180.09895
788.22 21637.133 394.261 12237.99 179.35966
789.35 21207.361 157.768 11739.62 181.74635
790.48 21071.09 142.275 12009.25 176.36183
791.62 20268.32 580.281 11944.38 173.2477
792.75 20449.049 5.288 11194.01 182.71757
793.88 19574.279 737.795 11788.14 170.4606
795.01 20184.008 353.801 11355.77 180.24235
796.14 20284.236 404.808 11514.898 178.93129
797.27 18909.967 493.815 11487.528 167.5153
798.4 18922.695 283.321 10909.158 175.41559
799.53 18453.924 -4.672 10310.788 178.94108
800.66 18142.654 316.335 10739.418 171.02732
801.79 18849.883 1276.841 11846.548 166.25856
802.92 17917.611 199.848 10216.178 176.88878
804.05 17637.842 381.855 10327.308 173.5063
805.18 16976.07 290.861 10017.937 171.53367
806.31 17836.299 215.868 9756.066 184.69669
807.44 17232.029 -64.625 9580.196 179.33618
808.57 17316.758 400.381 10089.826 174.58561
809.69 17020.486 400.888 9940.456 174.21751
810.82 15897.717 -163.605 9102.586 173.33251
811.95 17074.445 988.401 10112.216 176.30832
813.08 15763.675 103.908 8928.345 177.45911
814.21 16390.404 1064.915 10169.975 168.31838
815.33 15648.633 282.921 9203.104 172.2578
816.46 15322.862 308.928 9013.734 172.47867
817.59 15100.592 847.435 9490.864 164.90164
818.72 15314.321 504.441 8670.494 181.3591
819.84 15102.05 896.448 9116.124 172.82435
820.97 14475.779 446.454 8550.754 173.10966
822.1 14075.509 593.961 8538.383 169.69829
823.22 13431.737 -30.532 7767.513 172.63647
824.35 13992.967 92.474 7844.143 179.32259
825.48 13530.196 574.481 7850.272 178.06606
826.6 13115.926 310.488 7455.902 179.21197
827.73 13003.654 -144.506 7245.032 177.92941
828.85 12853.384 268.501 7361.662 177.42278
829.98 12890.613 610.008 7638.292 174.73121
831.11 12163.342 70.014 6945.921 175.87974
832.23 12408.071 81.521 6962.051 179.15118
833.36 12469.801 524.528 7592.181 169.01329
834.48 11874.53 259.034 6894.811 175.04352
835.6 12162.259 482.041 7014.94 178.79072
836.73 11875.488 -7.952 6711.07 176.86265
837.85 11575.218 535.054 6989.7 171.04214
838.98 11111.946 -104.439 6228.33 177.11661
840.1 11751.676 458.568 6766.959 179.01724
841.23 10996.905 371.074 6570.589 171.39779
842.35 11067.134 720.581 7111.219 161.90173
843.47 11149.863 248.588 6354.849 178.5262
844.6 10506.593 26.594 6149.978 171.14718
845.72 10617.822 155.101 6077.608 176.66035
846.84 10851.051 134.608 5955.738 184.09558
847.96 10599.78 139.114 5813.368 184.35317
849.09 10481.51 58.121 5820.497 180.88699
850.21 10491.238 232.628 5935.127 179.89674
851.33 10335.968 385.134 5976.757 177.95968
852.45 9595.697 25.141 5610.387 171.35426
853.57 9674.427 232.148 5832.016 168.61609
854.7 9628.155 67.654 5477.146 176.73566
855.82 9409.385 -0.339 5659.776 166.24616
856.94 9381.614 485.168 5827.405 166.53034
858.06 8951.343 -64.326 5132.035 173.49966
859.18 8947.572 425.181 5653.165 163.01487
860.3 9290.802 244.688 5345.295 177.35367
861.42 9188.531 -89.306 5013.424 181.82104
862.54 8687.76 -65.799 4962.554 174.08401
863.66 9000.989 50.708 4975.184 181.75093
864.78 8870.719 186.714 5073.814 177.69239
865.9 8742.447 244.221 5222.943 170.6909
867.02 9140.177 1277.228 6443.073 152.2103
868.14 9214.406 879.234 5701.203 172.85827
869.26 8570.135 575.741 5163.833 174.24223
870.38 8096.364 -90.252 4456.962 180.03585
871.5 8097.094 -94.746 4453.592 180.10621
872.62 8201.323 69.761 4578.222 180.36225
873.74 8195.052 699.268 5511.852 155.75384
874.85 8005.667 40.271 4430.417 181.43807
875.97 7671.667 286.271 4564.417 172.63077
877.09 8070.667 373.271 4811.917 173.41766
878.21 7319.667 220.771 4370.917 171.05172
879.33 7612.667 334.771 4641.417 168.99221
880.44 7349.167 254.771 4375.417 172.16709
881.56 6896.667 111.271 4114.417 169.50159
882.68 7002.667 256.271 4367.917 164.08018
883.79 7552.667 826.771 4988.417 161.61625
884.91 6867.667 -58.229 3702.917 184.14323
886.03 6895.667 456.271 4455.417 161.01928
887.14 6840.667 659.271 4800.417 149.26777
888.26 7220.667 777.271 4809.917 159.78085
889.38 7371.667 636.271 4577.417 170.89943
890.49 6804.167 -89.729 4014.417 167.97394
891.61 7448.667 307.771 4176.917 184.56001
892.72 6921.167 -13.229 4058.417 170.3094
893.84 7285.167 -99.229 3906.917 184.32668
894.95 6933.667 -87.229 3941.917 174.2527
896.07 7139.167 152.271 4075.417 178.09421
897.18 7148.667 384.271 4307.417 172.42275
898.3 6556.167 -41.229 3881.917 168.16595
899.41 7182.167 577.271 4446.917 170.68477
900.53 6850.167 335.771 4029.417 176.36763
901.64 6977.667 462.271 4350.417 167.57077
902.75 6702.167 262.771 4055.917 169.76399
903.87 6695.167 116.771 3876.417 174.97381
904.98 6594.667 403.771 4044.917 170.02603
906.09 6511.167 235.771 3943.917 169.23271
907.21 6242.167 438.771 3919.917 166.70935
908.32 6436.667 198.271 3488.417 189.60848
909.43 6167.167 650.771 3977.917 165.79963
910.54 6137.167 280.271 3820.917 165.41885
911.66 6441.167 1160.771 4581.417 154.36839
912.77 5608.167 85.771 3214.417 176.51073
913.88 5631.167 300.271 3645.417 159.36213
914.99 5423.667 69.271 3371.417 162.14897
916.1 5754.167 349.771 3617.417 165.3911
917.22 4992.667 58.771 2918.417 172.5352
918.33 5459.167 688.771 3724.917 157.12011
919.44 5346.167 270.271 3384.417 162.99479
920.55 5710.167 660.771 3674.417 167.55106
921.66 5308.667 428.771 3272.917 171.57684
922.77 5114.667 488.271 3282.417 165.57459
923.88 5211.167 623.271 3542.917 157.13877
924.99 5074.667 373.771 3227.417 164.73297
926.1 4568.667 -11.229 2623.917 173.80046
927.21 4798.167 652.771 3484.417 146.39527
928.32 4157.167 -84.729 2456.417 166.92846
929.43 4376.167 251.771 2756.917 164.63694
930.54 4107.167 111.271 2439.417 171.63425
931.65 4203.167 266.271 2607.917 168.12515
932.76 4061.167 381.771 2750.917 155.30474
933.86 3932.167 302.271 2464.417 167.88395
934.97 3929.167 113.771 2305.417 174.08815
936.08 3604.667 164.771 2138.417 174.29144
937.19 3689.167 708.271 2768.917 144.65833
938.3 3168.167 472.271 2273.917 149.63517
939.4 3213.667 674.771 2431.417 144.53089
940.51 2692.167 305.271 1864.417 153.08998
941.62 2744.667 503.771 1984.417 151.34585
942.73 2954.667 1102.771 2513.917 131.23348
943.83 2338.167 302.771 1592.417 157.82597
944.94 2351.667 338.271 1721.417 145.56643
946.05 2049.667 -35.729 1180.417 171.47582
947.15 2213.667 -25.729 1255.417 174.79634
948.26 2321.167 228.771 1623.917 149.97686
949.36 2381.167 98.271 1469.917 166.4348
950.47 2571.167 326.771 1819.917 150.31325
951.57 2837.167 844.771 2349.917 132.37228
952.68 2635.667 568.771 1976.417 146.83352
953.79 2637.667 439.271 2026.417 138.51254
954.89 2563.167 121.771 1668.417 157.851
955.99 2684.167 391.271 2152.917 130.15646
957.1 2627.167 230.271 1637.417 170.33743
958.2 2541.167 271.271 1806.417 147.86191
959.31 2732.167 455.771 2090.917 139.21668
960.41 2502.667 130.271 1642.917 156.8375
961.52 2417.167 10.271 1452.917 166.83901
962.62 2639.167 493.771 1946.917 147.63804
963.72 2358.167 -50.729 1492.417 156.10294
964.83 2493.167 -70.729 1396.917 174.69446
965.93 2759.667 341.771 1883.917 156.78776
967.03 2816.167 714.271 2232.917 138.40592
968.13 2688.167 466.771 1975.417 147.24437
969.24 2409.167 175.771 1604.417 156.32958
970.34 2534.167 206.771 1605.917 166.34406
971.44 2470.667 265.771 1650.417 159.23899
972.54 2558.667 346.771 1881.917 144.08377
973.64 2301.667 142.271 1643.917 143.80195
974.75 2767.667 1069.771 2472.917 121.00637
975.85 3930.167 3162.271 4867.417 45.03404
976.95 2205.667 189.771 1479.917 156.25334
978.05 2429.667 525.771 1934.917 135.10993
979.15 2590.167 896.271 2298.917 120.76433
980.25 2249.667 99.771 1282.917 181.71014
981.35 2108.667 179.271 1406.417 157.2263
982.45 2642.167 891.771 2297.417 124.52609
983.55 2300.167 462.771 1760.417 141.59457
984.65 2257.667 418.271 1628.917 151.9351
985.75 2262.167 675.271 1828.917 137.55486
986.85 2039.167 372.271 1638.417 131.65117
987.95 1919.667 185.271 1345.917 149.43369
989.05 2220.167 783.271 2071.417 111.5476
990.15 2095.667 628.271 1710.417 135.60057
991.25 1954.167 443.271 1513.917 141.12004
992.34 2125.167 835.771 1982.917 112.40035
993.44 1908.667 478.271 1473.917 143.66513
994.54 1816.167 386.771 1334.417 150.83651
995.64 1988.667 731.271 1754.417 122.89507
996.74 1935.667 789.271 1829.917 110.16196
997.83 1510.667 73.771 1008.417 153.73692
998.93 1575.167 315.271 1299.917 127.95422
1000.03 2093.667 1230.771 2285.917 81.77977
1001.12 1837.167 704.771 1735.417 109.87245
1002.22 1733.167 729.271 1828.417 91.33418
1003.32 1472.167 272.271 1190.917 130.61572
1004.41 1591.167 467.271 1408.417 119.41782
1005.51 1458.167 402.771 1217.917 129.47326
1006.6 1286.167 188.771 987.917 137.32109
1007.7 1507.667 624.271 1470.917 104.34066
1008.8 1173.167 103.271 755.917 163.93206
1009.89 1418.167 577.771 1331.917 111.43678
1010.99 1395.167 384.771 1149.417 132.13906
1012.08 1233.167 47.271 826.417 152.2046
1013.18 1372.167 394.271 1240.917 115.50235
1014.27 1403.667 202.271 1009.417 148.84494
1015.36 1409.667 334.271 1124.417 136.10093
1016.46 1403.167 402.771 1194.917 126.28935
1017.55 1150.167 148.271 862.917 140.19473
1018.65 1360.167 496.771 1208.917 121.23863
1019.74 1425.667 586.771 1441.917 98.09974
1020.83 1342.167 505.271 1239.417 113.99586
1021.93 1166.667 280.271 1081.417 110.64101
1023.02 1047.667 38.271 740.917 143.65641
1024.11 963.167 63.771 754.417 130.22533
1025.2 1042.667 88.271 722.417 150.50099
1026.3 1136.167 454.271 1131.917 100.62717
1027.39 1133.667 597.771 1268.417 79.90743
1028.48 1092.167 486.771 1072.417 103.37235
1029.57 997.167 312.771 901.917 116.16747
1030.66 1042.167 451.771 1035.417 101.15652
1031.75 1595.667 1483.271 2155.917 16.7095
1032.84 1109.167 652.771 1237.417 78.06364
1033.94 778.167 161.271 678.417 119.28856
1035.03 1135.667 773.771 1262.917 73.98526
1036.12 744.167 90.271 614.917 124.63567
1037.21 704.167 66.771 609.417 117.46074
1038.3 965.667 522.771 1049.417 84.09748
1039.39 683.667 153.271 549.417 133.88903
1040.48 871.167 455.771 904.417 92.58881
1041.57 850.667 616.271 1021.917 57.78337
1042.66 823.667 441.771 862.917 90.68019
1043.74 807.667 508.271 928.417 71.25998
1044.83 820.167 543.271 974.917 64.14885
1045.92 530.667 45.771 481.917 111.17746
1047.01 876.167 617.771 1054.417 59.17745
1048.1 475.167 96.771 402.417 123.80206
1049.19 659.167 502.271 822.417 49.00762
1050.27 592.667 342.271 705.417 68.95187
1051.36 627.667 305.271 681.417 85.71033
1052.45 738.667 469.771 875.417 66.28833
1053.54 637.167 466.771 758.417 58.4256
1054.62 644.667 525.271 900.417 31.82652
1055.71 625.667 467.771 822.917 44.45944
1056.8 810.167 688.271 1055.917 33.15579
1057.88 530.167 328.771 652.417 62.22723
1058.97 608.167 458.771 804.417 43.22223
1060.06 825.167 834.771 1296.917 -2.07816
1061.14 542.167 367.771 664.417 58.78924
1062.23 1291.167 1608.271 2089.917 -65.83763
1063.31 666.667 547.271 887.917 35.04985
1064.4 535.167 279.271 610.417 77.27587
1065.48 571.167 526.771 738.917 20.92705
1066.57 521.167 362.771 691.917 48.1233
1067.65 613.667 543.771 885.417 20.45857
1068.74 536.667 357.271 635.417 64.49704
1069.82 564.167 544.271 856.417 6.3739
1070.9 1491.667 2151.771 2635.417 -136.48498
1071.99 623.167 561.771 908.917 17.6859
1073.07 560.667 491.771 826.917 20.55697
1074.15 600.667 576.771 914.417 7.0772
1075.24 616.667 526.771 764.417 37.82766
1076.32 660.667 625.771 880.417 13.70369
1077.4 824.667 963.771 1324.417 -38.57084
1078.49 411.167 218.271 494.417 69.85289
1079.57 602.167 655.271 905.917 -21.18691
1080.65 737.167 866.771 1207.917 -37.99083
1081.73 441.667 382.771 651.417 21.92322
1082.81 317.667 238.271 479.917 32.85628
1083.89 551.167 548.771 799.417 0.95588
1084.98 530.167 533.271 847.417 -0.98812
1086.06 275.167 267.771 470.917 3.64064
1087.14 397.667 283.771 487.417 55.92838
1088.22 507.167 524.771 765.417 -7.31538
1089.3 346.167 261.771 458.417 42.91768
1090.38 764.667 1101.771 1433.417 -101.64586
1091.46 520.667 598.771 838.417 -32.59148
1092.54 397.667 405.771 657.917 -3.21409
1093.62 411.167 412.771 674.917 -0.61194
1094.7 327.167 186.271 429.417 57.94705
1095.78 477.667 490.771 699.917 -6.26557
1096.86 499.667 545.771 843.917 -15.46362
1097.93 813.167 1146.271 1458.417 -106.71431
1099.01 567.667 802.271 1099.917 -78.8199
1100.09 417.167 334.271 492.917 52.25213
