196.55 2621.042 972.948 1339.379 449.76946
197.76 3728.671 1427.472 1995.603 405.04711
198.96 3450.499 1340.45 1803.191 455.98983
200.16 2353.031 796.077 1227.164 361.16948
201.36 4025.354 1587.379 2062.06 513.60294
202.56 2769.108 990.115 1401.163 432.79457
203.76 2327.413 849.94 1265.984 355.1237
204.96 2843.218 932.264 1411.806 398.49597
206.16 2048.216 712.367 946.298 571.0422
207.36 3324.806 1181.173 1687.519 423.35274
208.56 2795.791 1052.507 1476.29 411.36232
209.76 1813.064 637.704 982.138 341.24429
210.96 2493.049 888.539 1380.408 326.20632
212.16 5110.111 2056.997 2537.841 634.94957
213.36 3146.41 1126.644 1600.47 426.26782
214.56 2447.801 890.479 1274.997 405.00637
215.76 4682.913 1834.94 2402.485 501.8059
216.96 3914.949 1568.862 2050.473 487.13343
218.16 2762.209 985.792 1447.599 384.66649
219.35 2235.82 716.838 1152.749 348.46193
220.55 2569.992 872.359 1328.661 372.04187
221.75 2336.747 810.596 1150.265 449.30576
222.95 3905.286 1461.314 1932.768 518.39034
224.15 3080.369 1090.029 1574.459 410.86207
225.35 2444.577 782.472 1287.36 329.20298
226.55 2219.096 792.831 1188.111 360.82388
227.75 3606.786 1378.814 1879.768 444.74584
228.94 3056.064 1122.204 1555.138 446.68748
230.14 2786.152 919.113 1379.351 405.66753
231.34 2250.963 847.028 1265.702 335.32877
232.54 2045.135 780.549 1133.115 358.68136
233.74 2264.173 805.869 1171.11 399.2715
234.93 2282.405 791.951 1221.947 346.62011
236.13 2722.169 951.574 1439.095 363.18296
237.33 2645.867 930.131 1313.452 447.59813
238.53 2410.164 887.381 1239.073 432.9871
239.72 3688.843 1373.993 1901.015 439.23187
240.92 1766.668 562.676 918.088 338.75947
242.12 3146.562 1152.807 1622.13 424.81449
243.31 2209.962 755.63 1186.695 337.38134
244.51 1874.067 627.0 952.653 382.94385
245.71 3372.2 1278.803 1722.062 472.2745
246.9 4405.067 1688.0 2212.153 518.37317
248.1 2689.361 950.954 1448.759 349.21415
249.3 2649.691 982.33 1398.854 400.30353
250.49 2476.881 893.313 1321.511 369.82129
251.69 2908.427 1049.106 1539.214 379.36962
252.89 2627.59 916.154 1388.919 362.00573
254.08 1747.564 579.204 954.138 311.61783
255.28 2653.741 976.919 1400.072 396.26798
256.47 1811.582 577.666 955.382 326.67794
257.67 3123.109 1159.099 1530.833 528.33736
258.86 3372.974 1172.898 1590.417 526.94106
260.06 2493.519 917.809 1356.442 359.23191
261.26 3869.773 1459.546 1914.546 529.72013
262.45 2627.083 939.063 1294.389 475.06218
263.65 1716.452 565.158 907.488 336.31124
264.84 3031.325 1081.531 1469.771 502.21421
266.04 2117.59 804.154 1217.419 317.81941
267.23 1593.814 487.661 823.556 329.31487
268.42 2111.756 706.584 1015.802 454.4285
269.62 2670.548 882.641 1322.401 406.56404
270.81 2739.822 959.736 1397.256 406.85813
272.01 2598.859 923.056 1333.752 408.04002
273.2 3237.782 1164.034 1567.583 513.87795
274.4 1869.863 664.852 908.767 494.02886
275.59 2913.121 1028.883 1499.385 400.47401
276.78 2632.512 892.718 1361.913 370.80457
277.98 2323.503 772.746 1191.206 370.58685
279.17 2517.702 903.201 1285.069 422.78999
280.37 2407.714 837.985 1198.621 435.26673
281.56 1731.879 528.915 926.504 302.56507
282.75 1854.697 617.508 1021.047 306.58462
283.95 2298.848 801.186 1237.537 343.22378
285.14 2603.573 863.193 1247.675 452.65568
286.33 2019.675 700.267 1012.118 423.08937
287.52 2769.23 948.548 1368.358 433.69239
288.72 3075.094 1136.95 1615.434 405.05903
289.91 3833.535 1410.373 1957.179 443.14819
291.1 2896.601 1007.024 1453.634 423.0941
292.29 2820.238 997.623 1395.057 458.59511
293.49 2827.279 1044.239 1446.568 443.17916
294.68 2014.139 729.845 997.629 479.59929
295.87 2304.566 803.102 1201.145 377.21128
297.06 2729.759 940.38 1418.817 374.00542
298.26 1336.124 420.179 733.9 291.96163
299.45 2309.962 789.13 1098.195 492.07562
300.64 2311.492 822.859 1190.661 404.73805
301.83 2403.963 857.028 1294.202 353.84865
303.02 2052.026 630.384 1057.142 333.12623
304.21 2958.507 1123.525 1573.39 407.89595
305.4 2483.63 875.356 1160.092 564.82937
306.59 2606.582 920.166 1316.882 425.09363
307.79 2290.498 803.053 1187.683 386.72042
308.98 1718.152 579.113 932.851 322.0001
310.17 3092.634 966.081 1430.275 458.11778
311.36 2397.893 857.597 1178.563 479.89369
312.55 4000.547 1560.657 2066.731 482.1211
313.74 1734.087 584.359 957.404 308.2005
314.93 2812.291 1009.007 1474.29 387.56702
316.12 2311.946 787.067 1192.958 375.68644
317.31 1376.467 406.823 740.217 290.84034
318.5 1769.587 574.859 920.404 345.75131
319.69 2414.933 830.799 1262.736 366.75072
320.88 2180.236 736.225 1134.55 362.52103
322.07 1908.037 607.271 993.686 336.62329
323.26 1952.182 607.342 935.817 409.41868
324.45 1335.379 447.415 793.504 256.57135
325.64 2322.865 766.749 1195.274 363.13301
326.83 2740.101 996.024 1395.634 436.44571
328.01 2264.551 738.436 1110.916 409.71779
329.2 2832.498 976.053 1403.683 434.12354
330.39 2173.759 727.38 1086.817 402.40164
331.58 1745.655 542.908 969.366 282.03168
332.77 3346.394 1253.081 1742.233 427.94721
333.96 1279.105 448.82 671.648 372.61152
335.15 1707.947 524.964 868.466 344.38984
336.33 1716.655 590.908 878.866 390.94121
337.52 2128.879 719.415 1040.504 438.96443
338.71 2100.499 710.45 1050.191 409.15043
339.9 1867.784 614.932 995.09 329.56041
341.08 2129.296 688.2 1067.812 379.62321
342.27 2664.533 879.475 1376.672 359.02462
343.46 2801.598 1063.729 1446.619 453.8823
344.65 2673.098 897.229 1356.119 386.99248
345.83 2906.994 983.257 1460.668 402.95168
347.02 1603.718 470.264 791.306 353.05511
348.21 2820.256 1021.584 1513.302 365.79382
349.4 1638.481 462.989 862.946 293.90438
350.58 2043.368 718.045 1108.789 339.17919
351.77 1746.673 575.369 941.11 320.25489
352.96 1342.618 324.088 698.37 272.12862
354.14 2188.465 619.926 1114.21 317.33563
355.33 1691.962 536.13 920.695 300.55583
356.51 1464.298 387.098 701.82 342.27047
357.7 2190.511 679.734 1173.743 305.82016
358.89 1809.469 511.721 949.225 296.62565
360.07 2819.022 915.105 1399.957 392.6798
361.26 3182.398 1061.79 1572.085 415.56496
362.44 2415.403 733.483 1177.108 379.1316
363.63 2048.786 481.743 950.435 334.344
364.81 2167.292 531.437 1069.458 304.05042
366.0 1689.618 276.518 729.538 311.92877
367.18 4305.491 1403.392 2092.821 420.94215
368.37 1917.552 529.85 875.253 401.76288
369.55 2567.135 737.065 1246.445 359.27436
370.74 3105.359 911.572 1458.582 401.05064
371.92 3428.742 1158.332 1668.41 445.1108
373.11 2134.677 476.078 1016.963 306.64583
374.29 1825.682 421.772 908.985 288.15118
375.48 2221.83 531.741 1060.623 319.55848
376.66 1961.015 441.53 902.257 329.80113
377.84 3378.552 953.85 1582.253 385.85127
379.03 2039.687 405.051 908.67 324.57803
380.21 1624.038 332.184 747.024 311.41028
381.39 1535.434 266.212 675.074 310.42845
382.58 2938.325 816.548 1409.101 358.0735
383.76 3660.579 1148.784 1715.705 443.05935
384.94 3997.771 1254.164 1936.868 401.87331
386.13 2256.625 426.593 963.237 341.01371
387.31 2741.466 618.339 1185.047 374.64231
388.49 2309.4 474.688 1029.093 330.93359
389.68 2996.05 637.952 1263.246 377.11857
390.86 2868.498 567.466 1204.521 361.19869
392.04 3783.615 982.706 1677.693 403.01613
393.22 2746.498 445.466 1111.021 345.73163
394.41 2674.348 473.202 1085.367 359.56709
395.59 2178.636 193.463 865.952 295.19789
396.77 3035.805 552.689 1295.349 334.35405
397.95 3307.221 637.576 1375.151 361.94894
399.13 4033.219 792.678 1560.643 421.96452
400.31 3427.799 447.511 1233.657 379.10115
401.5 3926.846 626.304 1514.36 371.65923
402.68 4034.934 734.712 1616.074 374.44595
403.86 3442.326 434.445 1296.108 349.07854
405.04 4511.407 807.263 1861.292 351.42696
406.22 3610.674 367.783 1341.448 333.06031
407.4 4761.11 697.013 1747.671 386.81458
408.58 5134.984 814.301 1875.791 407.03919
409.76 5432.278 947.755 2029.398 414.60278
410.94 4624.999 624.466 1721.521 364.66126
412.12 4322.525 502.9 1505.972 380.79283
413.3 4094.531 359.093 1500.994 327.12449
414.48 4126.341 371.111 1363.838 378.27426
415.66 4711.355 445.277 1491.567 407.73372
416.84 6822.755 1233.1 2392.132 482.26957
418.02 5434.948 623.378 1795.303 410.56988
419.2 4927.307 419.586 1512.357 412.50385
420.38 5291.36 583.97 1792.589 389.48492
421.56 5025.597 427.245 1581.949 398.22789
422.74 6468.76 1081.794 2295.154 443.9708
423.92 5961.395 865.995 2097.57 413.73015
425.1 5792.341 464.111 1706.838 428.75313
426.28 5862.8 405.995 1712.327 417.71966
427.46 8250.438 1356.492 2799.259 477.82819
428.63 6246.043 571.861 2000.716 397.11397
429.81 6286.042 687.964 1968.209 437.26615
430.99 6501.079 754.784 2180.705 402.9884
432.17 7532.596 1145.347 2523.941 463.31609
433.35 6991.337 827.316 2288.823 421.75781
434.52 5749.902 155.069 1442.77 434.48242
435.7 6950.215 376.383 1827.128 453.13469
436.88 7973.117 840.104 2306.7 486.36505
438.06 7762.92 552.531 2072.014 474.52897
439.23 7368.703 399.115 1956.406 447.54537
440.41 7755.194 594.126 2298.869 420.06722
441.59 8226.412 828.456 2548.315 430.14903
442.77 7376.625 276.679 1951.4 423.94792
443.94 9033.047 760.657 2663.231 434.79989
445.12 9324.147 769.833 2568.167 475.68013
446.3 10906.564 1093.118 2946.475 529.49573
447.47 10726.063 666.72 2632.968 511.60108
448.65 11021.961 720.646 2715.525 516.38805
449.82 10279.961 500.146 2418.525 509.79585
451.0 10680.839 609.213 2599.83 505.95495
452.18 10575.562 476.823 2644.96 465.77938
453.35 11015.909 530.16 2753.3 471.66402
454.53 11481.905 558.865 2819.285 483.23057
455.7 11912.373 334.238 2713.311 486.66576
456.88 14244.146 945.935 3424.159 536.60249
458.05 14049.407 591.763 3040.792 549.50927
459.23 14528.079 315.784 2806.205 570.67847
460.4 15617.409 580.16 3298.8 553.11671
461.58 15975.784 719.432 3462.09 556.26148
462.75 14790.147 315.333 3204.667 500.97419
463.93 15681.529 628.696 3520.987 520.44669
465.1 15651.135 525.065 3629.945 487.17092
466.28 15539.66 218.101 3243.888 506.36604
467.45 16135.409 146.66 3291.8 508.36375
468.63 18678.959 523.249 3846.018 546.40302
469.8 20728.941 870.287 4222.273 592.44441
470.97 20702.045 405.259 3823.724 593.73984
472.15 21463.262 595.675 4138.332 589.03786
473.32 22014.66 704.601 4322.388 589.03576
474.49 22491.662 859.499 4671.896 567.41633
475.67 21052.764 507.573 4177.839 559.77391
476.84 20756.488 327.08 4088.476 543.13367
478.01 22122.596 636.347 4688.941 530.18506
479.19 22471.693 548.728 4557.862 546.82551
480.36 22904.334 309.02 4472.808 542.66245
481.53 24748.664 596.897 4836.903 569.61626
482.7 25817.057 497.129 4733.938 597.61792
483.88 26505.898 275.774 4583.755 608.87275
485.05 27155.146 361.935 4823.659 600.51255
486.22 26989.793 478.405 4938.797 594.3734
487.39 26745.842 333.595 4795.508 591.94896
488.56 26778.992 485.876 5021.991 579.63946
489.74 27017.797 897.2 5619.313 553.1549
490.91 25414.229 242.651 4990.851 530.12885
492.08 26077.992 375.876 5230.491 529.43669
493.25 26569.244 278.714 5092.587 546.14093
494.42 28025.26 476.778 5228.824 579.71832
495.59 29095.951 417.26 5317.48 585.25307
496.76 30598.184 465.756 5367.155 614.77196
497.93 31786.99 610.478 5616.483 622.78221
499.1 31550.227 572.753 5591.843 617.19304
500.27 32384.709 1040.792 6267.099 599.73357
501.44 32363.281 1228.534 6296.083 614.39461
502.61 29850.779 423.137 5408.076 590.33103
503.78 30067.326 629.929 5761.278 573.67753
504.95 31062.127 1123.474 6516.415 555.14521
506.12 29948.275 696.943 5888.053 563.48897
507.29 29706.848 335.186 5433.538 576.10113
508.46 30629.176 32.165 5307.125 580.04249
509.63 33675.176 1258.165 6645.125 601.76814
510.8 35271.746 1179.612 6671.095 620.81836
511.97 34687.594 558.552 5824.426 648.11727
513.14 35178.965 258.528 5792.702 630.99634
514.31 36983.004 785.746 6241.206 663.50518
515.48 35496.152 495.01 6045.359 630.6116
516.65 34892.711 525.087 6124.614 613.75945
517.81 34014.156 355.806 5922.374 604.65177
518.98 34291.746 695.01 6349.102 594.2021
520.15 32922.461 161.13 5858.695 575.00587
521.32 34178.023 703.605 6464.457 581.06712
522.49 37275.43 1502.503 7468.221 599.6416
523.65 37868.086 1158.859 7184.404 609.22661
524.82 37683.266 638.073 6545.839 627.05925
525.99 37986.379 78.517 6017.496 638.28923
527.16 40750.27 631.25 6882.031 641.82415
528.32 41606.988 730.182 7018.969 649.99514
529.49 42023.469 411.619 6654.732 666.52405
530.66 42105.715 114.367 6539.298 653.56878
531.82 42209.316 180.957 6592.071 655.55464
532.99 42516.398 320.274 6997.255 631.96409
534.16 42499.59 444.256 7148.912 627.25572
535.32 43341.43 794.401 7641.229 621.41231
536.49 43043.156 294.408 7207.866 618.34103
537.65 45152.816 1011.059 8080.564 624.39672
538.82 44522.742 321.816 7430.58 621.78081
539.99 46272.969 642.721 8076.725 613.8045
541.15 48699.941 818.39 8357.766 635.0864
542.32 49619.895 147.979 7854.74 641.92871
543.48 53865.996 811.155 8785.676 665.30444
544.65 54793.391 992.785 8917.718 678.87778
545.81 59207.707 1483.292 10133.099 667.34917
546.98 58794.426 503.106 9285.714 663.71308
548.14 60519.207 783.792 9857.099 658.36432
549.31 59712.535 402.873 9415.179 658.09642
550.47 60115.273 469.443 9763.554 641.75943
551.63 60677.156 914.806 10766.874 606.597
552.8 60654.352 454.584 10034.545 628.3926
553.96 60672.363 459.852 10240.767 615.61226
555.13 60692.0 391.45 10690.69 585.48543
556.29 60705.754 934.084 11394.302 571.419
557.45 60641.68 274.46 10552.64 587.33377
558.62 60693.809 523.468 11224.534 562.2836
559.78 60707.926 771.606 11627.214 552.12309
560.94 60695.258 371.982 11276.809 553.1796
562.11 60706.117 391.088 11510.37 542.43636
563.27 60694.535 157.975 11361.672 540.32665
564.43 60686.57 32.397 11656.66 521.78942
565.59 60731.82 205.838 12004.749 512.9794
566.76 60653.266 351.073 12192.839 509.23311
567.92 60732.906 571.349 12448.455 506.5338
569.08 60701.41 715.042 13216.978 479.81665
570.24 60648.195 352.024 12896.877 480.64469
571.4 60683.313 226.366 12819.042 480.09609
572.57 60732.184 367.342 13100.317 474.08276
573.73 60699.602 55.524 13072.134 465.89765
574.89 60717.34 452.697 13544.0 460.34107
576.05 60661.953 476.158 13770.987 452.70076
577.21 60667.746 157.714 13514.587 453.02544
578.37 60692.359 18.954 13640.76 445.41382
579.53 60711.91 193.644 13978.47 439.02091
580.69 60700.688 597.535 14724.34 425.45468
581.85 60688.742 351.919 14327.072 431.74354
583.01 60684.758 401.88 14435.816 429.55074
584.17 60679.691 484.83 14656.854 424.74428
585.33 60698.879 572.517 14948.496 418.24187
586.49 60672.813 377.763 14735.049 419.96135
587.65 60674.262 573.278 15187.824 411.24084
588.81 60699.238 566.521 15553.064 401.24474
589.97 60690.188 929.433 15628.847 406.55196
591.13 60647.832 421.02 15287.808 405.10979
592.29 60704.668 336.574 15254.096 404.67911
593.45 60706.84 213.595 14965.508 410.07051
594.61 60651.094 134.052 15178.927 402.24357
595.77 60693.086 196.961 15395.896 398.0287
596.93 60655.074 91.091 14998.683 406.26269
598.09 60671.727 382.753 15545.343 397.6166
599.24 60703.945 138.067 15446.458 395.63843
600.4 60672.813 291.763 15433.549 398.771
601.56 60685.844 233.39 15322.522 400.63572
602.72 60709.012 368.616 15465.42 399.68987
603.87 60754.988 473.064 15310.146 406.2923
605.03 60709.012 232.116 15238.92 402.99651
606.19 60698.516 148.514 14826.428 412.52457
607.35 60704.668 -3.926 15131.096 401.11336
608.5 60692.723 594.457 15492.328 403.40171
609.66 60712.633 989.651 15859.107 401.64873
610.82 60676.434 146.299 15137.236 403.77818
611.97 60705.754 125.084 14915.802 409.58574
613.13 60723.133 573.754 15514.6 402.58349
614.29 60696.344 496.993 15383.016 404.40184
615.44 60701.051 717.539 15456.908 406.96118
616.6 60711.547 180.141 14843.401 412.81
617.76 60697.066 663.0 15414.652 406.96503
618.91 60729.285 726.314 15170.268 415.41929
620.07 60702.137 641.049 15204.114 412.42065
621.22 60703.945 17.567 14577.958 416.79085
622.38 60705.754 1061.084 15637.302 409.19168
623.53 60683.313 78.366 14625.542 416.6097
624.69 60711.188 112.137 14268.832 428.05931
625.84 60701.41 217.542 14299.978 429.49863
627.0 60642.043 488.964 14831.709 419.39725
628.15 60707.566 -0.398 14734.646 411.99719
629.31 60663.762 318.175 14728.331 418.77123
630.46 60693.809 -23.532 14344.034 422.60004
631.61 60710.824 374.134 14629.264 423.263
632.77 60665.211 228.189 14833.106 413.81284
633.92 60684.758 495.38 14691.816 423.97525
635.08 60653.625 949.577 15177.407 419.62861
636.23 60695.258 308.482 14744.809 418.29738
637.38 60695.98 -74.511 14334.446 421.75496
638.54 60672.449 654.76 15135.48 414.46618
639.69 60731.098 936.831 15459.111 411.74159
640.84 60687.055 490.402 14738.753 422.48155
641.99 60687.738 97.409 14039.882 434.57376
643.15 60688.422 816.916 14835.512 427.08632
644.3 60689.109 95.422 14179.142 430.23924
645.45 60689.793 -58.071 14110.771 428.7426
646.6 60690.477 811.436 15075.401 419.79238
647.75 60691.16 161.942 14418.031 424.58502
648.91 60691.844 -136.551 13971.661 431.15594
650.06 60692.527 225.455 14825.291 414.16269
651.21 60693.211 417.462 14565.42 426.03851
652.36 60693.895 450.969 14709.05 422.51777
653.51 60694.578 101.475 14213.68 429.36668
654.66 60695.262 273.982 14861.81 414.18971
655.81 60695.945 651.989 15048.939 417.06024
656.96 60696.629 69.495 14402.569 422.98766
658.11 60697.313 365.002 14800.199 417.9528
659.27 60697.996 531.009 14925.328 417.99119
660.42 60698.68 29.015 14459.958 420.41373
661.57 60699.363 421.022 14835.088 418.19111
662.72 60700.047 -139.971 14611.718 412.42747
663.87 60700.73 -99.965 14122.848 427.48715
665.01 60701.414 316.042 14693.978 419.98639
666.16 60702.098 41.049 14739.607 412.70066
667.31 60702.781 95.555 14982.237 407.12381
668.46 60703.465 760.562 15722.366 400.63954
669.61 60704.148 206.069 15547.996 394.33168
670.76 60704.832 4.575 15214.626 399.07991
671.91 60705.516 769.582 16378.756 383.9789
673.06 60706.199 519.589 16014.886 388.41857
674.21 60706.883 -161.405 15583.016 386.60228
675.35 60707.566 284.102 15720.146 391.44399
676.5 60708.25 167.609 15849.774 386.04771
677.65 60708.934 72.615 15783.904 385.94108
678.8 60709.617 -110.878 15727.034 384.01839
679.94 60710.301 40.629 16048.164 379.00695
681.09 60710.984 370.135 17049.793 361.76311
682.24 60711.668 363.142 17513.924 351.87041
683.39 60712.352 -1.851 17222.553 352.48942
684.53 60713.035 558.155 17196.684 361.53967
685.68 60713.719 214.662 17614.813 347.69272
686.83 60714.402 301.169 17607.443 349.08283
687.97 60715.086 298.175 17622.072 348.74896
689.12 60715.77 178.182 17514.703 349.19109
690.27 60716.453 68.189 17408.832 349.74633
691.41 60717.137 468.195 17969.961 344.24493
692.56 60717.82 358.702 17742.592 347.21296
693.7 60718.504 378.709 17681.721 348.72423
694.85 60719.188 48.215 17192.852 353.87728
695.99 60719.871 398.222 17794.98 346.74074
697.14 60720.555 184.229 17551.111 348.57336
698.28 60721.238 342.735 18251.74 337.14047
699.43 60721.922 391.242 18390.369 335.1867
700.57 60722.605 -74.251 17710.5 341.84822
701.72 60723.289 -50.745 17219.129 351.90781
702.86 60723.973 -107.738 17549.26 344.51899
704.01 60724.656 50.269 17415.389 349.40379
705.15 60725.34 433.275 18332.02 336.85081
706.29 60726.023 126.782 17723.648 344.37518
707.44 60726.707 171.288 18374.777 332.65831
708.58 60727.391 -124.205 17936.408 336.92984
709.72 60728.074 629.302 18731.037 332.00559
710.87 60728.758 -137.192 17783.168 339.64692
712.01 60729.441 0.315 17644.297 344.19173
713.15 60730.125 217.322 18427.928 332.29429
714.3 60730.809 348.828 17921.557 343.61187
715.44 60731.492 92.335 18611.186 327.44558
716.58 60732.176 277.342 18420.816 333.20428
717.72 60732.859 52.848 18398.945 330.75161
718.87 60733.543 240.855 18262.076 335.67474
720.01 60734.227 117.362 18078.205 337.49454
721.15 60734.91 -54.132 17879.836 338.96036
722.29 60735.594 345.875 18022.965 341.62704
723.43 60736.277 498.882 18553.596 333.63805
724.57 60736.961 450.388 18287.225 337.98916
725.72 60737.645 244.895 18067.354 339.41866
726.86 60738.328 678.902 18459.484 337.78098
728.0 60739.012 164.408 17772.113 344.02328
729.14 60739.695 -2.085 17477.244 347.50636
730.28 60740.379 481.422 17805.373 347.8361
731.42 60741.063 10.928 17753.004 342.29442
732.56 60741.746 722.435 18545.133 336.75772
733.7 60742.43 386.942 18597.262 331.43562
734.84 60743.113 -127.052 17331.393 348.65744
735.98 60743.797 148.955 17932.521 340.73504
737.12 60744.48 -3.038 17789.152 341.42799
738.26 60745.164 17.468 17486.281 347.63493
739.4 60745.848 228.475 17917.912 342.11022
740.53 60746.531 407.482 18162.541 339.84144
741.67 60747.215 273.488 17733.67 346.35222
742.81 60747.898 -222.505 17185.301 350.24749
743.95 60748.582 241.002 17969.93 341.29294
745.09 60749.266 19.508 17370.561 350.00619
746.23 60749.949 399.515 17605.189 350.7589
747.36 60750.633 453.522 17477.32 354.19305
748.5 60751.316 60.028 17069.949 356.79935
749.64 60752.0 25.035 17006.078 357.61622
750.78 60752.684 -5.458 16833.209 360.82512
751.92 60753.367 74.548 16909.838 360.42634
753.05 60754.051 155.555 16258.969 376.30838
754.19 60754.734 635.562 16783.098 372.31174
755.33 60755.418 -151.932 16117.228 374.37306
756.46 60756.102 245.075 16057.357 382.68369
757.6 60756.785 82.082 15697.487 388.55669
758.74 60757.469 562.088 16315.617 382.10728
759.87 60758.152 244.595 16092.247 381.84557
761.01 60758.836 271.102 15563.377 395.54437
762.14 60759.52 234.608 15825.006 388.21916
763.28 60760.203 408.115 15272.136 406.02801
764.41 60760.887 249.121 15157.766 405.88376
765.55 60761.57 -123.872 14748.896 409.37534
766.69 60762.254 289.635 15202.025 405.51928
767.82 60762.938 266.641 15014.155 410.21352
768.95 60763.621 26.148 14525.285 418.90406
770.09 60764.305 737.655 15281.915 412.71711
771.22 60764.988 661.661 15275.044 411.28963
772.36 60765.672 504.168 14678.674 425.14007
773.49 60766.355 489.175 14838.804 420.0609
774.63 60767.039 196.181 14003.434 438.68872
775.76 60767.723 154.688 13969.563 438.75195
776.89 60768.406 428.195 14067.693 442.39318
778.03 60769.09 360.201 13450.823 461.46691
779.16 60769.773 8.708 13358.952 455.13075
780.29 60770.457 308.215 13035.582 475.05694
781.43 60771.141 606.221 13093.712 481.80152
782.56 60771.824 315.228 13181.842 469.87185
783.69 60772.512 11.735 12475.972 487.48092
784.82 60773.195 233.241 12821.602 480.9201
785.96 60773.879 116.748 12587.731 486.38611
787.09 60774.563 204.255 12186.361 505.50633
788.22 60775.246 394.261 12237.99 509.81397
789.35 60775.93 157.768 11739.62 523.38919
790.48 60776.613 142.275 12009.25 510.95024
791.62 60777.297 580.281 11944.38 529.71219
792.75 60777.98 5.288 11194.01 543.16028
793.88 60778.664 737.795 11788.14 543.33932
795.01 60779.348 353.801 11355.77 549.22488
796.14 60780.031 404.808 11514.898 543.42693
797.27 60780.715 493.815 11487.528 548.37612
798.4 60781.398 283.321 10909.158 569.34882
799.53 60782.082 -4.672 10310.788 589.27816
800.66 60782.766 316.335 10739.418 580.12038
801.79 60783.449 1276.841 11846.548 562.99205
802.92 60784.133 199.848 10216.178 604.85513
804.05 60784.816 381.855 10327.308 607.34249
805.18 60785.5 290.861 10017.937 621.92012
806.31 60786.184 215.868 9756.066 634.89576
807.44 60786.867 -64.625 9580.196 630.92398
808.57 60787.551 400.381 10089.826 623.2263
809.69 60788.234 400.888 9940.456 633.01971
810.82 60788.918 -163.605 9102.586 657.79478
811.95 60789.602 988.401 10112.216 655.44076
813.08 60790.285 103.908 8928.345 687.70822
814.21 60790.969 1064.915 10169.975 655.96552
815.33 60791.652 282.921 9203.104 678.33506
816.46 60792.336 308.928 9013.734 694.82771
817.59 60793.02 847.435 9490.864 693.53933
818.72 60793.703 504.441 8670.494 738.29134
819.84 60794.387 896.448 9116.124 728.71409
820.97 60795.07 446.454 8550.754 744.64939
822.1 60795.754 593.961 8538.383 757.78697
823.22 60061.938 -30.532 7767.513 770.60944
824.35 60074.621 92.474 7844.143 773.79663
825.48 59998.805 574.481 7850.272 816.74035
826.6 57752.488 310.488 7455.902 803.90018
827.73 58671.172 -144.506 7245.032 795.9318
828.85 58692.355 268.501 7361.662 823.66463
829.98 57033.539 610.008 7638.292 802.80668
831.11 56860.223 70.014 6945.921 825.93043
832.23 58392.406 81.521 6962.051 847.47669
833.36 55434.59 524.528 7592.181 776.92075
834.48 53311.273 259.034 6894.811 799.48808
835.6 54163.457 482.041 7014.94 821.70891
836.73 52914.141 -7.952 6711.07 787.64576
837.85 52882.824 535.054 6989.7 811.00924
838.98 50665.008 -104.439 6228.33 801.69434
840.1 52591.191 458.568 6766.959 826.40124
841.23 51629.875 371.074 6570.589 826.81959
842.35 53546.059 720.581 7111.219 826.6073
843.47 51001.242 248.588 6354.849 831.15764
844.6 50239.926 26.594 6149.978 820.02589
845.72 47471.609 155.101 6077.608 798.92703
846.84 48611.793 134.608 5955.738 832.77962
847.96 47579.977 139.114 5813.368 836.07233
849.09 46216.16 58.121 5820.497 801.02441
850.21 47598.344 232.628 5935.127 830.61327
851.33 46765.027 385.134 5976.757 829.45322
852.45 45301.711 25.141 5610.387 810.64598
853.57 46453.395 232.148 5832.016 825.39879
854.7 46126.578 67.654 5477.146 851.44643
855.82 43721.262 -0.339 5659.776 772.45076
856.94 47062.945 485.168 5827.405 871.87768
858.06 43774.629 -64.326 5132.035 843.64723
859.18 44353.313 425.181 5653.165 840.24991
860.3 44689.996 244.688 5345.295 871.37287
861.42 42815.18 -89.306 5013.424 840.81433
862.54 40960.863 -65.799 4962.554 815.90652
863.66 42053.547 50.708 4975.184 852.94019
864.78 42417.73 186.714 5073.814 864.13248
865.9 42919.414 244.221 5222.943 857.15148
867.02 43648.098 1277.228 6443.073 820.21169
868.14 43468.781 879.234 5701.203 883.23976
869.26 40891.465 575.741 5163.833 878.70345
870.38 39006.648 -90.252 4456.962 859.79884
871.5 37652.332 -94.746 4453.592 829.90923
872.62 38086.516 69.761 4578.222 843.23125
873.74 38665.699 699.268 5511.852 788.89909
874.85 37051.043 40.271 4430.417 843.04201
875.97 36852.543 286.271 4564.417 854.72247
877.09 38496.043 373.271 4811.917 858.88298
878.21 36590.543 220.771 4370.917 876.34929
879.33 36054.043 334.771 4641.417 829.39891
880.44 36885.043 254.771 4375.417 888.94496
881.56 34224.043 111.271 4114.417 852.14916
882.68 34769.543 256.271 4367.917 839.40288
883.79 37701.543 826.771 4988.417 886.06227
884.91 34796.543 -58.229 3702.917 926.70619
886.03 35213.043 456.271 4455.417 869.10493
887.14 35233.043 659.271 4800.417 834.88423
888.26 35889.043 777.271 4809.917 870.68825
889.38 35420.043 636.271 4577.417 882.58022
890.49 33355.043 -89.729 4014.417 814.90212
891.61 34939.043 307.771 4176.917 895.06251
892.72 34172.543 -13.229 4058.417 839.60572
893.84 34557.543 -99.229 3906.917 865.09011
894.95 33704.043 -87.229 3941.917 838.67085
896.07 35916.043 152.271 4075.417 911.60953
897.18 35032.543 384.271 4307.417 883.17578
898.3 33505.543 -41.229 3881.917 855.09876
899.41 35618.543 577.271 4446.917 905.54213
900.53 34274.543 335.771 4029.417 918.84206
901.64 34172.543 462.271 4350.417 867.00127
902.75 33840.043 262.771 4055.917 885.20908
903.87 33375.043 116.771 3876.417 884.61182
904.98 32918.543 403.771 4044.917 892.98185
906.09 31731.041 235.771 3943.917 849.35358
907.21 31375.041 438.771 3919.917 888.68065
908.32 31996.041 198.271 3488.417 966.45471
909.43 31485.041 650.771 3977.917 926.74835
910.54 30006.041 280.271 3820.917 839.55784
911.66 31734.041 1160.771 4581.417 893.78654
912.77 27376.041 85.771 3214.417 872.27097
913.88 27978.541 300.271 3645.417 827.41593
914.99 27809.541 69.271 3371.417 840.06797
916.1 27989.541 349.771 3617.417 845.86185
917.22 26725.041 58.771 2918.417 932.50252
918.33 28170.041 688.771 3724.917 905.13667
919.44 25569.541 270.271 3384.417 812.39836
920.55 27709.041 660.771 3674.417 897.52648
921.66 26766.541 428.771 3272.917 926.03442
922.77 25953.041 488.271 3282.417 911.36151
923.88 25711.041 623.271 3542.917 859.2744
924.99 24111.541 373.771 3227.417 831.84007
926.1 22756.541 -11.229 2623.917 864.00415
927.21 25099.041 652.771 3484.417 863.32369
928.32 22024.041 -84.729 2456.417 870.03151
929.43 22453.541 251.771 2756.917 886.24659
930.54 21079.541 111.271 2439.417 900.64244
931.65 21960.541 266.271 2607.917 926.45392
932.76 21079.041 381.771 2750.917 873.61737
933.86 21131.541 302.271 2464.417 963.36099
934.97 19812.541 113.771 2305.417 898.81171
936.08 18029.541 164.771 2138.417 905.16592
937.19 18194.541 708.271 2768.917 848.58199
938.3 16501.041 472.271 2273.917 889.67372
939.4 15652.042 674.771 2431.417 852.60614
940.51 13758.042 305.271 1864.417 862.82959
941.62 14116.042 503.771 1984.417 919.3469
942.73 14150.042 1102.771 2513.917 924.58699
943.83 12133.542 302.771 1592.417 917.36594
944.94 11772.542 338.271 1721.417 826.6859
946.05 11235.042 -35.729 1180.417 926.76151
947.15 11588.042 -25.729 1255.417 906.51441
948.26 12409.542 228.771 1623.917 873.08231
949.36 11720.542 98.271 1469.917 847.32307
950.47 12376.042 326.771 1819.917 806.97219
951.57 14068.542 844.771 2349.917 878.5707
952.68 13301.042 568.771 1976.417 904.50816
953.79 14010.542 439.271 2026.417 855.07401
954.89 13718.042 121.771 1668.417 879.08112
955.99 14052.042 391.271 2152.917 775.45499
957.1 13472.042 230.271 1637.417 941.03761
958.2 13581.542 271.271 1806.417 867.0363
959.31 14087.542 455.771 2090.917 833.67308
960.41 13447.042 130.271 1642.917 880.36282
961.52 13204.542 10.271 1452.917 914.58841
962.62 14132.042 493.771 1946.917 938.53427
963.72 12612.042 -50.729 1492.417 820.58165
964.83 12539.042 -70.729 1396.917 859.18355
965.93 14295.542 341.771 1883.917 904.82828
967.03 13683.542 714.271 2232.917 854.0023
968.13 13385.042 466.771 1975.417 856.28259
969.24 12496.042 175.771 1604.417 862.37409
970.34 13582.542 206.771 1605.917 955.99552
971.44 12579.042 265.771 1650.417 889.27228
972.54 13038.542 346.771 1881.917 826.74696
973.64 12279.042 142.271 1643.917 808.23129
974.75 13916.542 1069.771 2472.917 915.56918
975.85 18440.541 3162.271 4867.417 896.00964
976.95 11855.042 189.771 1479.917 904.18239
978.05 12282.042 525.771 1934.917 834.28351
979.15 12632.042 896.271 2298.917 836.68807
980.25 10924.542 99.771 1282.917 914.9144
981.35 11228.042 179.271 1406.417 900.36336
982.45 12757.042 891.771 2297.417 844.11521
983.55 11755.042 462.771 1760.417 870.21214
984.65 10951.542 418.271 1628.917 870.05393
985.75 10784.542 675.271 1828.917 876.28898
986.85 10953.042 372.271 1638.417 835.66768
987.95 10620.542 185.271 1345.917 899.0918
989.05 11700.042 783.271 2071.417 847.47938
990.15 10737.042 628.271 1710.417 934.14132
991.25 10246.042 443.271 1513.917 915.59424
992.34 10342.542 835.771 1982.917 828.73259
993.44 9453.042 478.271 1473.917 901.40202
994.54 9416.542 386.771 1334.417 952.86354
995.64 9828.542 731.271 1754.417 889.14709
996.74 9884.042 789.271 1829.917 873.95453
997.83 8842.042 73.771 1008.417 938.13835
998.93 8789.042 315.271 1299.917 860.59081
1000.03 10109.542 1230.771 2285.917 841.47333
1001.12 8831.542 704.771 1735.417 788.51251
1002.22 8936.042 729.271 1828.417 746.64991
1003.32 7952.042 272.271 1190.917 835.98823
1004.41 8038.042 467.271 1408.417 804.42061
1005.51 7574.542 402.771 1217.917 879.81448
1006.6 6656.542 188.771 987.917 809.33544
1007.7 7770.042 624.271 1470.917 844.00945
1008.8 6083.042 103.271 755.917 916.23515
1009.89 6959.042 577.771 1331.917 846.15874
1010.99 6783.542 384.771 1149.417 836.82809
1012.08 6216.542 47.271 826.417 791.7992
1013.18 7460.042 394.271 1240.917 834.56043
1014.27 7477.542 202.271 1009.417 901.35762
1015.36 7271.042 334.271 1124.417 877.91023
1016.46 7474.042 402.771 1194.917 892.67289
1017.55 6801.542 148.271 862.917 930.98849
1018.65 6887.042 496.771 1208.917 897.3262
1019.74 7215.542 586.771 1441.917 775.16262
1020.83 6678.542 505.271 1239.417 840.87804
1021.93 6425.042 280.271 1081.417 766.99782
1023.02 5331.042 38.271 740.917 753.26292
1024.11 5158.042 63.771 754.417 737.60968
1025.2 5084.042 88.271 722.417 787.79521
1026.3 6239.542 454.271 1131.917 853.73079
1027.39 5908.042 597.771 1268.417 791.81449
1028.48 5504.042 486.771 1072.417 856.70738
1029.57 4906.042 312.771 901.917 779.64917
1030.66 5107.042 451.771 1035.417 797.61917
1031.75 7361.542 1483.271 2155.917 873.90273
1032.84 5353.042 652.771 1237.417 803.95183
1033.94 4104.042 161.271 678.417 762.40979
1035.03 5342.042 773.771 1262.917 933.9282
1036.12 3941.042 90.271 614.917 733.97529
1037.21 4089.542 66.771 609.417 741.32529
1038.3 4539.542 522.771 1049.417 762.70818
1039.39 3651.042 153.271 549.417 882.95027
1040.48 4055.542 455.771 904.417 802.36359
1041.57 4183.542 616.271 1021.917 879.40515
1042.66 3763.542 441.771 862.917 788.74598
1043.74 3912.042 508.271 928.417 810.14033
1044.83 4088.542 543.271 974.917 821.33785
1045.92 2930.542 45.771 481.917 661.42349
1047.01 3925.042 617.771 1054.417 757.42646
1048.1 2605.042 96.771 402.417 820.64623
1049.19 3298.542 502.271 822.417 873.43658
1050.27 3028.042 342.271 705.417 739.58465
1051.36 3010.542 305.271 681.417 719.20798
1052.45 3259.542 469.771 875.417 687.73561
1053.54 3005.042 466.771 758.417 870.32645
1054.62 3148.542 525.271 900.417 699.2669
1055.71 3182.042 467.771 822.917 764.26937
1056.8 3595.542 688.271 1055.917 790.78037
1057.88 2674.542 328.771 652.417 724.79562
1058.97 2914.042 458.771 804.417 710.34296
1060.06 3785.542 834.771 1296.917 638.49349
1061.14 2555.042 367.771 664.417 737.33408
1062.23 5156.042 1608.271 2089.917 736.59317
1063.31 2722.542 547.271 887.917 638.57252
1064.4 2081.542 279.271 610.417 544.25291
1065.48 2409.542 526.771 738.917 887.48883
1066.57 2227.042 362.771 691.917 566.39661
1067.65 2618.042 543.771 885.417 607.14064
1068.74 2074.542 357.271 635.417 617.39945
1069.82 2544.542 544.271 856.417 640.81287
1070.9 6149.542 2151.771 2635.417 826.59027
1071.99 2390.042 561.771 908.917 526.65783
1073.07 2355.542 491.771 826.917 556.10742
1074.15 2573.542 576.771 914.417 591.38023
1075.24 2145.042 526.771 764.417 680.95899
1076.32 2278.542 625.771 880.417 649.04682
1077.4 3289.542 963.771 1324.417 644.8906
1078.49 1655.542 218.271 494.417 520.47529
1079.57 2454.042 655.271 905.917 717.65432
1080.65 2878.042 866.771 1207.917 589.56342
1081.73 1827.542 382.771 651.417 537.79756
1082.81 1463.542 238.271 479.917 507.05233
1083.89 2151.542 548.771 799.417 639.45634
1084.98 2070.042 533.271 847.417 489.19023
1086.06 1443.542 267.771 470.917 578.7817
1087.14 1524.542 283.771 487.417 609.27881
1088.22 1982.042 524.771 765.417 605.56651
1089.3 1442.042 261.771 458.417 600.20133
1090.38 3345.042 1101.771 1433.417 676.40573
1091.46 2151.042 598.771 838.417 647.73531
1092.54 1760.542 405.771 657.917 537.2965
1093.62 1815.042 412.771 674.917 534.92009
1094.7 1259.042 186.271 429.417 441.20469
1095.78 1803.042 490.771 699.917 627.44292
1096.86 1900.542 545.771 843.917 454.39865
1097.93 3363.542 1146.271 1458.417 710.33191
1099.01 2411.542 802.271 1099.917 540.66641
1100.09 1366.542 334.271 492.917 650.67635
