196.55 2611.894 972.948 1339.379 447.27289
197.76 3854.533 1427.472 1995.603 427.2008
198.96 3571.228 1340.45 1803.191 482.07984
200.16 2317.058 796.077 1227.164 352.82462
201.36 4099.995 1587.379 2062.06 529.32753
202.56 2756.234 990.115 1401.163 429.66245
203.76 2312.576 849.94 1265.984 351.55746
204.96 2800.918 932.264 1411.806 389.67508
206.16 2020.059 712.367 946.298 559.00549
207.36 3341.43 1181.173 1687.519 426.63597
208.56 2913.875 1052.507 1476.29 439.22645
209.76 1821.887 637.704 982.138 343.80607
210.96 2518.832 888.539 1380.408 331.44814
212.16 5240.772 2056.997 2537.841 662.12299
213.36 3104.357 1126.644 1600.47 417.39267
214.56 2582.352 890.479 1274.997 439.99852
215.76 4760.576 1834.94 2402.485 515.48985
216.96 3851.625 1568.862 2050.473 473.98495
218.16 2836.441 985.792 1447.599 400.74088
219.35 2225.485 716.838 1152.749 346.09104
220.55 2574.79 872.359 1328.661 373.09339
221.75 2414.529 810.596 1150.265 472.20505
222.95 3951.796 1461.314 1932.768 528.25562
224.15 3068.23 1090.029 1574.459 408.35626
225.35 2380.583 782.472 1287.36 316.52819
226.55 2297.217 792.831 1188.111 380.58729
227.75 3622.796 1378.814 1879.768 447.94179
228.94 3105.387 1122.204 1555.138 458.08034
230.14 2849.399 919.113 1379.351 419.40992
231.34 2324.18 847.028 1265.702 352.81642
232.54 2297.985 780.549 1133.115 430.39834
233.74 2329.893 805.869 1171.11 417.26509
234.93 2310.778 791.951 1221.947 353.21872
236.13 2673.174 951.574 1439.095 353.13303
237.33 2729.37 930.131 1313.452 469.38235
238.53 2529.595 887.381 1239.073 466.94598
239.72 3742.838 1373.993 1901.015 449.47714
240.92 1795.314 562.676 918.088 346.81951
242.12 3203.528 1152.807 1622.13 436.95234
243.31 2322.82 755.63 1186.695 363.56271
244.51 1941.606 627.0 952.653 403.68348
245.71 3420.144 1278.803 1722.062 483.09068
246.9 4239.606 1688.0 2212.153 486.80586
248.1 2833.113 950.954 1448.759 378.09118
249.3 2687.167 982.33 1398.854 409.30087
250.49 2517.246 893.313 1321.511 379.24812
251.69 3027.631 1049.106 1539.214 403.69151
252.89 2682.459 916.154 1388.919 373.61169
254.08 1814.887 579.204 954.138 329.57398
255.28 2775.771 976.919 1400.072 425.10621
256.47 1911.662 577.666 955.382 353.174
257.67 3195.413 1159.099 1530.833 547.78781
258.86 3348.516 1172.898 1590.417 521.08305
260.06 2575.862 917.809 1356.442 378.00461
261.26 3983.101 1459.546 1914.546 554.62719
262.45 2634.021 939.063 1294.389 477.01468
263.65 1707.843 565.158 907.488 333.79641
264.84 3080.564 1081.531 1469.771 514.89672
266.04 2252.459 804.154 1217.419 350.45438
267.23 1570.228 487.661 823.556 322.29281
268.42 2129.826 706.584 1015.802 460.27247
269.62 2642.973 882.641 1322.401 400.29359
270.81 2656.845 959.736 1397.256 387.89281
272.01 2612.753 923.056 1333.752 411.42295
273.2 3114.898 1164.034 1567.583 483.42709
274.4 2132.972 664.852 908.767 601.89793
275.59 3037.429 1028.883 1499.385 426.89444
276.78 2686.424 892.718 1361.913 382.29493
277.98 2399.947 772.746 1191.206 388.85493
279.17 2499.003 903.201 1285.069 417.89341
280.37 2389.52 837.985 1198.621 430.22173
281.56 1910.887 528.915 926.504 347.58843
282.75 1993.425 617.508 1021.047 340.96249
283.95 2360.917 801.186 1237.537 357.44817
285.14 2599.685 863.193 1247.675 451.64459
286.33 2062.252 700.267 1012.118 436.74254
287.52 2826.435 948.548 1368.358 447.31872
288.72 3219.678 1136.95 1615.434 435.27621
289.91 3810.277 1410.373 1957.179 438.89475
291.1 2899.296 1007.024 1453.634 423.69739
292.29 2817.052 997.623 1395.057 457.79358
293.49 2829.179 1044.239 1446.568 443.6515
294.68 2092.204 729.845 997.629 508.75136
295.87 2308.247 803.102 1201.145 378.13616
297.06 2718.545 940.38 1418.817 371.66156
298.26 1473.648 420.179 733.9 335.79798
299.45 2258.82 789.13 1098.195 475.52848
300.64 2433.79 822.859 1190.661 437.98917
301.83 2428.18 857.028 1294.202 359.38793
303.02 2217.479 630.384 1057.142 371.89602
304.21 3060.346 1123.525 1573.39 430.53359
305.4 2450.406 875.356 1160.092 553.16099
306.59 2645.662 920.166 1316.882 434.94451
307.79 2303.869 803.053 1187.683 390.19683
308.98 1784.899 579.113 932.851 340.86934
310.17 3147.126 966.081 1430.275 469.85683
311.36 2421.263 857.597 1178.563 487.1748
312.55 4003.293 1560.657 2066.731 482.66383
313.74 1763.74 584.359 957.404 316.14949
314.93 2957.875 1009.007 1474.29 418.85624
316.12 2310.406 787.067 1192.958 375.30702
317.31 1536.399 406.823 740.217 338.81122
318.5 1859.24 574.859 920.404 371.69676
319.69 2538.21 830.799 1262.736 395.29122
320.88 2236.692 736.225 1134.55 376.69453
322.07 1917.136 607.271 993.686 338.9782
323.26 2049.87 607.342 935.817 439.15829
324.45 1450.887 447.415 793.504 289.94654
325.64 2362.832 766.749 1195.274 372.45967
326.83 2674.296 996.024 1395.634 419.9782
328.01 2233.192 738.436 1110.916 401.2987
329.2 2841.369 976.053 1403.683 436.19807
330.39 2178.045 727.38 1086.817 403.5941
331.58 1906.118 542.908 969.366 319.65867
332.77 3335.442 1253.081 1742.233 425.70835
333.96 1439.015 448.82 671.648 444.37512
335.15 1747.765 524.964 868.466 355.98158
336.33 1767.118 590.908 878.866 408.46577
337.52 2179.887 719.415 1040.504 454.85026
338.71 2168.728 710.45 1050.191 429.23313
339.9 1956.757 614.932 995.09 352.9648
341.08 2065.453 688.2 1067.812 362.80526
342.27 2612.917 879.475 1376.672 348.64327
343.46 2899.077 1063.729 1446.619 479.341
344.65 2831.077 897.229 1356.119 421.41878
345.83 2964.65 983.257 1460.668 415.02849
347.02 1595.918 470.264 791.306 350.62554
348.21 3066.326 1021.584 1513.302 415.83692
349.4 1654.954 462.989 862.946 298.02301
350.58 2217.051 718.045 1108.789 383.62834
351.77 1873.393 575.369 941.11 354.90227
352.96 1373.21 324.088 698.37 280.30233
354.14 2178.539 619.926 1114.21 315.32752
355.33 1865.32 536.13 920.695 345.63499
356.51 1599.313 387.098 701.82 385.17009
357.7 2184.245 679.734 1173.743 304.55164
358.89 1833.258 511.721 949.225 302.06325
360.07 2917.081 915.105 1399.957 412.90427
361.26 3266.341 1061.79 1572.085 432.01492
362.44 2444.92 733.483 1177.108 385.78512
363.63 2128.797 481.743 950.435 351.41508
364.81 2319.375 531.437 1069.458 332.31772
366.0 1718.211 276.518 729.538 318.2405
367.18 4456.432 1403.392 2092.821 442.83575
368.37 2112.872 529.85 875.253 458.31119
369.55 2641.305 737.065 1246.445 373.8353
370.74 3224.574 911.572 1458.582 422.8446
371.92 3620.451 1158.332 1668.41 482.69514
373.11 2287.792 476.078 1016.963 334.95401
374.29 1965.37 421.772 908.985 316.82197
375.48 2347.963 531.741 1060.623 343.40746
376.66 2013.464 441.53 902.257 341.18513
377.84 3339.872 953.85 1582.253 379.69596
379.03 2086.769 405.051 908.67 333.92675
380.21 1695.317 332.184 747.024 328.59256
381.39 1708.89 266.212 675.074 352.85265
382.58 3133.385 816.548 1409.101 390.99201
383.76 3735.623 1148.784 1715.705 456.29642
384.94 4214.062 1254.164 1936.868 433.55474
386.13 2338.328 426.593 963.237 356.23851
387.31 2793.719 618.339 1185.047 383.86279
388.49 2457.201 474.688 1029.093 357.59299
389.68 3053.512 637.952 1263.246 386.30816
390.86 2961.049 567.466 1204.521 375.72658
392.04 4078.171 982.706 1677.693 445.39916
393.22 2908.549 445.466 1111.021 370.07983
394.41 2941.237 473.202 1085.367 403.16471
395.59 2435.665 193.463 865.952 333.41834
396.77 3394.251 552.689 1295.349 382.61913
397.95 3636.458 637.576 1375.151 406.58672
399.13 4168.598 792.678 1560.643 439.59281
400.31 3514.493 447.511 1233.657 390.12886
401.5 4161.878 626.304 1514.36 398.12513
402.68 4303.89 734.712 1616.074 404.96194
403.86 3803.244 434.445 1296.108 390.96469
405.04 4897.318 807.263 1861.292 388.03984
406.22 3818.573 367.783 1341.448 354.41252
407.4 4961.593 697.013 1747.671 405.89629
408.58 5204.994 814.301 1875.791 413.63461
409.76 5684.0 947.755 2029.398 437.87494
410.94 5062.049 624.466 1721.521 404.49979
412.12 4854.8 502.9 1505.972 433.85732
413.3 4663.378 359.093 1500.994 376.94034
414.48 4487.799 371.111 1363.838 414.68494
415.66 5123.854 445.277 1491.567 447.15863
416.84 6944.147 1233.1 2392.132 492.74315
418.02 5799.945 623.378 1795.303 441.71493
419.2 5339.61 419.586 1512.357 450.23398
420.38 5807.433 583.97 1792.589 432.18428
421.56 5782.397 427.245 1581.949 463.76849
422.74 7216.725 1081.794 2295.154 505.61491
423.92 6705.622 865.995 2097.57 474.15904
425.1 6148.299 464.111 1706.838 457.39647
426.28 6189.672 405.995 1712.327 442.74183
427.46 8599.288 1356.492 2799.259 502.00747
428.63 6943.074 571.861 2000.716 445.89645
429.81 7174.715 687.964 1968.209 506.68043
430.99 7325.123 754.784 2180.705 460.7787
432.17 8287.538 1145.347 2523.941 518.07785
433.35 7643.58 827.316 2288.823 466.38589
434.52 6441.74 155.069 1442.77 488.20903
435.7 7293.879 376.383 1827.128 476.82348
436.88 8337.031 840.104 2306.7 511.17859
438.06 8232.014 552.531 2072.014 505.40089
439.23 8257.684 399.115 1956.406 504.63043
440.41 8885.886 594.126 2298.869 486.39341
441.59 9497.396 828.456 2548.315 504.04953
442.77 8807.648 276.679 1951.4 509.3964
443.94 10109.293 760.657 2663.231 491.36778
445.12 10413.501 769.833 2568.167 536.25586
446.3 11550.067 1093.118 2946.475 564.21666
447.47 11288.208 666.72 2632.968 540.1908
448.65 11988.641 720.646 2715.525 564.84612
449.82 11554.141 500.146 2418.525 576.21547
451.0 12128.439 609.213 2599.83 578.67615
452.18 12368.349 476.823 2644.96 548.46725
453.35 12872.678 530.16 2753.3 555.18414
454.53 13339.959 558.865 2819.285 565.43006
455.7 13488.129 334.238 2713.311 552.89977
456.88 15654.642 945.935 3424.159 593.5181
458.05 15316.318 591.763 3040.792 601.24041
459.23 15506.623 315.784 2806.205 609.97079
460.4 16811.678 580.16 3298.8 597.04561
461.58 17646.258 719.432 3462.09 617.16858
462.75 17267.502 315.333 3204.667 586.71558
463.93 18305.52 628.696 3520.987 611.17028
465.1 18595.805 525.065 3629.945 582.011
466.28 18479.197 218.101 3243.888 603.51554
467.45 18668.178 146.66 3291.8 588.89336
468.63 20426.281 523.249 3846.018 598.98935
469.8 21842.508 870.287 4222.273 625.6655
470.97 22001.934 405.259 3823.724 631.76536
472.15 22950.764 595.675 4138.332 631.02618
473.32 24119.197 704.601 4322.388 647.2077
474.49 24932.557 859.499 4671.896 631.44152
475.67 24536.123 507.573 4177.839 654.68146
476.84 24395.893 327.08 4088.476 639.89042
478.01 25824.037 636.347 4688.941 621.52017
479.19 26162.027 548.728 4557.862 638.87367
480.36 26026.361 309.02 4472.808 617.64291
481.53 27182.916 596.897 4836.903 627.02777
482.7 27751.27 497.129 4733.938 643.27051
483.88 28339.521 275.774 4583.755 651.43614
485.05 29342.643 361.935 4823.659 649.5406
486.22 29820.234 478.405 4938.797 657.83062
487.39 30097.479 333.595 4795.508 667.06555
488.56 30671.111 485.876 5021.991 665.44237
489.74 31541.953 897.2 5619.313 648.96279
490.91 30229.074 242.651 4990.851 631.53245
492.08 30843.111 375.876 5230.491 627.59316
493.25 31145.99 278.714 5092.587 641.21503
494.42 31580.904 476.778 5228.824 654.54176
495.59 32008.984 417.26 5317.48 644.70005
496.76 32992.551 465.756 5367.155 663.62265
497.93 34041.75 610.478 5616.483 667.82331
499.1 34605.215 572.753 5591.843 678.06042
500.27 35483.441 1040.792 6267.099 659.02462
501.44 35838.398 1228.534 6296.083 682.97051
502.61 33900.039 423.137 5408.076 671.5609
503.78 34857.922 629.929 5761.278 667.03691
504.95 35418.367 1123.474 6516.415 635.92193
506.12 34601.461 696.943 5888.053 653.12656
507.29 34437.918 335.186 5433.538 668.8972
508.46 34924.113 32.165 5307.125 661.46372
509.63 37556.613 1258.165 6645.125 673.8206
510.8 38336.848 1179.612 6671.095 676.63392
511.97 37610.82 558.552 5824.426 703.62993
513.14 37710.68 258.528 5792.702 676.74328
514.31 39268.949 785.746 6241.206 705.40715
515.48 38769.758 495.01 6045.359 689.59178
516.65 38846.66 525.087 6124.614 684.37165
517.81 39045.477 355.806 5922.374 695.03638
518.98 40109.707 695.01 6349.102 697.10033
520.15 38949.82 161.13 5858.695 680.79421
521.32 40182.582 703.605 6464.457 685.29751
522.49 43136.492 1502.503 7468.221 697.88732
523.65 42807.742 1158.859 7184.404 691.20518
524.82 42066.125 638.073 6545.839 701.24736
525.99 41803.027 78.517 6017.496 702.55362
527.16 44076.383 631.25 6882.031 695.03531
528.32 45340.531 730.182 7018.969 709.36339
529.49 45400.617 411.619 6654.732 720.61803
530.66 45945.059 114.367 6539.298 713.32573
531.82 46549.445 180.957 6592.071 723.25159
532.99 47235.52 320.274 6997.255 702.64156
534.16 48021.102 444.256 7148.912 709.60912
535.32 49924.352 794.401 7641.229 717.55788
536.49 49323.617 294.408 7207.866 709.18501
537.65 51967.586 1011.059 8080.564 720.79342
538.82 50848.129 321.816 7430.58 710.76094
539.99 52781.758 642.721 8076.725 701.35879
541.15 54395.148 818.39 8357.766 710.62591
542.32 54976.301 147.979 7854.74 711.4314
543.48 58065.508 811.155 8785.676 717.96605
544.65 59323.223 992.785 8917.718 736.03703
545.81 60701.941 1483.292 10133.099 684.62394
546.98 60736.133 503.106 9285.714 685.82163
548.14 60701.941 783.792 9857.099 660.3783
549.31 60710.777 402.873 9415.179 669.17285
550.47 60718.461 469.443 9763.554 648.24943
551.63 60703.477 914.806 10766.874 606.86416
552.8 60679.277 454.584 10034.545 628.65279
553.96 60708.473 459.852 10240.767 615.98144
555.13 60719.227 391.45 10690.69 585.74978
556.29 60733.828 934.084 11394.302 571.68739
557.45 60665.832 274.46 10552.64 587.56876
558.62 60721.148 523.468 11224.534 562.53909
559.78 60736.133 771.606 11627.214 552.38293
560.94 60722.688 371.982 11276.809 553.43114
562.11 60734.211 391.088 11510.37 542.68901
563.27 60721.918 157.975 11361.672 540.57106
564.43 60713.465 32.397 11656.66 522.02079
565.59 60761.484 205.838 12004.749 513.23082
566.76 60678.125 351.073 12192.839 509.44304
567.92 60762.637 571.349 12448.455 506.78412
569.08 60729.215 715.042 13216.978 480.03905
570.24 60672.746 352.024 12896.877 480.8404
571.4 60710.008 226.366 12819.042 480.30808
572.57 60761.871 367.342 13100.317 474.31591
573.73 60727.297 55.524 13072.134 466.11042
574.89 60746.121 452.697 13544.0 460.56092
576.05 60687.344 476.158 13770.987 452.89175
577.21 60693.488 157.714 13514.587 453.21817
578.37 60719.613 18.954 13640.76 445.61389
579.53 60740.355 193.644 13978.47 439.22726
580.69 60728.449 597.535 14724.34 425.6512
581.85 60715.77 351.919 14327.072 431.93694
583.01 60711.547 401.88 14435.816 429.74162
584.17 60706.168 484.83 14656.854 424.9311
585.33 60726.527 572.517 14948.496 418.43419
586.49 60698.867 377.763 14735.049 420.14282
587.65 60700.406 573.278 15187.824 411.41973
588.81 60726.91 566.521 15553.064 401.42938
589.97 60717.309 929.433 15628.847 406.73646
591.13 60672.363 421.02 15287.808 405.2748
592.29 60732.672 336.574 15254.096 404.86683
593.45 60734.98 213.595 14965.508 410.26127
594.61 60675.82 134.052 15178.927 402.40792
595.77 60720.379 196.961 15395.896 398.20827
596.93 60680.043 91.091 14998.683 406.43018
598.09 60697.715 382.753 15545.343 397.78799
599.24 60731.906 138.067 15446.458 395.82108
600.4 60698.867 291.763 15433.549 398.94307
601.56 60712.699 233.39 15322.522 400.8137
602.72 60737.285 368.616 15465.42 399.87715
603.87 60786.07 473.064 15310.146 406.50179
605.03 60737.285 232.116 15238.92 403.18491
606.19 60726.145 148.514 14826.428 412.71281
607.35 60732.672 -3.926 15131.096 401.29838
608.5 60719.996 594.457 15492.328 403.58478
609.66 60741.125 989.651 15859.107 401.84035
610.82 60702.711 146.299 15137.236 403.95347
611.97 60733.828 125.084 14915.802 409.77555
613.13 60752.266 573.754 15514.6 402.77848
614.29 60723.84 496.993 15383.016 404.58655
615.44 60728.832 717.539 15456.908 407.14966
616.6 60739.973 180.141 14843.401 413.00386
617.76 60724.605 663.0 15414.652 407.15171
618.91 60758.797 726.314 15170.268 415.62361
620.07 60729.984 641.049 15204.114 412.61187
621.22 60731.906 17.567 14577.958 416.98288
622.38 60733.828 1061.084 15637.302 409.38429
623.53 60710.008 78.366 14625.542 416.7932
624.69 60739.59 112.137 14268.832 428.25994
625.84 60729.215 217.542 14299.978 429.69608
627.0 60666.215 488.964 14831.709 419.56578
628.15 60735.746 -0.398 14734.646 412.18843
629.31 60689.266 318.175 14728.331 418.94821
630.46 60721.148 -23.532 14344.034 422.79033
631.61 60739.203 374.134 14629.264 423.46208
632.77 60690.801 228.189 14833.106 413.98805
633.92 60711.547 495.38 14691.816 424.16396
635.08 60678.508 949.577 15177.407 419.8035
636.23 60722.688 308.482 14744.809 418.48739
637.38 60723.453 -74.511 14334.446 421.94562
638.54 60698.484 654.76 15135.48 414.64597
639.69 60760.719 936.831 15459.111 411.94556
640.84 60713.984 490.402 14738.753 422.67055
641.99 60714.707 97.409 14039.882 434.76719
643.15 60715.434 816.916 14835.512 427.279
644.3 60716.16 95.422 14179.142 430.43131
645.45 60716.887 -58.071 14110.771 428.93382
646.6 60717.609 811.436 15075.401 419.9826
647.75 60718.336 161.942 14418.031 424.77564
648.91 60719.063 -136.551 13971.661 431.34887
650.06 60719.785 225.455 14825.291 414.34939
651.21 60720.512 417.462 14565.42 426.23148
652.36 60721.238 450.969 14709.05 422.70955
653.51 60721.965 101.475 14213.68 429.56074
654.66 60722.688 273.982 14861.81 414.37771
655.81 60723.414 651.989 15048.939 417.25103
656.96 60724.141 69.495 14402.569 423.1796
658.11 60724.863 365.002 14800.199 418.14366
659.27 60725.59 531.009 14925.328 418.18289
660.42 60726.316 29.015 14459.958 420.60524
661.57 60727.043 421.022 14835.088 418.38314
662.72 60727.766 -139.971 14611.718 412.61537
663.87 60728.492 -99.965 14122.848 427.68234
665.01 60729.219 316.042 14693.978 420.17977
666.16 60729.941 41.049 14739.607 412.89009
667.31 60730.668 95.555 14982.237 407.31113
668.46 60731.395 760.562 15722.366 400.82621
669.61 60732.121 206.069 15547.996 394.51401
670.76 60732.844 4.575 15214.626 399.26408
671.91 60733.57 769.582 16378.756 384.15863
673.06 60734.297 519.589 16014.886 388.5999
674.21 60735.02 -161.405 15583.016 386.78099
675.35 60735.746 284.102 15720.146 391.62655
676.5 60736.473 167.609 15849.774 386.22767
677.65 60737.199 72.615 15783.904 386.12099
678.8 60737.922 -110.878 15727.034 384.1971
679.94 60738.648 40.629 16048.164 379.18404
681.09 60739.375 370.135 17049.793 361.93333
682.24 60740.098 363.142 17513.924 352.03617
683.39 60740.824 -1.851 17222.553 352.65473
684.53 60741.551 558.155 17196.684 361.71105
685.68 60742.277 214.662 17614.813 347.85685
686.83 60743.0 301.169 17607.443 349.24807
687.97 60743.727 298.175 17622.072 348.91428
689.12 60744.453 178.182 17514.703 349.35654
690.27 60745.176 68.189 17408.832 349.91197
691.41 60745.902 468.195 17969.961 344.40929
692.56 60746.629 358.702 17742.592 347.37868
693.7 60747.355 378.709 17681.721 348.89097
694.85 60748.078 48.215 17192.852 354.04579
695.99 60748.805 398.222 17794.98 346.90705
697.14 60749.531 184.229 17551.111 348.74021
698.28 60750.254 342.735 18251.74 337.30248
699.43 60750.98 391.242 18390.369 335.34814
700.57 60751.707 -74.251 17710.5 342.01186
701.72 60752.434 -50.745 17219.129 352.07657
702.86 60753.156 -107.738 17549.26 344.68427
704.01 60753.883 50.269 17415.389 349.57209
705.15 60754.609 433.275 18332.02 337.01433
706.29 60755.332 126.782 17723.648 344.54174
707.44 60756.059 171.288 18374.777 332.81955
708.58 60756.785 -124.205 17936.408 337.0926
709.72 60757.512 629.302 18731.037 332.16821
710.87 60758.234 -137.192 17783.168 339.81141
712.01 60758.961 0.315 17644.297 344.35904
713.15 60759.688 217.322 18427.928 332.45662
714.3 60760.41 348.828 17921.557 343.78032
715.44 60761.137 92.335 18611.186 327.60566
716.58 60761.863 277.342 18420.816 333.36791
717.72 60762.59 52.848 18398.945 330.91366
718.87 60763.313 240.855 18262.076 335.83994
720.01 60764.039 117.362 18078.205 337.66052
721.15 60764.766 -54.132 17879.836 339.12684
722.29 60765.488 345.875 18022.965 341.79616
723.43 60766.215 498.882 18553.596 333.80387
724.57 60766.941 450.388 18287.225 338.15724
725.72 60767.668 244.895 18067.354 339.58712
726.86 60768.391 678.902 18459.484 337.95006
728.0 60769.117 164.408 17772.113 344.19426
729.14 60769.844 -2.085 17477.244 347.67884
730.28 60770.566 481.422 17805.373 348.01036
731.42 60771.293 10.928 17753.004 342.46481
732.56 60772.02 722.435 18545.133 336.92758
733.7 60772.746 386.942 18597.262 331.6021
734.84 60773.469 -127.052 17331.393 348.83131
735.98 60774.195 148.955 17932.521 340.90597
737.12 60774.922 -3.038 17789.152 341.59908
738.26 60775.645 17.468 17486.281 347.80942
739.4 60776.371 228.475 17917.912 342.28277
740.53 60777.098 407.482 18162.541 340.0136
741.67 60777.824 273.488 17733.67 346.52753
742.81 60778.547 -222.505 17185.301 350.42355
743.95 60779.273 241.002 17969.93 341.46606
745.09 60780.0 19.508 17370.561 350.18332
746.23 60780.723 399.515 17605.189 350.93775
747.36 60781.449 453.522 17477.32 354.37407
748.5 60782.176 60.028 17069.949 356.98077
749.64 60782.902 25.035 17006.078 357.7982
750.78 60783.625 -5.458 16833.209 361.00887
751.92 60784.352 74.548 16909.838 360.61039
753.05 60785.078 155.555 16258.969 376.50106
754.19 60785.801 635.562 16783.098 372.50413
755.33 60786.527 -151.932 16117.228 374.56428
756.46 60787.254 245.075 16057.357 382.88071
757.6 60787.98 82.082 15697.487 388.75646
758.74 60788.703 562.088 16315.617 382.30555
759.87 60789.43 244.595 16092.247 382.04293
761.01 60790.156 271.102 15563.377 395.74918
762.14 60790.879 234.608 15825.006 388.42031
763.28 60791.605 408.115 15272.136 406.23927
764.41 60792.332 249.121 15157.766 406.09468
765.55 60793.059 -123.872 14748.896 409.58706
766.69 60793.781 289.635 15202.025 405.7307
767.82 60794.508 266.641 15014.155 410.4276
768.95 60795.234 26.148 14525.285 419.12209
770.09 60795.957 737.655 15281.915 412.93473
771.22 60796.684 661.661 15275.044 411.50652
772.36 60797.41 504.168 14678.674 425.36398
773.49 60798.137 489.175 14838.804 420.28238
774.63 60798.859 196.181 14003.434 438.91918
775.76 60799.586 154.688 13969.563 438.98259
776.89 60800.313 428.195 14067.693 442.6271
778.03 60801.035 360.201 13450.823 461.71095
779.16 60801.762 8.708 13358.952 455.37035
780.29 60802.488 308.215 13035.582 475.30862
781.43 60803.215 606.221 13093.712 482.05837
782.56 60803.938 315.228 13181.842 470.12144
783.69 60804.664 11.735 12475.972 487.73888
784.82 60805.391 233.241 12821.602 481.17585
785.96 60806.113 116.748 12587.731 486.64458
787.09 60806.84 204.255 12186.361 505.77571
788.22 60807.566 394.261 12237.99 510.08686
789.35 60808.293 157.768 11739.62 523.66862
790.48 60809.016 142.275 12009.25 511.22328
791.62 60809.742 580.281 11944.38 529.9977
792.75 60810.469 5.288 11194.01 543.45065
793.88 60811.191 737.795 11788.14 543.63368
795.01 60811.918 353.801 11355.77 549.52092
796.14 60812.645 404.808 11514.898 543.72047
797.27 60813.371 493.815 11487.528 548.67316
798.4 60814.094 283.321 10909.158 569.65652
799.53 60814.82 -4.672 10310.788 589.59553
800.66 60815.547 316.335 10739.418 580.43489
801.79 60816.27 1276.841 11846.548 563.30257
802.92 60816.996 199.848 10216.178 605.18323
804.05 60817.723 381.855 10327.308 607.67335
805.18 60818.449 290.861 10017.937 622.25886
806.31 60819.172 215.868 9756.066 635.24154
807.44 60819.898 -64.625 9580.196 631.26645
808.57 60820.625 400.381 10089.826 623.56765
809.69 60821.348 400.888 9940.456 633.36682
810.82 60822.074 -163.605 9102.586 658.1526
811.95 60822.801 988.401 10112.216 655.80464
813.08 60823.527 103.908 8928.345 688.08492
814.21 60824.25 1064.915 10169.975 656.33104
815.33 60824.977 282.921 9203.104 678.70865
816.46 60825.703 308.928 9013.734 695.21103
817.59 60826.426 847.435 9490.864 693.92583
818.72 60827.152 504.441 8670.494 738.70095
819.84 60827.879 896.448 9116.124 729.12156
820.97 60828.605 446.454 8550.754 745.06318
822.1 60829.328 593.961 8538.383 758.20959
823.22 60830.055 -30.532 7767.513 780.45956
824.35 60830.781 92.474 7844.143 783.55144
825.48 60831.504 574.481 7850.272 828.18514
826.6 60832.23 310.488 7455.902 847.00114
827.73 60832.957 -144.506 7245.032 825.18648
828.85 60833.684 268.501 7361.662 853.85326
829.98 60834.406 610.008 7638.292 856.88627
831.11 60835.133 70.014 6945.921 883.73968
832.23 60835.859 81.521 6962.051 882.98926
833.36 60836.582 524.528 7592.181 853.35337
834.48 60837.309 259.034 6894.811 912.90412
835.6 60838.035 482.041 7014.94 923.8776
836.73 60545.762 -7.952 6711.07 901.22808
837.85 60542.984 535.054 6989.7 929.68594
838.98 58046.211 -104.439 6228.33 918.25004
840.1 60840.938 458.568 6766.959 957.17541
841.23 59043.66 371.074 6570.589 946.40614
842.35 59338.387 720.581 7111.219 917.24501
843.47 58184.113 248.588 6354.849 948.78889
844.6 57501.84 26.594 6149.978 938.61905
845.72 55369.563 155.101 6077.608 932.28193
846.84 57373.289 134.608 5955.738 983.29156
847.96 56867.016 139.114 5813.368 999.74213
849.09 56177.738 58.121 5820.497 973.89716
850.21 54041.465 232.628 5935.127 943.60094
851.33 54057.691 385.134 5976.757 959.87447
852.45 51923.418 25.141 5610.387 929.20311
853.57 53322.641 232.148 5832.016 948.06678
854.7 52124.367 67.654 5477.146 962.32171
855.82 50408.594 -0.339 5659.776 890.5991
856.94 53100.316 485.168 5827.405 984.8897
858.06 50973.043 -64.326 5132.035 982.17521
859.18 49616.27 425.181 5653.165 940.91886
860.3 50669.996 244.688 5345.295 988.61381
861.42 48373.219 -89.306 5013.424 949.73718
862.54 47755.945 -65.799 4962.554 951.04185
863.66 49120.672 50.708 4975.184 996.45037
864.78 48782.895 186.714 5073.814 994.37668
865.9 48090.121 244.221 5222.943 961.00758
867.02 48970.348 1277.228 6443.073 923.23935
868.14 49045.574 879.234 5701.203 998.89362
869.26 47569.797 575.741 5163.833 1024.26138
870.38 44767.523 -90.252 4456.962 986.48903
871.5 46814.25 -94.746 4453.592 1031.34364
872.62 43712.973 69.761 4578.222 968.02897
873.74 43866.699 699.268 5511.852 896.96993
874.85 42451.063 40.271 4430.417 966.0452
875.97 43041.563 286.271 4564.417 999.3884
877.09 44044.563 373.271 4811.917 983.88777
878.21 42488.063 220.771 4370.917 1018.45321
879.33 43346.563 334.771 4641.417 998.73068
880.44 43069.063 254.771 4375.417 1039.019
881.56 40010.563 111.271 4114.417 996.69847
882.68 40305.563 256.271 4367.917 974.04531
883.79 42058.563 826.771 4988.417 990.7569
884.91 39506.563 -58.229 3702.917 1051.9345
886.03 39268.063 456.271 4455.417 970.50208
887.14 38799.563 659.271 4800.417 921.00821
888.26 38854.563 777.271 4809.917 944.22606
889.38 39910.563 636.271 4577.417 996.51966
890.49 39066.063 -89.729 4014.417 954.05457
891.61 41376.563 307.771 4176.917 1061.44341
892.72 40296.563 -13.229 4058.417 990.01221
893.84 40897.563 -99.229 3906.917 1023.34744
894.95 39266.063 -87.229 3941.917 976.71548
896.07 40703.563 152.271 4075.417 1033.6422
897.18 40710.063 384.271 4307.417 1027.89433
898.3 39802.063 -41.229 3881.917 1015.59546
899.41 41718.063 577.271 4446.917 1063.16689
900.53 39505.563 335.771 4029.417 1060.46418
901.64 39274.563 462.271 4350.417 998.22113
902.75 37778.063 262.771 4055.917 989.02844
903.87 37352.063 116.771 3876.417 990.39358
904.98 38943.563 403.771 4044.917 1058.45227
906.09 38275.563 235.771 3943.917 1025.84398
907.21 36819.063 438.771 3919.917 1045.06656
908.32 37065.563 198.271 3488.417 1120.53667
909.43 35916.063 650.771 3977.917 1059.92621
910.54 34089.563 280.271 3820.917 954.89051
911.66 35488.063 1160.771 4581.417 1003.53253
912.77 33609.063 85.771 3214.417 1071.49523
913.88 33512.563 300.271 3645.417 992.85032
914.99 31759.563 69.271 3371.417 959.68781
916.1 32597.063 349.771 3617.417 986.86616
917.22 32089.063 58.771 2918.417 1120.07894
918.33 32035.563 688.771 3724.917 1032.45339
919.44 33054.563 270.271 3384.417 1052.75387
920.55 33928.063 660.771 3674.417 1103.88853
921.66 30523.563 428.771 3272.917 1058.13108
922.77 29239.063 488.271 3282.417 1028.9653
923.88 30367.563 623.271 3542.917 1018.76366
924.99 30953.563 373.771 3227.417 1071.60428
926.1 28017.563 -11.229 2623.917 1063.65236
927.21 27045.063 652.771 3484.417 932.04773
928.32 24912.563 -84.729 2456.417 983.70155
929.43 26449.063 251.771 2756.917 1045.73915
930.54 25340.563 111.271 2439.417 1083.66454
931.65 25400.063 266.271 2607.917 1073.3387
932.76 24969.063 381.771 2750.917 1037.81247
933.86 23513.563 302.271 2464.417 1073.53031
934.97 22238.563 113.771 2305.417 1009.50576
936.08 21830.563 164.771 2138.417 1097.75474
937.19 21430.063 708.271 2768.917 1005.5969
938.3 19154.063 472.271 2273.917 1036.92916
939.4 17732.563 674.771 2431.417 971.04324
940.51 15703.063 305.271 1864.417 987.5787
941.62 14518.563 503.771 1984.417 946.53237
942.73 16919.063 1102.771 2513.917 1120.81195
943.83 13770.563 302.771 1592.417 1044.30161
944.94 13696.063 338.271 1721.417 965.75443
946.05 12791.063 -35.729 1180.417 1054.70839
947.15 13527.563 -25.729 1255.417 1057.90393
948.26 13844.563 228.771 1623.917 975.94041
949.36 13356.063 98.271 1469.917 966.56088
950.47 14572.563 326.771 1819.917 954.07909
951.57 16082.563 844.771 2349.917 1012.37969
952.68 15931.063 568.771 1976.417 1091.34638
953.79 15760.563 439.271 2026.417 965.33613
954.89 15061.563 121.771 1668.417 965.94784
955.99 15856.563 391.271 2152.917 877.88878
957.1 15543.063 230.271 1637.417 1088.21642
958.2 15947.063 271.271 1806.417 1021.12723
959.31 16300.563 455.771 2090.917 969.01393
960.41 16064.563 130.271 1642.917 1053.40534
961.52 15293.563 10.271 1452.917 1059.39322
962.62 16033.563 493.771 1946.917 1069.38972
963.72 15709.063 -50.729 1492.417 1021.27691
964.83 15520.063 -70.729 1396.917 1062.29935
965.93 16285.563 341.771 1883.917 1033.87059
967.03 17086.563 714.271 2232.917 1078.08485
968.13 15650.563 466.771 1975.417 1006.45174
969.24 15019.563 175.771 1604.417 1039.01133
970.34 14809.063 206.771 1605.917 1043.65762
971.44 15835.063 265.771 1650.417 1124.42416
972.54 15053.563 346.771 1881.917 958.00619
973.64 14188.063 142.271 1643.917 935.35984
974.75 16296.063 1069.771 2472.917 1085.15386
975.85 19992.063 3162.271 4867.417 987.00019
976.95 14184.063 189.771 1479.917 1084.70622
978.05 14341.063 525.771 1934.917 980.40185
979.15 15074.063 896.271 2298.917 1010.78906
980.25 13053.563 99.771 1282.917 1094.86014
981.35 13557.563 179.271 1406.417 1090.19578
982.45 15010.563 891.771 2297.417 1004.43443
983.55 14377.063 462.771 1760.417 1072.27194
984.65 13759.563 418.271 1628.917 1101.99795
985.75 13652.563 675.271 1828.917 1124.89393
986.85 12653.063 372.271 1638.417 969.93504
987.95 12192.563 185.271 1345.917 1034.5354
989.05 12663.563 783.271 2071.417 922.2784
990.15 12532.063 628.271 1710.417 1100.01735
991.25 11676.563 443.271 1513.917 1049.20711
992.34 12294.563 835.771 1982.917 998.89583
993.44 11855.063 478.271 1473.917 1142.65453
994.54 10798.563 386.771 1334.417 1098.70079
995.64 11489.563 731.271 1754.417 1051.49154
996.74 11339.063 789.271 1829.917 1013.77352
997.83 9452.063 73.771 1008.417 1003.40591
998.93 10284.063 315.271 1299.917 1012.42415
1000.03 12121.563 1230.771 2285.917 1032.15981
1001.12 10659.063 704.771 1735.417 965.83051
1002.22 10374.063 729.271 1828.417 877.48064
1003.32 9005.063 272.271 1190.917 950.61577
1004.41 9110.563 467.271 1408.417 918.37968
1005.51 8601.563 402.771 1217.917 1005.80679
1006.6 7577.563 188.771 987.917 924.58612
1007.7 8651.563 624.271 1470.917 948.12867
1008.8 7365.063 103.271 755.917 1112.66955
1009.89 8262.063 577.771 1331.917 1018.93978
1010.99 7847.063 384.771 1149.417 975.91484
1012.08 7245.063 47.271 826.417 923.80542
1013.18 7984.063 394.271 1240.917 896.4542
1014.27 8730.063 202.271 1009.417 1056.53663
1015.36 8591.063 334.271 1124.417 1044.97067
1016.46 8620.063 402.771 1194.917 1037.34588
1017.55 7578.063 148.271 862.917 1039.64664
1018.65 8331.063 496.771 1208.917 1100.09662
1019.74 8058.063 586.771 1441.917 873.68629
1020.83 7581.063 505.271 1239.417 963.81289
1021.93 7162.563 280.271 1081.417 859.05609
1023.02 6701.563 38.271 740.917 948.31438
1024.11 6307.563 63.771 754.417 904.05113
1025.2 5964.063 88.271 722.417 926.56786
1026.3 6633.063 454.271 1131.917 911.80257
1027.39 6782.563 597.771 1268.417 922.21431
1028.48 6121.563 486.771 1072.417 962.15013
1029.57 6118.563 312.771 901.917 985.45916
1030.66 5766.563 451.771 1035.417 910.61939
1031.75 8270.063 1483.271 2155.917 1008.96949
1032.84 5949.563 652.771 1237.417 905.983
1033.94 4785.563 161.271 678.417 894.19486
1035.03 5866.563 773.771 1262.917 1041.16023
1036.12 4339.063 90.271 614.917 809.83994
1037.21 4401.063 66.771 609.417 798.73303
1038.3 5362.063 522.771 1049.417 918.88924
1039.39 4265.063 153.271 549.417 1037.94892
1040.48 4791.063 455.771 904.417 966.30599
1041.57 5049.063 616.271 1021.917 1092.77376
1042.66 4403.063 441.771 862.917 940.59854
1043.74 4459.063 508.271 928.417 940.33815
1044.83 4388.063 543.271 974.917 890.72824
1045.92 3308.563 45.771 481.917 748.0965
1047.01 4470.563 617.771 1054.417 882.36085
1048.1 3219.563 96.771 402.417 1021.70272
1049.19 3637.563 502.271 822.417 979.3323
1050.27 3534.563 342.271 705.417 879.066
1051.36 3393.063 305.271 681.417 820.90277
1052.45 3752.563 469.771 875.417 809.27531
1053.54 3419.563 466.771 758.417 1012.45799
1054.62 3458.063 525.271 900.417 781.77368
1055.71 3466.563 467.771 822.917 844.38315
1056.8 3870.063 688.271 1055.917 865.45027
1057.88 3020.063 328.771 652.417 831.55452
1058.97 3137.563 458.771 804.417 775.01052
1060.06 4036.563 834.771 1296.917 692.80984
1061.14 2910.563 367.771 664.417 857.18095
1062.23 5544.563 1608.271 2089.917 817.25845
1063.31 2999.063 547.271 887.917 719.74795
1064.4 2423.063 279.271 610.417 647.38595
1065.48 2760.063 526.771 738.917 1052.71512
1066.57 2737.063 362.771 691.917 721.34943
1067.65 2835.063 543.771 885.417 670.66277
1068.74 2382.063 357.271 635.417 727.96042
1069.82 2590.563 544.271 856.417 655.55622
1070.9 6496.563 2151.771 2635.417 898.3413
1071.99 2755.563 561.771 908.917 631.95096
1073.07 2630.063 491.771 826.917 638.01825
1074.15 2714.063 576.771 914.417 632.99802
1075.24 2384.563 526.771 764.417 781.74792
1076.32 2526.063 625.771 880.417 746.24876
1077.4 3550.063 963.771 1324.417 717.12788
1078.49 1776.063 218.271 494.417 564.11921
1079.57 2633.063 655.271 905.917 789.07809
1080.65 3090.563 866.771 1207.917 651.85959
1081.73 1957.063 382.771 651.417 586.01006
1082.81 1578.063 238.271 479.917 554.44436
1083.89 2369.563 548.771 799.417 726.43992
1084.98 2299.563 533.271 847.417 562.25207
1086.06 1609.063 267.771 470.917 660.26055
1087.14 1698.563 283.771 487.417 694.73152
1088.22 2127.563 524.771 765.417 666.03747
1089.3 1531.563 261.771 458.417 645.72524
1090.38 3343.063 1101.771 1433.417 675.80894
1091.46 2305.063 598.771 838.417 712.00545
1092.54 1775.063 405.771 657.917 543.05541
1093.62 1859.563 412.771 674.917 551.90334
1094.7 1328.563 186.271 429.417 469.79694
1095.78 2022.563 490.771 699.917 732.40359
1096.86 1971.563 545.771 843.917 478.21949
1097.93 3540.563 1146.271 1458.417 767.04284
1099.01 2564.063 802.271 1099.917 591.90878
1100.09 1439.063 334.271 492.917 696.38879
