196.55 708.885 586.267 768.672 67.22298
197.76 1093.59 838.596 1083.103 104.28897
198.96 967.899 775.589 917.878 135.15475
200.16 631.044 485.634 622.73 106.06504
201.36 1158.244 902.884 1116.794 119.37718
202.56 772.876 615.969 767.31 103.67763
203.76 675.804 536.085 714.765 78.1948
204.96 732.731 614.201 695.22 146.29943
206.16 550.654 415.738 536.809 111.4354
207.36 948.404 705.169 870.243 147.3483
208.56 800.908 602.609 809.479 95.85708
209.76 520.19 448.68 525.581 92.98919
210.96 686.194 557.12 679.816 105.1982
212.16 1418.831 1182.785 1383.698 117.48656
213.36 865.649 679.658 846.943 111.18217
214.56 710.672 582.779 664.01 157.44232
215.76 1268.803 1010.085 1226.765 119.40117
216.96 1060.604 877.557 1040.939 112.03595
218.16 778.967 633.532 752.688 122.05448
219.35 605.399 465.728 574.508 128.39729
220.55 703.59 625.736 743.234 66.26014
221.75 634.222 519.32 607.75 129.93612
222.95 1085.676 846.719 1039.245 124.11659
224.15 810.617 662.796 801.036 106.93084
225.35 645.108 461.776 658.435 93.22323
226.55 646.835 534.725 602.933 164.36534
227.75 997.176 804.719 946.745 135.50809
228.94 798.19 668.68 844.581 73.62648
230.14 729.363 624.647 759.105 77.87981
231.34 625.099 542.117 650.704 76.42001
232.54 601.79 452.624 617.429 90.51046
233.74 597.667 460.06 587.014 108.39127
234.93 617.917 486.768 643.21 83.83247
236.13 736.013 553.133 714.692 113.19681
237.33 728.04 537.333 727.125 100.4821
238.53 653.281 523.243 648.459 103.85092
239.72 970.281 812.104 953.328 112.00396
240.92 491.435 415.67 456.781 184.29434
242.12 934.113 701.717 907.67 112.83896
243.31 577.022 447.153 559.793 115.29565
244.51 520.844 404.107 535.403 88.91138
245.71 900.081 722.715 908.133 95.6574
246.9 1197.844 958.107 1144.403 128.68595
248.1 699.931 558.59 692.415 105.61596
249.3 664.317 571.046 744.601 53.74162
250.49 694.158 532.039 653.413 133.56972
251.69 801.299 612.644 764.53 124.2084
252.89 726.226 575.983 714.223 108.68253
254.08 483.69 364.18 459.581 125.27062
255.28 726.113 574.077 721.54 103.10105
256.47 466.34 347.166 497.668 79.18411
257.67 774.254 592.822 790.787 91.64832
258.86 882.94 702.25 845.147 126.44787
260.06 710.126 551.538 667.876 136.31723
261.26 1061.758 826.623 1029.892 115.67702
262.45 680.917 561.629 682.079 99.03514
263.65 456.758 367.984 447.761 111.27771
264.84 828.631 618.618 767.741 140.83154
266.04 578.226 459.983 600.223 84.3147
267.23 435.79 346.485 405.298 151.84418
268.42 530.608 395.637 552.305 86.15125
269.62 723.117 542.157 741.905 90.59403
270.81 716.476 504.691 657.419 138.66803
272.01 696.854 547.127 622.504 198.63601
273.2 826.144 633.94 864.447 83.38346
274.4 483.508 379.553 487.326 96.45717
275.59 768.794 595.565 724.664 134.18309
276.78 669.317 497.185 666.732 101.52503
277.98 618.053 463.015 597.2 115.54114
279.17 598.658 474.179 571.044 128.508
280.37 657.699 466.922 617.921 126.34317
281.56 420.081 309.576 429.502 92.14398
282.75 474.426 316.289 448.811 119.32928
283.95 606.513 454.494 605.061 100.96384
285.14 613.076 518.996 602.636 112.4817
286.33 493.244 383.523 523.925 78.14799
287.52 683.772 513.945 703.597 89.54652
288.72 762.381 601.409 856.045 63.21626
289.91 915.199 789.561 1028.552 52.57028
291.1 731.567 538.115 705.666 115.45855
292.29 714.458 519.651 668.218 131.12431
293.49 711.99 516.513 690.125 112.59433
294.68 512.444 441.051 519.751 90.71571
295.87 590.767 429.143 523.992 170.40099
297.06 734.763 530.063 727.127 103.87486
298.26 364.949 294.491 346.486 135.50859
299.45 595.022 467.153 589.793 104.26367
300.64 617.09 470.236 631.234 91.215
301.83 644.099 514.617 641.704 101.88464
303.02 550.813 414.244 544.497 104.84918
304.21 763.585 601.795 766.999 97.93401
305.4 611.558 452.734 600.196 107.70509
306.59 614.84 497.166 690.168 60.9702
307.79 603.322 459.625 604.467 99.20951
308.98 440.363 329.147 444.105 96.74455
310.17 722.035 552.918 667.976 146.98475
311.36 653.199 470.283 632.29 112.90588
312.55 995.24 855.304 1025.429 82.25479
313.74 439.572 298.556 469.901 82.2991
314.93 737.908 608.609 716.479 119.86621
316.12 603.949 420.131 576.617 117.46612
317.31 351.254 263.043 334.526 123.40103
318.5 421.072 321.056 486.901 60.30661
319.69 596.531 465.034 587.263 107.58232
320.88 566.881 418.188 511.807 158.82784
322.07 482.776 376.524 459.963 127.34192
323.26 461.931 368.729 476.546 86.44456
324.45 357.581 297.576 321.002 256.14507
325.64 539.085 455.017 554.237 84.729
326.83 676.567 527.115 696.666 88.14571
328.01 557.772 403.084 601.227 78.06857
329.2 672.322 568.125 669.967 102.31246
330.39 523.263 416.564 536.127 89.24077
331.58 406.017 296.074 431.427 81.22697
332.77 883.076 654.136 888.267 97.78296
333.96 360.722 243.042 306.988 184.02887
335.15 393.026 291.594 411.528 84.57348
336.33 491.517 325.574 388.427 264.01653
337.52 491.081 405.076 558.502 56.05608
338.71 499.399 362.589 522.378 85.61934
339.9 456.722 335.903 472.358 88.54121
341.08 484.14 366.999 490.712 94.68789
342.27 643.622 489.598 665.641 87.49233
343.46 734.413 572.689 748.844 91.80748
344.65 708.913 522.689 681.844 117.00754
345.83 717.667 574.199 755.645 79.06955
347.02 367.731 298.201 375.22 90.27648
348.21 744.608 554.637 732.305 106.92499
349.4 415.749 287.603 429.791 90.1245
350.58 508.74 372.443 487.059 118.91579
351.77 421.667 342.56 433.514 86.97493
352.96 293.64 205.638 319.842 77.05662
354.14 527.676 329.58 482.615 129.4452
355.33 415.022 290.153 381.293 137.00801
356.51 272.717 205.462 326.123 55.73897
357.7 533.94 397.832 536.755 97.97365
358.89 365.331 309.007 382.437 76.70429
360.07 644.781 528.465 643.698 100.93984
361.26 721.931 573.173 742.023 88.10024
362.44 548.662 382.063 471.256 186.78382
363.63 391.999 234.476 382.203 106.63098
364.81 429.23 279.366 415.436 110.13778
366.0 298.962 151.896 247.3 154.15131
367.18 993.835 758.53 954.78 119.90059
368.37 391.971 267.694 382.162 108.56992
369.55 511.412 419.271 527.452 85.17311
370.74 676.976 510.274 603.027 179.72581
371.92 783.312 596.188 773.974 105.25262
373.11 396.521 305.097 400.27 96.06105
374.29 349.753 248.487 335.003 117.04855
375.48 416.485 306.155 391.998 128.52598
376.66 336.094 223.259 324.577 111.36754
377.84 714.971 524.694 715.662 99.63855
379.03 345.785 210.766 320.302 123.26454
380.21 272.976 159.635 311.897 74.43828
381.39 251.731 110.145 206.697 146.6413
382.58 583.253 419.765 573.765 106.16155
383.76 786.385 641.35 787.281 99.38647
384.94 825.803 637.807 793.004 121.13413
386.13 381.649 252.602 311.92 217.54842
387.31 448.876 303.19 493.049 76.73374
388.49 373.008 241.136 387.434 90.13896
389.68 441.394 377.231 506.251 49.73143
390.86 460.022 294.236 464.901 97.14095
392.04 658.685 540.822 663.954 95.72069
393.22 355.522 278.736 385.401 71.98765
394.41 332.135 240.641 380.585 65.3793
395.59 168.99 111.735 179.363 84.66086
396.77 436.026 281.316 426.767 106.36603
397.95 497.508 355.275 451.565 147.71308
399.13 532.431 422.812 560.654 79.52491
400.31 390.917 238.073 311.057 209.42111
401.5 475.558 356.678 513.674 75.72182
402.68 533.231 423.645 573.197 73.27582
403.86 354.831 248.728 308.676 176.99255
405.04 592.194 466.342 630.555 76.63953
406.22 270.367 192.17 315.448 63.43122
407.4 515.953 354.432 523.721 95.41144
408.58 620.026 449.676 646.136 86.70974
409.76 666.112 484.16 667.148 99.43414
410.94 469.022 325.236 443.901 121.16933
412.12 382.435 297.891 361.02 133.92383
413.3 356.667 220.781 341.253 112.79495
414.48 276.826 150.288 324.441 72.65939
415.66 348.322 260.347 334.205 119.11249
416.84 800.231 616.784 824.328 88.38934
418.02 474.226 323.204 470.462 102.556
419.2 326.103 257.279 304.678 145.20308
420.38 445.553 332.237 430.938 114.80713
421.56 342.035 239.836 357.367 86.95477
422.74 782.962 539.174 733.561 125.41398
423.92 549.276 429.246 567.701 86.69229
425.1 428.826 253.788 404.941 115.80226
426.28 332.794 236.926 270.534 285.25579
427.46 899.263 661.424 846.996 128.16511
428.63 463.585 311.878 450.107 109.75089
429.81 497.508 384.414 476.696 122.55313
430.99 492.385 416.35 533.781 64.74918
432.17 734.958 590.372 790.956 72.08227
433.35 528.172 472.361 611.118 40.22163
434.52 201.463 122.452 168.322 172.24845
435.7 340.776 223.885 352.832 90.65055
436.88 580.262 413.785 534.865 137.49335
438.06 398.113 274.938 434.909 76.99793
439.23 338.858 208.289 372.478 79.52352
440.41 438.472 348.972 466.423 76.20163
441.59 559.926 431.232 583.788 84.3584
442.77 320.949 160.991 235.986 213.29132
443.94 622.24 415.804 584.929 122.06132
445.12 550.831 412.867 556.806 95.84857
446.3 751.89 503.29 725.016 112.12044
447.47 500.812 362.327 496.105 103.51919
448.65 564.144 381.8 540.316 115.03211
449.82 373.144 286.8 376.816 95.92098
451.0 426.249 266.824 398.029 121.50783
452.18 363.735 230.364 326.694 138.45289
453.35 388.272 286.805 430.466 70.62896
454.53 392.117 304.879 406.144 86.14812
455.7 308.472 159.333 306.792 101.13876
456.88 665.253 459.904 666.395 99.44705
458.05 441.194 316.342 440.555 100.51452
459.23 289.885 215.85 295.781 92.62447
460.4 409.272 315.805 455.966 66.68493
461.58 461.722 320.403 473.858 92.09143
462.75 288.331 157.367 254.306 135.09887
463.93 454.09 275.318 407.842 134.8979
465.1 402.412 272.271 397.952 103.54876
466.28 219.249 127.964 231.16 88.45773
467.45 169.772 68.305 195.466 79.79355
468.63 376.567 253.337 400.905 83.50727
469.8 625.917 477.851 619.318 104.66469
470.97 283.162 172.341 320.518 74.79013
472.15 505.417 350.49 500.949 102.96986
473.32 483.749 355.464 551.66 65.38612
474.49 606.826 461.927 634.571 83.92939
475.67 336.494 232.453 429.36 52.83778
476.84 250.058 138.456 282.935 77.24455
478.01 539.458 294.372 542.956 98.59264
479.19 384.894 255.009 387.012 98.3958
480.36 317.517 204.934 275.796 158.87587
481.53 443.403 306.89 454.982 92.18139
482.7 369.503 233.974 416.461 74.26823
483.88 318.308 155.526 287.5 123.3438
485.05 378.253 215.404 362.895 110.41295
486.22 408.985 293.072 445.89 75.85075
487.39 290.204 123.141 307.917 90.41343
488.56 420.712 275.383 438.757 88.95521
489.74 691.14 409.499 662.712 111.22704
490.91 283.194 154.981 309.686 82.87608
492.08 340.212 227.383 382.757 72.61815
493.25 259.767 145.004 332.362 61.25346
494.42 413.84 222.027 447.038 85.24611
495.59 432.681 215.02 443.35 95.32728
496.76 433.131 226.84 479.48 81.65399
497.93 516.635 327.919 534.346 91.4204
499.1 501.117 291.518 534.775 86.16371
500.27 778.967 557.532 800.688 91.06715
501.44 788.144 570.94 809.947 90.87797
502.61 378.567 259.976 434.036 68.13241
503.78 491.708 329.581 568.652 67.8153
504.95 862.603 635.418 860.808 100.79647
506.12 523.835 361.586 568.303 78.48874
507.29 352.013 153.494 359.561 96.33673
508.46 116.822 29.986 158.336 67.65525
509.63 886.822 622.486 893.836 97.41499
510.8 863.344 614.467 863.773 99.82816
511.97 509.303 271.946 532.134 91.22522
513.14 271.599 133.617 307.704 79.26049
514.31 603.053 405.015 637.2 85.29347
515.48 471.44 304.61 515.516 79.1015
516.65 381.622 216.958 422.51 80.10801
517.81 366.094 145.037 393.338 89.02796
518.98 604.422 358.431 572.684 114.81325
520.15 289.022 114.153 338.793 77.84402
521.32 544.781 265.465 611.698 80.67284
522.49 1038.876 715.108 1119.441 80.07467
523.65 863.572 595.056 929.401 80.31089
524.82 536.994 315.453 562.36 89.72673
525.99 216.504 35.613 231.091 92.53747
527.16 607.604 344.196 596.07 104.57929
528.32 588.981 424.493 635.524 77.94492
529.49 400.408 215.97 486.848 68.08899
530.66 210.654 -2.262 298.809 70.71945
531.82 294.944 98.412 372.621 71.67261
532.99 417.808 188.026 454.5 86.23054
534.16 461.649 221.519 539.312 75.56163
535.32 706.953 465.071 756.852 82.89864
536.49 343.517 83.074 428.427 75.41361
537.65 814.867 546.948 890.71 77.93745
538.82 353.19 135.041 489.451 61.55275
539.99 616.331 302.507 686.437 81.73988
541.15 698.84 422.388 805.407 72.17706
542.32 340.154 103.599 359.678 92.37557
543.48 683.244 405.162 810.556 68.59564
544.65 907.422 595.209 1005.945 76.01299
545.81 1166.967 770.032 1313.688 73.01222
546.98 581.799 297.644 734.03 65.11549
548.14 764.467 409.532 897.688 72.70939
549.31 494.199 142.061 624.552 72.98339
550.47 595.335 224.086 710.803 76.27627
551.63 888.094 516.537 1050.838 69.54083
552.8 591.09 193.957 671.472 83.1665
553.96 628.008 178.053 737.826 80.38164
555.13 642.399 207.589 728.878 83.4106
556.29 903.108 414.637 1054.805 76.30362
557.45 472.476 134.913 648.158 65.77037
558.62 676.058 271.095 898.065 64.59045
559.78 827.799 424.144 1025.53 67.12077
560.94 657.185 227.6 796.716 75.48296
562.11 640.64 170.138 768.842 78.58669
563.27 488.122 5.598 664.641 73.21588
564.43 414.422 5.07 618.814 66.69743
565.59 563.899 105.728 771.008 68.86887
566.76 713.994 136.453 852.36 80.6727
567.92 843.995 252.732 937.621 86.32969
569.08 968.726 382.622 1151.354 76.243
570.24 729.549 126.436 879.334 80.10553
571.4 657.635 120.558 837.976 74.86248
572.57 760.431 183.729 940.046 76.25134
573.73 567.067 1.615 743.666 76.20122
574.89 771.626 171.177 1013.506 71.28438
576.05 936.258 283.484 1140.261 76.18949
577.21 737.267 69.004 899.362 80.47894
578.37 587.431 -36.91 854.915 70.00708
579.53 740.149 103.158 1022.943 69.25433
580.69 992.663 316.119 1329.279 66.7756
581.85 885.113 173.577 1103.54 76.51226
583.01 907.263 206.064 1086.627 79.63075
584.17 971.317 219.546 1238.601 73.77141
585.33 1062.004 266.613 1331.091 74.72117
586.49 920.213 139.522 1183.887 74.75263
587.65 1103.84 256.027 1349.538 77.53128
588.81 1008.035 277.614 1332.129 69.26611
589.97 1341.74 497.582 1637.69 74.04191
591.13 963.017 158.434 1333.797 68.45402
592.29 993.513 150.133 1279.192 74.69757
593.45 890.704 90.641 1234.417 69.94922
594.61 867.803 52.946 1253.134 67.89413
595.77 966.994 49.093 1193.49 80.20829
596.93 909.653 7.96 1203.547 75.41845
598.09 1067.117 163.018 1366.275 75.13767
599.24 970.949 64.131 1247.117 76.65502
600.4 1029.213 178.522 1366.887 71.58493
601.56 995.358 60.067 1342.739 72.91737
602.72 1146.394 164.648 1479.643 74.65782
603.87 1184.435 199.309 1563.412 72.21791
605.03 1004.894 26.648 1332.143 74.93301
606.19 1002.972 54.112 1338.054 73.9021
607.35 982.013 -0.367 1253.192 78.36724
608.5 1277.463 304.091 1688.453 70.31194
609.66 1591.213 476.661 1926.518 76.87321
610.82 1098.531 53.034 1414.763 76.77715
611.97 1051.108 38.637 1441.805 72.15611
613.13 1366.635 316.698 1730.607 74.25778
614.29 1322.281 237.104 1670.328 75.71576
615.44 1470.694 285.12 1761.817 80.28558
616.6 1124.117 35.657 1489.906 74.84692
617.76 1411.344 286.607 1777.903 75.42012
618.91 1417.676 306.219 1811.745 73.82515
620.07 1407.29 295.624 1807.929 73.50804
621.22 1051.449 2.131 1412.617 74.39408
622.38 1740.608 532.637 2100.805 77.03074
623.53 1164.635 -18.942 1490.976 78.38684
624.69 1196.585 38.156 1575.368 75.35912
625.84 1244.726 54.622 1616.354 76.20414
627.0 1426.508 263.914 1744.696 78.51217
628.15 1192.267 19.643 1494.492 79.50806
629.31 1365.417 168.49 1755.949 75.39894
630.46 1209.558 -25.405 1550.065 78.38694
631.61 1403.054 172.655 1791.33 76.01269
632.77 1437.544 155.495 1775.099 79.15821
633.92 1500.263 258.564 1891.127 76.05825
635.08 1816.526 418.455 2236.897 76.8829
636.23 1431.185 122.6 1934.716 72.21312
637.38 1264.749 -55.397 1630.291 78.31498
638.54 1636.681 323.02 2128.85 72.74554
639.69 1799.335 429.225 2313.433 72.71544
640.84 1631.465 264.572 2039.865 76.99533
641.99 1421.025 -6.926 1761.936 80.72709
643.15 1838.585 389.576 2296.007 76.00636
644.3 1423.145 62.079 1869.578 75.30107
645.45 1356.705 -55.919 1795.649 76.2934
646.6 1921.265 423.583 2353.719 77.59461
647.75 1610.825 65.586 2022.291 78.97151
648.91 1375.885 -108.412 1833.861 76.4206
650.06 1587.445 99.091 2060.932 75.86517
651.21 1738.505 196.093 2175.003 77.94252
652.36 1765.565 238.095 2187.074 78.37284
653.51 1596.125 40.598 2089.645 75.91468
654.66 1642.186 138.1 2177.716 73.74356
655.81 1875.746 283.603 2439.287 73.8579
656.96 1649.806 17.105 2087.858 78.84577
658.11 1790.366 104.107 2314.429 76.2902
659.27 1959.926 185.11 2427.5 79.14842
660.42 1666.986 3.112 2209.071 75.42635
661.57 1985.546 169.115 2405.141 81.23479
662.72 1637.106 -122.883 2153.712 77.30795
663.87 1660.166 -87.381 2257.783 74.51705
665.01 1889.726 116.622 2469.854 75.34762
666.16 1799.286 2.124 2247.425 80.04105
667.31 1847.847 -2.874 2398.496 77.06936
668.46 2277.907 373.629 2871.067 76.24925
669.61 2044.467 33.631 2552.638 79.82653
670.76 1844.527 -59.866 2539.709 73.25786
671.91 2451.587 346.136 3029.78 78.45494
673.06 2291.647 236.638 2886.851 77.54128
674.21 1980.207 -116.359 2562.421 78.26569
675.35 2217.267 63.643 2785.492 79.12356
676.5 2200.827 29.646 2840.063 77.25477
677.65 2069.887 -33.352 2701.634 76.90128
678.8 2077.948 -93.35 2671.205 78.54057
679.94 2294.008 -28.847 2871.276 80.09503
681.09 2526.568 174.655 3196.847 77.82142
682.24 2560.128 171.658 3240.918 77.81908
683.39 2399.688 -54.84 3017.489 79.89144
684.53 2715.748 183.662 3467.06 77.11785
685.68 2566.808 63.165 3365.131 75.8228
686.83 2660.868 148.167 3406.701 77.11138
687.97 2730.928 67.169 3425.272 79.32332
689.12 2768.988 76.672 3452.843 79.74466
690.27 2662.048 -16.326 3349.914 79.56575
691.41 2981.108 242.177 3636.985 80.68001
692.56 2930.668 159.679 3636.056 79.70911
693.7 2940.229 138.181 3702.627 78.61102
694.85 2828.289 -22.316 3509.698 80.70762
695.99 3000.849 128.186 3828.769 77.6273
697.14 3059.909 107.689 3810.34 79.73261
698.28 3115.469 141.191 3891.911 79.29886
699.43 3159.029 164.693 3965.481 78.78197
700.57 2879.089 -98.304 3643.552 79.56995
701.72 3059.649 -56.802 3813.123 80.53001
702.86 2990.209 -110.799 3805.194 79.18829
704.01 3129.269 -23.797 3932.765 79.69207
705.15 3409.829 113.705 4117.336 82.32837
706.29 3193.39 19.208 4025.407 79.23175
707.44 3390.95 9.21 4220.978 80.29264
708.58 3116.51 -124.788 4027.549 78.0596
709.72 3702.07 310.215 4518.62 80.59717
710.87 3156.63 -151.283 3994.691 79.78615
712.01 3322.19 -67.78 4179.762 79.81016
713.15 3514.25 73.722 4450.833 78.60272
714.3 3661.31 133.724 4645.403 78.18787
715.44 3576.37 -40.273 4475.974 80.08072
716.58 3685.43 92.229 4627.545 79.22714
717.72 3686.99 -24.768 4609.116 80.10037
718.87 3735.551 74.734 4693.687 79.25641
720.01 3766.611 77.736 4801.758 78.08758
721.15 3649.671 -84.261 4566.829 80.28079
722.29 3928.231 118.741 4861.9 80.31546
723.43 4098.791 240.744 4999.471 81.0731
724.57 4021.851 140.746 4922.042 81.17266
725.72 3948.911 42.248 4885.612 80.66011
726.86 4175.971 287.251 5246.684 78.41059
728.0 4013.031 39.753 4999.254 80.11447
729.14 3919.091 -53.245 4936.825 79.60482
730.28 4306.151 170.758 5301.896 80.59408
731.42 4044.211 -6.74 5119.967 79.01663
732.56 4484.771 340.263 5451.038 81.09354
733.7 4322.832 96.765 5304.109 81.15589
734.84 4086.892 -145.733 4927.18 83.43579
735.98 4319.952 29.77 5307.751 81.28452
737.12 4186.012 -63.728 5248.322 80.00188
738.26 4372.572 -51.225 5414.393 80.93865
739.4 4486.132 40.277 5493.963 81.52018
740.53 4586.692 132.779 5550.534 82.20957
741.67 4519.752 61.782 5581.105 80.77023
742.81 4248.313 -131.216 5216.176 81.90027
743.95 4657.873 109.287 5740.247 80.77815
745.09 4463.933 -66.211 5498.818 81.40378
746.23 4700.493 150.791 5771.389 80.94693
747.36 4760.553 203.294 5704.96 82.83416
748.5 4463.113 -73.704 5494.531 81.47675
749.64 4563.173 -12.701 5550.102 82.25843
750.78 4456.733 -41.199 5446.672 81.96132
751.92 4604.293 -13.197 5628.244 81.84948
753.05 4534.353 -11.694 5773.314 78.58324
754.19 4883.413 216.808 5930.385 81.67572
755.33 4481.473 -135.19 5626.456 80.1275
756.46 4736.533 -5.187 5695.027 83.18495
757.6 4662.093 -45.185 5691.598 82.05432
758.74 4964.153 243.318 6091.669 80.7208
759.87 4743.214 98.32 5714.74 82.70204
761.01 4844.774 39.822 5755.311 84.06895
762.14 4787.834 78.825 5923.882 80.56396
763.28 4853.394 149.827 5920.953 81.50173
764.41 4857.954 62.83 5892.023 82.26051
765.55 4522.514 -105.168 5514.094 82.35391
766.69 4771.074 45.334 5813.666 81.9256
767.82 4767.134 97.837 5814.236 81.68249
768.95 4609.194 -42.161 5725.807 80.64114
770.09 5040.254 356.341 6072.878 81.9362
771.22 5020.314 286.344 6069.449 81.85863
772.36 4981.875 173.346 6028.02 82.13145
773.49 4997.435 210.849 5988.091 82.85244
774.63 4773.995 43.851 5704.162 83.56686
775.76 4781.555 12.853 5708.232 83.72931
776.89 4869.615 115.856 5840.304 83.0431
778.03 4805.675 116.358 5675.875 84.34756
779.16 4587.235 -11.639 5606.445 81.85841
780.29 4785.795 122.363 5777.016 82.47071
781.43 4930.855 245.865 5937.587 82.31235
782.56 4686.416 95.368 5750.158 81.18865
783.69 4613.476 -49.13 5524.229 83.65881
784.82 4650.536 40.873 5631.8 82.44899
785.96 4526.596 16.375 5589.871 80.92265
787.09 4604.656 62.877 5479.442 83.8498
788.22 4711.216 135.88 5491.513 85.43035
789.35 4466.276 -40.618 5369.083 83.31132
790.48 4564.836 14.385 5529.654 82.50642
791.62 4667.896 216.887 5595.226 82.75807
792.75 4338.456 -39.611 5261.796 82.58311
793.88 4779.016 314.392 5668.367 83.38896
795.01 4482.576 124.394 5487.938 81.25564
796.14 4586.636 159.896 5395.009 84.55863
797.27 4578.196 164.899 5540.08 82.10509
798.4 4398.757 58.901 5382.151 81.52643
799.53 4239.317 -58.096 5138.722 82.69316
800.66 4521.377 69.906 5267.293 85.64825
801.79 5157.937 675.408 5995.364 84.25876
802.92 4370.497 11.911 5265.935 82.95711
804.05 4456.557 132.913 5355.505 82.78732
805.18 4354.117 21.916 5233.076 83.13314
806.31 4323.177 31.918 5179.147 83.37027
807.44 4204.237 -105.58 5001.218 84.39372
808.57 4504.797 138.923 5353.789 83.71978
809.69 4422.857 107.425 5235.86 84.14716
810.82 4145.417 -145.572 4958.431 84.07106
811.95 4830.478 430.43 5642.002 84.42841
813.08 4240.038 9.432 5074.573 83.52395
814.21 4723.098 516.435 5621.144 82.4075
815.33 4288.658 84.937 5129.215 83.33642
816.46 4215.218 112.439 5007.786 83.80977
817.59 4572.778 356.442 5340.856 84.5904
818.72 4327.838 187.444 5154.927 83.34994
819.84 4590.398 365.947 5347.998 84.79342
820.97 4236.958 166.949 4990.569 84.37666
822.1 4246.019 249.951 5080.14 82.73108
823.22 3881.079 -14.046 4553.711 85.27434
824.35 3902.639 -6.544 4675.282 83.49697
825.48 4169.199 205.459 4782.853 86.59381
826.6 3954.259 111.961 4606.924 85.48008
827.73 3832.319 -102.537 4615.995 83.39153
828.85 3931.379 64.466 4770.065 82.17684
829.98 4227.439 298.968 4978.636 83.94764
831.11 3837.999 -16.529 4532.208 84.73843
832.23 3807.059 -21.027 4546.778 83.80581
833.36 4063.119 225.475 4701.849 85.73109
834.48 3904.179 48.978 4620.92 84.32306
835.6 3946.74 131.48 4593.491 85.50538
836.73 3663.3 -59.018 4406.562 83.35574
837.85 4001.86 221.485 4680.133 84.78747
838.98 3574.42 -116.513 4341.204 82.79873
840.1 3893.98 116.99 4599.775 84.25543
841.23 3936.04 112.492 4545.846 86.24505
842.35 4129.6 337.494 4817.417 84.64669
843.47 3865.16 37.997 4430.487 87.12969
844.6 3611.22 -79.001 4265.058 84.94869
845.72 3642.28 17.002 4269.629 85.24797
846.84 3726.34 27.004 4295.2 86.67212
847.96 3625.9 -36.494 4381.771 82.89214
849.09 3651.96 -36.991 4283.842 85.37594
850.21 3745.521 41.011 4277.913 87.43439
851.33 3873.581 170.514 4506.484 85.40343
852.45 3639.141 -52.484 4312.055 84.58225
853.57 3756.701 88.518 4352.625 86.02463
854.7 3669.761 5.521 4229.196 86.75478
855.82 3692.321 -46.477 4275.768 86.50131
856.94 3829.381 142.025 4498.338 84.64396
858.06 3465.441 -123.972 4099.909 84.97903
859.18 3768.001 147.03 4463.48 83.88771
860.3 3769.562 46.033 4347.551 86.56312
861.42 3451.122 -131.965 4107.622 84.51499
862.54 3522.682 -92.963 4028.193 87.73375
863.66 3596.742 -68.46 4109.764 87.72153
864.78 3625.802 18.542 4205.335 86.15806
865.9 3725.362 78.545 4268.906 87.02871
867.02 4372.422 555.547 4889.477 88.06961
868.14 3948.482 360.549 4533.047 85.99004
869.26 3784.542 167.052 4349.618 86.48973
870.38 3408.102 -138.946 3931.689 87.13746
871.5 3328.662 -134.443 3907.26 85.68431
872.62 3356.222 -48.941 4013.331 83.82411
873.74 3808.282 266.561 4303.902 87.72411
874.85 3432.813 -40.438 3988.438 86.20893
875.97 3568.313 84.563 4042.438 88.02072
877.09 3712.813 149.063 4215.938 87.62871
878.21 3516.813 47.063 4143.438 84.70294
879.33 3551.813 90.563 4103.438 86.25362
880.44 3428.813 31.563 4055.438 84.42732
881.56 3562.313 36.063 4105.438 86.65336
882.68 3530.313 61.063 4051.438 86.94045
883.79 3797.313 377.063 4368.438 85.69102
884.91 3270.813 -103.438 3833.938 85.69796
886.03 3624.313 156.563 4111.438 87.68292
887.14 3797.313 261.563 4299.438 87.56462
888.26 3781.813 286.063 4332.938 86.38147
889.38 3748.313 232.063 4343.438 85.52492
890.49 3457.313 -108.938 3932.438 88.24348
891.61 3766.313 107.563 4254.438 88.22909
892.72 3407.313 -82.438 4046.438 84.5206
893.84 3430.813 -102.938 4078.438 84.51167
894.95 3539.313 -93.938 4244.938 83.73714
896.07 3729.813 -7.438 4271.938 87.33168
897.18 3962.313 104.563 4426.438 89.26103
898.3 3751.813 -94.938 4268.938 88.14987
899.41 3987.813 211.563 4609.938 85.85557
900.53 3917.813 83.063 4485.938 87.0965
901.64 3975.313 127.063 4506.938 87.8621
902.75 3857.813 53.063 4401.938 87.48814
903.87 3665.313 -8.438 4224.938 86.78064
904.98 3859.813 127.063 4443.438 86.47882
906.09 3774.313 53.563 4303.938 87.53933
907.21 3855.313 164.063 4383.938 87.47297
908.32 3600.313 5.063 4242.938 84.83615
909.43 3852.313 256.063 4502.438 84.68988
910.54 3678.813 69.063 4235.938 86.62967
911.66 4103.813 509.063 4660.938 86.58136
912.77 3562.813 -51.938 3945.938 90.41678
913.88 3573.813 108.063 4083.938 87.16949
914.99 3460.813 -28.938 4013.938 86.31852
916.1 3697.313 97.063 4052.438 91.02171
917.22 3340.813 -58.938 3750.938 89.23521
918.33 3715.313 284.563 4103.938 89.82491
919.44 3447.813 47.063 3874.438 88.85333
920.55 3667.313 246.563 4168.438 87.22231
921.66 3418.313 151.063 3955.938 85.8701
922.77 3471.313 166.563 3962.938 87.05015
923.88 3603.813 250.563 4038.938 88.5142
924.99 3348.313 129.063 3725.438 89.51375
926.1 3007.313 -77.438 3510.938 85.9651
927.21 3459.813 260.063 3858.938 88.90973
928.32 2993.313 -137.938 3311.938 90.76416
929.43 3167.313 34.563 3589.438 88.12546
930.54 3033.313 -29.938 3392.938 89.49348
931.65 3085.813 35.063 3401.938 90.61073
932.76 3012.313 108.563 3444.438 87.04613
933.86 2997.813 35.063 3344.438 89.52597
934.97 2741.313 -36.438 3040.938 90.26362
936.08 2650.313 -2.438 2952.938 89.76018
937.19 2773.313 203.563 3193.438 85.94841
938.3 2410.813 157.563 2714.938 88.10792
939.4 2474.813 294.563 2731.938 89.45074
940.51 1988.313 38.563 2317.438 85.55757
941.62 2034.813 164.563 2285.938 88.16216
942.73 2365.313 519.063 2622.938 87.75474
943.83 1844.313 105.563 2128.938 85.93316
944.94 1810.313 124.063 2027.438 88.59263
946.05 1617.813 -146.938 1878.938 87.11051
947.15 1630.313 -137.938 1936.438 85.24254
948.26 1813.313 13.563 2071.438 87.45672
949.36 1756.813 -55.438 1995.438 88.36472
950.47 2007.813 109.563 2192.938 91.11418
951.57 2313.813 359.063 2558.938 88.85732
952.68 2178.813 194.563 2415.438 89.34542
953.79 2173.813 187.563 2443.438 88.04787
954.89 2070.313 -16.438 2318.938 89.35396
955.99 2193.313 133.563 2524.938 86.13246
957.1 2104.813 -18.438 2454.938 85.84424
958.2 2255.313 70.563 2571.438 87.35942
959.31 2431.313 172.063 2661.938 90.73749
960.41 2185.813 -27.438 2440.438 89.68242
961.52 2181.313 -76.938 2472.938 88.56316
962.62 2441.313 185.563 2692.938 89.9646
963.72 2058.313 -117.438 2377.938 87.1913
964.83 2034.813 -115.438 2374.938 86.34242
965.93 2419.813 76.563 2607.938 92.56827
967.03 2609.313 219.063 2881.938 89.76201
968.13 2460.813 136.563 2713.438 90.19646
969.24 2187.313 -18.938 2504.438 87.43251
970.34 2324.313 51.563 2536.938 91.44495
971.44 2265.813 18.063 2592.438 87.31245
972.54 2374.813 110.063 2656.938 88.9227
973.64 2218.813 -24.938 2477.438 89.66482
974.75 2756.313 451.063 3000.438 90.42412
975.85 3936.313 1539.063 4300.438 86.81363
976.95 2217.813 3.563 2528.938 87.68005
978.05 2389.813 183.563 2569.438 92.47132
979.15 2583.313 427.063 2878.938 87.9429
980.25 2032.313 -7.438 2350.438 86.50798
981.35 2162.813 -10.438 2406.438 89.91983
982.45 2597.813 374.563 2774.438 92.64024
983.55 2286.813 149.063 2521.938 90.09113
984.65 2244.813 78.563 2469.438 90.6049
985.75 2258.813 236.063 2608.438 85.26266
986.85 2126.813 126.063 2497.938 84.3531
987.95 2054.313 23.563 2266.438 90.54227
989.05 2358.313 312.063 2594.938 89.63478
990.15 2206.313 248.563 2461.938 88.4509
991.25 2097.813 91.063 2310.938 90.39923
992.34 2285.813 287.563 2447.438 92.51693
993.44 1996.313 147.063 2243.438 88.21179
994.54 1956.813 95.063 2223.938 87.45229
995.64 2126.813 305.063 2345.938 89.26318
996.74 2154.313 308.563 2384.438 88.91431
997.83 1735.313 -80.938 1920.438 90.75011
998.93 1826.313 77.563 2004.938 90.73221
1000.03 2413.313 527.563 2610.438 90.53592
1001.12 2044.813 282.063 2239.438 90.05684
1002.22 1996.313 328.063 2223.938 87.99367
1003.32 1700.813 41.563 1932.438 87.75038
1004.41 1745.313 136.563 1924.438 89.98112
1005.51 1746.813 85.563 1864.938 93.36143
1006.6 1458.313 10.063 1708.438 85.27269
1007.7 1694.313 225.063 1904.438 87.4879
1008.8 1357.813 -97.438 1492.938 91.50358
1009.89 1638.813 191.063 1778.938 91.17531
1010.99 1563.813 109.563 1696.938 91.61351
1012.08 1343.313 -33.438 1549.938 86.95034
1013.18 1570.313 111.563 1763.438 88.30874
1014.27 1568.313 8.063 1728.938 90.66609
1015.36 1733.313 59.063 1891.438 91.37049
1016.46 1735.313 116.063 1908.438 90.34103
1017.55 1545.813 -50.938 1682.438 92.11798
1018.65 1628.813 148.563 1865.938 86.19259
1019.74 1752.813 211.063 1936.438 89.35739
1020.83 1604.813 140.063 1793.938 88.56473
1021.93 1518.313 17.563 1672.438 90.68661
1023.02 1282.313 -57.938 1413.938 91.05732
1024.11 1281.813 -71.438 1369.938 93.88605
1025.2 1219.313 -82.438 1358.938 90.31307
1026.3 1413.813 171.063 1589.938 87.587
1027.39 1454.313 221.563 1548.938 92.87127
1028.48 1335.313 125.063 1476.938 89.52381
1029.57 1243.313 83.063 1371.938 90.02037
1030.66 1301.313 102.063 1392.938 92.9021
1031.75 1856.813 644.063 1955.938 92.44402
1032.84 1358.813 206.563 1384.938 97.78296
1033.94 1025.313 -43.438 1152.438 89.36971
1035.03 1336.313 236.063 1373.438 96.73591
1036.12 945.313 -42.438 1011.938 93.68109
1037.21 991.313 -0.938 1071.438 92.52827
1038.3 1114.313 165.063 1202.938 91.46092
1039.39 862.813 -62.938 904.438 95.69712
1040.48 1046.813 156.063 1170.938 87.76943
1041.57 1004.313 225.563 1090.438 90.04191
1042.66 983.313 117.063 1066.438 91.24424
1043.74 1012.313 147.563 1071.938 93.5497
1044.83 958.813 167.563 1077.438 86.96249
1045.92 700.313 -81.438 749.438 94.08756
1047.01 983.313 201.563 1081.438 88.84785
1048.1 640.813 -87.938 732.938 88.77722
1049.19 831.813 121.563 903.438 90.83933
1050.27 770.313 40.563 814.938 94.23729
1051.36 737.313 8.563 735.938 100.18904
1052.45 810.813 162.063 884.938 89.74581
1053.54 765.313 77.563 832.938 91.04749
1054.62 763.813 133.063 828.938 90.64128
1055.71 744.313 132.563 791.938 92.77725
1056.8 862.313 246.063 929.938 90.1115
1057.88 617.813 49.063 714.438 85.47811
1058.97 691.313 130.563 719.438 95.22394
1060.06 930.313 346.563 983.938 91.58659
1061.14 622.813 34.063 686.938 90.17806
1062.23 1382.813 723.563 1420.438 94.6009
1063.31 699.313 143.063 792.438 85.65929
1064.4 502.313 34.563 568.438 87.61414
1065.48 629.813 148.063 701.438 87.0567
1066.57 553.313 59.563 588.938 93.27037
1067.65 609.313 149.063 701.938 83.24667
1068.74 504.313 51.563 611.938 80.79411
1069.82 614.813 171.063 638.938 94.84371
1070.9 1637.813 1019.563 1619.438 103.06314
1071.99 617.813 183.063 594.438 105.68216
1073.07 565.313 180.563 577.938 96.8229
1074.15 606.813 184.563 605.438 100.3267
1075.24 540.313 155.063 555.938 96.10228
1076.32 594.813 229.063 639.438 89.1258
1077.4 831.813 402.563 824.938 101.6277
1078.49 394.313 20.063 353.938 112.09285
1079.57 566.313 219.063 607.938 89.29605
1080.65 794.813 364.063 807.938 97.04309
1081.73 507.813 104.563 472.438 109.61604
1082.81 303.813 -44.438 310.438 98.13315
1083.89 495.813 123.063 500.938 98.64373
1084.98 450.813 190.563 479.438 90.09087
1086.06 307.313 -7.438 371.938 82.9654
1087.14 311.813 42.063 326.438 94.85714
1088.22 496.313 151.063 483.438 103.87364
1089.3 242.813 -10.938 306.938 79.82698
1090.38 761.813 457.063 772.438 96.63099
1091.46 492.813 230.063 519.438 90.79914
1092.54 294.313 56.063 376.438 74.36598
1093.62 344.313 137.063 412.938 75.1246
1094.7 268.313 -22.938 228.438 115.86275
1095.78 375.313 141.063 349.438 112.41752
1096.86 424.313 124.063 417.938 102.16929
1097.93 822.813 512.563 801.938 107.21382
1099.01 569.313 284.563 541.438 110.85158
1100.09 302.313 32.063 277.438 110.13754
