196.55 793.866 637.312 809.19 91.08437
197.76 1038.354 939.8 1092.907 64.3692
198.96 908.753 856.3 965.027 48.24286
200.16 705.856 561.303 735.803 82.83866
201.36 1196.538 1037.285 1194.787 101.11164
202.56 932.744 695.791 952.606 92.26627
203.76 722.453 612.799 782.088 64.77317
204.96 811.161 695.308 792.07 119.73034
206.16 564.064 490.81 587.32 75.90322
207.36 954.559 819.305 904.76 158.27594
208.56 797.855 680.301 752.872 161.98417
209.76 518.46 497.306 560.579 33.43243
210.96 693.755 620.302 695.691 97.43258
212.16 1387.767 1311.814 1432.742 62.80897
213.36 829.258 733.805 871.587 69.27833
214.56 716.267 636.813 706.009 114.82452
215.76 1236.453 1209.3 1195.088 0.0
216.96 1026.251 972.798 1085.364 47.4861
218.16 742.749 694.796 728.933 140.47234
219.35 600.263 483.31 604.647 96.38696
220.55 692.364 634.81 720.026 67.53823
221.75 599.57 581.816 654.845 24.31068
222.95 1085.063 923.809 1059.121 119.17131
224.15 837.168 746.315 819.061 124.89152
225.35 688.067 541.313 705.716 89.26468
226.55 630.563 558.809 606.854 149.34766
227.75 1003.563 842.309 985.621 112.51892
228.94 850.96 687.306 826.079 117.92949
230.14 763.357 694.304 765.768 96.6262
231.34 655.955 537.802 619.751 144.17813
232.54 588.056 577.802 576.631 0.0
233.74 622.451 576.298 625.657 93.50502
234.93 689.466 566.813 639.337 169.12126
236.13 787.756 621.303 775.156 108.18955
237.33 711.571 649.817 785.81 45.40944
238.53 659.464 583.311 672.406 85.4746
239.72 986.954 873.301 998.286 90.93354
240.92 529.659 429.306 569.406 71.62954
242.12 910.862 720.309 914.328 98.21364
243.31 637.358 461.804 654.001 91.34045
244.51 544.654 478.801 563.579 77.67743
245.71 943.762 823.809 962.682 86.37645
246.9 1164.654 1016.801 1154.079 107.70367
248.1 761.353 627.8 740.674 118.32064
249.3 760.35 643.297 746.545 113.37081
250.49 621.35 612.296 654.312 21.54715
251.69 771.657 666.304 790.475 84.84503
252.89 699.845 627.792 684.718 126.57457
254.08 458.96 415.806 457.079 104.55801
255.28 701.852 603.799 697.208 104.97144
256.47 505.359 424.305 460.967 221.08717
257.67 821.17 714.316 859.991 73.3507
258.86 856.465 748.311 843.638 113.45507
260.06 695.249 557.796 706.166 92.64256
261.26 1011.456 951.802 1008.984 104.32228
262.45 707.456 598.303 754.217 70.00866
263.65 486.446 357.292 482.364 103.26314
264.84 813.555 692.302 818.398 96.15955
266.04 596.345 487.792 555.218 160.99728
267.23 466.046 360.292 447.511 121.25102
268.42 582.557 436.803 538.596 143.18629
269.62 684.158 609.305 684.941 98.96516
270.81 653.361 585.307 675.397 75.53916
272.01 697.256 634.302 694.924 103.84709
273.2 810.442 731.789 843.235 70.57507
274.4 482.451 429.797 489.924 87.57028
275.59 776.351 677.298 795.743 83.62812
276.78 748.86 552.307 669.165 168.19838
277.98 569.448 548.295 612.028 33.19023
279.17 621.86 539.306 678.932 59.12481
280.37 672.541 532.288 594.184 226.59605
281.56 454.752 412.299 463.062 83.63037
282.75 518.068 398.314 508.181 108.99842
283.95 575.746 536.293 631.537 41.42348
285.14 629.946 530.293 648.83 84.06962
286.33 538.048 436.295 524.407 115.48171
287.52 675.843 583.29 671.321 105.13592
288.72 790.54 681.787 795.718 95.45506
289.91 918.551 885.298 1018.303 25.00139
291.1 755.855 571.302 725.105 119.99325
292.29 672.658 610.304 688.208 80.03897
293.49 720.748 601.794 740.235 85.92377
294.68 502.75 465.297 469.631 864.18195
295.87 583.557 525.304 591.829 87.56601
297.06 706.251 643.798 687.097 144.23875
298.26 324.046 299.293 328.244 85.50125
299.45 588.858 543.304 556.001 358.77928
300.64 602.864 483.31 601.526 101.13121
301.83 685.455 587.802 627.251 247.53969
303.02 590.564 450.311 539.552 157.16185
304.21 825.568 658.314 817.414 105.12512
305.4 630.264 540.81 611.88 125.86714
306.59 679.859 567.805 697.467 86.42012
307.79 610.656 526.802 586.277 140.98991
308.98 451.357 417.804 482.268 52.0495
310.17 787.704 614.752 795.359 95.76167
311.36 596.531 525.778 613.564 80.59724
312.55 1021.732 886.78 998.055 121.27823
313.74 412.651 364.797 502.717 34.69647
314.93 787.355 618.301 749.372 128.97857
316.12 605.056 490.803 583.363 123.43634
317.31 372.15 306.797 340.752 192.46876
318.5 465.651 348.297 402.717 215.64449
319.69 601.949 462.296 638.226 79.37996
320.88 542.06 493.807 571.458 62.14149
322.07 458.648 425.795 524.054 33.43552
323.26 496.863 402.81 509.294 88.32646
324.45 355.252 303.799 387.062 61.79612
325.64 580.048 482.795 606.674 78.50619
326.83 742.355 558.302 697.605 132.12437
328.01 542.353 486.299 512.941 210.39636
329.2 715.656 615.802 713.277 102.44028
330.39 521.251 433.798 539.097 83.05269
331.58 444.552 341.799 399.269 178.79419
332.77 878.457 762.303 855.45 124.69984
333.96 358.05 246.296 348.105 109.76778
335.15 445.654 361.8 466.114 80.38595
336.33 470.052 355.799 459.769 109.89048
337.52 502.252 455.799 537.562 56.81458
338.71 523.753 413.8 513.527 110.25364
339.9 487.04 422.787 459.985 172.7285
341.08 513.147 430.293 477.623 175.05656
342.27 657.454 568.8 623.553 161.91568
343.46 736.66 666.807 760.104 74.87181
344.65 652.66 581.807 629.104 149.80398
345.83 700.461 631.308 689.777 118.27356
347.02 414.661 301.808 385.07 135.54024
348.21 708.557 643.303 766.596 52.92555
349.4 422.854 298.301 403.139 118.80489
350.58 551.743 454.789 550.675 101.1135
351.77 422.951 387.798 441.157 65.88051
352.96 311.657 236.303 325.243 84.72452
354.14 494.052 412.299 515.002 79.60214
355.33 435.358 369.804 409.501 165.13549
356.51 328.244 265.291 296.873 199.33113
357.7 551.935 427.282 567.779 88.72258
358.89 401.747 339.294 441.502 61.10397
360.07 692.944 589.291 686.166 106.99672
361.26 712.823 618.77 693.315 126.17028
362.44 496.115 448.263 473.565 189.12023
363.63 368.309 364.256 375.6 35.72255
364.81 432.601 396.749 460.351 56.36917
366.0 291.903 201.751 300.721 91.08971
367.18 998.013 894.26 1026.255 78.60338
368.37 418.025 297.772 447.306 80.41834
369.55 592.13 478.777 584.245 107.47642
370.74 704.83 556.277 659.038 144.56216
371.92 803.524 718.271 792.073 115.516
373.11 369.317 353.765 420.522 23.29716
374.29 340.609 313.257 348.773 77.01526
375.48 456.922 436.769 497.263 33.31347
376.66 335.629 291.776 354.279 70.16098
377.84 745.524 592.272 697.806 145.21652
379.03 331.73 300.777 358.659 53.47588
380.21 310.82 226.268 329.918 81.57463
381.39 213.121 164.768 283.091 40.86517
382.58 617.13 491.777 643.512 82.61277
383.76 784.836 678.783 822.831 73.62341
384.94 830.933 730.28 866.348 73.97229
386.13 381.218 290.765 405.608 78.76206
387.31 457.224 379.272 503.866 62.56506
388.49 331.92 332.768 378.065 -1.87093
389.68 504.927 448.774 505.556 98.89337
390.86 506.328 386.775 514.642 93.49781
392.04 687.134 571.281 741.607 68.01843
393.22 336.828 310.775 434.642 21.03283
394.41 363.321 325.768 385.151 63.23808
395.59 185.727 165.775 284.995 16.73598
396.77 426.133 334.78 436.874 89.47961
397.95 436.43 322.278 455.185 85.88924
399.13 566.333 503.78 570.434 93.84687
400.31 386.916 349.763 373.238 158.26873
401.5 556.723 357.271 519.401 123.02019
402.68 519.621 430.768 587.591 56.65816
403.86 334.227 304.774 387.262 35.70536
405.04 605.735 504.782 676.951 58.63593
406.22 286.123 236.27 337.521 49.23652
407.4 525.342 454.289 550.856 73.57881
408.58 610.123 535.771 657.254 61.20391
409.76 692.322 581.269 697.349 95.66932
410.94 496.328 418.275 467.642 158.10752
412.12 424.639 297.786 446.167 85.49155
413.3 358.931 282.278 426.917 52.99584
414.48 292.931 235.278 365.65 44.22193
415.66 376.636 256.783 401.038 83.08414
416.84 810.631 711.278 876.21 60.23859
418.02 536.325 370.273 513.478 115.95411
419.2 378.231 270.778 355.624 126.64403
420.38 454.928 361.775 517.788 59.70818
421.56 438.735 344.282 456.219 84.38059
422.74 735.423 626.77 736.961 98.60421
423.92 555.628 478.276 614.814 56.65268
425.1 465.931 356.778 512.65 70.02743
426.28 404.341 299.788 388.623 117.69353
427.46 908.241 769.788 947.477 77.91896
428.63 500.038 345.785 503.055 98.0818
429.81 591.44 367.787 545.804 125.63582
430.99 600.336 430.283 636.831 82.33102
432.17 824.637 655.284 839.968 91.69883
433.35 585.237 457.284 653.65 65.16049
434.52 231.943 119.79 295.701 63.75575
435.7 380.138 249.785 447.434 65.95194
436.88 583.731 480.778 626.357 70.71974
438.06 463.842 370.789 500.589 71.68984
439.23 394.531 262.779 419.797 83.9094
440.41 543.545 404.792 596.545 72.36004
441.59 626.527 501.775 676.702 71.3168
442.77 302.046 214.793 444.744 37.9443
443.94 691.732 516.78 655.555 126.06905
445.12 651.737 466.784 668.882 91.51643
446.3 807.631 645.279 838.443 84.04903
447.47 616.534 431.781 623.193 96.52127
448.65 622.932 508.779 723.115 53.2588
449.82 445.432 318.279 518.615 63.46976
451.0 494.334 320.281 557.4 73.40329
452.18 512.437 267.784 492.443 108.8998
453.35 519.333 329.28 589.202 73.11922
454.53 568.638 345.785 588.701 91.74068
455.7 419.035 218.782 493.926 72.78116
456.88 780.64 569.287 852.632 74.59202
458.05 582.735 385.282 647.951 75.17175
459.23 456.336 219.283 524.331 77.7101
460.4 573.333 328.28 623.202 83.09077
461.58 637.04 458.287 692.485 76.32531
462.75 375.237 185.284 505.882 59.24955
463.93 608.833 405.781 707.167 67.37293
465.1 554.13 307.777 631.745 76.04241
466.28 412.344 146.791 453.02 86.71728
467.45 355.833 95.78 461.202 71.1651
468.63 567.835 296.782 672.365 72.16853
469.8 787.936 480.783 868.977 79.12351
470.97 496.135 235.782 557.805 80.84927
472.15 651.946 382.293 777.597 68.2141
473.32 762.344 471.791 886.52 70.05861
474.49 843.941 534.788 943.27 75.68351
475.67 601.543 291.79 797.347 61.26967
476.84 566.743 204.29 642.14 82.78021
478.01 759.637 407.784 929.968 67.38104
479.19 695.447 344.794 818.795 73.9773
480.36 575.042 228.289 703.149 73.02214
481.53 778.539 339.786 888.02 80.03019
482.7 628.645 276.792 858.692 60.46623
483.88 629.249 217.295 769.2 74.64207
485.05 638.64 266.287 796.132 70.27579
486.22 742.452 328.799 898.122 72.65697
487.39 608.857 226.803 829.536 63.38692
488.56 808.438 361.785 933.641 78.10591
489.74 981.647 484.293 1179.123 71.57918
490.91 653.245 172.292 811.071 75.29258
492.08 679.438 286.285 938.141 60.3129
493.25 652.547 194.794 893.709 65.49481
494.42 774.849 309.795 971.847 70.24428
495.59 788.348 288.795 941.114 76.58112
496.76 749.035 292.782 992.658 65.19052
497.93 916.841 386.288 1169.891 67.70689
499.1 919.148 417.795 1133.321 70.06777
500.27 1208.749 613.796 1399.933 75.68059
501.44 1235.942 701.289 1434.735 72.89603
502.61 787.345 297.292 1051.485 64.97714
503.78 931.653 379.799 1220.148 65.66955
504.95 1338.241 737.788 1565.244 72.56613
506.12 1015.053 404.8 1185.234 78.19403
507.29 773.246 242.793 1043.037 66.28647
508.46 672.146 62.793 892.157 73.47227
509.63 1306.146 694.793 1570.657 69.79995
510.8 1372.644 716.291 1598.459 74.40228
511.97 982.943 370.79 1235.468 70.79548
513.14 886.955 192.302 1134.251 73.74634
514.31 1169.948 498.295 1374.528 76.65233
515.48 999.955 323.301 1331.019 67.14714
516.65 941.944 231.291 1273.933 68.15883
517.81 930.149 242.296 1223.519 70.10162
518.98 1138.242 426.289 1435.709 70.53085
520.15 899.358 166.304 1220.001 69.56968
521.32 1169.444 395.291 1484.666 71.06396
522.49 1642.255 830.801 1961.226 71.78307
523.65 1467.151 640.297 1854.717 68.08628
524.82 1218.543 363.79 1484.847 76.24529
525.99 859.655 77.801 1198.812 69.74542
527.16 1312.261 393.807 1632.984 74.11808
528.32 1292.146 402.293 1629.89 72.4874
529.49 1128.844 302.791 1494.752 69.30203
530.66 993.064 97.31 1346.32 71.71713
531.82 1110.24 173.287 1461.511 72.73215
532.99 1215.749 235.795 1633.7 70.10157
534.16 1268.248 255.795 1684.968 70.84191
535.32 1558.852 524.799 1974.976 71.3053
536.49 1254.552 160.299 1621.769 74.87346
537.65 1716.143 586.79 2169.761 71.34388
538.82 1370.95 139.296 1837.959 72.50724
539.99 1574.247 390.794 2025.002 72.41753
541.15 1715.339 434.286 2110.227 76.43781
542.32 1352.554 96.801 1843.2 71.90529
543.48 1814.558 475.805 2300.027 73.38765
544.65 1923.262 600.808 2482.449 70.28194
545.81 2290.749 823.796 2941.933 69.25677
546.98 1810.657 293.804 2494.975 68.91119
548.14 1998.749 476.296 2658.433 69.76891
549.31 1873.551 234.798 2508.803 72.06461
550.47 1905.053 225.3 2617.234 70.22572
551.63 2317.149 607.796 3027.019 70.65712
552.8 1930.844 271.29 2755.787 66.79636
553.96 2065.951 250.297 2767.424 72.13198
555.13 2200.753 241.8 2935.527 72.72277
556.29 2503.557 594.303 3352.096 69.23122
557.45 2167.84 153.787 3024.658 70.15479
558.62 2412.254 299.8 3296.26 70.49831
559.78 2640.157 428.304 3480.475 72.46819
560.94 2488.154 228.301 3340.346 72.61634
562.11 2491.157 219.303 3450.243 70.31557
563.27 2388.454 51.8 3378.053 70.24882
564.43 2416.252 18.298 3374.329 71.45206
565.59 2603.263 148.31 3573.147 71.68087
566.76 2774.543 198.29 3754.847 72.43671
567.92 2958.563 314.31 3935.087 73.03
569.08 3103.855 419.802 4193.837 71.11893
570.24 2968.642 217.289 4100.295 70.85626
571.4 2860.351 121.798 4056.01 69.60867
572.57 3018.863 226.81 4264.294 69.1533
573.73 3063.855 37.302 4177.605 73.0998
574.89 3321.76 213.806 4456.786 73.24931
576.05 3409.946 286.292 4674.864 71.17699
577.21 3204.547 117.294 4512.209 70.24602
578.37 3215.853 23.3 4485.174 71.55185
579.53 3431.258 130.805 4638.087 73.22491
580.69 3824.155 338.802 4960.044 75.42026
581.85 3684.852 275.799 4983.208 72.41888
583.01 3704.251 225.298 4960.597 73.46851
584.17 3781.85 250.797 5274.045 70.29422
585.33 3957.155 346.802 5374.312 71.81196
586.49 3875.448 167.295 5422.261 70.56475
587.65 4189.849 298.295 5634.847 72.92262
588.81 4295.255 315.302 5661.958 74.43817
589.97 4356.252 521.799 5897.795 71.32545
591.13 4050.042 219.789 5667.649 70.30748
592.29 4176.256 243.303 5733.656 71.63389
593.45 4194.857 104.803 5779.036 72.08118
594.61 4216.943 108.29 5746.468 72.872
595.77 4306.053 92.8 5843.967 73.2591
596.93 4323.544 66.291 5865.08 73.41624
598.09 4474.148 217.795 6083.821 72.5594
599.24 4378.556 114.803 6090.363 71.3532
600.4 4521.948 160.795 6204.261 72.16312
601.56 4620.052 113.298 6318.536 72.62821
602.72 4785.458 231.804 6418.415 73.60498
603.87 4786.669 270.315 6514.026 72.33445
605.03 4588.458 101.304 6395.915 71.28564
606.19 4542.555 37.301 6542.165 69.25977
607.35 4657.756 14.303 6367.656 73.08665
608.5 5072.953 340.3 6723.82 74.13861
609.66 5360.458 510.805 7070.88 73.9268
610.82 4943.449 113.796 6724.726 73.05558
611.97 4875.557 82.803 6653.096 72.94581
613.13 5120.361 342.307 7039.63 71.34274
614.29 5166.454 237.301 6992.286 72.9706
615.44 5291.755 341.302 7114.191 73.0922
616.6 5100.158 63.305 6774.441 75.05217
617.76 5430.154 329.801 7189.579 74.35158
618.91 5435.563 361.809 7391.622 72.1748
620.07 5362.056 341.302 7325.631 71.88598
621.22 5078.556 0.303 7099.863 71.52912
622.38 5738.057 580.303 7720.596 72.23448
623.53 5214.351 33.298 7125.51 73.05271
624.69 5444.058 66.805 7172.794 75.67213
625.84 5426.355 73.302 7277.837 74.30116
627.0 5538.44 252.287 7412.804 73.82362
628.15 5340.057 21.804 7452.329 71.57305
629.31 5457.446 215.293 7546.097 71.50856
630.46 5545.753 -33.2 7456.76 74.48575
631.61 5756.458 221.304 7677.647 74.23416
632.77 5826.846 198.793 7733.183 74.69819
633.92 6019.251 282.798 7941.597 74.90017
635.08 6282.644 503.29 8301.494 74.11134
636.23 5980.654 159.301 7972.846 74.50335
637.38 5677.354 -23.699 7813.639 72.74221
638.54 6219.848 324.295 8313.614 73.79293
639.69 6496.563 502.309 8487.354 75.0685
640.84 6204.387 225.299 8338.026 73.7001
641.99 6021.076 43.799 8279.804 72.57496
643.15 6523.765 457.299 8617.58 74.34138
644.3 6152.454 57.299 8463.856 72.50476
645.45 6159.143 -54.201 8340.134 74.0183
646.6 6757.332 498.299 8915.91 74.3564
647.75 6516.021 122.3 8731.188 74.26884
648.91 6313.709 -43.2 8643.464 73.1801
650.06 6715.898 95.3 8882.24 75.34589
651.21 6763.088 258.8 9085.518 73.68864
652.36 6717.277 291.8 9210.794 72.04262
653.51 6667.966 97.8 9010.07 73.72045
654.66 6893.655 106.801 9258.848 74.15668
655.81 7211.344 338.301 9616.624 74.07635
656.96 6995.033 29.301 9397.901 74.35189
658.11 7211.722 201.301 9693.678 73.85316
659.27 7300.911 224.801 9801.954 73.88531
660.42 7015.1 23.801 9721.731 72.09062
661.57 7310.789 203.302 10014.508 72.44254
662.72 7076.478 -70.698 9721.784 72.98636
663.87 7265.667 -42.198 9928.062 73.29664
665.01 7670.856 153.802 10224.838 74.64033
666.16 7541.545 3.802 10214.115 73.8248
667.31 7653.234 69.302 10528.392 72.51044
668.46 8152.423 364.803 11167.168 72.09181
669.61 7749.112 85.803 10805.945 71.48514
670.76 7974.301 -15.197 11199.722 71.23991
671.91 8460.99 383.803 11586.998 72.09718
673.06 8622.179 292.803 11827.275 72.21289
674.21 8120.368 -86.197 11452.552 71.12179
675.35 8289.557 143.804 11977.829 68.83332
676.5 7778.246 107.304 11903.105 65.03112
677.65 7694.935 5.804 11984.382 64.19068
678.8 7533.624 -81.696 12054.159 62.75058
679.94 7723.313 20.804 12371.936 62.36278
681.09 8164.002 183.304 12968.712 62.42036
682.24 8532.191 202.305 13234.989 63.91536
683.39 8012.38 5.305 13352.266 59.99175
684.53 8018.069 205.305 13957.043 56.81292
685.68 7101.758 103.305 13729.819 51.35909
686.83 6560.947 149.805 14338.096 45.18615
687.97 6128.636 114.306 14105.373 42.98693
689.12 6033.825 72.806 14535.149 41.21752
690.27 5897.514 14.306 14401.426 40.89219
691.41 5991.703 252.306 14927.703 39.10897
692.56 5629.392 174.306 14832.979 37.21405
693.7 4983.581 173.806 15399.257 31.59036
694.85 3667.77 -17.193 15092.033 24.38883
695.99 3030.459 194.307 15823.81 18.14615
697.14 2163.148 89.807 15674.587 13.30363
698.28 1738.837 205.807 16044.363 9.6791
699.43 1459.026 115.807 16045.14 8.43236
700.57 919.715 -75.193 15983.417 6.19548
701.72 857.404 -61.692 16498.693 5.54997
702.86 720.093 -99.192 16103.971 5.05633
704.01 739.782 -16.692 16799.748 4.49842
705.15 914.971 196.308 17168.523 4.23435
706.29 761.16 30.308 17380.301 4.21241
707.44 792.849 66.808 17534.078 4.15658
708.58 640.538 -71.691 17400.854 4.07628
709.72 1197.727 315.809 18098.131 4.95952
710.87 761.417 -109.191 17654.908 4.90094
712.01 1056.605 -56.691 17912.184 6.19569
713.15 1425.795 79.809 18370.961 7.35867
714.3 2019.484 208.309 18806.238 9.73858
715.44 2602.173 18.31 18631.514 13.88188
716.58 4016.862 111.81 19014.791 20.65839
717.72 5591.551 5.31 19133.568 29.20413
718.87 7757.24 68.31 19176.844 40.2382
720.01 9917.429 57.31 19360.621 51.07993
721.15 11183.617 -70.19 19113.398 58.66372
722.29 12002.307 172.811 19521.176 61.13951
723.43 11843.996 225.811 19856.451 59.18393
724.57 11827.685 187.311 19986.729 58.7915
725.72 11825.874 95.811 19880.506 59.28857
726.86 12844.063 355.311 20546.281 61.85315
728.0 13328.752 33.811 20311.059 65.56581
729.14 13994.94 -38.688 20669.836 67.7674
730.28 14476.63 244.812 20858.611 69.04025
731.42 14268.318 -48.688 20867.389 68.44977
732.56 14404.508 351.312 21565.666 66.24381
733.7 13664.197 203.812 21336.941 63.69329
734.84 13407.386 -91.688 21197.719 63.40747
735.98 13891.575 62.813 21752.996 63.75586
737.12 14231.264 -52.187 21573.771 66.04771
738.26 15004.453 22.813 21732.549 69.00886
739.4 15834.642 113.313 22133.326 71.39564
740.53 16385.33 146.813 22529.604 72.54912
741.67 15975.02 118.813 22277.379 71.55791
742.81 15460.209 -95.186 22174.156 69.85117
743.95 15129.397 158.814 22437.434 67.19709
745.09 14765.087 -2.686 22464.209 65.73126
746.23 15153.776 163.314 22992.486 65.66363
747.36 15288.965 212.314 23110.264 65.8428
748.5 15664.654 -6.686 22847.039 68.57237
749.64 16308.343 5.315 22528.816 72.3823
750.78 16675.031 -16.185 22733.094 73.37031
751.92 16980.721 17.315 23161.869 73.29329
753.05 16530.91 49.315 22690.646 72.79428
754.19 16582.1 323.315 23392.924 70.47707
755.33 15806.788 -118.685 22948.199 69.04042
756.46 15644.978 125.316 23062.477 67.66165
757.6 15431.166 8.816 23131.254 66.69863
758.74 15878.355 285.816 23208.031 68.0237
759.87 16259.044 83.816 23087.307 70.31641
761.01 16646.232 68.316 23176.584 71.74019
762.14 17132.422 68.817 23283.361 73.50394
763.28 17630.611 231.317 23437.637 74.97653
764.41 16977.801 96.317 22849.414 74.19422
765.55 16539.988 -118.183 22932.191 72.26855
766.69 16385.678 118.817 23382.467 69.92394
767.82 15979.867 118.317 23081.744 69.0731
768.95 15671.557 -1.182 22986.021 68.18028
770.09 15971.745 444.318 23153.297 68.37572
771.22 16327.435 352.318 23320.074 69.55454
772.36 16638.623 220.318 23147.852 71.60956
773.49 17128.813 302.818 23196.129 73.49743
774.63 17009.002 56.818 22989.904 73.9202
775.76 16879.689 36.319 22380.682 75.38085
776.89 16834.879 210.819 22652.959 74.0752
778.03 16421.568 138.819 22631.234 72.39218
779.16 16162.258 -42.681 22547.512 71.7344
780.29 15720.446 129.819 22589.289 69.41672
781.43 15680.636 297.819 22433.064 69.49467
782.56 15475.824 137.32 22054.842 69.98284
783.69 15576.514 -0.68 22051.619 70.6375
784.82 16132.202 60.32 22251.895 72.42335
785.96 16429.391 78.32 22133.672 74.13652
787.09 16394.58 99.82 21672.949 75.53267
788.22 16466.27 112.32 21983.225 74.77491
789.35 16326.459 -24.179 21838.002 74.7896
790.48 15954.647 49.821 21608.279 73.77534
791.62 15617.337 237.321 21518.557 72.27031
792.75 14721.525 -33.179 20930.332 70.38279
793.88 15117.215 345.821 21570.109 69.59665
795.01 15039.903 120.321 21295.387 70.45826
796.14 15394.593 221.822 21276.162 72.06481
797.27 15531.281 229.322 21164.939 73.09056
798.4 15608.471 100.322 20896.217 74.57313
799.53 15669.159 -69.678 20784.492 75.47093
800.66 15898.849 107.822 20992.77 75.60961
801.79 16227.038 716.822 21395.047 75.00748
802.92 15396.727 70.823 20581.822 74.72041
804.05 15197.916 174.823 20779.6 72.91073
805.18 14606.104 125.823 20385.377 71.47384
806.31 14524.794 67.823 20369.152 71.21194
807.44 14342.482 -58.177 20479.93 70.11678
808.57 14612.172 159.323 20511.207 71.0148
809.69 14795.86 180.324 20368.984 72.39478
810.82 14868.05 -126.176 20398.26 73.05548
811.95 15619.739 498.324 20386.037 76.03396
813.08 15123.928 34.824 19879.314 76.03674
814.21 15621.117 518.324 20196.59 76.7486
815.33 14930.306 118.824 19702.867 75.63036
816.46 14608.495 161.825 19430.145 74.97629
817.59 14498.684 417.825 19540.42 73.63466
818.72 14117.373 234.825 19530.197 71.94755
819.84 13966.562 436.825 19383.475 71.40965
820.97 13496.251 259.825 18739.75 71.62597
822.1 13704.44 310.325 18890.027 72.09004
823.22 13510.129 -29.174 18414.305 73.4097
824.35 13778.318 26.326 18436.082 74.69948
825.48 14107.507 251.326 18507.857 75.89712
826.6 14010.696 136.326 18357.135 76.14574
827.73 13537.885 -83.674 17736.912 76.43721
828.85 13783.574 89.826 18003.688 76.44219
829.98 13886.763 303.827 18359.465 75.22822
831.11 13130.952 -22.173 17766.742 73.94001
832.23 12959.641 17.827 17927.018 72.26353
833.36 13007.33 261.327 18013.795 71.79849
834.48 12662.52 130.327 17510.072 72.10803
835.6 12643.208 192.827 17510.848 71.89263
836.73 12423.397 -37.172 17347.625 71.67509
837.85 13047.086 218.328 17522.402 74.13721
838.98 12944.275 -94.672 17294.678 74.98237
840.1 13333.964 194.328 17687.455 75.11313
841.23 13376.153 119.828 17257.732 77.35091
842.35 13558.342 350.329 17657.01 76.31742
843.47 13177.031 100.829 17090.785 76.96431
844.6 12863.221 -38.171 16920.063 76.07745
845.72 12680.909 4.829 16962.34 74.75201
846.84 12432.599 22.329 16891.115 73.56943
847.96 12227.287 16.829 16792.393 72.78717
849.09 12021.977 -3.67 16469.17 73.00287
850.21 12054.165 68.83 16711.945 72.01377
851.33 12448.854 196.33 16953.223 73.11931
852.45 12336.043 -56.17 16654.5 74.15749
853.57 12584.732 122.33 16730.775 75.03654
854.7 12664.922 -3.67 16505.553 76.73645
855.82 12776.11 18.331 16425.33 77.75815
856.94 12943.3 186.831 16592.105 77.75834
858.06 12484.988 -122.669 16323.383 76.66069
859.18 12778.178 170.331 16786.66 75.87625
860.3 12355.366 87.831 16382.437 75.28587
861.42 11819.056 -103.669 16152.713 73.34181
862.54 11879.744 -96.168 16499.49 72.16292
863.66 11718.434 -43.668 16369.267 71.66361
864.78 11723.122 71.332 16433.543 71.21159
865.9 12013.812 109.332 16517.32 72.55295
867.02 12684.001 676.832 17046.598 73.34967
868.14 12451.189 444.332 16680.873 73.9496
869.26 12461.379 226.833 16216.15 76.517
870.38 12202.067 -115.667 15969.428 76.57856
871.5 12084.257 -77.667 15703.704 77.06506
872.62 12199.945 -52.167 15886.98 76.86805
873.74 12381.135 306.333 16160.758 76.16045
874.85 11843.729 -52.667 15654.896 75.73674
875.97 11645.729 119.333 15630.896 74.30842
877.09 11716.229 122.333 15581.396 74.99741
878.21 11500.729 63.333 15602.896 73.60179
879.33 11448.229 123.833 15565.396 73.33711
880.44 11149.229 66.333 15300.896 72.74837
881.56 11257.729 40.333 15506.396 72.5291
882.68 11412.229 92.833 15367.896 74.10376
883.79 11768.229 424.833 15543.396 75.0296
884.91 11509.229 -134.167 15177.396 76.04316
886.03 11871.229 169.833 15488.396 76.38704
887.14 12115.729 290.333 15515.896 77.66804
888.26 12409.229 330.333 15726.896 78.4519
889.38 12302.229 273.833 15700.896 77.96945
890.49 11845.229 -86.667 15604.896 76.04021
891.61 12090.729 97.333 15769.396 76.52724
892.72 11863.229 -71.167 16052.396 74.01836
893.84 11798.729 -71.667 16223.896 72.84435
894.95 12021.229 -80.667 16639.896 72.37732
896.07 12149.229 20.833 16548.896 73.38063
897.18 12302.729 147.833 16775.896 73.09869
898.3 12073.229 -53.167 16590.396 72.85938
899.41 12877.729 274.833 17242.396 74.27641
900.53 12596.229 120.333 16882.396 74.42936
901.64 12798.729 219.833 17027.396 74.84069
902.75 12987.729 53.833 16818.896 77.14791
903.87 12862.229 -10.667 16414.396 78.3735
904.98 12909.729 149.833 16538.396 77.85854
906.09 12727.729 22.833 16424.396 77.4615
907.21 12671.729 145.833 16502.396 76.58025
908.32 12169.729 28.333 16140.396 75.35594
909.43 12253.229 272.333 16198.896 75.22588
910.54 11872.729 127.833 16021.396 73.89719
911.66 11897.229 540.333 16217.396 72.44276
912.77 11257.729 -1.667 15441.396 72.90909
913.88 11369.729 150.833 15513.396 73.02751
914.99 11066.229 -48.167 15157.896 73.09188
916.1 11450.229 135.833 15271.396 74.75372
917.22 11077.729 -30.167 14807.396 74.86335
918.33 11768.229 289.833 15369.896 76.11637
919.44 11586.229 76.833 14945.396 77.40759
920.55 11788.729 358.833 15102.396 77.52466
921.66 11364.729 200.333 14444.896 78.37655
922.77 11306.729 207.333 14446.396 77.95033
923.88 11389.229 300.833 14430.396 78.47657
924.99 10714.229 142.333 14020.396 76.17703
926.1 10398.229 -86.167 13841.896 75.27534
927.21 10574.729 317.833 13998.396 74.97423
928.32 9786.729 -121.167 13398.896 73.28292
929.43 9727.729 60.833 13208.896 73.52335
930.54 9534.729 23.833 13190.396 72.23523
931.65 9654.229 82.333 12995.896 74.12282
932.76 9604.729 184.333 12781.896 74.77952
933.86 9391.229 93.333 12369.396 75.74005
934.97 8993.729 22.833 11894.896 75.56308
936.08 8908.229 4.833 11603.896 76.75962
937.19 8589.229 312.833 11024.396 77.266
938.3 7937.729 227.833 9905.896 79.66363
939.4 7522.729 293.333 9500.396 78.52011
940.51 6728.229 69.333 8660.896 77.50506
941.62 6428.729 193.833 8013.896 79.72948
942.73 6463.729 508.833 8234.896 77.07543
943.83 5775.729 125.833 7535.896 76.24626
944.94 5655.729 151.833 7414.896 75.77927
946.05 5269.229 -150.667 7261.896 73.1177
947.15 5406.229 -68.667 7300.896 74.29065
948.26 5559.229 64.833 7531.896 73.58175
949.36 5559.229 -1.167 7536.396 73.76915
950.47 6064.229 121.333 7957.396 75.84033
951.57 6358.229 369.833 8358.896 74.95743
952.68 6424.229 229.333 8398.396 75.83362
953.79 6726.229 217.833 8727.896 76.47883
954.89 6694.729 8.833 8520.896 78.54613
955.99 7076.229 167.333 9045.896 77.81548
957.1 7079.729 40.333 8953.896 78.97399
958.2 7358.229 76.333 9356.896 78.46395
959.31 7543.229 203.333 9547.896 78.54724
960.41 7232.229 28.333 9452.896 76.43746
961.52 7226.729 -30.667 9414.896 76.83392
962.62 7374.729 175.833 9765.896 75.0662
963.72 7037.229 -80.667 9427.396 74.86169
964.83 6920.729 -124.667 9410.396 73.88935
965.93 7173.729 112.833 9648.896 74.04414
967.03 7351.729 271.333 9840.396 73.99258
968.13 7200.229 208.333 9783.896 73.01812
969.24 7195.729 8.833 9677.896 74.32878
970.34 7179.229 31.333 9675.896 74.11322
971.44 7220.229 52.333 9737.896 74.00598
972.54 7504.229 141.833 9735.896 76.73909
973.64 7308.729 5.333 9461.396 77.23506
974.75 7844.729 435.833 10012.396 77.36488
975.85 9162.729 1647.833 11151.896 79.07036
976.95 7218.729 7.333 9252.896 77.99846
978.05 7511.729 203.333 9359.396 79.82029
979.15 7784.229 433.833 9610.896 80.0953
980.25 6993.729 2.833 8996.396 77.73222
981.35 6990.229 60.333 9060.896 76.99403
982.45 7220.229 410.333 9336.896 76.288
983.55 6909.729 186.833 9070.896 75.67367
984.65 6682.229 138.833 8885.896 74.80678
985.75 6704.229 309.833 8916.896 74.29243
986.85 6548.229 180.333 8760.896 74.21304
987.95 6318.729 14.833 8506.396 74.23717
989.05 6582.729 361.833 8685.396 74.73838
990.15 6413.729 271.833 8545.896 74.23072
991.25 6270.229 124.833 8437.896 73.92457
992.34 6479.229 347.833 8374.396 76.38881
993.44 6346.729 140.833 8187.896 77.12001
994.54 6190.229 111.833 7935.396 77.69345
995.64 6404.729 309.833 7992.896 79.32899
996.74 6395.229 351.833 7862.896 80.45993
997.83 5929.229 -49.167 7328.396 81.03483
998.93 5820.229 76.333 7317.396 79.32393
1000.03 6287.229 590.833 7840.896 78.5703
1001.12 5840.729 353.833 7495.396 76.83046
1002.22 5721.729 315.333 7351.896 76.83291
1003.32 5289.229 64.833 6905.896 76.36819
1004.41 5247.729 125.333 6824.396 76.46436
1005.51 5022.229 120.833 6636.396 75.22598
1006.6 4637.729 6.333 6172.896 75.10498
1007.7 4858.729 306.833 6435.396 74.27346
1008.8 4455.729 -47.667 6021.896 74.19638
1009.89 4610.729 235.333 6104.896 74.54381
1010.99 4523.229 114.333 6068.896 74.04231
1012.08 4435.229 -29.167 5836.396 76.11198
1013.18 4903.229 126.833 6333.396 76.95718
1014.27 5075.229 47.333 6567.896 77.10831
1015.36 5275.229 64.833 6685.396 78.70019
1016.46 5318.229 124.833 6803.896 77.75635
1017.55 5279.729 -38.167 6532.896 80.92901
1018.65 5161.729 151.833 6482.396 79.13824
1019.74 5203.229 258.833 6437.396 80.02501
1020.83 4850.229 177.833 6159.896 78.10677
1021.93 4589.729 91.833 5880.896 77.69644
1023.02 4302.229 -45.667 5504.396 78.33958
1024.11 4041.729 -60.167 5364.896 75.61011
1025.2 3958.229 -58.167 5193.896 76.47273
1026.3 4022.229 189.833 5276.396 75.34353
1027.39 3919.729 250.833 5281.896 72.92487
1028.48 3817.729 163.333 5010.896 75.38625
1029.57 3558.229 104.333 4769.396 74.0375
1030.66 3603.229 198.333 4801.896 73.96219
1031.75 4123.729 757.333 5290.896 74.25497
1032.84 3530.229 241.333 4657.396 74.47575
1033.94 3251.729 -37.167 4252.896 76.66312
1035.03 3468.229 296.333 4418.396 76.94924
1036.12 3079.229 -58.667 4011.396 77.097
1037.21 3057.229 -21.667 3894.396 78.62224
1038.3 3164.729 213.833 3975.896 78.43825
1039.39 2938.729 16.833 3608.896 81.34313
1040.48 3091.729 156.833 3740.396 81.89884
1041.57 2983.229 235.333 3755.896 78.05275
1042.66 2853.229 153.833 3560.896 79.22942
1043.74 2736.729 184.833 3474.396 77.57554
1044.83 2612.229 192.833 3317.896 77.41912
1045.92 2330.729 -67.167 3029.396 77.43735
1047.01 2546.729 249.333 3286.896 75.63288
1048.1 2118.229 -79.167 2833.896 75.4325
1049.19 2279.229 144.833 2989.896 75.02106
1050.27 2149.729 105.333 2809.896 75.59064
1051.36 2034.729 41.833 2691.896 75.20184
1052.45 2148.229 197.333 2719.896 77.33786
1053.54 2008.729 131.333 2600.896 76.02139
1054.62 2023.229 203.333 2626.896 75.09176
1055.71 1960.729 181.833 2650.896 72.04742
1056.8 2082.729 261.833 2600.896 77.84726
1057.88 1881.229 105.333 2311.896 80.48246
1058.97 1886.229 165.833 2337.396 79.22387
1060.06 2060.729 360.833 2489.896 79.84246
1061.14 1705.229 99.333 2068.396 81.55637
1062.23 2404.229 781.333 2730.396 83.26547
1063.31 1751.229 185.333 2084.396 82.45626
1064.4 1572.229 66.333 1901.896 82.04002
1065.48 1589.229 148.333 1942.896 80.29231
1066.57 1435.229 79.833 1808.896 78.38906
1067.65 1515.729 210.833 1857.896 79.22564
1068.74 1310.729 58.333 1726.896 75.05837
1069.82 1360.229 209.833 1716.396 76.35898
1070.9 2394.729 1117.333 2755.396 77.98213
1071.99 1354.729 198.833 1714.896 76.24328
1073.07 1276.229 154.833 1615.396 76.77835
1074.15 1325.729 187.833 1621.896 79.34771
1075.24 1196.229 193.833 1580.896 72.26753
1076.32 1268.729 239.333 1584.896 76.50301
1077.4 1497.729 478.833 1821.896 75.86361
1078.49 1023.229 43.333 1345.896 75.22832
1079.57 1218.229 275.333 1493.896 77.37771
1080.65 1364.729 398.333 1624.896 78.78895
1081.73 1036.729 114.833 1305.896 77.40112
1082.81 930.229 -13.167 1169.396 79.77556
1083.89 1060.729 227.833 1351.896 74.09693
1084.98 1094.729 212.833 1323.396 79.40983
1086.06 893.729 48.333 1083.896 81.63639
1087.14 906.229 25.333 1130.396 79.71457
1088.22 1000.729 168.833 1226.396 78.66162
1089.3 827.729 -23.167 993.396 83.70325
1090.38 1290.729 484.333 1528.396 77.23635
1091.46 990.229 224.333 1222.896 76.69984
1092.54 772.229 71.833 1040.896 72.27561
1093.62 838.729 116.833 1074.396 75.3889
1094.7 725.729 23.333 953.396 75.52136
1095.78 824.729 119.333 1022.896 78.0683
1096.86 832.729 153.833 1019.896 78.38878
1097.93 1237.729 515.333 1384.396 83.12357
1099.01 974.229 321.833 1146.896 79.07229
1100.09 651.229 49.333 833.396 76.76631
