196.55 782.907 972.948 1339.379 -51.8627
197.76 1047.399 1427.472 1995.603 -66.89873
198.96 997.465 1340.45 1803.191 -74.12041
200.16 703.067 796.077 1227.164 -21.5757
201.36 1086.256 1587.379 2062.06 -105.57054
202.56 814.182 990.115 1401.163 -42.80117
203.76 660.498 849.94 1265.984 -45.53391
204.96 738.815 932.264 1411.806 -40.3405
206.16 587.328 712.367 946.298 -53.45103
207.36 875.269 1181.173 1687.519 -60.41388
208.56 805.455 1052.507 1476.29 -58.29673
209.76 519.669 637.704 982.138 -34.26929
210.96 725.856 888.539 1380.408 -33.07438
212.16 1417.585 2056.997 2537.841 -132.97712
213.36 862.524 1126.644 1600.47 -55.74212
214.56 794.807 890.479 1274.997 -24.8811
215.76 1298.998 1834.94 2402.485 -94.43156
216.96 1024.075 1568.862 2050.473 -113.11775
218.16 787.463 985.792 1447.599 -42.94628
219.35 656.583 716.838 1152.749 -13.82295
220.55 787.516 872.359 1328.661 -18.59367
221.75 685.442 810.596 1150.265 -36.84573
222.95 1074.493 1461.314 1932.768 -82.04835
224.15 863.486 1090.029 1574.459 -46.76486
225.35 717.496 782.472 1287.36 -12.86949
226.55 696.771 792.831 1188.111 -24.30171
227.75 988.493 1378.814 1879.768 -77.91537
228.94 878.169 1122.204 1555.138 -56.36778
230.14 755.123 919.113 1379.351 -35.63134
231.34 647.389 847.028 1265.702 -47.68366
232.54 583.822 780.549 1133.115 -55.79866
233.74 657.386 805.869 1171.11 -40.65345
234.93 685.562 791.951 1221.947 -24.74183
236.13 754.412 951.574 1439.095 -40.44171
237.33 743.998 930.131 1313.452 -48.55793
238.53 699.95 887.381 1239.073 -53.29388
239.72 1015.833 1373.993 1901.015 -67.95917
240.92 543.924 562.676 918.088 -5.27603
242.12 953.182 1152.807 1622.13 -42.53446
243.31 619.401 755.63 1186.695 -31.60287
244.51 538.644 627.0 952.653 -27.13193
245.71 991.026 1278.803 1722.062 -64.92297
246.9 1149.144 1688.0 2212.153 -102.80512
248.1 768.121 950.954 1448.759 -36.72781
249.3 811.174 982.33 1398.854 -41.09151
250.49 692.896 893.313 1321.511 -46.8046
251.69 842.812 1049.106 1539.214 -42.09139
252.89 697.894 916.154 1388.919 -46.16677
254.08 587.169 579.204 954.138 2.1244
255.28 726.565 976.919 1400.072 -59.16383
256.47 552.958 577.666 955.382 -6.54138
257.67 850.598 1159.099 1530.833 -82.98979
258.86 944.728 1172.898 1590.417 -54.64915
260.06 765.241 917.809 1356.442 -34.78274
261.26 1070.167 1459.546 1914.546 -85.57771
262.45 745.945 939.063 1294.389 -54.34962
263.65 518.549 565.158 907.488 -13.61499
264.84 818.544 1081.531 1469.771 -67.73837
266.04 642.394 804.154 1217.419 -39.14204
267.23 460.705 487.661 823.556 -8.02516
268.42 607.879 706.584 1015.802 -31.92121
269.62 768.368 882.641 1322.401 -25.98518
270.81 721.57 959.736 1397.256 -54.43548
272.01 708.134 923.056 1333.752 -52.33132
273.2 834.603 1164.034 1567.583 -81.63357
274.4 552.608 664.852 908.767 -46.01745
275.59 837.509 1028.883 1499.385 -40.67459
276.78 736.292 892.718 1361.913 -33.33941
277.98 634.44 772.746 1191.206 -33.05121
279.17 707.014 903.201 1285.069 -51.37556
280.37 663.924 837.985 1198.621 -48.26485
281.56 500.909 528.915 926.504 -7.04396
282.75 591.552 617.508 1021.047 -6.43198
283.95 672.794 801.186 1237.537 -29.42387
285.14 651.106 863.193 1247.675 -55.16186
286.33 565.373 700.267 1012.118 -43.25579
287.52 668.725 948.548 1368.358 -66.65475
288.72 854.368 1136.95 1615.434 -59.05758
289.91 964.042 1410.373 1957.179 -81.62508
291.1 782.733 1007.024 1453.634 -50.22094
292.29 769.59 997.623 1395.057 -57.37625
293.49 782.128 1044.239 1446.568 -65.14819
294.68 572.797 729.845 997.629 -58.64696
295.87 647.657 803.102 1201.145 -39.05239
297.06 819.853 940.38 1418.817 -25.1918
298.26 409.983 420.179 733.9 -3.24993
299.45 650.401 789.13 1098.195 -44.88666
300.64 685.516 822.859 1190.661 -37.34166
301.83 699.889 857.028 1294.202 -35.94429
303.02 600.106 630.384 1057.142 -7.09502
304.21 870.33 1123.525 1573.39 -56.28247
305.4 661.861 875.356 1160.092 -74.97998
306.59 758.958 920.166 1316.882 -40.63555
307.79 724.978 803.053 1187.683 -20.29861
308.98 557.623 579.113 932.851 -6.07488
310.17 864.991 966.081 1430.275 -21.77768
311.36 711.807 857.597 1178.563 -45.42222
312.55 1106.952 1560.657 2066.731 -89.65179
313.74 539.419 584.359 957.404 -12.04662
314.93 777.955 1009.007 1474.29 -49.65829
316.12 648.6 787.067 1192.958 -34.11413
317.31 456.863 406.823 740.217 15.00923
318.5 509.919 574.859 920.404 -18.79329
319.69 682.774 830.799 1262.736 -34.26995
320.88 653.603 736.225 1134.55 -20.74249
322.07 607.529 607.271 993.686 0.06689
323.26 577.238 607.342 935.817 -9.16465
324.45 423.409 447.415 793.504 -6.93637
325.64 691.095 766.749 1195.274 -17.65452
326.83 786.233 996.024 1395.634 -52.49913
328.01 595.343 738.436 1110.916 -38.41648
329.2 758.478 976.053 1403.683 -50.87912
330.39 613.853 727.38 1086.817 -31.58464
331.58 558.098 542.908 969.366 3.56187
332.77 933.723 1253.081 1742.233 -65.28806
333.96 391.208 448.82 671.648 -25.85499
335.15 569.588 524.964 868.466 12.99071
336.33 481.598 590.908 878.866 -37.96042
337.52 604.909 719.415 1040.504 -35.66182
338.71 606.965 710.45 1050.191 -30.46006
339.9 554.59 614.932 995.09 -15.87279
341.08 626.417 688.2 1067.812 -16.27534
342.27 758.055 879.475 1376.672 -24.42102
343.46 814.759 1063.729 1446.619 -65.02402
344.65 749.259 897.229 1356.119 -32.24529
345.83 819.004 983.257 1460.668 -34.40507
347.02 492.315 470.264 791.306 6.86843
348.21 804.879 1021.584 1513.302 -44.07124
349.4 514.677 462.989 862.946 12.92334
350.58 617.07 718.045 1108.789 -25.8417
351.77 569.386 575.369 941.11 -1.63588
352.96 417.534 324.088 698.37 24.96677
354.14 621.376 619.926 1114.21 0.29342
355.33 587.401 536.13 920.695 13.33228
356.51 451.904 387.098 701.82 20.5916
357.7 676.876 679.734 1173.743 -0.57864
358.89 556.35 511.721 949.225 10.20091
360.07 849.215 915.105 1399.957 -13.5896
361.26 880.269 1061.79 1572.085 -35.57182
362.44 649.23 733.483 1177.108 -18.99193
363.63 548.649 481.743 950.435 14.27492
364.81 648.61 531.437 1069.458 21.77869
366.0 504.19 276.518 729.538 50.25646
367.18 1163.685 1403.392 2092.821 -34.7689
368.37 629.914 529.85 875.253 28.97022
369.55 725.406 737.065 1246.445 -2.2888
370.74 862.218 911.572 1458.582 -9.0226
371.92 1033.636 1158.332 1668.41 -24.44654
373.11 658.932 476.078 1016.963 33.80641
374.29 561.394 421.772 908.985 28.65727
375.48 617.59 531.741 1060.623 16.23223
376.66 569.35 441.53 902.257 27.74319
377.84 942.914 953.85 1582.253 -1.74027
379.03 598.284 405.051 908.67 38.36891
380.21 538.1 332.184 747.024 49.63751
381.39 514.345 266.212 675.074 60.68877
382.58 911.628 816.548 1409.101 16.04597
383.76 1056.054 1148.784 1715.705 -16.35667
384.94 1163.764 1254.164 1936.868 -13.24149
386.13 708.554 426.593 963.237 52.54161
387.31 831.447 618.339 1185.047 37.60455
388.49 788.256 474.688 1029.093 56.55942
389.68 885.927 637.952 1263.246 39.65731
390.86 914.049 567.466 1204.521 54.40399
392.04 1092.131 982.706 1677.693 15.74487
393.22 877.549 445.466 1111.021 64.92077
394.41 883.378 473.202 1085.367 67.00418
395.59 772.894 193.463 865.952 86.16212
396.77 1016.353 552.689 1295.349 62.43286
397.95 992.373 637.576 1375.151 48.10326
399.13 1232.386 792.678 1560.643 57.25624
400.31 1051.475 447.511 1233.657 76.82594
401.5 1260.891 626.304 1514.36 71.45801
402.68 1303.345 734.712 1616.074 64.51757
403.86 1215.116 434.445 1296.108 90.60042
405.04 1473.121 807.263 1861.292 63.17262
406.22 1113.958 367.783 1341.448 76.63567
407.4 1383.669 697.013 1747.671 65.3549
408.58 1512.236 814.301 1875.791 65.75045
409.76 1632.213 947.755 2029.398 63.27944
410.94 1527.549 624.466 1721.521 82.31889
412.12 1554.19 502.9 1505.972 104.80701
413.3 1416.651 359.093 1500.994 92.61382
414.48 1382.929 371.111 1363.838 101.92316
415.66 1396.243 445.277 1491.567 90.88935
416.84 1866.963 1233.1 2392.132 54.68897
418.02 1599.159 623.378 1795.303 83.2631
419.2 1535.34 419.586 1512.357 102.10322
420.38 1739.205 583.97 1792.589 95.58303
421.56 1612.843 427.245 1581.949 102.6755
422.74 1953.424 1081.794 2295.154 71.83609
423.92 1852.794 865.995 2097.57 80.12497
425.1 1610.429 464.111 1706.838 92.24219
426.28 1588.391 405.995 1712.327 90.51268
427.46 2206.736 1356.492 2799.259 58.93148
428.63 1825.978 571.861 2000.716 87.77075
429.81 1933.491 687.964 1968.209 97.28817
430.99 2086.054 754.784 2180.705 93.36217
432.17 2263.355 1145.347 2523.941 81.0977
433.35 2032.955 827.316 2288.823 82.49287
434.52 1689.159 155.069 1442.77 119.13403
435.7 1853.912 376.383 1827.128 101.84617
436.88 2145.118 840.104 2306.7 88.9825
438.06 2139.447 552.531 2072.014 104.4379
439.23 2082.085 399.115 1956.406 108.07034
440.41 2429.149 594.126 2298.869 107.64218
441.59 2511.083 828.456 2548.315 97.83516
442.77 2303.483 276.679 1951.4 121.02339
443.94 2661.952 760.657 2663.231 99.9328
445.12 2523.733 769.833 2568.167 97.52919
446.3 2768.741 1093.118 2946.475 90.41014
447.47 2686.753 666.72 2632.968 102.73545
448.65 2880.986 720.646 2715.525 108.29427
449.82 2876.486 500.146 2418.525 123.87228
451.0 3146.442 609.213 2599.83 127.45942
452.18 3151.766 476.823 2644.96 123.37516
453.35 3289.608 530.16 2753.3 124.12392
454.53 3319.134 558.865 2819.285 122.11309
455.7 3208.531 334.238 2713.311 120.81568
456.88 3651.246 945.935 3424.159 109.16328
458.05 3506.121 591.763 3040.792 119.00053
459.23 3602.054 315.784 2806.205 131.95644
460.4 3982.108 580.16 3298.8 125.1342
461.58 4364.59 719.432 3462.09 132.90603
462.75 4233.733 315.333 3204.667 135.61605
463.93 4601.164 628.696 3520.987 137.34677
465.1 4571.407 525.065 3629.945 130.32202
466.28 4457.06 218.101 3243.888 140.0944
467.45 4316.608 146.66 3291.8 132.58387
468.63 4703.999 523.249 3846.018 125.82126
469.8 4814.71 870.287 4222.273 117.67419
470.97 5013.965 405.259 3823.724 134.81802
472.15 5273.328 595.675 4138.332 132.038
473.32 5673.06 704.601 4322.388 137.33419
474.49 6065.047 859.499 4671.896 136.54265
475.67 5934.315 507.573 4177.839 147.85692
476.84 5896.126 327.08 4088.476 148.05795
478.01 6219.855 636.347 4688.941 137.77615
479.19 6186.162 548.728 4557.862 140.61476
480.36 6034.48 309.02 4472.808 137.50605
481.53 6063.534 596.897 4836.903 128.92993
482.7 6239.805 497.129 4733.938 135.54248
483.88 6329.185 275.774 4583.755 140.51617
485.05 6619.246 361.935 4823.659 140.24423
486.22 6900.442 478.405 4938.797 143.9792
487.39 7098.845 333.595 4795.508 151.6222
488.56 7401.601 485.876 5021.991 152.45919
489.74 7597.917 897.2 5619.313 141.90083
490.91 7253.238 242.651 4990.851 147.64727
492.08 7232.601 375.876 5230.491 141.24136
493.25 7148.039 278.714 5092.587 142.69851
494.42 6971.34 476.778 5228.824 136.66876
495.59 7004.562 417.26 5317.48 134.42869
496.76 7211.81 465.756 5367.155 137.63527
497.93 7475.113 610.478 5616.483 137.128
499.1 7765.251 572.753 5591.843 143.30283
500.27 8305.963 1040.792 6267.099 139.01157
501.44 8485.603 1228.534 6296.083 143.20668
502.61 8249.616 423.137 5408.076 157.00251
503.78 8380.031 629.929 5761.278 151.03439
504.95 8523.458 1123.474 6516.415 137.21611
506.12 8222.154 696.943 5888.053 144.96343
507.29 7862.294 335.186 5433.538 147.63808
508.46 7686.861 32.165 5307.125 145.11382
509.63 8436.36 1258.165 6645.125 133.25132
510.8 8594.526 1179.612 6671.095 135.02572
511.97 8295.381 558.552 5824.426 146.92392
513.14 8443.389 258.528 5792.702 147.89669
514.31 9060.439 785.746 6241.206 151.67729
515.48 9132.61 495.01 6045.359 155.62266
516.65 9267.438 525.087 6124.614 156.1266
517.81 9400.085 355.806 5922.374 162.47497
518.98 9730.514 695.01 6349.102 159.80467
520.15 9309.901 161.13 5858.695 160.57336
521.32 9501.215 703.605 6464.457 152.71369
522.49 10105.8 1502.503 7468.221 144.21226
523.65 9960.419 1158.859 7184.404 146.07076
524.82 9548.814 638.073 6545.839 150.83099
525.99 9552.922 78.517 6017.496 159.52919
527.16 10044.692 631.25 6882.031 150.59627
528.32 10204.139 730.182 7018.969 150.6484
529.49 10554.838 411.619 6654.732 162.47053
530.66 10789.327 114.367 6539.298 166.14901
531.82 11090.68 180.957 6592.071 170.1689
532.99 11414.685 320.274 6997.255 166.15908
534.16 11727.906 444.256 7148.912 168.29575
535.32 12064.787 794.401 7641.229 164.60742
536.49 11942.098 294.408 7207.866 168.47849
537.65 12455.692 1011.059 8080.564 161.88734
538.82 12086.552 321.816 7430.58 165.49623
539.99 12325.351 642.721 8076.725 157.15125
541.15 12439.723 818.39 8357.766 154.14184
542.32 12431.21 147.979 7854.74 159.38253
543.48 13521.491 811.155 8785.676 159.38683
544.65 13850.248 992.785 8917.718 162.24066
545.81 14860.963 1483.292 10133.099 154.65861
546.98 15172.313 503.106 9285.714 167.02563
548.14 16230.963 783.792 9857.099 170.24852
549.31 16561.541 402.873 9415.179 179.2956
550.47 17034.154 469.443 9763.554 178.22804
551.63 17907.586 914.806 10766.874 172.47932
552.8 17812.281 454.584 10034.545 181.18755
553.96 18142.607 459.852 10240.767 180.78836
555.13 17983.965 391.45 10690.69 170.81371
556.29 18480.879 934.084 11394.302 167.7479
557.45 18256.336 274.46 10552.64 174.95195
558.62 18913.244 523.468 11224.534 171.84994
559.78 18872.813 771.606 11627.214 166.74521
560.94 18866.365 371.982 11276.809 169.59814
562.11 19819.033 391.088 11510.37 174.72302
563.27 20141.055 157.975 11361.672 178.36148
564.43 20601.631 32.397 11656.66 176.95087
565.59 21342.082 205.838 12004.749 179.13725
566.76 22219.314 351.073 12192.839 184.67044
567.92 22814.549 571.349 12448.455 187.27794
569.08 23464.512 715.042 13216.978 181.96758
570.24 23469.637 352.024 12896.877 184.27966
571.4 23897.73 226.366 12819.042 187.97724
572.57 23833.738 367.342 13100.317 184.29625
573.73 23677.232 55.524 13072.134 181.47359
574.89 23893.357 452.697 13544.0 179.05521
576.05 24311.549 476.158 13770.987 179.28316
577.21 23686.039 157.714 13514.587 176.15145
578.37 23936.121 18.954 13640.76 175.58
579.53 24821.523 193.644 13978.47 178.65935
580.69 24915.199 597.535 14724.34 172.13846
581.85 25358.564 351.919 14327.072 178.93646
583.01 26041.354 401.88 14435.816 182.69623
584.17 26723.674 484.83 14656.854 185.14535
585.33 27015.422 572.517 14948.496 183.93812
586.49 27942.219 377.763 14735.049 191.98933
587.65 28062.34 573.278 15187.824 188.09384
588.81 28419.578 566.521 15553.064 185.85378
589.97 29094.688 929.433 15628.847 191.60801
591.13 28401.48 421.02 15287.808 188.20784
592.29 28320.912 336.574 15254.096 187.59375
593.45 28419.846 213.595 14965.508 191.20402
594.61 27992.381 134.052 15178.927 185.16823
595.77 27493.432 196.961 15395.896 179.59462
596.93 27623.094 91.091 14998.683 184.68444
598.09 27416.75 382.753 15545.343 178.29406
599.24 27556.1 138.067 15446.458 179.1046
600.4 27368.219 291.763 15433.549 178.81944
601.56 27608.82 233.39 15322.522 181.42481
602.72 27757.279 368.616 15465.42 181.42028
603.87 28538.041 473.064 15310.146 189.15428
605.03 28006.279 232.116 15238.92 185.07714
606.19 28433.266 148.514 14826.428 192.70281
607.35 28558.912 -3.926 15131.096 188.72017
608.5 29184.277 594.457 15492.328 191.90541
609.66 29895.836 989.651 15859.107 194.39974
610.82 29100.273 146.299 15137.236 193.14319
611.97 28831.379 125.084 14915.802 194.08318
613.13 29519.848 573.754 15514.6 193.73799
614.29 28829.332 496.993 15383.016 190.32847
615.44 28846.355 717.539 15456.908 190.84138
616.6 28818.369 180.141 14843.401 195.306
617.76 28338.645 663.0 15414.652 187.61047
618.91 28521.494 726.314 15170.268 192.43471
620.07 28074.322 641.049 15204.114 188.37568
621.22 27420.1 17.567 14577.958 188.19915
622.38 28179.879 1061.084 15637.302 186.04823
623.53 27551.23 78.366 14625.542 188.85359
624.69 27813.713 112.137 14268.832 195.67827
625.84 27568.012 217.542 14299.978 194.2169
627.0 27779.99 488.964 14831.709 190.27757
628.15 28088.156 -0.398 14734.646 190.62417
629.31 27721.828 318.175 14728.331 190.16903
630.46 28249.744 -23.532 14344.034 196.78542
631.61 28312.057 374.134 14629.264 195.98505
632.77 28871.449 228.189 14833.106 196.12066
633.92 28698.354 495.38 14691.816 198.66234
635.08 28700.471 949.577 15177.407 195.04656
636.23 28950.365 308.482 14744.809 198.40146
637.38 28133.678 -74.511 14334.446 195.76843
638.54 28503.563 654.76 15135.48 192.31641
639.69 28286.771 936.831 15459.111 188.3309
640.84 28432.34 490.402 14738.753 196.10647
641.99 27827.135 97.409 14039.882 198.88671
643.15 28186.928 816.916 14835.512 195.24075
644.3 27369.223 95.422 14179.142 193.65481
645.45 27109.516 -58.071 14110.771 191.74175
646.6 27634.311 811.436 15075.401 188.04641
647.75 27523.604 161.942 14418.031 191.92965
648.91 27832.398 -136.551 13971.661 198.24588
650.06 27773.191 225.455 14825.291 188.68525
651.21 28618.986 417.462 14565.42 199.33283
652.36 28436.779 450.969 14709.05 196.28034
653.51 28252.572 101.475 14213.68 199.48051
654.66 28546.867 273.982 14861.81 193.81149
655.81 29095.66 651.989 15048.939 197.56733
656.96 29104.955 69.495 14402.569 202.57664
658.11 29358.748 365.002 14800.199 200.85452
659.27 29816.543 531.009 14925.328 203.45203
660.42 29501.336 29.015 14459.958 204.23004
661.57 30076.631 421.022 14835.088 205.74076
662.72 28658.424 -139.971 14611.718 195.221
663.87 29505.219 -99.965 14122.848 208.15281
665.01 29519.512 316.042 14693.978 203.11309
666.16 30172.305 41.049 14739.607 204.99463
667.31 29982.1 95.555 14982.237 200.76028
668.46 30653.893 760.562 15722.366 199.79763
669.61 29858.688 206.069 15547.996 193.27832
670.76 30800.48 4.575 15214.626 202.47076
671.91 31081.775 769.582 16378.756 194.19473
673.06 31816.068 519.589 16014.886 201.97405
674.21 30567.863 -161.405 15583.016 195.17561
675.35 31353.156 284.102 15720.146 201.27602
676.5 31260.951 167.609 15849.774 198.27199
677.65 31504.244 72.615 15783.904 200.05761
678.8 31423.537 -110.878 15727.034 199.10715
679.94 32488.332 40.629 16048.164 202.70268
681.09 33825.625 370.135 17049.793 200.5766
682.24 34558.418 363.142 17513.924 199.38027
683.39 33879.215 -1.851 17222.553 196.70385
684.53 35400.508 558.155 17196.684 209.40766
685.68 35085.301 214.662 17614.813 200.40424
686.83 35780.094 301.169 17607.443 205.00614
687.97 35613.391 298.175 17622.072 203.85261
689.12 36308.684 178.182 17514.703 208.40687
690.27 35081.977 68.189 17408.832 201.91747
691.41 36389.27 468.195 17969.961 205.24257
692.56 35906.563 358.702 17742.592 204.48738
693.7 37081.359 378.709 17681.721 212.11712
694.85 36495.652 48.215 17192.852 212.58799
695.99 36209.945 398.222 17794.98 205.85285
697.14 35691.738 184.229 17551.111 204.45529
698.28 35942.535 342.735 18251.74 198.78156
699.43 35664.828 391.242 18390.369 195.97387
700.57 36161.121 -74.251 17710.5 203.74405
701.72 35744.914 -50.745 17219.129 207.27227
702.86 35823.711 -107.738 17549.26 203.49693
704.01 37262.004 50.269 17415.389 214.29011
705.15 36824.297 433.275 18332.02 203.31606
706.29 36827.59 126.782 17723.648 208.56445
707.44 36911.383 171.288 18374.777 201.82996
708.58 37168.68 -124.205 17936.408 206.48737
709.72 37802.973 629.302 18731.037 205.35971
710.87 37994.266 -137.192 17783.168 212.78288
712.01 37717.559 0.315 17644.297 213.76832
713.15 38865.855 217.322 18427.928 212.2309
714.3 38378.648 348.828 17921.557 216.41386
715.44 38571.441 92.335 18611.186 207.78345
716.58 38379.734 277.342 18420.816 210.00604
717.72 38498.031 52.848 18398.945 209.55511
718.87 39772.824 240.855 18262.076 219.36343
720.01 37749.117 117.362 18078.205 209.52109
721.15 37938.41 -54.132 17879.836 211.84683
722.29 38087.703 345.875 18022.965 213.50702
723.43 38714.5 498.882 18553.596 211.6656
724.57 38338.793 450.388 18287.225 212.41662
725.72 37792.586 244.895 18067.354 210.67627
726.86 38571.879 678.902 18459.484 213.11437
728.0 37384.676 164.408 17772.113 211.38625
729.14 37873.969 -2.085 17477.244 216.69055
730.28 36984.762 481.422 17805.373 210.71024
731.42 38074.555 10.928 17753.004 214.53875
732.56 38419.348 722.435 18545.133 211.5107
733.7 37946.645 386.942 18597.262 206.25504
734.84 37772.938 -127.052 17331.393 217.08686
735.98 37191.73 148.955 17932.521 208.29779
737.12 37906.023 -3.038 17789.152 213.06573
738.26 37690.32 17.468 17486.281 215.65777
739.4 38231.113 228.475 17917.912 214.83238
740.53 37751.906 407.482 18162.541 210.33117
741.67 37904.199 273.488 17733.67 215.52302
742.81 37937.996 -222.505 17185.301 219.21488
743.95 37297.289 241.002 17969.93 209.01595
745.09 37979.582 19.508 17370.561 218.77678
746.23 38462.875 399.515 17605.189 221.22562
747.36 38106.668 453.522 17477.32 221.17946
748.5 37882.465 60.028 17069.949 222.35516
749.64 36613.758 25.035 17006.078 215.46805
750.78 37422.551 -5.458 16833.209 222.27418
751.92 37138.344 74.548 16909.838 220.15538
753.05 36647.141 155.555 16258.969 226.60776
754.19 38027.934 635.562 16783.098 231.56704
755.33 36353.727 -151.932 16117.228 224.38565
756.46 36192.02 245.075 16057.357 227.33558
757.6 36149.816 82.082 15697.487 230.97533
758.74 35449.609 562.088 16315.617 221.45845
759.87 35116.402 244.595 16092.247 220.044
761.01 34214.695 271.102 15563.377 221.96562
762.14 34532.988 234.608 15825.006 219.99683
763.28 34765.285 408.115 15272.136 231.14318
764.41 34283.578 249.121 15157.766 228.28673
765.55 34270.371 -123.872 14748.896 231.25651
766.69 33130.664 289.635 15202.025 220.22646
767.82 33587.961 266.641 15014.155 225.94534
768.95 32887.754 26.148 14525.285 226.64525
770.09 32033.047 737.655 15281.915 215.17349
771.22 33074.84 661.661 15275.044 221.80476
772.36 32492.635 504.168 14678.674 225.67606
773.49 31748.428 489.175 14838.804 217.84015
774.63 31708.723 196.181 14003.434 228.23181
775.76 31015.016 154.688 13969.563 223.38477
776.89 31585.311 428.195 14067.693 228.433
778.03 31491.104 360.201 13450.823 237.81072
779.16 31012.398 8.708 13358.952 232.23314
780.29 30307.691 308.215 13035.582 235.70842
781.43 30597.486 606.221 13093.712 240.17047
782.56 29312.779 315.228 13181.842 225.3705
783.69 29587.074 11.735 12475.972 237.28159
784.82 28715.867 233.241 12821.602 226.2616
785.96 28126.66 116.748 12587.731 224.60067
787.09 27866.455 204.255 12186.361 230.86258
788.22 27747.248 394.261 12237.99 230.94911
789.35 28097.543 157.768 11739.62 241.23754
790.48 27145.336 142.275 12009.25 227.54797
791.62 26728.631 580.281 11944.38 230.09612
792.75 26884.924 5.288 11194.01 240.23867
793.88 26003.219 737.795 11788.14 228.63923
795.01 26077.512 353.801 11355.77 233.81008
796.14 25943.307 404.808 11514.898 229.8676
797.27 24774.6 493.815 11487.528 220.86063
798.4 25138.393 283.321 10909.158 233.91166
799.53 24741.188 -4.672 10310.788 239.89099
800.66 23919.98 316.335 10739.418 226.4555
801.79 24896.775 1276.841 11846.548 223.46821
802.92 23737.568 199.848 10216.178 234.99346
804.05 23200.863 381.855 10327.308 229.44162
805.18 23513.156 290.861 10017.937 238.73872
806.31 23657.451 215.868 9756.066 245.71379
807.44 23174.744 -64.625 9580.196 240.95178
808.57 23226.039 400.381 10089.826 235.5724
809.69 22711.332 400.888 9940.456 233.87268
810.82 21344.127 -163.605 9102.586 232.10974
811.95 23185.92 988.401 10112.216 243.29208
813.08 21929.213 103.908 8928.345 247.32802
814.21 21638.008 1064.915 10169.975 225.95231
815.33 21455.301 282.921 9203.104 237.35364
816.46 20617.096 308.928 9013.734 233.29833
817.59 20279.389 847.435 9490.864 224.81763
818.72 20730.184 504.441 8670.494 247.68076
819.84 20560.477 896.448 9116.124 239.23118
820.97 19618.271 446.454 8550.754 236.56353
822.1 19528.564 593.961 8538.383 238.33835
823.22 18856.359 -30.532 7767.513 242.20034
824.35 19005.652 92.474 7844.143 243.98849
825.48 18802.445 574.481 7850.272 250.52896
826.6 17952.74 310.488 7455.902 246.90313
827.73 17736.033 -144.506 7245.032 241.97102
828.85 18170.828 268.501 7361.662 252.38858
829.98 17990.621 610.008 7638.292 247.29527
831.11 17611.416 70.014 6945.921 255.114
832.23 17164.709 81.521 6962.051 248.28303
833.36 17435.004 524.528 7592.181 239.2658
834.48 16408.297 259.034 6894.811 243.3666
835.6 17111.092 482.041 7014.94 254.54319
836.73 16541.885 -7.952 6711.07 246.31318
837.85 15932.179 535.054 6989.7 238.54331
838.98 16217.473 -104.439 6228.33 257.73738
840.1 16077.267 458.568 6766.959 247.58608
841.23 15435.061 371.074 6570.589 242.98655
842.35 16067.854 720.581 7111.219 240.15246
843.47 15657.648 248.588 6354.849 252.34855
844.6 15068.441 26.594 6149.978 245.646
845.72 15236.235 155.101 6077.608 254.64106
846.84 15414.029 134.608 5955.738 262.48205
847.96 14863.823 139.114 5813.368 259.50038
849.09 14635.617 58.121 5820.497 252.97717
850.21 14594.411 232.628 5935.127 251.85068
851.33 14457.205 385.134 5976.757 251.66346
852.45 13918.499 25.141 5610.387 248.75106
853.57 13829.793 232.148 5832.016 242.8208
854.7 13484.587 67.654 5477.146 248.02575
855.82 13518.381 -0.339 5659.776 238.84179
856.94 13758.174 485.168 5827.405 248.45406
858.06 13059.968 -64.326 5132.035 252.56701
859.18 13405.762 425.181 5653.165 248.29036
860.3 13564.556 244.688 5345.295 261.14279
861.42 12872.35 -89.306 5013.424 254.01413
862.54 12295.644 -65.799 4962.554 245.83481
863.66 12573.438 50.708 4975.184 254.29566
864.78 12988.731 186.714 5073.814 261.95531
865.9 12529.525 244.221 5222.943 246.75616
867.02 13405.319 1277.228 6443.073 234.77457
868.14 13009.613 879.234 5701.203 251.56485
869.26 12329.907 575.741 5163.833 256.18854
870.38 11785.2 -90.252 4456.962 261.15882
871.5 11547.494 -94.746 4453.592 255.9669
872.62 11739.788 69.761 4578.222 258.84723
873.74 11798.082 699.268 5511.852 230.62069
874.85 11208.229 40.271 4430.417 254.38697
875.97 11177.229 286.271 4564.417 254.57195
877.09 11311.729 373.271 4811.917 246.43685
878.21 10940.229 220.771 4370.917 258.29114
879.33 11044.229 334.771 4641.417 248.67285
880.44 10711.729 254.771 4375.417 253.76991
881.56 10450.229 111.271 4114.417 258.27086
882.68 10475.229 256.271 4367.917 248.53695
883.79 10751.229 826.771 4988.417 238.47438
884.91 10419.229 -58.229 3702.917 278.57092
886.03 10399.229 456.271 4455.417 248.62707
887.14 10742.729 659.271 4800.417 243.49442
888.26 10554.729 777.271 4809.917 242.45767
889.38 10996.229 636.271 4577.417 262.86668
890.49 10244.729 -89.729 4014.417 251.80534
891.61 11187.729 307.771 4176.917 281.19796
892.72 10459.729 -13.229 4058.417 257.21683
893.84 10757.229 -99.229 3906.917 270.99509
894.95 10330.729 -87.229 3941.917 258.56494
896.07 10949.729 152.271 4075.417 275.2245
897.18 10696.729 384.271 4307.417 262.86199
898.3 10352.729 -41.229 3881.917 264.93938
899.41 10772.729 577.271 4446.917 263.47267
900.53 10455.729 335.771 4029.417 273.98291
901.64 10160.229 462.271 4350.417 249.42375
902.75 10220.729 262.771 4055.917 262.52506
903.87 10192.729 116.771 3876.417 268.00286
904.98 10373.729 403.771 4044.917 273.81376
906.09 9705.729 235.771 3943.917 255.38258
907.21 9831.729 438.771 3919.917 269.82376
908.32 9394.229 198.271 3488.417 279.50002
909.43 9111.729 650.771 3977.917 254.3008
910.54 9129.729 280.271 3820.917 249.9391
911.66 9375.229 1160.771 4581.417 240.14351
912.77 8565.229 85.771 3214.417 271.02647
913.88 8698.729 300.271 3645.417 251.06405
914.99 8159.729 69.271 3371.417 245.00608
916.1 8786.729 349.771 3617.417 258.19685
917.22 8124.229 58.771 2918.417 282.04395
918.33 8513.229 688.771 3724.917 257.71023
919.44 8308.729 270.271 3384.417 258.12723
920.55 8447.729 660.771 3674.417 258.38997
921.66 7818.229 428.771 3272.917 259.81291
922.77 7765.729 488.271 3282.417 260.45376
923.88 8194.729 623.271 3542.917 259.32797
924.99 7544.729 373.771 3227.417 251.2911
926.1 7128.229 -11.229 2623.917 270.93218
927.21 7119.729 652.771 3484.417 228.3816
928.32 6806.729 -84.729 2456.417 271.1949
929.43 6873.229 251.771 2756.917 264.31427
930.54 6450.729 111.271 2439.417 272.29643
931.65 6514.729 266.271 2607.917 266.84044
932.76 6437.229 381.771 2750.917 255.59668
933.86 6149.729 302.271 2464.417 270.44697
934.97 6049.729 113.771 2305.417 270.84476
936.08 5742.729 164.771 2138.417 282.62203
937.19 5596.229 708.271 2768.917 237.20515
938.3 4936.729 472.271 2273.917 247.79887
939.4 4639.229 674.771 2431.417 225.6834
940.51 4198.229 305.271 1864.417 249.68532
941.62 4245.229 503.771 1984.417 252.69097
942.73 4191.229 1102.771 2513.917 218.86172
943.83 3591.729 302.771 1592.417 255.02804
944.94 3525.229 338.271 1721.417 230.41377
946.05 3321.729 -35.729 1180.417 276.07368
947.15 3566.729 -25.729 1255.417 280.4098
948.26 3532.729 228.771 1623.917 236.81815
949.36 3852.229 98.271 1469.917 273.68279
950.47 3937.229 326.771 1819.917 241.80214
951.57 4284.729 844.771 2349.917 228.54649
952.68 4267.729 568.771 1976.417 262.7762
953.79 4044.729 439.271 2026.417 227.16618
954.89 4018.729 121.771 1668.417 251.96192
955.99 4195.729 391.271 2152.917 215.96044
957.1 4165.729 230.271 1637.417 279.67665
958.2 4110.729 271.271 1806.417 250.10381
959.31 4348.729 455.771 2090.917 238.08017
960.41 4020.229 130.271 1642.917 257.16254
961.52 3935.229 10.271 1452.917 272.06667
962.62 4148.729 493.771 1946.917 251.52041
963.72 3970.229 -50.729 1492.417 260.56893
964.83 4004.729 -70.729 1396.917 277.68679
965.93 4404.229 341.771 1883.917 263.42893
967.03 4356.729 714.271 2232.917 239.84907
968.13 4223.229 466.771 1975.417 248.99537
969.24 3930.729 175.771 1604.417 262.83341
970.34 3922.229 206.771 1605.917 265.55191
971.44 4086.729 265.771 1650.417 275.95205
972.54 4029.229 346.771 1881.917 239.87679
973.64 3663.229 142.271 1643.917 234.4733
974.75 4234.229 1069.771 2472.917 225.52595
975.85 5181.729 3162.271 4867.417 118.43317
976.95 3578.229 189.771 1479.917 262.64151
978.05 3884.229 525.771 1934.917 238.33293
979.15 4095.729 896.271 2298.917 228.10164
980.25 3483.729 99.771 1282.917 286.01365
981.35 3472.729 179.271 1406.417 268.38363
982.45 4071.729 891.771 2297.417 226.22756
983.55 3604.729 462.771 1760.417 242.12759
984.65 3652.229 418.271 1628.917 267.12672
985.75 3460.229 675.271 1828.917 241.40498
986.85 3335.729 372.271 1638.417 234.05349
987.95 3064.729 185.271 1345.917 248.09106
989.05 3395.229 783.271 2071.417 202.76883
990.15 3126.229 628.271 1710.417 230.83381
991.25 2962.229 443.271 1513.917 235.27468
992.34 3251.229 835.771 1982.917 210.56246
993.44 3018.229 478.271 1473.917 255.10663
994.54 2848.229 386.771 1334.417 259.74456
995.64 2955.229 731.271 1754.417 217.36476
996.74 2911.229 789.271 1829.917 203.90784
997.83 2450.729 73.771 1008.417 254.31648
998.93 2560.229 315.271 1299.917 227.99655
1000.03 3068.229 1230.771 2285.917 174.14259
1001.12 2767.729 704.771 1735.417 200.16172
1002.22 2731.729 729.271 1828.417 182.18315
1003.32 2349.729 272.271 1190.917 226.14357
1004.41 2360.229 467.271 1408.417 201.13339
1005.51 2283.229 402.771 1217.917 230.68983
1006.6 2065.729 188.771 987.917 234.87057
1007.7 2324.729 624.271 1470.917 200.84649
1008.8 1945.229 103.271 755.917 282.22937
1009.89 2197.229 577.771 1331.917 214.74076
1010.99 2274.729 384.771 1149.417 247.16783
1012.08 2066.229 47.271 826.417 259.12458
1013.18 2193.729 394.271 1240.917 212.5397
1014.27 2279.229 202.271 1009.417 257.32133
1015.36 2300.229 334.271 1124.417 248.80958
1016.46 2272.729 402.771 1194.917 236.06241
1017.55 2063.729 148.271 862.917 268.02904
1018.65 2163.729 496.771 1208.917 234.07544
1019.74 2163.729 586.771 1441.917 184.40813
1020.83 2052.729 505.271 1239.417 210.78353
1021.93 1943.229 280.271 1081.417 207.57249
1023.02 1699.729 38.271 740.917 236.45742
1024.11 1702.729 63.771 754.417 237.30806
1025.2 1648.729 88.271 722.417 246.07246
1026.3 1810.229 454.271 1131.917 200.09839
1027.39 1748.229 597.771 1268.417 171.54484
1028.48 1629.229 486.771 1072.417 195.07667
1029.57 1611.229 312.771 901.917 220.39675
1030.66 1459.729 451.771 1035.417 172.70035
1031.75 2087.229 1483.271 2155.917 89.78846
1032.84 1554.729 652.771 1237.417 154.27431
1033.94 1319.229 161.271 678.417 223.91329
1035.03 1561.729 773.771 1262.917 161.08863
1036.12 1079.729 90.271 614.917 188.59547
1037.21 1156.229 66.771 609.417 200.76783
1038.3 1363.229 522.771 1049.417 159.58701
1039.39 1049.729 153.271 549.417 226.29501
1040.48 1184.729 455.771 904.417 162.47967
1041.57 1285.229 616.271 1021.917 164.9119
1042.66 1216.229 441.771 862.917 183.89313
1043.74 1240.729 508.271 928.417 174.33429
1044.83 1214.729 543.271 974.917 155.55768
1045.92 901.229 45.771 481.917 196.14044
1047.01 1159.729 617.771 1054.417 124.11852
1048.1 723.729 96.771 402.417 205.12577
1049.19 1017.229 502.271 822.417 160.85117
1050.27 957.229 342.271 705.417 169.34197
1051.36 909.229 305.271 681.417 160.56494
1052.45 973.229 469.771 875.417 124.11278
1053.54 865.729 466.771 758.417 136.79548
1054.62 878.229 525.271 900.417 94.08563
1055.71 940.729 467.771 822.917 133.17299
1056.8 1017.229 688.271 1055.917 89.47698
1057.88 741.229 328.771 652.417 127.44126
1058.97 868.229 458.771 804.417 118.46182
1060.06 1086.729 834.771 1296.917 54.51922
1061.14 735.729 367.771 664.417 124.03961
1062.23 1496.229 1608.271 2089.917 -23.26227
1063.31 779.729 547.271 887.917 68.24048
1064.4 679.229 279.271 610.417 120.78012
1065.48 754.729 526.771 738.917 107.4536
1066.57 690.229 362.771 691.917 99.48731
1067.65 765.729 543.771 885.417 64.96738
1068.74 688.229 357.271 635.417 118.98734
1069.82 735.729 544.271 856.417 61.33619
1070.9 1634.729 2151.771 2635.417 -106.90497
1071.99 760.729 561.771 908.917 57.31261
1073.07 724.729 491.771 826.917 69.50954
1074.15 796.229 576.771 914.417 64.99661
1075.24 681.229 526.771 764.417 64.99518
1076.32 730.729 625.771 880.417 41.21739
1077.4 928.229 963.771 1324.417 -9.85499
1078.49 532.729 218.271 494.417 113.87402
1079.57 687.229 655.271 905.917 12.75041
1080.65 818.229 866.771 1207.917 -14.229
1081.73 536.729 382.771 651.417 57.30904
1082.81 494.229 238.271 479.917 105.92292
1083.89 664.229 548.771 799.417 46.06434
1084.98 654.229 533.271 847.417 38.50389
1086.06 441.729 267.771 470.917 85.63224
1087.14 458.729 283.771 487.417 85.91304
1088.22 556.229 524.771 765.417 13.07248
1089.3 428.229 261.771 458.417 84.6488
1090.38 861.229 1101.771 1433.417 -72.52971
1091.46 614.229 598.771 838.417 6.45051
1092.54 464.229 405.771 657.917 23.18433
1093.62 481.229 412.771 674.917 26.11459
1094.7 360.729 186.271 429.417 71.75049
1095.78 515.229 490.771 699.917 11.6944
1096.86 570.729 545.771 843.917 8.3712
1097.93 929.229 1146.271 1458.417 -69.53216
1099.01 704.229 802.271 1099.917 -32.93902
1100.09 407.729 334.271 492.917 46.30334
