196.55 684.065 637.312 0.0 46.75244
197.76 986.03 939.8 0.0 46.2298
198.96 920.529 856.3 0.0 64.22876
200.16 611.038 561.303 0.0 49.7348
201.36 1108.987 1037.285 0.0 71.70154
202.56 704.504 695.791 0.0 8.71289
203.76 643.528 612.799 0.0 30.72833
204.96 712.552 695.308 0.0 17.24377
206.16 541.559 490.81 0.0 50.7486
207.36 870.545 819.305 0.0 51.23938
208.56 764.033 680.301 0.0 83.73151
209.76 487.547 497.306 0.0 -9.75912
210.96 644.535 620.302 0.0 24.23297
212.16 1358.068 1311.814 0.0 46.25476
213.36 836.543 733.805 0.0 102.73798
214.56 629.567 636.813 0.0 -7.24603
215.76 1191.028 1209.3 0.0 -18.27173
216.96 1032.522 972.798 0.0 59.72455
218.16 773.517 694.796 0.0 78.72119
219.35 544.557 483.31 0.0 61.24722
220.55 684.558 634.81 0.0 49.74829
221.75 622.576 581.816 0.0 40.75952
222.95 970.555 923.809 0.0 46.74609
224.15 758.071 746.315 0.0 11.75629
225.35 598.067 541.313 0.0 56.75366
226.55 582.056 558.809 0.0 23.24695
227.75 920.055 842.309 0.0 77.74609
228.94 792.047 687.306 0.0 104.74084
230.14 751.54 694.304 0.0 57.23651
231.34 622.534 537.802 0.0 84.73248
232.54 615.036 577.802 0.0 37.23346
233.74 601.023 576.298 0.0 24.72491
234.93 609.565 566.813 0.0 42.75262
236.13 682.038 621.303 0.0 60.73468
237.33 663.078 649.817 0.0 13.26123
238.53 617.06 583.311 0.0 33.74927
239.72 975.032 873.301 0.0 101.73083
240.92 450.045 429.306 0.0 20.73953
242.12 856.055 720.309 0.0 135.74573
243.31 529.042 461.804 0.0 67.2374
244.51 483.032 478.801 0.0 4.23114
245.71 865.554 823.809 0.0 41.74554
246.9 1082.032 1016.801 0.0 65.2312
248.1 623.029 627.8 0.0 -4.771
249.3 681.02 643.297 0.0 37.72308
250.49 662.519 612.296 0.0 50.22223
251.69 777.54 666.304 0.0 111.23621
252.89 691.507 627.792 0.0 63.71466
254.08 453.047 415.806 0.0 37.24088
255.28 677.026 603.799 0.0 73.22723
256.47 452.544 424.305 0.0 28.23901
257.67 777.576 714.316 0.0 63.2597
258.86 816.061 748.311 0.0 67.75012
260.06 672.518 557.796 0.0 114.72211
261.26 988.036 951.802 0.0 36.23328
262.45 658.037 598.303 0.0 59.73413
263.65 391.007 357.292 0.0 33.71484
264.84 720.534 692.302 0.0 28.2326
266.04 548.007 487.792 0.0 60.21469
267.23 412.007 360.292 0.0 51.71503
268.42 546.038 436.803 0.0 109.2352
269.62 641.042 609.305 0.0 31.73785
270.81 652.049 585.307 0.0 66.74237
272.01 576.536 634.302 0.0 -57.76617
273.2 767.998 731.789 0.0 36.20892
274.4 461.021 429.797 0.0 31.22406
275.59 729.524 677.298 0.0 52.22559
276.78 644.548 552.307 0.0 92.24158
277.98 556.514 548.295 0.0 8.21906
279.17 565.547 539.306 0.0 26.24072
280.37 595.495 532.288 0.0 63.2066
281.56 398.526 412.299 0.0 -13.77289
282.75 419.069 398.314 0.0 20.75534
283.95 566.509 536.293 0.0 30.21619
285.14 632.01 530.293 0.0 101.71649
286.33 452.015 436.295 0.0 15.72006
287.52 692.499 583.29 0.0 109.20959
288.72 744.992 681.787 0.0 63.2049
289.91 907.523 885.298 0.0 22.2251
291.1 693.534 571.302 0.0 122.2323
292.29 655.041 610.304 0.0 44.737
293.49 702.013 601.794 0.0 100.21869
294.68 442.521 465.297 0.0 -22.77625
295.87 550.04 525.304 0.0 24.73602
297.06 687.023 643.798 0.0 43.2254
298.26 354.509 299.293 0.0 55.21585
299.45 588.042 543.304 0.0 44.73737
300.64 552.058 483.31 0.0 68.74829
301.83 634.034 587.802 0.0 46.23248
303.02 472.56 450.311 0.0 22.24945
304.21 667.571 658.314 0.0 9.25616
305.4 518.058 540.81 0.0 -22.75189
306.59 632.044 567.805 0.0 64.23907
307.79 537.036 526.802 0.0 10.2337
308.98 436.54 417.804 0.0 18.73651
310.17 653.892 614.752 0.0 39.13977
311.36 540.466 525.778 0.0 14.68811
312.55 951.971 886.78 0.0 65.19098
313.74 440.022 364.797 0.0 75.22443
314.93 716.033 618.301 0.0 97.73151
316.12 515.537 490.803 0.0 24.73434
317.31 357.019 306.797 0.0 50.22275
318.5 399.022 348.297 0.0 50.72443
319.69 557.518 462.296 0.0 95.22156
320.88 497.049 493.807 0.0 3.24188
322.07 458.015 425.795 0.0 32.22021
323.26 440.057 402.81 0.0 37.24741
324.45 358.026 303.799 0.0 54.22711
325.64 537.014 482.795 0.0 54.21924
326.83 668.034 558.302 0.0 109.7323
328.01 529.528 486.299 0.0 43.22809
329.2 703.536 615.802 0.0 87.7337
330.39 487.523 433.798 0.0 53.72543
331.58 411.025 341.799 0.0 69.22675
332.77 835.538 762.303 0.0 73.23499
333.96 297.519 246.296 0.0 51.22256
335.15 404.53 361.8 0.0 42.72943
336.33 363.025 355.799 0.0 7.22675
337.52 534.526 455.799 0.0 78.72711
338.71 467.529 413.8 0.0 53.72879
339.9 460.991 422.787 0.0 38.2041
341.08 496.51 430.293 0.0 66.21689
342.27 652.53 568.8 0.0 83.72998
343.46 698.049 666.807 0.0 31.24207
344.65 594.049 581.807 0.0 12.24207
345.83 695.051 631.308 0.0 63.74335
347.02 327.052 301.808 0.0 25.24374
348.21 746.038 643.303 0.0 102.73517
349.4 387.531 298.301 0.0 89.23062
350.58 471.999 454.789 0.0 17.20947
351.77 448.023 387.798 0.0 60.22495
352.96 223.039 236.303 0.0 -13.26465
354.14 445.527 412.299 0.0 33.22763
355.33 380.542 369.804 0.0 10.73737
356.51 297.503 265.291 0.0 32.21201
357.7 508.476 427.282 0.0 81.1947
358.89 395.012 339.294 0.0 55.71786
360.07 610.003 589.291 0.0 20.71234
361.26 663.444 618.77 0.0 44.67352
362.44 471.421 448.263 0.0 23.15891
363.63 365.904 364.256 0.0 1.64752
364.81 426.882 396.749 0.0 30.1329
366.0 280.887 201.751 0.0 79.13676
367.18 919.915 894.26 0.0 25.6546
368.37 304.948 297.772 0.0 7.17639
369.55 539.964 478.777 0.0 61.18661
370.74 614.464 556.277 0.0 58.18701
371.92 776.447 718.271 0.0 58.17554
373.11 375.928 353.765 0.0 22.16345
374.29 324.906 313.257 0.0 11.64883
375.48 383.44 436.769 0.0 -53.32883
376.66 303.961 291.776 0.0 12.18494
377.84 654.948 592.272 0.0 62.67639
379.03 307.463 300.777 0.0 6.68597
380.21 234.436 226.268 0.0 8.1685
381.39 219.438 164.768 0.0 54.66985
382.58 563.463 491.777 0.0 71.68579
383.76 725.98 678.783 0.0 47.19702
384.94 752.471 730.28 0.0 22.19135
386.13 393.429 290.765 0.0 102.66412
387.31 385.947 379.272 0.0 6.6759
388.49 369.436 332.768 0.0 36.66867
389.68 482.956 448.774 0.0 34.18127
390.86 430.457 386.775 0.0 43.68192
392.04 576.474 571.281 0.0 5.19336
393.22 326.957 310.775 0.0 16.18192
394.41 352.937 325.768 0.0 27.16934
395.59 149.956 165.775 0.0 -15.81824
396.77 394.473 334.78 0.0 59.6925
397.95 419.465 322.278 0.0 97.18713
399.13 500.972 503.78 0.0 -2.80798
400.31 370.424 349.763 0.0 20.66028
401.5 468.945 357.271 0.0 111.67419
402.68 526.938 430.768 0.0 96.1698
403.86 340.955 304.774 0.0 36.18094
405.04 540.978 504.782 0.0 36.19608
406.22 263.443 236.27 0.0 27.1732
407.4 496.497 454.289 0.0 42.20795
408.58 606.945 535.771 0.0 71.17407
409.76 599.441 581.269 0.0 18.17188
410.94 407.957 418.275 0.0 -10.31808
412.12 347.988 297.786 0.0 50.20258
413.3 302.966 282.278 0.0 20.68796
414.48 204.967 235.278 0.0 -30.31119
415.66 336.479 256.783 0.0 79.69672
416.84 713.467 711.278 0.0 2.18835
418.02 416.95 370.273 0.0 46.67773
419.2 268.965 270.778 0.0 -1.81238
420.38 376.457 361.775 0.0 14.6821
421.56 337.477 344.282 0.0 -6.80481
422.74 705.444 626.77 0.0 78.67371
423.92 531.459 478.276 0.0 53.18329
425.1 345.967 356.778 0.0 -10.81119
426.28 287.995 299.788 0.0 -11.79288
427.46 846.495 769.788 0.0 76.70697
428.63 432.986 345.785 0.0 87.20074
429.81 421.493 367.787 0.0 53.7056
430.99 476.98 430.283 0.0 46.69705
432.17 721.485 655.284 0.0 66.20007
433.35 521.482 457.284 0.0 64.19858
434.52 177.001 119.79 0.0 57.21066
435.7 292.987 249.785 0.0 43.20175
436.88 531.467 480.778 0.0 50.68851
438.06 367.998 370.789 0.0 -2.7912
439.23 351.468 262.779 0.0 88.689
440.41 414.005 404.792 0.0 9.21332
441.59 518.456 501.775 0.0 16.68146
442.77 215.509 214.793 0.0 0.71585
443.94 568.971 516.78 0.0 52.19098
445.12 504.484 466.784 0.0 37.6994
446.3 673.968 645.279 0.0 28.68915
447.47 430.475 431.781 0.0 -1.30597
448.65 515.47 508.779 0.0 6.69046
449.82 362.97 318.279 0.0 44.69049
451.0 407.475 320.281 0.0 87.1937
452.18 335.483 267.784 0.0 67.69891
453.35 346.971 329.28 0.0 17.69119
454.53 409.986 345.785 0.0 64.2009
455.7 277.477 218.782 0.0 58.69485
456.88 593.491 569.287 0.0 24.20422
458.05 430.478 385.282 0.0 45.19604
459.23 232.98 219.283 0.0 13.69705
460.4 384.971 328.28 0.0 56.69119
461.58 455.491 458.287 0.0 -2.7959
462.75 259.984 185.284 0.0 74.6994
463.93 415.973 405.781 0.0 10.19284
465.1 365.464 307.777 0.0 57.68665
466.28 181.503 146.791 0.0 34.71217
467.45 178.471 95.78 0.0 82.69117
468.63 343.977 296.782 0.0 47.19537
469.8 511.98 480.783 0.0 31.1972
470.97 233.978 235.782 0.0 -1.80412
472.15 418.509 382.293 0.0 36.2157
473.32 446.503 471.791 0.0 -25.28784
474.49 549.996 534.788 0.0 15.20728
475.67 332.001 291.79 0.0 40.21082
476.84 224.002 204.29 0.0 19.71115
478.01 451.985 407.784 0.0 44.20007
479.19 329.012 344.794 0.0 -15.7818
480.36 268.497 228.289 0.0 40.2083
481.53 411.988 339.786 0.0 72.20242
482.7 356.505 276.792 0.0 79.7135
483.88 233.516 217.295 0.0 16.2204
485.05 303.491 266.287 0.0 37.20428
486.22 356.525 328.799 0.0 27.72659
487.39 249.039 226.803 0.0 22.23567
488.56 399.987 361.785 0.0 38.20142
489.74 602.01 484.293 0.0 117.71689
490.91 219.007 172.292 0.0 46.71451
492.08 317.487 286.285 0.0 31.20142
493.25 220.511 194.794 0.0 25.71754
494.42 353.516 309.795 0.0 43.72055
495.59 301.515 288.795 0.0 12.71973
496.76 316.478 292.782 0.0 23.69568
497.93 426.494 386.288 0.0 40.2063
499.1 402.514 417.795 0.0 -15.28061
500.27 651.017 613.796 0.0 37.22119
501.44 756.498 701.289 0.0 55.20892
502.61 291.506 297.292 0.0 -5.78616
503.78 429.027 379.799 0.0 49.22778
504.95 719.994 737.788 0.0 -17.79388
506.12 445.528 404.8 0.0 40.72845
507.29 235.009 242.793 0.0 -7.7838
508.46 72.508 62.793 0.0 9.71519
509.63 761.008 694.793 0.0 66.21521
510.8 757.504 716.291 0.0 41.21265
511.97 360.999 370.79 0.0 -9.79019
513.14 242.534 192.302 0.0 50.23248
514.31 527.514 498.295 0.0 29.21906
515.48 353.533 323.301 0.0 30.23163
516.65 305.002 231.291 0.0 73.7115
517.81 233.518 242.296 0.0 -8.77811
518.98 459.496 426.289 0.0 33.20779
520.15 191.542 166.304 0.0 25.23735
521.32 385.003 395.291 0.0 -10.28766
522.49 899.032 830.801 0.0 68.23132
523.65 711.022 640.297 0.0 70.72443
524.82 411.001 363.79 0.0 47.21082
525.99 81.533 77.801 0.0 3.73198
527.16 395.05 393.807 0.0 1.24307
528.32 417.009 402.293 0.0 14.716
529.49 301.004 302.791 0.0 -1.78699
530.66 60.559 97.31 0.0 -36.75139
531.82 188.993 173.287 0.0 15.70528
532.99 259.016 235.795 0.0 23.2204
534.16 314.514 255.795 0.0 58.71956
535.32 574.525 524.799 0.0 49.72644
536.49 205.525 160.299 0.0 45.22678
537.65 642.5 586.79 0.0 55.71014
538.82 209.519 139.296 0.0 70.22241
539.99 437.012 390.794 0.0 46.21786
541.15 479.488 434.286 0.0 45.20209
542.32 141.531 96.801 0.0 44.73013
543.48 467.044 475.805 0.0 -8.76147
544.65 581.053 600.808 0.0 -19.75525
545.81 944.517 823.796 0.0 120.72119
546.98 353.54 293.804 0.0 59.73618
548.14 553.517 476.296 0.0 77.22119
549.31 234.523 234.798 0.0 -0.2749
550.47 287.028 225.3 0.0 61.72845
551.63 569.518 607.796 0.0 -38.27814
552.8 281.002 271.29 0.0 9.7113
553.96 277.021 250.297 0.0 26.72408
555.13 275.529 241.8 0.0 33.72879
556.29 578.538 594.303 0.0 -15.76483
557.45 178.993 153.787 0.0 25.20544
558.62 369.03 299.8 0.0 69.22964
559.78 538.04 428.304 0.0 109.73618
560.94 294.531 228.301 0.0 66.23032
562.11 260.539 219.303 0.0 41.23535
563.27 98.03 51.8 0.0 46.22996
564.43 8.025 18.298 0.0 -10.27373
565.59 159.557 148.31 0.0 11.24727
566.76 272.001 198.29 0.0 73.71083
567.92 357.058 314.31 0.0 42.74777
569.08 473.035 419.802 0.0 53.23315
570.24 241.497 217.289 0.0 24.20847
571.4 203.022 121.798 0.0 81.22475
572.57 269.557 226.81 0.0 42.74742
573.73 65.534 37.302 0.0 28.23232
574.89 251.047 213.806 0.0 37.24055
576.05 316.507 286.292 0.0 30.21484
577.21 100.011 117.294 0.0 -17.28247
578.37 19.529 23.3 0.0 -3.77104
579.53 195.043 130.805 0.0 64.23804
580.69 413.035 338.802 0.0 74.23282
581.85 233.526 275.799 0.0 -42.27272
583.01 207.023 225.298 0.0 -18.27457
584.17 270.52 250.797 0.0 19.72308
585.33 372.533 346.802 0.0 25.73196
586.49 215.515 167.295 0.0 48.21989
587.65 327.516 298.295 0.0 29.22055
588.81 249.034 315.302 0.0 -66.26784
589.97 583.527 521.799 0.0 61.72791
591.13 242.997 219.789 0.0 23.2083
592.29 213.038 243.303 0.0 -30.26534
593.45 146.039 104.803 0.0 41.23567
594.61 105.499 108.29 0.0 -2.79018
595.77 134.529 92.8 0.0 41.72929
596.93 67.002 66.291 0.0 0.71165
598.09 247.514 217.795 0.0 29.71938
599.24 109.037 114.803 0.0 -5.76567
600.4 175.015 160.795 0.0 14.21989
601.56 199.024 113.298 0.0 85.72592
602.72 269.541 231.804 0.0 37.73668
603.87 297.573 270.315 0.0 27.25803
605.03 127.541 101.304 0.0 26.23668
606.19 124.033 37.301 0.0 86.73181
607.35 16.038 14.303 0.0 1.73466
608.5 369.029 340.3 0.0 28.72913
609.66 536.543 510.805 0.0 25.73837
610.82 114.018 113.796 0.0 0.22157
611.97 70.538 82.803 0.0 -12.26483
613.13 372.051 342.307 0.0 29.74323
614.29 312.532 237.301 0.0 75.2308
615.44 382.035 341.302 0.0 40.733
616.6 106.542 63.305 0.0 43.23785
617.76 415.032 329.801 0.0 85.23114
618.91 400.555 361.809 0.0 38.74609
620.07 370.536 341.302 0.0 29.23349
621.22 5.537 0.303 0.0 5.23433
622.38 662.038 580.303 0.0 81.73517
623.53 69.022 33.298 0.0 35.72476
624.69 124.542 66.805 0.0 57.73769
625.84 129.035 73.302 0.0 55.73315
627.0 314.493 252.287 0.0 62.20561
628.15 85.54 21.804 0.0 63.73601
629.31 242.508 215.293 0.0 27.21568
630.46 12.53 -33.2 0.0 45.72963
631.61 261.542 221.304 0.0 40.2375
632.77 203.51 198.793 0.0 4.71637
633.92 345.523 282.798 0.0 62.72543
635.08 556.501 503.29 0.0 53.21097
636.23 207.031 159.301 0.0 47.7303
637.38 22.531 -23.699 0.0 46.23063
638.54 425.515 324.295 0.0 101.21973
639.69 495.556 502.309 0.0 -6.75308
640.84 314.525 225.299 0.0 89.22649
641.99 97.526 43.799 0.0 53.72681
643.15 525.526 457.299 0.0 68.22714
644.3 76.527 57.299 0.0 19.22744
645.45 -8.973 -54.201 0.0 45.22776
646.6 522.528 498.299 0.0 24.22812
647.75 112.528 122.3 0.0 -9.77161
648.91 -35.472 -43.2 0.0 7.72871
650.06 129.029 95.3 0.0 33.72903
651.21 264.029 258.8 0.0 5.22934
652.36 276.53 291.8 0.0 -15.27032
653.51 113.03 97.8 0.0 15.22998
654.66 212.531 106.801 0.0 105.73029
655.81 355.031 338.301 0.0 16.73062
656.96 62.032 29.301 0.0 32.73093
658.11 226.032 201.301 0.0 24.73125
659.27 227.033 224.801 0.0 2.23157
660.42 41.033 23.801 0.0 17.23189
661.57 248.534 203.302 0.0 45.23221
662.72 -69.966 -70.698 0.0 0.73252
663.87 -28.965 -42.198 0.0 13.23284
665.01 196.535 153.802 0.0 42.73315
666.16 16.036 3.802 0.0 12.23347
667.31 62.036 69.302 0.0 -7.26621
668.46 408.037 364.803 0.0 43.2341
669.61 111.037 85.803 0.0 25.23442
670.76 53.538 -15.197 0.0 68.73474
671.91 466.038 383.803 0.0 82.23508
673.06 303.039 292.803 0.0 10.23538
674.21 -45.461 -86.197 0.0 40.73569
675.35 171.54 143.804 0.0 27.73601
676.5 140.54 107.304 0.0 33.23633
677.65 17.041 5.804 0.0 11.23664
678.8 -38.959 -81.696 0.0 42.73696
679.94 18.542 20.804 0.0 -2.26272
681.09 226.542 183.304 0.0 43.23759
682.24 242.043 202.305 0.0 39.73792
683.39 -32.457 5.305 0.0 -37.76177
684.53 267.044 205.305 0.0 61.73854
685.68 122.044 103.305 0.0 18.73887
686.83 185.545 149.805 0.0 35.73918
687.97 172.045 114.306 0.0 57.7395
689.12 129.045 72.806 0.0 56.23981
690.27 33.046 14.306 0.0 18.74013
691.41 263.046 252.306 0.0 10.74046
692.56 204.047 174.306 0.0 29.74077
693.7 208.547 173.806 0.0 34.74109
694.85 12.048 -17.193 0.0 29.2414
695.99 191.548 194.307 0.0 -2.75827
697.14 127.049 89.807 0.0 37.24203
698.28 185.049 205.807 0.0 -20.75766
699.43 194.05 115.807 0.0 78.24267
700.57 -71.45 -75.193 0.0 3.74298
701.72 -21.449 -61.692 0.0 40.2433
702.86 -75.449 -99.192 0.0 23.74362
704.01 15.552 -16.692 0.0 32.24394
705.15 211.052 196.308 0.0 14.74426
706.29 56.553 30.308 0.0 26.24457
707.44 82.053 66.808 0.0 15.24489
708.58 -70.946 -71.691 0.0 0.7452
709.72 381.554 315.809 0.0 65.74554
710.87 -106.945 -109.191 0.0 2.24584
712.01 -11.945 -56.691 0.0 44.74616
713.15 132.056 79.809 0.0 52.24648
714.3 212.056 208.309 0.0 3.7468
715.44 27.557 18.31 0.0 9.24711
716.58 136.057 111.81 0.0 24.24742
717.72 -11.942 5.31 0.0 -17.25226
718.87 110.558 68.31 0.0 42.24806
720.01 82.059 57.31 0.0 24.74838
721.15 -49.441 -70.19 0.0 20.74869
722.29 219.56 172.811 0.0 46.74902
723.43 282.06 225.811 0.0 56.24933
724.57 240.561 187.311 0.0 53.24963
725.72 107.561 95.811 0.0 11.74996
726.86 372.562 355.311 0.0 17.25031
728.0 91.562 33.811 0.0 57.7506
729.14 -9.937 -38.688 0.0 28.75091
730.28 252.563 244.812 0.0 7.75124
731.42 13.063 -48.688 0.0 61.75155
732.56 402.564 351.312 0.0 51.25186
733.7 189.064 203.812 0.0 -14.74782
734.84 -118.935 -91.688 0.0 -27.24751
735.98 94.065 62.813 0.0 31.25282
737.12 -19.934 -52.187 0.0 32.25313
738.26 -3.434 22.813 0.0 -26.24655
739.4 120.067 113.313 0.0 6.75377
740.53 175.567 146.813 0.0 28.75409
741.67 145.068 118.813 0.0 26.25439
742.81 -112.932 -95.186 0.0 -17.74528
743.95 101.069 158.814 0.0 -57.74496
745.09 3.069 -2.686 0.0 5.75535
746.23 207.57 163.314 0.0 44.25568
747.36 271.07 212.314 0.0 58.75598
748.5 -6.929 -6.686 0.0 -0.24369
749.64 7.071 5.315 0.0 1.75662
750.78 1.072 -16.185 0.0 17.25694
751.92 66.572 17.315 0.0 49.25725
753.05 111.073 49.315 0.0 61.75757
754.19 376.573 323.315 0.0 53.2579
755.33 -110.926 -118.685 0.0 7.75821
756.46 93.574 125.316 0.0 -31.74148
757.6 -6.425 8.816 0.0 -15.24116
758.74 319.575 285.816 0.0 33.75916
759.87 155.076 83.816 0.0 71.25948
761.01 85.576 68.316 0.0 17.25979
762.14 100.077 68.817 0.0 31.26011
763.28 237.577 231.317 0.0 6.26044
764.41 111.078 96.317 0.0 14.76075
765.55 -87.422 -118.183 0.0 30.76106
766.69 100.579 118.817 0.0 -18.23862
767.82 100.079 118.317 0.0 -18.2383
768.95 12.58 -1.182 0.0 13.76201
770.09 401.08 444.318 0.0 -43.23767
771.22 343.581 352.318 0.0 -8.73737
772.36 279.081 220.318 0.0 58.76297
773.49 289.081 302.818 0.0 -13.73672
774.63 93.582 56.818 0.0 36.7636
775.76 95.082 36.319 0.0 58.76392
776.89 211.583 210.819 0.0 0.76424
778.03 157.083 138.819 0.0 18.26454
779.16 -3.416 -42.681 0.0 39.26487
780.29 164.584 129.819 0.0 34.76518
781.43 290.585 297.819 0.0 -7.2345
782.56 177.085 137.32 0.0 39.76582
783.69 15.586 -0.68 0.0 16.26614
784.82 74.586 60.32 0.0 14.26646
785.96 37.087 78.32 0.0 -41.23323
787.09 91.587 99.82 0.0 -8.23292
788.22 178.588 112.32 0.0 66.2674
789.35 27.588 -24.179 0.0 51.76772
790.48 78.589 49.821 0.0 28.76804
791.62 267.089 237.321 0.0 29.76836
792.75 -47.91 -33.179 0.0 -14.73133
793.88 352.09 345.821 0.0 6.26901
795.01 176.591 120.321 0.0 56.2693
796.14 236.591 221.822 0.0 14.76962
797.27 272.592 229.322 0.0 43.26993
798.4 93.092 100.322 0.0 -7.22974
799.53 -18.907 -69.678 0.0 50.77058
800.66 107.093 107.822 0.0 -0.72911
801.79 834.594 716.822 0.0 117.77118
802.92 80.594 70.823 0.0 9.77153
804.05 201.595 174.823 0.0 26.77184
805.18 149.095 125.823 0.0 23.27216
806.31 113.596 67.823 0.0 45.77248
807.44 -76.404 -58.177 0.0 -18.2272
808.57 186.097 159.323 0.0 26.77312
809.69 183.097 180.324 0.0 2.77344
810.82 -108.902 -126.176 0.0 17.27375
811.95 538.098 498.324 0.0 39.77408
813.08 109.098 34.824 0.0 74.27438
814.21 575.599 518.324 0.0 57.27472
815.33 168.099 118.824 0.0 49.27502
816.46 141.6 161.825 0.0 -20.22466
817.59 434.6 417.825 0.0 16.77563
818.72 264.601 234.825 0.0 29.77596
819.84 519.601 436.825 0.0 82.77631
820.97 275.602 259.825 0.0 15.77661
822.1 392.602 310.325 0.0 82.27692
823.22 -4.397 -29.174 0.0 24.77724
824.35 38.603 26.326 0.0 12.27755
825.48 265.604 251.326 0.0 14.27788
826.6 145.604 136.326 0.0 9.2782
827.73 -69.395 -83.674 0.0 14.2785
828.85 110.605 89.826 0.0 20.77882
829.98 361.606 303.827 0.0 57.77914
831.11 10.106 -22.173 0.0 32.27946
832.23 -0.893 17.827 0.0 -18.72023
833.36 314.107 261.327 0.0 52.78009
834.48 111.608 130.327 0.0 -18.7196
835.6 256.608 192.827 0.0 63.78072
836.73 -52.891 -37.172 0.0 -15.71896
837.85 337.109 218.328 0.0 118.78136
838.98 -103.39 -94.672 0.0 -8.71832
840.1 217.11 194.328 0.0 22.782
841.23 199.611 119.828 0.0 79.78231
842.35 386.111 350.329 0.0 35.78262
843.47 113.612 100.829 0.0 12.78294
844.6 -36.888 -38.171 0.0 1.28326
845.72 29.113 4.829 0.0 24.28358
846.84 77.113 22.329 0.0 54.78389
847.96 41.114 16.829 0.0 24.28421
849.09 -1.886 -3.67 0.0 1.78453
850.21 74.115 68.83 0.0 5.28485
851.33 196.115 196.33 0.0 -0.21483
852.45 14.116 -56.17 0.0 70.28548
853.57 129.116 122.33 0.0 6.78579
854.7 23.116 -3.67 0.0 26.78612
855.82 15.617 18.331 0.0 -2.71356
856.94 206.617 186.831 0.0 19.78674
858.06 -96.382 -122.669 0.0 26.28707
859.18 210.618 170.331 0.0 40.28738
860.3 102.619 87.831 0.0 14.7877
861.42 -119.881 -103.669 0.0 -16.21198
862.54 -70.38 -96.168 0.0 25.78834
863.66 -30.88 -43.668 0.0 12.78865
864.78 59.121 71.332 0.0 -12.21103
865.9 147.621 109.332 0.0 38.28929
867.02 667.622 676.832 0.0 -9.21039
868.14 466.622 444.332 0.0 22.28992
869.26 239.623 226.833 0.0 12.79025
870.38 -83.877 -115.667 0.0 31.79056
871.5 -82.376 -77.667 0.0 -4.70912
872.62 -60.876 -52.167 0.0 -8.70881
873.74 334.125 306.333 0.0 27.7915
874.85 -27.875 -52.667 0.0 24.79167
875.97 126.125 119.333 0.0 6.79166
877.09 193.125 122.333 0.0 70.79166
878.21 106.125 63.333 0.0 42.79167
879.33 132.125 123.833 0.0 8.29166
880.44 97.625 66.333 0.0 31.29166
881.56 61.625 40.333 0.0 21.29167
882.68 133.625 92.833 0.0 40.79166
883.79 474.125 424.833 0.0 49.29166
884.91 -66.875 -134.167 0.0 67.29167
886.03 256.625 169.833 0.0 86.79167
887.14 364.125 290.333 0.0 73.79166
888.26 382.625 330.333 0.0 52.29166
889.38 304.125 273.833 0.0 30.29166
890.49 -82.875 -86.667 0.0 3.79166
891.61 131.625 97.333 0.0 34.29166
892.72 -45.375 -71.167 0.0 25.79166
893.84 -74.875 -71.667 0.0 -3.20834
894.95 -84.375 -80.667 0.0 -3.70834
896.07 25.125 20.833 0.0 4.29167
897.18 159.625 147.833 0.0 11.79167
898.3 -98.875 -53.167 0.0 -45.70833
899.41 294.625 274.833 0.0 19.79166
900.53 138.125 120.333 0.0 17.79166
901.64 234.125 219.833 0.0 14.29167
902.75 133.125 53.833 0.0 79.29167
903.87 11.125 -10.667 0.0 21.79167
904.98 186.625 149.833 0.0 36.79167
906.09 101.625 22.833 0.0 78.79167
907.21 171.625 145.833 0.0 25.79167
908.32 66.625 28.333 0.0 38.29167
909.43 297.625 272.333 0.0 25.29166
910.54 136.125 127.833 0.0 8.29166
911.66 549.125 540.333 0.0 8.79169
912.77 40.625 -1.667 0.0 42.29167
913.88 155.625 150.833 0.0 4.79167
914.99 26.125 -48.167 0.0 74.29167
916.1 152.125 135.833 0.0 16.29167
917.22 21.625 -30.167 0.0 51.79167
918.33 331.125 289.833 0.0 41.29166
919.44 88.125 76.833 0.0 11.29166
920.55 407.625 358.833 0.0 48.79166
921.66 181.625 200.333 0.0 -18.70833
922.77 203.625 207.333 0.0 -3.70833
923.88 345.625 300.833 0.0 44.79166
924.99 145.625 142.333 0.0 3.29167
926.1 -51.875 -86.167 0.0 34.29166
927.21 349.625 317.833 0.0 31.79166
928.32 -123.875 -121.167 0.0 -2.70834
929.43 107.625 60.833 0.0 46.79167
930.54 48.625 23.833 0.0 24.79167
931.65 81.625 82.333 0.0 -0.70834
932.76 166.125 184.333 0.0 -18.20833
933.86 118.125 93.333 0.0 24.79166
934.97 8.625 22.833 0.0 -14.20833
936.08 58.625 4.833 0.0 53.79167
937.19 295.125 312.833 0.0 -17.70834
938.3 176.625 227.833 0.0 -51.20833
939.4 298.125 293.333 0.0 4.79166
940.51 101.625 69.333 0.0 32.29166
941.62 168.125 193.833 0.0 -25.70833
942.73 562.125 508.833 0.0 53.29166
943.83 125.125 125.833 0.0 -0.70834
944.94 182.125 151.833 0.0 30.29167
946.05 -104.375 -150.667 0.0 46.29167
947.15 -60.375 -68.667 0.0 8.29166
948.26 44.125 64.833 0.0 -20.70834
949.36 8.125 -1.167 0.0 9.29167
950.47 128.625 121.333 0.0 7.29166
951.57 421.125 369.833 0.0 51.29166
952.68 235.625 229.333 0.0 6.29167
953.79 230.625 217.833 0.0 12.79167
954.89 7.125 8.833 0.0 -1.70833
955.99 173.625 167.333 0.0 6.29167
957.1 69.625 40.333 0.0 29.29167
958.2 120.625 76.333 0.0 44.29166
959.31 240.125 203.333 0.0 36.79167
960.41 26.625 28.333 0.0 -1.70833
961.52 -33.875 -30.667 0.0 -3.20833
962.62 198.125 175.833 0.0 22.29167
963.72 -94.375 -80.667 0.0 -13.70834
964.83 -129.375 -124.667 0.0 -4.70834
965.93 176.625 112.833 0.0 63.79166
967.03 351.125 271.333 0.0 79.79166
968.13 182.625 208.333 0.0 -25.70833
969.24 43.125 8.833 0.0 34.29167
970.34 20.625 31.333 0.0 -10.70833
971.44 26.625 52.333 0.0 -25.70833
972.54 167.125 141.833 0.0 25.29167
973.64 33.625 5.333 0.0 28.29167
974.75 495.125 435.833 0.0 59.29166
975.85 1716.125 1647.833 0.0 68.29163
976.95 -12.375 7.333 0.0 -19.70833
978.05 265.125 203.333 0.0 61.79167
979.15 511.125 433.833 0.0 77.29166
980.25 7.125 2.833 0.0 4.29167
981.35 57.125 60.333 0.0 -3.20833
982.45 441.625 410.333 0.0 31.29166
983.55 186.625 186.833 0.0 -0.20833
984.65 183.125 138.833 0.0 44.29167
985.75 269.625 309.833 0.0 -40.20834
986.85 179.125 180.333 0.0 -1.20833
987.95 43.125 14.833 0.0 28.29167
989.05 361.625 361.833 0.0 -0.20834
990.15 298.625 271.833 0.0 26.79166
991.25 187.625 124.833 0.0 62.79166
992.34 345.125 347.833 0.0 -2.70834
993.44 164.625 140.833 0.0 23.79167
994.54 162.625 111.833 0.0 50.79166
995.64 299.125 309.833 0.0 -10.70834
996.74 415.125 351.833 0.0 63.29166
997.83 -46.875 -49.167 0.0 2.29167
998.93 99.625 76.333 0.0 23.29166
1000.03 642.125 590.833 0.0 51.29169
1001.12 329.125 353.833 0.0 -24.70834
1002.22 375.125 315.333 0.0 59.79166
1003.32 84.125 64.833 0.0 19.29166
1004.41 179.625 125.333 0.0 54.29166
1005.51 151.125 120.833 0.0 30.29166
1006.6 60.625 6.333 0.0 54.29167
1007.7 302.625 306.833 0.0 -4.20834
1008.8 -42.875 -47.667 0.0 4.79167
1009.89 246.125 235.333 0.0 10.79167
1010.99 195.625 114.333 0.0 81.29166
1012.08 -28.875 -29.167 0.0 0.29167
1013.18 160.125 126.833 0.0 33.29166
1014.27 81.625 47.333 0.0 34.29167
1015.36 94.625 64.833 0.0 29.79166
1016.46 157.625 124.833 0.0 32.79166
1017.55 -55.875 -38.167 0.0 -17.70833
1018.65 193.125 151.833 0.0 41.29167
1019.74 285.125 258.833 0.0 26.29166
1020.83 178.625 177.833 0.0 0.79167
1021.93 119.625 91.833 0.0 27.79166
1023.02 -6.375 -45.667 0.0 39.29167
1024.11 -5.875 -60.167 0.0 54.29167
1025.2 -36.875 -58.167 0.0 21.29167
1026.3 182.625 189.833 0.0 -7.20833
1027.39 271.125 250.833 0.0 20.29167
1028.48 235.625 163.333 0.0 72.29167
1029.57 153.125 104.333 0.0 48.79166
1030.66 165.625 198.333 0.0 -32.70833
1031.75 693.125 757.333 0.0 -64.20831
1032.84 239.125 241.333 0.0 -2.20833
1033.94 -9.375 -37.167 0.0 27.79167
1035.03 343.125 296.333 0.0 46.79166
1036.12 -72.875 -58.667 0.0 -14.20833
1037.21 -28.875 -21.667 0.0 -7.20833
1038.3 205.125 213.833 0.0 -8.70833
1039.39 -19.375 16.833 0.0 -36.20833
1040.48 205.625 156.833 0.0 48.79167
1041.57 247.625 235.333 0.0 12.29167
1042.66 159.625 153.833 0.0 5.79167
1043.74 217.625 184.833 0.0 32.79167
1044.83 210.625 192.833 0.0 17.79167
1045.92 -47.375 -67.167 0.0 19.79166
1047.01 253.625 249.333 0.0 4.29167
1048.1 -23.375 -79.167 0.0 55.79166
1049.19 184.625 144.833 0.0 39.79167
1050.27 107.125 105.333 0.0 1.79166
1051.36 90.125 41.833 0.0 48.29167
1052.45 222.625 197.333 0.0 25.29167
1053.54 140.625 131.333 0.0 9.29167
1054.62 210.625 203.333 0.0 7.29167
1055.71 166.625 181.833 0.0 -15.20833
1056.8 289.125 261.833 0.0 27.29166
1057.88 99.125 105.333 0.0 -6.20834
1058.97 159.125 165.833 0.0 -6.70833
1060.06 421.125 360.833 0.0 60.29166
1061.14 130.625 99.333 0.0 31.29166
1062.23 843.125 781.333 0.0 61.79169
1063.31 230.625 185.333 0.0 45.29167
1064.4 69.625 66.333 0.0 3.29166
1065.48 201.625 148.333 0.0 53.29167
1066.57 115.125 79.833 0.0 35.29166
1067.65 250.125 210.833 0.0 39.29167
1068.74 122.125 58.333 0.0 63.79167
1069.82 195.125 209.833 0.0 -14.70833
1070.9 1118.125 1117.333 0.0 0.79163
1071.99 219.125 198.833 0.0 20.29167
1073.07 179.125 154.833 0.0 24.29167
1074.15 242.625 187.833 0.0 54.79167
1075.24 177.625 193.833 0.0 -16.20833
1076.32 247.125 239.333 0.0 7.79167
1077.4 469.625 478.833 0.0 -9.20834
1078.49 81.625 43.333 0.0 38.29167
1079.57 279.125 275.333 0.0 3.79166
1080.65 427.625 398.333 0.0 29.29166
1081.73 153.625 114.833 0.0 38.79166
1082.81 36.625 -13.167 0.0 49.79167
1083.89 193.125 227.833 0.0 -34.70833
1084.98 289.625 212.833 0.0 76.79167
1086.06 3.125 48.333 0.0 -45.20833
1087.14 13.625 25.333 0.0 -11.70833
1088.22 129.125 168.833 0.0 -39.70833
1089.3 12.625 -23.167 0.0 35.79167
1090.38 533.625 484.333 0.0 49.29166
1091.46 233.625 224.333 0.0 9.29167
1092.54 82.625 71.833 0.0 10.79166
1093.62 147.125 116.833 0.0 30.29166
1094.7 39.125 23.333 0.0 15.79167
1095.78 122.125 119.333 0.0 2.79166
1096.86 195.125 153.833 0.0 41.29167
1097.93 594.625 515.333 0.0 79.29169
1099.01 311.625 321.833 0.0 -10.20834
1100.09 117.125 49.333 0.0 67.79167
