196.55 902.679 761.821 0.0 140.85815
197.76 1162.809 1093.025 0.0 69.78369
198.96 1077.57 985.012 0.0 92.55823
200.16 797.502 581.091 0.0 216.41138
201.36 1367.625 1163.156 0.0 204.46887
202.56 1046.624 784.303 0.0 262.32068
203.76 794.951 678.505 0.0 116.44543
204.96 863.777 771.707 0.0 92.07019
206.16 681.598 516.771 0.0 164.82697
207.36 1071.076 882.65 0.0 188.42621
208.56 832.04 712.047 0.0 119.99298
209.76 628.934 494.67 0.0 134.26456
210.96 770.398 658.067 0.0 112.33124
212.16 1610.903 1523.852 0.0 87.05115
213.36 1046.091 852.632 0.0 193.45892
214.56 867.537 689.841 0.0 177.69647
215.76 1477.951 1375.505 0.0 102.44543
216.96 1224.242 1046.457 0.0 177.78516
218.16 863.28 760.413 0.0 102.8667
219.35 691.113 537.253 0.0 153.85956
220.55 814.851 656.266 0.0 158.58514
221.75 798.35 599.913 0.0 198.43689
222.95 1251.501 1045.238 0.0 206.26306
224.15 1018.761 792.372 0.0 226.3894
225.35 783.791 643.836 0.0 139.95459
226.55 723.366 567.249 0.0 156.11774
227.75 1154.001 1002.238 0.0 151.76312
228.94 1004.434 852.17 0.0 152.26453
230.14 904.233 686.113 0.0 218.12061
231.34 763.779 595.56 0.0 168.21851
232.54 700.017 581.573 0.0 118.44397
233.74 710.988 619.461 0.0 91.52698
234.93 778.552 597.323 0.0 181.22913
236.13 838.629 707.589 0.0 131.04047
237.33 924.581 680.435 0.0 244.14612
238.53 757.59 583.279 0.0 174.31067
239.72 1144.047 1033.538 0.0 110.50916
240.92 560.449 445.152 0.0 115.29718
242.12 1038.755 859.733 0.0 179.0213
243.31 703.099 557.624 0.0 145.47522
244.51 603.794 458.542 0.0 145.2511
245.71 1107.382 956.231 0.0 151.15045
246.9 1363.294 1239.042 0.0 124.2511
248.1 913.443 740.514 0.0 172.92914
249.3 801.384 698.437 0.0 102.9469
250.49 781.518 683.426 0.0 98.09222
251.69 963.987 769.608 0.0 194.37872
252.89 835.728 683.327 0.0 152.40076
254.08 573.934 424.67 0.0 149.26456
255.28 880.712 696.992 0.0 183.71991
256.47 555.83 398.646 0.0 157.18445
257.67 989.723 828.415 0.0 161.3078
258.86 1083.456 875.29 0.0 208.16528
260.06 825.645 632.924 0.0 192.72131
261.26 1195.144 1087.071 0.0 108.07312
262.45 867.01 707.582 0.0 159.42773
263.65 541.101 422.83 0.0 118.27167
264.84 966.152 797.562 0.0 168.58942
266.04 668.728 527.327 0.0 141.40076
267.23 523.474 380.332 0.0 143.14261
268.42 658.248 525.095 0.0 133.15326
269.62 907.718 707.63 0.0 200.08801
270.81 866.292 695.189 0.0 171.10284
272.01 791.263 686.078 0.0 105.18585
273.2 921.042 845.753 0.0 75.28943
274.4 532.123 433.45 0.0 98.67242
275.59 969.981 801.97 0.0 168.01068
276.78 919.427 625.178 0.0 294.24829
277.98 725.929 588.384 0.0 137.54474
279.17 824.561 656.668 0.0 167.89362
280.37 726.819 618.222 0.0 108.5965
281.56 536.839 356.99 0.0 179.84897
282.75 670.022 358.858 0.0 311.16385
283.95 705.086 585.847 0.0 119.23907
285.14 757.832 613.352 0.0 144.4809
286.33 576.168 453.898 0.0 122.27023
287.52 816.535 688.262 0.0 128.27313
288.72 901.087 802.7 0.0 98.38727
289.91 1173.361 1057.463 0.0 115.89795
291.1 911.405 749.058 0.0 162.34753
292.29 812.353 653.619 0.0 158.73334
293.49 800.683 673.88 0.0 126.80286
294.68 617.376 494.946 0.0 122.43051
295.87 679.614 551.606 0.0 128.00781
297.06 893.608 719.968 0.0 173.63977
298.26 386.34 273.343 0.0 112.99722
299.45 724.599 556.124 0.0 168.47522
300.64 761.851 571.266 0.0 190.58514
301.83 774.279 590.56 0.0 183.71851
303.02 652.963 495.782 0.0 157.18158
304.21 966.888 790.869 0.0 176.01843
305.4 768.978 632.264 0.0 136.71423
306.59 798.83 671.146 0.0 127.68445
307.79 760.89 553.075 0.0 207.81488
308.98 551.233 449.613 0.0 101.62064
310.17 996.318 736.849 0.0 259.4696
311.36 681.276 582.481 0.0 98.7951
312.55 1260.619 1106.518 0.0 154.10083
313.74 585.369 414.955 0.0 170.41425
314.93 944.04 747.047 0.0 196.99298
316.12 718.383 524.084 0.0 194.29865
317.31 438.138 285.933 0.0 152.20502
318.5 583.369 380.955 0.0 202.41425
319.69 754.526 597.917 0.0 156.60858
320.88 727.173 495.683 0.0 231.49011
322.07 594.541 421.4 0.0 173.1412
323.26 600.486 411.755 0.0 188.7305
324.45 444.839 271.99 0.0 172.84897
325.64 780.802 533.887 0.0 246.91565
326.83 868.405 724.558 0.0 143.84753
328.01 700.577 488.503 0.0 212.07452
329.2 922.39 729.075 0.0 193.31488
330.39 690.108 542.968 0.0 147.13977
331.58 576.593 391.985 0.0 184.60715
332.77 1063.875 824.093 0.0 239.78235
333.96 389.265 356.931 0.0 32.33411
335.15 568.562 341.02 0.0 227.5419
336.33 576.593 342.485 0.0 234.10715
337.52 690.839 486.49 0.0 204.34897
338.71 641.57 448.012 0.0 193.55817
339.9 519.222 463.189 0.0 56.03265
341.08 578.079 495.356 0.0 82.72278
342.27 857.182 656.527 0.0 200.6546
343.46 955.046 737.685 0.0 217.36102
344.65 859.546 623.685 0.0 235.86102
345.83 959.031 727.703 0.0 231.32837
347.02 519.777 306.207 0.0 213.57022
348.21 895.748 709.095 0.0 186.65326
349.4 505.674 390.036 0.0 115.63834
350.58 584.662 523.759 0.0 60.90222
351.77 502.988 411.961 0.0 91.02698
352.96 446.121 250.597 0.0 195.52414
354.14 702.958 456.996 0.0 245.96173
355.33 574.599 327.624 0.0 246.97519
356.51 452.758 247.792 0.0 204.96603
357.7 630.327 472.566 0.0 157.76108
358.89 509.317 320.369 0.0 188.94827
360.07 855.005 674.297 0.0 180.70789
361.26 910.315 745.79 0.0 164.52496
362.44 678.854 470.099 0.0 208.75473
363.63 531.982 415.95 0.0 116.03201
364.81 599.521 406.259 0.0 193.26181
366.0 413.602 231.309 0.0 182.29303
367.18 1236.152 1015.542 0.0 220.61066
368.37 582.658 342.327 0.0 240.3306
369.55 755.918 546.961 0.0 208.95679
370.74 820.664 602.965 0.0 217.69861
371.92 993.792 849.816 0.0 143.97595
373.11 484.928 370.158 0.0 114.76962
374.29 506.967 285.967 0.0 220.99942
375.48 630.091 385.259 0.0 244.83203
376.66 492.687 341.939 0.0 150.74759
377.84 855.658 709.827 0.0 145.83063
379.03 538.925 334.452 0.0 204.47314
380.21 381.121 223.724 0.0 157.39726
381.39 294.106 166.241 0.0 127.86464
382.58 825.052 584.45 0.0 240.60217
383.76 1081.051 852.097 0.0 228.95392
384.94 1145.865 832.022 0.0 313.84265
386.13 466.92 315.167 0.0 151.7533
387.31 648.538 429.32 0.0 219.2178
388.49 531.994 349.226 0.0 182.76816
389.68 704.478 492.391 0.0 212.08734
390.86 624.47 449.899 0.0 174.57098
392.04 936.342 718.549 0.0 217.79364
393.22 578.47 312.399 0.0 266.07098
394.41 543.487 307.235 0.0 236.25186
395.59 381.097 111.897 0.0 269.20007
396.77 670.977 348.038 0.0 322.93909
397.95 667.537 385.467 0.0 282.06961
399.13 840.857 528.531 0.0 312.32629
400.31 549.838 290.116 0.0 259.72205
401.5 741.807 482.299 0.0 259.50861
402.68 790.106 518.241 0.0 271.86462
403.86 564.232 307.386 0.0 256.84546
405.04 904.312 592.084 0.0 312.22845
406.22 558.568 220.785 0.0 337.78305
407.4 897.803 527.74 0.0 370.06384
408.58 882.934 623.796 0.0 259.1377
409.76 989.083 680.768 0.0 308.31567
410.94 756.97 424.399 0.0 332.57098
412.12 735.864 353.169 0.0 382.6944
413.3 696.903 297.478 0.0 399.42416
414.48 622.768 253.489 0.0 369.27881
415.66 664.305 288.093 0.0 376.2121
416.84 1250.649 819.483 0.0 431.16608
418.02 816.143 414.845 0.0 401.29797
419.2 692.156 260.974 0.0 431.18234
420.38 827.344 367.402 0.0 459.94189
421.56 776.947 302.573 0.0 474.37384
422.74 1155.688 762.292 0.0 393.39581
423.92 1045.455 625.917 0.0 419.53839
425.1 872.268 358.489 0.0 513.77881
426.28 778.438 328.729 0.0 449.70929
427.46 1447.565 917.226 0.0 530.33838
428.63 952.259 402.145 0.0 550.11423
429.81 1010.08 476.209 0.0 533.87094
430.99 1004.551 487.597 0.0 516.95401
432.17 1310.267 801.636 0.0 508.63049
433.35 1075.409 554.117 0.0 521.29224
434.52 667.273 161.275 0.0 505.99866
435.7 920.498 269.158 0.0 651.33975
436.88 1072.522 566.985 0.0 505.53693
438.06 1020.169 358.251 0.0 661.91849
439.23 891.641 242.492 0.0 649.14972
440.41 1081.243 432.31 0.0 648.93335
441.59 1222.351 567.893 0.0 654.45819
442.77 901.34 205.343 0.0 695.99722
443.94 1307.119 544.518 0.0 762.60083
445.12 1263.775 586.128 0.0 677.64685
446.3 1469.515 710.994 0.0 758.52069
447.47 1313.835 499.557 0.0 814.27737
448.65 1407.499 506.511 0.0 900.98801
449.82 1170.499 323.511 0.0 846.98801
451.0 1310.589 348.053 0.0 962.53555
452.18 1229.155 339.121 0.0 890.03406
453.35 1346.992 386.02 0.0 960.97165
454.53 1483.633 410.647 0.0 1072.98514
455.7 1269.7 191.568 0.0 1078.132
456.88 1799.595 656.691 0.0 1142.90363
458.05 1638.812 421.584 0.0 1217.22845
459.23 1458.551 207.097 0.0 1251.45393
460.4 1735.992 396.52 0.0 1339.47165
461.58 1820.722 525.689 0.0 1295.03265
462.75 1663.275 200.128 0.0 1463.14685
463.93 1876.223 414.042 0.0 1462.18091
465.1 1832.918 330.461 0.0 1502.45682
466.28 1740.631 54.294 0.0 1686.33688
467.45 1752.492 59.02 0.0 1693.47166
468.63 2126.82 336.575 0.0 1790.24481
469.8 2405.424 601.599 0.0 1803.82489
470.97 2092.439 259.082 0.0 1833.3576
472.15 2387.467 383.341 0.0 2004.12625
473.32 2514.131 527.294 0.0 1986.83685
474.49 2698.811 657.731 0.0 2041.0802
475.67 2537.146 325.777 0.0 2211.36957
476.84 2427.393 187.781 0.0 2239.61153
478.01 2734.267 480.636 0.0 2253.63062
479.19 2696.563 306.873 0.0 2389.69
480.36 2787.55 256.744 0.0 2530.80582
481.53 2967.991 389.667 0.0 2578.32355
482.7 2946.616 295.812 0.0 2650.8042
483.88 2939.414 171.402 0.0 2768.01207
485.05 2994.595 232.691 0.0 2761.90364
486.22 3224.719 353.483 0.0 2871.2363
487.39 3196.368 202.602 0.0 2993.76599
488.56 3310.752 360.154 0.0 2950.59793
489.74 3650.079 654.856 0.0 2995.22272
490.91 3325.355 223.325 0.0 3102.0298
492.08 3491.252 305.154 0.0 3186.09793
493.25 3434.071 214.365 0.0 3219.70636
494.42 3661.287 343.404 0.0 3317.88293
495.59 3675.922 309.893 0.0 3366.02841
496.76 3665.066 295.079 0.0 3369.98651
497.93 3945.572 418.718 0.0 3526.85461
499.1 3980.675 418.889 0.0 3561.78647
500.27 4320.28 714.913 0.0 3605.36682
501.44 4454.542 807.753 0.0 3646.78925
502.61 3977.363 330.816 0.0 3646.54614
503.78 4239.331 490.499 0.0 3748.83252
504.95 4693.699 846.215 0.0 3847.48376
506.12 4432.824 475.507 0.0 3957.31641
507.29 4285.586 240.347 0.0 4045.23929
508.46 4041.347 -14.666 0.0 4056.01345
509.63 4987.848 849.834 0.0 4138.01367
510.8 5086.751 825.301 0.0 4261.44995
511.97 4701.908 371.764 0.0 4330.14398
513.14 4564.278 176.56 0.0 4387.71834
514.31 5051.929 534.884 0.0 4517.04474
515.48 4911.413 369.049 0.0 4542.36407
516.65 4870.639 268.286 0.0 4602.35349
517.81 4985.272 206.422 0.0 4778.85023
518.98 5205.93 443.737 0.0 4762.19278
520.15 4955.599 145.624 0.0 4809.97501
521.32 5446.504 462.797 0.0 4983.70773
522.49 6118.167 1082.545 0.0 5035.62183
523.65 6076.369 778.955 0.0 5297.414
524.82 5713.646 420.277 0.0 5293.36957
525.99 5544.659 83.053 0.0 5461.60577
527.16 6166.785 486.698 0.0 5680.08643
528.32 6224.713 443.345 0.0 5781.36795
529.49 6113.497 297.805 0.0 5815.69162
530.66 6159.598 19.271 0.0 6140.32701
531.82 6232.833 161.704 0.0 6071.129
532.99 6541.414 215.402 0.0 6326.01207
534.16 6748.048 310.391 0.0 6437.65732
535.32 7349.346 588.981 0.0 6760.36517
536.49 7035.592 162.485 0.0 6873.1069
537.65 7745.154 700.768 0.0 7044.38568
538.82 7534.892 162.928 0.0 7371.96327
539.99 7990.817 413.869 0.0 7576.9483
541.15 8228.744 571.163 0.0 7657.58136
542.32 8169.055 99.529 0.0 8069.52542
543.48 9059.711 522.139 0.0 8537.57196
544.65 9341.016 712.72 0.0 8628.29547
545.81 10258.779 1004.413 0.0 9254.36633
546.98 9885.987 398.108 0.0 9487.87903
548.14 10438.279 576.913 0.0 9861.36633
549.31 10504.361 195.963 0.0 10308.39789
550.47 10905.823 274.007 0.0 10631.81592
551.63 11493.772 687.922 0.0 10805.85071
552.8 11421.266 309.783 0.0 11111.48215
553.96 11834.123 236.45 0.0 11597.67278
555.13 12379.07 260.512 0.0 12118.55859
556.29 13070.748 650.095 0.0 12420.65295
557.45 12647.207 155.707 0.0 12491.50034
558.62 13208.436 362.023 0.0 12846.41287
559.78 13883.487 505.108 0.0 13378.37903
560.94 13742.928 307.531 0.0 13435.39627
562.11 14291.621 196.597 0.0 14095.0238
563.27 14469.682 55.027 0.0 14414.65457
564.43 14621.974 -3.521 0.0 14625.49484
565.59 15097.112 134.253 0.0 14962.85921
566.76 15486.646 219.777 0.0 15266.86957
567.92 16188.232 429.26 0.0 15758.97275
569.08 16659.771 540.569 0.0 16119.2027
570.24 16660.424 228.246 0.0 16432.17764
571.4 17023.615 94.459 0.0 16929.15619
572.57 17393.986 225.755 0.0 17168.23103
573.73 17451.406 46.058 0.0 17405.34846
574.89 18210.188 220.165 0.0 17990.02219
576.05 18762.102 365.33 0.0 18396.77197
577.21 18786.07 80.365 0.0 18705.70563
578.37 18945.943 2.514 0.0 18943.42945
579.53 19557.592 157.132 0.0 19400.4594
580.69 20182.025 407.064 0.0 19774.961
581.85 20086.211 239.492 0.0 19846.71898
583.01 20755.107 280.968 0.0 20474.13959
584.17 21164.885 302.937 0.0 20861.94766
585.33 21284.658 377.553 0.0 20907.1048
586.49 21519.795 210.895 0.0 21308.89952
587.65 22251.287 405.904 0.0 21845.38293
588.81 22360.533 351.556 0.0 22008.9776
589.97 22919.205 660.501 0.0 22258.70435
591.13 22632.549 233.744 0.0 22398.80484
592.29 22999.629 192.589 0.0 22807.04039
593.45 23264.867 145.102 0.0 23119.7655
594.61 23206.908 149.764 0.0 23057.14445
595.77 23503.189 90.018 0.0 23413.17116
596.93 23710.512 26.788 0.0 23683.72384
598.09 24125.676 250.389 0.0 23875.28696
599.24 24116.383 98.084 0.0 24018.29868
600.4 24669.795 213.895 0.0 24455.89952
601.56 24515.227 121.474 0.0 24393.75216
602.72 25166.105 263.115 0.0 24902.99063
603.87 25281.492 370.394 0.0 24911.09866
605.03 25270.605 49.115 0.0 25221.49062
606.19 25299.785 86.051 0.0 25213.73395
607.35 25413.129 -67.411 0.0 25480.54039
608.5 25891.316 405.516 0.0 25485.80029
609.66 26276.838 647.637 0.0 25629.20111
610.82 25750.025 79.417 0.0 25670.60804
611.97 25973.248 52.595 0.0 25920.65295
613.13 26171.158 453.7 0.0 25717.45776
614.29 26553.047 349.538 0.0 26203.50882
615.44 26796.898 410.067 0.0 26386.83188
616.6 26330.719 48.63 0.0 26282.08854
617.76 26686.793 382.542 0.0 26304.25055
618.91 27094.0 398.238 0.0 26695.76227
620.07 27146.518 475.573 0.0 26670.94443
621.22 26957.883 -46.916 0.0 27004.79869
622.38 27960.248 707.595 0.0 27252.65295
623.53 27173.615 15.959 0.0 27157.65619
624.69 27274.846 24.628 0.0 27250.21769
625.84 27572.771 105.569 0.0 27467.20272
627.0 28110.58 260.209 0.0 27850.37119
628.15 27868.613 -12.394 0.0 27881.00721
629.31 28024.967 295.341 0.0 27729.62625
630.46 28122.436 -22.977 0.0 28145.41286
631.61 28254.973 222.626 0.0 28032.34683
632.77 28660.959 171.849 0.0 28489.10966
633.92 28932.107 296.968 0.0 28635.13959
635.08 29295.02 629.779 0.0 28665.24042
636.23 28968.428 188.531 0.0 28779.89627
637.38 29023.674 -21.464 0.0 29045.13798
638.54 29983.422 459.393 0.0 29524.02866
639.69 30072.867 577.749 0.0 29495.11847
640.84 30049.477 305.982 0.0 29743.49481
641.99 30140.18 12.486 0.0 30127.69379
643.15 30728.385 602.49 0.0 30125.89471
644.3 30447.09 67.494 0.0 30379.59566
645.45 30717.295 -53.502 0.0 30770.7966
646.6 31096.498 544.002 0.0 30552.49561
647.75 31227.703 106.007 0.0 31121.69651
648.91 31061.408 -139.989 0.0 31201.39745
650.06 31867.113 123.015 0.0 31744.09838
651.21 32433.316 301.519 0.0 32131.79736
652.36 32377.521 274.023 0.0 32103.49829
653.51 32762.227 28.527 0.0 32733.69923
654.66 32929.43 163.531 0.0 32765.89821
655.81 34009.637 345.036 0.0 33664.6011
656.96 33690.84 16.54 0.0 33674.30008
658.11 33873.043 268.044 0.0 33604.99905
659.27 34148.25 321.548 0.0 33826.70193
660.42 34180.953 29.052 0.0 34151.90093
661.57 34462.16 263.056 0.0 34199.10382
662.72 35039.363 -114.94 0.0 35154.3028
663.87 35084.066 -90.935 0.0 35175.00178
665.01 35578.273 168.569 0.0 35409.70467
666.16 35891.477 -43.927 0.0 35935.40364
667.31 36655.18 -31.423 0.0 36686.60263
668.46 37687.387 498.581 0.0 37188.80551
669.61 37823.09 100.085 0.0 37723.00449
670.76 38675.297 -14.411 0.0 38689.70738
671.91 39977.0 512.094 0.0 39464.90637
673.06 39737.203 332.098 0.0 39405.10535
674.21 39593.41 -119.898 0.0 39713.30823
675.35 40032.613 171.606 0.0 39861.00722
676.5 40331.316 147.11 0.0 40184.20619
677.65 40536.523 -37.386 0.0 40573.90908
678.8 40849.227 -131.882 0.0 40981.10806
679.94 42369.934 31.623 0.0 42338.31095
681.09 43525.637 188.627 0.0 43337.00993
682.24 44534.84 283.631 0.0 44251.20892
683.39 45080.547 -30.865 0.0 45111.4118
684.53 45914.25 345.139 0.0 45569.11078
685.68 46251.453 81.143 0.0 46170.30976
686.83 46761.16 198.648 0.0 46562.51265
687.97 47265.863 191.152 0.0 47074.71162
689.12 47670.57 146.656 0.0 47523.91452
690.27 47665.273 58.16 0.0 47607.1135
691.41 48774.977 318.664 0.0 48456.31247
692.56 48948.684 237.168 0.0 48711.51537
693.7 49437.387 247.672 0.0 49189.71434
694.85 49857.594 -37.323 0.0 49894.91723
695.99 49729.797 228.681 0.0 49501.11621
697.14 50524.0 110.185 0.0 50413.81519
698.28 50965.207 190.689 0.0 50774.51808
699.43 51721.91 239.193 0.0 51482.71707
700.57 51137.113 -140.803 0.0 51277.91605
701.72 52245.32 -60.299 0.0 52305.61893
702.86 52695.023 -131.794 0.0 52826.81792
704.01 52927.23 -26.79 0.0 52954.0208
705.15 54192.934 267.214 0.0 53925.71979
706.29 53989.137 45.718 0.0 53943.41876
707.44 54803.344 127.222 0.0 54676.12165
708.58 54230.047 -130.774 0.0 54360.82063
709.72 55803.75 414.23 0.0 55389.51962
710.87 54894.457 -161.765 0.0 55056.2225
712.01 55951.16 -65.761 0.0 56016.92148
713.15 56068.867 143.743 0.0 55925.12437
714.3 58048.07 207.247 0.0 57840.82335
715.44 58013.773 -18.749 0.0 58032.52233
716.58 58095.48 138.255 0.0 57957.22522
717.72 58449.184 25.259 0.0 58423.9242
718.87 58419.887 115.264 0.0 58304.62318
720.01 59510.094 73.768 0.0 59436.32607
721.15 58880.297 -87.728 0.0 58968.02505
722.29 59648.504 189.276 0.0 59459.22794
723.43 60113.207 283.78 0.0 59829.42691
724.57 59639.41 254.284 0.0 59385.1259
725.72 60447.117 118.788 0.0 60328.32878
726.86 60476.82 510.793 0.0 59966.02777
728.0 60926.523 116.797 0.0 60809.72675
729.14 60656.23 -36.199 0.0 60692.42963
730.28 61970.434 358.305 0.0 61612.1286
731.42 61187.641 -48.691 0.0 61236.3315
732.56 62662.344 511.813 0.0 62150.53049
733.7 62032.047 175.817 0.0 61856.22946
734.84 62491.254 -128.678 0.0 62619.93236
735.98 62954.457 106.826 0.0 62847.63133
737.12 62660.16 -73.17 0.0 62733.33031
738.26 63371.867 -17.666 0.0 63389.5332
739.4 63586.07 118.838 0.0 63467.23219
740.53 64027.777 241.842 0.0 63785.93507
741.67 63866.48 124.346 0.0 63742.13405
742.81 63529.684 -137.149 0.0 63666.83304
743.95 64287.391 204.855 0.0 64082.53592
745.09 64288.094 -66.641 0.0 64354.7349
746.23 64288.797 241.863 0.0 64046.93388
747.36 64289.504 239.867 0.0 64049.63676
748.5 64286.707 -70.129 0.0 64356.83575
749.64 64290.914 -9.125 0.0 64300.03864
750.78 64291.617 -53.62 0.0 64345.23762
751.92 64292.32 -13.116 0.0 64305.4366
753.05 64192.527 67.388 0.0 64125.13949
754.19 64293.73 402.892 0.0 63890.83847
755.33 64294.438 -150.604 0.0 64445.04135
756.46 64295.141 96.4 0.0 64198.74033
757.6 64295.844 -14.096 0.0 64309.93932
758.74 64296.551 354.409 0.0 63942.14221
759.87 63998.754 140.913 0.0 63857.84119
761.01 64297.957 108.917 0.0 64189.04017
762.14 63690.664 100.921 0.0 63589.74305
763.28 64277.867 263.925 0.0 64013.94205
764.41 64026.574 107.929 0.0 63918.64492
765.55 63624.277 -149.067 0.0 63773.3439
766.69 63904.98 137.938 0.0 63767.04288
767.82 63197.688 169.942 0.0 63027.74577
768.95 63197.391 -85.054 0.0 63282.44475
770.09 63362.594 443.95 0.0 62918.64374
771.22 63290.301 490.954 0.0 62799.34662
772.36 62994.504 334.958 0.0 62659.54559
773.49 62410.211 282.462 0.0 62127.74847
774.63 61786.414 78.967 0.0 61707.44747
775.76 62160.117 24.471 0.0 62135.64645
776.89 61737.324 274.975 0.0 61462.34933
778.03 61380.527 199.479 0.0 61181.04832
779.16 61223.73 13.483 0.0 61210.2473
780.29 60969.938 162.487 0.0 60807.45018
781.43 60410.641 397.991 0.0 60012.64917
782.56 59988.348 166.996 0.0 59821.35205
783.69 59283.051 3.0 0.0 59280.05104
784.82 59819.254 118.504 0.0 59700.75002
785.96 58685.461 55.008 0.0 58630.4529
787.09 58320.664 157.512 0.0 58163.15189
788.22 57996.867 169.016 0.0 57827.85086
789.35 57851.074 7.02 0.0 57844.05375
790.48 57443.777 66.025 0.0 57377.75274
791.62 57670.984 336.029 0.0 57334.95563
792.75 55968.688 -27.967 0.0 55996.6546
793.88 56583.391 408.037 0.0 56175.35358
795.01 56655.598 188.041 0.0 56467.55647
796.14 55687.301 225.045 0.0 55462.25545
797.27 55032.504 310.049 0.0 54722.45444
798.4 55036.711 143.554 0.0 54893.15732
799.53 54981.914 -65.942 0.0 55047.8563
800.66 54918.121 128.562 0.0 54789.55919
801.79 55026.324 908.566 0.0 54117.75818
802.92 53934.027 112.57 0.0 53821.45715
804.05 53943.234 259.074 0.0 53684.16003
805.18 53387.938 162.578 0.0 53225.35902
806.31 53538.141 76.583 0.0 53461.558
807.44 52972.348 -49.413 0.0 53021.76089
808.57 52750.551 207.591 0.0 52542.95987
809.69 53261.758 173.595 0.0 53088.16275
810.82 52537.961 -165.901 0.0 52703.86174
811.95 52479.164 632.603 0.0 51846.56073
813.08 51943.871 51.607 0.0 51892.26361
814.21 52085.574 754.112 0.0 51331.46259
815.33 50977.781 136.616 0.0 50841.16548
816.46 50374.484 169.12 0.0 50205.36446
817.59 50321.688 511.124 0.0 49810.56345
818.72 49144.395 294.128 0.0 48850.26633
819.84 48660.098 572.132 0.0 48087.96533
820.97 48559.801 281.137 0.0 48278.66428
822.1 48085.008 404.141 0.0 47680.86719
823.22 47481.711 -33.355 0.0 47515.06615
824.35 47391.918 45.149 0.0 47346.76904
825.48 46282.621 357.653 0.0 45924.96802
826.6 46501.324 161.157 0.0 46340.16701
827.73 45865.531 -115.339 0.0 45980.86989
828.85 46162.234 129.665 0.0 46032.56888
829.98 46092.438 380.17 0.0 45712.26785
831.11 45311.645 9.174 0.0 45302.47074
832.23 45240.348 -8.322 0.0 45248.66972
833.36 44887.555 342.182 0.0 44545.37262
834.48 44445.258 148.186 0.0 44297.07159
835.6 44155.961 328.69 0.0 43827.27057
836.73 44032.668 -58.805 0.0 44091.47346
837.85 44255.871 321.199 0.0 43934.67242
838.98 43395.074 -143.797 0.0 43538.87141
840.1 43579.781 249.207 0.0 43330.57431
841.23 43409.484 221.711 0.0 43187.77328
842.35 43257.691 515.215 0.0 42742.4762
843.47 42520.895 70.719 0.0 42450.17516
844.6 42169.598 -46.776 0.0 42216.37414
845.72 42451.805 30.228 0.0 42421.57702
846.84 41878.008 44.232 0.0 41833.776
847.96 41872.711 6.736 0.0 41865.97499
849.09 41727.918 -65.76 0.0 41793.67787
850.21 41310.121 77.744 0.0 41232.37685
851.33 41619.828 183.748 0.0 41436.07974
852.45 41282.531 -51.247 0.0 41333.77872
853.57 41075.234 113.257 0.0 40961.97771
854.7 40966.441 -30.739 0.0 40997.18059
855.82 41371.145 -35.235 0.0 41406.37957
856.94 40583.848 231.269 0.0 40352.57855
858.06 39906.555 -145.727 0.0 40052.28145
859.18 40464.758 201.277 0.0 40263.48042
860.3 40456.465 125.282 0.0 40331.18331
861.42 39946.668 -130.714 0.0 40077.38229
862.54 39926.871 -136.71 0.0 40063.58127
863.66 40092.078 -41.206 0.0 40133.28416
864.78 39207.781 74.298 0.0 39133.48314
865.9 39504.988 129.802 0.0 39375.18604
867.02 40832.691 883.306 0.0 39949.38501
868.14 39966.895 552.811 0.0 39414.08398
869.26 38893.602 283.815 0.0 38609.78687
870.38 38498.305 -150.681 0.0 38648.98586
871.5 38334.008 -127.177 0.0 38461.18484
872.62 37688.715 -33.173 0.0 37721.88773
873.74 38416.418 390.331 0.0 38026.0867
874.85 37825.77 -48.167 0.0 37873.9362
875.97 36876.77 99.333 0.0 36777.4362
877.09 36806.27 215.833 0.0 36590.4362
878.21 37469.77 129.833 0.0 37339.9362
879.33 37135.27 90.833 0.0 37044.4362
880.44 36239.27 146.333 0.0 36092.9362
881.56 36574.27 -7.667 0.0 36581.9362
882.68 36898.77 157.333 0.0 36741.4362
883.79 36963.27 587.833 0.0 36375.43622
884.91 35783.27 -103.667 0.0 35886.9362
886.03 36680.77 267.333 0.0 36413.43619
887.14 36252.77 400.333 0.0 35852.43619
888.26 36838.27 435.833 0.0 36402.43619
889.38 37061.77 335.333 0.0 36726.43619
890.49 36652.77 -73.167 0.0 36725.9362
891.61 37060.27 154.833 0.0 36905.4362
892.72 37257.77 -38.167 0.0 37295.9362
893.84 38510.27 -95.667 0.0 38605.9362
894.95 38853.27 -107.667 0.0 38960.9362
896.07 38301.77 77.333 0.0 38224.4362
897.18 39107.77 205.333 0.0 38902.4362
898.3 39320.77 -80.667 0.0 39401.4362
899.41 39402.77 313.333 0.0 39089.43619
900.53 38353.77 175.833 0.0 38177.9362
901.64 38306.27 239.833 0.0 38066.4362
902.75 38624.77 109.333 0.0 38515.4362
903.87 37796.27 11.833 0.0 37784.4362
904.98 37403.77 189.833 0.0 37213.9362
906.09 37809.27 113.833 0.0 37695.4362
907.21 37081.27 184.833 0.0 36896.4362
908.32 36051.77 29.833 0.0 36021.9362
909.43 36491.77 388.333 0.0 36103.43619
910.54 36012.77 140.333 0.0 35872.4362
911.66 35843.27 675.833 0.0 35167.43622
912.77 34592.77 -25.167 0.0 34617.9362
913.88 34871.77 126.333 0.0 34745.4362
914.99 34650.77 -25.167 0.0 34675.9362
916.1 34089.77 142.333 0.0 33947.4362
917.22 33206.77 -37.167 0.0 33243.9362
918.33 33888.27 394.833 0.0 33493.43619
919.44 33306.77 117.833 0.0 33188.9362
920.55 32966.77 407.833 0.0 32558.93619
921.66 32361.271 227.333 0.0 32133.93816
922.77 32429.271 215.333 0.0 32213.93816
923.88 32337.771 408.333 0.0 31929.43814
924.99 31078.771 196.833 0.0 30881.93816
926.1 30444.271 -127.167 0.0 30571.43815
927.21 31302.771 442.333 0.0 30860.43814
928.32 29634.271 -120.667 0.0 29754.93815
929.43 28989.271 134.333 0.0 28854.93816
930.54 28936.271 23.833 0.0 28912.43815
931.65 29122.771 78.333 0.0 29044.43815
932.76 28548.771 185.333 0.0 28363.43816
933.86 27784.271 126.833 0.0 27657.43815
934.97 26723.271 35.833 0.0 26687.43815
936.08 25435.271 22.333 0.0 25412.93815
937.19 23959.771 443.833 0.0 23515.93814
938.3 22157.771 238.333 0.0 21919.43816
939.4 20361.271 393.333 0.0 19967.93814
940.51 18931.771 105.833 0.0 18825.93815
941.62 18353.771 288.833 0.0 18064.93814
942.73 17552.271 738.333 0.0 16813.93817
943.83 16555.771 188.833 0.0 16366.93816
944.94 16498.771 178.333 0.0 16320.43816
946.05 16201.771 -108.167 0.0 16309.93717
947.15 16358.271 -72.167 0.0 16430.43717
948.26 16805.771 84.833 0.0 16720.93815
949.36 17370.271 11.833 0.0 17358.43815
950.47 17924.771 190.833 0.0 17733.93816
951.57 18397.771 534.333 0.0 17863.43817
952.68 18363.271 282.833 0.0 18080.43814
953.79 19155.771 262.833 0.0 18892.93814
954.89 19364.271 4.833 0.0 19359.43815
955.99 19289.271 191.333 0.0 19097.93816
957.1 19328.271 49.333 0.0 19278.93815
958.2 20025.771 173.333 0.0 19852.43816
959.31 20838.271 260.833 0.0 20577.43814
960.41 20238.271 17.333 0.0 20220.93815
961.52 20330.271 -62.667 0.0 20392.93815
962.62 20895.271 256.833 0.0 20638.43814
963.72 20633.771 -126.667 0.0 20760.43815
964.83 20366.771 -121.667 0.0 20488.43815
965.93 20634.771 201.833 0.0 20432.93816
967.03 21032.771 431.333 0.0 20601.43814
968.13 20982.771 226.333 0.0 20756.43816
969.24 20331.771 67.833 0.0 20263.93815
970.34 20183.271 61.833 0.0 20121.43815
971.44 20131.271 35.333 0.0 20095.93815
972.54 20675.771 181.833 0.0 20493.93816
973.64 20397.271 44.333 0.0 20352.93815
974.75 20799.271 658.333 0.0 20140.93817
975.85 22036.771 2178.833 0.0 19857.93823
976.95 20011.771 32.333 0.0 19979.43815
978.05 20327.771 277.333 0.0 20050.43814
979.15 20101.271 556.833 0.0 19544.43817
980.25 18910.771 -20.167 0.0 18930.93815
981.35 18783.271 18.833 0.0 18764.43815
982.45 19264.271 533.833 0.0 18730.43817
983.55 18367.771 271.833 0.0 18095.93814
984.65 18130.771 212.333 0.0 17918.43816
985.75 18286.271 352.333 0.0 17933.93814
986.85 17999.771 228.333 0.0 17771.43816
987.95 17632.271 54.333 0.0 17577.93815
989.05 17399.271 531.333 0.0 16867.93817
990.15 17151.271 350.333 0.0 16800.93814
991.25 16945.771 212.333 0.0 16733.43816
992.34 17334.771 508.333 0.0 16826.43814
993.44 16695.771 228.333 0.0 16467.43816
994.54 16278.271 168.833 0.0 16109.43718
995.64 16047.271 427.333 0.0 15619.93716
996.74 16350.771 492.333 0.0 15858.43716
997.83 15623.771 -44.167 0.0 15667.93718
998.93 15405.771 139.333 0.0 15266.43718
1000.03 15605.771 766.333 0.0 14839.43719
1001.12 15144.271 464.333 0.0 14679.93716
1002.22 14883.271 455.333 0.0 14427.93716
1003.32 14279.271 97.333 0.0 14181.93717
1004.41 13617.771 248.833 0.0 13368.93718
1005.51 13415.271 182.833 0.0 13232.43718
1006.6 12736.771 85.333 0.0 12651.43717
1007.7 12963.771 383.333 0.0 12580.43716
1008.8 12045.271 -71.167 0.0 12116.43717
1009.89 12078.771 293.833 0.0 11784.93716
1010.99 12172.771 191.833 0.0 11980.93718
1012.08 12480.271 -73.667 0.0 12553.93717
1013.18 12933.771 199.333 0.0 12734.43718
1014.27 13442.271 52.333 0.0 13389.93718
1015.36 13521.271 172.333 0.0 13348.93718
1016.46 13710.271 197.333 0.0 13512.93718
1017.55 12895.271 -23.667 0.0 12918.93717
1018.65 12857.271 218.833 0.0 12638.43718
1019.74 12498.271 353.333 0.0 12144.93716
1020.83 11999.771 228.333 0.0 11771.43718
1021.93 11670.271 159.333 0.0 11510.93718
1023.02 11341.271 -27.667 0.0 11368.93717
1024.11 10923.771 -29.667 0.0 10953.43717
1025.2 10490.271 -25.167 0.0 10515.43717
1026.3 10245.271 258.333 0.0 9986.93716
1027.39 10286.271 293.333 0.0 9992.93716
1028.48 9915.271 257.833 0.0 9657.43716
1029.57 9484.771 149.833 0.0 9334.93718
1030.66 9220.271 160.333 0.0 9059.93718
1031.75 9774.771 970.833 0.0 8803.93719
1032.84 9151.771 313.333 0.0 8838.43716
1033.94 8632.771 4.833 0.0 8627.93717
1035.03 8835.771 383.833 0.0 8451.93716
1036.12 7964.771 33.833 0.0 7930.93766
1037.21 7665.771 -57.167 0.0 7722.93766
1038.3 7826.271 274.833 0.0 7551.43765
1039.39 7249.771 -43.667 0.0 7293.43766
1040.48 7121.271 222.333 0.0 6898.93767
1041.57 7074.771 310.333 0.0 6764.43765
1042.66 6695.771 209.833 0.0 6485.93767
1043.74 6614.771 234.333 0.0 6380.43767
1044.83 6420.271 294.333 0.0 6125.93765
1045.92 5916.771 -28.167 0.0 5944.93766
1047.01 6037.771 287.333 0.0 5750.43765
1048.1 5454.771 -41.667 0.0 5496.43766
1049.19 5530.771 231.833 0.0 5298.93767
1050.27 5538.771 106.333 0.0 5432.43766
1051.36 5312.271 137.333 0.0 5174.93767
1052.45 5254.771 297.333 0.0 4957.43765
1053.54 5015.271 202.833 0.0 4812.43767
1054.62 4951.771 271.333 0.0 4680.43765
1055.71 4765.271 243.333 0.0 4521.93767
1056.8 4687.771 363.833 0.0 4323.93765
1057.88 4333.271 111.833 0.0 4221.43766
1058.97 4339.771 249.333 0.0 4090.43767
1060.06 4553.771 497.833 0.0 4055.93765
1061.14 4149.771 158.333 0.0 3991.43767
1062.23 4849.271 1029.333 0.0 3819.93762
1063.31 3933.771 347.833 0.0 3585.93741
1064.4 3576.271 73.833 0.0 3502.43742
1065.48 3699.271 232.833 0.0 3466.43742
1066.57 3518.771 109.833 0.0 3408.93742
1067.65 3589.271 290.333 0.0 3298.93741
1068.74 3263.271 118.333 0.0 3144.93742
1069.82 3241.771 279.333 0.0 2962.43741
1070.9 4423.771 1473.333 0.0 2950.43762
1071.99 3211.271 266.333 0.0 2944.93741
1073.07 3062.771 237.333 0.0 2825.43742
1074.15 3027.771 263.333 0.0 2764.43741
1075.24 2857.271 277.333 0.0 2579.93741
1076.32 2896.771 308.833 0.0 2587.93741
1077.4 3115.271 593.833 0.0 2521.43744
1078.49 2564.271 98.333 0.0 2465.93742
1079.57 2750.271 348.333 0.0 2401.93741
1080.65 2843.271 551.333 0.0 2291.93744
1081.73 2447.271 149.833 0.0 2297.43742
1082.81 2326.271 64.333 0.0 2261.93742
1083.89 2482.771 286.333 0.0 2196.43741
1084.98 2371.271 345.833 0.0 2025.43741
1086.06 2134.271 52.333 0.0 2081.93742
1087.14 2092.771 97.333 0.0 1995.43742
1088.22 2244.271 221.833 0.0 2022.43742
1089.3 1929.771 67.833 0.0 1861.93754
1090.38 2481.771 656.333 0.0 1825.43744
1091.46 2113.771 315.833 0.0 1797.93741
1092.54 1893.771 93.833 0.0 1799.93754
1093.62 1947.771 177.833 0.0 1769.93755
1094.7 1656.271 35.333 0.0 1620.93754
1095.78 1792.771 232.333 0.0 1560.43755
1096.86 1873.771 292.333 0.0 1581.43753
1097.93 2236.771 700.333 0.0 1536.43744
1099.01 1900.771 457.333 0.0 1443.43753
1100.09 1538.771 132.833 0.0 1405.93755
