196.55 3274.893 972.948 1339.379 628.20708
197.76 4692.888 1427.472 1995.603 574.7643
198.96 4366.343 1340.45 1803.191 653.90719
200.16 2929.611 796.077 1227.164 494.9197
201.36 5109.136 1587.379 2062.06 741.92116
202.56 3459.969 990.115 1401.163 600.86755
203.76 2918.321 849.94 1265.984 497.15351
204.96 3435.673 932.264 1411.806 522.042
206.16 2488.055 712.367 946.298 759.06226
207.36 4156.812 1181.173 1687.519 587.66825
208.56 3527.295 1052.507 1476.29 583.97514
209.76 2292.379 637.704 982.138 480.40478
210.96 2970.863 888.539 1380.408 423.34851
212.16 6462.164 2056.997 2537.841 916.1332
213.36 3889.086 1126.644 1600.47 583.0083
214.56 3176.96 890.479 1274.997 594.63604
215.76 5800.821 1834.94 2402.485 698.77849
216.96 4925.823 1568.862 2050.473 697.0279
218.16 3595.508 985.792 1447.599 565.10961
219.35 2813.329 716.838 1152.749 480.94528
220.55 3262.874 872.359 1328.661 523.88919
221.75 2922.706 810.596 1150.265 621.8147
222.95 4979.443 1461.314 1932.768 746.22954
224.15 3883.231 1090.029 1574.459 576.59546
225.35 2923.279 782.472 1287.36 424.01662
226.55 2823.147 792.831 1188.111 513.63989
227.75 4414.443 1378.814 1879.768 605.96964
228.94 3941.379 1122.204 1555.138 651.17968
230.14 3373.519 919.113 1379.351 533.28982
231.34 2990.34 847.028 1265.702 511.92826
232.54 2653.885 780.549 1133.115 531.3442
233.74 2930.005 805.869 1171.11 581.57083
234.93 2961.734 791.951 1221.947 504.60507
236.13 3330.77 951.574 1439.095 488.01861
237.33 3461.614 930.131 1313.452 660.40877
238.53 3008.918 887.381 1239.073 603.23637
239.72 4635.432 1373.993 1901.015 618.84259
240.92 2255.153 562.676 918.088 476.20144
242.12 4170.762 1152.807 1622.13 643.04322
243.31 2908.223 755.63 1186.695 499.36663
244.51 2362.614 627.0 952.653 532.96451
245.71 4264.921 1278.803 1722.062 673.67416
246.9 5538.614 1688.0 2212.153 734.63574
248.1 3465.684 950.954 1448.759 505.16312
249.3 3247.756 982.33 1398.854 543.88838
250.49 3069.552 893.313 1321.511 508.23188
251.69 3695.337 1049.106 1539.214 539.928
252.89 3293.217 916.154 1388.919 502.80021
254.08 2209.379 579.204 954.138 434.79043
255.28 3369.776 976.919 1400.072 565.48192
256.47 2199.131 577.666 955.382 429.28106
257.67 3901.047 1159.099 1530.833 737.61011
258.86 4171.622 1172.898 1590.417 718.22548
260.06 3175.212 917.809 1356.442 514.64497
261.26 4905.544 1459.546 1914.546 757.36188
262.45 3260.248 939.063 1294.389 653.25467
263.65 2108.558 565.158 907.488 450.85147
264.84 3848.681 1081.531 1469.771 712.74288
266.04 2679.717 804.154 1217.419 453.84036
267.23 2172.399 487.661 823.556 501.56628
268.42 2661.793 706.584 1015.802 632.30899
269.62 3171.745 882.641 1322.401 520.53468
270.81 3344.946 959.736 1397.256 545.1659
272.01 3266.566 923.056 1333.752 570.61948
273.2 3861.631 1164.034 1567.583 668.46861
274.4 2599.801 664.852 908.767 793.28788
275.59 3568.868 1028.883 1499.385 539.8459
276.78 3239.742 892.718 1361.913 500.22442
277.98 2921.078 772.746 1191.206 513.39029
279.17 3183.539 903.201 1285.069 597.15288
280.37 3107.86 837.985 1198.621 629.40862
281.56 2210.935 528.915 926.504 423.05548
282.75 2426.187 617.508 1021.047 448.20405
283.95 3012.784 801.186 1237.537 506.83857
285.14 3249.466 863.193 1247.675 620.6462
286.33 2640.622 700.267 1012.118 622.20625
287.52 3414.994 948.548 1368.358 587.51544
288.72 4088.452 1136.95 1615.434 616.84403
289.91 4875.346 1410.373 1957.179 633.67468
291.1 3601.499 1007.024 1453.634 580.92741
292.29 3331.541 997.623 1395.057 587.24623
293.49 3368.896 1044.239 1446.568 577.79957
294.68 2554.619 729.845 997.629 681.43319
295.87 2839.497 803.102 1201.145 511.60146
297.06 3514.027 940.38 1418.817 537.92853
298.26 1847.103 420.179 733.9 454.83817
299.45 2875.723 789.13 1098.195 675.13161
300.64 3043.374 822.859 1190.661 603.72625
301.83 3052.34 857.028 1294.202 502.15945
303.02 2628.759 630.384 1057.142 468.26908
304.21 3779.89 1123.525 1573.39 590.48036
305.4 3019.033 875.356 1160.092 752.86389
306.59 3326.631 920.166 1316.882 606.59577
307.79 2871.226 803.053 1187.683 537.70375
308.98 2277.519 579.113 932.851 480.13015
310.17 3799.728 966.081 1430.275 610.44526
311.36 3032.374 857.597 1178.563 677.57213
312.55 4943.167 1560.657 2066.731 668.38239
313.74 2255.483 584.359 957.404 447.96783
314.93 3730.795 1009.007 1474.29 584.97454
316.12 2990.589 787.067 1192.958 542.8847
317.31 1738.075 406.823 740.217 399.30307
318.5 2297.983 574.859 920.404 498.6677
319.69 3165.689 830.799 1262.736 540.56212
320.88 2825.924 736.225 1134.55 524.62199
322.07 2317.463 607.271 993.686 442.57816
323.26 2422.17 607.342 935.817 552.50006
324.45 1714.935 447.415 793.504 366.24157
325.64 2953.918 766.749 1195.274 510.39495
326.83 3440.999 996.024 1395.634 611.84159
328.01 2764.98 738.436 1110.916 544.06847
329.2 3474.226 976.053 1403.683 584.18953
330.39 2661.527 727.38 1086.817 538.10518
331.58 2209.753 542.908 969.366 390.85793
332.77 4226.452 1253.081 1742.233 607.86223
333.96 1611.234 448.82 671.648 521.66301
335.15 2114.206 524.964 868.466 462.65991
336.33 2203.253 590.908 878.866 559.92356
337.52 2659.935 719.415 1040.504 604.35684
338.71 2592.843 710.45 1050.191 554.06811
339.9 2411.748 614.932 995.09 472.64926
341.08 2683.147 688.2 1067.812 525.52235
342.27 3165.729 879.475 1376.672 459.82887
343.46 3448.765 1063.729 1446.619 622.90399
344.65 3420.265 897.229 1356.119 549.81301
345.83 3674.491 983.257 1460.668 563.71393
347.02 1924.173 470.264 791.306 452.87227
348.21 3705.793 1021.584 1513.302 545.88454
349.4 2104.592 462.989 862.946 410.44441
350.58 2711.653 718.045 1108.789 510.20788
351.77 2247.505 575.369 941.11 457.19108
352.96 1602.633 324.088 698.37 341.59911
354.14 2670.458 619.926 1114.21 414.84888
355.33 2260.223 536.13 920.695 448.32324
356.51 1841.265 387.098 701.82 462.04806
357.7 2866.164 679.734 1173.743 442.58971
358.89 2337.192 511.721 949.225 417.24726
360.07 3633.946 915.105 1399.957 560.75652
361.26 4019.726 1061.79 1572.085 579.65188
362.44 2958.577 733.483 1177.108 501.57178
363.63 2493.404 481.743 950.435 429.2076
364.81 2746.256 531.437 1069.458 411.66047
366.0 2000.594 276.518 729.538 380.57394
367.18 5372.217 1403.392 2092.821 575.66814
368.37 2334.019 529.85 875.253 522.33692
369.55 3287.307 737.065 1246.445 500.65658
370.74 3811.988 911.572 1458.582 530.23103
371.92 4376.315 1158.332 1668.41 630.88123
373.11 2814.279 476.078 1016.963 432.29219
374.29 2415.131 421.772 908.985 409.13477
375.48 2841.955 531.741 1060.623 436.81036
376.66 2458.899 441.53 902.257 437.8659
377.84 4131.019 953.85 1582.253 505.59397
379.03 2438.443 405.051 908.67 403.75633
380.21 2108.502 332.184 747.024 428.1938
381.39 1930.728 266.212 675.074 407.11032
382.58 3647.603 816.548 1409.101 477.77203
383.76 4514.935 1148.784 1715.705 593.76043
384.94 5168.349 1254.164 1936.868 573.33515
386.13 2853.642 426.593 963.237 452.2635
387.31 3323.997 618.339 1185.047 477.43438
388.49 2912.843 474.688 1029.093 439.7788
389.68 3712.402 637.952 1263.246 491.68098
390.86 3726.765 567.466 1204.521 495.92289
392.04 4916.938 982.706 1677.693 566.0873
393.22 3605.265 445.466 1111.021 474.76186
394.41 3351.706 473.202 1085.367 470.21664
395.59 2859.924 193.463 865.952 396.50621
396.77 4045.234 552.689 1295.349 470.27465
397.95 4266.329 637.576 1375.151 491.98431
399.13 5190.211 792.678 1560.643 572.62139
400.31 4316.304 447.511 1233.657 492.1215
401.5 5076.589 626.304 1514.36 501.12663
402.68 5248.229 734.712 1616.074 512.10745
403.86 4538.72 434.445 1296.108 476.32007
405.04 6027.89 807.263 1861.292 495.30173
406.22 4785.044 367.783 1341.448 453.67371
407.4 6200.586 697.013 1747.671 523.82174
408.58 6384.248 814.301 1875.791 524.72879
409.76 6914.818 947.755 2029.398 551.66646
410.94 6204.765 624.466 1721.521 508.66198
412.12 5765.681 502.9 1505.972 524.66642
413.3 5681.033 359.093 1500.994 466.05966
414.48 5710.237 371.111 1363.838 537.82431
415.66 6409.753 445.277 1491.567 570.0594
416.84 8569.215 1233.1 2392.132 632.95232
418.02 7015.245 623.378 1795.303 545.41616
419.2 6387.851 419.586 1512.357 546.15904
420.38 7109.605 583.97 1792.589 539.92475
421.56 6704.187 427.245 1581.949 543.59759
422.74 8648.566 1081.794 2295.154 623.62117
423.92 8151.991 865.995 2097.57 591.59954
425.1 7551.237 464.111 1706.838 570.28835
426.28 7493.382 405.995 1712.327 542.54109
427.46 10403.041 1356.492 2799.259 627.0279
428.63 8128.932 571.861 2000.716 528.89004
429.81 8252.315 687.964 1968.209 590.85186
430.99 8690.436 754.784 2180.705 556.52824
432.17 10096.569 1145.347 2523.941 649.30076
433.35 9272.502 827.316 2288.823 577.84081
434.52 7886.039 155.069 1442.77 600.37011
435.7 8662.477 376.383 1827.128 571.16096
436.88 9930.055 840.104 2306.7 619.79902
438.06 9706.79 552.531 2072.014 602.45864
439.23 9387.577 399.115 1956.406 577.18545
440.41 10205.991 594.126 2298.869 563.8306
441.59 10914.742 828.456 2548.315 586.46011
442.77 9925.103 276.679 1951.4 576.12118
443.94 11686.667 760.657 2663.231 574.27514
445.12 12036.706 769.833 2568.167 626.5175
446.3 13462.418 1093.118 2946.475 667.39973
447.47 13023.801 666.72 2632.968 628.46009
448.65 13535.145 720.646 2715.525 642.36983
449.82 12744.145 500.146 2418.525 638.24722
451.0 13595.619 609.213 2599.83 652.38092
452.18 13725.184 476.823 2644.96 611.04791
453.35 14110.508 530.16 2753.3 610.86351
454.53 14889.773 558.865 2819.285 633.99318
455.7 15455.005 334.238 2713.311 635.57381
456.88 17734.588 945.935 3424.159 677.44701
458.05 17205.391 591.763 3040.792 678.37596
459.23 17341.936 315.784 2806.205 683.66566
460.4 18892.508 580.16 3298.8 673.58501
461.58 19389.248 719.432 3462.09 680.71971
462.75 18785.205 315.333 3204.667 639.24338
463.93 19991.416 628.696 3520.987 669.45959
465.1 20523.307 525.065 3629.945 644.09077
466.28 20250.605 218.101 3243.888 662.05926
467.45 20944.008 146.66 3291.8 661.25359
468.63 23127.027 523.249 3846.018 680.26933
469.8 24985.775 870.287 4222.273 719.43879
470.97 24474.549 405.259 3823.724 704.09652
472.15 25301.762 595.675 4138.332 697.38876
473.32 26543.105 704.601 4322.388 714.20745
474.49 27293.723 859.499 4671.896 693.37541
475.67 26367.379 507.573 4177.839 704.57582
476.84 26180.561 327.08 4088.476 687.33737
478.01 28215.568 636.347 4688.941 680.53253
479.19 28308.373 548.728 4557.862 692.41007
480.36 28712.768 309.02 4472.808 682.16123
481.53 30395.34 596.897 4836.903 702.79237
482.7 30776.332 497.129 4733.938 714.67007
483.88 31101.305 275.774 4583.755 715.54467
485.05 31652.588 361.935 4823.659 701.31309
486.22 31667.912 478.405 4938.797 699.25472
487.39 31945.314 333.595 4795.508 708.47909
488.56 32556.795 485.876 5021.991 707.01282
489.74 33992.148 897.2 5619.313 700.85048
490.91 32677.377 242.651 4990.851 683.0952
492.08 33264.797 375.876 5230.491 677.47734
493.25 33628.012 278.714 5092.587 692.77479
494.42 34730.145 476.778 5228.824 720.81301
495.59 35041.941 417.26 5317.48 706.59435
496.76 35919.707 465.756 5367.155 723.34348
497.93 36963.68 610.478 5616.483 726.19179
499.1 36648.758 572.753 5591.843 718.77583
500.27 38085.508 1040.792 6267.099 708.81248
501.44 38305.129 1228.534 6296.083 731.64751
502.61 35829.012 423.137 5408.076 710.25691
503.78 36473.297 629.929 5761.278 698.51742
504.95 37848.836 1123.474 6516.415 680.98952
506.12 36865.16 696.943 5888.053 696.73379
507.29 36576.285 335.186 5433.538 710.83952
508.46 37186.738 32.165 5307.125 704.35741
509.63 40200.238 1258.165 6645.125 722.89513
510.8 41866.629 1179.612 6671.095 740.91129
511.97 40374.336 558.552 5824.426 756.10964
513.14 40468.34 258.528 5792.702 726.57294
514.31 42100.078 785.746 6241.206 757.30248
515.48 41314.637 495.01 6045.359 735.44257
516.65 41108.742 525.087 6124.614 724.76939
517.81 40986.871 355.806 5922.374 729.91235
518.98 42321.746 695.01 6349.102 736.22312
520.15 40559.723 161.13 5858.695 709.05019
521.32 42726.445 703.605 6464.457 729.45527
522.49 45667.953 1502.503 7468.221 740.32079
523.65 45754.484 1158.859 7184.404 740.10933
524.82 45050.879 638.073 6545.839 751.76991
525.99 44353.316 78.517 6017.496 745.49516
527.16 47332.809 631.25 6882.031 747.13162
528.32 48234.445 730.182 7018.969 755.38045
529.49 48129.309 411.619 6654.732 764.32525
530.66 47593.555 114.367 6539.298 738.98353
531.82 48225.633 180.957 6592.071 749.39661
532.99 48737.305 320.274 6997.255 725.13353
534.16 50023.602 444.256 7148.912 739.47643
535.32 51748.07 794.401 7641.229 744.19385
536.49 51476.254 294.408 7207.866 740.32192
537.65 54195.516 1011.059 8080.564 752.30806
538.82 53272.895 321.816 7430.58 744.87047
539.99 55755.191 642.721 8076.725 741.35653
541.15 57260.66 818.39 8357.766 748.63319
542.32 57664.57 147.979 7854.74 746.31336
543.48 59524.609 811.155 8785.676 736.2631
544.65 59537.219 992.785 8917.718 738.73732
545.81 59489.508 1483.292 10133.099 670.60706
546.98 59519.836 503.106 9285.714 671.9727
548.14 59489.508 783.792 9857.099 647.01565
549.31 59497.344 402.873 9415.179 655.70867
550.47 59504.16 469.443 9763.554 635.18416
551.63 59490.871 914.806 10766.874 594.55603
552.8 59469.402 454.584 10034.545 616.02356
553.96 59495.301 459.852 10240.767 603.57798
555.13 59504.844 391.45 10690.69 573.95879
556.29 59517.793 934.084 11394.302 560.06206
557.45 59457.473 274.46 10552.64 575.81221
558.62 59506.547 523.468 11224.534 551.18881
559.78 59519.836 771.606 11627.214 541.17861
560.94 59507.91 371.982 11276.809 542.29133
562.11 59518.133 391.088 11510.37 531.75235
563.27 59507.227 157.975 11361.672 529.72918
564.43 59499.73 32.397 11656.66 511.5794
565.59 59542.328 205.838 12004.749 502.89803
566.76 59468.379 351.073 12192.839 499.22711
567.92 59543.352 571.349 12448.455 496.51827
569.08 59513.703 715.042 13216.978 470.31647
570.24 59463.609 352.024 12896.877 471.20189
571.4 59496.664 226.366 12819.042 470.67277
572.57 59542.668 367.342 13100.317 464.74075
573.73 59512.0 55.524 13072.134 456.77391
574.89 59528.699 452.697 13544.0 451.26144
576.05 59476.559 476.158 13770.987 443.78456
577.21 59482.012 157.714 13514.587 444.14811
578.37 59505.184 18.954 13640.76 436.69856
579.53 59523.586 193.644 13978.47 430.40039
580.69 59513.023 597.535 14724.34 417.04751
581.85 59501.777 351.919 14327.072 423.25015
583.01 59498.027 401.88 14435.816 421.09459
584.17 59493.258 484.83 14656.854 416.37262
585.33 59511.316 572.517 14948.496 409.98112
586.49 59486.781 377.763 14735.049 411.70051
587.65 59488.145 573.278 15187.824 403.12483
588.81 59511.66 566.521 15553.064 393.32044
589.97 59503.141 929.433 15628.847 398.47648
591.13 59463.266 421.02 15287.808 397.14192
592.29 59516.77 336.574 15254.096 396.716
593.45 59518.816 213.595 14965.508 402.01716
594.61 59466.336 134.052 15178.927 394.36874
595.77 59505.867 196.961 15395.896 390.2175
596.93 59470.082 91.091 14998.683 398.31377
598.09 59485.758 382.753 15545.343 389.79492
599.24 59516.09 138.067 15446.458 387.87892
600.4 59486.781 291.763 15433.549 390.93816
601.56 59499.051 233.39 15322.522 392.77051
602.72 59520.859 368.616 15465.42 391.81965
603.87 59564.141 473.064 15310.146 398.26615
605.03 59520.859 232.116 15238.92 395.07909
606.19 59510.977 148.514 14826.428 404.43392
607.35 59516.77 -3.926 15131.096 393.26468
608.5 59505.523 594.457 15492.328 395.43279
609.66 59524.266 989.651 15859.107 393.65673
610.82 59490.188 146.299 15137.236 395.86509
611.97 59517.793 125.084 14915.802 401.55394
613.13 59534.148 573.754 15514.6 394.62555
614.29 59508.934 496.993 15383.016 396.42516
615.44 59513.363 717.539 15456.908 398.90325
616.6 59523.246 180.141 14843.401 404.70607
617.76 59509.613 663.0 15414.652 398.9154
618.91 59539.945 726.314 15170.268 407.18512
620.07 59514.387 641.049 15204.114 404.26474
621.22 59516.09 17.567 14577.958 408.63272
622.38 59517.793 1061.084 15637.302 401.04169
623.53 59496.664 78.366 14625.542 408.45245
624.69 59522.906 112.137 14268.832 419.66554
625.84 59513.703 217.542 14299.978 421.06467
627.0 59457.816 488.964 14831.709 411.14063
628.15 59519.496 -0.398 14734.646 403.9343
629.31 59478.262 318.175 14728.331 410.54439
630.46 59506.547 -23.532 14344.034 414.33656
631.61 59522.563 374.134 14629.264 414.92732
632.77 59479.625 228.189 14833.106 405.69512
633.92 59498.027 495.38 14691.816 415.6159
635.08 59468.719 949.577 15177.407 411.30052
636.23 59507.91 308.482 14744.809 410.07266
637.38 59508.59 -74.511 14334.446 413.51432
638.54 59486.441 654.76 15135.48 406.27593
639.69 59541.648 936.831 15459.111 403.55107
640.84 59500.191 490.402 14738.753 414.15172
641.99 59500.832 97.409 14039.882 426.06088
643.15 59501.477 816.916 14835.512 418.61938
644.3 59502.121 95.422 14179.142 421.81115
645.45 59502.766 -58.071 14110.771 420.36487
646.6 59503.406 811.436 15075.401 411.47021
647.75 59504.051 161.942 14418.031 416.25798
648.91 59504.695 -136.551 13971.661 422.74135
650.06 59505.34 225.455 14825.291 406.03118
651.21 59505.98 417.462 14565.42 417.64698
652.36 59506.625 450.969 14709.05 414.19078
653.51 59507.27 101.475 14213.68 420.95333
654.66 59507.914 273.982 14861.81 406.0504
655.81 59508.555 651.989 15048.939 408.81272
656.96 59509.199 69.495 14402.569 414.70311
658.11 59509.844 365.002 14800.199 409.7266
659.27 59510.488 531.009 14925.328 409.74136
660.42 59511.129 29.015 14459.958 412.18453
661.57 59511.773 421.022 14835.088 409.952
662.72 59512.418 -139.971 14611.718 404.37667
663.87 59513.063 -99.965 14122.848 419.13671
665.01 59513.703 316.042 14693.978 411.72574
666.16 59514.348 41.049 14739.607 404.61994
667.31 59514.992 95.555 14982.237 399.14493
668.46 59515.637 760.562 15722.366 392.70047
669.61 59516.277 206.069 15547.996 386.58903
670.76 59516.922 4.575 15214.626 391.26988
671.91 59517.566 769.582 16378.756 376.36831
673.06 59518.211 519.589 16014.886 380.7518
674.21 59518.852 -161.405 15583.016 379.05655
675.35 59519.496 284.102 15720.146 383.74726
676.5 59520.141 167.609 15849.774 378.47153
677.65 59520.785 72.615 15783.904 378.37869
678.8 59521.426 -110.878 15727.034 376.51619
679.94 59522.07 40.629 16048.164 371.58401
681.09 59522.715 370.135 17049.793 354.63905
682.24 59523.359 363.142 17513.924 344.94181
683.39 59524.0 -1.851 17222.553 345.59019
684.53 59524.645 558.155 17196.684 354.39726
685.68 59525.289 214.662 17614.813 340.86272
686.83 59525.934 301.169 17607.443 342.21556
687.97 59526.574 298.175 17622.072 341.88843
689.12 59527.219 178.182 17514.703 342.33533
690.27 59527.863 68.189 17408.832 342.89197
691.41 59528.508 468.195 17969.961 337.45345
692.56 59529.148 358.702 17742.592 340.37518
693.7 59529.793 378.709 17681.721 341.85426
694.85 59530.438 48.215 17192.852 346.94362
695.99 59531.078 398.222 17794.98 339.90732
697.14 59531.723 184.229 17551.111 341.72796
698.28 59532.367 342.735 18251.74 330.50207
699.43 59533.012 391.242 18390.369 328.58132
700.57 59533.652 -74.251 17710.5 335.16298
701.72 59534.297 -50.745 17219.129 345.02303
702.86 59534.941 -107.738 17549.26 337.78494
704.01 59535.586 50.269 17415.389 342.55632
705.15 59536.227 433.275 18332.02 330.20725
706.29 59536.871 126.782 17723.648 337.61743
707.44 59537.516 171.288 18374.777 326.12554
708.58 59538.16 -124.205 17936.408 330.34518
709.72 59538.801 629.302 18731.037 325.43564
710.87 59539.445 -137.192 17783.168 333.01027
712.01 59540.09 0.315 17644.297 337.4509
713.15 59540.734 217.322 18427.928 325.76298
714.3 59541.375 348.828 17921.557 336.84324
715.44 59542.02 92.335 18611.186 321.02254
716.58 59542.664 277.342 18420.816 326.64814
717.72 59543.309 52.848 18398.945 324.26767
718.87 59543.949 240.855 18262.076 329.07367
720.01 59544.594 117.362 18078.205 330.87106
721.15 59545.238 -54.132 17879.836 332.32674
722.29 59545.883 345.875 18022.965 334.8968
723.43 59546.523 498.882 18553.596 327.04834
724.57 59547.168 450.388 18287.225 331.31873
725.72 59547.813 244.895 18067.354 332.74263
726.86 59548.457 678.902 18459.484 331.08901
728.0 59549.098 164.408 17772.113 337.26536
729.14 59549.742 -2.085 17477.244 340.69859
730.28 59550.387 481.422 17805.373 340.96705
731.42 59551.031 10.928 17753.004 335.58702
732.56 59551.672 722.435 18545.133 330.08043
733.7 59552.316 386.942 18597.262 324.90025
734.84 59552.961 -127.052 17331.393 341.84038
735.98 59553.605 148.955 17932.521 334.04239
737.12 59554.246 -3.038 17789.152 334.73834
738.26 59554.891 17.468 17486.281 340.82123
739.4 59555.535 228.475 17917.912 335.38128
740.53 59556.18 407.482 18162.541 333.13715
741.67 59556.82 273.488 17733.67 339.53445
742.81 59557.465 -222.505 17185.301 343.40899
743.95 59558.109 241.002 17969.93 334.57808
745.09 59558.754 19.508 17370.561 343.14487
746.23 59559.395 399.515 17605.189 343.83935
747.36 59560.039 453.522 17477.32 347.19934
748.5 59560.684 60.028 17069.949 349.79972
749.64 59561.328 25.035 17006.078 350.60445
750.78 59561.969 -5.458 16833.209 353.75381
751.92 59562.613 74.548 16909.838 353.35338
753.05 59563.258 155.555 16258.969 368.91372
754.19 59563.902 635.562 16783.098 364.93704
755.33 59564.543 -151.932 16117.228 367.05323
756.46 59565.188 245.075 16057.357 375.15212
757.6 59565.832 82.082 15697.487 380.92991
758.74 59566.477 562.088 16315.617 374.54712
759.87 59567.117 244.595 16092.247 374.33004
761.01 59567.762 271.102 15563.377 387.75564
762.14 59568.406 234.608 15825.006 380.57912
763.28 59569.051 408.115 15272.136 398.01435
764.41 59569.691 249.121 15157.766 397.89379
765.55 59570.336 -123.872 14748.896 401.36584
766.69 59570.98 289.635 15202.025 397.5308
767.82 59571.621 266.641 15014.155 402.13544
768.95 59572.266 26.148 14525.285 410.68732
770.09 59572.91 737.655 15281.915 404.5256
771.22 59573.555 661.661 15275.044 403.1366
772.36 59574.195 504.168 14678.674 416.7343
773.49 59574.84 489.175 14838.804 411.75744
774.63 59575.484 196.181 14003.434 430.0588
775.76 59576.129 154.688 13969.563 430.12651
776.89 59576.77 428.195 14067.693 433.65652
778.03 59577.414 360.201 13450.823 452.36363
779.16 59578.059 8.708 13358.952 446.20421
780.29 59578.703 308.215 13035.582 465.69323
781.43 59579.344 606.221 13093.712 472.25759
782.56 59579.988 315.228 13181.842 460.60884
783.69 59580.633 11.735 12475.972 477.91853
784.82 59581.277 233.241 12821.602 471.45168
785.96 59581.918 116.748 12587.731 476.82823
787.09 59582.563 204.255 12186.361 495.55817
788.22 59583.207 394.261 12237.99 499.74925
789.35 59583.852 157.768 11739.62 513.09655
790.48 59584.492 142.275 12009.25 500.90453
791.62 59585.137 580.281 11944.38 519.22161
792.75 59585.781 5.288 11194.01 532.50491
793.88 59586.426 737.795 11788.14 532.55017
795.01 59587.066 353.801 11355.77 538.38789
796.14 59587.711 404.808 11514.898 532.69506
797.27 59588.355 493.815 11487.528 537.53029
798.4 59589.0 283.321 10909.158 558.12713
799.53 59589.641 -4.672 10310.788 577.71841
800.66 59590.285 316.335 10739.418 568.67962
801.79 59590.93 1276.841 11846.548 551.70963
802.92 59591.574 199.848 10216.178 592.94899
804.05 59592.215 381.855 10327.308 595.35106
805.18 59592.859 290.861 10017.937 609.65908
806.31 59593.504 215.868 9756.066 622.39414
807.44 59594.148 -64.625 9580.196 618.55756
808.57 59594.789 400.381 10089.826 610.9164
809.69 59595.434 400.888 9940.456 620.51599
810.82 59596.078 -163.605 9102.586 644.92175
811.95 59596.723 988.401 10112.216 642.36642
813.08 59597.363 103.908 8928.345 674.18982
814.21 59598.008 1064.915 10169.975 642.86334
815.33 59598.652 282.921 9203.104 664.9609
816.46 59599.297 308.928 9013.734 681.12219
817.59 59599.938 847.435 9490.864 679.73599
818.72 59600.582 504.441 8670.494 723.6806
819.84 59601.227 896.448 9116.124 714.19819
820.97 59352.871 446.454 8550.754 726.8539
822.1 59016.012 593.961 8538.383 735.38456
823.22 55910.156 -30.532 7767.513 717.36813
824.35 55012.801 92.474 7844.143 708.49687
825.48 56733.445 574.481 7850.272 771.86057
826.6 55818.086 310.488 7455.902 776.82824
827.73 52677.23 -144.506 7245.032 714.81791
828.85 53647.375 268.501 7361.662 752.54005
829.98 54284.52 610.008 7638.292 763.69301
831.11 50918.66 70.014 6945.921 739.51911
832.23 51774.805 81.521 6962.051 751.29802
833.36 51633.449 524.528 7592.181 723.13853
834.48 49873.094 259.034 6894.811 747.6753
835.6 49579.734 482.041 7014.94 751.54523
836.73 48266.379 -7.952 6711.07 718.47258
837.85 50163.523 535.054 6989.7 768.87988
838.98 47744.164 -104.439 6228.33 755.57164
840.1 48976.309 458.568 6766.959 769.09847
841.23 47973.453 371.074 6570.589 767.84043
842.35 47689.098 720.581 7111.219 734.95821
843.47 47214.738 248.588 6354.849 769.14745
844.6 44630.883 26.594 6149.978 728.4255
845.72 43045.027 155.101 6077.608 724.18533
846.84 44717.172 134.608 5955.738 765.87472
847.96 42969.813 139.114 5813.368 754.82527
849.09 43698.957 58.121 5820.497 757.34099
850.21 42925.102 232.628 5935.127 748.6625
851.33 42923.246 385.134 5976.757 760.7472
852.45 40405.387 25.141 5610.387 722.98064
853.57 41374.531 232.148 5832.016 734.70268
854.7 40496.676 67.654 5477.146 747.37191
855.82 39523.32 -0.339 5659.776 698.28369
856.94 41835.961 485.168 5827.405 774.03507
858.06 40131.105 -64.326 5132.035 773.5304
859.18 39619.25 425.181 5653.165 749.69756
860.3 37863.395 244.688 5345.295 737.53388
861.42 37636.035 -89.306 5013.424 739.3168
862.54 36158.18 -65.799 4962.554 720.39446
863.66 39260.824 50.708 4975.184 796.22913
864.78 36955.969 186.714 5073.814 752.37373
865.9 36307.609 244.221 5222.943 724.35025
867.02 39517.254 1277.228 6443.073 740.24717
868.14 38659.398 879.234 5701.203 783.50078
869.26 35571.043 575.741 5163.833 762.74192
870.38 34596.184 -90.252 4456.962 762.80618
871.5 33094.328 -94.746 4453.592 729.69672
872.62 33161.473 69.761 4578.222 733.99125
873.74 34688.117 699.268 5511.852 706.24948
874.85 33345.438 40.271 4430.417 758.63466
875.97 33646.938 286.271 4564.417 779.79268
877.09 34395.938 373.271 4811.917 766.51009
878.21 32054.938 220.771 4370.917 767.06143
879.33 31031.938 334.771 4641.417 712.78598
880.44 31962.438 254.771 4375.417 769.48297
881.56 31373.938 111.271 4114.417 780.95251
882.68 31002.938 256.271 4367.917 747.79466
883.79 33808.438 826.771 4988.417 792.51501
884.91 29502.938 -58.229 3702.917 785.96171
886.03 29683.438 456.271 4455.417 730.83526
887.14 31269.438 659.271 4800.417 739.17145
888.26 32901.938 777.271 4809.917 796.61515
889.38 31494.438 636.271 4577.417 782.97452
890.49 27899.938 -89.729 4014.417 681.98517
891.61 30349.938 307.771 4176.917 776.45479
892.72 30000.938 -13.229 4058.417 737.15071
893.84 30238.938 -99.229 3906.917 757.29061
894.95 31119.438 -87.229 3941.917 774.52312
896.07 30555.438 152.271 4075.417 774.96905
897.18 31398.938 384.271 4307.417 790.55608
898.3 30086.438 -41.229 3881.917 767.94663
899.41 31123.938 577.271 4446.917 789.39182
900.53 29171.938 335.771 4029.417 780.69656
901.64 28411.938 462.271 4350.417 718.8431
902.75 28536.938 262.771 4055.917 745.4015
903.87 28187.438 116.771 3876.417 746.6306
904.98 28799.938 403.771 4044.917 779.86896
906.09 27542.438 235.771 3943.917 736.39677
907.21 29102.438 438.771 3919.917 823.39745
908.32 26818.438 198.271 3488.417 809.08772
909.43 27727.438 650.771 3977.917 813.81061
910.54 27236.938 280.271 3820.917 761.34884
911.66 27427.438 1160.771 4581.417 767.88623
912.77 24614.438 85.771 3214.417 784.00264
913.88 24553.438 300.271 3645.417 725.02567
914.99 23224.938 69.271 3371.417 701.23087
916.1 24278.438 349.771 3617.417 732.29069
917.22 22109.938 58.771 2918.417 771.11528
918.33 23521.438 688.771 3724.917 752.02797
919.44 23756.938 270.271 3384.417 754.19288
920.55 23849.938 660.771 3674.417 769.47217
921.66 22290.438 428.771 3272.917 768.65489
922.77 22649.438 488.271 3282.417 793.12847
923.88 22974.938 623.271 3542.917 765.56087
924.99 21302.438 373.771 3227.417 733.40097
926.1 19017.938 -11.229 2623.917 722.12952
927.21 20677.438 652.771 3484.417 707.1741
928.32 18454.938 -84.729 2456.417 729.57899
929.43 19130.438 251.771 2756.917 753.59549
930.54 18883.938 111.271 2439.417 806.33549
931.65 18011.438 266.271 2607.917 757.80743
932.76 18319.938 381.771 2750.917 757.15753
933.86 17873.438 302.271 2464.417 812.67257
934.97 15835.938 113.771 2305.417 717.36801
936.08 15201.438 164.771 2138.417 761.87256
937.19 16033.438 708.271 2768.917 743.70693
938.3 14953.938 472.271 2273.917 803.80205
939.4 13551.938 674.771 2431.417 733.05419
940.51 11368.438 305.271 1864.417 709.56589
941.62 11662.938 503.771 1984.417 753.66889
942.73 13071.938 1102.771 2513.917 848.18776
943.83 10758.938 302.771 1592.417 810.77818
944.94 10641.438 338.271 1721.417 744.90822
946.05 9697.438 -35.729 1180.417 800.32893
947.15 9631.938 -25.729 1255.417 753.83042
948.26 10211.438 228.771 1623.917 715.52856
949.36 9726.438 98.271 1469.917 701.94264
950.47 10822.938 326.771 1819.917 702.95659
951.57 12429.938 844.771 2349.917 769.70388
952.68 11869.938 568.771 1976.417 802.84164
953.79 12297.938 439.271 2026.417 747.16934
954.89 11432.938 121.771 1668.417 731.3353
955.99 12470.938 391.271 2152.917 685.70345
957.1 11077.938 230.271 1637.417 770.89856
958.2 11903.938 271.271 1806.417 757.75648
959.31 12615.938 455.771 2090.917 743.67472
960.41 11394.938 130.271 1642.917 744.69956
961.52 10850.438 10.271 1452.917 751.40875
962.62 12065.438 493.771 1946.917 796.31836
963.72 10162.938 -50.729 1492.417 661.87308
964.83 10545.438 -70.729 1396.917 723.34665
965.93 11775.438 341.771 1883.917 741.41283
967.03 12066.438 714.271 2232.917 747.51899
968.13 11539.938 466.771 1975.417 733.98055
969.24 11140.938 175.771 1604.417 767.52171
970.34 11270.938 206.771 1605.917 790.78011
971.44 10581.438 265.771 1650.417 745.00401
972.54 10954.438 346.771 1881.917 690.98758
973.64 10227.438 142.271 1643.917 671.60756
974.75 12715.438 1069.771 2472.917 829.96835
975.85 18528.938 3162.271 4867.417 901.19374
976.95 10294.938 189.771 1479.917 783.25773
978.05 11117.438 525.771 1934.917 751.63738
979.15 11808.438 896.271 2298.917 777.97015
980.25 8417.438 99.771 1282.917 703.01283
981.35 8900.438 179.271 1406.417 710.68708
982.45 11294.438 891.771 2297.417 740.06309
983.55 9467.438 462.771 1760.417 693.92332
984.65 9521.438 418.271 1628.917 751.92652
985.75 9641.938 675.271 1828.917 777.24607
986.85 8961.938 372.271 1638.417 678.41056
987.95 8582.438 185.271 1345.917 723.4909
989.05 10415.438 783.271 2071.417 747.75431
990.15 9280.438 628.271 1710.417 799.53797
991.25 8654.938 443.271 1513.917 766.98258
992.34 9666.938 835.771 1982.917 769.8382
993.44 8489.938 478.271 1473.917 804.67038
994.54 8112.938 386.771 1334.417 815.30112
995.64 8544.938 731.271 1754.417 763.69043
996.74 8773.938 789.271 1829.917 767.27995
997.83 6716.938 73.771 1008.417 710.76833
998.93 7340.438 315.271 1299.917 713.47146
1000.03 9547.938 1230.771 2285.917 788.24804
1001.12 8712.938 704.771 1735.417 777.00473
1002.22 8346.438 729.271 1828.417 693.00784
1003.32 6685.938 272.271 1190.917 698.16536
1004.41 6845.938 467.271 1408.417 677.75543
1005.51 6653.438 402.771 1217.917 766.8158
1006.6 5300.438 188.771 987.917 639.64126
1007.7 6626.438 624.271 1470.917 708.93479
1008.8 4777.438 103.271 755.917 716.18729
1009.89 6128.938 577.771 1331.917 736.08665
1010.99 5766.938 384.771 1149.417 703.87711
1012.08 5229.438 47.271 826.417 665.10867
1013.18 5960.938 394.271 1240.917 657.49653
1014.27 5838.938 202.271 1009.417 698.34549
1015.36 6158.938 334.271 1124.417 737.16354
1016.46 6275.938 402.771 1194.917 741.42497
1017.55 5354.938 148.271 862.917 728.56599
1018.65 6108.438 496.771 1208.917 787.99409
1019.74 6376.438 586.771 1441.917 677.03854
1020.83 5599.438 505.271 1239.417 693.89034
1021.93 5271.438 280.271 1081.417 623.00355
1023.02 4574.938 38.271 740.917 645.6548
1024.11 4176.438 63.771 754.417 595.48126
1025.2 4437.438 88.271 722.417 685.83066
1026.3 5194.438 454.271 1131.917 699.50508
1027.39 5310.438 597.771 1268.417 702.70575
1028.48 5072.438 486.771 1072.417 783.01028
1029.57 4233.438 312.771 901.917 665.48321
1030.66 4629.938 451.771 1035.417 715.8737
1031.75 7395.938 1483.271 2155.917 879.01626
1032.84 4914.438 652.771 1237.417 728.93136
1033.94 3356.938 161.271 678.417 617.94301
1035.03 4882.938 773.771 1262.917 840.06989
1036.12 3114.438 90.271 614.917 576.42058
1037.21 3077.438 66.771 609.417 554.81244
1038.3 4171.438 522.771 1049.417 692.81225
1039.39 2839.938 153.271 549.417 678.20138
1040.48 3703.438 455.771 904.417 723.88203
1041.57 3956.438 616.271 1021.917 823.41937
1042.66 3412.938 441.771 862.917 705.4959
1043.74 3807.938 508.271 928.417 785.3622
1044.83 3654.938 543.271 974.917 720.88415
1045.92 2365.438 45.771 481.917 531.85576
1047.01 3754.938 617.771 1054.417 718.46943
1048.1 2137.438 96.771 402.417 667.65731
1049.19 3074.438 502.271 822.417 803.43591
1050.27 2756.938 342.271 705.417 664.93028
1051.36 2674.438 305.271 681.417 629.85321
1052.45 3161.438 469.771 875.417 663.5509
1053.54 2955.438 466.771 758.417 853.31806
1054.62 3159.938 525.271 900.417 702.30459
1055.71 3086.938 467.771 822.917 737.49044
1056.8 3585.438 688.271 1055.917 788.03201
1057.88 2445.438 328.771 652.417 654.00706
1058.97 2813.438 458.771 804.417 681.23679
1060.06 3934.438 834.771 1296.917 670.71184
1061.14 2446.938 367.771 664.417 700.89189
1062.23 5836.938 1608.271 2089.917 877.96177
1063.31 2739.938 547.271 887.917 643.67921
1064.4 2072.438 279.271 610.417 541.5036
1065.48 2591.438 526.771 738.917 973.22972
1066.57 2207.438 362.771 691.917 560.44051
1067.65 2520.938 543.771 885.417 578.71815
1068.74 2146.938 357.271 635.417 643.42743
1069.82 2584.938 544.271 856.417 653.75418
1070.9 7139.438 2151.771 2635.417 1031.26394
1071.99 2590.938 561.771 908.917 584.52853
1073.07 2449.438 491.771 826.917 584.12381
1074.15 2606.438 576.771 914.417 601.12291
1075.24 2133.438 526.771 764.417 676.07599
1076.32 2465.438 625.771 880.417 722.44119
1077.4 3601.938 963.771 1324.417 731.5118
1078.49 1685.938 218.271 494.417 531.48247
1079.57 2711.938 655.271 905.917 820.5468
1080.65 3414.438 866.771 1207.917 746.797
1081.73 2034.938 382.771 651.417 614.99803
1082.81 1597.938 238.271 479.917 562.66921
1083.89 2373.438 548.771 799.417 727.98593
1084.98 2377.938 533.271 847.417 587.20067
1086.06 1483.938 267.771 470.917 598.66686
1087.14 1615.938 283.771 487.417 654.15863
1088.22 2175.938 524.771 765.417 686.13962
1089.3 1536.938 261.771 458.417 648.45859
1090.38 3818.938 1101.771 1433.417 819.29788
1091.46 2457.938 598.771 838.417 775.79749
1092.54 1792.938 405.771 657.917 550.14457
1093.62 1875.938 412.771 674.917 558.14986
1094.7 1295.938 186.271 429.417 456.37907
1095.78 2025.438 490.771 699.917 733.77822
1096.86 2192.938 545.771 843.917 552.47006
1097.93 4053.438 1146.271 1458.417 931.34909
1099.01 2844.938 802.271 1099.917 686.27429
1100.09 1542.438 334.271 492.917 761.54966
