196.55 782.789 972.948 1339.379 -51.89488
197.76 1046.875 1427.472 1995.603 -66.99088
198.96 937.879 1340.45 1803.191 -86.99719
200.16 698.856 796.077 1227.164 -22.55258
201.36 1165.483 1587.379 2062.06 -88.87989
202.56 802.107 990.115 1401.163 -45.73883
203.76 668.381 849.94 1265.984 -43.63922
204.96 763.155 932.264 1411.806 -35.26467
206.16 603.97 712.367 946.298 -46.33672
207.36 909.839 1181.173 1687.519 -53.58655
208.56 786.036 1052.507 1476.29 -62.87913
209.76 581.333 637.704 982.138 -16.36638
210.96 723.53 888.539 1380.408 -33.54722
212.16 1367.113 2056.997 2537.841 -143.47371
213.36 865.511 1126.644 1600.47 -55.11179
214.56 745.783 890.479 1274.997 -37.63062
215.76 1288.381 1834.94 2402.485 -96.30228
216.96 1062.729 1568.862 2050.473 -105.09184
218.16 811.408 985.792 1447.599 -37.76113
219.35 651.642 716.838 1152.749 -14.95636
220.55 739.638 872.359 1328.661 -29.08633
221.75 661.262 810.596 1150.265 -43.96459
222.95 1100.98 1461.314 1932.768 -76.43032
224.15 841.607 1090.029 1574.459 -51.28118
225.35 705.451 782.472 1287.36 -15.25518
226.55 607.81 792.831 1188.111 -46.80764
227.75 1010.98 1378.814 1879.768 -73.42665
228.94 889.333 1122.204 1555.138 -53.78917
230.14 757.016 919.113 1379.351 -35.22004
231.34 722.032 847.028 1265.702 -29.85522
232.54 668.528 780.549 1133.115 -31.77317
233.74 634.061 805.869 1171.11 -47.03978
234.93 718.955 791.951 1221.947 -16.97606
236.13 721.19 951.574 1439.095 -47.25609
237.33 746.422 930.131 1313.452 -47.92569
238.53 740.634 887.381 1239.073 -41.72574
239.72 1015.372 1373.993 1901.015 -68.04665
240.92 586.505 562.676 918.088 6.70454
242.12 986.648 1152.807 1622.13 -35.40386
243.31 632.346 755.63 1186.695 -28.59983
244.51 591.704 627.0 952.653 -10.83858
245.71 1025.482 1278.803 1722.062 -57.14981
246.9 1174.204 1688.0 2212.153 -98.02411
248.1 783.545 950.954 1448.759 -33.62933
249.3 738.234 982.33 1398.854 -58.60312
250.49 737.904 893.313 1321.511 -36.29359
251.69 814.684 1049.106 1539.214 -47.83051
252.89 808.433 916.154 1388.919 -22.78531
254.08 532.833 579.204 954.138 -12.36787
255.28 731.385 976.919 1400.072 -58.0247
256.47 588.007 577.666 955.382 2.73783
257.67 881.428 1159.099 1530.833 -74.69627
258.86 916.964 1172.898 1590.417 -61.29884
260.06 737.238 917.809 1356.442 -41.16679
261.26 1119.862 1459.546 1914.546 -74.65569
262.45 733.192 939.063 1294.389 -57.93866
263.65 518.099 565.158 907.488 -13.74652
264.84 897.198 1081.531 1469.771 -47.47937
266.04 638.433 804.154 1217.419 -40.10041
267.23 516.265 487.661 823.556 8.51576
268.42 586.188 706.584 1015.802 -38.93581
269.62 781.845 882.641 1322.401 -22.92072
270.81 777.327 959.736 1397.256 -41.69152
272.01 739.36 923.056 1333.752 -44.72804
273.2 870.788 1164.034 1567.583 -72.66678
274.4 567.731 664.852 908.767 -39.81757
275.59 861.225 1028.883 1499.385 -35.63398
276.78 748.497 892.718 1361.913 -30.73807
277.98 710.75 772.746 1191.206 -14.81528
279.17 763.667 903.201 1285.069 -36.53975
280.37 684.964 837.985 1198.621 -42.43082
281.56 491.219 528.915 926.504 -9.48119
282.75 588.111 617.508 1021.047 -7.28465
283.95 623.927 801.186 1237.537 -40.62285
285.14 743.259 863.193 1247.675 -31.19352
286.33 590.746 700.267 1012.118 -35.11967
287.52 752.952 948.548 1368.358 -46.5916
288.72 868.804 1136.95 1615.434 -56.04068
289.91 1039.727 1410.373 1957.179 -67.78381
291.1 845.866 1007.024 1453.634 -36.08494
292.29 797.014 997.623 1395.057 -50.47594
293.49 783.418 1044.239 1446.568 -64.82773
294.68 612.898 729.845 997.629 -43.67164
295.87 653.018 803.102 1201.145 -37.70538
297.06 812.059 940.38 1418.817 -26.8209
298.26 440.095 420.179 733.9 6.34848
299.45 647.346 789.13 1098.195 -45.87512
300.64 705.138 822.859 1190.661 -32.00677
301.83 736.032 857.028 1294.202 -27.67687
303.02 606.3 630.384 1057.142 -5.64345
304.21 851.441 1123.525 1573.39 -60.48124
305.4 653.972 875.356 1160.092 -77.75048
306.59 744.507 920.166 1316.882 -44.27816
307.79 699.694 803.053 1187.683 -26.8722
308.98 504.016 579.113 932.851 -21.22929
310.17 872.886 966.081 1430.275 -20.07677
311.36 711.701 857.597 1178.563 -45.45518
312.55 1106.524 1560.657 2066.731 -89.7365
313.74 573.563 584.359 957.404 -2.89404
314.93 864.036 1009.007 1474.29 -31.15761
316.12 681.858 787.067 1192.958 -25.92042
317.31 432.902 406.823 740.217 7.82227
318.5 550.563 574.859 920.404 -7.03122
319.69 681.24 830.799 1262.736 -34.62504
320.88 683.829 736.225 1134.55 -13.15417
322.07 592.912 607.271 993.686 -3.71582
323.26 608.808 607.342 935.817 0.44634
324.45 495.719 447.415 793.504 13.95709
325.64 662.916 766.749 1195.274 -24.23045
326.83 699.366 996.024 1395.634 -74.2372
328.01 660.215 738.436 1110.916 -21.00012
329.2 804.194 976.053 1403.683 -40.18859
330.39 644.559 727.38 1086.817 -23.0419
331.58 504.887 542.908 969.366 -8.91554
332.77 985.022 1253.081 1742.233 -54.80068
333.96 434.736 448.82 671.648 -6.32036
335.15 533.543 524.964 868.466 2.49748
336.33 531.887 590.908 878.866 -20.4964
337.52 615.719 719.415 1040.504 -32.29519
338.71 651.879 710.45 1050.191 -17.23998
339.9 596.974 614.932 995.09 -4.72392
341.08 591.091 688.2 1067.812 -25.58096
342.27 779.041 879.475 1376.672 -20.19998
343.46 913.495 1063.729 1446.619 -39.23683
344.65 796.995 897.229 1356.119 -21.84268
345.83 788.823 983.257 1460.668 -40.7267
347.02 496.155 470.264 791.306 8.06474
348.21 804.188 1021.584 1513.302 -44.21164
349.4 452.206 462.989 862.946 -2.6962
350.58 644.786 718.045 1108.789 -18.74843
351.77 549.561 575.369 941.11 -7.05652
352.96 420.354 324.088 698.37 25.72023
354.14 626.717 619.926 1114.21 1.37398
355.33 581.846 536.13 920.695 11.88779
356.51 452.777 387.098 701.82 20.86892
357.7 612.676 679.734 1173.743 -13.57431
358.89 601.088 511.721 949.225 20.42647
360.07 805.109 915.105 1399.957 -22.68647
361.26 893.757 1061.79 1572.085 -32.92858
362.44 705.313 733.483 1177.108 -6.35005
363.63 599.523 481.743 950.435 25.12948
364.81 610.579 531.437 1069.458 14.70993
366.0 473.898 276.518 729.538 43.5698
367.18 1180.496 1403.392 2092.821 -32.3304
368.37 596.58 529.85 875.253 19.3193
369.55 719.707 737.065 1246.445 -3.40771
370.74 796.039 911.572 1458.582 -21.12085
371.92 1015.249 1158.332 1668.41 -28.05123
373.11 616.796 476.078 1016.963 26.01613
374.29 571.351 421.772 908.985 30.70109
375.48 655.433 531.741 1060.623 23.38743
376.66 574.547 441.53 902.257 28.87104
377.84 906.08 953.85 1582.253 -7.60189
379.03 627.543 405.051 908.67 44.17863
380.21 575.776 332.184 747.024 58.71958
381.39 504.105 266.212 675.074 58.18408
382.58 873.377 816.548 1409.101 9.59058
383.76 1084.501 1148.784 1715.705 -11.33901
384.94 1098.856 1254.164 1936.868 -22.74897
386.13 724.46 426.593 963.237 55.50544
387.31 834.081 618.339 1185.047 38.06935
388.49 695.442 474.688 1029.093 39.8183
389.68 891.894 637.952 1263.246 40.61163
390.86 805.058 567.466 1204.521 37.29539
392.04 1086.848 982.706 1677.693 14.98472
393.22 908.058 445.466 1111.021 69.50476
394.41 912.607 473.202 1085.367 71.77872
395.59 736.392 193.463 865.952 80.73431
396.77 937.018 552.689 1295.349 51.75031
397.95 992.705 637.576 1375.151 48.14823
399.13 1130.02 792.678 1560.643 43.92669
400.31 995.641 447.511 1233.657 69.72367
401.5 1251.921 626.304 1514.36 70.44792
402.68 1322.604 734.712 1616.074 66.70274
403.86 1160.562 434.445 1296.108 84.26923
405.04 1353.504 807.263 1861.292 51.82413
406.22 1092.925 367.783 1341.448 74.47554
407.4 1375.292 697.013 1747.671 64.55757
408.58 1401.255 814.301 1875.791 55.2953
409.76 1587.597 947.755 2029.398 59.15462
410.94 1509.558 624.466 1721.521 80.67895
412.12 1474.979 502.9 1505.972 96.91024
413.3 1343.535 359.093 1500.994 86.2108
414.48 1241.865 371.111 1363.838 87.7134
415.66 1298.168 445.277 1491.567 81.51577
416.84 1811.367 1233.1 2392.132 49.89226
418.02 1571.908 623.378 1795.303 80.93775
419.2 1562.203 419.586 1512.357 104.56146
420.38 1632.224 583.97 1792.589 86.73156
421.56 1616.174 427.245 1581.949 102.96401
422.74 1846.423 1081.794 2295.154 63.01751
423.92 1697.886 865.995 2097.57 67.54695
425.1 1542.365 464.111 1706.838 86.7652
426.28 1526.462 405.995 1712.327 85.77198
427.46 2224.796 1356.492 2799.259 60.18328
428.63 1820.153 571.861 2000.716 87.36309
429.81 1865.968 687.964 1968.209 92.01395
430.99 1945.001 754.784 2180.705 83.47005
432.17 2097.989 1145.347 2523.941 69.10241
433.35 1846.495 827.316 2288.823 69.73479
434.52 1529.949 155.069 1442.77 106.7701
435.7 1759.649 376.383 1827.128 95.34866
436.88 2098.533 840.104 2306.7 85.8061
438.06 2167.122 552.531 2072.014 106.25924
439.23 2050.031 399.115 1956.406 106.01204
440.41 2285.605 594.126 2298.869 99.22191
441.59 2356.56 828.456 2548.315 88.85057
442.77 2064.095 276.679 1951.4 106.72921
443.94 2360.024 760.657 2663.231 84.06331
445.12 2369.325 769.833 2568.167 88.94301
446.3 2612.198 1093.118 2946.475 81.96367
447.47 2583.012 666.72 2632.968 97.45934
448.65 2742.526 720.646 2715.525 101.3535
449.82 2763.026 500.146 2418.525 117.95791
451.0 2956.18 609.213 2599.83 117.90148
452.18 2957.827 476.823 2644.96 114.43019
453.35 3001.69 530.16 2753.3 111.17293
454.53 2961.819 558.865 2819.285 106.30565
455.7 2918.842 334.238 2713.311 108.63912
456.88 3370.14 945.935 3424.159 97.82023
458.05 3352.504 591.763 3040.792 112.72799
459.23 3381.5 315.784 2806.205 123.10035
460.4 3814.69 580.16 3298.8 118.97603
461.58 4093.974 719.432 3462.09 123.03908
462.75 3993.325 315.333 3204.667 127.29552
463.93 4175.85 628.696 3520.987 122.64168
465.1 4239.707 525.065 3629.945 119.63884
466.28 4038.443 218.101 3243.888 126.25943
467.45 3970.69 146.66 3291.8 121.58537
468.63 4257.84 523.249 3846.018 112.39396
469.8 4735.667 870.287 4222.273 115.31609
470.97 4788.838 405.259 3823.724 128.23241
472.15 5064.929 595.675 4138.332 126.15545
473.32 5525.943 704.601 4322.388 133.2677
474.49 5819.128 859.499 4671.896 130.09214
475.67 5764.115 507.573 4177.839 143.21964
476.84 5563.447 327.08 4088.476 139.21339
478.01 5784.989 636.347 4688.941 127.04557
479.19 5727.92 548.728 4557.862 129.18481
480.36 5556.624 309.02 4472.808 126.02957
481.53 5805.313 596.897 4836.903 122.83983
482.7 5991.771 497.129 4733.938 129.68822
483.88 6280.578 275.774 4583.755 139.38789
485.05 6465.64 361.935 4823.659 136.80148
486.22 6971.721 478.405 4938.797 145.57723
487.39 7008.686 333.595 4795.508 149.60156
488.56 7265.817 485.876 5021.991 149.46581
489.74 7431.091 897.2 5619.313 138.36797
490.91 6843.267 242.651 4990.851 139.01303
492.08 6877.817 375.876 5230.491 133.93319
493.25 6677.755 278.714 5092.587 132.92917
494.42 6710.744 476.778 5228.824 131.18489
495.59 6836.414 417.26 5317.48 130.99725
496.76 7049.172 465.756 5367.155 134.31709
497.93 7430.132 610.478 5616.483 136.22945
499.1 7711.582 572.753 5591.843 142.23354
500.27 8287.908 1040.792 6267.099 138.66611
501.44 8548.788 1228.534 6296.083 144.45354
502.61 7954.103 423.137 5408.076 151.07439
503.78 8138.383 629.929 5761.278 146.32515
504.95 8391.466 1123.474 6516.415 134.76861
506.12 7888.047 696.943 5888.053 138.52729
507.29 7571.927 335.186 5433.538 141.94276
508.46 7529.431 32.165 5307.125 142.12934
509.63 8254.932 1258.165 6645.125 129.8834
510.8 8347.94 1179.612 6671.095 130.53539
511.97 8163.619 558.552 5824.426 144.42173
513.14 8501.032 258.528 5792.702 148.93829
514.31 8910.75 785.746 6241.206 148.93345
515.48 9074.202 495.01 6045.359 154.57033
516.65 9145.778 525.087 6124.614 153.95393
517.81 9261.572 355.806 5922.374 159.98667
518.98 9281.626 695.01 6349.102 151.86551
520.15 9034.347 161.13 5858.695 155.737
521.32 9062.608 703.605 6464.457 145.10012
522.49 9658.869 1502.503 7468.221 136.72061
523.65 9465.563 1158.859 7184.404 137.85812
524.82 9215.114 638.073 6545.839 145.18248
525.99 8976.034 78.517 6017.496 149.8156
527.16 9684.491 631.25 6882.031 144.83377
528.32 10075.762 730.182 7018.969 148.60704
529.49 10458.772 411.619 6654.732 160.93179
530.66 10693.47 114.367 6539.298 164.65705
531.82 10955.636 180.957 6592.071 168.06249
532.99 11285.078 320.274 6997.255 164.21798
534.16 11454.248 444.256 7148.912 164.21414
535.32 11802.055 794.401 7641.229 160.77013
536.49 11544.887 294.408 7207.866 162.73301
537.65 12283.45 1011.059 8080.564 159.45093
538.82 11785.07 321.816 7430.58 161.25525
539.99 12042.088 642.721 8076.725 153.34089
541.15 12106.981 818.39 8357.766 149.72846
542.32 12203.207 147.979 7854.74 156.42405
543.48 13200.009 811.155 8785.676 155.35546
544.65 13799.151 992.785 8917.718 161.5959
545.81 14786.908 1483.292 10133.099 153.80247
546.98 15114.185 503.106 9285.714 166.36378
548.14 15778.908 783.792 9857.099 165.26628
549.31 16347.727 402.873 9415.179 176.92313
550.47 16807.047 469.443 9763.554 175.78448
551.63 17497.072 914.806 10766.874 168.31254
552.8 17399.613 454.584 10034.545 176.87994
553.96 17482.23 459.852 10240.767 174.03667
555.13 17611.879 391.45 10690.69 167.20096
556.29 18077.188 934.084 11394.302 163.88859
557.45 17679.803 274.46 10552.64 169.34266
558.62 18292.209 523.468 11224.534 166.04645
559.78 18392.184 771.606 11627.214 162.31774
560.94 18278.373 371.982 11276.809 164.20611
562.11 19496.354 391.088 11510.37 171.82103
563.27 19814.041 157.975 11361.672 175.44268
564.43 20430.889 32.397 11656.66 175.48202
565.59 21086.643 205.838 12004.749 176.97231
566.76 21742.115 351.073 12192.839 180.64064
567.92 22539.641 571.349 12448.455 184.96334
569.08 23038.195 715.042 13216.978 178.55758
570.24 23236.291 352.024 12896.877 182.41957
571.4 23368.895 226.366 12819.042 183.77768
572.57 23370.309 367.342 13100.317 180.65665
573.73 23268.865 55.524 13072.134 178.33631
574.89 23649.0 452.697 13544.0 177.18865
576.05 23685.1 476.158 13770.987 174.57119
577.21 23391.756 157.714 13514.587 173.94821
578.37 23147.045 18.954 13640.76 169.78726
579.53 24050.01 193.644 13978.47 173.06251
580.69 24298.363 597.535 14724.34 167.77204
581.85 24613.885 351.919 14327.072 173.60787
583.01 25530.059 401.88 14435.816 179.05296
584.17 26384.234 484.83 14656.854 182.75021
585.33 26610.533 572.517 14948.496 181.12169
586.49 27513.58 377.763 14735.049 189.00381
587.65 27821.744 573.278 15187.824 186.44757
588.81 28060.699 566.521 15553.064 183.4591
589.97 28583.049 929.433 15628.847 188.12734
591.13 27983.625 421.02 15287.808 185.39718
592.29 27858.189 336.574 15254.096 184.49187
593.45 27940.686 213.595 14965.508 187.9559
594.61 27629.119 134.052 15178.927 182.75371
595.77 27311.377 196.961 15395.896 178.39681
596.93 26948.445 91.091 14998.683 180.15891
598.09 27037.082 382.753 15545.343 175.79008
599.24 27176.857 138.067 15446.458 176.62725
600.4 27299.08 291.763 15433.549 178.36283
601.56 27062.557 233.39 15322.522 177.80457
602.72 27570.682 368.616 15465.42 180.18427
603.87 28128.768 473.064 15310.146 186.39583
605.03 27825.182 232.116 15238.92 183.87037
606.19 28049.867 148.514 14826.428 190.09073
607.35 28016.689 -3.926 15131.096 185.1376
608.5 28571.211 594.457 15492.328 187.79028
609.66 29327.342 989.651 15859.107 190.57651
610.82 28507.24 146.299 15137.236 189.18724
611.97 28271.688 125.084 14915.802 190.29911
613.13 28660.658 573.754 15514.6 187.98738
614.29 28172.371 496.993 15383.016 185.91519
615.44 28116.029 717.539 15456.908 185.88645
616.6 27734.344 180.141 14843.401 187.91321
617.76 27451.703 663.0 15414.652 181.59798
618.91 27659.48 726.314 15170.268 186.46672
620.07 27070.027 641.049 15204.114 181.4795
621.22 26579.357 17.567 14577.958 182.42498
622.38 27384.188 1061.084 15637.302 180.5894
623.53 26557.895 78.366 14625.542 182.02521
624.69 27082.678 112.137 14268.832 190.51439
625.84 26874.195 217.542 14299.978 189.29008
627.0 27212.469 488.964 14831.709 186.32071
628.15 27269.018 -0.398 14734.646 185.06505
629.31 27294.43 318.175 14728.331 187.20307
630.46 27467.209 -23.532 14344.034 191.33889
631.61 27578.012 374.134 14629.264 190.83571
632.77 28234.094 228.189 14833.106 191.75668
633.92 27901.559 495.38 14691.816 193.0497
635.08 28283.781 949.577 15177.407 192.11787
636.23 28482.373 308.482 14744.809 195.1597
637.38 27598.705 -74.511 14334.446 192.05565
638.54 28026.914 654.76 15135.48 189.02481
639.69 27772.311 936.831 15459.111 184.78833
640.84 27675.613 490.402 14738.753 190.79549
641.99 27607.426 97.409 14039.882 197.31089
643.15 27757.74 816.916 14835.512 192.17919
644.3 27140.553 95.422 14179.142 192.03117
645.45 26833.367 -58.071 14110.771 189.79277
646.6 27354.18 811.436 15075.401 186.0825
647.75 27099.494 161.942 14418.031 188.95471
648.91 27669.807 -136.551 13971.661 197.09342
650.06 27269.621 225.455 14825.291 185.2361
651.21 28331.934 417.462 14565.42 197.30389
652.36 28227.748 450.969 14709.05 194.81429
653.51 27883.561 101.475 14213.68 196.86567
654.66 28267.375 273.982 14861.81 191.89556
655.81 28893.188 651.989 15048.939 196.16097
656.96 28920.002 69.495 14402.569 201.28625
658.11 29233.814 365.002 14800.199 199.98904
659.27 29262.629 531.009 14925.328 199.60388
660.42 29165.441 29.015 14459.958 201.90245
661.57 29967.256 421.022 14835.088 204.98195
662.72 29016.07 -139.971 14611.718 197.64545
663.87 29416.883 -99.965 14122.848 207.53172
665.01 29655.197 316.042 14693.978 204.0568
666.16 30091.01 41.049 14739.607 204.44155
667.31 30270.824 95.555 14982.237 202.69976
668.46 30546.637 760.562 15722.366 199.08077
669.61 29944.951 206.069 15547.996 193.84059
670.76 30755.264 4.575 15214.626 202.17348
671.91 30940.078 769.582 16378.756 193.28695
673.06 32039.891 519.589 16014.886 203.41851
674.21 30800.705 -161.405 15583.016 196.65449
675.35 31438.018 284.102 15720.146 201.82578
676.5 31105.332 167.609 15849.774 197.27966
677.65 31794.145 72.615 15783.904 201.90278
678.8 31761.459 -110.878 15727.034 201.24077
679.94 33272.273 40.629 16048.164 207.60001
681.09 34071.586 370.135 17049.793 202.05121
682.24 34754.898 363.142 17513.924 200.52588
683.39 34382.211 -1.851 17222.553 199.6241
684.53 35703.527 558.155 17196.684 211.22885
685.68 35680.84 214.662 17614.813 203.82685
686.83 36335.152 301.169 17607.443 208.2134
687.97 36418.469 298.175 17622.072 208.49982
689.12 37190.781 178.182 17514.703 213.49496
690.27 35727.594 68.189 17408.832 205.64061
691.41 37007.906 468.195 17969.961 208.77728
692.56 36704.223 358.702 17742.592 209.07588
693.7 37636.035 378.709 17681.721 215.32278
694.85 37057.848 48.215 17192.852 215.86712
695.99 36774.66 398.222 17794.98 209.09894
697.14 36883.977 184.229 17551.111 211.3203
698.28 36967.789 342.735 18251.74 204.50636
699.43 36737.602 391.242 18390.369 201.93401
700.57 36598.414 -74.251 17710.5 206.20286
701.72 36868.23 -50.745 17219.129 213.77675
702.86 36777.543 -107.738 17549.26 208.89894
704.01 37705.855 50.269 17415.389 216.84611
705.15 37799.668 433.275 18332.02 208.76544
706.29 38249.484 126.782 17723.648 216.64483
707.44 37991.797 171.288 18374.777 207.76516
708.58 38284.609 -124.205 17936.408 212.66617
709.72 38999.926 629.302 18731.037 211.97208
710.87 38821.238 -137.192 17783.168 217.39759
712.01 38756.551 0.315 17644.297 219.65697
713.15 39684.863 217.322 18427.928 216.72833
714.3 39427.18 348.828 17921.557 222.38067
715.44 39703.992 92.335 18611.186 213.89911
716.58 39833.305 277.342 18420.816 218.01757
717.72 39457.617 52.848 18398.945 214.78557
718.87 40935.934 240.855 18262.076 225.81754
720.01 39068.746 117.362 18078.205 216.86835
721.15 39546.559 -54.132 17879.836 220.81388
722.29 39377.371 345.875 18022.965 220.80273
723.43 40203.688 498.882 18553.596 219.91379
724.57 39913.0 450.388 18287.225 221.24222
725.72 39072.813 244.895 18067.354 217.85949
726.86 39637.125 678.902 18459.484 219.10544
728.0 39288.941 164.408 17772.113 222.20121
729.14 39799.754 -2.085 17477.244 227.70805
730.28 38720.066 481.422 17805.373 220.72704
731.42 39409.883 10.928 17753.004 222.06508
732.56 40297.195 722.435 18545.133 222.04697
733.7 39325.508 386.942 18597.262 213.82692
734.84 39458.32 -127.052 17331.393 226.74055
735.98 39370.637 148.955 17932.521 220.55015
737.12 39825.449 -3.038 17789.152 223.85376
738.26 39302.762 17.468 17486.281 224.88817
739.4 40012.074 228.475 17917.912 224.90031
740.53 39844.891 407.482 18162.541 222.11927
741.67 39216.203 273.488 17733.67 223.03728
742.81 40027.516 -222.505 17185.301 231.21823
743.95 39106.328 241.002 17969.93 219.21983
745.09 39755.145 19.508 17370.561 229.00995
746.23 39767.957 399.515 17605.189 228.8108
747.36 39782.77 453.522 17477.32 231.0251
748.5 39713.582 60.028 17069.949 233.12015
749.64 38434.398 25.035 17006.078 226.18966
750.78 39186.711 -5.458 16833.209 232.75102
751.92 39047.023 74.548 16909.838 231.49275
753.05 38257.836 155.555 16258.969 236.60996
754.19 39501.152 635.562 16783.098 240.69053
755.33 38329.465 -151.932 16117.228 236.52972
756.46 37691.777 245.075 16057.357 236.82035
757.6 37668.594 82.082 15697.487 240.70148
758.74 36784.906 562.088 16315.617 229.93463
759.87 36474.219 244.595 16092.247 228.61193
761.01 35752.531 271.102 15563.377 232.02191
762.14 36142.348 234.608 15825.006 230.31959
763.28 36799.16 408.115 15272.136 244.82639
764.41 35494.473 249.121 15157.766 236.40883
765.55 35578.785 -123.872 14748.896 240.05389
766.69 34506.102 289.635 15202.025 229.44991
767.82 34894.414 266.641 15014.155 234.80414
768.95 34617.727 26.148 14525.285 238.57681
770.09 33941.539 737.655 15281.915 228.29545
771.22 34595.355 661.661 15275.044 232.20972
772.36 34196.668 504.168 14678.674 237.69788
773.49 33529.98 489.175 14838.804 230.25547
774.63 33243.293 196.181 14003.434 239.34604
775.76 32002.107 154.688 13969.563 230.52991
776.89 32992.922 428.195 14067.693 238.75311
778.03 33079.234 360.201 13450.823 249.94254
779.16 32470.549 8.708 13358.952 243.15541
780.29 31720.863 308.215 13035.582 246.81183
781.43 32311.676 606.221 13093.712 253.89773
782.56 31303.49 315.228 13181.842 240.84241
783.69 30601.803 11.735 12475.972 245.42271
784.82 30157.117 233.241 12821.602 237.71067
785.96 29929.93 116.748 12587.731 239.06039
787.09 29524.744 204.255 12186.361 244.70229
788.22 29451.557 394.261 12237.99 245.33908
789.35 29651.871 157.768 11739.62 254.65791
790.48 28953.684 142.275 12009.25 242.78646
791.62 28127.498 580.281 11944.38 242.40565
792.75 28402.811 5.288 11194.01 253.80489
793.88 27749.125 737.795 11788.14 244.4388
795.01 27469.938 353.801 11355.77 246.46623
796.14 27822.752 404.808 11514.898 246.78417
797.27 26187.064 493.815 11487.528 233.70856
798.4 26766.879 283.321 10909.158 249.23738
799.53 26075.691 -4.672 10310.788 252.82792
800.66 25283.506 316.335 10739.418 239.53729
801.79 26662.32 1276.841 11846.548 240.17203
802.92 25292.633 199.848 10216.178 250.51876
804.05 24938.447 381.855 10327.308 246.91276
805.18 25039.26 290.861 10017.937 254.42795
806.31 25160.074 215.868 9756.066 261.46423
807.44 24374.887 -64.625 9580.196 253.39517
808.57 24689.201 400.381 10089.826 250.67298
809.69 24457.014 400.888 9940.456 252.17206
810.82 22922.328 -163.605 9102.586 249.14156
811.95 24330.141 988.401 10112.216 255.83312
813.08 23376.955 103.908 8928.345 263.73408
814.21 23134.768 1064.915 10169.975 242.39108
815.33 23042.082 282.921 9203.104 255.1423
816.46 22211.395 308.928 9013.734 251.61348
817.59 21878.709 847.435 9490.864 243.32094
818.72 22189.521 504.441 8670.494 265.55155
819.84 22300.836 896.448 9116.124 260.40427
820.97 21012.648 446.454 8550.754 253.76893
822.1 20950.963 593.961 8538.383 256.24271
823.22 20082.275 -30.532 7767.513 257.92116
824.35 20638.59 92.474 7844.143 265.05412
825.48 20288.404 574.481 7850.272 270.95229
826.6 19404.717 310.488 7455.902 267.22353
827.73 19581.531 -144.506 7245.032 266.94549
828.85 19692.844 268.501 7361.662 273.84609
829.98 19228.158 610.008 7638.292 264.90323
831.11 19021.971 70.014 6945.921 275.62846
832.23 18952.285 81.521 6962.051 274.26325
833.36 18992.098 524.528 7592.181 261.29707
834.48 17902.412 259.034 6894.811 265.88265
835.6 18285.225 482.041 7014.94 272.51581
836.73 17952.039 -7.952 6711.07 267.30067
837.85 17290.352 535.054 6989.7 259.58509
838.98 17426.166 -104.439 6228.33 276.82371
840.1 17973.979 458.568 6766.959 277.65258
841.23 16810.793 371.074 6570.589 265.17752
842.35 17342.605 720.581 7111.219 260.09962
843.47 17038.42 248.588 6354.849 274.96094
844.6 16237.733 26.594 6149.978 264.74152
845.72 16463.547 155.101 6077.608 275.3639
846.84 16881.359 134.608 5955.738 287.68901
847.96 16312.674 139.114 5813.368 285.03414
849.09 16460.488 58.121 5820.497 284.6459
850.21 16187.301 232.628 5935.127 279.78387
851.33 15801.614 385.134 5976.757 275.70674
852.45 15206.428 25.141 5610.387 271.81054
853.57 15166.241 232.148 5832.016 266.68651
854.7 14963.555 67.654 5477.146 275.36599
855.82 14586.868 -0.339 5659.776 257.71928
856.94 15205.182 485.168 5827.405 275.54023
858.06 14526.995 -64.326 5132.035 280.79884
859.18 14277.81 425.181 5653.165 264.97075
860.3 14912.623 244.688 5345.295 287.57233
861.42 14467.937 -89.306 5013.424 285.28341
862.54 13798.25 -65.799 4962.554 275.71748
863.66 14007.563 50.708 4975.184 283.41806
864.78 14014.877 186.714 5073.814 282.95233
865.9 13824.69 244.221 5222.943 272.77017
867.02 14556.004 1277.228 6443.073 257.04942
868.14 14397.317 879.234 5701.203 280.34364
869.26 13593.131 575.741 5163.833 283.7212
870.38 12845.444 -90.252 4456.962 284.47516
871.5 12852.758 -94.746 4453.592 284.66449
872.62 13157.071 69.761 4578.222 290.2833
873.74 13086.385 699.268 5511.852 257.39015
874.85 12452.542 40.271 4430.417 282.73028
875.97 12434.542 286.271 4564.417 283.96114
877.09 12807.542 373.271 4811.917 280.1366
878.21 12084.542 220.771 4370.917 285.86397
879.33 12346.542 334.771 4641.417 278.91246
880.44 11927.042 254.771 4375.417 283.26316
881.56 11694.542 111.271 4114.417 289.35423
882.68 11703.042 256.271 4367.917 278.39877
883.79 12325.542 826.771 4988.417 276.30346
884.91 11684.042 -58.229 3702.917 312.1993
886.03 11684.542 456.271 4455.417 280.76675
887.14 12041.042 659.271 4800.417 274.84595
888.26 11848.542 777.271 4809.917 274.54113
889.38 12242.542 636.271 4577.417 294.48978
890.49 11590.042 -89.729 4014.417 284.5847
891.61 12350.042 307.771 4176.917 311.23851
892.72 11499.042 -13.229 4058.417 282.74244
893.84 12077.042 -99.229 3906.917 303.93978
894.95 11925.042 -87.229 3941.917 298.13443
896.07 12319.042 152.271 4075.417 310.12793
897.18 12033.542 384.271 4307.417 296.937
898.3 11652.542 -41.229 3881.917 298.07128
899.41 11973.542 577.271 4446.917 294.50425
900.53 11697.542 335.771 4029.417 307.60315
901.64 11383.542 462.271 4350.417 280.88637
902.75 11296.542 262.771 4055.917 290.88707
903.87 11318.542 116.771 3876.417 297.9475
904.98 11466.042 403.771 4044.917 303.81291
906.09 10966.542 235.771 3943.917 289.38374
907.21 10810.042 438.771 3919.917 297.92693
908.32 10661.042 198.271 3488.417 318.00326
909.43 10462.042 650.771 3977.917 294.88551
910.54 10412.042 280.271 3820.917 286.15601
911.66 10393.042 1160.771 4581.417 269.8985
912.77 9714.042 85.771 3214.417 307.74563
913.88 9816.542 300.271 3645.417 284.48
914.99 9201.542 69.271 3371.417 276.55565
916.1 9872.042 349.771 3617.417 291.41074
917.22 9304.042 58.771 2918.417 323.30126
918.33 9463.542 688.771 3724.917 289.01019
919.44 9198.542 270.271 3384.417 286.70048
920.55 9638.542 660.771 3674.417 297.90398
921.66 9035.042 428.771 3272.917 302.59598
922.77 8859.042 488.271 3282.417 299.58246
923.88 9108.042 623.271 3542.917 290.60959
924.99 8660.542 373.771 3227.417 290.39241
926.1 8033.542 -11.229 2623.917 305.28748
927.21 8135.542 652.771 3484.417 264.25517
928.32 7791.542 -84.729 2456.417 309.94956
929.43 7708.042 251.771 2756.917 297.63818
930.54 7354.542 111.271 2439.417 311.11756
931.65 7563.042 266.271 2607.917 311.60863
932.76 7346.542 381.771 2750.917 293.97812
933.86 7010.042 302.271 2464.417 310.23673
934.97 6834.542 113.771 2305.417 306.65404
936.08 6456.542 164.771 2138.417 318.78923
937.19 6248.542 708.271 2768.917 268.86087
938.3 5656.042 472.271 2273.917 287.72417
939.4 5198.042 674.771 2431.417 257.49473
940.51 4706.542 305.271 1864.417 282.28731
941.62 4662.042 503.771 1984.417 280.84169
942.73 4828.542 1102.771 2513.917 264.02449
943.83 4125.042 302.771 1592.417 296.38143
944.94 4058.042 338.271 1721.417 268.93556
946.05 3862.042 -35.729 1180.417 320.50194
947.15 4128.042 -25.729 1255.417 324.22311
948.26 4144.042 228.771 1623.917 280.63523
949.36 4411.042 98.271 1469.917 314.42306
950.47 4397.042 326.771 1819.917 272.597
951.57 4818.042 844.771 2349.917 263.9791
952.68 4707.542 568.771 1976.417 294.02074
953.79 4664.042 439.271 2026.417 266.18668
954.89 4569.542 121.771 1668.417 287.57526
955.99 4718.042 391.271 2152.917 245.60955
957.1 4751.042 230.271 1637.417 321.27237
958.2 4877.042 271.271 1806.417 300.02171
959.31 4921.042 455.771 2090.917 273.08087
960.41 4582.542 130.271 1642.917 294.33663
961.52 4556.042 10.271 1452.917 315.09957
962.62 4758.042 493.771 1946.917 293.45099
963.72 4432.042 -50.729 1492.417 290.4956
964.83 4706.542 -70.729 1396.917 325.5057
965.93 5006.542 341.771 1883.917 302.48571
967.03 4960.042 714.271 2232.917 279.57607
968.13 4847.042 466.771 1975.417 290.34454
969.24 4524.542 175.771 1604.417 304.3981
970.34 4644.042 206.771 1605.917 317.14141
971.44 4536.542 265.771 1650.417 308.43778
972.54 4577.542 346.771 1881.917 275.59406
973.64 4221.542 142.271 1643.917 271.65332
974.75 4845.542 1069.771 2472.917 269.09324
975.85 5807.542 3162.271 4867.417 155.13458
976.95 4060.042 189.771 1479.917 299.9871
978.05 4459.542 525.771 1934.917 279.15995
979.15 4643.042 896.271 2298.917 267.12163
980.25 3967.042 99.771 1282.917 326.86343
981.35 3969.542 179.271 1406.417 308.86883
982.45 4608.042 891.771 2297.417 264.38171
983.55 4175.542 462.771 1760.417 286.11588
984.65 4180.042 418.271 1628.917 310.7243
985.75 3960.542 675.271 1828.917 284.77293
986.85 3786.542 372.271 1638.417 269.65859
987.95 3517.042 185.271 1345.917 287.06182
989.05 3814.042 783.271 2071.417 235.28164
990.15 3640.042 628.271 1710.417 278.31471
991.25 3428.542 443.271 1513.917 278.829
992.34 3695.042 835.771 1982.917 249.25087
993.44 3464.542 478.271 1473.917 299.93306
994.54 3208.542 386.771 1334.417 297.76642
995.64 3266.042 731.271 1754.417 247.74288
996.74 3339.542 789.271 1829.917 245.06618
997.83 2879.042 73.771 1008.417 300.14266
998.93 3015.542 315.271 1299.917 274.2378
1000.03 3390.542 1230.771 2285.917 204.68932
1001.12 3181.042 704.771 1735.417 240.26401
1002.22 3054.542 729.271 1828.417 211.55254
1003.32 2685.042 272.271 1190.917 262.64431
1004.41 2756.542 467.271 1408.417 243.24296
1005.51 2582.542 402.771 1217.917 267.40872
1006.6 2345.542 188.771 987.917 269.88451
1007.7 2574.042 624.271 1470.917 230.29358
1008.8 2231.042 103.271 755.917 326.02228
1009.89 2403.042 577.771 1331.917 242.03157
1010.99 2551.542 384.771 1149.417 283.36924
1012.08 2396.542 47.271 826.417 301.51876
1013.18 2457.042 394.271 1240.917 243.64037
1014.27 2585.042 202.271 1009.417 295.20946
1015.36 2641.042 334.271 1124.417 291.94244
1016.46 2622.542 402.771 1194.917 280.22252
1017.55 2382.042 148.271 862.917 312.57033
1018.65 2438.542 496.771 1208.917 272.6648
1019.74 2524.542 586.771 1441.917 226.60123
1020.83 2261.542 505.271 1239.417 239.22645
1021.93 2153.042 280.271 1081.417 233.76156
1023.02 1962.042 38.271 740.917 273.78953
1024.11 1967.542 63.771 754.417 275.6508
1025.2 1932.542 88.271 722.417 290.82754
1026.3 2027.542 454.271 1131.917 232.16713
1027.39 1945.042 597.771 1268.417 200.89156
1028.48 1904.042 486.771 1072.417 242.00136
1029.57 1818.542 312.771 901.917 255.5854
1030.66 1726.042 451.771 1035.417 218.32948
1031.75 2275.042 1483.271 2155.917 117.70991
1032.84 1751.042 652.771 1237.417 187.85234
1033.94 1486.042 161.271 678.417 256.16966
1035.03 1758.042 773.771 1262.917 201.22237
1036.12 1242.042 90.271 614.917 219.533
1037.21 1397.542 66.771 609.417 245.23744
1038.3 1577.042 522.771 1049.417 200.18593
1039.39 1234.042 153.271 549.417 272.82143
1040.48 1430.042 455.771 904.417 217.1581
1041.57 1510.542 616.271 1021.917 220.45604
1042.66 1381.042 441.771 862.917 223.02744
1043.74 1372.542 508.271 928.417 205.70733
1044.83 1346.042 543.271 974.917 185.97903
1045.92 1055.042 45.771 481.917 231.40673
1047.01 1293.042 617.771 1054.417 154.64956
1048.1 942.542 96.771 402.417 276.71599
1049.19 1139.042 502.271 822.417 198.90022
1050.27 1034.042 342.271 705.417 190.49393
1051.36 1013.042 305.271 681.417 188.16394
1052.45 1060.042 469.771 875.417 145.51382
1053.54 963.542 466.771 758.417 170.33359
1054.62 1005.542 525.271 900.417 128.02243
1055.71 938.542 467.771 822.917 132.55705
1056.8 1097.042 688.271 1055.917 111.18604
1057.88 898.542 328.771 652.417 176.04763
1058.97 965.542 458.771 804.417 146.61563
1060.06 1126.542 834.771 1296.917 63.13393
1061.14 864.042 367.771 664.417 167.29405
1062.23 1563.542 1608.271 2089.917 -9.28675
1063.31 921.542 547.271 887.917 109.87095
1064.4 744.042 279.271 610.417 140.35231
1065.48 898.042 526.771 738.917 175.00735
1066.57 802.542 362.771 691.917 133.60972
1067.65 872.042 543.771 885.417 96.08513
1068.74 795.042 357.271 635.417 157.38896
1069.82 813.542 544.271 856.417 86.26443
1070.9 1725.042 2151.771 2635.417 -88.23171
1071.99 812.042 561.771 908.917 72.09386
1073.07 778.542 491.771 826.917 85.56599
1074.15 807.542 576.771 914.417 68.34701
1075.24 723.042 526.771 764.417 82.58964
1076.32 788.542 625.771 880.417 63.92048
1077.4 986.042 963.771 1324.417 6.17528
1078.49 602.042 218.271 494.417 138.97398
1079.57 767.042 655.271 905.917 44.59314
1080.65 959.042 866.771 1207.917 27.04734
1081.73 623.542 382.771 651.417 89.62389
1082.81 523.542 238.271 479.917 118.05329
1083.89 706.042 548.771 799.417 62.74624
1084.98 698.042 533.271 847.417 52.45043
1086.06 492.542 267.771 470.917 110.64506
1087.14 509.542 283.771 487.417 110.86445
1088.22 664.542 524.771 765.417 58.08156
1089.3 445.042 261.771 458.417 93.19843
1090.38 949.542 1101.771 1433.417 -45.90114
1091.46 673.542 598.771 838.417 31.20057
1092.54 514.542 405.771 657.917 43.13807
1093.62 531.542 412.771 674.917 45.30716
1094.7 405.542 186.271 429.417 90.18079
1095.78 596.542 490.771 699.917 50.57277
1096.86 607.542 545.771 843.917 20.71834
1097.93 996.042 1146.271 1458.417 -48.1279
1099.01 686.542 802.271 1099.917 -38.88149
1100.09 444.542 334.271 492.917 69.50755
