196.55 1403.593 972.948 0.0 430.64539
197.76 1954.52 1427.472 0.0 527.0481
198.96 1739.728 1340.45 0.0 399.27722
200.16 1127.48 796.077 0.0 331.40314
201.36 2077.34 1587.379 0.0 489.96057
202.56 1336.602 990.115 0.0 346.48657
203.76 1203.081 849.94 0.0 353.1416
204.96 1345.061 932.264 0.0 412.79681
206.16 953.473 712.367 0.0 241.10657
207.36 1691.295 1181.173 0.0 510.12244
208.56 1528.507 1052.507 0.0 475.99976
209.76 914.233 637.704 0.0 276.52905
210.96 1235.945 888.539 0.0 347.40631
212.16 2586.775 2056.997 0.0 529.77759
213.36 1548.406 1126.644 0.0 421.76123
214.56 1260.531 890.479 0.0 370.05188
215.76 2368.582 1834.94 0.0 533.64172
216.96 1973.51 1568.862 0.0 404.64807
218.16 1360.036 985.792 0.0 374.24481
219.35 1084.584 716.838 0.0 367.7453
220.55 1259.876 872.359 0.0 387.51624
221.75 1201.138 810.596 0.0 390.5423
222.95 1966.743 1461.314 0.0 505.42908
224.15 1516.213 1090.029 0.0 426.18408
225.35 1164.434 782.472 0.0 381.96149
226.55 1202.486 792.831 0.0 409.65497
227.75 1871.243 1378.814 0.0 492.42908
228.94 1465.233 1122.204 0.0 343.02893
230.14 1376.967 919.113 0.0 457.85468
231.34 1100.799 847.028 0.0 253.77075
232.54 1109.091 780.549 0.0 328.54181
233.74 1185.108 805.869 0.0 379.2384
234.93 1172.142 791.951 0.0 380.19055
236.13 1309.932 951.574 0.0 358.35797
237.33 1248.125 930.131 0.0 317.99396
238.53 1235.668 887.381 0.0 348.28723
239.72 1779.812 1373.993 0.0 405.81921
240.92 856.844 562.676 0.0 294.16766
242.12 1633.645 1152.807 0.0 480.83887
243.31 1088.711 755.63 0.0 333.08057
244.51 848.909 627.0 0.0 221.90948
245.71 1756.597 1278.803 0.0 477.79358
246.9 2144.409 1688.0 0.0 456.40942
248.1 1377.276 950.954 0.0 426.32233
249.3 1343.072 982.33 0.0 360.74158
250.49 1303.329 893.313 0.0 410.01581
251.69 1428.37 1049.106 0.0 379.2644
252.89 1344.637 916.154 0.0 428.48334
254.08 850.733 579.204 0.0 271.52905
255.28 1338.289 976.919 0.0 361.37067
256.47 852.698 577.666 0.0 275.03217
257.67 1500.687 1159.099 0.0 341.58752
258.86 1674.411 1172.898 0.0 501.51306
260.06 1229.78 917.809 0.0 311.97058
261.26 1936.042 1459.546 0.0 476.4967
262.45 1374.286 939.063 0.0 435.22241
263.65 843.686 565.158 0.0 278.5285
264.84 1499.847 1081.531 0.0 418.31592
266.04 1102.137 804.154 0.0 297.98334
267.23 782.235 487.661 0.0 294.5737
268.42 955.078 706.584 0.0 248.49341
269.62 1272.857 882.641 0.0 390.216
270.81 1317.672 959.736 0.0 357.93549
272.01 1290.688 923.056 0.0 367.63208
273.2 1552.982 1164.034 0.0 388.94775
274.4 994.864 664.852 0.0 330.01257
275.59 1464.302 1028.883 0.0 435.41907
276.78 1272.428 892.718 0.0 379.70972
277.98 1205.403 772.746 0.0 432.65765
279.17 1170.685 903.201 0.0 267.48383
280.37 1186.8 837.985 0.0 348.81543
281.56 831.241 528.915 0.0 302.32556
282.75 912.921 617.508 0.0 295.41321
283.95 1176.076 801.186 0.0 374.88983
285.14 1305.173 863.193 0.0 441.98016
286.33 995.696 700.267 0.0 295.42865
287.52 1368.677 948.548 0.0 420.12842
288.72 1573.813 1136.95 0.0 436.86377
289.91 1833.156 1410.373 0.0 422.78357
291.1 1468.25 1007.024 0.0 461.22559
292.29 1333.113 997.623 0.0 335.49023
293.49 1373.806 1044.239 0.0 329.56726
294.68 980.267 729.845 0.0 250.42224
295.87 1133.321 803.102 0.0 330.2193
297.06 1367.754 940.38 0.0 427.37384
298.26 715.478 420.179 0.0 295.29953
299.45 1095.211 789.13 0.0 306.08057
300.64 1148.376 822.859 0.0 325.51624
301.83 1222.299 857.028 0.0 365.27075
303.02 1032.217 630.384 0.0 401.8324
304.21 1497.164 1123.525 0.0 373.63892
305.4 1208.827 875.356 0.0 333.47107
306.59 1320.698 920.166 0.0 400.53223
307.79 1175.14 803.053 0.0 372.08685
308.98 869.467 579.113 0.0 290.35474
310.17 1346.921 966.081 0.0 380.84009
311.36 1173.444 857.597 0.0 315.84729
312.55 1957.272 1560.657 0.0 396.61511
313.74 847.462 584.359 0.0 263.10284
314.93 1476.007 1009.007 0.0 466.99982
316.12 1156.834 787.067 0.0 369.76758
317.31 766.475 406.823 0.0 359.65128
318.5 883.962 574.859 0.0 309.10284
319.69 1178.634 830.799 0.0 347.83508
320.88 1075.526 736.225 0.0 339.30005
322.07 866.244 607.271 0.0 258.97375
323.26 927.632 607.342 0.0 320.29041
324.45 729.241 447.415 0.0 281.82556
325.64 1173.952 766.749 0.0 407.20282
326.83 1396.25 996.024 0.0 400.22559
328.01 1071.033 738.436 0.0 332.59656
329.2 1374.14 976.053 0.0 398.08685
330.39 1038.754 727.38 0.0 311.37384
331.58 920.643 542.908 0.0 377.73523
332.77 1755.529 1253.081 0.0 502.44836
333.96 666.926 448.82 0.0 218.10608
335.15 829.422 524.964 0.0 304.45782
336.33 801.643 590.908 0.0 210.73523
337.52 1060.241 719.415 0.0 340.8255
338.71 1006.228 710.45 0.0 295.77716
339.9 941.07 614.932 0.0 326.138
341.08 999.77 688.2 0.0 311.5705
342.27 1254.568 879.475 0.0 375.09332
343.46 1435.574 1063.729 0.0 371.84509
344.65 1363.074 897.229 0.0 465.84509
345.83 1516.964 983.257 0.0 533.70642
347.02 785.061 470.264 0.0 314.79678
348.21 1458.578 1021.584 0.0 436.99335
349.4 829.263 462.989 0.0 366.27396
350.58 1163.628 718.045 0.0 445.58325
351.77 881.108 575.369 0.0 305.7384
352.96 642.127 324.088 0.0 318.0386
354.14 971.387 619.926 0.0 351.46106
355.33 758.711 536.13 0.0 222.58057
356.51 684.858 387.098 0.0 297.76071
357.7 1087.343 679.734 0.0 407.60883
358.89 848.063 511.721 0.0 336.34149
360.07 1390.456 915.105 0.0 475.35107
361.26 1523.208 1061.79 0.0 461.41809
362.44 1124.472 733.483 0.0 390.98877
363.63 947.661 481.743 0.0 465.91757
364.81 946.425 531.437 0.0 414.98828
366.0 644.545 276.518 0.0 368.02707
367.18 1966.206 1403.392 0.0 562.81445
368.37 872.036 529.85 0.0 342.18585
369.55 1185.506 737.065 0.0 448.44092
370.74 1315.103 911.572 0.0 403.53119
371.92 1626.292 1158.332 0.0 467.96008
373.11 950.287 476.078 0.0 474.20822
374.29 817.551 421.772 0.0 395.7789
375.48 947.526 531.741 0.0 415.78577
376.66 784.019 441.53 0.0 342.48926
377.84 1445.536 953.85 0.0 491.68585
379.03 866.311 405.051 0.0 461.26022
380.21 730.247 332.184 0.0 398.06317
381.39 572.137 266.212 0.0 305.92447
382.58 1345.263 816.548 0.0 528.71503
383.76 1685.525 1148.784 0.0 536.74109
384.94 1723.369 1254.164 0.0 469.20544
386.13 903.981 426.593 0.0 477.38885
387.31 1105.89 618.339 0.0 487.55029
388.49 858.296 474.688 0.0 383.60828
389.68 1197.448 637.952 0.0 559.49567
390.86 1104.643 567.466 0.0 537.17627
392.04 1483.454 982.706 0.0 500.7475
393.22 996.143 445.466 0.0 550.6763
394.41 992.991 473.202 0.0 519.78894
395.59 689.094 193.463 0.0 495.6311
396.77 1146.21 552.689 0.0 593.52161
397.95 1236.652 637.576 0.0 599.07635
399.13 1490.064 792.678 0.0 697.38617
400.31 1101.862 447.511 0.0 654.3501
401.5 1333.903 626.304 0.0 707.59875
402.68 1402.637 734.712 0.0 667.9245
403.86 1086.351 434.445 0.0 651.90533
405.04 1683.233 807.263 0.0 875.97015
406.22 1140.111 367.783 0.0 772.3277
407.4 1520.69 697.013 0.0 823.67676
408.58 1642.354 814.301 0.0 828.05359
409.76 1762.721 947.755 0.0 814.96637
410.94 1434.643 624.466 0.0 810.17627
412.12 1344.632 502.9 0.0 841.73151
413.3 1190.896 359.093 0.0 831.80225
414.48 1149.139 371.111 0.0 778.02802
415.66 1336.427 445.277 0.0 891.15073
416.84 2162.493 1233.1 0.0 929.39246
418.02 1586.425 623.378 0.0 963.04718
419.2 1244.798 419.586 0.0 825.21188
420.38 1487.691 583.97 0.0 903.7215
421.56 1413.489 427.245 0.0 986.24423
422.74 2073.257 1081.794 0.0 991.46326
423.92 1748.532 865.995 0.0 882.5376
425.1 1465.639 464.111 0.0 1001.52802
426.28 1321.946 405.995 0.0 915.95099
427.46 2483.898 1356.492 0.0 1127.40576
428.63 1588.096 571.861 0.0 1016.23468
429.81 1585.008 687.964 0.0 897.04449
430.99 1815.025 754.784 0.0 1060.24109
432.17 2278.401 1145.347 0.0 1133.05408
433.35 1889.963 827.316 0.0 1062.64758
434.52 1152.469 155.069 0.0 997.39938
435.7 1500.388 376.383 0.0 1124.00574
436.88 1918.042 840.104 0.0 1077.93768
438.06 1677.433 552.531 0.0 1124.90265
439.23 1578.188 399.115 0.0 1179.07321
440.41 1895.248 594.126 0.0 1301.12201
441.59 2146.997 828.456 0.0 1318.54077
442.77 1609.978 276.679 0.0 1333.29947
443.94 2145.772 760.657 0.0 1385.11511
445.12 2150.707 769.833 0.0 1380.87335
446.3 2592.736 1093.118 0.0 1499.61829
447.47 2197.148 666.72 0.0 1530.4281
448.65 2308.626 720.646 0.0 1587.97968
449.82 1958.626 500.146 0.0 1458.47971
451.0 2199.051 609.213 0.0 1589.83777
452.18 2119.561 476.823 0.0 1642.73795
453.35 2255.821 530.16 0.0 1725.6604
454.53 2320.145 558.865 0.0 1761.27985
455.7 2152.892 334.238 0.0 1818.65387
456.88 2940.119 945.935 0.0 1994.18317
458.05 2496.233 591.763 0.0 1904.47003
459.23 2179.025 315.784 0.0 1863.24109
460.4 2683.821 580.16 0.0 2103.6604
461.58 2909.57 719.432 0.0 2190.13788
462.75 2454.707 315.333 0.0 2139.37335
463.93 2883.308 628.696 0.0 2254.61194
465.1 2865.506 525.065 0.0 2340.44092
466.28 2625.407 218.101 0.0 2407.306
467.45 2567.821 146.66 0.0 2421.16042
468.63 3046.538 523.249 0.0 2523.28955
469.8 3401.073 870.287 0.0 2530.78613
470.97 2958.184 405.259 0.0 2552.92496
472.15 3230.93 595.675 0.0 2635.25439
473.32 3454.907 704.601 0.0 2750.30603
474.49 3652.495 859.499 0.0 2792.99615
475.67 3395.518 507.573 0.0 2887.94458
476.84 3196.115 327.08 0.0 2869.03491
478.01 3673.401 636.347 0.0 3037.05408
479.19 3589.16 548.728 0.0 3040.4317
480.36 3436.287 309.02 0.0 3127.267
481.53 3741.083 596.897 0.0 3144.18634
482.7 3612.297 497.129 0.0 3115.16721
483.88 3452.293 275.774 0.0 3176.51892
485.05 3586.619 361.935 0.0 3224.6832
486.22 3824.094 478.405 0.0 3345.68997
487.39 3637.224 333.595 0.0 3303.62891
488.56 4002.291 485.876 0.0 3516.41525
489.74 4324.771 897.2 0.0 3427.57056
490.91 3561.089 242.651 0.0 3318.43826
492.08 3910.291 375.876 0.0 3534.41525
493.25 3834.965 278.714 0.0 3556.25125
494.42 3981.342 476.778 0.0 3504.564
495.59 3968.598 417.26 0.0 3551.33823
496.76 4099.635 465.756 0.0 3633.87964
497.93 4336.203 610.478 0.0 3725.72534
499.1 4132.001 572.753 0.0 3559.24811
500.27 4848.037 1040.792 0.0 3807.245
501.44 4890.482 1228.534 0.0 3661.94775
502.61 4123.394 423.137 0.0 3700.25754
503.78 4349.936 629.929 0.0 3720.00635
504.95 4957.154 1123.474 0.0 3833.68005
506.12 4404.13 696.943 0.0 3707.18707
507.29 4016.576 335.186 0.0 3681.38983
508.46 3921.783 32.165 0.0 3889.61874
509.63 5120.784 1258.165 0.0 3862.61902
510.8 5180.553 1179.612 0.0 4000.94141
511.97 4425.726 558.552 0.0 3867.17377
513.14 4212.799 258.528 0.0 3954.27087
514.31 4980.903 785.746 0.0 4195.15753
515.48 4434.555 495.01 0.0 3939.54486
516.65 4510.212 525.087 0.0 3985.12531
517.81 4383.231 355.806 0.0 4027.42566
518.98 4885.141 695.01 0.0 4190.13159
520.15 4193.211 161.13 0.0 4032.0807
521.32 4827.456 703.605 0.0 4123.85083
522.49 5830.958 1502.503 0.0 4328.45471
523.65 5560.961 1158.859 0.0 4402.10278
524.82 4930.518 638.073 0.0 4292.44458
525.99 4359.153 78.517 0.0 4280.63545
527.16 5070.866 631.25 0.0 4439.61609
528.32 5190.527 730.182 0.0 4460.34454
529.49 4944.65 411.619 0.0 4533.03152
530.66 4569.473 114.367 0.0 4455.10662
531.82 4744.911 180.957 0.0 4563.95401
532.99 5070.793 320.274 0.0 4750.51892
534.16 5220.549 444.256 0.0 4776.29291
535.32 5708.046 794.401 0.0 4913.6449
536.49 5169.643 294.408 0.0 4875.23502
537.65 6048.323 1011.059 0.0 5037.26385
538.82 5412.377 321.816 0.0 5090.5611
539.99 5767.563 642.721 0.0 5124.84137
541.15 6139.986 818.39 0.0 5321.59619
542.32 5640.117 147.979 0.0 5492.13861
543.48 6469.552 811.155 0.0 5658.39685
544.65 6594.353 992.785 0.0 5601.56763
545.81 7722.537 1483.292 0.0 6239.245
546.98 6840.37 503.106 0.0 6337.26459
548.14 7150.037 783.792 0.0 6366.24493
549.31 6776.656 402.873 0.0 6373.78348
550.47 7061.63 469.443 0.0 6592.18704
551.63 7765.231 914.806 0.0 6850.42566
552.8 7200.664 454.584 0.0 6746.07999
553.96 7365.364 459.852 0.0 6905.51263
555.13 7468.228 391.45 0.0 7076.77716
556.29 8344.078 934.084 0.0 7409.99371
557.45 7679.959 274.46 0.0 7405.49933
558.62 8077.471 523.468 0.0 7554.00317
559.78 8525.87 771.606 0.0 7754.26459
560.94 8189.666 371.982 0.0 7817.68341
562.11 8244.127 391.088 0.0 7853.03903
563.27 8008.068 157.975 0.0 7850.09331
564.43 8028.997 32.397 0.0 7996.5996
565.59 8402.084 205.838 0.0 8196.24568
566.76 8792.018 351.073 0.0 8440.94458
567.92 8986.229 571.349 0.0 8414.88062
569.08 9284.493 715.042 0.0 8569.45111
570.24 9039.336 352.024 0.0 8687.31232
571.4 8962.059 226.366 0.0 8735.69287
572.57 9121.132 367.342 0.0 8753.79001
573.73 8842.75 55.524 0.0 8787.22557
574.89 9519.636 452.697 0.0 9066.93851
576.05 9548.687 476.158 0.0 9072.52887
577.21 9212.965 157.714 0.0 9055.25076
578.37 9161.276 18.954 0.0 9142.32247
579.53 9613.905 193.644 0.0 9420.26094
580.69 9925.396 597.535 0.0 9327.86145
581.85 9892.289 351.919 0.0 9540.37042
583.01 9986.254 401.88 0.0 9584.37408
584.17 10196.572 484.83 0.0 9711.74179
585.33 10275.652 572.517 0.0 9703.13495
586.49 10163.146 377.763 0.0 9785.38303
587.65 10357.842 573.278 0.0 9784.56421
588.81 10529.201 566.521 0.0 9962.6803
589.97 11038.484 929.433 0.0 10109.05164
591.13 10188.787 421.02 0.0 9767.767
592.29 10303.432 336.574 0.0 9966.85785
593.45 10167.224 213.595 0.0 9953.62866
594.61 10105.226 134.052 0.0 9971.17374
595.77 10085.374 196.961 0.0 9888.41307
596.93 10014.761 91.091 0.0 9923.6701
598.09 10185.001 382.753 0.0 9802.24811
599.24 9841.334 138.067 0.0 9703.26723
600.4 10097.646 291.763 0.0 9805.88303
601.56 9986.399 233.39 0.0 9753.009
602.72 10240.016 368.616 0.0 9871.39951
603.87 10274.7 473.064 0.0 9801.63617
605.03 9900.016 232.116 0.0 9667.89951
606.19 10040.104 148.514 0.0 9891.58966
607.35 9706.432 -3.926 0.0 9710.35784
608.5 10267.325 594.457 0.0 9672.8678
609.66 10846.003 989.651 0.0 9856.35156
610.82 9717.134 146.299 0.0 9570.83507
611.97 9617.578 125.084 0.0 9492.49374
613.13 10375.415 573.754 0.0 9801.66138
614.29 10137.312 496.993 0.0 9640.31885
615.44 10264.444 717.539 0.0 9546.90582
616.6 9543.356 180.141 0.0 9363.21564
617.76 10088.409 663.0 0.0 9425.40942
618.91 10174.743 726.314 0.0 9448.42957
620.07 10115.591 641.049 0.0 9474.54169
621.22 9333.334 17.567 0.0 9315.76723
622.38 10572.578 1061.084 0.0 9511.49377
623.53 9276.059 78.366 0.0 9197.69286
624.69 9310.309 112.137 0.0 9198.17131
625.84 9386.993 217.542 0.0 9169.4511
627.0 9840.008 488.964 0.0 9351.04413
628.15 9102.321 -0.398 0.0 9102.71927
629.31 9543.43 318.175 0.0 9225.25439
630.46 9066.971 -23.532 0.0 9090.5027
631.61 9440.26 374.134 0.0 9066.12601
632.77 9396.124 228.189 0.0 9167.93463
633.92 9439.754 495.38 0.0 8944.37408
635.08 10004.066 949.577 0.0 9054.48987
636.23 9211.166 308.482 0.0 8902.6839
637.38 8877.263 -74.511 0.0 8951.77353
638.54 9592.599 654.76 0.0 8937.83868
639.69 9863.986 936.831 0.0 8927.15509
640.84 9446.063 490.402 0.0 8955.66028
641.99 9144.154 97.409 0.0 9046.74542
643.15 10016.747 816.916 0.0 9199.83154
644.3 9172.339 95.422 0.0 9076.91667
645.45 8998.431 -58.071 0.0 9056.50181
646.6 9876.022 811.436 0.0 9064.58691
647.75 9187.114 161.942 0.0 9025.17207
648.91 8832.206 -136.551 0.0 8968.75722
650.06 9118.299 225.455 0.0 8892.84334
651.21 9472.391 417.462 0.0 9054.92847
652.36 9517.982 450.969 0.0 9067.01361
653.51 9260.074 101.475 0.0 9158.59874
654.66 9251.166 273.982 0.0 8977.18387
655.81 9715.758 651.989 0.0 9063.76904
656.96 8992.35 69.495 0.0 8922.85415
658.11 9537.442 365.002 0.0 9172.44028
659.27 9580.034 531.009 0.0 9049.02539
660.42 9066.626 29.015 0.0 9037.61054
661.57 9565.218 421.022 0.0 9144.19568
662.72 8893.31 -139.971 0.0 9033.28081
663.87 8972.401 -99.965 0.0 9072.36595
665.01 9531.494 316.042 0.0 9215.45206
666.16 9240.586 41.049 0.0 9199.5372
667.31 9532.178 95.555 0.0 9436.62234
668.46 10203.27 760.562 0.0 9442.70746
669.61 9530.861 206.069 0.0 9324.79262
670.76 9697.953 4.575 0.0 9693.37775
671.91 10446.045 769.582 0.0 9676.46289
673.06 10205.638 519.589 0.0 9686.04901
674.21 9597.729 -161.405 0.0 9759.13414
675.35 10047.321 284.102 0.0 9763.21927
676.5 9738.413 167.609 0.0 9570.80441
677.65 9845.005 72.615 0.0 9772.38955
678.8 9586.097 -110.878 0.0 9696.97469
679.94 10018.189 40.629 0.0 9977.5608
681.09 10652.281 370.135 0.0 10282.14594
682.24 10788.873 363.142 0.0 10425.73108
683.39 10446.965 -1.851 0.0 10448.81621
684.53 11188.057 558.155 0.0 10629.90137
685.68 10719.148 214.662 0.0 10504.48648
686.83 11022.74 301.169 0.0 10721.57162
687.97 10987.333 298.175 0.0 10689.15775
689.12 10776.925 178.182 0.0 10598.74287
690.27 10646.517 68.189 0.0 10578.32801
691.41 11399.608 468.195 0.0 10931.41315
692.56 11178.2 358.702 0.0 10819.49829
693.7 11279.292 378.709 0.0 10900.5834
694.85 10910.885 48.215 0.0 10862.66953
695.99 11232.477 398.222 0.0 10834.25467
697.14 11140.568 184.229 0.0 10956.3398
698.28 11063.66 342.735 0.0 10720.92493
699.43 11475.752 391.242 0.0 11084.51007
700.57 10674.344 -74.251 0.0 10748.59521
701.72 10789.937 -50.745 0.0 10840.68133
702.86 10598.528 -107.738 0.0 10706.26646
704.01 11072.12 50.269 0.0 11021.8516
705.15 11394.212 433.275 0.0 10960.93674
706.29 11330.804 126.782 0.0 11204.02187
707.44 11336.396 171.288 0.0 11165.10701
708.58 11014.487 -124.205 0.0 11138.69215
709.72 11902.58 629.302 0.0 11273.27826
710.87 10892.172 -137.192 0.0 11029.3634
712.01 11384.764 0.315 0.0 11384.44854
713.15 11585.355 217.322 0.0 11368.03368
714.3 11750.947 348.828 0.0 11402.1188
715.44 11310.039 92.335 0.0 11217.70395
716.58 11600.632 277.342 0.0 11323.29007
717.72 11204.724 52.848 0.0 11151.8752
718.87 11572.315 240.855 0.0 11331.46034
720.01 11401.907 117.362 0.0 11284.54547
721.15 11087.999 -54.132 0.0 11142.13061
722.29 11475.091 345.875 0.0 11129.21576
723.43 11767.683 498.882 0.0 11268.80087
724.57 11799.275 450.388 0.0 11348.88699
725.72 11391.867 244.895 0.0 11146.97214
726.86 11984.459 678.902 0.0 11305.55725
728.0 11381.051 164.408 0.0 11216.64241
729.14 11291.143 -2.085 0.0 11293.22755
730.28 11879.734 481.422 0.0 11398.31268
731.42 11033.827 10.928 0.0 11022.8988
732.56 12036.919 722.435 0.0 11314.48395
733.7 11504.011 386.942 0.0 11117.06906
734.84 10901.603 -127.052 0.0 11028.65421
735.98 11336.694 148.955 0.0 11187.73935
737.12 11045.286 -3.038 0.0 11048.32448
738.26 11036.879 17.468 0.0 11019.41059
739.4 11376.971 228.475 0.0 11148.49573
740.53 11619.563 407.482 0.0 11212.08087
741.67 11231.654 273.488 0.0 10958.16602
742.81 10806.246 -222.505 0.0 11028.75114
743.95 11316.838 241.002 0.0 11075.83627
745.09 10771.93 19.508 0.0 10752.42142
746.23 11518.022 399.515 0.0 11118.50754
747.36 11365.614 453.522 0.0 10912.09265
748.5 11015.706 60.028 0.0 10955.6778
749.64 10746.298 25.035 0.0 10721.26294
750.78 10646.89 -5.458 0.0 10652.34808
751.92 10601.981 74.548 0.0 10527.43321
753.05 10636.074 155.555 0.0 10480.51933
754.19 11118.666 635.562 0.0 10483.10449
755.33 10324.758 -151.932 0.0 10476.68961
756.46 10651.35 245.075 0.0 10406.27473
757.6 10437.441 82.082 0.0 10355.35988
758.74 10938.033 562.088 0.0 10375.94501
759.87 10601.625 244.595 0.0 10357.03015
761.01 10356.718 271.102 0.0 10085.61627
762.14 10213.31 234.608 0.0 9978.7014
763.28 10578.401 408.115 0.0 10170.28653
764.41 9923.493 249.121 0.0 9674.37167
765.55 9782.585 -123.872 0.0 9906.45681
766.69 9925.177 289.635 0.0 9635.54196
767.82 9982.77 266.641 0.0 9716.12805
768.95 9363.861 26.148 0.0 9337.7132
770.09 9848.953 737.655 0.0 9111.29834
771.22 10067.545 661.661 0.0 9405.88348
772.36 10115.637 504.168 0.0 9611.4686
773.49 9811.729 489.175 0.0 9322.55374
774.63 9359.321 196.181 0.0 9163.13986
775.76 9226.413 154.688 0.0 9071.72499
776.89 9413.505 428.195 0.0 8985.31012
778.03 9321.097 360.201 0.0 8960.89526
779.16 8828.188 8.708 0.0 8819.48041
780.29 9086.28 308.215 0.0 8778.06555
781.43 9219.872 606.221 0.0 8613.6507
782.56 8724.465 315.228 0.0 8409.23679
783.69 8245.057 11.735 0.0 8233.32193
784.82 8505.148 233.241 0.0 8271.90707
785.96 8478.24 116.748 0.0 8361.4922
787.09 8449.332 204.255 0.0 8245.07735
788.22 8202.924 394.261 0.0 7808.66248
789.35 7931.016 157.768 0.0 7773.24811
790.48 8041.608 142.275 0.0 7899.33324
791.62 8350.2 580.281 0.0 7769.91888
792.75 7403.792 5.288 0.0 7398.504
793.88 8147.884 737.795 0.0 7410.08911
795.01 7719.476 353.801 0.0 7365.67477
796.14 7844.568 404.808 0.0 7439.75989
797.27 7910.66 493.815 0.0 7416.84503
798.4 7373.752 283.321 0.0 7090.43066
799.53 7125.844 -4.672 0.0 7130.5158
800.66 7340.936 316.335 0.0 7024.60095
801.79 8536.027 1276.841 0.0 7259.18604
802.92 7177.12 199.848 0.0 6977.2717
804.05 7249.211 381.855 0.0 6867.35684
805.18 6932.303 290.861 0.0 6641.44199
806.31 6988.396 215.868 0.0 6772.5276
807.44 6513.987 -64.625 0.0 6578.61274
808.57 7162.579 400.381 0.0 6762.19788
809.69 6985.171 400.888 0.0 6584.28351
810.82 6427.763 -163.605 0.0 6591.36864
811.95 7424.355 988.401 0.0 6435.9538
813.08 6544.947 103.908 0.0 6441.0394
814.21 7468.039 1064.915 0.0 6403.12451
815.33 6488.631 282.921 0.0 6205.70969
816.46 6511.723 308.928 0.0 6202.79529
817.59 6736.315 847.435 0.0 5888.88043
818.72 6338.907 504.441 0.0 5834.46558
819.84 6744.999 896.448 0.0 5848.55121
820.97 6311.591 446.454 0.0 5865.13632
822.1 6304.683 593.961 0.0 5710.7215
823.22 5496.274 -30.532 0.0 5526.80661
824.35 5535.367 92.474 0.0 5442.89223
825.48 5901.458 574.481 0.0 5326.97736
826.6 5649.55 310.488 0.0 5339.0625
827.73 5218.643 -144.506 0.0 5363.14813
828.85 5543.734 268.501 0.0 5275.23328
829.98 5893.826 610.008 0.0 5283.81842
831.11 5279.918 70.014 0.0 5209.90403
832.23 5113.51 81.521 0.0 5031.98917
833.36 5743.102 524.528 0.0 5218.57428
834.48 5317.694 259.034 0.0 5058.65994
835.6 5403.786 482.041 0.0 4921.74506
836.73 4942.878 -7.952 0.0 4950.8302
837.85 5417.97 535.054 0.0 4882.91583
838.98 4584.562 -104.439 0.0 4689.00097
840.1 5206.654 458.568 0.0 4748.08609
841.23 5024.246 371.074 0.0 4653.17123
842.35 5603.838 720.581 0.0 4883.25684
843.47 4876.93 248.588 0.0 4628.342
844.6 4652.021 26.594 0.0 4625.42714
845.72 4659.114 155.101 0.0 4504.01277
846.84 4607.706 134.608 0.0 4473.0979
847.96 4442.297 139.114 0.0 4303.18304
849.09 4338.89 58.121 0.0 4280.76867
850.21 4650.981 232.628 0.0 4418.35381
851.33 4716.573 385.134 0.0 4331.43893
852.45 4310.666 25.141 0.0 4285.52456
853.57 4633.757 232.148 0.0 4401.6097
854.7 4327.849 67.654 0.0 4260.19484
855.82 4186.941 -0.339 0.0 4187.28046
856.94 4653.533 485.168 0.0 4168.3656
858.06 4017.125 -64.326 0.0 4081.45074
859.18 4612.717 425.181 0.0 4187.53586
860.3 4343.309 244.688 0.0 4098.62149
861.42 3922.901 -89.306 0.0 4012.20663
862.54 3893.493 -65.799 0.0 3959.29202
863.66 3932.085 50.708 0.0 3881.37715
864.78 4134.177 186.714 0.0 3947.46254
865.9 4408.769 244.221 0.0 4164.54767
867.02 5237.861 1277.228 0.0 3960.6333
868.14 4798.953 879.234 0.0 3919.71844
869.26 4474.544 575.741 0.0 3898.80359
870.38 3620.136 -90.252 0.0 3710.38895
871.5 3579.729 -94.746 0.0 3674.47433
872.62 3805.32 69.761 0.0 3735.55947
873.74 4363.913 699.268 0.0 3664.64508
874.85 3647.458 40.271 0.0 3607.18742
875.97 3823.458 286.271 0.0 3537.18741
877.09 4022.958 373.271 0.0 3649.68741
878.21 3756.958 220.771 0.0 3536.18742
879.33 3940.458 334.771 0.0 3605.68741
880.44 3779.458 254.771 0.0 3524.68742
881.56 3586.958 111.271 0.0 3475.68742
882.68 3786.458 256.271 0.0 3530.18741
883.79 4367.958 826.771 0.0 3541.18768
884.91 3258.958 -58.229 0.0 3317.18742
886.03 3913.958 456.271 0.0 3457.68741
887.14 3973.958 659.271 0.0 3314.68744
888.26 4110.958 777.271 0.0 3333.68768
889.38 4014.458 636.271 0.0 3378.18744
890.49 3190.458 -89.729 0.0 3280.18742
891.61 3698.958 307.771 0.0 3391.18741
892.72 3437.958 -13.229 0.0 3451.18742
893.84 3300.958 -99.229 0.0 3400.18742
894.95 3351.458 -87.229 0.0 3438.68742
896.07 3706.958 152.271 0.0 3554.68742
897.18 3833.958 384.271 0.0 3449.68741
898.3 3524.958 -41.229 0.0 3566.18742
899.41 4116.958 577.271 0.0 3539.68768
900.53 3819.458 335.771 0.0 3483.68741
901.64 3880.458 462.271 0.0 3418.18741
902.75 3575.958 262.771 0.0 3313.18741
903.87 3412.458 116.771 0.0 3295.68742
904.98 3766.958 403.771 0.0 3363.18741
906.09 3508.458 235.771 0.0 3272.68742
907.21 3619.458 438.771 0.0 3180.68741
908.32 3291.958 198.271 0.0 3093.68742
909.43 3862.458 650.771 0.0 3211.68744
910.54 3349.958 280.271 0.0 3069.68741
911.66 4333.458 1160.771 0.0 3172.68762
912.77 2976.458 85.771 0.0 2890.68742
913.88 3276.958 300.271 0.0 2976.68741
914.99 3155.958 69.271 0.0 3086.68742
916.1 3155.458 349.771 0.0 2805.68741
917.22 2842.958 58.771 0.0 2784.18742
918.33 3386.958 688.771 0.0 2698.18744
919.44 3039.958 270.271 0.0 2769.68741
920.55 3581.458 660.771 0.0 2920.68744
921.66 3197.458 428.771 0.0 2768.68741
922.77 3169.958 488.271 0.0 2681.68741
923.88 3239.458 623.271 0.0 2616.18744
924.99 2949.958 373.771 0.0 2576.18741
926.1 2407.958 -11.229 0.0 2419.18742
927.21 3205.458 652.771 0.0 2552.68744
928.32 2356.458 -84.729 0.0 2441.18742
929.43 2761.958 251.771 0.0 2510.18742
930.54 2573.958 111.271 0.0 2462.68742
931.65 2636.458 266.271 0.0 2370.18741
932.76 2660.458 381.771 0.0 2278.68741
933.86 2505.458 302.271 0.0 2203.18741
934.97 2145.958 113.771 0.0 2032.18742
936.08 2109.958 164.771 0.0 1945.18742
937.19 2641.458 708.271 0.0 1933.18744
938.3 2213.458 472.271 0.0 1741.18741
939.4 2343.958 674.771 0.0 1669.18744
940.51 1738.458 305.271 0.0 1433.18753
941.62 1935.458 503.771 0.0 1431.68753
942.73 2568.458 1102.771 0.0 1465.68738
943.83 1739.958 302.771 0.0 1437.18753
944.94 1757.958 338.271 0.0 1419.68753
946.05 1245.958 -35.729 0.0 1281.68754
947.15 1382.458 -25.729 0.0 1408.18754
948.26 1605.458 228.771 0.0 1376.68755
949.36 1376.958 98.271 0.0 1278.68754
950.47 1740.458 326.771 0.0 1413.68753
951.57 2275.458 844.771 0.0 1430.68744
952.68 2026.958 568.771 0.0 1458.18756
953.79 1999.458 439.271 0.0 1560.18753
954.89 1602.958 121.771 0.0 1481.18754
955.99 2063.458 391.271 0.0 1672.18741
957.1 1710.958 230.271 0.0 1480.68755
958.2 1935.958 271.271 0.0 1664.68753
959.31 2082.958 455.771 0.0 1627.18741
960.41 1796.958 130.271 0.0 1666.68755
961.52 1619.458 10.271 0.0 1609.18754
962.62 2200.958 493.771 0.0 1707.18741
963.72 1636.458 -50.729 0.0 1687.18754
964.83 1478.458 -70.729 0.0 1549.18754
965.93 1981.458 341.771 0.0 1639.68753
967.03 2252.958 714.271 0.0 1538.68744
968.13 2193.958 466.771 0.0 1727.18741
969.24 1779.958 175.771 0.0 1604.18755
970.34 1824.958 206.771 0.0 1618.18755
971.44 1833.958 265.771 0.0 1568.18753
972.54 1986.958 346.771 0.0 1640.18753
973.64 1682.458 142.271 0.0 1540.18755
974.75 2727.458 1069.771 0.0 1657.68738
975.85 5093.458 3162.271 0.0 1931.18774
976.95 1702.458 189.771 0.0 1512.68755
978.05 1998.458 525.771 0.0 1472.68756
979.15 2541.958 896.271 0.0 1645.68744
980.25 1438.958 99.771 0.0 1339.18754
981.35 1600.958 179.271 0.0 1421.68755
982.45 2269.458 891.771 0.0 1377.68744
983.55 1910.958 462.771 0.0 1448.18753
984.65 1787.458 418.271 0.0 1369.18753
985.75 2029.958 675.271 0.0 1354.68756
986.85 1800.458 372.271 0.0 1428.18753
987.95 1460.958 185.271 0.0 1275.68755
989.05 2124.458 783.271 0.0 1341.18744
990.15 1959.958 628.271 0.0 1331.68756
991.25 1678.958 443.271 0.0 1235.68753
992.34 2171.958 835.771 0.0 1336.18744
993.44 1562.958 478.271 0.0 1084.68753
994.54 1620.458 386.771 0.0 1233.68753
995.64 1851.458 731.271 0.0 1120.18756
996.74 2065.458 789.271 0.0 1276.18744
997.83 1127.958 73.771 0.0 1054.18754
998.93 1403.958 315.271 0.0 1088.68753
1000.03 2458.958 1230.771 0.0 1228.18738
1001.12 1933.458 704.771 0.0 1228.68756
1002.22 1876.458 729.271 0.0 1147.18756
1003.32 1249.958 272.271 0.0 977.68753
1004.41 1512.958 467.271 0.0 1045.68753
1005.51 1404.958 402.771 0.0 1002.18753
1006.6 1070.958 188.771 0.0 882.18755
1007.7 1592.458 624.271 0.0 968.18756
1008.8 892.958 103.271 0.0 789.68748
1009.89 1408.958 577.771 0.0 831.18756
1010.99 1316.958 384.771 0.0 932.18753
1012.08 966.958 47.271 0.0 919.68748
1013.18 1353.958 394.271 0.0 959.68753
1014.27 1269.958 202.271 0.0 1067.68755
1015.36 1336.458 334.271 0.0 1002.18753
1016.46 1347.958 402.771 0.0 945.18753
1017.55 1107.458 148.271 0.0 959.18755
1018.65 1416.958 496.771 0.0 920.18753
1019.74 1563.958 586.771 0.0 977.18756
1020.83 1445.958 505.271 0.0 940.68753
1021.93 1251.958 280.271 0.0 971.68753
1023.02 917.958 38.271 0.0 879.68748
1024.11 875.958 63.771 0.0 812.18748
1025.2 840.958 88.271 0.0 752.68748
1026.3 1263.958 454.271 0.0 809.68753
1027.39 1359.458 597.771 0.0 761.68756
1028.48 1241.958 486.771 0.0 755.18753
1029.57 1068.958 312.771 0.0 756.18753
1030.66 1123.458 451.771 0.0 671.68753
1031.75 2350.958 1483.271 0.0 867.68738
1032.84 1286.458 652.771 0.0 633.68756
1033.94 795.458 161.271 0.0 634.18748
1035.03 1374.958 773.771 0.0 601.18756
1036.12 734.458 90.271 0.0 644.18748
1037.21 712.458 66.771 0.0 645.68748
1038.3 1176.458 522.771 0.0 653.68756
1039.39 582.958 153.271 0.0 429.68748
1040.48 1033.458 455.771 0.0 577.68753
1041.57 1154.958 616.271 0.0 538.68756
1042.66 994.958 441.771 0.0 553.18747
1043.74 1072.458 508.271 0.0 564.18753
1044.83 1032.958 543.271 0.0 489.68756
1045.92 606.458 45.771 0.0 560.68748
1047.01 1130.458 617.771 0.0 512.68756
1048.1 539.458 96.771 0.0 442.68748
1049.19 984.458 502.271 0.0 482.18747
1050.27 762.458 342.271 0.0 420.18747
1051.36 810.958 305.271 0.0 505.68747
1052.45 1002.458 469.771 0.0 532.68747
1053.54 846.458 466.771 0.0 379.68747
1054.62 981.458 525.271 0.0 456.1875
1055.71 890.458 467.771 0.0 422.68747
1056.8 1108.958 688.271 0.0 420.68756
1057.88 673.458 328.771 0.0 344.68747
1058.97 946.458 458.771 0.0 487.68747
1060.06 1269.458 834.771 0.0 434.68756
1061.14 748.458 367.771 0.0 380.68747
1062.23 2187.958 1608.271 0.0 579.68738
1063.31 894.958 547.271 0.0 347.6875
1064.4 684.458 279.271 0.0 405.18747
1065.48 781.958 526.771 0.0 255.1875
1066.57 657.458 362.771 0.0 294.68747
1067.65 870.458 543.771 0.0 326.6875
1068.74 662.458 357.271 0.0 305.18747
1069.82 839.958 544.271 0.0 295.6875
1070.9 2723.458 2151.771 0.0 571.6875
1071.99 950.958 561.771 0.0 389.1875
1073.07 781.458 491.771 0.0 289.68747
1074.15 885.458 576.771 0.0 308.6875
1075.24 762.958 526.771 0.0 236.1875
1076.32 891.458 625.771 0.0 265.6875
1077.4 1367.458 963.771 0.0 403.68756
1078.49 508.958 218.271 0.0 290.68752
1079.57 1009.458 655.271 0.0 354.1875
1080.65 1277.958 866.771 0.0 411.18756
1081.73 675.458 382.771 0.0 292.68747
1082.81 479.458 238.271 0.0 241.18752
1083.89 892.958 548.771 0.0 344.1875
1084.98 814.458 533.271 0.0 281.1875
1086.06 483.958 267.771 0.0 216.1875
1087.14 484.958 283.771 0.0 201.1875
1088.22 735.458 524.771 0.0 210.6875
1089.3 493.458 261.771 0.0 231.6875
1090.38 1418.958 1101.771 0.0 317.1875
1091.46 915.458 598.771 0.0 316.6875
1092.54 659.958 405.771 0.0 254.18747
1093.62 695.958 412.771 0.0 283.18747
1094.7 460.458 186.271 0.0 274.18752
1095.78 714.958 490.771 0.0 224.18747
1096.86 791.958 545.771 0.0 246.1875
1097.93 1549.458 1146.271 0.0 403.1875
1099.01 1001.458 802.271 0.0 199.1875
1100.09 521.458 334.271 0.0 187.18747
