196.55 749.796 586.267 768.672 89.65162
197.76 1064.293 838.596 1083.103 92.30698
198.96 899.271 775.589 917.878 86.92313
200.16 642.405 485.634 622.73 114.35165
201.36 1063.667 902.884 1116.794 75.1636
202.56 766.417 615.969 767.31 99.40942
203.76 630.76 536.085 714.765 52.98552
204.96 759.103 614.201 695.22 178.84971
206.16 535.211 415.738 536.809 98.68009
207.36 922.506 705.169 870.243 131.6597
208.56 742.33 602.609 809.479 67.54082
209.76 554.039 448.68 525.581 137.00557
210.96 696.364 557.12 679.816 113.48657
212.16 1422.849 1182.785 1383.698 119.48628
213.36 837.976 679.658 846.943 94.63958
214.56 688.83 582.779 664.01 130.55402
215.76 1217.76 1010.085 1226.765 95.84387
216.96 1111.177 877.557 1040.939 142.99043
218.16 807.603 633.532 752.688 146.08672
219.35 595.181 465.728 574.508 119.00387
220.55 668.203 625.736 743.234 36.14328
221.75 640.453 519.32 607.75 136.98259
222.95 1062.655 846.719 1039.245 112.15901
224.15 842.382 662.796 801.036 129.90899
225.35 648.823 461.776 658.435 95.11195
226.55 589.673 534.725 602.933 80.55965
227.75 972.655 804.719 946.745 118.2426
228.94 830.039 668.68 844.581 91.73277
230.14 744.942 624.647 759.105 89.46676
231.34 642.853 542.117 650.704 92.7698
232.54 587.375 452.624 617.429 81.76388
233.74 584.685 460.06 587.014 98.16545
234.93 630.3 486.768 643.21 91.74785
236.13 744.401 553.133 714.692 118.3891
237.33 666.99 537.333 727.125 68.31545
238.53 618.726 523.243 648.459 76.25432
239.72 989.315 812.104 953.328 125.48229
240.92 484.509 415.67 456.781 167.44729
242.12 849.147 701.717 907.67 71.58436
243.31 609.961 447.153 559.793 144.53864
244.51 520.823 404.107 535.403 88.89501
245.71 927.644 722.715 908.133 110.5226
246.9 1131.823 958.107 1144.403 93.2471
248.1 710.274 558.59 692.415 113.34522
249.3 692.644 571.046 744.601 70.06314
250.49 691.125 532.039 653.413 131.07111
251.69 763.935 612.644 764.53 99.60816
252.89 730.958 575.983 714.223 112.1051
254.08 428.039 364.18 459.581 66.93741
255.28 723.737 574.077 721.54 101.49018
256.47 506.998 347.166 497.668 106.19913
257.67 821.457 592.822 790.787 115.4924
258.86 852.244 702.25 845.147 104.96688
260.06 686.122 551.538 667.876 115.68366
261.26 994.371 826.623 1029.892 82.52549
262.45 659.39 561.629 682.079 81.16293
263.65 418.461 367.984 447.761 63.27313
264.84 783.857 618.618 767.741 110.80656
266.04 606.958 459.983 600.223 104.80188
267.23 451.965 346.485 405.298 179.34675
268.42 528.912 395.637 552.305 85.0689
269.62 641.972 542.157 741.905 49.97035
270.81 682.073 504.691 657.419 116.14201
272.01 633.883 547.127 622.504 115.09518
273.2 847.831 633.94 864.447 92.79161
274.4 470.666 379.553 487.326 84.54165
275.59 787.7 595.565 724.664 148.82718
276.78 696.054 497.185 666.732 117.29466
277.98 599.555 463.015 597.2 101.7549
279.17 621.035 474.179 571.044 151.60951
280.37 629.279 466.922 617.921 107.52168
281.56 401.233 309.576 429.502 76.42819
282.75 443.36 316.289 448.811 95.88673
283.95 567.991 454.494 605.061 75.37967
285.14 648.999 518.996 602.636 155.43055
286.33 478.577 383.523 523.925 67.7012
287.52 617.346 513.945 703.597 54.52142
288.72 788.241 601.409 856.045 73.37218
289.91 954.689 789.561 1028.552 69.09384
291.1 708.849 538.115 705.666 101.8996
292.29 702.453 519.651 668.218 123.04397
293.49 667.547 516.513 690.125 86.99536
294.68 482.159 441.051 519.751 52.23367
295.87 546.931 429.143 523.992 124.18434
297.06 706.696 530.063 727.127 89.63252
298.26 372.984 294.491 346.486 150.96157
299.45 573.961 467.153 589.793 87.09069
300.64 578.703 470.236 631.234 67.37204
301.83 655.353 514.617 641.704 110.73981
303.02 508.229 414.244 544.497 72.15614
304.21 770.878 601.795 766.999 102.34858
305.4 630.7 452.734 600.196 120.68564
306.59 646.498 497.166 690.168 77.37325
307.79 607.879 459.625 604.467 102.3558
308.98 445.442 329.147 444.105 101.16322
310.17 756.795 552.918 667.976 177.19563
311.36 577.369 470.283 632.29 66.09928
312.55 1008.432 855.304 1025.429 90.00919
313.74 474.674 298.556 469.901 102.78527
314.93 714.83 608.609 716.479 98.4721
316.12 577.394 420.131 576.617 100.49648
317.31 314.137 263.043 334.526 71.47653
318.5 434.674 321.056 486.901 68.50829
319.69 556.11 465.034 587.263 74.51284
320.88 528.062 418.188 511.807 117.3627
322.07 478.581 376.524 459.963 122.31351
323.26 452.685 368.729 476.546 77.86861
324.45 331.233 297.576 321.002 143.67477
325.64 547.058 455.017 554.237 92.76453
326.83 699.849 527.115 696.666 101.87719
328.01 580.256 403.084 601.227 89.41596
329.2 672.379 568.125 669.967 102.36856
330.39 486.196 416.564 536.127 58.23926
331.58 471.226 296.074 431.427 129.4037
332.77 829.909 654.136 888.267 75.07452
333.96 340.633 243.042 306.988 152.61366
335.15 429.286 291.594 411.528 114.80629
336.33 426.726 325.574 388.427 160.93367
337.52 507.733 405.076 558.502 66.90996
338.71 514.271 362.589 522.378 94.92647
339.9 462.723 335.903 472.358 92.93907
341.08 492.506 366.999 490.712 101.45051
342.27 654.297 489.598 665.641 93.55629
343.46 716.065 572.689 748.844 81.39204
344.65 679.565 522.689 681.844 98.56811
345.83 691.595 574.199 755.645 64.70044
347.02 359.103 298.201 375.22 79.07357
348.21 726.412 554.637 732.305 96.68358
349.4 370.312 287.603 429.791 58.16877
350.58 481.342 372.443 487.059 95.01179
351.77 417.685 342.56 433.514 82.59674
352.96 268.916 205.638 319.842 55.40783
354.14 469.245 329.58 482.615 91.26331
355.33 409.461 290.153 381.293 130.90654
356.51 291.398 205.462 326.123 71.22113
357.7 524.514 397.832 536.755 91.1887
358.89 359.528 309.007 382.437 68.80246
360.07 672.405 528.465 643.698 124.91278
361.26 713.044 573.173 742.023 82.83736
362.44 534.72 382.063 471.256 171.15214
363.63 340.466 234.476 382.203 71.74735
364.81 449.142 279.366 415.436 124.77113
366.0 268.728 151.896 247.3 122.46027
367.18 1019.623 758.53 954.78 133.04086
368.37 343.108 267.694 382.162 65.88191
369.55 554.835 419.271 527.452 125.31185
370.74 635.842 510.274 603.027 135.37859
371.92 802.089 596.188 773.974 115.8139
373.11 410.82 305.097 400.27 111.08522
374.29 393.496 248.487 335.003 167.60863
375.48 447.992 306.155 391.998 165.22895
376.66 350.298 223.259 324.577 125.38618
377.84 654.608 524.694 715.662 68.02904
379.03 329.82 210.766 320.302 108.68931
380.21 271.432 159.635 311.897 73.42445
381.39 171.462 110.145 206.697 63.5068
382.58 593.316 419.765 573.765 112.69597
383.76 793.566 641.35 787.281 104.30723
384.94 787.939 637.807 793.004 96.73676
386.13 377.835 252.602 311.92 211.11983
387.31 440.096 303.19 493.049 72.10942
388.49 355.436 241.136 387.434 78.12805
389.68 482.716 377.231 506.251 81.75858
390.86 456.231 294.236 464.901 94.91967
392.04 676.984 540.822 663.954 110.58182
393.22 394.231 278.736 385.401 108.27792
394.41 331.951 240.641 380.585 65.24771
395.59 196.227 111.735 179.363 124.93536
396.77 434.965 281.316 426.767 105.63682
397.95 430.346 355.275 451.565 77.96356
399.13 527.954 422.812 560.654 76.27744
400.31 345.25 238.073 311.057 146.84967
401.5 505.059 356.678 513.674 94.51289
402.68 531.962 423.645 573.197 72.4277
403.86 326.708 248.728 308.676 130.08071
405.04 613.044 466.342 630.555 89.33613
406.22 274.537 192.17 315.448 66.81363
407.4 510.808 354.432 523.721 92.37227
408.58 592.555 449.676 646.136 72.7269
409.76 640.507 484.16 667.148 85.44115
410.94 449.231 325.236 443.901 104.49134
412.12 378.689 297.891 361.02 127.98973
413.3 332.365 220.781 341.253 92.62234
414.48 298.383 150.288 324.441 85.0378
415.66 352.059 260.347 334.205 124.17231
416.84 823.372 616.784 824.328 99.53955
418.02 422.137 323.204 470.462 67.18359
419.2 306.857 257.279 304.678 104.59861
420.38 413.234 332.237 430.938 82.06287
421.56 368.025 239.836 357.367 109.06787
422.74 666.548 539.174 733.561 65.52597
423.92 545.26 429.246 567.701 83.79195
425.1 372.883 253.788 404.941 78.7916
426.28 349.79 236.926 270.534 335.82548
427.46 882.786 661.424 846.996 119.28637
428.63 410.148 311.878 450.107 71.09254
429.81 508.756 384.414 476.696 134.74225
430.99 505.066 416.35 533.781 75.5478
432.17 757.133 590.372 790.956 83.13764
433.35 548.1 472.361 611.118 54.58346
434.52 144.868 122.452 168.322 48.86839
435.7 312.671 223.885 352.832 68.85426
436.88 528.376 413.785 534.865 94.64038
438.06 401.327 274.938 434.909 79.00741
439.23 341.887 208.289 372.478 81.36849
440.41 462.928 348.972 466.423 97.02408
441.59 539.719 431.232 583.788 71.11301
442.77 242.984 160.991 235.986 109.33053
443.94 593.432 415.804 584.929 105.0278
445.12 547.618 412.867 556.806 93.61678
446.3 743.391 503.29 725.016 108.28739
447.47 482.999 362.327 496.105 90.20345
448.65 536.421 381.8 540.316 97.54263
449.82 355.421 286.8 376.816 76.23159
451.0 410.492 266.824 398.029 109.49816
452.18 348.107 230.364 326.694 122.22937
453.35 388.436 286.805 430.466 70.74316
454.53 405.652 304.879 406.144 99.51381
455.7 320.518 159.333 306.792 109.30786
456.88 628.226 459.904 666.395 81.51554
458.05 443.544 316.342 440.555 102.40597
459.23 239.066 215.85 295.781 29.04562
460.4 416.936 315.805 455.966 72.15298
461.58 519.223 320.403 473.858 129.56248
462.75 277.118 157.367 254.306 123.53246
463.93 400.973 275.318 407.842 94.8169
465.1 351.835 272.271 397.952 63.30603
466.28 185.902 127.964 231.16 56.14343
467.45 141.436 68.305 195.466 57.51002
468.63 372.029 253.337 400.905 80.43196
469.8 602.57 477.851 619.318 88.16104
470.97 281.04 172.341 320.518 73.35774
472.15 392.98 350.49 500.949 28.24021
473.32 524.402 355.464 551.66 86.10655
474.49 604.794 461.927 634.571 82.75202
475.67 357.872 232.453 429.36 63.69446
476.84 234.379 138.456 282.935 66.39264
478.01 506.133 294.372 542.956 85.18681
479.19 351.036 255.009 387.012 72.74596
480.36 254.816 204.934 275.796 70.39238
481.53 438.185 306.89 454.982 88.65791
482.7 315.431 233.974 416.461 44.63763
483.88 252.084 155.526 287.5 73.16467
485.05 299.226 215.404 362.895 56.8321
486.22 344.222 293.072 445.89 33.47133
487.39 226.924 123.141 307.917 56.1667
488.56 395.663 275.383 438.757 73.62266
489.74 644.006 409.499 662.712 92.61273
490.91 268.954 154.981 309.686 73.67111
492.08 384.163 227.383 382.757 100.90505
493.25 204.521 145.004 332.362 31.76646
494.42 356.088 222.027 447.038 59.5799
495.59 345.069 215.02 443.35 56.95671
496.76 364.036 226.84 479.48 54.30511
497.93 439.271 327.919 534.346 53.94261
499.1 465.562 291.518 534.775 71.54741
500.27 754.603 557.532 800.688 81.04719
501.44 820.831 570.94 809.947 104.5539
502.61 332.939 259.976 434.036 41.91828
503.78 465.748 329.581 568.652 56.95675
504.95 806.767 635.418 860.808 76.02344
506.12 478.763 361.586 568.303 56.68494
507.29 281.991 153.494 359.561 62.35686
508.46 78.469 29.986 158.336 37.77369
509.63 780.969 622.486 893.836 58.40523
510.8 817.913 614.467 863.773 81.60492
511.97 412.349 271.946 532.134 53.96225
513.14 242.853 133.617 307.704 62.74794
514.31 553.555 405.015 637.2 63.97465
515.48 380.334 304.61 515.516 35.90411
516.65 327.387 216.958 422.51 53.72293
517.81 254.618 145.037 393.338 44.13227
518.98 468.305 358.431 572.684 51.28236
520.15 189.461 114.153 338.793 33.52374
521.32 436.405 265.465 611.698 49.37155
522.49 995.327 715.108 1119.441 69.30396
523.65 769.674 595.056 929.401 52.2268
524.82 427.372 315.453 562.36 45.32828
525.99 61.342 35.613 231.091 13.16194
527.16 520.088 344.196 596.07 69.83326
528.32 511.487 424.493 635.524 41.22365
529.49 344.92 215.97 486.848 47.6046
530.66 96.711 -2.262 298.809 32.87354
531.82 208.249 98.412 372.621 40.056
532.99 283.584 188.026 454.5 35.86036
534.16 370.566 221.519 539.312 46.90047
535.32 638.719 465.071 756.852 59.51297
536.49 198.226 83.074 428.427 33.34334
537.65 670.857 546.948 890.71 36.04496
538.82 268.629 135.041 489.451 37.69316
539.99 442.528 302.507 686.437 36.47064
541.15 537.178 422.388 805.407 29.96984
542.32 191.301 103.599 359.678 34.24786
543.48 567.487 405.162 810.556 40.0413
544.65 746.125 595.209 1005.945 36.7428
545.81 932.603 770.032 1313.688 29.9033
546.98 417.435 297.644 734.03 27.45057
548.14 586.603 409.532 897.688 36.27346
549.31 256.689 142.061 624.552 23.75751
550.47 339.263 224.086 710.803 23.6641
551.63 688.118 516.537 1050.838 32.11315
552.8 332.883 193.957 671.472 29.09348
553.96 302.166 178.053 737.826 22.17202
555.13 372.271 207.589 728.878 31.5913
556.29 709.912 414.637 1054.805 46.12471
557.45 262.753 134.913 648.158 24.90809
558.62 432.789 271.095 898.065 25.78978
559.78 560.935 424.144 1025.53 22.74587
560.94 362.304 227.6 796.716 23.66903
562.11 298.916 170.138 768.842 21.50946
563.27 164.797 5.598 664.641 24.15612
564.43 79.215 5.07 618.814 12.08076
565.59 172.181 105.728 771.008 9.9887
566.76 351.372 136.453 852.36 30.02046
567.92 440.192 252.732 937.621 27.37089
569.08 581.868 382.622 1151.354 25.91877
570.24 314.82 126.436 879.334 25.02116
571.4 245.681 120.558 837.976 17.44071
572.57 344.685 183.729 940.046 21.28147
573.73 119.349 1.615 743.666 15.86598
574.89 395.532 171.177 1013.506 26.63501
576.05 445.961 283.484 1140.261 18.9638
577.21 184.521 69.004 899.362 13.9117
578.37 84.774 -36.91 854.915 13.64442
579.53 241.476 103.158 1022.943 15.03802
580.69 486.36 316.119 1329.279 16.80298
581.85 309.737 173.577 1103.54 14.64143
583.01 327.196 206.064 1086.627 13.75627
584.17 397.644 219.546 1238.601 17.4768
585.33 456.342 266.613 1331.091 17.82363
586.49 289.073 139.522 1183.887 14.31983
587.65 423.088 256.027 1349.538 15.27751
588.81 439.345 277.614 1332.129 15.33703
589.97 717.252 497.582 1637.69 19.26745
591.13 408.816 158.434 1333.797 21.30249
592.29 322.401 150.133 1279.192 15.25768
593.45 215.924 90.641 1234.417 10.95344
594.61 246.849 52.946 1253.134 16.1561
595.77 233.782 49.093 1193.49 16.13856
596.93 184.89 7.96 1203.547 14.79864
598.09 320.562 163.018 1366.275 13.09313
599.24 250.394 64.131 1247.117 15.74517
600.4 317.573 178.522 1366.887 11.70106
601.56 248.207 60.067 1342.739 14.66782
602.72 409.946 164.648 1479.643 18.6539
603.87 397.419 199.309 1563.412 14.52314
605.03 215.446 26.648 1332.143 14.46178
606.19 219.838 54.112 1338.054 12.90761
607.35 134.401 -0.367 1253.192 10.75084
608.5 506.278 304.091 1688.453 14.60506
609.66 714.983 476.661 1926.518 16.43764
610.82 250.61 53.034 1414.763 14.50921
611.97 172.412 38.637 1441.805 9.53382
613.13 474.091 316.698 1730.607 11.13181
614.29 447.315 237.104 1670.328 14.66703
615.44 552.364 285.12 1761.817 18.09739
616.6 210.472 35.657 1489.906 12.02098
617.76 523.323 286.607 1777.903 15.87319
618.91 524.155 306.219 1811.745 14.47571
620.07 528.375 295.624 1807.929 15.39047
621.22 138.894 2.131 1412.617 9.69617
622.38 785.912 532.637 2100.805 16.15105
623.53 184.681 -18.942 1490.976 13.48569
624.69 258.968 38.156 1575.368 14.36448
625.84 253.868 54.622 1616.354 12.75801
627.0 442.256 263.914 1744.696 12.04378
628.15 132.931 19.643 1494.492 7.68132
629.31 356.98 168.49 1755.949 11.87368
630.46 111.289 -25.405 1550.065 8.67641
631.61 383.465 172.655 1791.33 13.02361
632.77 297.495 155.495 1775.099 8.76756
633.92 433.196 258.564 1891.127 10.69684
635.08 688.876 418.455 2236.897 14.87101
636.23 395.804 122.6 1934.716 15.07653
637.38 128.312 -55.397 1630.291 10.89816
638.54 549.069 323.02 2128.85 12.51773
639.69 718.173 429.225 2313.433 15.33525
640.84 452.22 264.572 2039.865 10.56999
641.99 226.727 -6.926 1761.936 13.20922
643.15 666.234 389.576 2296.007 14.51181
644.3 220.741 62.079 1869.578 8.778
645.45 144.248 -55.919 1795.649 10.81067
646.6 665.755 423.583 2353.719 12.54687
647.75 300.262 65.586 2022.291 11.99344
648.91 127.769 -108.412 1833.861 12.16002
650.06 294.276 99.091 2060.932 9.9491
651.21 415.283 196.093 2175.003 11.07631
652.36 425.29 238.095 2187.074 9.60476
653.51 279.297 40.598 2089.645 11.64929
654.66 372.804 138.1 2177.716 11.50727
655.81 562.811 283.603 2439.287 12.95221
656.96 210.818 17.105 2087.858 9.35473
658.11 428.825 104.107 2314.429 14.69099
659.27 494.332 185.11 2427.5 13.78987
660.42 220.34 3.112 2209.071 9.8473
661.57 471.347 169.115 2405.141 13.51648
662.72 71.354 -122.883 2153.712 8.53189
663.87 158.361 -87.381 2257.783 10.47864
665.01 393.368 116.622 2469.854 11.76025
666.16 234.375 2.124 2247.425 10.34385
667.31 227.882 -2.874 2398.496 9.60932
668.46 687.889 373.629 2871.067 12.58329
669.61 281.896 33.631 2552.638 9.85565
670.76 232.903 -59.866 2539.709 11.2622
671.91 665.91 346.136 3029.78 11.91566
673.06 568.917 236.638 2886.851 12.53781
674.21 135.924 -116.359 2562.421 9.41784
675.35 411.931 63.643 2785.492 12.796
676.5 321.438 29.646 2840.063 10.38253
677.65 245.945 -33.352 2701.634 10.21201
678.8 123.452 -93.35 2671.205 7.8422
679.94 230.959 -28.847 2871.276 8.95846
681.09 440.966 174.655 3196.847 8.81185
682.24 508.973 171.658 3240.918 10.99013
683.39 218.48 -54.84 3017.489 8.8962
684.53 534.987 183.662 3467.06 10.70005
685.68 347.994 63.165 3365.131 8.62606
686.83 379.001 148.167 3406.701 7.08399
687.97 349.509 67.169 3425.272 8.40769
689.12 268.516 76.672 3452.843 5.68228
690.27 226.523 -16.326 3349.914 7.21423
691.41 481.53 242.177 3636.985 7.05056
692.56 362.037 159.679 3636.056 5.82093
693.7 368.044 138.181 3702.627 6.44875
694.85 149.051 -22.316 3509.698 4.85182
695.99 355.558 128.186 3828.769 6.14421
697.14 223.565 107.689 3810.34 3.12955
698.28 316.572 141.191 3891.911 4.67593
699.43 247.579 164.693 3965.481 2.18075
700.57 22.586 -98.304 3643.552 3.23075
701.72 25.093 -56.802 3813.123 2.11619
702.86 -64.4 -110.799 3805.194 1.18487
704.01 40.107 -23.797 3932.765 1.61514
705.15 253.114 113.705 4117.336 3.48206
706.29 130.621 19.208 4025.407 2.78103
707.44 145.128 9.21 4220.978 3.2271
708.58 -36.865 -124.788 4027.549 2.11743
709.72 467.642 310.215 4518.62 3.74079
710.87 -68.351 -151.283 3994.691 2.0003
712.01 29.156 -67.78 4179.762 2.28218
713.15 147.163 73.722 4450.833 1.67785
714.3 277.17 133.724 4645.403 3.17944
715.44 73.177 -40.273 4475.974 2.51206
716.58 264.685 92.229 4627.545 3.8025
717.72 197.192 -24.768 4609.116 4.78993
718.87 342.199 74.734 4693.687 5.79059
720.01 354.206 77.736 4801.758 5.85241
721.15 295.213 -84.261 4566.829 8.15882
722.29 588.22 118.741 4861.9 9.89801
723.43 624.227 240.744 4999.471 8.05852
724.57 574.734 140.746 4922.042 9.07678
725.72 419.741 42.248 4885.612 7.79402
726.86 758.248 287.251 5246.684 9.497
728.0 478.755 39.753 4999.254 8.85173
729.14 406.262 -53.245 4936.825 9.20842
730.28 727.769 170.758 5301.896 10.85551
731.42 427.776 -6.74 5119.967 8.47553
732.56 856.783 340.263 5451.038 10.1065
733.7 577.79 96.765 5304.109 9.23744
734.84 253.797 -145.733 4927.18 7.87575
735.98 484.304 29.77 5307.751 8.6119
737.12 374.811 -63.728 5248.322 8.25555
738.26 401.318 -51.225 5414.393 8.27983
739.4 576.325 40.277 5493.963 9.8291
740.53 654.832 132.779 5550.534 9.63597
741.67 600.339 61.782 5581.105 9.75767
742.81 381.846 -131.216 5216.176 9.59463
743.95 649.854 109.287 5740.247 9.59991
745.09 397.361 -66.211 5498.818 8.33008
746.23 657.868 150.791 5771.389 9.02175
747.36 705.875 203.294 5704.96 9.13507
748.5 397.882 -73.704 5494.531 8.46921
749.64 471.389 -12.701 5550.102 8.70227
750.78 430.396 -41.199 5446.672 8.5934
751.92 561.903 -13.197 5628.244 10.1942
753.05 592.91 -11.694 5773.314 10.45122
754.19 820.417 216.808 5930.385 10.56446
755.33 332.424 -135.19 5626.456 8.11597
756.46 591.931 -5.187 5695.027 10.47536
757.6 457.438 -45.185 5691.598 8.7614
758.74 744.945 243.318 6091.669 8.57724
759.87 600.952 98.32 5714.74 8.94933
761.01 533.459 39.822 5755.311 8.63682
762.14 603.966 78.825 5923.882 8.98437
763.28 724.473 149.827 5920.953 9.95726
764.41 592.98 62.83 5892.023 9.09475
765.55 382.987 -105.168 5514.094 8.68718
766.69 613.994 45.334 5813.666 9.85831
767.82 614.501 97.837 5814.236 9.03829
768.95 458.008 -42.161 5725.807 8.6715
770.09 869.015 356.341 6072.878 8.96826
771.22 843.022 286.344 6069.449 9.62595
772.36 757.029 173.346 6028.02 9.96953
773.49 777.537 210.849 5988.091 9.80897
774.63 563.544 43.851 5704.162 9.18134
775.76 538.551 12.853 5708.232 9.23024
776.89 759.058 115.856 5840.304 11.23605
778.03 646.565 116.358 5675.875 9.53692
779.16 493.072 -11.639 5606.445 8.98369
780.29 566.579 122.363 5777.016 7.85576
781.43 736.086 245.865 5937.587 8.61287
782.56 616.093 95.368 5750.158 9.20857
783.69 482.6 -49.13 5524.229 9.54056
784.82 500.107 40.873 5631.8 8.21392
785.96 546.114 16.375 5589.871 9.50461
787.09 580.121 62.877 5479.442 9.54929
788.22 616.628 135.88 5491.513 8.9765
789.35 501.635 -40.618 5369.083 10.02371
790.48 604.142 14.385 5529.654 10.69318
791.62 745.649 216.887 5595.226 9.83133
792.75 444.656 -39.611 5261.796 9.13469
793.88 848.163 314.392 5668.367 9.96963
795.01 588.17 124.394 5487.938 8.64682
796.14 640.677 159.896 5395.009 9.18377
797.27 692.184 164.899 5540.08 9.80963
798.4 522.691 58.901 5382.151 8.71254
799.53 387.698 -58.096 5138.722 8.57823
800.66 585.706 69.906 5267.293 9.92421
801.79 1287.713 675.408 5995.364 11.50957
802.92 570.22 11.911 5265.935 10.62631
804.05 696.727 132.913 5355.505 10.79566
805.18 574.734 21.916 5233.076 10.60835
806.31 577.741 31.918 5179.147 10.6042
807.44 376.248 -105.58 5001.218 9.43502
808.57 624.255 138.923 5353.789 9.3067
809.69 599.262 107.425 5235.86 9.59039
810.82 343.269 -145.572 4958.431 9.57761
811.95 1006.776 430.43 5642.002 11.05897
813.08 498.783 9.432 5074.573 9.66115
814.21 1053.79 516.435 5621.144 10.52666
815.33 613.297 84.937 5129.215 10.47444
816.46 566.304 112.439 5007.786 9.27135
817.59 886.311 356.442 5340.856 10.63052
818.72 697.318 187.444 5154.927 10.26423
819.84 927.825 365.947 5347.998 11.27806
820.97 651.332 166.949 4990.569 10.0419
822.1 783.339 249.951 5080.14 11.0428
823.22 368.846 -14.046 4553.711 8.38251
824.35 440.353 -6.544 4675.282 9.54536
825.48 725.86 205.459 4782.853 11.36895
826.6 595.367 111.961 4606.924 10.7544
827.73 342.874 -102.537 4615.995 9.43961
828.85 581.382 64.466 4770.065 10.98512
829.98 772.389 298.968 4978.636 10.11654
831.11 436.896 -16.529 4532.208 9.96815
832.23 421.903 -21.027 4546.778 9.69677
833.36 648.91 225.475 4701.849 9.45932
834.48 518.917 48.978 4620.92 10.27876
835.6 684.424 131.48 4593.491 12.39225
836.73 320.931 -59.018 4406.562 8.50838
837.85 647.938 221.485 4680.133 9.56463
838.98 258.945 -116.513 4341.204 8.42265
840.1 652.952 116.99 4599.775 11.95601
841.23 563.959 112.492 4545.846 10.18342
842.35 824.966 337.494 4817.417 10.88125
843.47 505.473 37.997 4430.487 10.64262
844.6 370.98 -79.001 4265.058 10.35854
845.72 444.487 17.002 4269.629 10.05227
846.84 441.494 27.004 4295.2 9.71113
847.96 391.501 -36.494 4381.771 9.68694
849.09 390.508 -36.991 4283.842 9.89391
850.21 437.015 41.011 4277.913 9.34655
851.33 576.022 170.514 4506.484 9.3522
852.45 344.029 -52.484 4312.055 9.08489
853.57 443.036 88.518 4352.625 8.31401
854.7 414.543 5.521 4229.196 9.68405
855.82 391.551 -46.477 4275.768 10.13426
856.94 629.058 142.025 4498.338 11.17992
858.06 322.065 -123.972 4099.909 10.55988
859.18 584.572 147.03 4463.48 10.1366
860.3 524.079 46.033 4347.551 11.11342
861.42 251.586 -131.965 4107.622 9.04689
862.54 281.593 -92.963 4028.193 9.0886
863.66 295.1 -68.46 4109.764 8.7013
864.78 444.607 18.542 4205.335 10.1764
865.9 482.614 78.545 4268.906 9.64283
867.02 1072.621 555.547 4889.477 11.93083
868.14 796.128 360.549 4533.047 10.43928
869.26 650.635 167.052 4349.618 11.56188
870.38 262.142 -138.946 3931.689 9.8532
871.5 295.649 -134.443 3907.26 10.64137
872.62 322.156 -48.941 4013.331 9.13521
873.74 723.663 266.561 4303.902 11.32185
874.85 337.167 -40.438 3988.438 9.37245
875.97 529.167 84.563 4042.438 11.23341
877.09 527.167 149.063 4215.938 9.29717
878.21 423.667 47.063 4143.438 9.1936
879.33 490.167 90.563 4103.438 9.95805
880.44 440.167 31.563 4055.438 10.15449
881.56 357.667 36.063 4105.438 7.90304
882.68 476.167 61.063 4051.438 10.40264
883.79 848.667 377.063 4368.438 11.81558
884.91 224.667 -103.438 3833.938 8.33307
886.03 546.167 156.563 4111.438 9.85124
887.14 738.667 261.563 4299.438 11.81572
888.26 726.667 286.063 4332.938 10.88752
889.38 710.667 232.063 4343.438 11.64098
890.49 334.667 -108.938 3932.438 10.97657
891.61 517.167 107.563 4254.438 9.87742
892.72 302.167 -82.438 4046.438 9.31499
893.84 283.667 -102.938 4078.438 9.24586
894.95 312.167 -93.938 4244.938 9.35966
896.07 397.167 -7.438 4271.938 9.45475
897.18 565.167 104.563 4426.438 10.65751
898.3 322.167 -94.938 4268.938 9.55811
899.41 706.167 211.563 4609.938 11.24516
900.53 592.667 83.063 4485.938 11.57435
901.64 601.167 127.063 4506.938 10.82461
902.75 509.167 53.063 4401.938 10.48787
903.87 368.667 -8.438 4224.938 8.90788
904.98 648.667 127.063 4443.438 12.08431
906.09 459.667 53.563 4303.938 9.55455
907.21 593.667 164.063 4383.938 10.1805
908.32 446.167 5.063 4242.938 10.40862
909.43 726.667 256.063 4502.438 11.08249
910.54 512.667 69.063 4235.938 10.64597
911.66 977.667 509.063 4660.938 11.28657
912.77 351.667 -51.938 3945.938 10.09547
913.88 492.167 108.063 4083.938 9.66087
914.99 345.667 -28.938 4013.938 9.26579
916.1 562.167 97.063 4052.438 11.75879
917.22 316.167 -58.938 3750.938 9.84558
918.33 754.667 284.563 4103.938 12.30841
919.44 490.667 47.063 3874.438 11.5903
920.55 806.667 246.563 4168.438 14.28154
921.66 570.167 151.063 3955.938 11.01493
922.77 542.667 166.563 3962.938 9.90693
923.88 644.667 250.563 4038.938 10.40299
924.99 536.167 129.063 3725.438 11.31985
926.1 241.667 -77.438 3510.938 8.89272
927.21 705.667 260.063 3858.938 12.38176
928.32 239.667 -137.938 3311.938 10.94545
929.43 466.167 34.563 3589.438 12.14119
930.54 355.167 -29.938 3392.938 11.2509
931.65 396.667 35.063 3401.938 10.74005
932.76 491.167 108.563 3444.438 11.46938
933.86 446.667 35.063 3344.438 12.43752
934.97 280.667 -36.438 3040.938 10.30437
936.08 309.167 -2.438 2952.938 10.54364
937.19 624.667 203.563 3193.438 14.08434
938.3 450.167 157.563 2714.938 11.44158
939.4 575.667 294.563 2731.938 11.53307
940.51 306.167 38.563 2317.438 11.74282
941.62 444.667 164.563 2285.938 13.2039
942.73 780.667 519.063 2622.938 12.4344
943.83 357.167 105.563 2128.938 12.43488
944.94 349.167 124.063 2027.438 11.82658
946.05 44.167 -146.938 1878.938 9.43317
947.15 85.667 -137.938 1936.438 10.77935
948.26 279.667 13.563 2071.438 12.93102
949.36 142.667 -55.438 1995.438 9.6595
950.47 384.667 109.563 2192.938 13.20474
951.57 624.667 359.063 2558.938 12.0736
952.68 448.167 194.563 2415.438 11.41911
953.79 425.167 187.563 2443.438 10.53268
954.89 260.167 -16.438 2318.938 11.8441
955.99 400.667 133.563 2524.938 11.16948
957.1 289.667 -18.438 2454.938 12.45683
958.2 378.167 70.563 2571.438 12.29986
959.31 467.667 172.063 2661.938 11.87225
960.41 226.667 -27.438 2440.438 10.29648
961.52 191.667 -76.938 2472.938 10.53401
962.62 434.167 185.563 2692.938 9.91492
963.72 106.167 -117.438 2377.938 8.96074
964.83 129.167 -115.438 2374.938 9.82198
965.93 376.167 76.563 2607.938 11.83563
967.03 582.667 219.063 2881.938 13.65457
968.13 402.667 136.563 2713.438 10.32662
969.24 273.167 -18.938 2504.438 11.57593
970.34 278.167 51.563 2536.938 9.1175
971.44 266.167 18.063 2592.438 9.63745
972.54 375.167 110.063 2656.938 10.409
973.64 208.167 -24.938 2477.438 9.31532
974.75 784.667 451.063 3000.438 13.08572
975.85 2090.667 1539.063 4300.438 19.97571
976.95 236.167 3.563 2528.938 9.21068
978.05 508.167 183.563 2569.438 13.60525
979.15 772.167 427.063 2878.938 14.07511
980.25 251.167 -7.438 2350.438 10.96768
981.35 308.167 -10.438 2406.438 13.18248
982.45 704.667 374.563 2774.438 13.75506
983.55 432.667 149.063 2521.938 11.95192
984.65 358.667 78.563 2469.438 11.71555
985.75 516.167 236.063 2608.438 11.80691
986.85 407.167 126.063 2497.938 11.85156
987.95 258.167 23.563 2266.438 10.45997
989.05 589.167 312.063 2594.938 12.13839
990.15 501.667 248.563 2461.938 11.43521
991.25 345.167 91.063 2310.938 11.44678
992.34 584.167 287.563 2447.438 13.73247
993.44 344.667 147.063 2243.438 9.42599
994.54 341.167 95.063 2223.938 11.56029
995.64 589.167 305.063 2345.938 13.9207
996.74 630.667 308.563 2384.438 15.51655
997.83 141.667 -80.938 1920.438 11.12256
998.93 294.167 77.563 2004.938 11.2383
1000.03 871.167 527.563 2610.438 16.49663
1001.12 529.667 282.063 2239.438 12.64981
1002.22 564.167 328.063 2223.938 12.45357
1003.32 274.167 41.563 1932.438 12.3014
1004.41 359.667 136.563 1924.438 12.47873
1005.51 336.667 85.563 1864.938 14.11193
1006.6 180.167 10.063 1708.438 10.0157
1007.7 441.167 225.063 1904.438 12.86813
1008.8 51.167 -97.438 1492.938 9.34397
1009.89 416.167 191.063 1778.938 14.17644
1010.99 301.167 109.563 1696.938 12.0705
1012.08 117.167 -33.438 1549.938 9.51159
1013.18 297.667 111.563 1763.438 11.26624
1014.27 211.167 8.063 1728.938 11.80238
1015.36 303.667 59.063 1891.438 13.34902
1016.46 322.667 116.063 1908.438 11.52684
1017.55 194.667 -50.938 1682.438 14.16913
1018.65 387.667 148.563 1865.938 13.92265
1019.74 435.667 211.063 1936.438 13.0177
1020.83 385.667 140.063 1793.938 14.85022
1021.93 269.167 17.563 1672.438 15.20382
1023.02 65.667 -57.938 1413.938 8.39774
1024.11 145.167 -71.438 1369.938 15.02761
1025.2 47.667 -82.438 1358.938 9.02639
1026.3 343.667 171.063 1589.938 12.16486
1027.39 422.667 221.563 1548.938 15.15052
1028.48 357.667 125.063 1476.938 17.20604
1029.57 226.167 83.063 1371.938 11.10303
1030.66 315.667 102.063 1392.938 16.54724
1031.75 922.167 644.063 1955.938 21.19899
1032.84 383.167 206.563 1384.938 14.98709
1033.94 113.667 -43.438 1152.438 13.13717
1035.03 434.667 236.063 1373.438 17.46162
1036.12 57.667 -42.438 1011.938 9.49417
1037.21 103.167 -0.938 1071.438 9.70781
1038.3 290.667 165.063 1202.938 12.10205
1039.39 64.167 -62.938 904.438 13.13908
1040.48 258.667 156.063 1170.938 10.11003
1041.57 352.167 225.563 1090.438 14.63843
1042.66 233.667 117.063 1066.438 12.2822
1043.74 262.667 147.563 1071.938 12.45211
1044.83 296.667 167.563 1077.438 14.18922
1045.92 41.167 -81.438 749.438 14.75603
1047.01 339.667 201.563 1081.438 15.69588
1048.1 14.167 -87.938 732.938 12.43845
1049.19 237.167 121.563 903.438 14.78551
1050.27 137.667 40.563 814.938 12.53968
1051.36 138.167 8.563 735.938 17.81807
1052.45 313.667 162.063 884.938 20.97239
1053.54 254.167 77.563 832.938 23.37967
1054.62 274.667 133.063 828.938 20.34908
1055.71 229.167 132.563 791.938 14.65087
1056.8 380.667 246.063 929.938 19.68257
1057.88 157.667 49.063 714.438 16.32225
1058.97 252.167 130.563 719.438 20.65025
1060.06 507.167 346.563 983.938 25.19775
1061.14 207.167 34.063 686.938 26.51414
1062.23 907.667 723.563 1420.438 26.41854
1063.31 314.167 143.063 792.438 26.34905
1064.4 137.167 34.563 568.438 19.21876
1065.48 232.167 148.063 701.438 15.1984
1066.57 147.167 59.563 588.938 16.5486
1067.65 255.667 149.063 701.938 19.28179
1068.74 174.167 51.563 611.938 21.87895
1069.82 214.167 171.063 638.938 9.21275
1070.9 1280.667 1019.563 1619.438 43.52642
1071.99 284.167 183.063 594.438 24.57713
1073.07 261.667 180.563 577.938 20.40998
1074.15 287.667 184.563 605.438 24.49757
1075.24 228.667 155.063 555.938 18.36088
1076.32 266.167 229.063 639.438 9.04152
1077.4 543.167 402.563 824.938 33.28895
1078.49 77.167 20.063 353.938 17.10346
1079.57 312.167 219.063 607.938 23.94192
1080.65 487.167 364.063 807.938 27.73397
1081.73 174.667 104.563 472.438 19.05652
1082.81 56.667 -44.438 310.438 28.49008
1083.89 246.167 123.063 500.938 32.57801
1084.98 263.167 190.563 479.438 25.13342
1086.06 80.167 -7.438 371.938 23.09171
1087.14 94.667 42.063 326.438 18.49817
1088.22 192.667 151.063 483.438 12.51724
1089.3 38.167 -10.938 306.938 15.44763
1090.38 579.667 457.063 772.438 38.87568
1091.46 281.167 230.063 519.438 17.66018
1092.54 161.667 56.063 376.438 32.96268
1093.62 210.667 137.063 412.938 26.68026
1094.7 70.667 -22.938 228.438 37.23686
1095.78 134.667 141.063 349.438 -3.06938
1096.86 248.167 124.063 417.938 42.23026
1097.93 632.667 512.563 801.938 41.50469
1099.01 386.167 284.563 541.438 39.55393
1100.09 72.167 32.063 277.438 16.34403
