196.55 739.366 637.312 786.812 68.26348
197.76 1042.135 939.8 1007.398 151.38928
198.96 968.036 856.3 947.424 122.62042
200.16 640.631 561.303 696.767 58.56008
201.36 1005.86 1037.285 1083.627 -67.81261
202.56 748.633 695.791 778.669 63.75889
203.76 641.487 612.799 639.437 107.69594
204.96 722.84 695.308 762.704 40.85139
206.16 553.653 490.81 557.245 94.59265
207.36 881.577 819.305 896.15 81.03566
208.56 713.467 680.301 776.688 34.40956
209.76 504.726 497.306 507.611 72.00043
210.96 634.616 620.302 695.649 18.99752
212.16 1392.93 1311.814 1376.918 124.5958
213.36 777.112 733.805 811.518 55.72629
214.56 691.015 636.813 743.273 50.91264
215.76 1179.987 1209.3 1193.437 0.0
216.96 1021.957 972.798 1001.699 170.0925
218.16 721.793 694.796 742.119 57.04823
219.35 603.187 483.31 595.113 107.2217
220.55 685.786 634.81 695.587 83.87412
221.75 657.06 581.816 649.629 110.95699
222.95 1030.905 923.809 1004.31 133.03645
224.15 851.079 746.315 839.879 111.97108
225.35 599.648 541.313 656.115 50.81381
226.55 644.321 558.809 616.455 148.33969
227.75 949.405 842.309 995.81 69.7687
228.94 829.226 687.306 816.611 109.75572
230.14 730.463 694.304 744.057 72.67644
231.34 619.066 537.802 609.162 113.88023
232.54 629.166 577.802 580.135 2201.41785
233.74 605.823 576.298 619.857 67.78202
234.93 629.049 566.813 711.141 43.12152
236.13 701.948 621.303 718.438 83.02311
237.33 697.392 649.817 807.919 30.09098
238.53 591.385 583.311 677.061 8.61281
239.72 965.735 873.301 965.872 99.85191
240.92 532.26 429.306 521.979 111.0939
242.12 901.538 720.309 849.152 140.65895
243.31 561.879 461.804 578.702 85.60846
244.51 479.101 478.801 496.03 1.74069
245.71 880.855 823.809 941.823 48.33852
246.9 1086.601 1016.801 1087.53 98.68694
248.1 704.719 627.8 667.253 194.96608
249.3 668.808 643.297 691.738 52.66417
250.49 679.392 612.296 638.093 260.09459
251.69 765.097 666.304 806.899 70.26737
252.89 673.148 627.792 675.288 95.49472
254.08 495.726 415.806 524.111 73.79128
255.28 702.888 603.799 711.963 91.60982
256.47 534.711 424.305 524.492 110.19943
257.67 819.243 714.316 898.958 56.82702
258.86 849.301 748.311 943.206 51.81776
260.06 708.709 557.796 664.764 141.0823
261.26 990.982 951.802 1040.807 44.02056
262.45 654.398 598.303 696.951 56.86399
263.65 422.832 357.292 430.117 89.99572
264.84 806.25 692.302 784.491 123.60279
266.04 559.648 487.792 533.788 156.22257
267.23 444.515 360.292 453.946 89.92951
268.42 528.997 436.803 571.925 68.23023
269.62 705.928 609.305 708.189 97.71364
270.81 674.875 585.307 734.572 60.00567
272.01 684.032 634.302 688.294 92.10696
273.2 792.92 731.789 765.603 180.78943
274.4 470.907 429.797 514.712 48.41304
275.59 735.056 677.298 770.173 62.18873
276.78 650.459 552.307 701.427 65.82057
277.98 610.911 548.295 575.842 227.30481
279.17 677.543 539.306 668.782 106.76607
280.37 621.855 532.288 609.497 116.00704
281.56 437.704 412.299 413.634 1903.18001
282.75 504.98 398.314 518.905 88.45304
283.95 550.297 536.293 607.749 19.59815
285.14 622.164 530.293 622.907 99.19704
286.33 533.011 436.295 590.816 62.59049
287.52 643.653 583.29 658.419 80.3462
288.72 771.524 681.787 738.707 157.6547
289.91 1008.006 885.298 1013.686 95.57615
291.1 781.883 571.302 771.333 105.27452
292.29 733.513 610.304 691.544 151.65934
293.49 677.545 601.794 700.184 76.99038
294.68 482.541 465.297 524.054 29.34731
295.87 572.913 525.304 631.57 44.80209
297.06 715.873 643.798 714.844 101.44792
298.26 352.431 299.293 388.091 59.84114
299.45 578.879 543.304 587.202 81.03915
300.64 639.286 483.31 675.587 81.12055
301.83 598.066 587.802 737.662 6.84954
303.02 564.568 450.311 566.89 98.00878
304.21 781.396 658.314 837.05 68.86256
305.4 583.103 540.81 611.258 60.03429
306.59 661.711 567.805 700.992 70.50653
307.79 556.349 526.802 604.965 37.80139
308.98 437.963 417.804 430.057 164.51701
310.17 692.947 614.752 820.557 37.99433
311.36 582.705 525.778 621.807 59.28053
312.55 1012.319 886.78 989.4 122.33343
313.74 456.773 364.797 477.37 81.70381
314.93 817.967 618.301 728.188 181.7023
316.12 570.582 490.803 620.281 61.61582
317.31 360.942 306.797 397.08 59.97223
318.5 442.273 348.297 475.87 73.66479
319.69 592.659 462.296 635.277 75.36274
320.88 532.325 493.807 570.585 50.16807
322.07 462.194 425.795 499.645 49.28716
323.26 524.37 402.81 567.442 73.83757
324.45 344.704 303.799 394.634 45.03285
325.64 554.095 482.795 624.671 50.25496
326.83 685.383 558.302 725.333 76.08266
328.01 519.804 486.299 560.108 45.39348
329.2 712.849 615.802 741.965 76.92194
330.39 545.873 433.798 499.844 169.692
331.58 439.838 341.799 477.476 72.25933
332.77 873.314 762.303 868.096 104.9321
333.96 368.758 246.296 326.251 153.16447
335.15 398.269 361.8 454.24 39.45164
336.33 435.338 355.799 444.476 89.6955
337.52 514.204 455.799 505.134 118.38593
338.71 503.036 413.8 477.924 139.16264
339.9 483.608 422.787 465.062 143.86961
341.08 503.03 430.293 495.565 111.43641
342.27 665.319 568.8 724.727 61.89989
343.46 748.508 666.807 760.414 87.2809
344.65 678.508 581.807 745.914 58.92565
345.83 679.974 631.308 723.046 53.04872
347.02 388.84 301.808 460.704 54.773
348.21 729.497 643.303 792.925 57.60788
349.4 403.551 298.301 463.543 63.69489
350.58 522.47 454.789 565.59 61.08316
351.77 405.823 387.798 447.857 30.01253
352.96 327.681 236.303 372.754 66.96709
354.14 492.754 412.299 498.621 93.2036
355.33 356.379 369.804 470.202 -13.37222
356.51 300.717 265.291 343.524 45.2832
357.7 537.349 427.282 473.638 237.43701
358.89 414.129 339.294 402.539 118.32541
360.07 689.084 589.291 704.182 86.85845
361.26 641.267 618.77 697.685 28.50817
362.44 485.83 448.263 489.063 92.07704
363.63 374.873 364.256 381.191 62.69284
364.81 442.936 396.749 440.569 105.40207
366.0 269.649 201.751 303.136 66.97109
367.18 977.067 894.26 985.509 90.74873
368.37 443.882 297.772 489.278 76.29512
369.55 582.556 478.777 604.846 82.31895
370.74 612.422 556.277 681.504 44.8346
371.92 821.966 718.271 808.133 115.39342
373.11 383.276 353.765 403.445 59.40194
374.29 328.339 313.257 356.323 35.01979
375.48 458.703 436.769 487.079 43.59708
376.66 366.224 291.776 430.557 53.64443
377.84 654.382 592.272 782.778 32.6025
379.03 351.323 300.777 381.53 62.5934
380.21 263.772 226.268 291.815 57.21668
381.39 248.737 164.768 212.947 174.28597
382.58 657.64 491.777 631.701 118.5376
383.76 807.914 678.783 860.744 70.96618
384.94 804.185 730.28 864.558 55.039
386.13 309.509 290.765 387.761 19.32404
387.31 434.332 379.272 440.291 90.23442
388.49 314.455 332.768 344.644 -154.19382
389.68 553.694 448.774 479.319 343.50048
390.86 519.927 386.775 503.135 114.43122
392.04 669.384 571.281 781.506 46.66552
393.22 376.427 310.775 402.135 71.86089
394.41 355.688 325.768 358.46 91.51939
395.59 224.244 165.775 242.306 76.39902
396.77 446.468 334.78 470.861 82.07421
397.95 427.606 322.278 556.333 45.00125
399.13 547.918 503.78 630.374 34.8657
400.31 391.796 349.763 369.695 210.88578
401.5 471.0 357.271 533.001 64.71821
402.68 515.237 430.768 535.947 80.30987
403.86 353.828 304.774 428.161 39.75594
405.04 540.815 504.782 661.77 22.95231
406.22 243.901 236.27 344.027 7.08157
407.4 576.821 454.289 616.629 75.47885
408.58 589.817 535.771 654.672 45.45478
409.76 655.936 581.269 669.895 84.24888
410.94 442.927 418.275 530.135 22.0383
412.12 443.959 297.786 474.601 82.67011
413.3 325.022 282.278 400.478 36.16196
414.48 267.438 235.278 327.623 34.82493
415.66 384.547 256.783 417.586 79.45398
416.84 754.888 711.278 899.136 23.21418
418.02 460.347 370.273 516.91 61.42676
419.2 324.155 270.778 400.32 41.20449
420.38 447.61 361.775 479.964 72.62545
421.56 370.899 344.282 458.125 23.38022
422.74 720.451 626.77 725.514 94.87222
423.92 518.892 478.276 577.267 41.03079
425.1 367.938 356.778 460.123 10.79788
426.28 365.905 299.788 468.984 39.0772
427.46 952.722 769.788 1014.655 74.70753
428.63 466.944 345.785 548.482 59.77346
429.81 535.256 367.787 595.023 73.69847
430.99 515.414 430.283 621.244 44.58021
432.17 794.711 655.284 850.666 71.36126
433.35 560.562 457.284 685.705 45.21416
434.52 219.252 119.79 327.892 47.7947
435.7 394.043 249.785 448.956 72.42924
436.88 559.571 480.778 711.965 34.08187
438.06 440.237 370.789 600.274 30.26253
439.23 379.121 262.779 427.452 70.65008
440.41 524.183 404.792 636.156 51.6031
441.59 548.377 501.775 672.148 27.35332
442.77 348.431 214.793 501.091 46.67786
443.94 621.819 516.78 746.4 45.74472
445.12 617.478 466.784 706.35 62.90308
446.3 798.304 645.279 825.781 84.77725
447.47 613.616 431.781 704.322 66.71848
448.65 600.769 508.779 737.913 40.14683
449.82 414.269 318.279 536.413 44.00508
451.0 445.75 320.281 641.164 39.10113
452.18 420.429 267.784 553.863 53.35761
453.35 502.002 329.28 615.729 60.29768
454.53 481.627 345.785 636.811 46.67699
455.7 343.032 218.782 582.967 34.1174
456.88 757.791 569.287 920.391 53.68896
458.05 470.815 385.282 675.77 29.44438
459.23 392.414 219.283 554.744 51.60982
460.4 466.002 328.28 668.729 40.45311
461.58 583.608 458.287 760.062 41.52795
462.75 347.978 185.284 601.85 39.05608
463.93 557.834 405.781 780.019 40.63007
465.1 506.056 307.777 695.346 51.15959
466.28 305.401 146.791 592.353 35.59765
467.45 271.002 95.78 541.229 39.33609
468.63 516.582 296.782 831.954 41.07087
469.8 715.597 480.783 970.573 47.94176
470.97 430.631 235.782 732.941 39.19254
472.15 618.748 382.293 961.762 40.8054
473.32 583.401 471.791 1011.853 20.66609
474.49 697.588 534.788 1139.313 26.93025
475.67 473.935 291.79 941.221 28.04684
476.84 412.302 204.29 832.379 33.1181
478.01 576.211 407.784 1020.666 27.48111
479.19 521.495 344.794 999.697 26.9813
480.36 435.687 228.289 888.787 31.40034
481.53 534.276 339.786 1107.772 25.32468
482.7 485.866 276.792 1067.485 26.44191
483.88 383.377 217.295 956.474 22.46839
485.05 442.291 266.287 1002.891 23.89399
486.22 585.155 328.799 1176.147 30.25394
487.39 403.547 226.803 1092.412 20.41841
488.56 455.177 361.785 1131.298 12.13644
489.74 661.03 484.293 1461.065 18.09394
490.91 333.965 172.292 1090.959 17.59866
492.08 383.677 286.285 1179.298 10.90594
493.25 346.763 194.794 1080.881 17.15055
494.42 452.06 309.795 1247.803 15.16669
495.59 491.644 288.795 1286.158 20.33855
496.76 580.448 292.782 1273.112 29.3438
497.93 631.489 386.288 1406.339 24.03815
499.1 671.278 417.795 1404.0 25.70286
500.27 961.293 613.796 1779.619 29.80701
501.44 1066.92 701.289 1728.603 35.59099
502.61 654.733 297.292 1333.643 34.4903
503.78 763.437 379.799 1565.95 32.34311
504.95 1090.806 737.788 1932.01 29.56052
506.12 845.17 404.8 1650.766 35.34368
507.29 671.797 242.793 1464.249 35.12235
508.46 493.698 62.793 1302.775 34.75093
509.63 1155.698 694.793 2091.775 32.99293
510.8 1234.45 716.291 2035.34 39.28276
511.97 835.336 370.79 1692.248 35.15408
513.14 708.566 192.302 1556.662 37.83934
514.31 991.411 498.295 1935.342 34.31458
515.48 935.651 323.301 1840.017 40.37338
516.65 826.668 231.291 1812.537 37.6524
517.81 805.026 242.296 1777.935 36.64465
518.98 964.138 426.289 2005.8 34.05163
520.15 751.879 166.304 1814.202 35.53463
521.32 990.084 395.291 2019.182 36.62763
522.49 1567.284 830.801 2646.359 40.56512
523.65 1332.273 640.297 2458.37 38.06097
524.82 1063.435 363.79 2115.721 39.93564
525.99 706.517 77.801 1942.175 33.72262
527.16 1167.107 393.807 2333.388 39.86943
528.32 1149.614 402.293 2408.92 37.24264
529.49 1000.817 302.791 2284.998 35.21455
530.66 857.653 97.31 2176.245 36.57365
531.82 913.89 173.287 2282.865 35.10668
532.99 1076.877 235.795 2325.974 40.2397
534.16 1146.961 255.795 2515.329 39.44026
535.32 1471.472 524.799 2882.818 40.14696
536.49 1041.338 160.299 2617.476 35.85575
537.65 1535.202 586.79 3077.906 38.0718
538.82 1123.075 139.296 2788.922 37.12898
539.99 1452.129 390.794 3119.539 38.89462
541.15 1570.409 434.286 3229.114 40.65094
542.32 1229.502 96.801 3054.056 38.30245
543.48 1640.161 475.805 3560.505 37.74617
544.65 1844.939 600.808 3700.178 40.14142
545.81 2190.793 823.796 4248.619 39.91439
546.98 1632.597 293.804 3874.899 37.38501
548.14 1833.293 476.296 4179.119 36.64763
549.31 1568.506 234.798 4024.686 35.19124
550.47 1760.67 225.3 4293.266 37.74295
551.63 2000.026 607.796 4723.435 33.82779
552.8 1622.485 271.29 4366.708 32.99283
553.96 1650.407 250.297 4622.212 32.0251
555.13 1715.036 241.8 4853.424 31.94616
556.29 2053.498 594.303 5412.925 30.2824
557.45 1489.573 153.787 5053.694 27.26145
558.62 1644.952 299.8 5358.569 26.5905
559.78 1821.097 428.304 5788.899 25.98205
560.94 1702.185 228.301 5637.885 27.2458
562.11 1827.681 219.303 5692.254 29.38775
563.27 1787.819 51.8 5799.727 30.20251
564.43 1671.288 18.298 5993.489 27.66422
565.59 1668.687 148.31 6245.113 24.93729
566.76 1577.435 198.29 6390.222 22.27326
567.92 1520.737 314.31 6725.6 18.81722
569.08 1527.299 419.802 7051.478 16.70011
570.24 1348.871 217.289 6984.116 16.72249
571.4 1462.64 121.798 7094.528 19.2298
572.57 1798.37 226.81 7483.942 21.65539
573.73 1798.883 37.302 7426.333 23.8405
574.89 2158.359 213.806 7847.953 25.47178
576.05 2349.332 286.292 8029.617 26.64281
577.21 2263.763 117.294 8039.381 27.09474
578.37 2416.219 23.3 8054.753 29.79435
579.53 2835.612 130.805 8437.019 32.56366
580.69 3319.933 338.802 8902.819 34.80996
581.85 3277.388 275.799 8910.963 34.76007
583.01 3227.873 225.298 9113.844 33.78027
584.17 3546.808 250.797 9301.738 36.41622
585.33 3704.017 346.802 9616.675 36.21641
586.49 3854.827 167.295 9590.487 39.13252
587.65 4103.56 298.295 10089.803 38.86291
588.81 4078.2 315.302 10218.004 37.9987
589.97 4456.621 521.799 10615.278 38.9838
591.13 4229.688 219.789 10313.786 39.72558
592.29 4476.948 243.303 10551.938 41.06892
593.45 4431.547 104.803 10655.912 41.00748
594.61 4352.336 108.29 10713.247 40.01946
595.77 4482.586 92.8 10935.911 40.48456
596.93 4580.351 66.291 10966.866 41.41121
598.09 4887.278 217.795 11187.5 42.56708
599.24 4790.082 114.803 11435.78 41.29748
600.4 4905.827 160.795 11628.487 41.37739
601.56 4898.422 113.298 11662.331 41.43311
602.72 5179.646 231.804 11967.887 42.15923
603.87 5438.411 270.315 12095.169 43.70537
605.03 5230.646 101.304 12100.887 42.746
606.19 5148.833 37.301 12161.846 42.15855
607.35 5183.448 14.303 12196.438 42.43217
608.5 5606.403 340.3 12797.582 42.27329
609.66 6031.978 510.805 13099.177 43.85931
610.82 5537.659 113.796 12634.777 43.3182
611.97 5570.998 82.803 12888.426 42.85769
613.13 5786.291 342.307 13128.717 42.57632
614.29 5796.234 237.301 13115.372 43.16589
615.44 6071.616 341.302 13545.648 43.39718
616.6 5876.429 63.305 13354.189 43.73768
617.76 6178.601 329.801 13648.029 43.91575
618.91 6208.405 361.809 13814.81 43.45942
620.07 6200.166 341.302 13815.136 43.48327
621.22 6072.582 0.303 13783.78 44.05477
622.38 6813.998 580.303 14550.926 44.62002
623.53 6289.14 33.298 13968.028 44.89389
624.69 6167.745 66.805 14207.86 43.14346
625.84 6347.299 73.302 14285.478 44.14523
627.0 6641.756 252.287 14652.022 44.37213
628.15 6510.914 21.804 14519.07 44.76092
629.31 6788.748 215.293 14894.763 44.77992
630.46 6563.452 -33.2 14821.568 44.40764
631.61 6653.062 221.304 14963.031 43.62961
632.77 6856.98 198.793 15299.078 44.09312
633.92 7152.373 282.798 15514.344 45.10097
635.08 7481.618 503.29 15909.051 45.29687
636.23 7211.185 159.301 15739.385 45.26217
637.38 7084.051 -23.699 15808.043 44.89557
638.54 7496.144 324.295 16392.658 44.63335
639.69 7797.321 502.309 16554.455 45.44571
640.84 7678.535 225.299 16610.432 45.4878
641.99 7570.881 43.799 16462.553 45.84442
643.15 8060.227 457.299 17139.174 45.57598
644.3 7503.073 57.299 16769.295 44.55347
645.45 7663.419 -54.201 16717.918 46.01458
646.6 8159.765 498.299 17518.539 45.01385
647.75 8174.111 122.3 17449.16 46.47011
648.91 8043.457 -43.2 17428.281 46.28489
650.06 8294.803 95.3 17969.402 45.87365
651.21 8296.148 258.8 18139.023 44.95105
652.36 8552.494 291.8 18513.645 45.33402
653.51 8624.341 97.8 18511.266 46.30601
654.66 8859.187 106.801 18713.887 47.03792
655.81 9306.532 338.301 19291.508 47.31775
656.96 9013.878 29.301 19066.629 47.19453
658.11 9380.225 201.301 19768.252 46.91034
659.27 9362.57 224.801 19963.873 46.2928
660.42 9370.916 23.801 20056.494 46.6593
661.57 9929.762 203.302 20446.115 48.04895
662.72 9880.108 -70.698 20387.236 48.64033
663.87 10117.454 -42.198 20518.857 49.41211
665.01 10355.8 153.802 21189.479 48.49855
666.16 10368.146 3.802 21443.1 48.34274
667.31 10496.492 69.302 22030.221 47.48066
668.46 11127.338 364.803 22584.342 48.43726
669.61 10772.684 85.803 22682.463 47.29407
670.76 10745.029 -15.197 23458.586 45.83934
671.91 11071.375 383.803 23855.207 45.53444
673.06 10947.222 292.803 24016.328 44.91077
674.21 10951.567 -86.197 24243.449 45.36755
675.35 11403.913 143.804 24499.57 46.2318
676.5 11476.259 107.304 24922.191 45.81506
677.65 11228.605 5.804 24847.313 45.17762
678.8 10959.451 -81.696 25238.434 43.6062
679.94 11145.297 20.804 26057.055 42.72694
681.09 11705.643 183.304 27397.676 42.33917
682.24 12249.489 202.305 27849.797 43.57424
683.39 12339.335 5.305 28278.42 43.62459
684.53 12487.681 205.305 28918.041 42.77675
685.68 12277.026 103.305 29660.162 41.18747
686.83 12029.873 149.805 29932.783 39.88878
687.97 12069.219 114.306 30277.904 39.63358
689.12 12322.564 72.806 30580.525 40.15298
690.27 13283.41 14.306 31086.146 42.7046
691.41 14205.757 252.306 31339.268 44.88522
692.56 14925.103 174.306 31676.389 46.82483
693.7 14958.948 173.806 31890.51 46.61626
694.85 14735.294 -17.193 32231.633 45.74581
695.99 14967.64 194.307 32802.254 45.30593
697.14 15381.486 89.807 33371.375 45.94639
698.28 16087.332 205.807 33858.996 47.19174
699.43 16756.678 115.807 34221.617 48.79189
700.57 16756.023 -75.193 34261.738 49.01782
701.72 16937.869 -61.692 34582.859 49.0685
702.86 16986.215 -99.192 35186.48 48.42024
704.01 17195.063 -16.692 35521.102 48.43225
705.15 17940.908 196.308 36909.723 48.33274
706.29 18129.254 30.308 36566.844 49.53657
707.44 19103.6 66.808 37279.465 51.15677
708.58 19008.945 -71.691 37047.086 51.40427
709.72 19597.291 315.809 38219.707 50.86939
710.87 18766.137 -109.191 37748.328 49.85886
712.01 18925.482 -56.691 38429.949 49.32146
713.15 19605.83 79.809 39302.074 49.783
714.3 20052.176 208.309 39567.195 50.41775
715.44 20761.521 18.31 40557.816 51.16789
716.58 21310.867 111.81 40493.438 52.49679
717.72 21301.213 5.31 41119.559 51.79689
718.87 20973.559 68.31 41004.68 51.06767
720.01 20821.904 57.31 41645.301 49.9293
721.15 20407.25 -70.19 41052.422 49.79606
722.29 21678.596 172.811 42203.043 51.16742
723.43 22377.443 225.811 42608.164 52.26617
724.57 22675.789 187.311 42470.785 53.18503
725.72 22772.635 95.811 43220.406 52.58443
726.86 22866.98 355.311 43864.527 51.74
728.0 22396.326 33.811 44052.148 50.80273
729.14 22559.172 -38.688 44322.27 50.94088
730.28 23298.518 244.812 44887.391 51.64062
731.42 23350.863 -48.688 44784.512 52.19246
732.56 24478.711 351.312 45598.133 53.32396
733.7 24534.557 203.812 46227.754 52.86541
734.84 23828.902 -91.688 45686.875 52.25282
735.98 24392.748 62.813 46867.496 51.98184
737.12 23749.094 -52.187 46692.117 50.91803
738.26 24107.439 22.813 46661.242 51.64116
739.4 25043.285 113.313 48017.363 52.04147
740.53 25437.631 146.813 47545.984 53.35709
741.67 25911.979 118.813 48219.105 53.62372
742.81 25732.324 -95.186 47892.727 53.82087
743.95 25757.67 158.814 48583.848 52.86286
745.09 25499.016 -2.686 48563.469 52.5092
746.23 25487.361 163.314 49352.09 51.48339
747.36 26011.707 212.314 49672.211 52.16225
748.5 25765.553 -6.686 49270.332 52.30073
749.64 26641.898 5.315 49776.453 53.51813
750.78 26984.744 -16.185 49686.074 54.32536
751.92 26919.592 17.315 49652.695 54.1998
753.05 26831.938 49.315 50249.316 53.35184
754.19 26481.283 323.315 50323.438 52.31581
755.33 25911.629 -118.685 49811.059 52.13388
756.46 26424.975 125.316 50277.18 52.44004
757.6 26488.32 8.816 49865.301 53.11145
758.74 27516.166 285.816 50412.422 54.32315
759.87 27546.512 83.816 50353.043 54.63123
761.01 27645.859 68.316 50854.664 54.3011
762.14 27349.705 68.817 50612.289 53.9751
763.28 26816.051 231.317 50073.91 53.33738
764.41 26678.396 96.317 50503.031 52.7352
765.55 26606.742 -118.183 50527.652 52.76826
766.69 27044.088 118.817 50587.273 53.35069
767.82 27407.934 118.317 50413.395 54.25902
768.95 27333.279 -1.182 49897.516 54.77991
770.09 27842.625 444.318 50104.637 55.17143
771.22 27830.973 352.318 50846.258 54.41971
772.36 27046.318 220.318 50252.879 53.61708
773.49 26791.164 302.818 50191.0 53.09543
774.63 26456.51 56.818 49718.121 53.15948
775.76 26552.355 36.319 49901.242 53.17573
776.89 26892.701 210.819 49461.363 54.17581
778.03 27422.047 138.819 49556.484 55.20946
779.16 27643.893 -42.681 49967.605 55.36176
780.29 27308.74 129.819 49408.227 55.15381
781.43 26951.086 297.819 48718.348 55.04539
782.56 26724.432 137.32 49144.969 54.25094
783.69 25751.277 -0.68 48346.09 53.2651
784.82 25762.623 60.32 48487.211 53.07444
785.96 26157.969 78.32 48738.332 53.59565
787.09 26210.314 99.82 48076.457 54.42335
788.22 26696.66 112.32 48170.078 55.31748
789.35 26767.008 -24.179 47768.199 56.05745
790.48 26699.854 49.821 47618.82 56.02395
791.62 26174.199 237.321 47567.441 54.79994
792.75 25266.045 -33.179 46713.063 54.12034
793.88 25537.391 345.821 47215.184 53.74848
795.01 25412.736 120.321 47260.305 53.65385
796.14 25618.582 221.822 47061.426 54.2207
797.27 25524.928 229.322 46795.547 54.32179
798.4 26208.773 100.322 46593.168 56.15585
799.53 25597.121 -69.678 45696.289 56.08272
800.66 25622.967 107.822 45310.41 56.4462
801.79 26198.813 716.822 46604.031 55.53179
802.92 25104.158 70.823 45934.652 54.58187
804.05 24338.504 174.823 45343.273 53.49681
805.18 24404.35 125.823 45276.395 53.77236
806.31 24251.695 67.823 44760.016 54.11207
807.44 24830.541 -58.177 45163.137 55.03758
808.57 25941.889 159.323 45746.258 56.55692
809.69 25910.234 180.324 45656.879 56.57841
810.82 25809.58 -126.176 45742.004 56.54411
811.95 25704.426 498.324 45463.625 56.05678
813.08 24556.771 34.824 44124.746 55.61803
814.21 24693.117 518.324 44700.367 54.71633
815.33 24034.963 118.824 44090.488 54.38989
816.46 23526.309 161.825 43306.109 54.1543
817.59 23923.154 417.825 43397.23 54.68975
818.72 24047.002 234.825 43112.352 55.53533
819.84 24353.348 436.825 42483.473 56.88093
820.97 24170.693 259.825 42205.594 57.00424
822.1 24055.039 310.325 42877.215 55.78212
823.22 22966.885 -29.174 41967.336 54.75707
824.35 22270.73 26.326 41628.957 53.46874
825.48 22200.576 251.326 41672.578 52.99031
826.6 21813.922 136.326 40828.199 53.27254
827.73 21727.27 -83.674 40656.32 53.53693
828.85 21940.115 89.826 40436.441 54.15644
829.98 22441.461 303.827 40210.563 55.47343
831.11 22509.807 -22.173 40017.184 56.27458
832.23 22729.652 17.827 40270.305 56.42342
833.36 22551.498 261.327 40222.926 55.77898
834.48 21694.844 130.327 39556.551 54.69587
835.6 21124.689 192.827 39531.172 53.20982
836.73 20252.537 -37.172 38763.293 52.29244
837.85 20297.883 218.328 38851.414 51.97502
838.98 20056.229 -94.672 38747.535 51.87888
840.1 20672.574 194.328 39022.656 52.74048
841.23 21168.92 119.828 39104.777 53.99287
842.35 22215.766 350.329 39630.898 55.66477
843.47 22174.111 100.829 39279.52 56.34002
844.6 21939.457 -38.171 38078.641 57.65862
845.72 22206.303 4.829 38458.262 57.736
846.84 21937.15 22.329 38640.383 56.74761
847.96 21766.996 16.829 38593.004 56.38238
849.09 21489.842 -3.67 38040.125 56.49676
850.21 21378.688 68.83 37915.746 56.3054
851.33 21473.533 196.33 37767.867 56.63118
852.45 21573.379 -56.17 37868.988 57.03219
853.57 21922.725 122.33 38144.109 57.3366
854.7 21846.07 -3.67 37551.23 58.1808
855.82 21781.418 18.331 37559.352 57.97149
856.94 22249.764 186.831 38093.973 58.20258
858.06 21566.609 -122.669 37377.094 57.83844
859.18 21558.955 170.331 37395.719 57.45709
860.3 21662.301 87.831 37606.84 57.50277
861.42 21486.646 -103.669 37597.961 57.26627
862.54 21191.992 -96.168 37026.082 57.34609
863.66 21627.838 -43.668 37458.203 57.7878
864.78 22234.684 71.332 37623.824 59.01966
865.9 21573.031 109.332 36705.445 58.65022
867.02 22324.877 676.832 37388.066 58.96845
868.14 22076.223 444.332 37193.188 58.86412
869.26 21471.568 226.833 37167.809 57.50995
870.38 20609.914 -115.667 36392.93 56.76904
871.5 20507.76 -77.667 36881.051 55.69843
872.62 20544.605 -52.167 36904.172 55.73272
873.74 20543.951 306.333 36679.293 55.63918
874.85 20407.125 -52.667 36316.105 56.25648
875.97 20759.125 119.333 36502.605 56.72879
877.09 21271.125 122.333 35951.605 59.02657
878.21 20713.625 63.333 35209.105 58.75612
879.33 21016.125 123.833 35604.105 58.88425
880.44 20627.625 66.333 35076.105 58.73015
881.56 20533.625 40.333 35173.605 58.33015
882.68 20093.125 92.833 35226.605 56.92612
883.79 20227.125 424.833 35601.105 56.29446
884.91 19264.125 -134.167 34988.605 55.22996
886.03 19649.625 169.833 35275.605 55.48886
887.14 19808.625 290.333 35176.105 55.94915
888.26 20366.125 330.333 35595.105 56.81532
889.38 20749.625 273.833 35575.605 58.00216
890.49 21036.625 -86.667 35854.105 58.7725
891.61 21775.625 97.333 36729.605 59.17812
892.72 21949.125 -71.167 36672.105 59.93013
893.84 22021.125 -71.667 37220.105 59.24307
894.95 22056.625 -80.667 37950.605 58.20813
896.07 21954.125 20.833 38481.605 57.02769
897.18 21729.625 147.833 38023.105 56.98122
898.3 21504.625 -53.167 38379.105 56.09294
899.41 22235.125 274.833 39083.105 56.58663
900.53 22262.625 120.333 38827.105 57.20521
901.64 22140.625 219.833 38547.605 57.19297
902.75 22336.125 53.833 37893.605 58.8859
903.87 22868.625 -10.667 38104.105 60.02736
904.98 22990.125 149.833 37949.105 60.42522
906.09 22442.625 22.833 37534.105 59.76815
907.21 22011.625 145.833 37452.105 58.61157
908.32 21588.125 28.333 36973.605 58.35602
909.43 21162.125 272.333 36504.605 57.65521
910.54 20546.125 127.833 35982.605 56.94721
911.66 20541.125 540.333 36000.605 56.40338
912.77 20140.625 -1.667 35551.105 56.65463
913.88 20182.625 150.833 35423.605 56.79109
914.99 20100.625 -48.167 35018.605 57.45836
916.1 20518.125 135.833 34853.105 58.70937
917.22 20612.125 -30.167 34494.105 59.79066
918.33 21081.125 289.833 35035.605 59.83834
919.44 20475.625 76.833 34128.605 59.90523
920.55 20581.625 358.833 34206.105 59.74718
921.66 19863.125 200.333 33540.605 58.9761
922.77 19286.625 207.333 33220.105 57.79367
923.88 19004.625 300.833 32971.105 57.25019
924.99 18511.625 142.333 32683.604 56.44922
926.1 18082.625 -86.167 31982.104 56.6566
927.21 18317.625 317.833 31868.104 57.05115
928.32 17984.625 -121.167 31451.604 57.34622
929.43 18009.125 60.833 31048.104 57.9215
930.54 17883.125 23.833 30377.104 58.83811
931.65 18203.625 82.333 30159.604 60.24912
932.76 17815.625 184.333 29662.104 59.81216
933.86 17553.125 93.333 29123.104 60.14444
934.97 16881.125 22.833 28341.104 59.5315
936.08 15717.625 4.833 26724.604 58.80586
937.19 14728.125 312.833 25068.104 58.2312
938.3 13536.125 227.833 23666.604 56.77897
939.4 12459.125 293.333 21811.604 56.53703
940.51 11448.125 69.333 19846.604 57.53469
941.62 10756.125 193.833 18889.104 56.49713
942.73 10951.125 508.833 18562.604 57.83995
943.83 10402.125 125.833 17778.104 58.21513
944.94 10315.125 151.833 17505.604 58.56532
946.05 10339.625 -150.667 17298.604 60.1188
947.15 10523.625 -68.667 17517.104 60.23217
948.26 10851.625 64.833 17687.604 61.2094
949.36 10925.125 -1.167 18160.604 60.16094
950.47 11268.625 121.333 19056.604 58.87052
951.57 11869.625 369.833 20197.604 57.99841
952.68 11827.625 229.333 20481.604 57.26909
953.79 11715.125 217.833 20448.604 56.83072
954.89 11774.125 8.833 20562.604 57.24153
955.99 12361.625 167.333 21535.604 57.06729
957.1 12559.125 40.333 21647.604 57.93787
958.2 12841.625 76.333 21826.604 58.69027
959.31 13161.125 203.333 21969.104 59.53289
960.41 13242.625 28.333 21930.104 60.33435
961.52 13712.625 -30.667 22319.604 61.49049
962.62 13617.625 175.833 22383.104 60.52879
963.72 13458.125 -80.667 22094.604 61.05356
964.83 13558.625 -124.667 22386.104 60.78553
965.93 13405.625 112.833 22511.104 59.3474
967.03 13288.625 271.333 22580.604 58.34925
968.13 13087.625 208.333 22356.104 58.15164
969.24 13019.625 8.833 22445.104 57.98999
970.34 12975.125 31.333 22387.604 57.89781
971.44 13113.125 52.333 22906.604 57.14815
972.54 13149.125 141.833 22631.604 57.83648
973.64 13345.125 5.333 22547.604 59.17679
974.75 13751.625 435.833 22415.104 60.58341
975.85 14972.625 1647.833 23483.604 61.02277
976.95 13164.125 7.333 21392.604 61.52268
978.05 13488.125 203.333 21803.604 61.5029
979.15 13576.125 433.833 21820.604 61.45057
980.25 12832.625 2.833 21309.604 60.21462
981.35 12833.625 60.333 21304.604 60.12582
982.45 12756.125 410.333 21391.604 58.84197
983.55 12450.125 186.833 21294.104 58.09985
984.65 12272.125 138.833 21018.104 58.11167
985.75 12089.625 309.833 20370.604 58.72054
986.85 11878.125 180.333 20330.604 58.05278
987.95 11863.125 14.833 20189.104 58.72972
989.05 12184.625 361.833 20275.104 59.37142
990.15 12056.625 271.833 19754.604 60.48828
991.25 11668.125 124.833 19047.604 61.00212
992.34 11793.625 347.833 18764.604 62.14875
993.44 11222.625 140.833 18180.604 61.42978
994.54 11417.125 111.833 18320.604 62.08707
995.64 11379.125 309.833 18295.104 61.54643
996.74 11084.125 351.833 17998.104 60.81904
997.83 10406.625 -49.167 17397.604 59.92967
998.93 10105.125 76.333 17142.104 58.76554
1000.03 10407.125 590.833 17437.604 58.26809
1001.12 9896.625 353.833 16834.604 57.90258
1002.22 9632.125 315.333 16405.104 57.90506
1003.32 9420.125 64.833 16076.604 58.42759
1004.41 9314.125 125.333 15634.604 59.24709
1005.51 9200.125 120.833 15208.604 60.17649
1006.6 8816.625 6.333 14482.604 60.86023
1007.7 8948.125 306.833 14398.104 61.32372
1008.8 8542.125 -47.667 13750.104 62.25492
1009.89 8865.125 235.333 13930.604 63.01293
1010.99 8664.625 114.333 13824.104 62.36641
1012.08 8648.625 -29.167 13906.604 62.26991
1013.18 8975.625 126.833 14570.104 61.26584
1014.27 9391.125 47.333 15621.604 59.99505
1015.36 9430.625 64.833 15875.104 59.23865
1016.46 9377.625 124.833 15763.104 59.16761
1017.55 9066.625 -38.167 15321.604 59.27687
1018.65 8762.625 151.833 14832.604 58.65354
1019.74 8797.125 258.833 14789.104 58.76209
1020.83 8633.125 177.833 14508.104 59.00301
1021.93 8337.125 91.833 13816.604 60.07599
1023.02 8050.625 -45.667 13044.604 61.84969
1024.11 7845.625 -60.167 12667.104 62.11694
1025.2 7926.625 -58.167 12666.604 62.74998
1026.3 7949.625 189.833 12516.604 62.95072
1027.39 7509.625 250.833 12090.604 61.30855
1028.48 7291.125 163.333 11401.604 63.42427
1029.57 6942.625 104.333 11279.104 61.19402
1030.66 6740.125 198.333 10939.604 60.90333
1031.75 6922.625 757.333 11206.104 59.00494
1032.84 6243.625 241.333 10320.104 59.5538
1033.94 5857.125 -37.167 9945.604 59.04464
1035.03 5998.125 296.333 9994.604 58.79184
1036.12 5525.125 -58.667 9499.104 58.42148
1037.21 5371.125 -21.667 9286.104 57.93859
1038.3 5489.125 213.833 9104.104 59.3378
1039.39 5096.625 16.833 8508.104 59.82369
1040.48 5308.625 156.833 8625.604 60.83281
1041.57 5273.125 235.333 8351.604 62.07027
1042.66 5022.625 153.833 7927.104 62.63505
1043.74 4946.125 184.833 7819.604 62.36326
1044.83 4791.125 192.833 7568.104 62.34743
1045.92 4512.125 -67.167 7039.604 64.43562
1047.01 4631.125 249.333 7140.104 63.58928
1048.1 4090.125 -79.167 6634.604 62.1006
1049.19 4130.125 144.833 6583.604 61.89523
1050.27 3787.625 105.333 6251.604 59.91099
1051.36 3620.625 41.833 6110.104 58.97548
1052.45 3772.125 197.333 6116.604 60.39243
1053.54 3541.625 131.333 5930.104 58.8106
1054.62 3569.125 203.333 5800.604 60.13273
1055.71 3431.125 181.833 5554.104 60.48265
1056.8 3475.625 261.833 5661.604 59.51719
1057.88 3319.625 105.333 5219.604 62.84946
1058.97 3282.125 165.833 5094.104 63.23297
1060.06 3407.125 360.833 5153.604 63.56014
1061.14 3031.625 99.333 4855.104 61.65755
1062.23 3614.625 781.333 5268.104 63.14768
1063.31 3013.125 185.333 4585.604 64.26404
1064.4 2708.125 66.333 4119.104 65.18483
1065.48 2758.625 148.333 4254.104 63.57617
1066.57 2514.625 79.833 4023.604 61.73765
1067.65 2529.125 210.833 3963.604 61.77546
1068.74 2399.625 58.333 3872.104 61.39046
1069.82 2316.125 209.833 3796.104 58.73208
1070.9 3253.625 1117.333 4696.104 59.69345
1071.99 2223.625 198.833 3629.104 59.02716
1073.07 2152.625 154.833 3555.604 58.74526
1074.15 2186.125 187.833 3574.104 59.01157
1075.24 2114.125 193.833 3393.104 60.02279
1076.32 2206.625 239.333 3406.604 62.11315
1077.4 2302.625 478.833 3508.104 60.20563
1078.49 1909.125 43.333 2996.104 63.18782
1079.57 2038.625 275.333 3149.104 61.35812
1080.65 2200.625 398.333 3245.104 63.31004
1081.73 1892.125 114.833 2784.604 66.57094
1082.81 1650.625 -13.167 2686.604 61.62714
1083.89 1837.125 227.833 2791.604 62.77049
1084.98 1864.625 212.833 2747.104 65.17818
1086.06 1525.125 48.333 2463.604 61.14393
1087.14 1491.625 25.333 2473.604 59.89091
1088.22 1596.125 168.833 2459.604 62.30617
1089.3 1358.625 -23.167 2242.604 60.9855
1090.38 1825.125 484.333 2745.604 59.29372
1091.46 1542.625 224.333 2436.104 59.60345
1092.54 1391.625 71.833 2222.604 61.36366
1093.62 1410.125 116.833 2203.104 61.99059
1094.7 1222.125 23.333 1981.104 61.23248
1095.78 1278.625 119.333 2072.604 59.3513
1096.86 1380.125 153.833 2093.104 63.23468
1097.93 1687.125 515.333 2423.604 61.40594
1099.01 1485.125 321.833 2187.604 62.34912
1100.09 1192.625 49.333 1832.604 64.11206
