196.55 1282.123 972.948 0.0 309.17505
197.76 1880.314 1427.472 0.0 452.84253
198.96 1656.278 1340.45 0.0 315.82788
200.16 1068.994 796.077 0.0 272.91644
201.36 2000.308 1587.379 0.0 412.92871
202.56 1342.209 990.115 0.0 352.09375
203.76 1026.26 849.94 0.0 176.32031
204.96 1303.311 932.264 0.0 371.04706
206.16 939.985 712.367 0.0 227.61841
207.36 1666.656 1181.173 0.0 485.48291
208.56 1430.874 1052.507 0.0 378.36719
209.76 963.209 637.704 0.0 325.50513
210.96 1209.428 888.539 0.0 320.88934
212.16 2495.207 2056.997 0.0 438.20947
213.36 1574.108 1126.644 0.0 447.46326
214.56 1228.677 890.479 0.0 338.19727
215.76 2207.76 1834.94 0.0 372.82043
216.96 1902.128 1568.862 0.0 333.26624
218.16 1327.009 985.792 0.0 341.21686
219.35 1024.437 716.838 0.0 307.59869
220.55 1198.973 872.359 0.0 326.6134
221.75 1091.874 810.596 0.0 281.2785
222.95 1912.395 1461.314 0.0 451.08154
224.15 1482.76 1090.029 0.0 392.73169
225.35 1185.165 782.472 0.0 402.69232
226.55 1130.925 792.831 0.0 338.09381
227.75 1739.395 1378.814 0.0 360.58154
228.94 1476.709 1122.204 0.0 354.505
230.14 1321.554 919.113 0.0 402.4411
231.34 1133.41 847.028 0.0 286.38196
232.54 1119.446 780.549 0.0 338.89667
233.74 1144.64 805.869 0.0 338.77112
234.93 1043.629 791.951 0.0 251.67749
236.13 1303.488 951.574 0.0 351.914
237.33 1242.934 930.131 0.0 312.80316
238.53 1124.009 887.381 0.0 236.6283
239.72 1749.85 1373.993 0.0 375.8573
240.92 848.661 562.676 0.0 285.98541
242.12 1533.883 1152.807 0.0 381.07654
243.31 1050.584 755.63 0.0 294.95337
244.51 956.362 627.0 0.0 329.36224
245.71 1671.377 1278.803 0.0 392.57397
246.9 2077.862 1688.0 0.0 389.8623
248.1 1270.284 950.954 0.0 319.33026
249.3 1278.574 982.33 0.0 296.24402
250.49 1216.045 893.313 0.0 322.73175
251.69 1533.542 1049.106 0.0 484.43616
252.89 1278.775 916.154 0.0 362.62091
254.08 884.209 579.204 0.0 305.00513
255.28 1235.724 976.919 0.0 258.8056
256.47 873.143 577.666 0.0 295.47797
257.67 1413.38 1159.099 0.0 254.28101
258.86 1600.539 1172.898 0.0 427.6405
260.06 1223.039 917.809 0.0 305.22925
261.26 1918.44 1459.546 0.0 458.89429
262.45 1212.97 939.063 0.0 273.90662
263.65 733.281 565.158 0.0 168.12335
264.84 1432.416 1081.531 0.0 350.8844
266.04 1046.775 804.154 0.0 242.62091
267.23 820.787 487.661 0.0 333.12582
268.42 946.006 706.584 0.0 239.42133
269.62 1254.602 882.641 0.0 371.96075
270.81 1259.263 959.736 0.0 299.52728
272.01 1306.458 923.056 0.0 383.40173
273.2 1545.571 1164.034 0.0 381.53711
274.4 961.61 664.852 0.0 296.75879
275.59 1428.664 1028.883 0.0 399.78101
276.78 1236.733 892.718 0.0 344.01501
277.98 1122.431 772.746 0.0 349.685
279.17 1204.703 903.201 0.0 301.50262
280.37 1158.487 837.985 0.0 320.50256
281.56 771.218 528.915 0.0 242.30316
282.75 979.225 617.508 0.0 361.71698
283.95 1128.829 801.186 0.0 327.64301
285.14 1168.341 863.193 0.0 305.14801
286.33 965.967 700.267 0.0 265.69971
287.52 1340.095 948.548 0.0 391.547
288.72 1482.928 1136.95 0.0 345.97803
289.91 1808.146 1410.373 0.0 397.77356
291.1 1408.904 1007.024 0.0 401.87952
292.29 1317.572 997.623 0.0 319.94849
293.49 1345.919 1044.239 0.0 301.67993
294.68 930.098 729.845 0.0 200.25391
295.87 1067.036 803.102 0.0 263.93365
297.06 1313.158 940.38 0.0 372.7785
298.26 673.817 420.179 0.0 253.63809
299.45 1133.084 789.13 0.0 343.95337
300.64 1122.473 822.859 0.0 299.6134
301.83 1224.41 857.028 0.0 367.38196
303.02 938.515 630.384 0.0 308.13074
304.21 1390.755 1123.525 0.0 267.22925
305.4 1182.967 875.356 0.0 307.61096
306.59 1181.144 920.166 0.0 260.97803
307.79 1094.452 803.053 0.0 291.39923
308.98 863.054 579.113 0.0 283.94104
310.17 1347.604 966.081 0.0 381.52234
311.36 1156.829 857.597 0.0 299.23169
312.55 1910.43 1560.657 0.0 349.77356
313.74 875.122 584.359 0.0 290.76367
314.93 1347.874 1009.007 0.0 338.86725
316.12 1093.976 787.067 0.0 306.90906
317.31 732.563 406.823 0.0 325.73911
318.5 860.122 574.859 0.0 285.26367
319.69 1181.521 830.799 0.0 350.72192
320.88 1000.745 736.225 0.0 264.5199
322.07 947.973 607.271 0.0 340.70215
323.26 934.443 607.342 0.0 327.10114
324.45 729.718 447.415 0.0 282.30316
325.64 1168.437 766.749 0.0 401.68744
326.83 1339.404 996.024 0.0 343.37952
328.01 1023.754 738.436 0.0 285.31787
329.2 1335.952 976.053 0.0 359.89923
330.39 1048.658 727.38 0.0 321.2785
331.58 900.706 542.908 0.0 357.79822
332.77 1626.0 1253.081 0.0 372.91895
333.96 689.057 448.82 0.0 240.23663
335.15 868.302 524.964 0.0 343.33765
336.33 964.706 590.908 0.0 373.79822
337.52 1080.718 719.415 0.0 361.30316
338.71 1005.778 710.45 0.0 295.32776
339.9 1026.398 614.932 0.0 411.46564
341.08 1069.853 688.2 0.0 381.65295
342.27 1400.82 879.475 0.0 521.34503
343.46 1409.751 1063.729 0.0 346.02234
344.65 1280.751 897.229 0.0 383.52234
345.83 1439.299 983.257 0.0 456.04211
347.02 882.811 470.264 0.0 412.54697
348.21 1502.006 1021.584 0.0 480.42133
349.4 858.844 462.989 0.0 395.85489
350.58 1147.589 718.045 0.0 429.54456
351.77 965.14 575.369 0.0 389.77112
352.96 716.512 324.088 0.0 392.4238
354.14 1014.736 619.926 0.0 394.81055
355.33 800.084 536.13 0.0 263.95337
356.51 693.679 387.098 0.0 306.58145
357.7 1098.562 679.734 0.0 418.82782
358.89 866.389 511.721 0.0 354.66766
360.07 1389.691 915.105 0.0 474.58643
361.26 1546.307 1061.79 0.0 484.51746
362.44 1109.286 733.483 0.0 375.8031
363.63 892.379 481.743 0.0 410.63565
364.81 896.858 531.437 0.0 365.42139
366.0 630.996 276.518 0.0 354.478
367.18 1921.631 1403.392 0.0 518.23901
368.37 819.909 529.85 0.0 290.05927
369.55 1147.275 737.065 0.0 410.20947
370.74 1370.287 911.572 0.0 458.71442
371.92 1618.879 1158.332 0.0 460.547
373.11 880.448 476.078 0.0 404.36966
374.29 777.427 421.772 0.0 355.65536
375.48 968.724 531.741 0.0 436.98291
376.66 798.215 441.53 0.0 356.68488
377.84 1381.409 953.85 0.0 427.55927
379.03 767.751 405.051 0.0 362.69968
380.21 696.128 332.184 0.0 363.94354
381.39 510.176 266.212 0.0 243.96323
382.58 1212.245 816.548 0.0 395.6972
383.76 1552.646 1148.784 0.0 403.8623
384.94 1672.442 1254.164 0.0 418.27844
386.13 877.472 426.593 0.0 450.87946
387.31 1006.391 618.339 0.0 388.05188
388.49 807.634 474.688 0.0 332.94598
389.68 1097.083 637.952 0.0 459.13068
390.86 1036.107 567.466 0.0 468.6405
392.04 1443.014 982.706 0.0 460.30804
393.22 869.107 445.466 0.0 423.64059
394.41 866.158 473.202 0.0 392.95581
395.59 572.601 193.463 0.0 379.13812
396.77 950.984 552.689 0.0 398.29572
397.95 1052.293 637.576 0.0 414.71686
399.13 1319.466 792.678 0.0 526.78827
400.31 903.834 447.511 0.0 456.32281
401.5 1134.831 626.304 0.0 508.52722
402.68 1217.676 734.712 0.0 482.9632
403.86 921.071 434.445 0.0 486.62579
405.04 1353.11 807.263 0.0 545.84747
406.22 880.296 367.783 0.0 512.51251
407.4 1210.035 697.013 0.0 513.02234
408.58 1367.325 814.301 0.0 553.02478
409.76 1546.248 947.755 0.0 598.49274
410.94 1164.607 624.466 0.0 540.1405
412.12 993.844 502.9 0.0 490.94354
413.3 902.823 359.093 0.0 543.72925
414.48 779.353 371.111 0.0 408.24152
415.66 940.634 445.277 0.0 495.35733
416.84 1794.835 1233.1 0.0 561.73413
418.02 1185.457 623.378 0.0 562.07904
419.2 857.311 419.586 0.0 437.72427
420.38 1118.613 583.97 0.0 534.64301
421.56 996.58 427.245 0.0 569.33517
422.74 1681.313 1081.794 0.0 599.5199
423.92 1336.655 865.995 0.0 470.66028
425.1 1039.853 464.111 0.0 575.74152
426.28 982.005 405.995 0.0 576.01001
427.46 2049.0 1356.492 0.0 692.50757
428.63 1078.778 571.861 0.0 506.91644
429.81 1176.452 687.964 0.0 488.48785
430.99 1338.146 754.784 0.0 583.3623
432.17 1726.254 1145.347 0.0 580.90662
433.35 1421.7 827.316 0.0 594.3844
434.52 669.131 155.069 0.0 514.06174
435.7 965.814 376.383 0.0 589.43121
436.88 1453.841 840.104 0.0 613.73663
438.06 1170.565 552.531 0.0 618.03461
439.23 1071.359 399.115 0.0 672.24399
440.41 1272.727 594.126 0.0 678.60114
441.59 1532.089 828.456 0.0 703.63318
442.77 970.317 276.679 0.0 693.63809
443.94 1546.93 760.657 0.0 786.27356
445.12 1538.73 769.833 0.0 768.89667
446.3 1870.365 1093.118 0.0 777.24646
447.47 1526.038 666.72 0.0 859.31787
448.65 1545.912 720.646 0.0 825.26617
449.82 1201.412 500.146 0.0 701.2662
451.0 1400.026 609.213 0.0 790.81299
452.18 1260.212 476.823 0.0 783.38931
453.35 1317.936 530.16 0.0 787.776
454.53 1260.284 558.865 0.0 701.41888
455.7 1068.068 334.238 0.0 733.83026
456.88 1693.404 945.935 0.0 747.46808
458.05 1336.11 591.763 0.0 744.34747
459.23 1010.146 315.784 0.0 694.36224
460.4 1438.936 580.16 0.0 858.776
461.58 1538.398 719.432 0.0 818.96564
462.75 1016.23 315.333 0.0 700.89673
463.93 1462.996 628.696 0.0 834.30066
465.1 1251.275 525.065 0.0 726.20947
466.28 884.185 218.101 0.0 666.08389
467.45 908.936 146.66 0.0 762.27602
468.63 1271.586 523.249 0.0 748.33765
469.8 1722.652 870.287 0.0 852.36475
470.97 1169.604 405.259 0.0 764.345
472.15 1389.311 595.675 0.0 793.63562
473.32 1495.185 704.601 0.0 790.58398
474.49 1711.511 859.499 0.0 852.01251
475.67 1299.137 507.573 0.0 791.56421
476.84 1170.149 327.08 0.0 843.06909
478.01 1535.754 636.347 0.0 899.40662
479.19 1406.901 548.728 0.0 858.17255
480.36 1106.047 309.02 0.0 797.02725
481.53 1523.838 596.897 0.0 926.9411
482.7 1337.233 497.129 0.0 840.10361
483.88 1157.479 275.774 0.0 881.70459
485.05 1289.904 361.935 0.0 927.96811
486.22 1332.7 478.405 0.0 854.29581
487.39 1120.024 333.595 0.0 786.42871
488.56 1407.802 485.876 0.0 921.92624
489.74 1745.353 897.2 0.0 848.15295
490.91 1194.769 242.651 0.0 952.11844
492.08 1366.302 375.876 0.0 990.42624
493.25 1194.377 278.714 0.0 915.66275
494.42 1390.485 476.778 0.0 913.70706
495.59 1293.455 417.26 0.0 876.19479
496.76 1397.098 465.756 0.0 931.34253
497.93 1572.975 610.478 0.0 962.49768
499.1 1534.443 572.753 0.0 961.68988
500.27 2002.009 1040.792 0.0 961.21692
501.44 2178.071 1228.534 0.0 949.53711
502.61 1311.245 423.137 0.0 888.10849
503.78 1470.242 629.929 0.0 840.31299
504.95 2130.469 1123.474 0.0 1006.99524
506.12 1628.766 696.943 0.0 931.82281
507.29 1212.329 335.186 0.0 877.14301
508.46 939.793 32.165 0.0 907.62827
509.63 2161.293 1258.165 0.0 903.1283
510.8 2212.203 1179.612 0.0 1032.59131
511.97 1529.101 558.552 0.0 970.5495
513.14 1134.91 258.528 0.0 876.38196
514.31 1748.431 785.746 0.0 962.685
515.48 1461.88 495.01 0.0 966.86969
516.65 1316.661 525.087 0.0 791.57404
517.81 1225.033 355.806 0.0 869.22681
518.98 1651.029 695.01 0.0 956.0199
520.15 1083.584 161.13 0.0 922.45338
521.32 1663.691 703.605 0.0 960.08643
522.49 2522.368 1502.503 0.0 1019.86462
523.65 2191.622 1158.859 0.0 1032.76367
524.82 1625.137 638.073 0.0 987.06421
525.99 960.892 78.517 0.0 882.37459
527.16 1672.287 631.25 0.0 1041.03711
528.32 1717.323 730.182 0.0 987.14056
529.49 1386.215 411.619 0.0 974.59622
530.66 1005.985 114.367 0.0 891.6184
531.82 1146.94 180.957 0.0 965.98294
532.99 1427.979 320.274 0.0 1107.70459
534.16 1354.449 444.256 0.0 910.19232
535.32 1947.694 794.401 0.0 1153.29333
536.49 1256.706 294.408 0.0 962.29825
537.65 2066.613 1011.059 0.0 1055.55438
538.82 1301.551 321.816 0.0 979.73419
539.99 1668.389 642.721 0.0 1025.66766
541.15 1811.826 818.39 0.0 993.43616
542.32 1181.326 147.979 0.0 1033.34747
543.48 1875.626 811.155 0.0 1064.4707
544.65 2043.347 992.785 0.0 1050.56177
545.81 2723.509 1483.292 0.0 1240.21692
546.98 1690.042 503.106 0.0 1186.93622
548.14 2004.009 783.792 0.0 1220.21686
549.31 1515.146 402.873 0.0 1112.27359
550.47 1579.266 469.443 0.0 1109.82278
551.63 2210.032 914.806 0.0 1295.22668
552.8 1608.155 454.584 0.0 1153.57156
553.96 1580.61 459.852 0.0 1120.75885
555.13 1648.778 391.45 0.0 1257.32782
556.29 2197.506 934.084 0.0 1263.42145
557.45 1425.946 274.46 0.0 1151.48541
558.62 1842.308 523.468 0.0 1318.84009
559.78 2080.542 771.606 0.0 1308.93622
560.94 1704.832 371.982 0.0 1332.84991
562.11 1738.512 391.088 0.0 1347.4238
563.27 1352.32 157.975 0.0 1194.34502
564.43 1266.688 32.397 0.0 1234.29076
565.59 1399.437 205.838 0.0 1193.59871
566.76 1693.637 351.073 0.0 1342.56421
567.92 1883.955 571.349 0.0 1312.60608
569.08 2089.434 715.042 0.0 1374.39178
570.24 1800.053 352.024 0.0 1448.02972
571.4 1443.134 226.366 0.0 1216.76868
572.57 1674.943 367.342 0.0 1307.60117
573.73 1348.404 55.524 0.0 1292.8795
574.89 1739.697 452.697 0.0 1287.00015
576.05 1893.781 476.158 0.0 1417.62335
577.21 1447.377 157.714 0.0 1289.66275
578.37 1363.284 18.954 0.0 1344.33028
579.53 1611.608 193.644 0.0 1417.96321
580.69 2018.422 597.535 0.0 1420.88684
581.85 1781.224 351.919 0.0 1429.3056
583.01 1758.658 401.88 0.0 1356.7785
584.17 1928.074 484.83 0.0 1443.24399
585.33 1983.892 572.517 0.0 1411.37457
586.49 1758.461 377.763 0.0 1380.69724
587.65 2010.485 573.278 0.0 1437.20703
588.81 2021.898 566.521 0.0 1455.37708
589.97 2492.748 929.433 0.0 1563.31555
591.13 1825.547 421.02 0.0 1404.52725
592.29 1782.988 336.574 0.0 1446.414
593.45 1699.524 213.595 0.0 1485.92871
594.61 1572.601 134.052 0.0 1438.54947
595.77 1599.296 196.961 0.0 1402.33519
596.93 1496.167 91.091 0.0 1405.07659
598.09 1839.443 382.753 0.0 1456.68988
599.24 1667.476 138.067 0.0 1529.40907
600.4 1850.461 291.763 0.0 1558.69724
601.56 1644.676 233.39 0.0 1411.28586
602.72 1860.56 368.616 0.0 1491.94357
603.87 1940.82 473.064 0.0 1467.75629
605.03 1586.06 232.116 0.0 1353.94357
606.19 1542.386 148.514 0.0 1393.87213
607.35 1398.988 -3.926 0.0 1402.91399
608.5 2029.29 594.457 0.0 1434.83276
609.66 2425.12 989.651 0.0 1435.46826
610.82 1576.021 146.299 0.0 1429.72191
611.97 1543.006 125.084 0.0 1417.92136
613.13 1994.793 573.754 0.0 1421.03955
614.29 1828.85 496.993 0.0 1331.8573
615.44 2064.928 717.539 0.0 1347.38947
616.6 1508.602 180.141 0.0 1328.46075
617.76 2039.862 663.0 0.0 1376.86218
618.91 2032.895 726.314 0.0 1306.58154
620.07 2043.946 641.049 0.0 1402.89667
621.22 1255.476 17.567 0.0 1237.90908
622.38 2409.506 1061.084 0.0 1348.42151
623.53 1320.134 78.366 0.0 1241.76867
624.69 1394.096 112.137 0.0 1281.9583
625.84 1442.934 217.542 0.0 1225.39177
627.0 1816.952 488.964 0.0 1327.98785
628.15 1306.036 -0.398 0.0 1306.43363
629.31 1617.311 318.175 0.0 1299.13562
630.46 1211.808 -23.532 0.0 1235.3401
631.61 1618.09 374.134 0.0 1243.95584
632.77 1505.335 228.189 0.0 1277.14545
633.92 1712.158 495.38 0.0 1216.7785
635.08 2223.643 949.577 0.0 1274.06677
636.23 1582.332 308.482 0.0 1273.84991
637.38 1102.344 -74.511 0.0 1176.85483
638.54 1853.955 654.76 0.0 1199.19476
639.69 2211.925 936.831 0.0 1275.09381
640.84 1626.696 490.402 0.0 1136.29419
641.99 1226.708 97.409 0.0 1129.29877
643.15 2071.719 816.916 0.0 1254.80347
644.3 1266.23 95.422 0.0 1170.80815
645.45 1079.242 -58.071 0.0 1137.31272
646.6 1987.253 811.436 0.0 1175.81738
647.75 1380.764 161.942 0.0 1218.8221
648.91 887.276 -136.551 0.0 1023.82668
650.06 1341.287 225.455 0.0 1115.83138
651.21 1611.298 417.462 0.0 1193.83606
652.36 1609.309 450.969 0.0 1158.34064
653.51 1252.821 101.475 0.0 1151.34532
654.66 1451.832 273.982 0.0 1177.85001
655.81 1680.843 651.989 0.0 1028.85461
656.96 1164.855 69.495 0.0 1095.35928
658.11 1534.866 365.002 0.0 1169.86398
659.27 1597.377 531.009 0.0 1066.36853
660.42 1192.389 29.015 0.0 1163.37324
661.57 1496.4 421.022 0.0 1075.37781
662.72 971.911 -139.971 0.0 1111.88249
663.87 943.923 -99.965 0.0 1043.88719
665.01 1392.934 316.042 0.0 1076.89175
666.16 1191.445 41.049 0.0 1150.39645
667.31 1210.457 95.555 0.0 1114.90115
668.46 1936.468 760.562 0.0 1175.9057
669.61 1381.479 206.069 0.0 1175.41042
670.76 1133.49 4.575 0.0 1128.9151
671.91 1976.502 769.582 0.0 1206.91968
673.06 1719.513 519.589 0.0 1199.92438
674.21 1033.024 -161.405 0.0 1194.42906
675.35 1483.036 284.102 0.0 1198.93362
676.5 1368.547 167.609 0.0 1200.93832
677.65 1193.058 72.615 0.0 1120.44302
678.8 1020.57 -110.878 0.0 1131.44765
679.94 1207.581 40.629 0.0 1166.95228
681.09 1561.592 370.135 0.0 1191.45697
682.24 1687.104 363.142 0.0 1323.96155
683.39 1162.115 -1.851 0.0 1163.96623
684.53 1691.626 558.155 0.0 1133.47095
685.68 1453.637 214.662 0.0 1238.97549
686.83 1540.649 301.169 0.0 1239.48019
687.97 1449.66 298.175 0.0 1151.48489
689.12 1344.671 178.182 0.0 1166.48946
690.27 1291.683 68.189 0.0 1223.49415
691.41 1685.694 468.195 0.0 1217.49884
692.56 1596.705 358.702 0.0 1238.00342
693.7 1637.717 378.709 0.0 1259.00809
694.85 1189.228 48.215 0.0 1141.01279
695.99 1622.239 398.222 0.0 1224.01736
697.14 1393.251 184.229 0.0 1209.02205
698.28 1549.262 342.735 0.0 1206.52673
699.43 1575.773 391.242 0.0 1184.53131
700.57 1078.785 -74.251 0.0 1153.03601
701.72 1187.296 -50.745 0.0 1238.0407
702.86 999.307 -107.738 0.0 1107.04533
704.01 1176.818 50.269 0.0 1126.54997
705.15 1668.33 433.275 0.0 1235.05466
706.29 1297.841 126.782 0.0 1171.05923
707.44 1464.852 171.288 0.0 1293.56392
708.58 1091.864 -124.205 0.0 1216.06862
709.72 1911.375 629.302 0.0 1282.07318
710.87 969.886 -137.192 0.0 1107.07788
712.01 1148.898 0.315 0.0 1148.58257
713.15 1440.409 217.322 0.0 1223.08714
714.3 1588.42 348.828 0.0 1239.59183
715.44 1265.432 92.335 0.0 1173.09653
716.58 1547.443 277.342 0.0 1270.1011
717.72 1271.454 52.848 0.0 1218.60579
718.87 1393.466 240.855 0.0 1152.61049
720.01 1351.977 117.362 0.0 1234.61505
721.15 1123.988 -54.132 0.0 1178.11975
722.29 1604.0 345.875 0.0 1258.12445
723.43 1773.511 498.882 0.0 1274.629
724.57 1611.022 450.388 0.0 1160.6337
725.72 1401.033 244.895 0.0 1156.1384
726.86 1961.545 678.902 0.0 1282.64294
728.0 1378.056 164.408 0.0 1213.64766
729.14 1218.567 -2.085 0.0 1220.65235
730.28 1710.579 481.422 0.0 1229.15692
731.42 1148.09 10.928 0.0 1137.16161
732.56 2003.601 722.435 0.0 1281.16632
733.7 1469.113 386.942 0.0 1082.17087
734.84 946.124 -127.052 0.0 1073.17557
735.98 1352.635 148.955 0.0 1203.68027
737.12 1167.646 -3.038 0.0 1170.68483
738.26 1230.658 17.468 0.0 1213.18953
739.4 1413.169 228.475 0.0 1184.69421
740.53 1574.18 407.482 0.0 1166.69879
741.67 1488.692 273.488 0.0 1215.20349
742.81 996.703 -222.505 0.0 1219.20811
743.95 1441.714 241.002 0.0 1200.71274
745.09 1180.226 19.508 0.0 1160.71744
746.23 1628.237 399.515 0.0 1228.72214
747.36 1672.248 453.522 0.0 1218.72668
748.5 1076.26 60.028 0.0 1016.23139
749.64 1191.771 25.035 0.0 1166.73596
750.78 1137.782 -5.458 0.0 1143.24066
751.92 1267.794 74.548 0.0 1193.24535
753.05 1302.805 155.555 0.0 1147.24992
754.19 1771.316 635.562 0.0 1135.75464
755.33 948.828 -151.932 0.0 1100.75931
756.46 1333.839 245.075 0.0 1088.76387
757.6 1042.85 82.082 0.0 960.76857
758.74 1723.361 562.088 0.0 1161.27325
759.87 1329.873 244.595 0.0 1085.27783
761.01 1276.884 271.102 0.0 1005.78253
762.14 1260.395 234.608 0.0 1025.78722
763.28 1504.407 408.115 0.0 1096.29178
764.41 1304.418 249.121 0.0 1055.29648
765.55 897.429 -123.872 0.0 1021.30117
766.69 1289.941 289.635 0.0 1000.30576
767.82 1366.452 266.641 0.0 1099.81042
768.95 991.463 26.148 0.0 965.31507
770.09 1740.474 737.655 0.0 1002.8197
771.22 1709.486 661.661 0.0 1047.8244
772.36 1527.497 504.168 0.0 1023.32907
773.49 1546.008 489.175 0.0 1056.83365
774.63 1149.52 196.181 0.0 953.33835
775.76 1121.531 154.688 0.0 966.84303
776.89 1405.542 428.195 0.0 977.3476
778.03 1343.054 360.201 0.0 982.85229
779.16 950.565 8.708 0.0 941.85693
780.29 1313.076 308.215 0.0 1004.86157
781.43 1569.088 606.221 0.0 962.86627
782.56 1301.599 315.228 0.0 986.37094
783.69 930.61 11.735 0.0 918.87558
784.82 1046.122 233.241 0.0 812.88022
785.96 1032.133 116.748 0.0 915.3849
787.09 1149.144 204.255 0.0 944.88948
788.22 1264.656 394.261 0.0 870.39417
789.35 923.667 157.768 0.0 765.8988
790.48 1009.178 142.275 0.0 866.90349
791.62 1368.689 580.281 0.0 788.40814
792.75 790.201 5.288 0.0 784.91276
793.88 1522.212 737.795 0.0 784.41736
795.01 1218.723 353.801 0.0 864.92209
796.14 1217.235 404.808 0.0 812.42676
797.27 1341.246 493.815 0.0 847.43134
798.4 1018.757 283.321 0.0 735.43604
799.53 819.269 -4.672 0.0 823.94067
800.66 1082.28 316.335 0.0 765.94531
801.79 2245.791 1276.841 0.0 968.94995
802.92 1015.803 199.848 0.0 815.95462
804.05 1173.314 381.855 0.0 791.45926
805.18 933.825 290.861 0.0 642.96396
806.31 924.336 215.868 0.0 708.46858
807.44 721.348 -64.625 0.0 785.97327
808.57 1070.859 400.381 0.0 670.47791
809.69 1029.37 400.888 0.0 628.4826
810.82 534.882 -163.605 0.0 698.48717
811.95 1781.893 988.401 0.0 793.49188
813.08 868.904 103.908 0.0 764.99649
814.21 1806.916 1064.915 0.0 742.0011
815.33 1000.427 282.921 0.0 717.50583
816.46 990.438 308.928 0.0 681.51044
817.59 1497.95 847.435 0.0 650.51508
818.72 1167.461 504.441 0.0 663.01978
819.84 1639.472 896.448 0.0 743.02448
820.97 1153.484 446.454 0.0 707.02902
822.1 1345.495 593.961 0.0 751.53375
823.22 614.506 -30.532 0.0 645.03836
824.35 708.517 92.474 0.0 616.04299
825.48 1089.529 574.481 0.0 515.04767
826.6 891.54 310.488 0.0 581.05231
827.73 450.051 -144.506 0.0 594.55698
828.85 899.563 268.501 0.0 631.06165
829.98 1247.574 610.008 0.0 637.56635
831.11 615.085 70.014 0.0 545.0709
832.23 642.597 81.521 0.0 561.07559
833.36 1138.608 524.528 0.0 614.08014
834.48 943.619 259.034 0.0 684.58487
835.6 1120.131 482.041 0.0 638.08954
836.73 582.642 -7.952 0.0 590.59418
837.85 1156.153 535.054 0.0 621.09882
838.98 441.665 -104.439 0.0 546.10348
840.1 1024.176 458.568 0.0 565.60806
841.23 955.187 371.074 0.0 584.11276
842.35 1310.698 720.581 0.0 590.11743
843.47 799.71 248.588 0.0 551.12209
844.6 507.721 26.594 0.0 481.12672
845.72 625.232 155.101 0.0 470.13142
846.84 594.744 134.608 0.0 460.13605
847.96 635.755 139.114 0.0 496.64069
849.09 597.766 58.121 0.0 539.64537
850.21 746.778 232.628 0.0 514.15001
851.33 957.789 385.134 0.0 572.65463
852.45 471.3 25.141 0.0 446.1593
853.57 846.812 232.148 0.0 614.66396
854.7 524.823 67.654 0.0 457.16859
855.82 579.834 -0.339 0.0 580.17322
856.94 917.846 485.168 0.0 432.67792
858.06 371.857 -64.326 0.0 436.18255
859.18 927.368 425.181 0.0 502.18716
860.3 754.379 244.688 0.0 509.69186
861.42 330.891 -89.306 0.0 420.1965
862.54 354.402 -65.799 0.0 420.20116
863.66 462.413 50.708 0.0 411.70583
864.78 637.425 186.714 0.0 450.71046
865.9 831.936 244.221 0.0 587.71509
867.02 1883.947 1277.228 0.0 606.71973
868.14 1405.459 879.234 0.0 526.22443
869.26 1065.47 575.741 0.0 489.72913
870.38 344.481 -90.252 0.0 434.73371
871.5 385.993 -94.746 0.0 480.73837
872.62 535.004 69.761 0.0 465.243
873.74 1183.515 699.268 0.0 484.24762
874.85 445.021 40.271 0.0 404.75001
875.97 773.021 286.271 0.0 486.74997
877.09 851.521 373.271 0.0 478.24997
878.21 735.021 220.771 0.0 514.24998
879.33 750.021 334.771 0.0 415.24997
880.44 638.521 254.771 0.0 383.74998
881.56 532.021 111.271 0.0 420.74998
882.68 724.021 256.271 0.0 467.74997
883.79 1314.521 826.771 0.0 487.75006
884.91 355.521 -58.229 0.0 413.75001
886.03 856.021 456.271 0.0 399.74997
887.14 1103.021 659.271 0.0 443.75006
888.26 1152.021 777.271 0.0 374.75006
889.38 1023.521 636.271 0.0 387.25
890.49 323.521 -89.729 0.0 413.25001
891.61 707.521 307.771 0.0 399.74997
892.72 456.021 -13.229 0.0 469.25001
893.84 368.521 -99.229 0.0 467.75001
894.95 279.521 -87.229 0.0 366.75001
896.07 591.521 152.271 0.0 439.24998
897.18 829.521 384.271 0.0 445.24997
898.3 410.021 -41.229 0.0 451.25001
899.41 1012.021 577.271 0.0 434.75
900.53 747.021 335.771 0.0 411.24997
901.64 923.021 462.271 0.0 460.74997
902.75 651.021 262.771 0.0 388.24997
903.87 508.021 116.771 0.0 391.25001
904.98 849.021 403.771 0.0 445.24997
906.09 664.021 235.771 0.0 428.24998
907.21 761.021 438.771 0.0 322.24997
908.32 537.021 198.271 0.0 338.74998
909.43 1001.521 650.771 0.0 350.75
910.54 715.021 280.271 0.0 434.74997
911.66 1549.521 1160.771 0.0 388.75
912.77 515.521 85.771 0.0 429.74998
913.88 684.521 300.271 0.0 384.24997
914.99 472.521 69.271 0.0 403.25001
916.1 735.521 349.771 0.0 385.74997
917.22 361.521 58.771 0.0 302.75001
918.33 1040.021 688.771 0.0 351.25006
919.44 597.021 270.271 0.0 326.74997
920.55 1129.521 660.771 0.0 468.75006
921.66 882.021 428.771 0.0 453.24997
922.77 850.521 488.271 0.0 362.24997
923.88 1044.521 623.271 0.0 421.25006
924.99 754.521 373.771 0.0 380.74997
926.1 328.021 -11.229 0.0 339.25001
927.21 1050.021 652.771 0.0 397.25006
928.32 256.021 -84.729 0.0 340.75001
929.43 613.021 251.771 0.0 361.24998
930.54 414.021 111.271 0.0 302.75001
931.65 618.021 266.271 0.0 351.74997
932.76 759.021 381.771 0.0 377.24997
933.86 550.521 302.271 0.0 248.24997
934.97 417.021 113.771 0.0 303.25001
936.08 385.521 164.771 0.0 220.75002
937.19 1019.021 708.271 0.0 310.75
938.3 817.521 472.271 0.0 345.24997
939.4 1035.021 674.771 0.0 360.25006
940.51 502.021 305.271 0.0 196.75
941.62 731.021 503.771 0.0 227.24997
942.73 1461.521 1102.771 0.0 358.75
943.83 673.521 302.771 0.0 370.74997
944.94 589.021 338.271 0.0 250.74997
946.05 143.021 -35.729 0.0 178.75
947.15 224.521 -25.729 0.0 250.24999
948.26 485.021 228.771 0.0 256.25002
949.36 307.521 98.271 0.0 209.25001
950.47 581.521 326.771 0.0 254.74997
951.57 1157.521 844.771 0.0 312.75006
952.68 774.521 568.771 0.0 205.75
953.79 764.021 439.271 0.0 324.74997
954.89 357.021 121.771 0.0 235.25001
955.99 747.021 391.271 0.0 355.74997
957.1 431.021 230.271 0.0 200.75002
958.2 587.521 271.271 0.0 316.24997
959.31 762.021 455.771 0.0 306.24997
960.41 344.521 130.271 0.0 214.25002
961.52 240.521 10.271 0.0 230.25
962.62 742.521 493.771 0.0 248.74997
963.72 242.521 -50.729 0.0 293.25
964.83 146.021 -70.729 0.0 216.74999
965.93 606.521 341.771 0.0 264.74997
967.03 982.521 714.271 0.0 268.25
968.13 715.521 466.771 0.0 248.74997
969.24 399.021 175.771 0.0 223.25002
970.34 427.521 206.771 0.0 220.75002
971.44 451.021 265.771 0.0 185.25
972.54 615.021 346.771 0.0 268.24997
973.64 433.521 142.271 0.0 291.25002
974.75 1368.021 1069.771 0.0 298.25
975.85 3668.521 3162.271 0.0 506.25
976.95 409.021 189.771 0.0 219.25002
978.05 841.521 525.771 0.0 315.75
979.15 1237.521 896.271 0.0 341.25006
980.25 313.521 99.771 0.0 213.75001
981.35 428.021 179.271 0.0 248.75002
982.45 1195.521 891.771 0.0 303.75006
983.55 726.021 462.771 0.0 263.24997
984.65 636.521 418.271 0.0 218.24997
985.75 930.021 675.271 0.0 254.75
986.85 712.521 372.271 0.0 340.24997
987.95 391.021 185.271 0.0 205.75002
989.05 1098.521 783.271 0.0 315.25006
990.15 787.021 628.271 0.0 158.75
991.25 572.021 443.271 0.0 128.74997
992.34 1055.521 835.771 0.0 219.75006
993.44 643.521 478.271 0.0 165.24997
994.54 575.021 386.771 0.0 188.24997
995.64 984.521 731.271 0.0 253.25
996.74 1087.021 789.271 0.0 297.75006
997.83 233.021 73.771 0.0 159.24999
998.93 544.021 315.271 0.0 228.74997
1000.03 1581.521 1230.771 0.0 350.75
1001.12 992.521 704.771 0.0 287.75
1002.22 1080.521 729.271 0.0 351.25006
1003.32 499.021 272.271 0.0 226.75
1004.41 696.521 467.271 0.0 229.24997
1005.51 589.521 402.771 0.0 186.74997
1006.6 389.021 188.771 0.0 200.25002
1007.7 864.521 624.271 0.0 240.25
1008.8 172.521 103.271 0.0 69.24999
1009.89 724.521 577.771 0.0 146.75
1010.99 579.521 384.771 0.0 194.74997
1012.08 266.521 47.271 0.0 219.25001
1013.18 593.521 394.271 0.0 199.24997
1014.27 464.521 202.271 0.0 262.25002
1015.36 546.021 334.271 0.0 211.74997
1016.46 640.021 402.771 0.0 237.24997
1017.55 263.521 148.271 0.0 115.25002
1018.65 684.021 496.771 0.0 187.24997
1019.74 834.021 586.771 0.0 247.25
1020.83 661.521 505.271 0.0 156.24997
1021.93 567.021 280.271 0.0 286.74997
1023.02 206.521 38.271 0.0 168.25
1024.11 245.521 63.771 0.0 181.75
1025.2 174.521 88.271 0.0 86.24999
1026.3 690.521 454.271 0.0 236.24997
1027.39 802.521 597.771 0.0 204.75
1028.48 647.021 486.771 0.0 160.24997
1029.57 495.021 312.771 0.0 182.25
1030.66 641.021 451.771 0.0 189.24997
1031.75 1776.021 1483.271 0.0 292.75
1032.84 814.021 652.771 0.0 161.25
1033.94 274.521 161.271 0.0 113.25002
1035.03 908.021 773.771 0.0 134.25
1036.12 246.021 90.271 0.0 155.74999
1037.21 291.021 66.771 0.0 224.25001
1038.3 680.021 522.771 0.0 157.25
1039.39 318.521 153.271 0.0 165.25002
1040.48 646.521 455.771 0.0 190.74997
1041.57 782.021 616.271 0.0 165.75
1042.66 561.021 441.771 0.0 119.24997
1043.74 705.021 508.271 0.0 196.74997
1044.83 699.021 543.271 0.0 155.75
1045.92 266.021 45.771 0.0 220.25001
1047.01 817.521 617.771 0.0 199.75
1048.1 170.021 96.771 0.0 73.24999
1049.19 573.521 502.271 0.0 71.24997
1050.27 495.021 342.271 0.0 152.75
1051.36 505.021 305.271 0.0 199.75
1052.45 720.521 469.771 0.0 250.74997
1053.54 607.521 466.771 0.0 140.74997
1054.62 691.521 525.271 0.0 166.25
1055.71 668.021 467.771 0.0 200.24997
1056.8 884.021 688.271 0.0 195.75
1057.88 543.521 328.771 0.0 214.74997
1058.97 615.021 458.771 0.0 156.24997
1060.06 1069.021 834.771 0.0 234.25006
1061.14 511.521 367.771 0.0 143.75
1062.23 1925.021 1608.271 0.0 316.75
1063.31 670.521 547.271 0.0 123.25
1064.4 465.521 279.271 0.0 186.25
1065.48 681.021 526.771 0.0 154.25
1066.57 451.521 362.771 0.0 88.75
1067.65 694.521 543.771 0.0 150.75
1068.74 476.021 357.271 0.0 118.75
1069.82 710.021 544.271 0.0 165.75
1070.9 2487.521 2151.771 0.0 335.75
1071.99 772.021 561.771 0.0 210.25
1073.07 689.521 491.771 0.0 197.74997
1074.15 751.521 576.771 0.0 174.75
1075.24 670.021 526.771 0.0 143.25
1076.32 769.021 625.771 0.0 143.25
1077.4 1179.521 963.771 0.0 215.75006
1078.49 416.521 218.271 0.0 198.25002
1079.57 844.521 655.271 0.0 189.25
1080.65 1139.521 866.771 0.0 272.75006
1081.73 576.021 382.771 0.0 193.24997
1082.81 336.021 238.271 0.0 97.75002
1083.89 730.021 548.771 0.0 181.25
1084.98 723.021 533.271 0.0 189.75
1086.06 387.021 267.771 0.0 119.25
1087.14 393.521 283.771 0.0 109.75
1088.22 624.021 524.771 0.0 99.25
1089.3 329.021 261.771 0.0 67.25
1090.38 1308.021 1101.771 0.0 206.25
1091.46 775.021 598.771 0.0 176.25
1092.54 470.021 405.771 0.0 64.25
1093.62 532.521 412.771 0.0 119.74997
1094.7 387.021 186.271 0.0 200.75002
1095.78 583.021 490.771 0.0 92.24997
1096.86 690.521 545.771 0.0 144.75
1097.93 1459.021 1146.271 0.0 312.75
1099.01 1007.021 802.271 0.0 204.75
1100.09 422.521 334.271 0.0 88.25
