196.55 1279.459 2496.717 2886.567 -312.23746
197.76 1922.526 3800.704 4436.287 -295.50519
198.96 1714.418 3596.637 3977.441 -494.27586
200.16 1098.067 2217.541 2638.016 -266.24026
201.36 2021.998 4129.822 4611.604 -437.50604
202.56 1403.205 2681.073 3184.465 -253.85104
203.76 1180.364 2135.104 2536.268 -237.99226
204.96 1399.522 2509.135 3166.07 -168.90732
206.16 1002.545 1681.46 2228.742 -124.05211
207.36 1662.553 3287.843 3808.572 -312.1185
208.56 1409.206 2790.816 3250.863 -300.31979
209.76 914.715 1640.444 2060.091 -172.9381
210.96 1221.368 2473.917 2848.882 -334.04509
212.16 2550.712 5252.875 5767.875 -524.69181
213.36 1496.909 3010.754 3486.111 -318.46482
214.56 1244.621 2391.318 2802.586 -278.81999
215.76 2286.864 4838.104 5375.768 -474.50447
216.96 1979.967 4114.857 4511.5 -538.24022
218.16 1434.606 2745.633 3194.347 -292.17409
219.35 1063.4 2041.87 2376.781 -292.1583
220.55 1291.509 2530.937 2941.626 -301.79237
221.75 1157.216 2156.188 2581.488 -234.8862
222.95 1947.274 3955.792 4442.877 -412.35377
224.15 1575.874 3057.475 3442.893 -384.41418
225.35 1200.085 2274.796 2723.971 -239.26317
226.55 1147.364 2166.348 2552.666 -263.76809
227.75 1746.274 3635.292 4039.877 -466.90163
228.94 1461.715 3080.444 3441.591 -448.21941
230.14 1356.747 2645.653 3001.092 -362.62347
231.34 1192.314 2205.884 2526.209 -316.41918
232.54 1038.922 2053.451 2332.554 -363.49544
233.74 1163.503 2198.879 2504.115 -339.20564
234.93 1096.477 2144.229 2552.125 -256.86694
236.13 1323.548 2606.03 3054.958 -285.67604
237.33 1343.896 2551.8 2751.564 -604.66406
238.53 1182.117 2304.004 2734.972 -260.31809
239.72 1772.634 3724.772 4236.632 -381.38076
240.92 895.071 1571.854 1948.129 -179.86405
242.12 1627.738 3173.269 3673.762 -308.80175
243.31 1098.337 2086.709 2491.88 -243.9392
244.51 877.67 1743.794 2002.748 -334.4709
245.71 1616.22 3250.758 3703.204 -361.26647
246.9 2172.17 4376.794 4973.748 -369.31245
248.1 1359.436 2589.148 3066.998 -257.34292
249.3 1290.305 2533.756 2941.481 -304.97314
250.49 1265.715 2339.7 2750.193 -261.63332
251.69 1450.211 2706.63 3336.977 -199.32209
252.89 1336.403 2611.696 3014.599 -316.52565
254.08 920.715 1535.444 1814.591 -220.21722
255.28 1254.755 2489.536 2954.422 -265.60971
256.47 913.517 1633.821 2015.457 -188.74114
257.67 1425.734 2988.699 3400.546 -379.50163
258.86 1686.207 3304.061 3672.76 -438.79953
260.06 1286.197 2428.689 2933.635 -226.26017
261.26 1939.404 3935.44 4351.497 -479.75004
262.45 1275.994 2398.996 2822.785 -264.99051
263.65 901.922 1365.707 1799.157 -106.99866
264.84 1517.332 2898.395 3396.266 -277.39353
266.04 1113.903 1970.196 2451.099 -178.05915
267.23 875.94 1512.718 1745.214 -273.88779
268.42 1035.603 1904.063 2275.131 -234.04367
269.62 1252.891 2459.242 2803.053 -350.8768
270.81 1301.878 2474.545 2968.109 -237.59163
272.01 1346.958 2432.973 2909.17 -228.06037
273.2 1518.291 3105.315 3586.14 -330.06275
274.4 1036.413 1768.323 2216.327 -163.37157
275.59 1484.075 2897.424 3232.845 -421.36554
276.78 1260.788 2479.489 2941.821 -263.59874
277.98 1160.872 2193.487 2570.098 -274.18636
279.17 1207.197 2297.433 2707.033 -266.17071
280.37 1142.538 2245.158 2712.333 -236.01879
281.56 918.237 1526.525 1861.864 -181.39482
282.75 935.266 1731.408 2138.547 -195.54539
283.95 1168.566 2307.297 2542.118 -484.93514
285.14 1252.602 2366.319 2815.233 -248.09142
286.33 1045.48 1992.554 2221.944 -412.86785
287.52 1329.363 2536.36 3024.37 -247.33012
288.72 1570.858 3159.546 3695.256 -296.55701
289.91 1839.021 3798.391 4221.673 -462.89907
291.1 1449.296 2732.373 3183.151 -284.63563
292.29 1298.801 2588.186 2972.765 -335.27225
293.49 1367.836 2760.465 3181.482 -330.77687
294.68 1010.377 1941.301 2177.212 -394.60879
295.87 1091.193 2132.119 2479.419 -299.71983
297.06 1301.557 2601.913 3054.288 -287.45104
298.26 613.03 1255.274 1427.003 -373.98861
299.45 1108.337 2023.709 2450.88 -214.28678
300.64 1166.509 2208.437 2584.126 -277.33794
301.83 1168.314 2369.384 2748.709 -316.63342
303.02 995.135 1826.516 2165.53 -245.23467
304.21 1472.856 2868.464 3270.835 -346.84558
305.4 1120.491 2276.426 2646.569 -312.29443
306.59 1201.517 2563.821 2900.957 -404.08163
307.79 1094.94 2192.962 2560.612 -298.65963
308.98 853.247 1664.653 2044.092 -213.84345
310.17 1432.364 2640.698 3111.893 -256.43976
311.36 1155.055 2176.925 2700.993 -194.98812
312.55 1899.862 3882.115 4453.472 -346.93801
313.74 889.949 1523.346 1940.942 -151.67683
314.93 1392.706 2807.316 3359.863 -256.01658
316.12 1179.512 2160.007 2656.843 -197.34786
317.31 612.769 1166.234 1479.866 -176.46959
318.5 790.949 1553.346 1911.942 -212.60588
319.69 1202.643 2309.155 2706.462 -278.50311
320.88 1074.324 1925.511 2534.436 -139.78533
322.07 925.498 1737.566 2085.001 -233.73179
323.26 899.918 1705.381 2074.838 -218.0125
324.45 669.237 1142.525 1465.864 -146.37505
325.64 1161.89 2124.998 2568.655 -217.08396
326.83 1311.796 2560.373 3100.151 -231.31271
328.01 1100.346 1950.092 2391.71 -192.4168
329.2 1354.94 2597.462 3199.112 -206.51908
330.39 1034.057 1859.413 2350.788 -167.96873
331.58 962.201 1561.003 2048.749 -122.76902
332.77 1694.085 3265.552 3842.073 -272.57738
333.96 691.751 1141.723 1498.308 -126.18903
335.15 859.99 1434.182 1861.671 -134.31735
336.33 896.201 1532.503 2022.249 -129.92469
337.52 1084.737 1892.025 2372.364 -168.06621
338.71 1042.418 1937.637 2292.941 -251.95915
339.9 1009.768 1745.49 2297.468 -133.28819
341.08 1058.638 1919.841 2312.848 -219.1319
342.27 1362.044 2526.216 3119.844 -196.11111
343.46 1495.342 2680.022 3237.994 -212.31925
344.65 1424.342 2637.522 3133.994 -244.36064
345.83 1491.986 2724.112 3359.955 -193.77848
347.02 814.022 1284.135 1654.07 -127.07959
348.21 1498.603 2798.063 3437.631 -203.17788
349.4 900.616 1372.76 2004.075 -74.78758
350.58 1132.345 1941.848 2655.813 -113.38156
351.77 933.003 1479.379 2169.615 -79.15795
352.96 771.121 917.574 1612.688 -21.06901
354.14 1105.792 1794.559 2536.037 -92.89107
355.33 914.337 1388.209 2177.38 -60.04676
356.51 813.115 1053.516 1710.177 -36.6097
357.7 1219.258 1917.862 2633.74 -97.58695
358.89 904.746 1294.409 2244.694 -41.0048
360.07 1454.151 2468.539 3274.792 -125.81499
361.26 1612.487 2822.45 3719.978 -134.81053
362.44 1200.419 1883.975 2685.964 -85.23259
363.63 1070.693 1437.713 2258.544 -44.71315
364.81 1100.125 1481.238 2377.53 -42.52105
366.0 768.04 869.496 1706.356 -12.12341
367.18 2033.95 4002.684 4925.465 -213.34766
368.37 989.794 1289.141 2138.458 -35.24557
369.55 1270.893 1992.324 2972.974 -73.56664
370.74 1469.429 2569.347 3556.089 -111.46955
371.92 1777.703 2932.584 3829.17 -128.8088
373.11 1000.406 1572.778 2366.02 -72.15598
374.29 1013.338 1228.803 2118.506 -24.21764
375.48 1061.735 1604.793 2543.671 -57.84117
376.66 943.213 1304.212 2230.397 -38.977
377.84 1534.794 2698.641 3682.458 -118.29908
379.03 944.321 1197.779 2106.243 -27.89965
380.21 832.946 908.614 1826.249 -8.24591
381.39 739.591 768.203 1653.21 -3.23306
382.58 1474.803 2249.768 3191.686 -82.27525
383.76 1816.511 2792.519 3928.047 -85.9519
384.94 1904.398 3275.138 4444.088 -117.2625
386.13 1048.978 1312.822 2390.25 -24.48837
387.31 1182.74 1667.607 2813.285 -42.32142
388.49 1118.464 1310.625 2427.807 -17.20047
389.68 1398.316 1823.466 3113.629 -32.95312
390.86 1324.889 1738.51 3032.36 -31.9683
392.04 1759.114 2622.772 4102.779 -58.35501
393.22 1168.389 1267.51 2711.36 -6.86511
394.41 1156.537 1355.17 2657.537 -15.25171
395.59 912.37 602.499 2046.302 21.46216
396.77 1397.024 1571.216 3240.991 -10.43208
397.95 1427.447 1634.858 3244.647 -12.88433
399.13 1744.97 2148.683 3967.318 -22.19867
400.31 1391.563 1344.565 3154.925 2.59609
401.5 1581.559 1827.995 3855.209 -12.15637
402.68 1753.091 2013.203 4170.71 -12.05618
403.86 1427.28 1103.943 3188.014 15.5147
405.04 1836.403 2394.952 4569.202 -25.68928
406.22 1385.451 1116.928 3278.363 12.42339
407.4 1780.182 1933.748 4309.794 -6.46305
408.58 1879.541 2269.484 4582.651 -16.85751
409.76 2140.307 2452.338 4997.402 -12.26024
410.94 1751.389 1770.51 4115.36 -0.81548
412.12 1647.606 1289.889 3749.949 14.54098
413.3 1527.037 1039.914 3670.435 18.51814
414.48 1416.128 947.47 3378.723 19.27638
415.66 1574.975 1217.497 3723.432 14.26526
416.84 2402.073 3106.936 5778.05 -26.38835
418.02 1723.438 1772.23 4367.919 -1.87975
419.2 1600.501 1166.391 3607.32 17.78462
420.38 1716.906 1557.522 4244.417 5.93193
421.56 1674.813 1362.396 4031.913 11.70312
422.74 2359.505 2946.461 5620.036 -21.95397
423.92 2083.033 2131.6 4890.321 -1.7605
425.1 1821.128 1499.97 4065.723 12.51709
426.28 1616.592 1165.192 3856.506 16.7725
427.46 2703.074 3589.68 6422.448 -31.29822
428.63 1760.407 1619.266 4308.315 5.24876
429.81 1813.93 1713.591 4375.987 3.76877
430.99 1950.011 2003.519 4743.547 -1.95283
432.17 2420.835 2927.721 5826.585 -17.48566
433.35 2107.673 2125.12 4965.066 -0.61433
434.52 1315.471 427.927 3245.716 31.49789
435.7 1782.016 1092.833 3793.161 25.52218
436.88 2051.592 1984.948 4888.608 2.29517
438.06 1869.773 1466.304 4456.582 13.49269
439.23 1729.646 1177.981 4051.781 19.19635
440.41 2068.259 1601.606 4678.638 15.16569
441.59 2306.834 2193.977 5398.187 3.52217
442.77 1709.53 963.274 3957.003 24.92729
443.94 2289.362 2184.115 5537.972 3.13807
445.12 2253.263 2037.676 5450.854 6.31632
446.3 2707.164 2830.492 6339.838 -3.51429
447.47 2325.686 1996.817 5529.01 9.31062
448.65 2363.308 1981.582 5756.299 10.1127
449.82 2130.808 1192.582 4896.299 25.33201
451.0 2303.15 1628.795 5361.895 18.06422
452.18 2176.209 1347.642 5281.681 21.06148
453.35 2348.38 1508.127 5548.03 20.79884
454.53 2305.925 1500.777 5517.873 20.04305
455.7 2142.776 938.373 5313.298 27.52969
456.88 3082.286 2478.001 7091.026 13.09954
458.05 2577.903 1621.452 6037.202 21.65999
459.23 2411.011 923.019 5558.547 32.09972
460.4 2667.88 1717.127 6638.53 19.31874
461.58 2763.268 1870.49 7088.468 17.10965
462.75 2580.763 902.676 6107.854 32.23881
463.93 2872.56 1645.239 6890.106 23.40042
465.1 2757.393 1483.324 6766.474 24.11571
466.28 2435.133 647.028 6071.735 32.96225
467.45 2458.88 483.127 5941.03 36.19985
468.63 3008.331 1443.407 7088.471 27.72198
469.8 3494.029 2273.03 8151.105 20.77208
470.97 2808.885 1065.441 6890.144 29.93189
472.15 3151.012 1621.263 7446.445 26.26096
473.32 3333.133 1868.528 7969.235 24.00714
474.49 3633.61 2223.203 8539.063 22.3312
475.67 3151.489 1299.938 7688.773 28.98104
476.84 2966.525 883.96 7141.889 33.27882
478.01 3533.835 1752.721 8442.585 26.62407
479.19 3215.282 1409.931 8063.81 27.13231
480.36 3118.719 915.27 7532.409 33.29911
481.53 3524.088 1726.378 8416.892 26.86953
482.7 3332.777 1276.117 8456.195 28.64398
483.88 3154.516 873.577 7709.059 33.36911
485.05 3296.286 1198.001 8010.026 30.80266
486.22 3377.683 1352.991 8186.191 29.63022
487.39 3237.157 877.097 7722.804 34.47504
488.56 3553.479 1501.81 8619.046 28.82677
489.74 3947.138 2389.342 9412.849 22.17975
490.91 3243.385 892.185 7826.042 33.90899
492.08 3456.979 1265.81 8351.046 30.92585
493.25 3322.21 930.386 8051.579 33.5874
494.42 3480.034 1369.088 8493.116 29.63136
495.59 3508.444 1247.532 8254.328 32.26742
496.76 3563.867 1336.929 8779.086 29.92328
497.93 3820.002 1718.135 8874.218 29.37175
499.1 3670.408 1605.01 8686.713 29.16528
500.27 4180.606 2773.633 9994.347 19.48524
501.44 4154.791 3078.815 10340.14 14.8179
502.61 3534.813 1235.64 8292.811 32.57926
503.78 3647.81 1679.07 8997.595 26.90077
504.95 4315.484 3086.124 10109.66 17.50344
506.12 3857.382 1873.615 8827.325 28.52818
507.29 3217.566 930.797 8134.118 31.74604
508.46 3011.458 252.729 7064.272 40.50078
509.63 4458.958 3146.729 10463.772 17.93386
510.8 4355.187 3257.561 10580.907 14.98804
511.97 3586.381 1395.871 8452.928 31.03999
513.14 3396.314 771.884 8008.708 36.26494
514.31 3815.372 2169.487 9502.598 22.44457
515.48 3582.724 1332.328 8695.921 30.56112
516.65 3583.561 1206.483 8477.504 32.69249
517.81 3501.678 997.678 8375.577 33.93921
518.98 3891.665 1822.736 9187.236 28.09326
520.15 3175.837 485.209 7758.88 36.99133
521.32 3835.651 1739.539 9169.292 28.21241
522.49 4734.188 3869.305 11735.806 10.9945
523.65 4301.949 3152.846 10589.442 15.452
524.82 3870.989 1597.438 9160.273 30.06215
525.99 3182.26 298.35 7696.536 38.98131
527.16 3868.95 1845.59 9410.84 26.74545
528.32 4042.548 1856.285 9654.561 28.0352
529.49 3708.723 1269.084 9050.522 31.35204
530.66 3322.045 237.96 7952.242 39.9789
531.82 3582.394 604.568 8380.371 38.29606
532.99 3697.016 1143.077 9051.559 32.29368
534.16 3904.926 1260.521 9238.271 33.14726
535.32 4257.665 2115.98 10496.134 25.55663
536.49 3676.701 789.003 9031.249 35.03534
537.65 4716.417 2601.393 11115.043 24.84274
538.82 3824.733 820.711 9142.75 36.09718
539.99 4312.246 1661.909 10484.694 30.03969
541.15 4554.052 2098.355 10995.276 27.60164
542.32 4042.562 502.227 9480.401 39.43268
543.48 4662.963 1999.787 11516.283 27.98483
544.65 4617.13 1990.202 11206.916 28.50178
545.81 5709.606 3837.633 13952.847 18.50652
546.98 4879.711 1447.13 11648.477 33.64831
548.14 5230.106 2101.633 12558.847 29.91689
549.31 4585.021 958.391 11704.673 33.74777
550.47 5031.381 1167.115 11823.325 36.26305
551.63 5578.179 2475.678 13360.077 28.50411
552.8 5109.043 1129.472 12063.946 36.39472
553.96 5139.413 947.323 11854.827 38.43308
555.13 5068.417 1023.137 12524.44 35.17236
556.29 5830.103 2505.563 14429.631 27.88092
557.45 5165.412 696.579 11942.429 39.73762
558.62 5386.508 1466.693 13019.729 33.92887
559.78 6073.711 1969.13 13975.477 34.18676
560.94 5362.08 1215.238 13337.959 34.20719
562.11 5280.621 1055.074 13142.688 34.95765
563.27 5281.544 262.716 12451.344 41.17632
564.43 5302.147 55.969 12440.076 42.36219
565.59 5315.4 320.87 12474.78 41.09402
566.76 5740.489 1010.438 13526.773 37.79102
567.92 5989.955 1477.404 14710.454 34.10061
569.08 5999.886 1880.929 14975.939 31.4544
570.24 5931.236 1088.781 14294.967 36.66808
571.4 5639.485 472.868 13934.058 38.38158
572.57 5625.918 945.881 14806.338 33.76539
573.73 5790.796 168.373 13756.151 41.37854
574.89 6216.179 1054.422 14808.476 37.52899
576.05 6182.921 1449.707 14947.657 35.06617
577.21 5859.71 620.386 14037.079 39.05078
578.37 5908.436 16.148 14368.998 41.05308
579.53 6029.409 648.254 14684.11 38.33863
580.69 6372.85 1744.406 16907.324 30.52476
581.85 6342.255 1062.536 15333.922 36.99514
583.01 6418.557 1031.413 15150.788 38.15427
584.17 6556.305 1324.256 15526.981 36.83834
585.33 6770.76 1508.85 16502.535 35.09418
586.49 6297.962 911.543 15139.886 37.85697
587.65 6443.534 1585.588 15770.116 34.2482
588.81 6952.778 1454.361 16620.094 36.25553
589.97 7322.328 2468.081 17353.152 32.61151
591.13 6487.219 1144.77 16272.909 35.31465
592.29 6526.548 974.529 16274.958 36.28669
593.45 5890.157 623.597 15068.304 36.46014
594.61 6173.881 509.871 14565.428 40.2973
595.77 6743.972 398.671 15600.113 41.74144
596.93 5921.079 352.994 14982.562 38.06049
598.09 6251.408 994.51 16096.213 34.80997
599.24 6655.513 453.507 15481.843 41.26875
600.4 6248.962 1022.043 15271.886 36.68054
601.56 6071.111 652.947 14886.461 38.06625
602.72 6348.265 1034.664 15405.649 36.9745
603.87 6396.554 1147.587 15940.47 35.48306
605.03 5850.765 538.664 15530.149 35.43412
606.19 6163.742 524.339 14650.979 39.92034
607.35 6244.548 91.029 14074.458 44.00579
608.5 6733.454 1534.16 16068.056 35.77357
609.66 6901.445 2418.276 16947.227 30.8568
610.82 6034.143 428.655 13941.462 41.48278
611.97 5983.603 429.063 15284.131 37.39155
613.13 6281.968 1601.601 15041.897 34.82339
614.29 6334.134 1286.772 15624.132 35.20426
615.44 6506.868 1823.417 15499.882 34.2446
616.6 5743.891 461.742 14483.053 37.67229
617.76 6483.67 1709.294 14965.748 36.01548
618.91 6314.774 1751.292 14364.377 36.18054
620.07 6119.922 1762.451 15394.555 31.96478
621.22 5555.513 12.007 13149.843 42.19497
622.38 6595.103 2654.563 15989.631 29.5502
623.53 5403.985 158.868 13188.058 40.25666
624.69 5358.873 384.231 13439.995 38.10303
625.84 5564.386 531.929 13202.939 39.71631
627.0 6020.43 1371.591 14228.986 36.15693
628.15 5619.193 114.619 12578.419 44.16449
629.31 5785.012 1007.263 14042.945 36.65131
630.46 5335.508 54.193 13046.229 40.6504
631.61 5794.855 929.72 13696.938 38.10646
632.77 5764.084 810.308 13448.676 39.19633
633.92 5679.057 1138.913 14331.288 34.41491
635.08 6501.007 2566.449 15674.831 30.01559
636.23 5254.08 888.738 12713.959 36.91552
637.38 5150.616 -113.24 12221.574 42.67479
638.54 5764.944 1722.532 14108.828 32.63617
639.69 6135.864 2381.848 15304.665 29.04952
640.84 5435.171 1380.484 13396.653 33.74359
641.99 5393.206 269.505 12355.263 42.39453
643.15 6063.24 2251.527 14847.871 30.26047
644.3 5175.273 424.048 12033.48 40.92556
645.45 5066.308 -101.931 11883.589 43.12069
646.6 5783.342 2262.59 13837.698 30.41658
647.75 5189.376 607.111 12667.807 37.99337
648.91 4863.91 -149.868 11873.416 41.70057
650.06 5335.944 568.154 12924.024 38.58725
651.21 5770.478 1234.675 13884.134 35.85769
652.36 5571.512 1167.196 13647.742 35.28945
653.51 5146.546 471.717 12946.351 37.47468
654.66 5446.58 760.738 13928.46 35.58582
655.81 5718.614 1710.259 13956.568 32.73113
656.96 5208.648 208.28 11655.678 43.68126
658.11 5941.182 976.302 13026.286 41.20238
659.27 5591.216 1342.323 13119.396 36.07767
660.42 5196.25 294.844 12097.004 41.52974
661.57 5305.784 1029.865 13292.613 34.86917
662.72 5212.318 -180.114 11759.722 45.16337
663.87 4924.353 -173.093 12221.331 41.12692
665.01 5443.386 891.429 13287.439 36.72115
666.16 4864.42 252.45 12741.048 36.92945
667.31 5309.955 428.971 12492.657 40.46013
668.46 6001.988 1921.492 14423.766 32.63803
669.61 5579.522 594.013 13009.375 40.15597
670.76 5490.557 69.034 12190.983 44.72484
671.91 6276.591 1986.556 14678.593 33.801
673.06 5861.625 1294.577 13963.201 36.05007
674.21 5270.159 -152.402 12580.811 42.58596
675.35 5968.193 921.119 14043.419 38.46181
676.5 5630.727 695.14 13457.528 38.67291
677.65 5365.261 130.661 13839.637 38.18374
678.8 5323.295 -167.817 12917.745 41.96314
679.94 5326.829 341.704 13183.854 38.81846
681.09 6279.863 1144.725 14808.463 37.58223
682.24 5949.897 1245.246 14909.072 34.43143
683.39 5622.431 87.267 14166.681 39.31388
684.53 6073.465 1283.788 14885.79 35.21303
685.68 6136.499 696.31 14367.398 39.79339
686.83 6177.533 970.331 14569.508 38.29057
687.97 6151.067 858.352 13805.616 40.87903
689.12 6004.101 551.873 14120.726 40.18194
690.27 6446.635 354.394 14816.334 42.12603
691.41 6362.169 1406.415 14506.942 37.82866
692.56 6521.703 1082.937 16352.052 35.6194
693.7 5954.737 1119.958 15615.16 33.35434
694.85 5811.271 194.479 14490.27 39.28984
695.99 6139.806 1253.0 15089.378 35.31853
697.14 6238.839 771.021 14628.987 39.45614
698.28 6182.374 1041.542 15243.096 36.19908
699.43 6543.908 1135.563 14681.205 39.92682
700.57 5528.941 -141.415 13427.313 41.78989
701.72 5759.476 110.606 13995.923 40.68232
702.86 6325.51 -264.873 13259.531 48.72956
704.01 6062.543 194.148 14476.14 41.08947
705.15 6740.578 1163.669 15626.249 38.56095
706.29 6109.112 338.191 13608.857 43.48629
707.44 6248.146 630.212 14229.467 41.3106
708.58 5895.18 -106.267 13695.075 43.48452
709.72 6903.214 1851.254 16852.684 33.67652
710.87 5749.248 -294.725 13516.793 43.76038
712.01 5836.782 159.296 13861.402 41.43513
713.15 5983.316 757.818 14662.511 37.58082
714.3 6633.35 1016.839 14706.12 41.02853
715.44 6064.884 245.36 14690.729 40.28644
716.58 6425.918 754.381 15552.337 38.32649
717.72 6342.452 161.402 14636.446 42.70142
718.87 6109.986 633.923 15330.055 37.26194
720.01 6128.02 420.444 16054.664 36.50694
721.15 5607.054 -115.534 13882.772 40.88058
722.29 6004.088 1021.487 14374.382 37.31477
723.43 6500.123 1412.508 15841.49 35.25969
724.57 6266.156 1132.029 14727.6 37.76323
725.72 6308.19 677.05 14369.208 41.12675
726.86 6874.225 1909.571 14417.817 39.69104
728.0 6153.758 556.093 14380.426 40.4914
729.14 5754.792 218.114 13303.034 42.31343
730.28 6830.327 1451.635 14596.644 40.91813
731.42 5920.861 161.656 13138.752 44.37977
732.56 6951.895 2064.677 15369.861 36.73168
733.7 6380.929 1011.698 14814.47 38.89965
734.84 5558.463 -294.28 13002.579 44.01598
735.98 6027.497 627.741 13972.188 40.46444
737.12 6087.031 113.262 13786.297 43.69015
738.26 5712.565 149.283 14333.905 39.22051
739.4 5863.599 656.304 15338.515 35.4667
740.53 6055.633 1114.825 14728.623 36.29265
741.67 6041.167 788.347 13910.231 40.03099
742.81 5557.701 -224.632 12929.841 43.95716
743.95 6138.735 678.389 13862.949 41.4147
745.09 5775.769 154.91 13480.059 42.18234
746.23 6205.303 1219.931 14948.167 36.31473
747.36 6475.837 1273.452 14981.276 37.95194
748.5 5709.871 150.974 13084.885 42.97925
749.64 5372.905 232.495 13546.994 38.60761
750.78 5151.939 144.516 12781.103 39.62639
751.92 5883.973 332.037 13095.712 43.49794
753.05 5242.507 363.058 13274.32 37.79219
754.19 5905.542 1546.079 13911.429 35.25547
755.33 5292.076 -270.899 12687.538 42.92937
756.46 5378.109 724.622 12953.146 38.05437
757.6 4987.144 16.643 12968.756 38.37598
758.74 6063.678 1561.164 14233.864 35.52924
759.87 5627.711 755.185 14133.974 36.41979
761.01 5277.746 606.206 12603.582 38.93801
762.14 5332.28 641.728 12811.191 38.54362
763.28 5464.314 1166.749 12534.8 37.80389
764.41 5112.348 724.77 12183.909 38.28889
765.55 4437.882 -237.209 11384.018 40.22889
766.69 5171.916 750.312 12319.126 38.22003
767.82 5246.45 953.333 12841.235 36.11332
768.95 4897.484 139.855 11144.344 43.23353
770.09 5508.018 1518.876 12756.953 35.49666
771.22 5503.052 1835.897 13038.562 32.73467
772.36 5681.586 1423.418 12540.671 38.30234
773.49 5598.62 1409.439 13055.279 35.97148
774.63 5034.154 572.96 11390.389 41.2408
775.76 4670.688 487.482 11425.497 38.24466
776.89 4868.722 1196.503 12047.606 33.8419
778.03 5127.256 955.024 11702.215 38.82161
779.16 4666.291 234.045 11350.323 39.87167
780.29 4870.824 912.566 11263.933 38.23899
781.43 4904.358 1591.087 11674.041 32.86012
782.56 4537.393 944.108 11725.65 33.32811
783.69 4391.426 191.63 10068.759 42.52042
784.82 4081.46 554.151 11165.368 33.24133
785.96 4043.495 571.172 10081.477 36.51116
787.09 4350.529 581.193 9815.086 40.82066
788.22 4280.563 974.214 10803.694 33.63706
789.35 3991.597 297.235 9664.304 39.43989
790.48 4114.631 550.757 9442.912 40.07886
791.62 4764.665 1464.278 10710.521 35.69436
792.75 3755.199 150.299 9027.63 40.60792
793.88 4469.733 1845.82 10836.738 29.18404
795.01 4136.267 1012.341 9681.348 36.03557
796.14 4264.801 1161.362 9669.956 36.47416
797.27 4237.335 1363.384 10103.065 32.88394
798.4 3590.869 658.405 8814.174 35.9557
799.53 3394.403 106.926 7920.783 42.0724
800.66 3992.437 887.947 9714.892 35.17061
801.79 5115.471 3492.968 11640.501 19.91404
802.92 3642.505 670.989 8506.109 37.92559
804.05 4117.039 1137.511 9490.218 35.67141
805.18 3713.573 712.032 9415.827 34.48543
806.31 3524.607 693.053 8287.436 37.28485
807.44 3400.641 10.074 8029.045 42.28183
808.57 3645.175 1061.095 8028.653 37.08731
809.69 3647.709 932.116 8612.263 35.35861
810.82 3275.743 -309.862 6966.871 49.27494
811.95 4321.777 2776.659 10190.48 20.84105
813.08 3343.812 371.18 8155.589 38.18699
814.21 4528.846 2834.201 10741.198 21.43221
815.33 3346.88 640.722 7666.307 38.51861
816.46 3325.914 897.243 8077.416 33.82468
817.59 3666.448 2031.265 9024.024 23.38395
818.72 3282.982 1309.286 8154.633 28.83266
819.84 3869.516 2504.307 9108.742 20.67109
820.97 3385.55 1316.328 8395.351 29.23033
822.1 3342.584 1648.849 8675.46 24.10457
823.22 2679.618 69.37 6292.068 41.9472
824.35 2862.652 312.892 7032.177 37.9469
825.48 3187.186 1487.913 7442.286 28.53824
826.6 2875.72 912.934 7259.895 30.92482
827.73 2638.254 -189.545 6337.004 43.32763
828.85 2866.788 653.976 6923.113 35.29692
829.98 3226.322 1615.497 7863.222 25.78258
831.11 2746.356 214.519 6495.331 40.31067
832.23 2866.89 246.04 6477.939 42.0554
833.36 3048.924 1437.561 7361.048 27.20295
834.48 2815.458 859.582 6749.157 33.20912
835.6 2911.492 1350.603 6884.266 28.20716
836.73 2373.026 130.124 5894.375 38.91056
837.85 3020.56 1415.646 7515.983 26.30862
838.98 2395.594 -203.333 5561.092 45.08563
840.1 2887.628 1153.688 6953.701 29.89546
841.23 2748.663 1016.709 6811.81 29.88651
842.35 3227.197 1991.73 8074.919 20.30952
843.47 2532.73 643.251 5934.528 35.70933
844.6 2346.265 175.772 5347.637 41.96731
845.72 2552.799 385.794 5760.745 40.31673
846.84 2312.333 409.315 5733.354 35.74388
847.96 2157.867 333.836 6072.963 31.78237
849.09 2289.901 312.357 5663.572 36.95504
850.21 2588.435 638.878 5764.681 38.03417
851.33 2483.969 1103.4 6528.79 25.44645
852.45 2289.503 228.421 5257.898 40.98005
853.57 2578.537 815.942 5672.007 36.29677
854.7 2239.571 292.463 5545.616 37.06551
855.82 2279.105 250.984 5604.725 37.88231
856.94 2773.139 1359.005 6401.334 28.04525
858.06 1916.673 -150.974 4755.442 42.14169
859.18 2418.207 1080.048 5734.551 28.74978
860.3 2474.741 685.569 5356.16 38.30719
861.42 1903.275 -205.41 4107.269 48.89502
862.54 2042.309 -138.889 4662.878 45.42491
863.66 2105.343 207.132 4728.987 41.97859
864.78 2032.877 378.653 4574.596 39.42437
865.9 2205.411 970.175 5307.205 28.48117
867.02 3349.945 3268.196 8203.313 1.65649
868.14 2820.479 2295.717 6758.422 11.75884
869.26 2448.013 1418.238 5515.531 25.13307
870.38 1701.047 -114.741 4571.64 38.74607
871.5 1766.082 -88.72 4033.749 44.99249
872.62 1801.116 119.302 4331.357 39.92858
873.74 2576.65 1744.823 6251.966 18.45574
874.85 1841.667 124.833 4517.521 39.08389
875.97 2195.667 757.833 5010.021 33.81397
877.09 2159.167 1107.333 5359.521 24.73629
878.21 1956.667 690.333 4427.521 33.88466
879.33 2052.167 765.333 4705.021 32.66334
880.44 2262.167 751.833 5068.021 34.9923
881.56 2017.167 388.333 4358.521 41.02661
882.68 2129.667 781.833 4309.021 38.21269
883.79 2532.667 2228.333 6274.021 7.52242
884.91 1353.167 -118.167 4007.021 35.66707
886.03 2081.167 1161.833 5196.021 22.78856
887.14 2445.667 1814.333 5684.521 16.31273
888.26 2386.167 1999.833 5994.021 9.67239
889.38 2439.167 1485.333 5125.521 26.20286
890.49 1538.667 -47.667 3685.521 42.49273
891.61 1865.167 808.333 4448.521 29.03239
892.72 1683.167 114.333 4032.021 40.04488
893.84 1765.167 -138.667 4255.521 43.32617
894.95 1592.667 -153.667 3717.521 45.11105
896.07 1848.167 413.833 4113.521 38.76904
897.18 1884.667 1036.333 4540.021 24.21258
898.3 1471.167 35.833 3481.521 41.65593
899.41 2216.167 1322.833 5193.021 23.08243
900.53 1883.167 943.833 4236.021 28.53219
901.64 2151.167 1230.833 5402.021 22.06406
902.75 1950.667 709.833 4430.521 33.34957
903.87 1674.167 346.833 3898.521 37.37191
904.98 1934.667 1111.833 4832.021 22.11806
906.09 1923.167 521.333 4227.521 37.82413
907.21 1911.167 1032.833 4594.521 24.66059
908.32 1714.167 375.833 3893.521 38.04583
909.43 2295.667 1633.833 5382.021 17.65742
910.54 1768.167 856.333 4521.521 24.87822
911.66 2712.667 2737.333 6120.021 -0.7292
912.77 1471.667 277.333 3654.521 35.36473
913.88 1788.667 899.833 4292.021 26.20236
914.99 1442.667 269.333 3331.521 38.31683
916.1 1599.667 823.833 3662.021 27.33552
917.22 1374.667 108.333 3132.021 41.88043
918.33 1928.167 1602.333 4594.521 10.88947
919.44 1672.167 709.333 3807.521 31.07731
920.55 2017.667 1790.833 4739.021 7.69399
921.66 1730.167 1114.333 3962.021 21.62573
922.77 1852.167 1230.833 4176.521 21.09298
923.88 2070.667 1684.333 4666.021 12.95687
924.99 1666.167 1005.833 4039.521 21.76669
926.1 1220.667 -10.667 2708.021 45.29146
927.21 2034.167 1730.333 4719.021 10.16611
928.32 1251.667 -128.667 2431.021 53.92585
929.43 1514.167 732.333 3350.521 29.86162
930.54 1231.167 508.833 2813.521 31.34192
931.65 1267.667 742.333 3320.521 20.37607
932.76 1491.167 1108.333 3496.021 16.03364
933.86 1277.167 938.833 3258.021 14.58844
934.97 1220.667 286.833 2585.521 40.62463
936.08 1144.167 452.833 2316.021 37.10487
937.19 1621.667 1885.833 4027.021 -12.3374
938.3 1374.167 1201.833 3249.021 8.41805
939.4 1667.667 1749.333 3612.021 -4.38435
940.51 999.667 687.833 2239.021 20.10288
941.62 1219.667 1240.833 2734.521 -1.41708
942.73 1911.167 2750.333 4271.521 -55.16522
943.83 1085.167 898.833 2278.021 13.51037
944.94 1024.667 983.833 2278.521 3.15391
946.05 599.667 -16.667 1296.021 46.95202
947.15 651.667 29.833 1459.521 43.49435
948.26 962.667 669.833 2117.521 20.22767
949.36 722.667 366.833 1708.021 26.53121
950.47 1134.167 953.833 2416.021 12.33312
951.57 1594.167 2269.333 3791.521 -44.35502
952.68 1369.167 1332.833 3147.021 2.00273
953.79 1250.167 1336.333 2958.021 -5.3134
954.89 899.667 431.833 1915.021 31.54243
955.99 1247.667 1138.333 2826.021 6.47829
957.1 1132.667 593.333 2420.021 29.52521
958.2 1048.667 883.333 2674.021 9.23295
959.31 1294.667 1304.833 3095.521 -0.56776
960.41 869.667 430.833 1994.521 28.064
961.52 728.167 81.333 1587.521 42.94507
962.62 1323.167 1338.333 3120.021 -0.85126
963.72 647.167 81.833 1686.521 35.23012
964.83 613.667 -96.667 1420.521 46.81909
965.93 1046.167 867.333 2607.021 10.27962
967.03 1384.167 1632.333 3674.021 -12.15498
968.13 1233.167 1295.333 3037.521 -3.56832
969.24 880.667 373.333 2056.521 30.14123
970.34 903.167 506.333 2134.021 24.38019
971.44 939.167 658.333 2470.021 15.5012
972.54 1133.667 991.333 2613.521 8.77416
973.64 916.667 395.833 1967.521 33.13848
974.75 1810.167 2727.333 4342.021 -56.80149
975.85 4189.167 8233.833 10100.521 -216.67614
976.95 939.167 446.333 2116.521 29.50767
978.05 1324.667 1431.833 3190.521 -6.09356
979.15 1587.167 2417.833 4142.021 -48.17727
980.25 721.167 77.833 1583.521 42.72688
981.35 859.167 478.333 1934.521 26.15277
982.45 1696.667 2239.833 3786.521 -35.11806
983.55 1200.667 1277.833 2662.021 -5.57488
984.65 1046.667 1081.833 2426.021 -2.61621
985.75 1406.167 1673.333 3141.021 -18.20325
986.85 1073.167 1033.833 2548.021 2.59765
987.95 844.167 552.333 2026.521 19.79622
989.05 1507.167 2063.333 3463.521 -39.72087
990.15 1210.667 1504.333 2865.521 -21.57431
991.25 984.667 932.833 2296.021 3.80237
992.34 1478.167 2071.333 3339.521 -46.77279
993.44 991.167 1067.333 2262.021 -6.37545
994.54 983.667 997.333 2025.521 -1.3292
995.64 1329.667 1752.333 2989.021 -34.17733
996.74 1452.667 2127.333 3291.521 -57.95172
997.83 587.167 168.833 1256.021 38.47849
998.93 804.667 838.333 1994.521 -2.91187
1000.03 1861.167 3115.833 4377.521 -99.44351
1001.12 1305.167 2129.833 3121.521 -83.15791
1002.22 1350.167 2073.833 3210.021 -63.69254
1003.32 732.667 728.333 1728.021 0.43347
1004.41 990.667 1275.833 2219.521 -30.21834
1005.51 929.167 1044.833 2034.521 -11.68719
1006.6 748.167 449.333 1515.021 28.04137
1007.7 1129.167 1579.333 2663.021 -41.54028
1008.8 387.167 116.833 990.021 30.95937
1009.89 1005.167 1304.833 2322.021 -29.46032
1010.99 831.167 1035.333 1889.521 -23.90186
1012.08 524.167 146.833 1118.021 38.85278
1013.18 896.667 989.333 2030.021 -8.90437
1014.27 688.167 673.833 1647.021 1.47283
1015.36 871.167 901.833 1832.021 -3.29682
1016.46 1005.667 1099.333 2024.521 -10.12408
1017.55 544.167 424.333 1331.021 13.21661
1018.65 992.667 1194.833 2030.021 -24.20614
1019.74 1102.167 1510.333 2428.021 -44.47776
1020.83 926.167 1173.333 2163.021 -24.97422
1021.93 820.167 882.833 1780.021 -6.98479
1023.02 498.667 345.333 1073.021 21.07131
1024.11 510.167 202.833 944.521 41.43704
1025.2 498.667 91.333 929.021 48.62593
1026.3 899.167 1142.833 1980.021 -29.10539
1027.39 1077.167 1531.833 2318.021 -57.83186
1028.48 927.167 1191.333 1910.521 -36.73127
1029.57 737.667 690.333 1436.021 6.34761
1030.66 824.167 1056.333 1742.521 -33.83429
1031.75 1989.167 3911.833 4641.021 -263.67237
1032.84 1045.667 1514.333 2226.021 -65.8529
1033.94 438.667 272.833 974.521 23.6335
1035.03 1042.667 1659.333 2341.021 -90.46181
1036.12 444.667 271.333 912.521 27.03317
1037.21 454.167 342.833 823.521 23.16127
1038.3 799.667 1383.833 2031.021 -90.26236
1039.39 367.667 299.333 829.521 12.88852
1040.48 738.667 1089.333 1770.021 -51.51655
1041.57 908.667 1523.833 2000.521 -129.05031
1042.66 767.167 1086.333 1789.521 -45.38856
1043.74 787.167 1264.333 1828.021 -84.65093
1044.83 837.667 1388.333 1874.521 -113.26221
1045.92 394.167 288.333 762.521 22.31888
1047.01 933.167 1598.333 2203.521 -109.91087
1048.1 359.667 253.833 664.021 25.80121
1049.19 768.167 1079.833 1614.521 -58.2895
1050.27 596.167 897.833 1357.521 -65.62427
1051.36 597.667 886.333 1321.021 -66.40784
1052.45 771.167 1311.333 1738.021 -126.59539
1053.54 686.167 1093.833 1594.521 -81.42138
1054.62 759.667 1313.833 1787.021 -117.11355
1055.71 658.667 1319.833 1666.021 -190.98514
1056.8 1023.667 1821.333 2145.521 -246.05112
1057.88 605.167 914.833 1288.521 -82.86779
1058.97 709.167 1253.833 1744.521 -111.00073
1060.06 1128.667 2294.333 2766.021 -247.12689
1061.14 581.167 831.333 1225.521 -63.46386
1062.23 1960.667 4077.833 4601.521 -404.28035
1063.31 786.667 1347.333 1665.521 -176.20638
1064.4 514.167 816.833 1162.021 -87.68179
1065.48 708.667 1190.333 1585.021 -122.03748
1066.57 538.167 834.333 1196.521 -81.77162
1067.65 705.167 1296.333 1630.521 -176.89671
1068.74 530.667 894.833 1316.521 -86.35935
1069.82 736.667 1335.333 1655.521 -186.97378
1070.9 2508.667 5377.333 6085.021 -405.35784
1071.99 833.667 1434.833 1816.021 -157.70892
1073.07 787.667 1297.833 1656.521 -142.23152
1074.15 786.667 1459.833 1788.521 -204.80447
1075.24 729.667 1138.833 1373.521 -174.34533
1076.32 773.667 1408.833 1789.021 -167.06669
1077.4 1232.667 2520.333 2787.521 -481.93371
1078.49 437.667 600.833 910.521 -52.68752
1079.57 899.167 1624.833 1998.521 -194.19078
1080.65 1155.167 2142.833 2561.521 -235.8959
1081.73 536.167 1129.333 1313.021 -322.92164
1082.81 367.167 553.333 800.021 -75.46659
1083.89 782.667 1458.333 1720.021 -258.19601
1084.98 710.667 1350.833 1773.521 -151.45153
1086.06 374.167 651.333 851.521 -138.45353
1087.14 483.667 740.333 974.021 -109.83328
1088.22 669.667 1238.833 1529.021 -196.13756
1089.3 435.667 585.833 987.021 -37.43054
1090.38 1300.167 2794.333 3151.521 -418.31437
1091.46 798.667 1523.833 1736.021 -341.7575
1092.54 529.667 988.833 1251.021 -175.12907
1093.62 529.167 1072.333 1371.521 -181.54725
1094.7 371.167 600.333 689.021 -258.39792
1095.78 620.667 1264.333 1534.021 -238.67131
1096.86 694.667 1326.833 1527.521 -315.00053
1097.93 1481.667 3004.833 3433.021 -355.72422
1099.01 995.667 1981.333 2345.021 -271.02032
1100.09 429.667 754.333 996.021 -134.33324
