196.55 776.668 972.948 1339.379 -53.56529
197.76 1036.419 1427.472 1995.603 -68.83129
198.96 977.953 1340.45 1803.191 -78.33711
200.16 667.252 796.077 1227.164 -29.88376
201.36 1143.355 1587.379 2062.06 -93.54164
202.56 802.148 990.115 1401.163 -45.7287
203.76 692.47 849.94 1265.984 -37.84937
204.96 753.291 932.264 1411.806 -37.32181
206.16 594.462 712.367 946.298 -50.40102
207.36 932.602 1181.173 1687.519 -49.09097
208.56 789.53 1052.507 1476.29 -62.05446
209.76 581.052 637.704 982.138 -16.44798
210.96 654.98 888.539 1380.408 -47.48372
212.16 1417.923 2056.997 2537.841 -132.90685
213.36 856.813 1126.644 1600.47 -56.94734
214.56 724.618 890.479 1274.997 -43.13501
215.76 1243.47 1834.94 2402.485 -104.2156
216.96 1043.425 1568.862 2050.473 -109.09989
218.16 749.203 985.792 1447.599 -51.23097
219.35 643.674 716.838 1152.749 -16.78432
220.55 738.64 872.359 1328.661 -29.305
221.75 707.934 810.596 1150.265 -30.22411
222.95 1098.546 1461.314 1932.768 -76.94653
224.15 887.873 1090.029 1574.459 -41.73063
225.35 712.795 782.472 1287.36 -13.80048
226.55 686.852 792.831 1188.111 -26.8113
227.75 1023.546 1378.814 1879.768 -70.91819
228.94 830.052 1122.204 1555.138 -67.48206
230.14 797.863 919.113 1379.351 -26.34485
231.34 671.997 847.028 1265.702 -41.80599
232.54 627.464 780.549 1133.115 -43.42046
233.74 675.748 805.869 1171.11 -35.62623
234.93 663.829 791.951 1221.947 -29.79615
236.13 809.591 951.574 1439.095 -29.12332
237.33 790.545 930.131 1313.452 -36.41499
238.53 666.607 887.381 1239.073 -62.77463
239.72 969.386 1373.993 1901.015 -76.77218
240.92 521.763 562.676 918.088 -11.5114
242.12 926.224 1152.807 1622.13 -48.27854
243.31 679.669 755.63 1186.695 -17.62181
244.51 564.208 627.0 952.653 -19.28173
245.71 925.063 1278.803 1722.062 -79.80452
246.9 1155.708 1688.0 2212.153 -101.55273
248.1 780.114 950.954 1448.759 -34.31862
249.3 731.476 982.33 1398.854 -60.2258
250.49 719.17 893.313 1321.511 -40.66873
251.69 789.541 1049.106 1539.214 -52.96062
252.89 762.921 916.154 1388.919 -32.4122
254.08 503.052 579.204 954.138 -20.31089
255.28 819.003 976.919 1400.072 -37.31875
256.47 579.78 577.666 955.382 0.55976
257.67 932.095 1159.099 1530.833 -61.06632
258.86 952.912 1172.898 1590.417 -52.68892
260.06 752.509 917.809 1356.442 -37.68536
261.26 1054.802 1459.546 1914.546 -88.95447
262.45 713.108 939.063 1294.389 -63.59093
263.65 525.582 565.158 907.488 -11.56077
264.84 902.658 1081.531 1469.771 -46.07294
266.04 669.921 804.154 1217.419 -32.48123
267.23 455.743 487.661 823.556 -9.50247
268.42 648.075 706.584 1015.802 -18.92192
269.62 741.652 882.641 1322.401 -32.06035
270.81 802.502 959.736 1397.256 -35.93759
272.01 784.786 923.056 1333.752 -33.66733
273.2 921.943 1164.034 1567.583 -59.99051
274.4 580.442 664.852 908.767 -34.60611
275.59 841.892 1028.883 1499.385 -39.74296
276.78 766.196 892.718 1361.913 -26.96581
277.98 637.109 772.746 1191.206 -32.41331
279.17 702.891 903.201 1285.069 -52.45522
280.37 668.688 837.985 1198.621 -46.944
281.56 577.342 528.915 926.504 12.18012
282.75 580.906 617.508 1021.047 -9.07003
283.95 686.87 801.186 1237.537 -26.19799
285.14 721.193 863.193 1247.675 -36.93287
286.33 533.576 700.267 1012.118 -53.45223
287.52 734.588 948.548 1368.358 -50.96615
288.72 877.577 1136.95 1615.434 -54.20715
289.91 1009.409 1410.373 1957.179 -73.32837
291.1 820.836 1007.024 1453.634 -41.68936
292.29 811.347 997.623 1395.057 -46.86975
293.49 781.287 1044.239 1446.568 -65.35736
294.68 631.12 729.845 997.629 -36.86714
295.87 720.38 803.102 1201.145 -20.78213
297.06 826.231 940.38 1418.817 -23.85873
298.26 412.548 420.179 733.9 -2.43226
299.45 657.169 789.13 1098.195 -42.69702
300.64 688.14 822.859 1190.661 -36.62823
301.83 769.497 857.028 1294.202 -20.02198
303.02 607.768 630.384 1057.142 -5.29953
304.21 852.712 1123.525 1573.39 -60.19879
305.4 709.979 875.356 1160.092 -58.08067
306.59 740.78 920.166 1316.882 -45.21761
307.79 651.125 803.053 1187.683 -39.49972
308.98 527.363 579.113 932.851 -14.62922
310.17 878.571 966.081 1430.275 -18.85217
311.36 769.967 857.597 1178.563 -27.30192
312.55 1083.206 1560.657 2066.731 -94.34412
313.74 550.764 584.359 957.404 -9.00545
314.93 813.03 1009.007 1474.29 -42.11979
316.12 651.269 787.067 1192.958 -33.45665
317.31 495.653 406.823 740.217 26.64415
318.5 516.764 574.859 920.404 -16.81238
319.69 682.026 830.799 1262.736 -34.44319
320.88 669.019 736.225 1134.55 -16.8724
322.07 601.737 607.271 993.686 -1.43206
323.26 571.335 607.342 935.817 -10.96187
324.45 436.342 447.415 793.504 -3.19953
325.64 636.27 766.749 1195.274 -30.44843
326.83 780.336 996.024 1395.634 -53.97486
328.01 637.308 738.436 1110.916 -27.1499
329.2 842.625 976.053 1403.683 -31.20169
330.39 629.731 727.38 1086.817 -27.16721
331.58 525.52 542.908 969.366 -4.07738
332.77 921.914 1253.081 1742.233 -67.70232
333.96 458.992 448.82 671.648 4.56509
335.15 516.097 524.964 868.466 -2.58143
336.33 476.02 590.908 878.866 -39.89758
337.52 606.842 719.415 1040.504 -35.05989
338.71 585.453 710.45 1050.191 -36.79207
339.9 526.271 614.932 995.09 -23.32201
341.08 603.015 688.2 1067.812 -22.44002
342.27 757.581 879.475 1376.672 -24.51635
343.46 855.18 1063.729 1446.619 -54.46721
344.65 772.18 897.229 1356.119 -27.25042
345.83 785.968 983.257 1460.668 -41.3247
347.02 446.291 470.264 791.306 -7.46745
348.21 854.075 1021.584 1513.302 -34.06629
349.4 468.225 462.989 862.946 1.30908
350.58 596.927 718.045 1108.789 -30.99682
351.77 565.748 575.369 941.11 -2.63073
352.96 437.736 324.088 698.37 30.36418
354.14 643.825 619.926 1114.21 4.83518
355.33 513.669 536.13 920.695 -5.84073
356.51 450.843 387.098 701.82 20.25449
357.7 628.75 679.734 1173.743 -10.32059
358.89 550.481 511.721 949.225 8.85943
360.07 805.165 915.105 1399.957 -22.67484
361.26 829.951 1061.79 1572.085 -45.43225
362.44 705.936 733.483 1177.108 -6.20963
363.63 558.481 481.743 950.435 16.37276
364.81 648.966 531.437 1069.458 21.84469
366.0 504.671 276.518 729.538 50.3627
367.18 1121.747 1403.392 2092.821 -40.85179
368.37 542.69 529.85 875.253 3.71742
369.55 734.017 737.065 1246.445 -0.59838
370.74 804.839 911.572 1458.582 -19.51205
371.92 979.385 1158.332 1668.41 -35.08247
373.11 660.786 476.078 1016.963 34.1491
374.29 535.77 421.772 908.985 23.39803
375.48 675.196 531.741 1060.623 27.12423
376.66 578.406 441.53 902.257 29.70871
377.84 892.19 953.85 1582.253 -9.81216
379.03 589.873 405.051 908.67 36.69873
380.21 524.618 332.184 747.024 46.38761
381.39 506.407 266.212 675.074 58.74728
382.58 847.212 816.548 1409.101 5.1749
383.76 1082.005 1148.784 1715.705 -11.77917
384.94 1087.528 1254.164 1936.868 -24.40823
386.13 662.93 426.593 963.237 44.0398
387.31 812.707 618.339 1185.047 34.29764
388.49 679.28 474.688 1029.093 36.90296
389.68 869.862 637.952 1263.246 37.08813
390.86 898.006 567.466 1204.521 51.88567
392.04 1060.961 982.706 1677.693 11.2599
393.22 829.506 445.466 1111.021 57.70227
394.41 857.924 473.202 1085.367 62.84609
395.59 730.345 193.463 865.952 79.83511
396.77 912.156 552.689 1295.349 48.40258
397.95 989.5 637.576 1375.151 47.71375
399.13 1133.672 792.678 1560.643 44.40229
400.31 985.725 447.511 1233.657 68.46227
401.5 1184.596 626.304 1514.36 62.86672
402.68 1276.407 734.712 1616.074 61.46116
403.86 1131.04 434.445 1296.108 80.84302
405.04 1330.039 807.263 1861.292 49.59785
406.22 1012.629 367.783 1341.448 66.22878
407.4 1366.477 697.013 1747.671 63.71853
408.58 1490.935 814.301 1875.791 63.74375
409.76 1631.34 947.755 2029.398 63.19881
410.94 1428.506 624.466 1721.521 73.2908
412.12 1461.322 502.9 1505.972 95.54863
413.3 1307.806 359.093 1500.994 83.08186
414.48 1262.111 371.111 1363.838 89.75284
415.66 1396.683 445.277 1491.567 90.93139
416.84 1848.628 1233.1 2392.132 53.10709
418.02 1603.979 623.378 1795.303 83.67437
419.2 1585.484 419.586 1512.357 106.69189
420.38 1712.167 583.97 1792.589 93.34597
421.56 1651.233 427.245 1581.949 106.00019
422.74 2022.613 1081.794 2295.154 77.53829
423.92 1754.795 865.995 2097.57 72.16776
425.1 1642.111 464.111 1706.838 94.79159
426.28 1635.671 405.995 1712.327 94.13196
427.46 2230.51 1356.492 2799.259 60.57931
428.63 1944.049 571.861 2000.716 96.03411
429.81 1955.221 687.964 1968.209 98.98555
430.99 2085.005 754.784 2180.705 93.28858
432.17 2318.405 1145.347 2523.941 85.09087
433.35 2135.455 827.316 2288.823 89.50618
434.52 1660.554 155.069 1442.77 116.91264
435.7 1909.016 376.383 1827.128 105.64452
436.88 2253.289 840.104 2306.7 96.35816
438.06 2289.782 552.531 2072.014 114.33172
439.23 2319.772 399.115 1956.406 123.33319
440.41 2514.132 594.126 2298.869 112.62726
441.59 2609.523 828.456 2548.315 103.55893
442.77 2414.048 276.679 1951.4 127.62539
443.94 2695.206 760.657 2663.231 101.68061
445.12 2662.26 769.833 2568.167 105.23229
446.3 2960.434 1093.118 2946.475 100.75315
447.47 2931.105 666.72 2632.968 115.16278
448.65 3183.722 720.646 2715.525 123.46998
449.82 3188.722 500.146 2418.525 140.14836
451.0 3433.283 609.213 2599.83 141.86907
452.18 3463.277 476.823 2644.96 137.74284
453.35 3476.867 530.16 2753.3 132.54708
454.53 3343.71 558.865 2819.285 123.20036
455.7 3444.411 334.238 2713.311 130.73044
456.88 3881.432 945.935 3424.159 118.45165
458.05 3918.539 591.763 3040.792 135.84058
459.23 4048.505 315.784 2806.205 149.88316
460.4 4449.367 580.16 3298.8 142.32142
461.58 4902.271 719.432 3462.09 152.51041
462.75 4827.261 315.333 3204.667 156.15808
463.93 5067.478 628.696 3520.987 153.4694
465.1 5015.517 525.065 3629.945 144.62565
466.28 4856.004 218.101 3243.888 153.27921
467.45 4754.867 146.66 3291.8 146.51835
468.63 5119.394 523.249 3846.018 138.32275
469.8 5478.167 870.287 4222.273 137.46713
470.97 5543.877 405.259 3823.724 150.31949
472.15 5952.387 595.675 4138.332 151.20609
473.32 6602.004 704.601 4322.388 163.01133
474.49 7014.332 859.499 4671.896 161.4426
475.67 6825.715 507.573 4177.839 172.144
476.84 6728.538 327.08 4088.476 170.18834
478.01 6877.905 636.347 4688.941 154.01388
479.19 6880.304 548.728 4557.862 157.92877
480.36 6683.799 309.02 4472.808 153.10046
481.53 6848.66 596.897 4836.903 147.44702
482.7 7078.293 497.129 4733.938 155.33304
483.88 7379.398 275.774 4583.755 164.89449
485.05 7665.433 361.935 4823.659 163.69228
486.22 8193.358 478.405 4938.797 172.96579
487.39 8285.558 333.595 4795.508 178.21869
488.56 8720.193 485.876 5021.991 181.52795
489.74 8773.015 897.2 5619.313 166.78583
490.91 8133.259 242.651 4990.851 166.18105
492.08 8053.194 375.876 5230.491 158.14472
493.25 7885.159 278.714 5092.587 158.01093
494.42 7842.559 476.778 5228.824 155.00231
495.59 8003.753 417.26 5317.48 154.81943
496.76 8295.717 465.756 5367.155 159.74951
497.93 8719.865 610.478 5616.483 161.99318
499.1 8986.432 572.753 5591.843 167.63355
500.27 9420.203 1040.792 6267.099 160.33141
501.44 9769.943 1228.534 6296.083 168.5511
502.61 9294.115 423.137 5408.076 177.95561
503.78 9642.486 629.929 5761.278 175.63718
504.95 9735.704 1123.474 6516.415 159.6945
506.12 9192.631 696.943 5888.053 163.6584
507.29 8985.37 335.186 5433.538 169.66629
508.46 8864.404 32.165 5307.125 167.43708
509.63 9550.904 1258.165 6645.125 153.94098
510.8 9688.487 1179.612 6671.095 154.94677
511.97 9672.249 558.552 5824.426 173.07092
513.14 9594.997 258.528 5792.702 168.70573
514.31 10401.109 785.746 6241.206 176.25212
515.48 10464.691 495.01 6045.359 179.62261
516.65 10686.359 525.087 6124.614 181.46663
517.81 10831.348 355.806 5922.374 188.18673
518.98 10725.315 695.01 6349.102 177.39904
520.15 10488.669 161.13 5858.695 181.26234
521.32 10783.165 703.605 6464.457 174.96648
522.49 11080.869 1502.503 7468.221 160.5568
523.65 10905.765 1158.859 7184.404 161.75972
524.82 10611.715 638.073 6545.839 168.82256
525.99 10536.014 78.517 6017.496 176.0824
527.16 11142.146 631.25 6882.031 168.15334
528.32 11587.709 730.182 7018.969 172.649
529.49 11714.81 411.619 6654.732 181.05055
530.66 12101.463 114.367 6539.298 186.57157
531.82 12545.899 180.957 6592.071 192.86729
532.99 12967.897 320.274 6997.255 189.42128
534.16 13214.093 444.256 7148.912 190.46224
535.32 13627.697 794.401 7641.229 187.4342
536.49 13443.52 294.408 7207.866 190.19586
537.65 14070.071 1011.059 8080.564 184.72315
538.82 13487.331 321.816 7430.58 185.2012
539.99 13827.981 642.721 8076.725 177.36419
541.15 14051.838 818.39 8357.766 175.52445
542.32 14124.741 147.979 7854.74 181.35714
543.48 15166.797 811.155 8785.676 180.01887
544.65 15835.757 992.785 8917.718 187.29461
545.81 16947.203 1483.292 10133.099 178.77753
546.98 17271.041 503.106 9285.714 190.92205
548.14 18422.703 783.792 9857.099 194.40444
549.31 18735.908 402.873 9415.179 203.42225
550.47 19474.631 469.443 9763.554 204.48635
551.63 20089.848 914.806 10766.874 194.62961
552.8 20162.699 454.584 10034.545 205.72229
553.96 20189.441 459.852 10240.767 201.71518
555.13 20593.953 391.45 10690.69 196.15528
556.29 20934.074 934.084 11394.302 191.20052
557.45 20877.061 274.46 10552.64 200.4499
558.62 21041.758 523.468 11224.534 191.74061
559.78 21627.541 771.606 11627.214 192.1213
560.94 21387.902 371.982 11276.809 192.72127
562.11 22247.736 391.088 11510.37 196.56528
563.27 22721.08 157.975 11361.672 201.38982
564.43 23627.037 32.397 11656.66 202.97752
565.59 24284.674 205.838 12004.749 204.07677
566.76 25207.215 351.073 12192.839 209.90232
567.92 26062.156 571.349 12448.455 214.62136
569.08 26443.141 715.042 13216.978 205.79292
570.24 26667.459 352.024 12896.877 209.77077
571.4 27476.086 226.366 12819.042 216.3934
572.57 27329.334 367.342 13100.317 211.74934
573.73 27034.836 55.524 13072.134 207.26835
574.89 27597.23 452.697 13544.0 207.34784
576.05 27798.582 476.158 13770.987 205.51165
577.21 27126.66 157.714 13514.587 201.91063
578.37 27526.113 18.954 13640.76 201.93475
579.53 28064.813 193.644 13978.47 202.18731
580.69 28292.318 597.535 14724.34 196.04421
581.85 28450.004 351.919 14327.072 201.05743
583.01 29598.23 401.88 14435.816 208.04106
584.17 30224.475 484.83 14656.854 209.84754
585.33 31071.514 572.517 14948.496 212.15249
586.49 31638.414 377.763 14735.049 217.73371
587.65 31899.559 573.278 15187.824 214.35
588.81 32522.676 566.521 15553.064 213.23232
589.97 33367.148 929.433 15628.847 220.67353
591.13 32558.799 421.02 15287.808 216.17164
592.29 32547.092 336.574 15254.096 215.92405
593.45 32368.059 213.595 14965.508 217.9681
594.61 32128.748 134.052 15178.927 212.66176
595.77 31859.936 196.961 15395.896 208.32363
596.93 32144.521 91.091 14998.683 215.01414
598.09 31659.432 382.753 15545.343 206.27531
599.24 31901.77 138.067 15446.458 207.4921
600.4 32294.414 291.763 15433.549 211.35322
601.56 31716.715 233.39 15322.522 208.64901
602.72 32790.523 368.616 15465.42 214.76008
603.87 32640.984 473.064 15310.146 216.80759
605.03 32546.525 232.116 15238.92 215.33172
606.19 33057.852 148.514 14826.428 224.20991
607.35 33315.09 -3.926 15131.096 220.14515
608.5 33623.773 594.457 15492.328 221.70494
609.66 33957.637 989.651 15859.107 221.71615
610.82 33934.027 146.299 15137.236 225.38769
611.97 33558.574 125.084 14915.802 226.04373
613.13 33849.309 573.754 15514.6 222.71533
614.29 33530.887 496.993 15383.016 221.91215
615.44 33601.98 717.539 15456.908 223.10616
616.6 32911.652 180.141 14843.401 223.22124
617.76 32804.207 663.0 15414.652 217.88208
618.91 32799.047 726.314 15170.268 222.04954
620.07 31584.963 641.049 15204.114 212.48215
621.22 31841.27 17.567 14577.958 218.56351
622.38 32208.574 1061.084 15637.302 213.68706
623.53 31736.586 78.366 14625.542 217.6245
624.69 31777.49 112.137 14268.832 223.67759
625.84 31513.141 217.542 14299.978 222.23144
627.0 31913.721 488.964 14831.709 219.09862
628.15 31915.381 -0.398 14734.646 216.59779
629.31 32038.387 318.175 14728.331 220.124
630.46 32126.258 -23.532 14344.034 223.76643
631.61 32085.33 374.134 14629.264 222.45463
632.77 32956.531 228.189 14833.106 224.09125
633.92 32496.23 495.38 14691.816 225.41467
635.08 32826.375 949.577 15177.407 224.04539
636.23 33025.902 308.482 14744.809 226.63259
637.38 32175.725 -74.511 14334.446 223.82075
638.54 33294.254 654.76 15135.48 225.39965
639.69 32366.352 936.831 15459.111 216.42277
640.84 32574.254 490.402 14738.753 225.1759
641.99 31816.557 97.409 14039.882 227.50016
643.15 32606.361 816.916 14835.512 226.76626
644.3 31831.166 95.422 14179.142 225.33638
645.45 31834.471 -58.071 14110.771 225.08925
646.6 31710.275 811.436 15075.401 216.62166
647.75 31989.578 161.942 14418.031 223.25643
648.91 32134.883 -136.551 13971.661 228.74219
650.06 31910.188 225.455 14825.291 217.02116
651.21 32369.992 417.462 14565.42 225.84553
652.36 32300.295 450.969 14709.05 223.37737
653.51 32586.6 101.475 14213.68 230.19171
654.66 32218.404 273.982 14861.81 218.97998
655.81 33344.207 651.989 15048.939 227.07738
656.96 32965.512 69.495 14402.569 229.51124
658.11 33835.816 365.002 14800.199 231.86946
659.27 33387.621 531.009 14925.328 228.26097
660.42 33591.426 29.015 14459.958 232.57254
661.57 33914.23 421.022 14835.088 232.36475
662.72 33384.035 -139.971 14611.718 227.25538
663.87 33974.336 -99.965 14122.848 239.57499
665.01 33346.641 316.042 14693.978 229.73116
666.16 33905.945 41.049 14739.607 230.39604
667.31 34046.25 95.555 14982.237 228.06086
668.46 35183.055 760.562 15722.366 230.06913
669.61 33850.359 206.069 15547.996 219.29638
670.76 34535.664 4.575 15214.626 227.0281
671.91 35239.969 769.582 16378.756 220.83415
673.06 36050.773 519.589 16014.886 229.30302
674.21 34468.074 -161.405 15583.016 219.94763
675.35 35596.879 284.102 15720.146 228.76832
676.5 34956.684 167.609 15849.774 221.83846
677.65 35794.988 72.615 15783.904 227.36755
678.8 35426.293 -110.878 15727.034 224.3804
679.94 36997.598 40.629 16048.164 230.87232
681.09 37232.402 370.135 17049.793 221.00134
682.24 38469.707 363.142 17513.924 222.18559
683.39 38558.508 -1.851 17222.553 223.8705
684.53 39761.813 558.155 17196.684 235.61974
685.68 39323.617 214.662 17614.813 224.76217
686.83 39663.422 301.169 17607.443 227.44498
687.97 38936.727 298.175 17622.072 223.03614
689.12 40175.531 178.182 17514.703 230.71151
690.27 39345.336 68.189 17408.832 226.5034
691.41 40030.141 468.195 17969.961 226.04545
692.56 39562.441 358.702 17742.592 225.51765
693.7 40983.246 378.709 17681.721 234.66745
694.85 40031.551 48.215 17192.852 233.21192
695.99 39780.855 398.222 17794.98 226.37915
697.14 39841.66 184.229 17551.111 228.35089
698.28 40175.465 342.735 18251.74 222.41732
699.43 40327.77 391.242 18390.369 221.88036
700.57 39622.574 -74.251 17710.5 223.20709
701.72 39876.879 -50.745 17219.129 231.19812
702.86 38758.18 -107.738 17549.26 220.11623
704.01 40021.984 50.269 17415.389 230.18393
705.15 39882.789 433.275 18332.02 220.40381
706.29 41299.594 126.782 17723.648 233.97809
707.44 39981.898 171.288 18374.777 218.69769
708.58 40988.703 -124.205 17936.408 227.6385
709.72 40789.508 629.302 18731.037 221.85832
710.87 41352.313 -137.192 17783.168 231.52161
712.01 40837.613 0.315 17644.297 231.45171
713.15 41227.918 217.322 18427.928 225.20171
714.3 42053.223 348.828 17921.557 237.32453
715.44 41016.527 92.335 18611.186 220.98668
716.58 41657.332 277.342 18420.816 228.07092
717.72 40709.137 52.848 18398.945 221.60729
718.87 41640.441 240.855 18262.076 229.72687
720.01 40689.246 117.362 18078.205 225.89075
721.15 41604.551 -54.132 17879.836 232.28927
722.29 41984.852 345.875 18022.965 235.55335
723.43 41688.656 498.882 18553.596 228.13862
724.57 41521.961 450.388 18287.225 230.26265
725.72 41293.266 244.895 18067.354 230.31823
726.86 40820.07 678.902 18459.484 225.75845
728.0 41109.375 164.408 17772.113 232.54005
729.14 41444.68 -2.085 17477.244 237.11874
730.28 40887.484 481.422 17805.373 233.23814
731.42 40986.285 10.928 17753.004 230.95019
732.56 41190.09 722.435 18545.133 227.05684
733.7 39964.395 386.942 18597.262 217.3353
734.84 40368.699 -127.052 17331.393 231.95509
735.98 41096.504 148.955 17932.521 230.25499
737.12 40814.309 -3.038 17789.152 229.41159
738.26 40661.113 17.468 17486.281 232.66403
739.4 40452.918 228.475 17917.912 227.39244
740.53 41071.219 407.482 18162.541 229.0262
741.67 40234.023 273.488 17733.67 228.86666
742.81 41008.828 -222.505 17185.301 236.85543
743.95 39725.133 241.002 17969.93 222.7102
745.09 40234.438 19.508 17370.561 231.77228
746.23 40234.242 399.515 17605.189 231.52087
747.36 39570.547 453.522 17477.32 229.77848
748.5 39637.852 60.028 17069.949 232.67494
749.64 38944.156 25.035 17006.078 229.19158
750.78 39476.457 -5.458 16833.209 234.47173
751.92 39235.762 74.548 16909.838 232.61384
753.05 38824.066 155.555 16258.969 240.12617
754.19 39609.371 635.562 16783.098 241.36072
755.33 37406.676 -151.932 16117.228 230.8577
756.46 38256.48 245.075 16057.357 240.39164
757.6 37643.285 82.082 15697.487 240.5394
758.74 36752.09 562.088 16315.617 229.72632
759.87 36838.891 244.595 16092.247 230.91304
761.01 36090.195 271.102 15563.377 234.22998
762.14 35992.0 234.608 15825.006 229.35523
763.28 35640.805 408.115 15272.136 237.03337
764.41 34878.109 249.121 15157.766 232.27456
765.55 34941.914 -123.872 14748.896 235.77176
766.69 34897.219 289.635 15202.025 232.07268
767.82 34351.523 266.641 15014.155 231.1229
768.95 33685.824 26.148 14525.285 232.14951
770.09 33460.629 737.655 15281.915 224.98892
771.22 34144.934 661.661 15275.044 229.12746
772.36 32939.238 504.168 14678.674 228.82682
773.49 32957.543 489.175 14838.804 226.26626
774.63 33177.348 196.181 14003.434 238.86843
775.76 31629.652 154.688 13969.563 227.83386
776.89 31788.955 428.195 14067.693 229.92605
778.03 31667.26 360.201 13450.823 239.15639
779.16 31341.564 8.708 13358.952 234.69875
780.29 31086.869 308.215 13035.582 241.83049
781.43 31067.672 606.221 13093.712 243.93572
782.56 30305.477 315.228 13181.842 233.08579
783.69 29173.281 11.735 12475.972 233.96175
784.82 29499.586 233.241 12821.602 232.48735
785.96 28931.389 116.748 12587.731 231.05348
787.09 28812.693 204.255 12186.361 238.75967
788.22 28863.998 394.261 12237.99 240.37815
789.35 28197.303 157.768 11739.62 242.09888
790.48 27789.605 142.275 12009.25 232.97706
791.62 27290.41 580.281 11944.38 235.03957
792.75 26897.715 5.288 11194.01 240.35299
793.88 26364.52 737.795 11788.14 231.90882
795.01 25975.322 353.801 11355.77 232.88125
796.14 26529.627 404.808 11514.898 235.14497
797.27 24866.932 493.815 11487.528 221.70049
798.4 24642.736 283.321 10909.158 229.24703
799.53 24739.541 -4.672 10310.788 239.87503
800.66 24343.844 316.335 10739.418 230.52209
801.79 24792.148 1276.841 11846.548 222.47833
802.92 23764.953 199.848 10216.178 235.26687
804.05 23275.258 381.855 10327.308 230.18965
805.18 23257.561 290.861 10017.937 236.11105
806.31 23657.365 215.868 9756.066 245.71289
807.44 22838.17 -64.625 9580.196 237.46209
808.57 22813.975 400.381 10089.826 231.31968
809.69 22916.777 400.888 9940.456 236.0263
810.82 21965.082 -163.605 9102.586 238.81103
811.95 22735.887 988.401 10112.216 238.35957
813.08 21822.191 103.908 8928.345 246.11524
814.21 22115.994 1064.915 10169.975 231.20198
815.33 21907.299 282.921 9203.104 242.42078
816.46 21214.104 308.928 9013.734 240.1567
817.59 20539.408 847.435 9490.864 227.82592
818.72 20862.211 504.441 8670.494 249.29755
819.84 20258.516 896.448 9116.124 235.55755
820.97 19721.82 446.454 8550.754 237.84124
822.1 19371.625 593.961 8538.383 236.36288
823.22 19066.93 -30.532 7767.513 244.90064
824.35 18879.732 92.474 7844.143 242.36407
825.48 18438.037 574.481 7850.272 245.52046
826.6 18122.842 310.488 7455.902 249.2837
827.73 18025.146 -144.506 7245.032 245.88349
828.85 17612.449 268.501 7361.662 244.5165
829.98 17668.754 610.008 7638.292 242.71567
831.11 16972.059 70.014 6945.921 245.81549
832.23 16949.863 81.521 6962.051 245.16052
833.36 17041.666 524.528 7592.181 233.70047
834.48 16765.971 259.034 6894.811 248.75668
835.6 16712.775 482.041 7014.94 248.44611
836.73 16301.079 -7.952 6711.07 242.72924
837.85 16345.884 535.054 6989.7 244.95272
838.98 15231.688 -104.439 6228.33 242.17096
840.1 16313.492 458.568 6766.959 251.33071
841.23 15624.296 371.074 6570.589 246.03897
842.35 15871.101 720.581 7111.219 237.07367
843.47 15570.904 248.588 6354.849 250.92797
844.6 14839.709 26.594 6149.978 241.91061
845.72 14698.014 155.101 6077.608 245.55333
846.84 15229.317 134.608 5955.738 259.30892
847.96 14701.622 139.114 5813.368 256.64183
849.09 14779.426 58.121 5820.497 255.47282
850.21 14367.23 232.628 5935.127 247.8668
851.33 14202.034 385.134 5976.757 247.10001
852.45 13524.839 25.141 5610.387 241.70285
853.57 13739.143 232.148 5832.016 241.202
854.7 13372.947 67.654 5477.146 245.96198
855.82 13100.251 -0.339 5659.776 231.45449
856.94 13646.056 485.168 5827.405 246.35535
858.06 13190.859 -64.326 5132.035 255.08592
859.18 12897.164 425.181 5653.165 238.56199
860.3 13181.468 244.688 5345.295 253.63215
861.42 13072.272 -89.306 5013.424 257.93209
862.54 12967.076 -65.799 4962.554 259.18774
863.66 12796.381 50.708 4975.184 258.82291
864.78 12581.185 186.714 5073.814 253.61607
865.9 12306.489 244.221 5222.943 242.27638
867.02 12827.793 1277.228 6443.073 223.59486
868.14 13014.098 879.234 5701.203 251.65785
869.26 11947.401 575.741 5163.833 247.85161
870.38 11730.206 -90.252 4456.962 259.94942
871.5 12039.011 -94.746 4453.592 266.77341
872.62 11566.814 69.761 4578.222 255.01059
873.74 11349.619 699.268 5511.852 221.30214
874.85 11195.271 40.271 4430.417 254.09179
875.97 11385.771 286.271 4564.417 259.44651
877.09 11764.771 373.271 4811.917 256.64359
878.21 10761.271 220.771 4370.917 253.97903
879.33 11067.271 334.771 4641.417 249.20786
880.44 10634.771 254.771 4375.417 251.90226
881.56 10453.271 111.271 4114.417 258.34682
882.68 10362.271 256.271 4367.917 245.78965
883.79 11053.271 826.771 4988.417 245.73211
884.91 10482.771 -58.229 3702.917 280.26032
886.03 10131.771 456.271 4455.417 241.93917
887.14 10096.271 659.271 4800.417 227.88379
888.26 10441.271 777.271 4809.917 239.64416
889.38 10678.271 636.271 4577.417 254.799
890.49 10027.771 -89.729 4014.417 246.51901
891.61 10923.771 307.771 4176.917 274.37581
892.72 10211.271 -13.229 4058.417 251.11466
893.84 10754.271 -99.229 3906.917 270.92123
894.95 10219.771 -87.229 3941.917 255.81103
896.07 10793.271 152.271 4075.417 271.2364
897.18 10747.771 384.271 4307.417 264.16301
898.3 10319.771 -41.229 3881.917 264.09927
899.41 10668.771 577.271 4446.917 260.78614
900.53 10380.771 335.771 4029.417 271.95351
901.64 10529.271 462.271 4350.417 258.91519
902.75 10081.271 262.771 4055.917 258.84846
903.87 9983.771 116.771 3876.417 262.44492
904.98 9958.271 403.771 4044.917 262.40365
906.09 10139.271 235.771 3943.917 267.07416
907.21 9460.271 438.771 3919.917 259.15316
908.32 9917.771 198.271 3488.417 295.41242
909.43 9392.771 650.771 3977.917 262.74771
910.54 8986.771 280.271 3820.917 245.90145
911.66 9538.271 1160.771 4581.417 244.9099
912.77 8682.771 85.771 3214.417 274.7834
913.88 8811.771 300.271 3645.417 254.4433
914.99 8291.771 69.271 3371.417 249.00473
916.1 8625.771 349.771 3617.417 253.27101
917.22 8330.271 58.771 2918.417 289.24909
918.33 8219.771 688.771 3724.917 248.04472
919.44 8631.271 270.271 3384.417 268.48452
920.55 8819.271 660.771 3674.417 270.71859
921.66 7841.771 428.771 3272.917 260.64064
922.77 7696.271 488.271 3282.417 257.96792
923.88 7968.771 623.271 3542.917 251.58873
924.99 8282.271 373.771 3227.417 277.13669
926.1 7240.771 -11.229 2623.917 275.20298
927.21 7230.771 652.771 3484.417 232.30306
928.32 6411.271 -84.729 2456.417 255.63271
929.43 6772.271 251.771 2756.917 260.28425
930.54 6453.271 111.271 2439.417 272.40561
931.65 6460.771 266.271 2607.917 264.53616
932.76 6495.771 381.771 2750.917 258.06769
933.86 6281.771 302.271 2464.417 276.55396
934.97 5861.771 113.771 2305.417 262.26865
936.08 5634.771 164.771 2138.417 277.15205
937.19 5589.271 708.271 2768.917 236.86748
938.3 4945.271 472.271 2273.917 248.27299
939.4 4578.771 674.771 2431.417 222.24172
940.51 4188.271 305.271 1864.417 249.04664
941.62 3971.771 503.771 1984.417 234.22212
942.73 4399.271 1102.771 2513.917 233.60449
943.83 3641.771 302.771 1592.417 258.9083
944.94 3612.271 338.271 1721.417 236.70678
946.05 3347.271 -35.729 1180.417 278.17388
947.15 3442.271 -25.729 1255.417 270.69518
948.26 3702.771 228.771 1623.917 249.00623
949.36 3636.771 98.271 1469.917 257.97476
950.47 3792.771 326.771 1819.917 232.12736
951.57 4239.271 844.771 2349.917 225.52632
952.68 4144.271 568.771 1976.417 254.00567
953.79 4129.771 439.271 2026.417 232.52433
954.89 3879.771 121.771 1668.417 242.97741
955.99 4089.771 391.271 2152.917 209.9457
957.1 4094.771 230.271 1637.417 274.63394
958.2 4080.771 271.271 1806.417 248.15232
959.31 4169.271 455.771 2090.917 227.10513
960.41 4105.271 130.271 1642.917 262.7846
961.52 3993.771 10.271 1452.917 276.1246
962.62 4184.771 493.771 1946.917 254.00068
963.72 4112.271 -50.729 1492.417 269.77361
964.83 4004.271 -70.729 1396.917 277.65554
965.93 4354.771 341.771 1883.917 260.22184
967.03 4496.771 714.271 2232.917 249.07058
968.13 4196.771 466.771 1975.417 247.24161
969.24 3999.771 175.771 1604.417 267.66606
970.34 4059.271 206.771 1605.917 275.34657
971.44 4003.771 265.771 1650.417 269.96073
972.54 3986.771 346.771 1881.917 237.11103
973.64 3740.771 142.271 1643.917 239.63707
974.75 4318.771 1069.771 2472.917 231.55113
975.85 5238.771 3162.271 4867.417 121.77846
976.95 3716.771 189.771 1479.917 273.37995
978.05 3823.271 525.771 1934.917 234.00701
979.15 4013.771 896.271 2298.917 222.25851
980.25 3529.771 99.771 1282.917 289.90509
981.35 3457.271 179.271 1406.417 267.12392
982.45 3963.271 891.771 2297.417 218.51164
983.55 3850.771 462.771 1760.417 261.08819
984.65 3595.771 418.271 1628.917 262.46322
985.75 3521.271 675.271 1828.917 246.69616
986.85 3337.771 372.271 1638.417 234.21473
987.95 3174.271 185.271 1345.917 257.52904
989.05 3250.771 783.271 2071.417 191.55438
990.15 3283.271 628.271 1710.417 245.34586
991.25 3038.771 443.271 1513.917 242.42377
992.34 3311.771 835.771 1982.917 215.84004
993.44 3008.271 478.271 1473.917 254.10643
994.54 2928.771 386.771 1334.417 268.24368
995.64 3123.271 731.271 1754.417 233.78876
996.74 3034.271 789.271 1829.917 215.73142
997.83 2600.771 73.771 1008.417 270.36978
998.93 2679.271 315.271 1299.917 240.08633
1000.03 3076.271 1230.771 2285.917 174.90471
1001.12 2864.271 704.771 1735.417 209.52881
1002.22 2699.771 729.271 1828.417 179.27557
1003.32 2295.271 272.271 1190.917 220.21545
1004.41 2453.271 467.271 1408.417 211.01937
1005.51 2267.271 402.771 1217.917 228.73208
1006.6 2064.771 188.771 987.917 234.75063
1007.7 2334.271 624.271 1470.917 201.97347
1008.8 1986.771 103.271 755.917 288.5945
1009.89 2167.271 577.771 1331.917 210.76825
1010.99 2169.271 384.771 1149.417 233.37602
1012.08 2022.771 47.271 826.417 253.54688
1013.18 2169.771 394.271 1240.917 209.70989
1014.27 2207.771 202.271 1009.417 248.46809
1015.36 2289.771 334.271 1124.417 247.48596
1016.46 2315.271 402.771 1194.917 241.43282
1017.55 2022.271 148.271 862.917 262.22779
1018.65 2168.271 496.771 1208.917 234.71317
1019.74 2134.771 586.771 1441.917 181.02175
1020.83 2023.271 505.271 1239.417 206.77093
1021.93 1915.271 280.271 1081.417 204.08271
1023.02 1745.271 38.271 740.917 242.93889
1024.11 1697.271 63.771 754.417 236.51775
1025.2 1702.771 88.271 722.417 254.59443
1026.3 1766.771 454.271 1131.917 193.68527
1027.39 1784.271 597.771 1268.417 176.91903
1028.48 1640.271 486.771 1072.417 196.96207
1029.57 1625.771 312.771 901.917 222.86502
1030.66 1583.771 451.771 1035.417 193.95326
1031.75 2130.271 1483.271 2155.917 96.1873
1032.84 1592.771 652.771 1237.417 160.78112
1033.94 1306.771 161.271 678.417 221.50425
1035.03 1550.271 773.771 1262.917 158.74613
1036.12 1148.271 90.271 614.917 201.65985
1037.21 1137.771 66.771 609.417 197.3663
1038.3 1450.771 522.771 1049.417 176.20952
1039.39 1114.271 153.271 549.417 242.58743
1040.48 1318.771 455.771 904.417 192.35663
1041.57 1328.771 616.271 1021.917 175.64583
1042.66 1217.771 441.771 862.917 184.25922
1043.74 1207.771 508.271 928.417 166.48981
1044.83 1126.271 543.271 974.917 135.06444
1045.92 910.271 45.771 481.917 198.21352
1047.01 1200.771 617.771 1054.417 133.51784
1048.1 821.271 96.771 402.417 237.03906
1049.19 978.771 502.271 822.417 148.83841
1050.27 954.771 342.271 705.417 168.66501
1051.36 890.271 305.271 681.417 155.52477
1052.45 1021.771 469.771 875.417 136.07929
1053.54 907.271 466.771 758.417 151.03934
1054.62 950.771 525.271 900.417 113.42255
1055.71 853.271 467.771 822.917 108.54695
1056.8 1024.271 688.271 1055.917 91.39233
1057.88 759.271 328.771 652.417 133.01576
1058.97 873.271 458.771 804.417 119.92043
1060.06 1010.771 834.771 1296.917 38.08322
1061.14 784.271 367.771 664.417 140.4031
1062.23 1476.771 1608.271 2089.917 -27.30222
1063.31 857.271 547.271 887.917 91.0036
1064.4 657.271 279.271 610.417 114.14909
1065.48 754.271 526.771 738.917 107.23753
1066.57 702.771 362.771 691.917 103.29766
1067.65 755.271 543.771 885.417 61.90621
1068.74 633.771 357.271 635.417 99.40827
1069.82 757.771 544.271 856.417 68.39751
1070.9 1703.271 2151.771 2635.417 -92.73309
1071.99 790.271 561.771 908.917 65.82247
1073.07 660.771 491.771 826.917 50.4258
1074.15 744.271 576.771 914.417 49.60819
1075.24 654.271 526.771 764.417 53.65126
1076.32 708.271 625.771 880.417 32.39793
1077.4 981.771 963.771 1324.417 4.99105
1078.49 614.771 218.271 494.417 143.58355
1079.57 736.771 655.271 905.917 32.516
1080.65 896.271 866.771 1207.917 8.64733
1081.73 595.771 382.771 651.417 79.28653
1082.81 429.271 238.271 479.917 79.0413
1083.89 627.771 548.771 799.417 31.51857
1084.98 670.271 533.271 847.417 43.61031
1086.06 436.771 267.771 470.917 83.19148
1087.14 515.771 283.771 487.417 113.92327
1088.22 580.271 524.771 765.417 23.06293
1089.3 416.771 261.771 458.417 78.82192
1090.38 859.771 1101.771 1433.417 -72.96944
1091.46 645.271 598.771 838.417 19.40363
1092.54 457.771 405.771 657.917 20.62299
1093.62 503.271 412.771 674.917 34.52277
1094.7 403.271 186.271 429.417 89.24686
1095.78 567.771 490.771 699.917 36.8164
1096.86 599.271 545.771 843.917 17.94424
1097.93 916.271 1146.271 1458.417 -73.68355
1099.01 711.271 802.271 1099.917 -30.57325
1100.09 415.771 334.271 492.917 51.3723
