196.55 1286.515 972.948 0.0 313.56714
197.76 1858.932 1427.472 0.0 431.46094
198.96 1765.64 1340.45 0.0 425.18958
200.16 1141.395 796.077 0.0 345.31781
201.36 2085.741 1587.379 0.0 498.36194
202.56 1391.508 990.115 0.0 401.39246
203.76 1140.994 849.94 0.0 291.05383
204.96 1352.479 932.264 0.0 420.21515
206.16 920.893 712.367 0.0 208.52686
207.36 1633.212 1181.173 0.0 452.03906
208.56 1438.92 1052.507 0.0 386.41321
209.76 834.151 637.704 0.0 196.44623
210.96 1170.859 888.539 0.0 282.32037
212.16 2536.698 2056.997 0.0 479.70044
213.36 1567.822 1126.644 0.0 441.17737
214.56 1247.454 890.479 0.0 356.97424
215.76 2282.994 1834.94 0.0 448.05383
216.96 1984.421 1568.862 0.0 415.55872
218.16 1377.446 985.792 0.0 391.65411
219.35 1095.003 716.838 0.0 378.16498
220.55 1312.796 872.359 0.0 440.4364
221.75 1138.563 810.596 0.0 327.96686
222.95 1892.162 1461.314 0.0 430.84839
224.15 1510.136 1090.029 0.0 420.10742
225.35 1213.856 782.472 0.0 431.38373
226.55 1101.406 792.831 0.0 308.57452
227.75 1831.162 1378.814 0.0 452.34839
228.94 1471.151 1122.204 0.0 348.94617
230.14 1374.883 919.113 0.0 455.7702
231.34 1183.713 847.028 0.0 336.68457
232.54 1123.505 780.549 0.0 342.95599
233.74 1153.018 805.869 0.0 347.14917
234.93 1064.064 791.951 0.0 272.11243
236.13 1391.346 951.574 0.0 439.77264
237.33 1312.05 930.131 0.0 381.91925
238.53 1122.088 887.381 0.0 234.70776
239.72 1847.225 1373.993 0.0 473.2323
240.92 879.76 562.676 0.0 317.08435
242.12 1584.064 1152.807 0.0 431.25793
243.31 1082.127 755.63 0.0 326.49634
244.51 949.323 627.0 0.0 322.32275
245.71 1698.516 1278.803 0.0 419.71265
246.9 2123.323 1688.0 0.0 435.32275
248.1 1310.189 950.954 0.0 359.23468
249.3 1254.982 982.33 0.0 272.65161
250.49 1280.238 893.313 0.0 386.92548
251.69 1457.285 1049.106 0.0 408.17969
252.89 1332.044 916.154 0.0 415.89008
254.08 924.651 579.204 0.0 345.44623
255.28 1360.701 976.919 0.0 383.78241
256.47 873.614 577.666 0.0 295.94861
257.67 1524.611 1159.099 0.0 365.51221
258.86 1668.832 1172.898 0.0 495.93384
260.06 1274.69 917.809 0.0 356.88025
261.26 1922.956 1459.546 0.0 463.41089
262.45 1318.2 939.063 0.0 379.13696
263.65 882.593 565.158 0.0 317.4353
264.84 1443.261 1081.531 0.0 361.72986
266.04 1105.044 804.154 0.0 300.89008
267.23 775.142 487.661 0.0 287.48056
268.42 1067.993 706.584 0.0 361.40826
269.62 1300.773 882.641 0.0 418.13202
270.81 1255.089 959.736 0.0 295.35333
272.01 1257.103 923.056 0.0 334.04651
273.2 1555.386 1164.034 0.0 391.35217
274.4 955.275 664.852 0.0 290.42303
275.59 1508.214 1028.883 0.0 479.3302
276.78 1272.346 892.718 0.0 379.6272
277.98 1165.312 772.746 0.0 392.5661
279.17 1217.102 903.201 0.0 313.90094
280.37 1177.704 837.985 0.0 339.71887
281.56 898.652 528.915 0.0 369.73718
282.75 973.344 617.508 0.0 355.83612
283.95 1231.983 801.186 0.0 430.79718
285.14 1198.081 863.193 0.0 334.88763
286.33 964.604 700.267 0.0 264.33746
287.52 1326.581 948.548 0.0 378.03308
288.72 1607.216 1136.95 0.0 470.2666
289.91 1841.067 1410.373 0.0 430.69446
291.1 1395.664 1007.024 0.0 388.6394
292.29 1270.029 997.623 0.0 272.40588
293.49 1323.714 1044.239 0.0 279.47559
294.68 983.677 729.845 0.0 253.83258
295.87 1126.236 803.102 0.0 323.13446
297.06 1348.165 940.38 0.0 407.78485
298.26 643.885 420.179 0.0 223.7067
299.45 1170.627 789.13 0.0 381.49634
300.64 1166.296 822.859 0.0 343.4364
301.83 1267.713 857.028 0.0 410.68457
303.02 1031.637 630.384 0.0 401.25305
304.21 1453.588 1123.525 0.0 330.06226
305.4 1216.247 875.356 0.0 340.89111
306.59 1311.614 920.166 0.0 391.44861
307.79 1123.554 803.053 0.0 320.50116
308.98 970.383 579.113 0.0 391.27014
310.17 1371.798 966.081 0.0 405.7168
311.36 1135.84 857.597 0.0 278.24341
312.55 1976.669 1560.657 0.0 416.01245
313.74 912.372 584.359 0.0 328.01349
314.93 1426.42 1009.007 0.0 417.41327
316.12 1111.749 787.067 0.0 324.68213
317.31 694.885 406.823 0.0 288.06119
318.5 956.372 574.859 0.0 381.51349
319.69 1178.543 830.799 0.0 347.74463
320.88 1029.443 736.225 0.0 293.21753
322.07 983.153 607.271 0.0 375.88269
323.26 884.052 607.342 0.0 276.71021
324.45 686.152 447.415 0.0 238.73718
325.64 1140.361 766.749 0.0 373.61139
326.83 1321.664 996.024 0.0 325.6394
328.01 1099.945 738.436 0.0 361.50854
329.2 1433.054 976.053 0.0 457.00116
330.39 1023.165 727.38 0.0 295.78491
331.58 889.555 542.908 0.0 346.64679
332.77 1685.944 1253.081 0.0 432.86316
333.96 634.836 448.82 0.0 186.01593
335.15 780.835 524.964 0.0 255.87042
336.33 865.555 590.908 0.0 274.64679
337.52 998.152 719.415 0.0 278.73718
338.71 1085.64 710.45 0.0 375.18951
339.9 951.972 614.932 0.0 337.04047
341.08 1102.678 688.2 0.0 414.47815
342.27 1323.981 879.475 0.0 444.50616
343.46 1446.992 1063.729 0.0 383.26282
344.65 1285.992 897.229 0.0 388.76282
345.83 1496.882 983.257 0.0 513.62463
347.02 756.479 470.264 0.0 286.21512
348.21 1532.993 1021.584 0.0 511.40826
349.4 796.676 462.989 0.0 333.68704
350.58 1105.533 718.045 0.0 387.48792
351.77 882.518 575.369 0.0 307.14917
352.96 671.041 324.088 0.0 346.95352
354.14 993.299 619.926 0.0 373.37292
355.33 870.127 536.13 0.0 333.99634
356.51 650.764 387.098 0.0 263.66635
357.7 1065.242 679.734 0.0 385.50751
358.89 853.471 511.721 0.0 341.74945
360.07 1326.862 915.105 0.0 411.75684
361.26 1528.598 1061.79 0.0 466.80835
362.44 1084.856 733.483 0.0 351.37317
363.63 952.541 481.743 0.0 470.79739
364.81 916.299 531.437 0.0 384.8623
366.0 623.42 276.518 0.0 346.90256
367.18 2029.089 1403.392 0.0 625.69714
368.37 865.927 529.85 0.0 336.07727
369.55 1146.901 737.065 0.0 409.8363
370.74 1370.999 911.572 0.0 459.42682
371.92 1700.683 1158.332 0.0 542.35107
373.11 873.173 476.078 0.0 397.09445
374.29 746.931 421.772 0.0 325.15927
375.48 957.916 531.741 0.0 426.17505
376.66 797.414 441.53 0.0 355.88403
377.84 1432.427 953.85 0.0 478.57721
379.03 743.706 405.051 0.0 338.65543
380.21 659.136 332.184 0.0 326.95135
381.39 589.026 266.212 0.0 322.8132
382.58 1313.158 816.548 0.0 496.61017
383.76 1667.425 1148.784 0.0 518.64075
384.94 1787.267 1254.164 0.0 533.10278
386.13 846.368 426.593 0.0 419.77533
387.31 1090.281 618.339 0.0 471.94153
388.49 907.184 474.688 0.0 432.49658
389.68 1171.841 637.952 0.0 533.88898
390.86 1138.036 567.466 0.0 570.56982
392.04 1557.852 982.706 0.0 575.14569
393.22 1031.036 445.466 0.0 585.56985
394.41 968.879 473.202 0.0 495.67755
395.59 736.488 193.463 0.0 543.02466
396.77 1204.108 552.689 0.0 651.41943
397.95 1144.048 637.576 0.0 506.47211
399.13 1457.462 792.678 0.0 664.78375
400.31 1124.246 447.511 0.0 676.73499
401.5 1313.793 626.304 0.0 687.48926
402.68 1404.026 734.712 0.0 669.31329
403.86 1139.744 434.445 0.0 705.29852
405.04 1599.132 807.263 0.0 791.86932
406.22 1044.501 367.783 0.0 676.71783
407.4 1523.594 697.013 0.0 826.58081
408.58 1709.745 814.301 0.0 895.44397
409.76 1740.611 947.755 0.0 792.85602
410.94 1431.536 624.466 0.0 807.06982
412.12 1314.034 502.9 0.0 811.13336
413.3 1210.292 359.093 0.0 851.19824
414.48 1130.035 371.111 0.0 758.92438
415.66 1282.327 445.277 0.0 837.05026
416.84 2182.389 1233.1 0.0 949.2887
418.02 1552.817 623.378 0.0 929.43915
419.2 1268.194 419.586 0.0 848.60776
420.38 1447.085 583.97 0.0 863.11517
421.56 1389.388 427.245 0.0 962.14316
422.74 2056.147 1081.794 0.0 974.35364
423.92 1801.926 865.995 0.0 935.93176
425.1 1561.535 464.111 0.0 1097.42438
426.28 1426.35 405.995 0.0 1020.35468
427.46 2502.301 1356.492 0.0 1145.80933
428.63 1601.997 571.861 0.0 1030.1358
429.81 1678.911 687.964 0.0 990.94757
430.99 1795.925 754.784 0.0 1041.14075
432.17 2228.302 1145.347 0.0 1082.95496
433.35 1938.363 827.316 0.0 1111.04785
434.52 1189.874 155.069 0.0 1034.80453
435.7 1466.79 376.383 0.0 1090.40723
436.88 2002.938 840.104 0.0 1162.83392
438.06 1688.338 552.531 0.0 1135.80695
439.23 1628.584 399.115 0.0 1229.46957
440.41 1862.154 594.126 0.0 1268.02826
441.59 2146.39 828.456 0.0 1317.93433
442.77 1623.385 276.679 0.0 1346.7067
443.94 2196.169 760.657 0.0 1435.51233
445.12 2170.107 769.833 0.0 1400.27399
446.3 2623.133 1093.118 0.0 1530.01477
447.47 2236.547 666.72 0.0 1569.82654
448.65 2294.023 720.646 0.0 1573.37665
449.82 1959.523 500.146 0.0 1459.37668
451.0 2244.949 609.213 0.0 1635.73621
452.18 2111.961 476.823 0.0 1635.13834
453.35 2207.718 530.16 0.0 1677.55762
454.53 2290.046 558.865 0.0 1731.18097
455.7 2114.291 334.238 0.0 1780.0528
456.88 2904.521 945.935 0.0 1958.58575
458.05 2464.132 591.763 0.0 1872.36945
459.23 2244.425 315.784 0.0 1928.64075
460.4 2628.218 580.16 0.0 2048.05762
461.58 2883.972 719.432 0.0 2164.54047
462.75 2402.107 315.333 0.0 2086.77399
463.93 2881.706 628.696 0.0 2253.00989
465.1 2787.402 525.065 0.0 2262.33643
466.28 2546.313 218.101 0.0 2328.21152
467.45 2516.218 146.66 0.0 2369.55763
468.63 2982.437 523.249 0.0 2459.18848
469.8 3573.473 870.287 0.0 2703.18604
470.97 2969.083 405.259 0.0 2563.82413
472.15 3291.837 595.675 0.0 2696.16138
473.32 3519.813 704.601 0.0 2815.21155
474.49 3725.399 859.499 0.0 2865.89996
475.67 3370.923 507.573 0.0 2863.34985
476.84 3145.52 327.08 0.0 2818.44019
478.01 3701.302 636.347 0.0 3064.95496
479.19 3556.068 548.728 0.0 3007.3399
480.36 3362.191 309.02 0.0 3053.1713
481.53 3717.985 596.897 0.0 3121.0882
482.7 3668.703 497.129 0.0 3171.57346
483.88 3565.202 275.774 0.0 3289.42786
485.05 3641.521 361.935 0.0 3279.58578
486.22 3759.006 478.405 0.0 3280.60159
487.39 3631.639 333.595 0.0 3298.04395
488.56 3994.192 485.876 0.0 3508.31686
489.74 4350.678 897.2 0.0 3453.47827
490.91 3649.495 242.651 0.0 3406.84476
492.08 3884.692 375.876 0.0 3508.81686
493.25 3834.873 278.714 0.0 3556.15897
494.42 4027.251 476.778 0.0 3550.47318
495.59 3986.007 417.26 0.0 3568.74692
496.76 4131.035 465.756 0.0 3665.27905
497.93 4297.106 610.478 0.0 3686.62866
499.1 4282.409 572.753 0.0 3709.65631
500.27 4733.946 1040.792 0.0 3693.15417
501.44 4945.886 1228.534 0.0 3717.35205
502.61 4018.8 423.137 0.0 3595.66379
503.78 4315.847 629.929 0.0 3685.91797
504.95 5057.558 1123.474 0.0 3934.08337
506.12 4380.542 696.943 0.0 3683.59918
507.29 4060.483 335.186 0.0 3725.29706
508.46 3869.19 32.165 0.0 3837.02573
509.63 5195.69 1258.165 0.0 3937.52576
510.8 5184.459 1179.612 0.0 4004.84717
511.97 4419.13 558.552 0.0 3860.57855
513.14 4223.212 258.528 0.0 3964.68445
514.31 4862.812 785.746 0.0 4077.06622
515.48 4445.469 495.01 0.0 3950.45844
516.65 4402.118 525.087 0.0 3877.03058
517.81 4397.641 355.806 0.0 4041.83484
518.98 4827.045 695.01 0.0 4132.0354
520.15 4272.626 161.13 0.0 4111.49623
521.32 4896.361 703.605 0.0 4192.75659
522.49 6008.371 1502.503 0.0 4505.8678
523.65 5473.872 1158.859 0.0 4315.01343
524.82 5003.423 638.073 0.0 4365.34985
525.99 4392.566 78.517 0.0 4314.04903
527.16 5149.284 631.25 0.0 4518.03406
528.32 5169.434 730.182 0.0 4439.25177
529.49 5042.557 411.619 0.0 4630.93777
530.66 4553.394 114.367 0.0 4439.02703
531.82 4861.813 180.957 0.0 4680.85684
532.99 4984.702 320.274 0.0 4664.4281
534.16 5333.458 444.256 0.0 4889.2016
535.32 5768.457 794.401 0.0 4974.05603
536.49 5207.555 294.408 0.0 4913.14664
537.65 6132.228 1011.059 0.0 5121.16864
538.82 5401.787 321.816 0.0 5079.97076
539.99 5823.471 642.721 0.0 5180.74957
541.15 6154.387 818.39 0.0 5335.99756
542.32 5590.53 147.979 0.0 5442.55121
543.48 6515.968 811.155 0.0 5704.81287
544.65 6599.272 992.785 0.0 5606.48657
545.81 7619.946 1483.292 0.0 6136.65417
546.98 6867.785 503.106 0.0 6364.67963
548.14 7229.446 783.792 0.0 6445.65411
549.31 6767.067 402.873 0.0 6364.19461
550.47 7074.542 469.443 0.0 6605.09915
551.63 7843.141 914.806 0.0 6928.33484
552.8 7340.069 454.584 0.0 6885.48526
553.96 7299.274 459.852 0.0 6839.42279
555.13 7472.64 391.45 0.0 7081.18927
556.29 8283.493 934.084 0.0 7349.40875
557.45 7633.862 274.46 0.0 7359.40216
558.62 8035.384 523.468 0.0 7511.91577
559.78 8404.785 771.606 0.0 7633.17963
560.94 8108.079 371.982 0.0 7736.0965
562.11 8272.041 391.088 0.0 7880.95309
563.27 8092.981 157.975 0.0 7935.00591
564.43 8017.909 32.397 0.0 7985.51122
565.59 8257.003 205.838 0.0 8051.16463
566.76 8722.423 351.073 0.0 8371.34985
567.92 8961.149 571.349 0.0 8389.80054
569.08 9213.907 715.042 0.0 8498.86517
570.24 9046.74 352.024 0.0 8694.71661
571.4 9017.97 226.366 0.0 8791.604
572.57 9201.052 367.342 0.0 8833.70993
573.73 8921.164 55.524 0.0 8865.63963
574.89 9402.553 452.697 0.0 8949.8555
576.05 9572.093 476.158 0.0 9095.93512
577.21 9242.373 157.714 0.0 9084.65897
578.37 9218.188 18.954 0.0 9199.23458
579.53 9523.821 193.644 0.0 9330.17696
580.69 10007.811 597.535 0.0 9410.27551
581.85 9729.201 351.919 0.0 9377.28253
583.01 10039.165 401.88 0.0 9637.28522
584.17 10127.982 484.83 0.0 9643.15195
585.33 10389.066 572.517 0.0 9816.54901
586.49 10208.556 377.763 0.0 9830.79221
587.65 10445.751 573.278 0.0 9872.47339
588.81 10537.115 566.521 0.0 9970.59436
589.97 11097.896 929.433 0.0 10168.46375
591.13 10408.691 421.02 0.0 9987.6713
592.29 10324.847 336.574 0.0 9988.27289
593.45 10102.139 213.595 0.0 9888.5437
594.61 10048.63 134.052 0.0 9914.57803
595.77 10108.286 196.961 0.0 9911.32518
596.93 10072.667 91.091 0.0 9981.57635
598.09 10258.409 382.753 0.0 9875.65631
599.24 10057.249 138.067 0.0 9919.18227
600.4 10352.556 291.763 0.0 10060.79221
601.56 10079.811 233.39 0.0 9846.42014
602.72 10376.932 368.616 0.0 10008.31552
603.87 10280.624 473.064 0.0 9807.56
605.03 9976.432 232.116 0.0 9744.31552
606.19 10134.018 148.514 0.0 9985.50372
607.35 9849.347 -3.926 0.0 9853.27288
608.5 10532.237 594.457 0.0 9937.77991
609.66 10833.919 989.651 0.0 9844.26758
610.82 9896.543 146.299 0.0 9750.24425
611.97 9725.993 125.084 0.0 9600.90878
613.13 10117.833 573.754 0.0 9544.07935
614.29 10013.725 496.993 0.0 9516.73193
615.44 10421.358 717.539 0.0 9703.81989
616.6 9613.272 180.141 0.0 9433.13165
617.76 10170.822 663.0 0.0 9507.82251
618.91 10186.162 726.314 0.0 9459.84851
620.07 10115.005 641.049 0.0 9473.95575
621.22 9399.749 17.567 0.0 9382.18227
622.38 10484.493 1061.084 0.0 9423.40881
623.53 9406.97 78.366 0.0 9328.604
624.69 9491.224 112.137 0.0 9379.08635
625.84 9360.907 217.542 0.0 9143.36516
627.0 9644.911 488.964 0.0 9155.94745
628.15 9163.236 -0.398 0.0 9163.63431
629.31 9412.337 318.175 0.0 9094.16162
630.46 9007.884 -23.532 0.0 9031.41579
631.61 9448.176 374.134 0.0 9074.04202
632.77 9442.032 228.189 0.0 9213.84283
633.92 9558.165 495.38 0.0 9062.78522
635.08 10103.972 949.577 0.0 9154.39514
636.23 9379.579 308.482 0.0 9071.09698
637.38 8935.676 -74.511 0.0 9010.18661
638.54 9586.007 654.76 0.0 8931.24689
639.69 10074.906 936.831 0.0 9138.07501
640.84 9564.475 490.402 0.0 9074.07239
641.99 9021.566 97.409 0.0 8924.15753
643.15 9831.658 816.916 0.0 9014.74268
644.3 9093.75 95.422 0.0 8998.3278
645.45 8888.843 -58.071 0.0 8946.91392
646.6 9964.935 811.436 0.0 9153.49902
647.75 9168.526 161.942 0.0 9006.58418
648.91 8821.619 -136.551 0.0 8958.1703
650.06 9218.711 225.455 0.0 8993.25545
651.21 9422.303 417.462 0.0 9004.84058
652.36 9509.895 450.969 0.0 9058.92572
653.51 9203.987 101.475 0.0 9102.51183
654.66 9304.079 273.982 0.0 9030.09695
655.81 9774.671 651.989 0.0 9122.68213
656.96 8967.264 69.495 0.0 8897.76821
658.11 9622.355 365.002 0.0 9257.35336
659.27 9703.447 531.009 0.0 9172.43848
660.42 9230.539 29.015 0.0 9201.52363
661.57 9461.632 421.022 0.0 9040.60974
662.72 9002.224 -139.971 0.0 9142.19487
663.87 8851.815 -99.965 0.0 8951.78001
665.01 9497.908 316.042 0.0 9181.86612
666.16 9130.5 41.049 0.0 9089.45126
667.31 9387.092 95.555 0.0 9291.5364
668.46 10323.184 760.562 0.0 9562.62152
669.61 9519.776 206.069 0.0 9313.70766
670.76 9695.868 4.575 0.0 9691.29279
671.91 10445.96 769.582 0.0 9676.37793
673.06 10360.553 519.589 0.0 9840.96405
674.21 9656.645 -161.405 0.0 9818.04918
675.35 10139.736 284.102 0.0 9855.63431
676.5 9761.828 167.609 0.0 9594.21945
677.65 9695.421 72.615 0.0 9622.80556
678.8 9592.513 -110.878 0.0 9703.3907
679.94 9989.104 40.629 0.0 9948.47584
681.09 10774.197 370.135 0.0 10404.06195
682.24 10764.789 363.142 0.0 10401.64709
683.39 10273.881 -1.851 0.0 10275.73222
684.53 11161.473 558.155 0.0 10603.31738
685.68 10888.065 214.662 0.0 10673.40347
686.83 10961.157 301.169 0.0 10659.98862
687.97 10955.749 298.175 0.0 10657.57376
689.12 10786.342 178.182 0.0 10608.15987
690.27 10795.434 68.189 0.0 10727.245
691.41 11396.525 468.195 0.0 10928.33014
692.56 11363.617 358.702 0.0 11004.91528
693.7 11209.71 378.709 0.0 10831.00137
694.85 10867.802 48.215 0.0 10819.58652
695.99 11293.394 398.222 0.0 10895.17166
697.14 11134.486 184.229 0.0 10950.25777
698.28 11153.578 342.735 0.0 10810.8429
699.43 11328.67 391.242 0.0 10937.42804
700.57 10620.762 -74.251 0.0 10695.01318
701.72 10925.354 -50.745 0.0 10976.0993
702.86 10614.946 -107.738 0.0 10722.68443
704.01 11039.038 50.269 0.0 10988.76957
705.15 11439.631 433.275 0.0 11006.35568
706.29 11138.223 126.782 0.0 11011.44082
707.44 11235.814 171.288 0.0 11064.52596
708.58 11025.406 -124.205 0.0 11149.6111
709.72 11867.999 629.302 0.0 11238.6972
710.87 10791.091 -137.192 0.0 10928.28235
712.01 11277.183 0.315 0.0 11276.86748
713.15 11589.275 217.322 0.0 11371.9536
714.3 11696.367 348.828 0.0 11347.53873
715.44 11268.459 92.335 0.0 11176.12387
716.58 11664.051 277.342 0.0 11386.70901
717.72 11231.644 52.848 0.0 11178.79512
718.87 11508.735 240.855 0.0 11267.88026
720.01 11257.827 117.362 0.0 11140.46539
721.15 11078.42 -54.132 0.0 11132.55151
722.29 11599.512 345.875 0.0 11253.63666
723.43 11774.604 498.882 0.0 11275.72177
724.57 11588.195 450.388 0.0 11137.80692
725.72 11433.288 244.895 0.0 11188.39304
726.86 11970.88 678.902 0.0 11291.97815
728.0 11352.472 164.408 0.0 11188.06331
729.14 11245.564 -2.085 0.0 11247.64942
730.28 11685.656 481.422 0.0 11204.23456
731.42 11064.748 10.928 0.0 11053.81969
732.56 11789.34 722.435 0.0 11066.90485
733.7 11508.433 386.942 0.0 11121.49094
734.84 10799.524 -127.052 0.0 10926.57608
735.98 11245.116 148.955 0.0 11096.16122
737.12 11074.709 -3.038 0.0 11077.74733
738.26 11265.301 17.468 0.0 11247.83247
739.4 11459.393 228.475 0.0 11230.9176
740.53 11577.484 407.482 0.0 11170.00275
741.67 11318.077 273.488 0.0 11044.58887
742.81 10863.669 -222.505 0.0 11086.174
743.95 11218.761 241.002 0.0 10977.75912
745.09 10837.354 19.508 0.0 10817.84524
746.23 11470.445 399.515 0.0 11070.93039
747.36 11536.537 453.522 0.0 11083.0155
748.5 10987.629 60.028 0.0 10927.60065
749.64 10799.722 25.035 0.0 10774.68677
750.78 10721.813 -5.458 0.0 10727.27191
751.92 10692.405 74.548 0.0 10617.85704
753.05 10581.498 155.555 0.0 10425.94316
754.19 11263.59 635.562 0.0 10628.02832
755.33 10429.182 -151.932 0.0 10581.11343
756.46 10687.773 245.075 0.0 10442.69856
757.6 10269.366 82.082 0.0 10187.28468
758.74 10946.458 562.088 0.0 10384.36981
759.87 10450.55 244.595 0.0 10205.95496
761.01 10337.643 271.102 0.0 10066.54108
762.14 10231.234 234.608 0.0 9996.62621
763.28 10686.826 408.115 0.0 10278.71133
764.41 10114.418 249.121 0.0 9865.29648
765.55 9789.011 -123.872 0.0 9912.88259
766.69 9931.103 289.635 0.0 9641.46774
767.82 9810.694 266.641 0.0 9544.05286
768.95 9433.787 26.148 0.0 9407.63898
770.09 9862.879 737.655 0.0 9125.22412
771.22 10034.471 661.661 0.0 9372.80927
772.36 9920.563 504.168 0.0 9416.39438
773.49 9809.155 489.175 0.0 9319.9805
774.63 9301.247 196.181 0.0 9105.06564
775.76 9185.339 154.688 0.0 9030.65077
776.89 9467.932 428.195 0.0 9039.73688
778.03 9359.023 360.201 0.0 8998.82202
779.16 8878.115 8.708 0.0 8869.40717
780.29 9027.207 308.215 0.0 8718.99231
781.43 9337.8 606.221 0.0 8731.57843
782.56 8723.392 315.228 0.0 8408.16354
783.69 8262.983 11.735 0.0 8251.24869
784.82 8571.576 233.241 0.0 8338.33481
785.96 8361.168 116.748 0.0 8244.41994
787.09 8522.76 204.255 0.0 8318.50508
788.22 8320.352 394.261 0.0 7926.09021
789.35 7999.944 157.768 0.0 7842.17584
790.48 7997.036 142.275 0.0 7854.76146
791.62 8394.628 580.281 0.0 7814.34662
792.75 7456.72 5.288 0.0 7451.43223
793.88 8209.313 737.795 0.0 7471.51782
795.01 7830.404 353.801 0.0 7476.603
796.14 7822.497 404.808 0.0 7417.6886
797.27 8072.588 493.815 0.0 7578.77374
798.4 7421.181 283.321 0.0 7137.85938
799.53 7317.773 -4.672 0.0 7322.445
800.66 7421.865 316.335 0.0 7105.53015
801.79 8651.957 1276.841 0.0 7375.11572
802.92 7266.049 199.848 0.0 7066.2009
804.05 7299.141 381.855 0.0 6917.28653
805.18 6971.733 290.861 0.0 6680.87167
806.31 6929.325 215.868 0.0 6713.45729
807.44 6578.917 -64.625 0.0 6643.54292
808.57 7164.509 400.381 0.0 6764.12805
809.69 6877.602 400.888 0.0 6476.71368
810.82 6327.693 -163.605 0.0 6491.29881
811.95 7517.786 988.401 0.0 6529.38446
813.08 6539.877 103.908 0.0 6435.96957
814.21 7483.97 1064.915 0.0 6419.05518
815.33 6504.562 282.921 0.0 6221.64084
816.46 6544.654 308.928 0.0 6235.72595
817.59 7004.246 847.435 0.0 6156.81158
818.72 6372.838 504.441 0.0 5868.39673
819.84 6716.43 896.448 0.0 5819.98236
820.97 6300.522 446.454 0.0 5854.06747
822.1 6333.114 593.961 0.0 5739.15314
823.22 5447.707 -30.532 0.0 5478.23874
824.35 5587.298 92.474 0.0 5494.82388
825.48 6042.391 574.481 0.0 5467.90948
826.6 5686.982 310.488 0.0 5376.49463
827.73 5334.575 -144.506 0.0 5479.08026
828.85 5575.667 268.501 0.0 5307.16589
829.98 5923.259 610.008 0.0 5313.25104
831.11 5209.851 70.014 0.0 5139.83665
832.23 5174.443 81.521 0.0 5092.92178
833.36 5769.535 524.528 0.0 5245.00739
834.48 5320.127 259.034 0.0 5061.09256
835.6 5350.719 482.041 0.0 4868.67816
836.73 4959.312 -7.952 0.0 4967.2638
837.85 5290.403 535.054 0.0 4755.34894
838.98 4733.496 -104.439 0.0 4837.93456
840.1 5252.087 458.568 0.0 4793.51968
841.23 5136.18 371.074 0.0 4765.10532
842.35 5427.771 720.581 0.0 4707.19043
843.47 4870.864 248.588 0.0 4622.27608
844.6 4614.456 26.594 0.0 4587.86171
845.72 4696.048 155.101 0.0 4540.94685
846.84 4725.14 134.608 0.0 4590.53247
847.96 4353.232 139.114 0.0 4214.11761
849.09 4405.824 58.121 0.0 4347.70324
850.21 4798.416 232.628 0.0 4565.78838
851.33 4835.508 385.134 0.0 4450.37399
852.45 4272.601 25.141 0.0 4247.45962
853.57 4516.692 232.148 0.0 4284.54475
854.7 4379.785 67.654 0.0 4312.13039
855.82 4192.876 -0.339 0.0 4193.21552
856.94 4691.469 485.168 0.0 4206.30115
858.06 3997.061 -64.326 0.0 4061.38653
859.18 4686.153 425.181 0.0 4260.97189
860.3 4438.245 244.688 0.0 4193.55753
861.42 3878.837 -89.306 0.0 3968.14267
862.54 3788.429 -65.799 0.0 3854.22805
863.66 3925.021 50.708 0.0 3874.31343
864.78 4075.113 186.714 0.0 3888.39906
865.9 4330.205 244.221 0.0 4085.98419
867.02 5178.797 1277.228 0.0 3901.56982
868.14 4870.39 879.234 0.0 3991.15546
869.26 4426.981 575.741 0.0 3851.2406
870.38 3617.073 -90.252 0.0 3707.32597
871.5 3615.166 -94.746 0.0 3709.91135
872.62 3929.758 69.761 0.0 3859.99697
873.74 4379.85 699.268 0.0 3680.58209
874.85 3650.396 40.271 0.0 3610.12492
875.97 3927.396 286.271 0.0 3641.12491
877.09 3996.896 373.271 0.0 3623.62491
878.21 3819.396 220.771 0.0 3598.62492
879.33 3801.396 334.771 0.0 3466.62491
880.44 3787.396 254.771 0.0 3532.62492
881.56 3574.896 111.271 0.0 3463.62492
882.68 3710.396 256.271 0.0 3454.12491
883.79 4378.396 826.771 0.0 3551.62518
884.91 3284.896 -58.229 0.0 3343.12492
886.03 3925.896 456.271 0.0 3469.62491
887.14 4015.396 659.271 0.0 3356.12494
888.26 4155.896 777.271 0.0 3378.62518
889.38 4048.396 636.271 0.0 3412.12494
890.49 3274.896 -89.729 0.0 3364.62492
891.61 3737.896 307.771 0.0 3430.12491
892.72 3420.396 -13.229 0.0 3433.62492
893.84 3400.896 -99.229 0.0 3500.12492
894.95 3397.396 -87.229 0.0 3484.62492
896.07 3765.896 152.271 0.0 3613.62492
897.18 3919.896 384.271 0.0 3535.62491
898.3 3533.896 -41.229 0.0 3575.12492
899.41 4196.396 577.271 0.0 3619.12518
900.53 3855.896 335.771 0.0 3520.12491
901.64 3909.396 462.271 0.0 3447.12491
902.75 3650.396 262.771 0.0 3387.62491
903.87 3375.396 116.771 0.0 3258.62492
904.98 3856.896 403.771 0.0 3453.12491
906.09 3484.896 235.771 0.0 3249.12492
907.21 3618.396 438.771 0.0 3179.62491
908.32 3300.396 198.271 0.0 3102.12492
909.43 3940.396 650.771 0.0 3289.62494
910.54 3381.896 280.271 0.0 3101.62491
911.66 4212.396 1160.771 0.0 3051.62512
912.77 3086.396 85.771 0.0 3000.62492
913.88 3259.896 300.271 0.0 2959.62491
914.99 3095.896 69.271 0.0 3026.62492
916.1 3203.396 349.771 0.0 2853.62491
917.22 2855.396 58.771 0.0 2796.62492
918.33 3441.396 688.771 0.0 2752.62494
919.44 3023.896 270.271 0.0 2753.62491
920.55 3584.896 660.771 0.0 2924.12494
921.66 3183.396 428.771 0.0 2754.62491
922.77 3113.896 488.271 0.0 2625.62491
923.88 3371.896 623.271 0.0 2748.62494
924.99 2989.396 373.771 0.0 2615.62491
926.1 2510.896 -11.229 0.0 2522.12492
927.21 3243.396 652.771 0.0 2590.62494
928.32 2428.896 -84.729 0.0 2513.62492
929.43 2819.896 251.771 0.0 2568.12492
930.54 2633.896 111.271 0.0 2522.62492
931.65 2546.396 266.271 0.0 2280.12491
932.76 2704.896 381.771 0.0 2323.12491
933.86 2462.896 302.271 0.0 2160.62491
934.97 2202.896 113.771 0.0 2089.12492
936.08 2171.396 164.771 0.0 2006.62492
937.19 2673.396 708.271 0.0 1965.12494
938.3 2217.396 472.271 0.0 1745.12491
939.4 2362.896 674.771 0.0 1688.12494
940.51 1804.396 305.271 0.0 1499.12503
941.62 1938.896 503.771 0.0 1435.12503
942.73 2541.896 1102.771 0.0 1439.12488
943.83 1681.896 302.771 0.0 1379.12503
944.94 1719.896 338.271 0.0 1381.62503
946.05 1283.396 -35.729 0.0 1319.12504
947.15 1313.396 -25.729 0.0 1339.12504
948.26 1643.396 228.771 0.0 1414.62505
949.36 1407.396 98.271 0.0 1309.12504
950.47 1727.396 326.771 0.0 1400.62503
951.57 2374.896 844.771 0.0 1530.12494
952.68 2132.896 568.771 0.0 1564.12494
953.79 1971.396 439.271 0.0 1532.12503
954.89 1664.896 121.771 0.0 1543.12504
955.99 2090.896 391.271 0.0 1699.62491
957.1 1714.396 230.271 0.0 1484.12505
958.2 1877.396 271.271 0.0 1606.12503
959.31 2046.896 455.771 0.0 1591.12503
960.41 1757.896 130.271 0.0 1627.62505
961.52 1549.896 10.271 0.0 1539.62504
962.62 2136.896 493.771 0.0 1643.12491
963.72 1553.896 -50.729 0.0 1604.62504
964.83 1536.396 -70.729 0.0 1607.12504
965.93 2028.896 341.771 0.0 1687.12503
967.03 2260.396 714.271 0.0 1546.12494
968.13 2066.896 466.771 0.0 1600.12491
969.24 1742.396 175.771 0.0 1566.62505
970.34 1810.896 206.771 0.0 1604.12505
971.44 1877.896 265.771 0.0 1612.12503
972.54 1942.896 346.771 0.0 1596.12503
973.64 1677.396 142.271 0.0 1535.12505
974.75 2653.396 1069.771 0.0 1583.62488
975.85 5135.896 3162.271 0.0 1973.62524
976.95 1737.896 189.771 0.0 1548.12505
978.05 2017.396 525.771 0.0 1491.62506
979.15 2553.396 896.271 0.0 1657.12494
980.25 1510.396 99.771 0.0 1410.62504
981.35 1670.396 179.271 0.0 1491.12505
982.45 2413.896 891.771 0.0 1522.12494
983.55 1928.396 462.771 0.0 1465.62503
984.65 1808.896 418.271 0.0 1390.62503
985.75 2006.896 675.271 0.0 1331.62506
986.85 1746.396 372.271 0.0 1374.12503
987.95 1513.396 185.271 0.0 1328.12505
989.05 2237.896 783.271 0.0 1454.62494
990.15 1950.396 628.271 0.0 1322.12506
991.25 1562.896 443.271 0.0 1119.62503
992.34 2104.896 835.771 0.0 1269.12494
993.44 1621.896 478.271 0.0 1143.62503
994.54 1517.896 386.771 0.0 1131.12503
995.64 1884.396 731.271 0.0 1153.12506
996.74 2031.896 789.271 0.0 1242.62506
997.83 1118.896 73.771 0.0 1045.12504
998.93 1466.896 315.271 0.0 1151.62503
1000.03 2411.396 1230.771 0.0 1180.62488
1001.12 1965.896 704.771 0.0 1261.12506
1002.22 1939.396 729.271 0.0 1210.12506
1003.32 1285.896 272.271 0.0 1013.62503
1004.41 1421.896 467.271 0.0 954.62503
1005.51 1396.396 402.771 0.0 993.62503
1006.6 1101.896 188.771 0.0 913.12505
1007.7 1613.396 624.271 0.0 989.12506
1008.8 864.896 103.271 0.0 761.62498
1009.89 1481.396 577.771 0.0 903.62506
1010.99 1361.396 384.771 0.0 976.62503
1012.08 930.896 47.271 0.0 883.62498
1013.18 1414.396 394.271 0.0 1020.12503
1014.27 1209.396 202.271 0.0 1007.12505
1015.36 1362.896 334.271 0.0 1028.62503
1016.46 1409.396 402.771 0.0 1006.62503
1017.55 1123.896 148.271 0.0 975.62505
1018.65 1374.396 496.771 0.0 877.62503
1019.74 1521.896 586.771 0.0 935.12506
1020.83 1398.396 505.271 0.0 893.12503
1021.93 1164.396 280.271 0.0 884.12503
1023.02 887.896 38.271 0.0 849.62498
1024.11 842.896 63.771 0.0 779.12498
1025.2 833.396 88.271 0.0 745.12498
1026.3 1191.896 454.271 0.0 737.62503
1027.39 1372.896 597.771 0.0 775.12506
1028.48 1218.396 486.771 0.0 731.62503
1029.57 990.396 312.771 0.0 677.62497
1030.66 1205.396 451.771 0.0 753.62503
1031.75 2303.896 1483.271 0.0 820.62488
1032.84 1194.896 652.771 0.0 542.12506
1033.94 740.896 161.271 0.0 579.62498
1035.03 1369.396 773.771 0.0 595.62506
1036.12 716.396 90.271 0.0 626.12498
1037.21 678.396 66.771 0.0 611.62498
1038.3 1123.396 522.771 0.0 600.62506
1039.39 591.396 153.271 0.0 438.12498
1040.48 1024.396 455.771 0.0 568.62503
1041.57 1155.896 616.271 0.0 539.62506
1042.66 1005.896 441.771 0.0 564.12497
1043.74 1022.896 508.271 0.0 514.62497
1044.83 1041.896 543.271 0.0 498.62506
1045.92 611.396 45.771 0.0 565.62498
1047.01 1211.396 617.771 0.0 593.62506
1048.1 496.896 96.771 0.0 400.12501
1049.19 946.396 502.271 0.0 444.12497
1050.27 730.396 342.271 0.0 388.12497
1051.36 812.396 305.271 0.0 507.12497
1052.45 958.396 469.771 0.0 488.62497
1053.54 878.896 466.771 0.0 412.12497
1054.62 934.896 525.271 0.0 409.625
1055.71 865.896 467.771 0.0 398.12497
1056.8 1129.896 688.271 0.0 441.62506
1057.88 750.896 328.771 0.0 422.12497
1058.97 867.896 458.771 0.0 409.12497
1060.06 1330.896 834.771 0.0 496.12506
1061.14 746.896 367.771 0.0 379.12497
1062.23 2143.396 1608.271 0.0 535.12488
1063.31 940.396 547.271 0.0 393.125
1064.4 631.396 279.271 0.0 352.12497
1065.48 779.896 526.771 0.0 253.125
1066.57 721.896 362.771 0.0 359.12497
1067.65 848.896 543.771 0.0 305.125
1068.74 722.396 357.271 0.0 365.12497
1069.82 887.896 544.271 0.0 343.625
1070.9 2816.896 2151.771 0.0 665.125
1071.99 881.396 561.771 0.0 319.625
1073.07 862.396 491.771 0.0 370.62497
1074.15 908.396 576.771 0.0 331.625
1075.24 772.896 526.771 0.0 246.125
1076.32 927.396 625.771 0.0 301.625
1077.4 1366.896 963.771 0.0 403.12506
1078.49 542.896 218.271 0.0 324.62498
1079.57 970.896 655.271 0.0 315.625
1080.65 1273.396 866.771 0.0 406.62506
1081.73 699.396 382.771 0.0 316.62497
1082.81 446.396 238.271 0.0 208.12502
1083.89 823.396 548.771 0.0 274.625
1084.98 812.396 533.271 0.0 279.125
1086.06 497.896 267.771 0.0 230.125
1087.14 502.896 283.771 0.0 219.125
1088.22 736.896 524.771 0.0 212.125
1089.3 467.896 261.771 0.0 206.125
1090.38 1399.896 1101.771 0.0 298.125
1091.46 860.896 598.771 0.0 262.125
1092.54 619.896 405.771 0.0 214.12497
1093.62 705.396 412.771 0.0 292.62497
1094.7 420.396 186.271 0.0 234.12502
1095.78 720.396 490.771 0.0 229.62497
1096.86 863.896 545.771 0.0 318.125
1097.93 1574.896 1146.271 0.0 428.625
1099.01 1153.896 802.271 0.0 351.62506
1100.09 536.396 334.271 0.0 202.12497
