196.55 809.56 972.948 1339.379 -44.5889
197.76 1045.033 1427.472 1995.603 -67.31517
198.96 991.232 1340.45 1803.191 -75.4675
200.16 719.539 796.077 1227.164 -17.75474
201.36 1077.599 1587.379 2062.06 -107.39423
202.56 786.546 990.115 1401.163 -49.52449
203.76 707.831 849.94 1265.984 -34.15706
204.96 766.116 932.264 1411.806 -34.64723
206.16 647.989 712.367 946.298 -27.51984
207.36 931.144 1181.173 1687.519 -49.37884
208.56 819.368 1052.507 1476.29 -55.01362
209.76 554.846 637.704 982.138 -24.05632
210.96 661.07 888.539 1380.408 -46.24564
212.16 1347.43 2056.997 2537.841 -147.56724
213.36 864.076 1126.644 1600.47 -55.41452
214.56 749.762 890.479 1274.997 -36.59584
215.76 1243.831 1834.94 2402.485 -104.15189
216.96 1076.893 1568.862 2050.473 -102.15071
218.16 807.723 985.792 1447.599 -38.55917
219.35 652.921 716.838 1152.749 -14.66305
220.55 728.722 872.359 1328.661 -31.47869
221.75 655.169 810.596 1150.265 -45.75848
222.95 1071.986 1461.314 1932.768 -82.5802
224.15 866.131 1090.029 1574.459 -46.21873
225.35 708.995 782.472 1287.36 -14.55325
226.55 671.653 792.831 1188.111 -30.65618
227.75 996.986 1378.814 1879.768 -76.22012
228.94 827.846 1122.204 1555.138 -67.99153
230.14 791.874 919.113 1379.351 -27.64615
231.34 688.17 847.028 1265.702 -37.94319
232.54 608.971 780.549 1133.115 -48.66571
233.74 670.661 805.869 1171.11 -37.01904
234.93 672.194 791.951 1221.947 -27.85084
236.13 779.905 951.574 1439.095 -35.21245
237.33 766.004 930.131 1313.452 -42.81721
238.53 726.023 887.381 1239.073 -45.88031
239.72 1009.334 1373.993 1901.015 -69.19221
240.92 524.778 562.676 918.088 -10.66316
242.12 907.219 1152.807 1622.13 -52.328
243.31 604.542 755.63 1186.695 -35.05003
244.51 561.101 627.0 952.653 -20.23581
245.71 1003.585 1278.803 1722.062 -62.0897
246.9 1195.101 1688.0 2212.153 -94.03716
248.1 738.365 950.954 1448.759 -42.70516
249.3 767.692 982.33 1398.854 -51.53095
250.49 742.024 893.313 1321.511 -35.33151
251.69 800.607 1049.106 1539.214 -50.70273
252.89 754.015 916.154 1388.919 -34.29595
254.08 560.846 579.204 954.138 -4.89634
255.28 784.03 976.919 1400.072 -45.5836
256.47 585.877 577.666 955.382 2.17408
257.67 880.802 1159.099 1530.833 -74.8646
258.86 954.191 1172.898 1590.417 -52.38277
260.06 750.89 917.809 1356.442 -38.05434
261.26 1033.837 1459.546 1914.546 -93.56223
262.45 712.505 939.063 1294.389 -63.76067
263.65 513.648 565.158 907.488 -15.04665
264.84 891.803 1081.531 1469.771 -48.86892
266.04 634.515 804.154 1217.419 -41.04854
267.23 533.282 487.661 823.556 13.58186
268.42 636.306 706.584 1015.802 -22.72782
269.62 788.443 882.641 1322.401 -21.42035
270.81 748.048 959.736 1397.256 -48.38361
272.01 744.738 923.056 1333.752 -43.4186
273.2 889.975 1164.034 1567.583 -67.91236
274.4 607.493 664.852 908.767 -23.51589
275.59 813.695 1028.883 1499.385 -45.73599
276.78 728.38 892.718 1361.913 -35.02558
277.98 667.987 772.746 1191.206 -25.03442
279.17 702.713 903.201 1285.069 -52.50187
280.37 670.605 837.985 1198.621 -46.41232
281.56 510.396 528.915 926.504 -4.65774
282.75 596.83 617.508 1021.047 -5.12402
283.95 605.217 801.186 1237.537 -44.91083
285.14 650.484 863.193 1247.675 -55.32357
286.33 578.788 700.267 1012.118 -38.95418
287.52 791.009 948.548 1368.358 -37.52641
288.72 878.27 1136.95 1615.434 -54.06229
289.91 1045.794 1410.373 1957.179 -66.6742
291.1 818.536 1007.024 1453.634 -42.20433
292.29 722.275 997.623 1395.057 -69.28144
293.49 739.72 1044.239 1446.568 -75.689
294.68 574.726 729.845 997.629 -57.92664
295.87 629.474 803.102 1201.145 -43.62046
297.06 776.561 940.38 1418.817 -34.24042
298.26 422.45 420.179 733.9 0.72384
299.45 660.542 789.13 1098.195 -41.60563
300.64 621.722 822.859 1190.661 -54.68649
301.83 720.67 857.028 1294.202 -31.19085
303.02 618.156 630.384 1057.142 -2.86525
304.21 868.498 1123.525 1573.39 -56.68975
305.4 668.588 875.356 1160.092 -72.61727
306.59 712.377 920.166 1316.882 -52.377
307.79 655.104 803.053 1187.683 -38.46507
308.98 545.874 579.113 932.851 -9.39628
310.17 794.459 966.081 1430.275 -36.97219
311.36 687.417 857.597 1178.563 -53.02131
312.55 1027.187 1560.657 2066.731 -105.41346
313.74 523.76 584.359 957.404 -16.24435
314.93 851.368 1009.007 1474.29 -33.8801
316.12 721.638 787.067 1192.958 -16.11967
317.31 467.925 406.823 740.217 18.32703
318.5 527.26 574.859 920.404 -13.77498
319.69 690.49 830.799 1262.736 -32.48361
320.88 643.647 736.225 1134.55 -23.24185
322.07 540.422 607.271 993.686 -17.29974
323.26 607.554 607.342 935.817 0.06461
324.45 434.896 447.415 793.504 -3.61718
325.64 649.62 766.749 1195.274 -27.33306
326.83 750.036 996.024 1395.634 -61.55725
328.01 642.698 738.436 1110.916 -25.70307
329.2 817.104 976.053 1403.683 -37.16957
330.39 617.061 727.38 1086.817 -30.69211
331.58 557.129 542.908 969.366 3.33476
332.77 925.673 1253.081 1742.233 -66.93384
333.96 407.791 448.82 671.648 -18.41275
335.15 477.266 524.964 868.466 -13.88601
336.33 515.629 590.908 878.866 -26.14221
337.52 592.396 719.415 1040.504 -39.55878
338.71 587.732 710.45 1050.191 -36.1213
339.9 548.602 614.932 995.09 -17.4479
341.08 665.251 688.2 1067.812 -6.0454
342.27 751.167 879.475 1376.672 -25.8064
343.46 861.281 1063.729 1446.619 -52.87372
344.65 794.281 897.229 1356.119 -22.43416
345.83 1100.849 983.257 1460.668 24.63118
347.02 513.616 470.264 791.306 13.50357
348.21 831.806 1021.584 1513.302 -38.59501
349.4 485.201 462.989 862.946 5.55346
350.58 577.875 718.045 1108.789 -35.87242
351.77 597.161 575.369 941.11 5.95811
352.96 391.94 324.088 698.37 18.12847
354.14 630.297 619.926 1114.21 2.09827
355.33 515.042 536.13 920.695 -5.48367
356.51 474.378 387.098 701.82 27.73262
357.7 664.624 679.734 1173.743 -3.05868
358.89 576.052 511.721 949.225 14.7041
360.07 826.145 915.105 1399.957 -18.3477
361.26 903.299 1061.79 1572.085 -31.05868
362.44 694.182 733.483 1177.108 -8.85923
363.63 583.601 481.743 950.435 21.73237
364.81 615.984 531.437 1069.458 15.71449
366.0 486.055 276.518 729.538 46.25343
367.18 1129.21 1403.392 2092.821 -39.76939
368.37 585.069 529.85 875.253 15.98685
369.55 713.215 737.065 1246.445 -4.68226
370.74 855.982 911.572 1458.582 -10.16259
371.92 1004.901 1158.332 1668.41 -30.07993
373.11 648.287 476.078 1016.963 31.83834
374.29 540.67 421.772 908.985 24.40367
375.48 605.93 531.741 1060.623 14.02747
376.66 565.879 441.53 902.257 26.98981
377.84 875.069 953.85 1582.253 -12.53668
379.03 615.181 405.051 908.67 41.72394
380.21 506.293 332.184 747.024 41.97013
381.39 431.361 266.212 675.074 40.3924
382.58 870.047 816.548 1409.101 9.02864
383.76 1037.494 1148.784 1715.705 -19.63062
384.94 1096.954 1254.164 1936.868 -23.02756
386.13 673.321 426.593 963.237 45.97613
387.31 813.669 618.339 1185.047 34.46734
388.49 718.427 474.688 1029.093 43.96404
389.68 839.442 637.952 1263.246 32.22316
390.86 851.976 567.466 1204.521 44.66014
392.04 1032.556 982.706 1677.693 7.17277
393.22 882.976 445.466 1111.021 65.73608
394.41 860.461 473.202 1085.367 63.26047
395.59 700.342 193.463 865.952 75.37362
396.77 884.388 552.689 1295.349 44.66371
397.95 1002.615 637.576 1375.151 49.49185
399.13 1206.488 792.678 1560.643 53.88391
400.31 1006.75 447.511 1233.657 71.13673
401.5 1197.333 626.304 1514.36 64.30103
402.68 1268.861 734.712 1616.074 60.60499
403.86 1149.675 434.445 1296.108 83.00567
405.04 1372.693 807.263 1861.292 53.6446
406.22 1094.532 367.783 1341.448 74.64058
407.4 1402.174 697.013 1747.671 67.11611
408.58 1501.7 814.301 1875.791 64.7579
409.76 1625.464 947.755 2029.398 62.65549
410.94 1507.476 624.466 1721.521 80.48911
412.12 1430.901 502.9 1505.972 92.51585
413.3 1387.783 359.093 1500.994 90.08572
414.48 1319.951 371.111 1363.838 95.57914
415.66 1405.227 445.277 1491.567 91.74796
416.84 1908.55 1233.1 2392.132 58.27709
418.02 1639.137 623.378 1795.303 86.67444
419.2 1602.516 419.586 1512.357 108.2505
420.38 1619.609 583.97 1792.589 85.68779
421.56 1557.525 427.245 1581.949 97.88484
422.74 1969.433 1081.794 2295.154 73.15543
423.92 1793.044 865.995 2097.57 75.27344
425.1 1621.451 464.111 1706.838 93.12905
426.28 1661.006 405.995 1712.327 96.07134
427.46 2372.872 1356.492 2799.259 70.44662
428.63 1964.932 571.861 2000.716 97.49558
429.81 2023.304 687.964 1968.209 104.3035
430.99 2066.994 754.784 2180.705 92.02546
432.17 2247.397 1145.347 2523.941 79.94015
433.35 2042.196 827.316 2288.823 83.12514
434.52 1718.31 155.069 1442.77 121.39784
435.7 1915.733 376.383 1827.128 106.1075
436.88 2316.184 840.104 2306.7 100.64661
438.06 2321.841 552.531 2072.014 116.44158
439.23 2300.084 399.115 1956.406 122.06893
440.41 2473.947 594.126 2298.869 110.27
441.59 2597.575 828.456 2548.315 102.86422
442.77 2285.45 276.679 1951.4 119.94658
443.94 2593.187 760.657 2663.231 96.31844
445.12 2635.363 769.833 2568.167 103.73661
446.3 2941.718 1093.118 2946.475 99.74331
447.47 2963.09 666.72 2632.968 116.78947
448.65 3271.786 720.646 2715.525 127.88445
449.82 3216.286 500.146 2418.525 141.58517
451.0 3269.323 609.213 2599.83 133.63243
452.18 3267.463 476.823 2644.96 128.71138
453.35 3361.32 530.16 2753.3 127.34962
454.53 3360.065 558.865 2819.285 123.92388
455.7 3352.758 334.238 2713.311 126.87797
456.88 3904.736 945.935 3424.159 119.39198
458.05 4067.193 591.763 3040.792 141.91049
459.23 4139.494 315.784 2806.205 153.5367
460.4 4508.82 580.16 3298.8 144.50831
461.58 4751.602 719.432 3462.09 147.01686
462.75 4566.863 315.333 3204.667 147.14571
463.93 4735.655 628.696 3520.987 141.99676
465.1 4736.215 525.065 3629.945 135.63006
466.28 4513.012 218.101 3243.888 141.94357
467.45 4590.82 146.66 3291.8 141.30248
468.63 5120.659 523.249 3846.018 138.36081
469.8 5528.127 870.287 4222.273 138.95762
470.97 5551.559 405.259 3823.724 150.5442
472.15 6131.316 595.675 4138.332 156.25678
473.32 6423.512 704.601 4322.388 158.07759
474.49 6691.64 859.499 4671.896 152.97831
475.67 6338.444 507.573 4177.839 158.86781
476.84 6205.711 327.08 4088.476 156.28854
478.01 6338.397 636.347 4688.941 140.70124
479.19 6321.319 548.728 4557.862 143.986
480.36 6308.94 309.02 4472.808 144.09764
481.53 6728.767 596.897 4836.903 144.61936
482.7 7007.08 497.129 4733.938 153.65223
483.88 7228.555 275.774 4583.755 161.39302
485.05 7642.736 361.935 4823.659 163.18358
486.22 7883.996 478.405 4938.797 166.03002
487.39 7827.707 333.595 4795.508 167.95737
488.56 8035.966 485.876 5021.991 166.44395
489.74 8046.251 897.2 5619.313 151.39518
490.91 7583.381 242.651 4990.851 154.60029
492.08 7630.466 375.876 5230.491 149.43696
493.25 7514.785 278.714 5092.587 150.31704
494.42 7629.188 476.778 5228.824 150.51224
495.59 8048.021 417.26 5317.48 155.72281
496.76 8390.926 465.756 5367.155 161.692
497.93 8827.838 610.478 5616.483 164.15004
499.1 8854.254 572.753 5591.843 165.00005
500.27 9231.223 1040.792 6267.099 156.71546
501.44 9320.475 1228.534 6296.083 159.68155
502.61 8822.348 423.137 5408.076 168.49175
503.78 8833.931 629.929 5761.278 159.88001
504.95 8928.205 1123.474 6516.415 144.72124
506.12 8338.465 696.943 5888.053 147.204
507.29 8243.717 335.186 5433.538 155.11937
508.46 8214.915 32.165 5307.125 155.1244
509.63 9231.415 1258.165 6645.125 148.01019
510.8 9557.912 1179.612 6671.095 152.569
511.97 9312.643 558.552 5824.426 166.24192
513.14 9692.17 258.528 5792.702 170.4616
514.31 10152.986 785.746 6241.206 171.70396
515.48 10126.502 495.01 6045.359 173.52949
516.65 10142.978 525.087 6124.614 171.76256
517.81 9996.257 355.806 5922.374 173.18483
518.98 10014.54 695.01 6349.102 164.82805
520.15 9553.042 161.13 5858.695 164.84081
521.32 9918.146 703.605 6464.457 159.951
522.49 10494.734 1502.503 7468.221 150.73175
523.65 10437.76 1158.859 7184.404 153.99271
524.82 10183.443 638.073 6545.839 161.57327
525.99 10298.769 78.517 6017.496 172.08769
527.16 11140.082 631.25 6882.031 168.12031
528.32 11380.583 730.182 7018.969 169.35542
529.49 11801.18 411.619 6654.732 182.434
530.66 11999.989 114.367 6539.298 184.9922
531.82 12137.037 180.957 6592.071 186.48989
532.99 12169.555 320.274 6997.255 177.46464
534.16 12367.388 444.256 7148.912 177.83362
535.32 12420.862 794.401 7641.229 169.80801
536.49 12155.629 294.408 7207.866 171.56712
537.65 12880.409 1011.059 8080.564 167.89507
538.82 12486.157 321.816 7430.58 171.11754
539.99 12786.552 642.721 8076.725 163.35519
541.15 13220.5 818.39 8357.766 164.49784
542.32 13806.8 147.979 7854.74 177.23165
543.48 14901.977 811.155 8785.676 176.69803
544.65 15307.918 992.785 8917.718 180.63413
545.81 16671.723 1483.292 10133.099 175.59272
546.98 16823.607 503.106 9285.714 185.8275
548.14 17722.723 783.792 9857.099 186.68972
549.31 17792.295 402.873 9415.179 192.95197
550.47 18055.465 469.443 9763.554 189.21684
551.63 18687.258 914.806 10766.874 180.39311
552.8 18656.844 454.584 10034.545 190.00348
553.96 18639.492 459.852 10240.767 185.86851
555.13 18885.732 391.45 10690.69 179.56939
556.29 19355.807 934.084 11394.302 176.11223
557.45 19381.67 274.46 10552.64 185.90072
558.62 19757.4 523.468 11224.534 179.73847
559.78 20376.607 771.606 11627.214 180.59791
560.94 20587.434 371.982 11276.809 185.38077
562.11 21566.439 391.088 11510.37 190.43812
563.27 22203.666 157.975 11361.672 196.77158
564.43 22633.729 32.397 11656.66 194.43238
565.59 23046.92 205.838 12004.749 193.58636
566.76 23841.443 351.073 12192.839 198.36881
567.92 24331.82 571.349 12448.455 200.0527
569.08 24638.703 715.042 13216.978 191.35966
570.24 24463.574 352.024 12896.877 192.20273
571.4 25030.027 226.366 12819.042 196.96895
572.57 24757.555 367.342 13100.317 191.55156
573.73 24207.535 55.524 13072.134 185.54763
574.89 25092.08 452.697 13544.0 188.21185
576.05 25274.148 476.158 13770.987 186.52357
577.21 25118.285 157.714 13514.587 186.87436
578.37 25391.865 18.954 13640.76 186.26687
579.53 26242.076 193.644 13978.47 188.96454
580.69 26904.438 597.535 14724.34 186.21976
581.85 27222.029 351.919 14327.072 192.27059
583.01 28128.561 401.88 14435.816 197.5688
584.17 28739.691 484.83 14656.854 199.37068
585.33 29586.77 572.517 14948.496 201.82453
586.49 29699.154 377.763 14735.049 204.22657
587.65 29578.189 573.278 15187.824 198.46604
588.81 29949.902 566.521 15553.064 196.0651
589.97 29850.064 929.433 15628.847 196.74684
591.13 29378.941 421.02 15287.808 194.78264
592.29 29237.906 336.574 15254.096 193.74084
593.45 28977.707 213.595 14965.508 194.98564
594.61 28730.143 134.052 15178.927 190.07197
595.77 28438.633 196.961 15395.896 185.81349
596.93 28783.111 91.091 14998.683 192.46583
598.09 28564.254 382.753 15545.343 185.86205
599.24 28726.639 138.067 15446.458 186.75099
600.4 29315.654 291.763 15433.549 191.68077
601.56 29042.461 233.39 15322.522 190.92596
602.72 29963.008 368.616 15465.42 196.03084
603.87 30379.467 473.064 15310.146 201.56525
605.03 30483.008 232.116 15238.92 201.58118
606.19 30712.635 148.514 14826.428 208.23205
607.35 30592.406 -3.926 15131.096 202.15585
608.5 31008.998 594.457 15492.328 204.15361
609.66 31006.844 989.651 15859.107 201.87149
610.82 30575.49 146.299 15137.236 202.98391
611.97 29844.307 125.084 14915.802 200.93158
613.13 30399.215 573.754 15514.6 199.62364
614.29 29470.834 496.993 15383.016 194.63789
615.44 29484.07 717.539 15456.908 195.16799
616.6 29260.943 180.141 14843.401 198.32426
617.76 29134.102 663.0 15414.652 193.0028
618.91 29225.486 726.314 15170.268 197.30866
620.07 28337.971 641.049 15204.114 190.18607
621.22 28149.639 17.567 14577.958 193.20959
622.38 29230.807 1061.084 15637.302 193.25811
623.53 28422.527 78.366 14625.542 194.84305
624.69 28955.309 112.137 14268.832 203.74227
625.84 28736.703 217.542 14299.978 202.51583
627.0 28991.805 488.964 14831.709 198.72654
628.15 29121.475 -0.398 14734.646 197.63683
629.31 29245.316 318.175 14728.331 200.74135
630.46 29296.9 -23.532 14344.034 204.07376
631.61 28968.676 374.134 14629.264 200.59124
632.77 29758.85 228.189 14833.106 202.1967
633.92 29417.561 495.38 14691.816 203.72845
635.08 29167.078 949.577 15177.407 198.3261
636.23 29338.934 308.482 14744.809 201.09307
637.38 28684.201 -74.511 14334.446 199.58913
638.54 28646.521 654.76 15135.48 193.30365
639.69 28306.654 936.831 15459.111 188.46781
640.84 28274.908 490.402 14738.753 195.00156
641.99 28257.66 97.409 14039.882 201.97458
643.15 28755.912 816.916 14835.512 199.29953
644.3 27813.166 95.422 14179.142 196.80699
645.45 27753.918 -58.071 14110.771 196.28977
646.6 28338.67 811.436 15075.401 192.98444
647.75 28292.922 161.942 14418.031 197.32607
648.91 28738.674 -136.551 13971.661 204.66962
650.06 28573.426 225.455 14825.291 194.16637
651.21 29340.178 417.462 14565.42 204.43032
652.36 29425.43 450.969 14709.05 203.21431
653.51 28975.682 101.475 14213.68 204.60451
654.66 29170.936 273.982 14861.81 198.08949
655.81 29725.688 651.989 15048.939 201.94345
656.96 29619.939 69.495 14402.569 206.16962
658.11 29920.191 365.002 14800.199 204.74393
659.27 29324.443 531.009 14925.328 200.03332
660.42 29565.195 29.015 14459.958 204.67256
661.57 29807.947 421.022 14835.088 203.87672
662.72 28921.699 -139.971 14611.718 197.00572
663.87 29205.951 -99.965 14122.848 206.04867
665.01 29029.205 316.042 14693.978 199.70296
666.16 29584.957 41.049 14739.607 200.99868
667.31 29601.709 95.555 14982.237 198.20504
668.46 30251.461 760.562 15722.366 197.10791
669.61 29300.213 206.069 15547.996 189.63813
670.76 30373.465 4.575 15214.626 199.6633
671.91 30409.217 769.582 16378.756 189.88599
673.06 31558.469 519.589 16014.886 200.31162
674.21 29989.721 -161.405 15583.016 191.50356
675.35 31331.975 284.102 15720.146 201.1388
676.5 30927.727 167.609 15849.774 196.14713
677.65 31506.479 72.615 15783.904 200.07183
678.8 31201.23 -110.878 15727.034 197.70351
679.94 32589.982 40.629 16048.164 203.3377
681.09 33206.734 370.135 17049.793 196.86615
682.24 33951.988 363.142 17513.924 195.8444
683.39 33622.238 -1.851 17222.553 195.21192
684.53 34875.992 558.155 17196.684 206.25524
685.68 34636.742 214.662 17614.813 197.82634
686.83 34749.496 301.169 17607.443 199.05108
687.97 34057.246 298.175 17622.072 194.86996
689.12 35657.0 178.182 17514.703 204.64785
690.27 34473.75 68.189 17408.832 198.40995
691.41 34630.004 468.195 17969.961 195.19064
692.56 34259.758 358.702 17742.592 195.01421
693.7 35392.508 378.709 17681.721 202.35667
694.85 34959.762 48.215 17192.852 203.62955
695.99 34852.512 398.222 17794.98 198.05005
697.14 34755.766 184.229 17551.111 199.06587
698.28 35071.516 342.735 18251.74 193.91798
699.43 35179.77 391.242 18390.369 193.27897
700.57 34527.52 -74.251 17710.5 194.55864
701.72 35318.273 -50.745 17219.129 204.80183
702.86 34736.027 -107.738 17549.26 197.33686
704.01 35230.777 50.269 17415.389 202.59295
705.15 35348.031 433.275 18332.02 195.06819
706.29 36422.281 126.782 17723.648 206.26115
707.44 35844.035 171.288 18374.777 195.96654
708.58 36259.785 -124.205 17936.408 201.4549
709.72 36066.039 629.302 18731.037 195.76431
710.87 36486.789 -137.192 17783.168 204.37079
712.01 36038.543 0.315 17644.297 204.25224
713.15 36401.797 217.322 18427.928 198.70001
714.3 36707.047 348.828 17921.557 206.90139
715.44 36395.301 92.335 18611.186 196.0325
716.58 36566.051 277.342 18420.816 200.0097
717.72 35873.305 52.848 18398.945 195.24838
718.87 37387.555 240.855 18262.076 206.12754
720.01 35322.809 117.362 18078.205 196.01222
721.15 36160.059 -54.132 17879.836 201.93072
722.29 36316.813 345.875 18022.965 203.48902
723.43 36310.566 498.882 18553.596 198.35088
724.57 36100.316 450.388 18287.225 199.86688
725.72 35590.07 244.895 18067.354 198.31818
726.86 35553.32 678.902 18459.484 196.13766
728.0 35644.074 164.408 17772.113 201.5008
729.14 35887.324 -2.085 17477.244 205.32487
730.28 35052.078 481.422 17805.373 199.55411
731.42 35227.828 10.928 17753.004 198.49369
732.56 35745.082 722.435 18545.133 196.50587
733.7 35020.836 386.942 18597.262 190.18828
734.84 35257.086 -127.052 17331.393 202.67635
735.98 35893.34 148.955 17932.521 200.99672
737.12 35789.59 -3.038 17789.152 201.17044
738.26 35571.844 17.468 17486.281 203.53058
739.4 35354.594 228.475 17917.912 198.57115
740.53 35425.348 407.482 18162.541 197.22754
741.67 34608.098 273.488 17733.67 196.6452
742.81 35792.352 -222.505 17185.301 206.88912
743.95 34851.605 241.002 17969.93 195.22107
745.09 34603.355 19.508 17370.561 199.31844
746.23 34737.609 399.515 17605.189 199.57424
747.36 34612.359 453.522 17477.32 200.65344
748.5 34623.113 60.028 17069.949 203.19368
749.64 33417.863 25.035 17006.078 196.64769
750.78 33892.117 -5.458 16833.209 201.30795
751.92 33924.867 74.548 16909.838 201.06764
753.05 33089.121 155.555 16258.969 204.51295
754.19 34151.875 635.562 16783.098 207.56302
755.33 32479.625 -151.932 16117.228 200.5731
756.46 32660.877 245.075 16057.357 205.00394
757.6 31929.129 82.082 15697.487 203.94633
758.74 31486.383 562.088 16315.617 196.30074
759.87 31589.135 244.595 16092.247 197.78665
761.01 30735.387 271.102 15563.377 199.21355
762.14 30585.139 234.608 15825.006 194.67451
763.28 31219.391 408.115 15272.136 207.28762
764.41 30166.143 249.121 15157.766 200.66896
765.55 29766.895 -123.872 14748.896 200.97649
766.69 29102.646 289.635 15202.025 193.21524
767.82 29355.398 266.641 15014.155 197.24516
768.95 29365.152 26.148 14525.285 202.35
770.09 29005.404 737.655 15281.915 194.35674
771.22 29281.656 661.661 15275.044 195.84785
772.36 28553.408 504.168 14678.674 197.88514
773.49 28178.66 489.175 14838.804 192.96308
774.63 27786.412 196.181 14003.434 199.8242
775.76 26657.164 154.688 13969.563 191.84014
776.89 27363.416 428.195 14067.693 197.47956
778.03 27291.168 360.201 13450.823 205.72718
779.16 26562.922 8.708 13358.952 198.90433
780.29 26279.174 308.215 13035.582 204.05602
781.43 26924.426 606.221 13093.712 210.75655
782.56 25763.178 315.228 13181.842 197.78281
783.69 24875.93 11.735 12475.972 199.48429
784.82 24421.682 233.241 12821.602 192.14925
785.96 24187.934 116.748 12587.731 193.01754
787.09 23964.686 204.255 12186.361 198.29928
788.22 23901.438 394.261 12237.99 198.47783
789.35 23443.191 157.768 11739.62 201.05095
790.48 23258.443 142.275 12009.25 194.79411
791.62 22446.195 580.281 11944.38 192.41222
792.75 22363.447 5.288 11194.01 199.82765
793.88 21854.699 737.795 11788.14 191.09724
795.01 22218.451 353.801 11355.77 198.73398
796.14 22508.203 404.808 11514.898 198.94883
797.27 20641.455 493.815 11487.528 183.2651
798.4 20582.707 283.321 10909.158 191.03799
799.53 20313.461 -4.672 10310.788 196.96778
800.66 20402.713 316.335 10739.418 192.71052
801.79 20609.965 1276.841 11846.548 182.91069
802.92 19820.217 199.848 10216.178 195.88381
804.05 19329.469 381.855 10327.308 190.51535
805.18 18629.721 290.861 10017.937 188.53416
806.31 19561.473 215.868 9756.066 202.7799
807.44 18991.725 -64.625 9580.196 197.58115
808.57 19025.477 400.381 10089.826 192.22046
809.69 18961.23 400.888 9940.456 194.56166
810.82 17897.982 -163.605 9102.586 194.91922
811.95 18852.234 988.401 10112.216 195.79347
813.08 17459.486 103.908 8928.345 196.67633
814.21 18176.238 1064.915 10169.975 187.93202
815.33 17809.99 282.921 9203.104 196.48777
816.46 17052.242 308.928 9013.734 192.34562
817.59 16998.994 847.435 9490.864 186.86517
818.72 17015.246 504.441 8670.494 202.18832
819.84 16710.498 896.448 9116.124 192.39262
820.97 16029.251 446.454 8550.754 192.27814
822.1 15599.503 593.961 8538.383 188.88149
823.22 15234.256 -30.532 7767.513 195.75148
824.35 15372.508 92.474 7844.143 197.11929
825.48 15018.76 574.481 7850.272 198.52519
826.6 14719.012 310.488 7455.902 201.64714
827.73 14469.765 -144.506 7245.032 197.76976
828.85 14110.017 268.501 7361.662 195.1389
829.98 14185.269 610.008 7638.292 193.15186
831.11 13605.021 70.014 6945.921 196.84685
832.23 13761.272 81.521 6962.051 198.81829
833.36 14040.025 524.528 7592.181 191.23035
834.48 13107.277 259.034 6894.811 193.6208
835.6 13560.029 482.041 7014.94 200.18659
836.73 13301.781 -7.952 6711.07 198.09034
837.85 12946.534 535.054 6989.7 192.28756
838.98 12275.786 -104.439 6228.33 195.49467
840.1 12989.538 458.568 6766.959 198.63971
841.23 12476.79 371.074 6570.589 195.26877
842.35 12333.042 720.581 7111.219 181.71052
843.47 12334.795 248.588 6354.849 197.93139
844.6 11822.047 26.594 6149.978 192.62965
845.72 11921.299 155.101 6077.608 198.66921
846.84 12161.551 134.608 5955.738 206.60839
847.96 11763.303 139.114 5813.368 204.85847
849.09 11928.056 58.121 5820.497 205.99028
850.21 11648.308 232.628 5935.127 200.18731
851.33 11391.06 385.134 5976.757 196.82883
852.45 10834.812 25.141 5610.387 193.53975
853.57 10644.064 232.148 5832.016 185.93145
854.7 10600.316 67.654 5477.146 194.70706
855.82 10502.568 -0.339 5659.776 185.55997
856.94 10495.82 485.168 5827.405 187.38688
858.06 10196.572 -64.326 5132.035 197.46315
859.18 10062.325 425.181 5653.165 184.33767
860.3 10374.077 244.688 5345.295 198.59183
861.42 10272.329 -89.306 5013.424 203.06061
862.54 9891.081 -65.799 4962.554 198.01473
863.66 9971.834 50.708 4975.184 201.46561
864.78 9587.086 186.714 5073.814 192.35072
865.9 9643.838 244.221 5222.943 188.79576
867.02 10096.09 1277.228 6443.073 170.71478
868.14 10316.342 879.234 5701.203 195.71067
869.26 9532.595 575.741 5163.833 195.21957
870.38 9032.847 -90.252 4456.962 200.63048
871.5 9137.599 -94.746 4453.592 202.98281
872.62 9119.351 69.761 4578.222 200.72457
873.74 9065.104 699.268 5511.852 173.83252
874.85 8809.229 40.271 4430.417 199.74186
875.97 8687.229 286.271 4564.417 196.36916
877.09 9273.229 373.271 4811.917 200.51068
878.21 8201.229 220.771 4370.917 192.29346
879.33 8576.729 334.771 4641.417 191.37768
880.44 8126.229 254.771 4375.417 191.02487
881.56 7705.229 111.271 4114.417 189.69977
882.68 7799.729 256.271 4367.917 183.46567
883.79 8556.229 826.771 4988.417 185.73082
884.91 7847.729 -58.229 3702.917 210.20078
886.03 7755.229 456.271 4455.417 182.51294
887.14 7877.229 659.271 4800.417 174.29858
888.26 8139.229 777.271 4809.917 182.55901
889.38 8222.229 636.271 4577.417 192.48105
890.49 7816.229 -89.729 4014.417 192.63346
891.61 8544.729 307.771 4176.917 212.88831
892.72 7762.729 -13.229 4058.417 190.97825
893.84 8205.229 -99.229 3906.917 207.29297
894.95 7779.229 -87.229 3941.917 195.23885
896.07 8109.729 152.271 4075.417 202.8336
897.18 8111.229 384.271 4307.417 196.95823
898.3 7653.729 -41.229 3881.917 196.14254
899.41 7929.229 577.271 4446.917 189.99047
900.53 7818.729 335.771 4029.417 202.59002
901.64 7924.229 462.271 4350.417 191.9156
902.75 7710.229 262.771 4055.917 196.33988
903.87 7557.729 116.771 3876.417 197.91646
904.98 7579.229 403.771 4044.917 197.06593
906.09 7498.229 235.771 3943.917 195.85147
907.21 7074.229 438.771 3919.917 190.61132
908.32 7442.229 198.271 3488.417 220.17133
909.43 6980.729 650.771 3977.917 190.2519
910.54 6935.729 280.271 3820.917 187.973
911.66 7223.229 1160.771 4581.417 177.2314
912.77 6418.729 85.771 3214.417 202.4185
913.88 6493.229 300.271 3645.417 185.13268
914.99 5967.229 69.271 3371.417 178.60986
916.1 6443.729 349.771 3617.417 186.49383
917.22 5760.729 58.771 2918.417 199.39385
918.33 6027.229 688.771 3724.917 175.83009
919.44 6066.729 270.271 3384.417 186.13316
920.55 6429.229 660.771 3674.417 191.41128
921.66 5932.229 428.771 3272.917 193.50126
922.77 5799.729 488.271 3282.417 190.09237
923.88 5897.729 623.271 3542.917 180.65404
924.99 5718.729 373.771 3227.417 187.30278
926.1 5245.729 -11.229 2623.917 199.49401
927.21 5299.229 652.771 3484.417 164.09037
928.32 4666.229 -84.729 2456.417 186.96125
929.43 4865.229 251.771 2756.917 184.15926
930.54 4666.229 111.271 2439.417 195.64745
931.65 4738.729 266.271 2607.917 190.99635
932.76 4595.229 381.771 2750.917 177.84714
933.86 4516.729 302.271 2464.417 194.92016
934.97 4378.729 113.771 2305.417 194.60069
936.08 4091.229 164.771 2138.417 198.94442
937.19 4118.229 708.271 2768.917 165.48006
938.3 3555.729 472.271 2273.917 171.14675
939.4 3514.229 674.771 2431.417 161.64091
940.51 3072.229 305.271 1864.417 177.4663
941.62 3074.729 503.771 1984.417 173.63764
942.73 3310.229 1102.771 2513.917 156.4302
943.83 2714.229 302.771 1592.417 186.9861
944.94 2743.729 338.271 1721.417 173.91214
946.05 2351.229 -35.729 1180.417 196.27239
947.15 2514.229 -25.729 1255.417 198.25678
948.26 2784.729 228.771 1623.917 183.20368
949.36 2720.729 98.271 1469.917 191.19064
950.47 2993.229 326.771 1819.917 178.57991
951.57 3136.729 844.771 2349.917 152.27483
952.68 3031.729 568.771 1976.417 174.97004
953.79 3032.729 439.271 2026.417 163.40392
954.89 2877.229 121.771 1668.417 178.15704
955.99 3017.729 391.271 2152.917 149.09117
957.1 2954.229 230.271 1637.417 193.5804
958.2 2905.729 271.271 1806.417 171.60966
959.31 3046.229 455.771 2090.917 158.42369
960.41 2866.229 130.271 1642.917 180.87238
961.52 2792.729 10.271 1452.917 192.8719
962.62 3031.229 493.771 1946.917 174.6183
963.72 2709.229 -50.729 1492.417 178.85273
964.83 2794.229 -70.729 1396.917 195.20776
965.93 3101.229 341.771 1883.917 178.93629
967.03 3202.229 714.271 2232.917 163.82742
968.13 3022.229 466.771 1975.417 169.38757
969.24 2834.229 175.771 1604.417 186.0824
970.34 2849.229 206.771 1605.917 188.86226
971.44 2798.229 265.771 1650.417 182.89576
972.54 2802.229 346.771 1881.917 159.94953
973.64 2584.729 142.271 1643.917 162.6521
974.75 3225.229 1069.771 2472.917 153.61613
975.85 4222.229 3162.271 4867.417 62.16233
976.95 2486.229 189.771 1479.917 177.99991
978.05 2800.729 525.771 1934.917 161.44237
979.15 2994.729 896.271 2298.917 149.60714
980.25 2483.229 99.771 1282.917 201.45095
981.35 2498.729 179.271 1406.417 189.01246
982.45 3005.729 891.771 2297.417 150.39053
983.55 2607.729 462.771 1760.417 165.29614
984.65 2530.229 418.271 1628.917 174.44891
985.75 2554.229 675.271 1828.917 162.87134
986.85 2367.229 372.271 1638.417 157.56151
987.95 2199.229 185.271 1345.917 173.5205
989.05 2423.729 783.271 2071.417 127.35036
990.15 2372.229 628.271 1710.417 161.15743
991.25 2173.229 443.271 1513.917 161.58084
992.34 2374.229 835.771 1982.917 134.11185
993.44 2163.229 478.271 1473.917 169.23272
994.54 2091.229 386.771 1334.417 179.8624
995.64 2258.229 731.271 1754.417 149.24153
996.74 2228.229 789.271 1829.917 138.27552
997.83 1734.729 73.771 1008.417 177.70991
998.93 1889.229 315.271 1299.917 159.8502
1000.03 2312.229 1230.771 2285.917 102.49373
1001.12 2113.729 704.771 1735.417 136.70637
1002.22 2039.729 729.271 1828.417 119.22516
1003.32 1728.729 272.271 1190.917 158.54406
1004.41 1685.229 467.271 1408.417 129.41229
1005.51 1641.229 402.771 1217.917 151.93089
1006.6 1480.229 188.771 987.917 161.60483
1007.7 1667.729 624.271 1470.917 123.24614
1008.8 1374.729 103.271 755.917 194.81596
1009.89 1630.729 577.771 1331.917 139.62264
1010.99 1566.729 384.771 1149.417 154.57592
1012.08 1417.229 47.271 826.417 175.82822
1013.18 1576.729 394.271 1240.917 139.66387
1014.27 1615.229 202.271 1009.417 175.05613
1015.36 1648.229 334.271 1124.417 166.29315
1016.46 1692.729 402.771 1194.917 162.84355
1017.55 1347.229 148.271 862.917 167.76957
1018.65 1546.229 496.771 1208.917 147.36565
1019.74 1618.229 586.771 1441.917 120.61783
1020.83 1513.229 505.271 1239.417 137.29675
1021.93 1349.729 280.271 1081.417 133.4911
1023.02 1209.229 38.271 740.917 166.64985
1024.11 1136.229 63.771 754.417 155.28339
1025.2 1207.229 88.271 722.417 176.45125
1026.3 1250.729 454.271 1131.917 117.53313
1027.39 1319.729 597.771 1268.417 107.65121
1028.48 1230.729 486.771 1072.417 127.03213
1029.57 1153.729 312.771 901.917 142.74195
1030.66 1113.729 451.771 1035.417 113.41781
1031.75 1666.729 1483.271 2155.917 27.27412
1032.84 1130.729 652.771 1237.417 81.75177
1033.94 969.729 161.271 678.417 156.33082
1035.03 1192.229 773.771 1262.917 85.54879
1036.12 858.729 90.271 614.917 146.47182
1037.21 801.229 66.771 609.417 135.34764
1038.3 1045.729 522.771 1049.417 99.29981
1039.39 807.229 153.271 549.417 165.0802
1040.48 956.229 455.771 904.417 111.54864
1041.57 970.229 616.271 1021.917 87.25797
1042.66 906.229 441.771 862.917 110.28444
1043.74 863.729 508.271 928.417 84.60356
1044.83 914.229 543.271 974.917 85.94044
1045.92 633.729 45.771 481.917 134.80775
1047.01 903.229 617.771 1054.417 65.37527
1048.1 579.229 96.771 402.417 157.84883
1049.19 792.729 502.271 822.417 90.72688
1050.27 695.729 342.271 705.417 97.33234
1051.36 620.729 305.271 681.417 83.86597
1052.45 745.729 469.771 875.417 68.02938
1053.54 716.229 466.771 758.417 85.53468
1054.62 788.229 525.271 900.417 70.09497
1055.71 723.229 467.771 822.917 71.93055
1056.8 818.229 688.271 1055.917 35.3488
1057.88 602.229 328.771 652.417 84.49308
1058.97 685.729 458.771 804.417 65.66211
1060.06 882.229 834.771 1296.917 10.26913
1061.14 591.729 367.771 664.417 75.49688
1062.23 1326.729 1608.271 2089.917 -58.4541
1063.31 707.729 547.271 887.917 47.10416
1064.4 491.229 279.271 610.417 64.00754
1065.48 622.729 526.771 738.917 45.23226
1066.57 545.229 362.771 691.917 55.43389
1067.65 649.729 543.771 885.417 31.01409
1068.74 602.229 357.271 635.417 88.06831
1069.82 636.729 544.271 856.417 29.62025
1070.9 1601.729 2151.771 2635.417 -113.72815
1071.99 601.229 561.771 908.917 11.36651
1073.07 619.229 491.771 826.917 38.03071
1074.15 643.729 576.771 914.417 19.83095
1075.24 571.729 526.771 764.417 18.91822
1076.32 637.229 625.771 880.417 4.49973
1077.4 844.729 963.771 1324.417 -33.0079
1078.49 432.729 218.271 494.417 77.66126
1079.57 643.729 655.271 905.917 -4.60475
1080.65 758.229 866.771 1207.917 -31.81678
1081.73 518.229 382.771 651.417 50.42265
1082.81 333.729 238.271 479.917 39.5034
1083.89 532.229 548.771 799.417 -6.5996
1084.98 527.729 533.271 847.417 -1.76403
1086.06 404.229 267.771 470.917 67.17259
1087.14 417.729 283.771 487.417 65.78005
1088.22 511.729 524.771 765.417 -5.41944
1089.3 386.229 261.771 458.417 63.2906
1090.38 825.729 1101.771 1433.417 -83.2339
1091.46 561.729 598.771 838.417 -15.45682
1092.54 399.729 405.771 657.917 -2.39611
1093.62 398.729 412.771 674.917 -5.35644
1094.7 357.229 186.271 429.417 70.31103
1095.78 431.229 490.771 699.917 -28.46898
1096.86 519.729 545.771 843.917 -8.73453
1097.93 822.229 1146.271 1458.417 -103.81102
1099.01 610.729 802.271 1099.917 -64.3522
1100.09 326.229 334.271 492.917 -5.06896
