196.55 940.701 637.312 784.191 206.55705
197.76 1165.012 939.8 1026.126 260.88699
198.96 1063.648 856.3 897.256 506.26696
200.16 708.832 561.303 603.974 345.73875
201.36 1237.32 1037.285 1124.277 229.94694
202.56 926.218 695.791 767.988 319.16712
203.76 744.966 612.799 638.321 517.85779
204.96 890.713 695.308 690.155 0.0
206.16 657.139 490.81 550.358 279.32101
207.36 1049.97 819.305 936.887 196.17421
208.56 854.452 680.301 740.575 288.93263
209.76 616.016 497.306 459.691 0.0
210.96 733.498 620.302 687.879 167.50546
212.16 1636.717 1311.814 1359.72 678.20014
213.36 985.318 733.805 804.727 354.63027
214.56 886.247 636.813 689.496 473.46606
215.76 1459.966 1209.3 1180.821 0.0
216.96 1220.298 972.798 1064.633 269.50464
218.16 855.918 694.796 735.734 393.57256
219.35 696.987 483.31 591.198 198.0536
220.55 809.351 634.81 762.068 137.15545
221.75 753.749 581.816 639.279 299.20985
222.95 1219.729 923.809 1021.684 302.34518
224.15 940.763 746.315 842.525 202.1079
225.35 783.959 541.313 654.706 213.98713
226.55 733.699 558.809 583.409 710.95841
227.75 1114.729 842.309 968.184 216.42133
228.94 968.016 687.306 800.691 247.57213
230.14 846.272 694.304 759.423 233.36917
231.34 730.816 537.802 644.445 180.99111
232.54 673.68 577.802 594.314 580.65797
233.74 680.586 576.298 618.423 247.56887
234.93 769.095 566.813 598.336 641.68264
236.13 840.438 621.303 751.829 167.88618
237.33 896.189 649.817 710.228 407.82798
238.53 762.215 583.311 663.438 223.27643
239.72 1138.376 873.301 990.995 225.22303
240.92 615.364 429.306 469.532 462.53045
242.12 1052.941 720.309 913.394 172.27237
243.31 677.242 461.804 607.648 147.71842
244.51 557.664 478.801 536.285 137.1905
245.71 1080.547 823.809 883.249 431.92606
246.9 1298.664 1016.801 1099.785 339.65902
248.1 806.042 627.8 737.401 162.62777
249.3 771.752 643.297 716.328 175.88977
250.49 765.782 612.296 682.604 218.30646
251.69 924.984 666.304 760.633 274.23054
252.89 799.552 627.792 699.582 239.25475
254.08 561.016 415.806 504.691 163.36783
255.28 794.102 603.799 709.452 180.12118
256.47 567.682 424.305 454.597 473.32044
257.67 1001.143 714.316 860.423 196.31263
258.86 1026.685 748.311 868.162 232.26647
260.06 789.388 557.796 657.959 231.21572
261.26 1212.286 951.802 1046.169 276.03246
262.45 824.256 598.303 684.894 260.94219
263.65 430.446 357.292 469.227 65.35407
264.84 938.71 692.302 772.089 308.82967
266.04 601.552 487.792 581.082 121.94274
267.23 491.34 360.292 408.872 269.76071
268.42 650.62 436.803 563.263 169.078
269.62 813.424 609.305 688.582 257.47333
270.81 823.561 585.307 700.495 206.83885
272.01 787.468 634.302 679.104 341.87497
273.2 937.156 731.789 786.154 377.75661
274.4 537.116 429.797 445.698 674.93115
275.59 906.162 677.298 756.502 288.95392
276.78 847.591 552.307 662.271 268.52814
277.98 672.796 548.295 601.35 234.66282
279.17 781.122 539.306 677.546 174.92425
280.37 747.14 532.288 585.625 402.81951
281.56 535.708 412.299 493.807 151.40736
282.75 568.899 398.314 485.655 195.30891
283.95 660.098 536.293 629.386 132.99048
285.14 757.886 530.293 631.176 225.60121
286.33 651.66 436.295 477.22 526.24941
287.52 805.732 583.29 663.734 276.51772
288.72 944.7 681.787 795.676 230.85108
289.91 1109.98 885.298 930.068 501.8616
291.1 857.922 571.302 755.3 155.77349
292.29 853.954 610.304 718.858 224.45107
293.49 813.508 601.794 710.56 194.65101
294.68 597.828 465.297 531.408 200.46706
295.87 737.09 525.304 520.488 0.0
297.06 823.768 643.798 687.857 408.47093
298.26 405.31 299.293 380.596 130.39686
299.45 714.242 543.304 569.648 648.88695
300.64 739.851 483.31 594.568 230.58238
301.83 754.316 587.802 644.445 293.9721
303.02 618.109 450.311 571.583 138.36561
304.21 933.369 658.314 740.38 335.16501
305.4 762.457 540.81 616.423 293.13368
306.59 771.182 567.805 712.097 140.94813
307.79 721.074 526.802 592.459 295.88963
308.98 544.272 417.804 488.923 177.82556
310.17 908.33 614.752 693.442 373.0807
311.36 677.301 525.778 607.183 186.13521
312.55 1120.499 886.78 972.146 273.78206
313.74 470.404 364.797 404.988 262.7654
314.93 827.952 618.301 747.575 162.17563
316.12 745.15 490.803 581.039 281.86856
317.31 430.464 306.797 364.539 214.17239
318.5 581.404 348.297 455.488 217.46955
319.69 668.206 462.296 579.524 175.64905
320.88 588.38 493.807 528.561 272.12089
322.07 577.054 425.795 517.865 164.28789
323.26 594.881 402.81 477.343 257.69776
324.45 433.708 303.799 393.307 145.1369
325.64 634.19 482.795 587.495 144.59875
326.83 862.422 558.302 706.8 204.79747
328.01 678.072 486.299 559.676 261.3525
329.2 857.574 615.802 702.459 278.99904
330.39 631.768 433.798 510.857 256.90542
331.58 534.42 341.799 401.517 322.55034
332.77 985.726 762.303 842.619 278.18135
333.96 361.57 246.296 378.894 86.93508
335.15 508.224 361.8 408.836 311.30379
336.33 524.92 355.799 449.017 181.42506
337.52 606.708 455.799 509.307 282.03132
338.71 573.648 413.8 506.256 172.8904
339.9 548.23 422.787 476.951 231.5975
341.08 570.674 430.293 514.466 166.77734
342.27 754.406 568.8 617.271 382.92708
343.46 908.773 666.807 721.206 444.80185
344.65 796.773 581.807 712.206 164.85329
345.83 848.925 631.308 714.865 260.44086
347.02 453.713 301.808 430.155 118.35532
348.21 831.12 643.303 730.263 215.97972
349.4 486.982 298.301 410.85 167.64263
350.58 558.338 454.789 526.589 144.2193
351.77 486.086 387.798 409.923 444.24239
352.96 383.014 236.303 321.908 171.38035
354.14 630.89 412.299 475.242 347.287
355.33 522.242 369.804 383.648 1101.17038
356.51 365.748 265.291 286.263 479.00546
357.7 634.166 427.282 483.335 369.08581
358.89 481.038 339.294 424.335 166.67625
360.07 752.536 589.291 649.053 273.15991
361.26 772.523 618.77 740.074 126.7506
362.44 547.245 448.263 481.965 293.69971
363.63 460.453 364.256 356.109 0.0
364.81 501.676 396.749 447.0 208.80381
366.0 336.238 201.751 269.834 197.5342
367.18 1201.501 894.26 948.696 564.4068
368.37 538.721 297.772 403.537 227.81421
369.55 733.255 478.777 561.878 306.22677
370.74 832.543 556.277 634.668 352.42114
371.92 929.751 718.271 819.813 208.26927
373.11 431.383 353.765 402.878 158.04073
374.29 387.605 313.257 311.769 0.0
375.48 564.507 436.769 444.045 1755.73737
376.66 479.815 291.776 353.929 302.54339
377.84 809.721 592.272 650.037 376.43346
379.03 484.179 300.777 369.798 265.71651
380.21 328.203 226.268 300.726 136.90313
381.39 273.355 164.768 184.885 539.78305
382.58 737.285 491.777 615.154 198.99036
383.76 979.682 678.783 765.864 345.53954
384.94 1025.286 730.28 876.936 201.15494
386.13 441.959 290.765 383.457 163.11399
387.31 568.539 379.272 448.103 274.97374
388.49 407.097 332.768 367.371 214.80679
389.68 625.147 448.774 514.74 267.36858
390.86 626.223 386.775 484.32 245.47344
392.04 827.514 571.281 691.175 213.71571
393.22 498.223 310.775 374.82 292.68001
394.41 481.173 325.768 378.45 294.98566
395.59 237.329 165.775 217.175 139.20875
396.77 485.544 334.78 425.451 166.27708
397.95 606.937 322.278 429.813 264.71182
399.13 750.862 503.78 598.016 262.19577
400.31 447.397 349.763 345.624 0.0
401.5 666.599 357.271 495.653 223.53109
402.68 621.355 430.768 508.385 245.54848
403.86 461.859 304.774 365.951 256.77344
405.04 733.818 504.782 597.494 247.04016
406.22 384.235 236.27 285.784 298.83683
407.4 739.792 454.289 548.285 303.74052
408.58 724.705 535.771 600.008 294.11699
409.76 769.583 581.269 657.124 248.2552
410.94 588.223 418.275 461.82 390.27811
412.12 540.684 297.786 414.147 208.74581
413.3 486.407 282.278 364.038 249.66912
414.48 397.877 235.278 260.262 650.81281
415.66 417.394 256.783 394.574 116.56147
416.84 1063.195 711.278 848.828 255.84742
418.02 527.373 370.273 478.197 145.5652
419.2 455.619 270.778 358.748 210.11802
420.38 554.617 361.775 441.465 241.98949
421.56 519.848 344.282 371.77 638.70644
422.74 880.917 626.77 749.719 206.71035
423.92 722.875 478.276 633.48 157.59842
425.1 571.377 356.778 388.262 681.61299
426.28 493.322 299.788 362.06 310.78986
427.46 1168.428 769.788 908.915 286.5301
428.63 594.35 345.785 414.052 364.10449
429.81 655.276 367.787 484.255 246.83915
430.99 741.182 430.283 586.364 199.19102
432.17 1047.274 655.284 761.473 369.14618
433.35 737.228 457.284 597.668 199.41256
434.52 322.596 119.79 241.603 166.48919
435.7 474.714 249.785 357.922 208.00424
436.88 767.589 480.778 599.972 240.62439
438.06 577.762 370.789 475.009 198.59233
439.23 515.271 262.779 353.407 278.60045
440.41 732.9 404.792 486.922 399.49526
441.59 725.041 501.775 600.385 226.41153
442.77 557.31 214.793 307.096 371.07741
443.94 789.498 516.78 621.646 260.06221
445.12 839.198 466.784 540.393 505.93644
446.3 1076.665 645.279 758.552 380.83565
447.47 748.59 431.781 532.255 315.31481
448.65 789.817 508.779 564.712 502.46019
449.82 616.317 318.279 412.712 315.60948
451.0 653.802 320.281 440.465 277.50834
452.18 657.516 267.784 434.458 233.82869
453.35 755.393 329.28 421.291 463.10755
454.53 736.244 345.785 440.197 413.5677
455.7 656.56 218.782 321.98 424.21179
456.88 1042.124 569.287 719.596 314.57643
458.05 805.318 385.282 524.494 301.72387
459.23 607.682 219.283 361.864 272.40599
460.4 817.893 328.28 499.791 285.46916
461.58 874.23 458.287 518.451 691.34402
462.75 675.698 185.284 308.393 398.35807
463.93 871.832 405.781 458.741 880.00634
465.1 798.255 307.777 439.878 371.2899
466.28 711.642 146.791 309.908 346.28615
467.45 640.893 95.78 275.291 303.66435
468.63 914.242 296.782 488.415 322.21045
469.8 1156.576 480.783 687.509 326.90306
470.97 804.424 235.782 378.849 397.46502
472.15 1096.916 382.293 580.951 359.72438
473.32 1023.642 471.791 582.408 498.88498
474.49 1137.716 534.788 692.205 383.01453
475.67 929.99 291.79 510.248 292.13831
476.84 784.278 204.29 345.038 412.07579
478.01 1022.274 407.784 570.473 377.71005
479.19 922.326 344.794 505.625 359.09193
480.36 719.08 228.289 424.574 250.03949
481.53 902.29 339.786 545.002 274.10361
482.7 851.794 276.792 524.567 232.06579
483.88 793.448 217.295 441.009 257.53965
485.05 878.124 266.287 466.596 305.44633
486.22 977.026 328.799 542.372 303.51508
487.39 732.802 226.803 433.698 244.56788
488.56 781.926 361.785 588.632 185.209
489.74 992.674 484.293 816.966 152.81716
490.91 538.158 172.292 452.937 130.36621
492.08 661.426 286.285 523.632 158.05595
493.25 682.25 194.794 475.046 173.93507
494.42 778.842 309.795 584.654 170.64986
495.59 842.372 288.795 546.43 214.86888
496.76 1031.53 292.782 573.705 262.97238
497.93 1215.852 386.288 662.335 300.51517
499.1 1287.584 417.795 698.64 309.70423
500.27 1696.418 613.796 971.734 302.46052
501.44 1857.656 701.289 996.154 392.16842
502.61 1413.582 297.292 609.357 357.71048
503.78 1659.784 379.799 677.386 430.12081
504.95 1998.458 737.788 1086.19 361.84304
506.12 1790.36 404.8 733.466 421.57015
507.29 1614.598 242.793 573.386 414.95269
508.46 1406.234 62.793 392.017 408.063
509.63 2307.734 694.793 1085.017 413.3373
510.8 2308.324 716.291 1104.843 409.73538
511.97 1926.626 370.79 732.879 429.6833
513.14 1713.816 192.302 598.445 374.6254
514.31 2199.296 498.295 899.85 423.60312
515.48 2074.846 323.301 734.22 426.25102
516.65 1952.066 231.291 685.328 378.99414
517.81 1982.994 242.296 682.814 395.14819
518.98 2266.398 426.289 885.14 401.02553
520.15 1993.242 166.304 577.648 444.13945
521.32 2293.036 395.291 841.553 425.25384
522.49 2994.058 830.801 1388.43 387.93837
523.65 2772.904 640.297 1176.988 397.36256
524.82 2473.49 363.79 948.748 360.65825
525.99 2210.134 77.801 598.51 409.50613
527.16 2736.637 393.807 992.575 391.27523
528.32 2876.704 402.293 985.241 424.465
529.49 2558.612 302.791 831.132 426.96297
530.66 2483.639 97.31 677.358 411.40227
531.82 2629.988 173.287 719.966 449.3869
532.99 2842.948 235.795 836.509 434.00887
534.16 2903.478 255.795 930.785 392.25522
535.32 3289.632 524.799 1185.727 418.32561
536.49 3048.92 160.299 823.517 435.54618
537.65 3643.914 586.79 1290.169 434.63416
538.82 3210.176 139.296 911.749 397.5494
539.99 3585.038 390.794 1115.835 440.56019
541.15 3774.002 434.286 1229.212 420.12906
542.32 3521.3 96.801 950.915 400.94126
543.48 4082.5 475.805 1331.662 421.41316
544.65 4350.578 600.808 1536.025 400.95212
545.81 4914.418 823.796 1832.234 405.63929
546.98 4457.483 293.804 1336.133 399.45913
548.14 4599.418 476.296 1582.234 372.81664
549.31 4419.98 234.798 1313.068 388.13872
550.47 4732.86 225.3 1430.966 373.86458
551.63 5018.994 607.796 1798.314 370.52767
552.8 4500.672 271.29 1443.183 360.90179
553.96 4469.616 250.297 1466.698 346.86912
555.13 4622.648 241.8 1555.756 333.409
556.29 5057.62 594.303 1940.263 331.60835
557.45 4239.382 153.787 1521.611 298.6932
558.62 4210.618 299.8 1860.481 250.58412
559.78 4342.983 428.304 1960.633 255.47248
560.94 4516.194 228.301 1847.56 264.80576
562.11 4942.014 219.303 1826.908 293.77305
563.27 4974.906 51.8 1725.271 294.18544
564.43 4860.738 18.298 1747.082 280.10674
565.59 4789.987 148.31 1876.698 268.55517
566.76 4384.49 198.29 2027.248 228.8844
567.92 4021.169 314.31 2298.633 186.80723
569.08 3876.892 419.802 2446.524 170.57541
570.24 3510.474 217.289 2235.219 163.19618
571.4 3783.192 121.798 2220.278 174.4784
572.57 4680.881 226.81 2365.344 208.27689
573.73 5229.922 37.302 2190.3 241.18092
574.89 6027.728 213.806 2492.401 255.15375
576.05 6197.446 286.292 2661.227 248.89754
577.21 6268.25 117.294 2489.546 259.28765
578.37 6695.042 23.3 2464.901 273.25274
579.53 7858.317 130.805 2657.227 305.86778
580.69 8973.604 338.802 2923.734 334.04361
581.85 8949.102 275.799 2796.952 344.02131
583.01 9040.268 225.298 2964.857 321.76596
584.17 9390.252 250.797 3099.828 320.79164
585.33 10242.134 346.802 3171.01 350.37545
586.49 10787.266 167.295 3068.575 366.04436
587.65 11464.342 298.295 3348.154 366.11682
588.81 11198.027 315.302 3349.655 358.65059
589.97 11701.678 521.799 3577.031 365.92566
591.13 11687.58 219.789 3411.574 359.29077
592.29 12381.938 243.303 3407.329 383.64526
593.45 12393.802 104.803 3434.698 369.05065
594.61 12207.126 108.29 3294.379 379.73943
595.77 12331.33 92.8 3441.191 365.50482
596.93 12673.46 66.291 3410.473 376.98811
598.09 13514.084 217.795 3689.14 383.02989
599.24 13581.149 114.803 3618.039 384.39735
600.4 13491.266 160.795 3699.575 376.69682
601.56 13630.95 113.298 3677.292 379.28381
602.72 14221.166 231.804 3953.568 375.87989
603.87 14860.703 270.315 3971.474 394.21135
605.03 14808.666 101.304 3872.568 389.98496
606.19 14545.239 37.301 3954.365 370.37792
607.35 14395.438 14.303 3889.329 371.12359
608.5 15148.936 340.3 4245.546 379.19854
609.66 15929.605 510.805 4468.517 389.58873
610.82 15520.706 113.796 4064.524 389.97648
611.97 15380.619 82.803 4115.764 379.31976
613.13 15565.531 342.307 4445.72 370.98934
614.29 15720.876 237.301 4377.995 373.93669
615.44 16299.998 341.302 4630.879 372.03423
616.6 16230.924 63.305 4329.583 378.96311
617.76 16558.164 329.801 4634.285 377.01064
618.91 16308.229 361.809 4662.684 370.77153
620.07 16470.68 341.302 4653.314 374.05691
621.22 16684.65 0.303 4391.039 379.98979
622.38 17872.619 580.303 5017.764 389.68947
623.53 17095.691 33.298 4593.778 374.1359
624.69 17081.529 66.805 4666.938 369.87463
625.84 17099.393 73.302 4848.524 356.55074
627.0 17702.775 252.287 5003.255 367.30385
628.15 17877.09 21.804 4789.488 374.50644
629.31 18226.916 215.293 5094.451 369.15431
630.46 18069.117 -33.2 4837.48 371.65891
631.61 18010.635 221.304 5155.292 360.54669
632.77 18034.992 198.793 5068.031 366.3037
633.92 18725.768 282.798 5326.357 365.67368
635.08 19874.885 503.29 5601.893 379.93928
636.23 19383.193 159.301 5251.561 377.51201
637.38 18984.482 -23.699 5196.35 364.13797
638.54 19474.871 324.295 5716.93 355.12467
639.69 19876.699 502.309 5919.909 357.61947
640.84 20440.768 225.299 5724.777 367.58882
641.99 20555.012 43.799 5535.551 373.49124
643.15 20986.256 457.299 6031.325 368.29677
644.3 20400.0 57.299 5648.098 363.86035
645.45 20073.244 -54.201 5666.372 351.84317
646.6 21080.988 498.299 6356.146 351.36957
647.75 21644.732 122.3 6053.919 362.84242
648.91 21703.977 -43.2 5896.693 366.12068
650.06 21897.221 95.3 6104.967 362.78085
651.21 21676.465 258.8 6486.74 343.89645
652.36 22179.709 291.8 6522.514 351.29054
653.51 22424.953 97.8 6303.788 359.76792
654.66 23226.697 106.801 6517.062 360.67013
655.81 24087.941 338.301 6872.835 363.44808
656.96 23604.686 29.301 6660.109 355.54317
658.11 23823.93 201.301 7031.883 345.83626
659.27 23967.674 224.801 7047.656 347.99029
660.42 24130.416 23.801 7002.93 345.41009
661.57 25422.16 203.302 7231.204 358.83908
662.72 25878.904 -70.698 7041.478 364.86166
663.87 26092.648 -42.198 7165.751 362.58368
665.01 26558.393 153.802 7552.525 356.88039
666.16 26655.637 3.802 7302.798 365.14384
667.31 27096.881 69.302 7748.572 351.95506
668.46 27857.125 364.803 8218.846 350.04038
669.61 27544.869 85.803 8133.12 341.22015
670.76 27699.613 -15.197 8192.894 337.65234
671.91 27926.857 383.803 8852.167 325.24647
673.06 27717.602 292.803 8704.44 326.03402
674.21 28267.346 -86.197 8625.214 325.47591
675.35 28910.59 143.804 8696.988 336.32837
676.5 29349.834 107.304 8960.262 330.31367
677.65 28470.578 5.804 8980.535 317.16576
678.8 27839.322 -81.696 9047.809 305.83279
679.94 27901.566 20.804 9334.583 299.34963
681.09 29188.309 183.304 9974.856 296.22479
682.24 30289.553 202.305 10238.13 299.79845
683.39 31067.797 5.305 10168.904 305.62491
684.53 31686.041 205.305 10680.178 300.53574
685.68 31240.785 103.305 10857.451 289.53931
686.83 29854.029 149.805 11004.225 273.66019
687.97 29738.773 114.306 11071.999 270.35313
689.12 30511.518 72.806 11315.272 270.74763
690.27 32734.262 14.306 11274.046 290.59246
691.41 35537.504 252.306 11700.319 308.22115
692.56 36992.75 174.306 11797.094 316.77808
693.7 37564.992 173.806 11924.867 318.19413
694.85 36768.238 -17.193 11851.141 309.94604
695.99 36657.48 194.307 12337.414 300.27877
697.14 37431.227 89.807 12533.688 300.07855
698.28 39174.969 205.807 12608.962 314.1875
699.43 40869.715 115.807 12545.235 327.8824
700.57 41933.457 -75.193 12643.009 330.30338
701.72 42159.703 -61.692 12816.283 327.8574
702.86 42146.445 -99.192 12984.057 322.89868
704.01 41993.691 -16.692 13435.83 312.2863
705.15 43108.434 196.308 13878.604 313.6325
706.29 44031.18 30.308 13804.878 319.43554
707.44 46022.422 66.808 14121.151 326.98514
708.58 46002.168 -71.691 14087.425 325.40067
709.72 47014.41 315.809 14831.699 321.70676
710.87 45735.652 -109.191 14264.973 318.9392
712.01 45602.398 -56.691 14516.246 313.31426
713.15 46759.641 79.809 15163.02 309.48207
714.3 48077.387 208.309 15113.294 321.16154
715.44 49800.629 18.31 15359.567 324.49959
716.58 50756.875 111.81 15553.341 327.97956
717.72 50813.117 5.31 15678.114 324.17815
718.87 49999.363 68.31 15879.389 315.79789
720.01 49579.105 57.31 16093.662 308.80961
721.15 49017.852 -70.19 15793.436 309.43773
722.29 50887.094 172.811 16468.209 311.21843
723.43 52568.34 225.811 16748.482 316.79216
724.57 52991.582 187.311 16671.756 320.32787
725.72 53398.328 95.811 16993.531 315.44206
726.86 53433.57 355.311 17002.805 318.83634
728.0 52663.316 33.811 17141.578 307.63516
729.14 52699.559 -38.688 17211.852 305.7194
730.28 53924.805 244.812 17751.625 306.62344
731.42 54548.547 -48.688 17619.398 309.01612
732.56 56344.289 351.312 18129.172 314.95904
733.7 56984.035 203.812 18323.945 313.35434
734.84 55595.277 -91.688 18077.221 306.49593
735.98 56305.023 62.813 18537.494 304.42858
737.12 55300.766 -52.187 18588.768 296.94269
738.26 55307.512 22.813 18737.541 295.40744
739.4 57700.754 113.313 19299.814 300.14561
740.53 58115.0 146.813 19140.088 305.20375
741.67 59238.742 118.813 19408.361 306.48686
742.81 59253.988 -95.186 19243.137 306.89928
743.95 59223.73 158.814 19426.41 306.55052
745.09 58142.977 -2.686 19422.184 299.33618
746.23 57840.219 163.314 19837.457 293.16095
747.36 58495.965 212.314 20136.23 292.5311
748.5 58858.207 -6.686 19742.504 298.06232
749.64 60792.453 5.315 20219.277 300.71856
750.78 61256.695 -16.185 20203.551 303.03502
751.92 60819.438 17.315 20237.826 300.69528
753.05 60815.684 49.315 20320.6 299.76575
754.19 59674.926 323.315 20479.373 294.46041
755.33 58640.672 -118.685 20275.146 288.12319
756.46 59479.414 125.316 20781.42 287.34411
757.6 59644.66 8.816 20320.193 293.60807
758.74 61018.902 285.816 20974.467 293.5575
759.87 61430.148 83.816 20582.24 299.27341
761.01 61791.891 68.316 20903.016 296.25373
762.14 61116.637 68.817 20837.789 293.9376
763.28 59683.879 231.317 20895.563 287.70739
764.41 59422.125 96.317 20980.836 284.06595
765.55 59275.367 -118.183 20814.109 283.74126
766.69 59577.113 118.817 20793.883 287.58456
767.82 60539.855 118.317 20800.656 292.14074
768.95 60737.102 -1.182 20581.932 295.08792
770.09 61370.344 444.318 20882.705 298.09605
771.22 61947.086 352.318 21385.479 292.84599
772.36 60091.832 220.318 20991.252 288.24662
773.49 59219.574 302.818 21116.025 283.07389
774.63 58415.32 56.818 20900.799 279.97772
775.76 58860.563 36.319 21013.572 280.41919
776.89 59195.809 210.819 20756.846 287.08708
778.03 60027.551 138.819 20719.121 291.00025
779.16 60936.297 -42.681 20723.895 293.64003
780.29 60308.039 129.819 20908.668 289.61287
781.43 59147.285 297.819 20588.441 290.03283
782.56 58201.027 137.32 20687.715 282.54302
783.69 56375.273 -0.68 20196.488 279.12801
784.82 56605.516 60.32 20393.262 278.09648
785.96 57413.762 78.32 20505.535 280.68164
787.09 57628.004 99.82 20453.311 282.6453
788.22 58432.75 112.32 20499.584 286.06306
789.35 58874.992 -24.179 20483.357 287.20744
790.48 58050.238 49.821 20368.131 285.45887
791.62 57195.48 237.321 20444.404 281.87224
792.75 55575.723 -33.179 19987.178 277.76179
793.88 55128.469 345.821 20153.451 276.57346
795.01 55433.711 120.321 20121.727 276.54752
796.14 55892.457 221.822 20278.0 277.5735
797.27 55831.699 229.322 19759.773 284.69581
798.4 56923.945 100.322 20093.047 284.2215
799.53 56049.688 -69.678 19343.32 289.08139
800.66 55342.934 107.822 19516.594 284.5884
801.79 56149.176 716.822 20288.367 283.22932
802.92 54591.922 70.823 19606.141 279.0899
804.05 52839.164 174.823 19523.416 272.18693
805.18 52487.41 125.823 19437.189 271.14387
806.31 53040.652 67.823 19198.963 276.89322
807.44 53835.398 -58.177 19203.736 279.79347
808.57 55676.641 159.323 19985.01 280.02721
809.69 56089.387 180.324 19799.283 284.97466
810.82 55880.629 -126.176 19596.557 283.97081
811.95 54992.371 498.324 19998.83 279.4494
813.08 52674.617 34.824 19121.605 275.79188
814.21 52792.359 518.324 19863.379 270.21911
815.33 51432.105 118.824 19114.652 270.12922
816.46 50723.348 161.825 18712.926 272.55268
817.59 51284.094 417.825 18868.199 275.69234
818.72 51843.336 234.825 18819.973 277.68685
819.84 51463.082 436.825 18696.246 279.45167
820.97 51457.324 259.825 18356.02 282.9186
822.1 51758.57 310.325 18748.795 279.02666
823.22 49573.313 -29.174 18138.068 273.03255
824.35 48243.059 26.326 18345.342 263.20591
825.48 47417.801 251.326 18140.115 263.66499
826.6 46642.547 136.326 17963.889 260.86696
827.73 46462.289 -83.674 17596.662 263.26402
828.85 47385.035 89.826 17820.936 266.73576
829.98 48109.777 303.827 18008.211 270.02323
831.11 48190.023 -22.173 17508.484 275.01648
832.23 48869.266 17.827 17873.258 273.59429
833.36 48195.008 261.327 17914.031 271.53733
834.48 46481.254 130.327 17510.805 266.68385
835.6 45646.496 192.827 17511.578 262.45351
836.73 43200.742 -37.172 17082.852 252.55756
837.85 43001.984 218.328 17306.625 250.36817
838.98 42830.23 -94.672 16900.4 252.57264
840.1 43934.973 194.328 17479.674 253.05045
841.23 44854.719 119.828 17148.447 262.70416
842.35 46755.461 350.329 17855.221 265.09808
843.47 47077.707 100.829 17375.994 271.93302
844.6 46930.949 -38.171 17120.268 273.73773
845.72 47441.195 4.829 16961.041 279.75804
846.84 46871.938 22.329 17055.314 275.05224
847.96 46595.684 16.829 17166.59 271.60061
849.09 45768.926 -3.67 17074.363 268.02029
850.21 45616.172 68.83 17183.637 266.12828
851.33 45448.914 196.33 16716.41 273.92472
852.45 45921.656 -56.17 16874.184 271.57038
853.57 46602.402 122.33 17019.957 275.06864
854.7 45993.145 -3.67 16521.73 278.34009
855.82 46255.391 18.331 16829.506 275.03764
856.94 46521.633 186.831 17127.279 273.51579
858.06 45877.379 -122.669 16716.053 273.18016
859.18 45286.121 170.331 16926.826 269.2436
860.3 45512.867 87.831 17049.1 267.81627
861.42 45271.109 -103.669 16831.873 267.92635
862.54 45072.855 -96.168 16676.146 269.30703
863.66 45519.598 -43.668 16690.42 272.27815
864.78 46519.844 71.332 17034.695 273.81664
865.9 45752.086 109.332 16724.969 274.69759
867.02 46182.332 676.832 17307.242 273.62825
868.14 45645.574 444.332 17198.016 269.79883
869.26 44889.82 226.833 16961.789 266.8844
870.38 43235.063 -115.667 16441.063 261.83148
871.5 43121.305 -77.667 16530.836 260.10154
872.62 42949.551 -52.167 16666.109 257.21382
873.74 42870.293 306.333 16925.385 256.11546
874.85 42811.168 -52.667 16573.521 257.80915
875.97 43536.168 119.333 16590.021 263.60061
877.09 43937.668 122.333 16584.021 266.1655
878.21 43221.168 63.333 16111.521 268.92654
879.33 43749.168 123.833 16197.521 271.40838
880.44 42811.668 66.333 16025.521 267.84155
881.56 42478.168 40.333 16105.521 264.16023
882.68 42123.168 92.833 16215.521 260.69063
883.79 41606.668 424.833 16592.521 254.7169
884.91 40264.168 -134.167 15862.021 252.54977
886.03 40586.668 169.833 16124.021 253.33058
887.14 41371.668 290.333 16637.521 251.3052
888.26 42115.668 330.333 16600.521 256.82146
889.38 42931.668 273.833 16755.021 258.82742
890.49 43664.168 -86.667 16621.021 261.86049
891.61 45303.668 97.333 17207.021 264.21484
892.72 45317.668 -71.167 17100.521 264.32366
893.84 45477.668 -71.667 17289.021 262.37056
894.95 45276.668 -80.667 17700.021 255.09325
896.07 45220.668 20.833 17935.021 252.31305
897.18 44668.668 147.833 18021.521 249.08589
898.3 44288.168 -53.167 17895.521 247.04499
899.41 45195.168 274.833 18195.021 250.66888
900.53 45288.668 120.333 18364.521 247.57657
901.64 45655.168 219.833 18278.521 251.5982
902.75 45839.168 53.833 18022.021 254.81331
903.87 46584.168 -10.667 17833.521 261.12051
904.98 46512.168 149.833 17740.521 263.5618
906.09 45956.168 22.833 17442.021 263.69389
907.21 45433.168 145.833 17727.021 257.58973
908.32 44219.168 28.333 17427.021 253.98946
909.43 43355.168 272.333 17324.521 252.65282
910.54 41895.668 127.833 17101.521 246.07401
911.66 41635.168 540.333 17398.021 243.77503
912.77 41346.668 -1.667 16875.521 244.9954
913.88 41361.168 150.833 16798.021 247.55132
914.99 41252.668 -48.167 16249.521 253.41531
916.1 42026.168 135.833 16502.521 255.94876
917.22 42096.168 -30.167 16246.521 258.81394
918.33 42578.668 289.833 16533.021 260.34812
919.44 41869.168 76.833 16088.021 261.01959
920.55 41918.168 358.833 16400.521 259.07083
921.66 40354.168 200.333 15967.521 254.66708
922.77 39241.668 207.333 15947.521 247.99155
923.88 38456.668 300.833 16007.021 242.93506
924.99 37566.168 142.333 15734.021 240.02428
926.1 37248.168 -86.167 15213.021 244.02822
927.21 37057.168 317.833 15502.021 241.95786
928.32 36956.668 -121.167 14935.021 246.26311
929.43 36810.168 60.833 14756.021 250.07735
930.54 36938.168 23.833 14597.021 253.3031
931.65 37098.168 82.333 14405.521 258.43295
932.76 36604.168 184.333 14277.521 258.42156
933.86 36230.168 93.333 13962.521 260.55481
934.97 34382.668 22.833 13555.521 253.90253
936.08 32247.166 4.833 12906.021 249.91756
937.19 29970.666 312.833 12296.021 247.49536
938.3 27574.666 227.833 11325.521 246.41921
939.4 25185.666 293.333 10516.521 243.48897
940.51 23224.666 69.333 9564.021 243.87673
941.62 21924.166 193.833 9042.521 245.57691
942.73 22145.166 508.833 9195.521 249.07462
943.83 21426.166 125.833 8592.521 251.57812
944.94 21005.166 151.833 8445.021 251.45137
946.05 21319.666 -150.667 8261.521 255.2289
947.15 21478.666 -68.667 8341.521 256.20515
948.26 21939.666 64.833 8432.521 261.4203
949.36 22037.166 -1.167 8590.521 256.50762
950.47 22911.666 121.333 9100.521 253.81287
951.57 23910.666 369.833 10024.021 243.84065
952.68 24008.666 229.333 10070.021 241.64301
953.79 23627.166 217.833 10104.021 236.78828
954.89 23910.166 8.833 9996.021 239.31996
955.99 24801.666 167.333 10524.521 237.84771
957.1 25419.166 40.333 10531.521 241.9062
958.2 26115.166 76.333 10740.521 244.17081
959.31 26499.666 203.333 10763.021 249.02568
960.41 26984.166 28.333 10701.521 252.55654
961.52 27646.666 -30.667 10987.521 251.19679
962.62 27621.166 175.833 11196.021 249.04598
963.72 26799.666 -80.667 10638.521 250.76839
964.83 26848.166 -124.667 10787.021 247.19214
965.93 27229.666 112.833 11027.021 248.4549
967.03 26331.666 271.333 11214.021 238.15295
968.13 25997.666 208.333 10987.521 239.25118
969.24 25978.166 8.833 11066.521 234.8532
970.34 25897.666 31.333 11033.021 235.11242
971.44 26611.666 52.333 11193.021 238.39941
972.54 26526.666 141.833 10972.521 243.61181
973.64 26718.666 5.333 10840.021 246.5538
974.75 27400.166 435.833 11194.021 250.64011
975.85 28936.166 1647.833 12404.521 253.68715
976.95 26359.666 7.333 10512.521 250.85067
978.05 26740.666 203.333 10883.521 248.47254
979.15 26862.666 433.833 10871.021 253.21796
980.25 25775.166 2.833 10386.521 248.2002
981.35 25431.166 60.333 10520.521 242.54664
982.45 25018.166 410.333 10796.521 236.92845
983.55 24440.166 186.833 10480.521 235.61366
984.65 24238.166 138.833 10459.021 233.51643
985.75 23718.666 309.833 10232.021 235.92412
986.85 23571.666 180.333 10122.021 235.28534
987.95 23526.666 14.833 9940.021 236.89057
989.05 24132.666 361.833 10201.521 241.58118
990.15 23625.666 271.833 9856.021 243.67046
991.25 23373.166 124.833 9537.521 246.98933
992.34 23029.666 347.833 9617.521 244.68822
993.44 22421.666 140.833 9195.521 246.0696
994.54 22344.166 111.833 9134.021 246.41844
995.64 22235.166 309.833 9324.521 243.2179
996.74 21890.666 351.833 9276.021 241.35344
997.83 20655.166 -49.167 8508.021 241.95255
998.93 20026.666 76.333 8520.021 236.27513
1000.03 20175.666 590.833 8878.021 236.32666
1001.12 19589.166 353.833 8577.521 233.90156
1002.22 19081.666 315.333 8394.521 232.27996
1003.32 18741.666 64.833 8046.521 233.99604
1004.41 18320.666 125.333 7921.021 233.40254
1005.51 17957.666 120.833 7732.021 234.35019
1006.6 17606.666 6.333 7254.521 242.82391
1007.7 17558.166 306.833 7382.021 243.82862
1008.8 16874.166 -47.667 6818.521 246.45165
1009.89 17378.666 235.333 7115.521 249.16955
1010.99 17245.666 114.333 7114.521 244.72676
1012.08 16997.666 -29.167 7068.021 239.90957
1013.18 17422.166 126.833 7416.521 237.25753
1014.27 18591.166 47.333 7789.021 239.53217
1015.36 18430.666 64.833 8086.521 228.95223
1016.46 18386.166 124.833 7881.021 235.44212
1017.55 17576.166 -38.167 7664.521 228.67775
1018.65 17112.166 151.833 7666.521 225.69578
1019.74 17255.666 258.833 7573.021 232.38169
1020.83 16841.166 177.833 7421.521 230.03936
1021.93 16324.167 91.833 7099.021 231.65262
1023.02 15778.667 -45.667 6536.521 240.41146
1024.11 15365.167 -60.167 6335.021 241.20221
1025.2 15387.167 -58.167 6400.521 239.14043
1026.3 15351.167 189.833 6370.521 245.30173
1027.39 14743.167 250.833 6160.521 245.23011
1028.48 14041.667 163.333 5957.521 239.52165
1029.57 13494.167 104.333 5787.521 235.60429
1030.66 12997.167 198.333 5543.021 239.46832
1031.75 13001.667 757.333 5936.021 236.437
1032.84 12047.667 241.333 5443.521 226.9494
1033.94 11381.167 -37.167 4984.021 227.40305
1035.03 11548.667 296.333 5224.521 228.326
1036.12 10895.667 -58.667 4769.521 226.88293
1037.21 10802.667 -21.667 4711.021 228.7143
1038.3 10607.667 213.833 4707.521 231.29853
1039.39 10160.167 16.833 4329.521 235.1975
1040.48 10475.167 156.833 4486.521 238.31589
1041.57 10210.167 235.333 4397.521 239.65363
1042.66 9618.667 153.833 4105.021 239.54402
1043.74 9768.667 184.833 4107.021 244.34919
1044.83 9286.167 192.833 3955.021 241.70337
1045.92 8775.167 -67.167 3648.521 237.97302
1047.01 8735.167 249.333 3927.521 230.70694
1048.1 7817.167 -79.167 3349.521 230.30193
1049.19 7834.167 144.833 3456.521 232.18777
1050.27 7307.667 105.333 3279.021 226.93896
1051.36 7023.167 41.833 3118.521 226.91071
1052.45 6983.667 197.333 3250.021 222.30685
1053.54 6898.167 131.333 3119.021 226.49067
1054.62 6683.167 203.333 3148.521 220.01429
1055.71 6508.167 181.833 2935.521 229.74042
1056.8 6613.667 261.833 3059.021 227.07928
1057.88 6203.167 105.333 2808.021 225.6211
1058.97 6239.167 165.833 2806.521 229.99061
1060.06 6244.167 360.833 2897.021 231.97549
1061.14 5812.667 99.333 2514.021 236.60757
1062.23 6402.167 781.333 3166.021 235.70524
1063.31 5530.667 185.333 2433.021 237.81479
1064.4 5207.667 66.333 2209.521 239.89191
1065.48 5093.667 148.333 2342.021 225.43472
1066.57 4815.667 79.833 2179.521 225.54944
1067.65 4657.667 210.833 2247.521 218.33656
1068.74 4371.167 58.333 2048.521 216.70488
1069.82 4357.667 209.833 2082.521 221.49095
1070.9 5383.667 1117.333 2964.521 230.96374
1071.99 4114.167 198.833 1952.521 223.26287
1073.07 4016.167 154.833 1851.021 227.64779
1074.15 4054.667 187.833 1929.521 222.01648
1075.24 3847.167 193.833 1857.021 219.65854
1076.32 3960.667 239.333 1887.521 225.78337
1077.4 4316.667 478.833 2117.021 234.27314
1078.49 3545.167 43.333 1595.021 225.67903
1079.57 3689.667 275.333 1770.521 228.35486
1080.65 3914.667 398.333 1899.021 234.31483
1081.73 3457.167 114.833 1561.521 231.03354
1082.81 3256.167 -13.167 1407.021 230.20434
1083.89 3303.667 227.833 1567.021 229.67906
1084.98 3231.667 212.833 1531.021 229.01395
1086.06 2964.167 48.333 1321.521 229.01837
1087.14 2842.667 25.333 1303.021 220.50253
1088.22 2881.167 168.833 1389.521 222.19719
1089.3 2596.667 -23.167 1215.021 211.58616
1090.38 3180.167 484.333 1691.521 223.31521
1091.46 2770.167 224.333 1441.021 209.24299
1092.54 2538.667 71.833 1228.521 213.26705
1093.62 2542.167 116.833 1268.021 210.681
1094.7 2365.167 23.333 1075.021 222.67388
1095.78 2432.167 119.333 1187.021 216.62081
1096.86 2473.667 153.833 1148.521 233.22232
1097.93 2938.167 515.333 1525.021 239.95873
1099.01 2612.167 321.833 1273.521 240.66023
1100.09 2288.667 49.333 953.521 247.66251
