196.55 861.607 637.312 784.191 152.70731
197.76 1195.888 939.8 1026.126 296.65388
198.96 1083.522 856.3 897.256 554.79318
200.16 724.214 561.303 603.974 381.78838
201.36 1218.658 1037.285 1124.277 208.49451
202.56 883.071 695.791 767.988 259.40396
203.76 750.84 612.799 638.321 540.87285
204.96 918.608 695.308 690.155 0.0
206.16 625.54 490.81 550.358 226.25581
207.36 1100.358 819.305 936.887 239.02843
208.56 849.33 680.301 740.575 280.43482
209.76 598.406 497.306 459.691 0.0
210.96 757.878 620.302 687.879 203.58278
212.16 1642.126 1311.814 1359.72 689.4912
213.36 976.704 733.805 804.727 342.48581
214.56 872.155 636.813 689.496 446.71732
215.76 1397.84 1209.3 1180.821 0.0
216.96 1227.667 972.798 1064.633 277.52868
218.16 897.782 694.796 735.734 495.83471
219.35 671.387 483.31 591.198 174.3247
220.55 799.252 634.81 762.068 129.21917
221.75 765.165 581.816 639.279 319.07584
222.95 1229.127 923.809 1021.684 311.9468
224.15 1003.174 746.315 842.525 266.9775
225.35 791.867 541.313 654.706 220.96081
226.55 727.598 558.809 583.409 686.15548
227.75 1175.627 842.309 968.184 264.80074
228.94 998.406 687.306 800.691 274.37521
230.14 857.156 694.304 759.423 250.08436
231.34 685.695 537.802 644.445 138.68112
232.54 680.56 577.802 594.314 622.32987
233.74 726.455 576.298 618.423 356.45794
234.93 703.502 566.813 598.336 433.60594
236.13 803.82 621.303 751.829 139.83219
237.33 881.607 649.817 710.228 383.68944
238.53 797.117 583.311 663.438 266.83455
239.72 1112.753 873.301 990.995 203.45241
240.92 593.252 429.306 469.532 407.5633
242.12 1038.839 720.309 913.394 164.96839
243.31 728.628 461.804 607.648 182.95211
244.51 618.041 478.801 536.285 242.22422
245.71 1097.444 823.809 883.249 460.35259
246.9 1378.541 1016.801 1099.785 435.91574
248.1 825.917 627.8 737.401 180.76148
249.3 783.119 643.297 716.328 191.4541
250.49 764.648 612.296 682.604 216.69323
251.69 886.868 666.304 760.633 233.82353
252.89 800.408 627.792 699.582 240.44664
254.08 615.906 415.806 504.691 225.12258
255.28 836.974 603.799 709.452 220.69984
256.47 531.07 424.305 454.597 352.45563
257.67 989.559 714.316 860.423 188.38401
258.86 1010.588 748.311 868.162 218.83561
260.06 763.753 557.796 657.959 205.62288
261.26 1253.166 951.802 1046.169 319.35337
262.45 785.137 598.303 684.894 215.76637
263.65 534.302 357.292 469.227 158.13695
264.84 919.589 692.302 772.089 284.86567
266.04 649.908 487.792 581.082 173.7767
267.23 458.196 360.292 408.872 201.53426
268.42 704.003 436.803 563.263 211.29127
269.62 842.81 609.305 688.582 294.54125
270.81 867.454 585.307 700.495 244.94393
272.01 799.849 634.302 679.104 369.5107
273.2 904.004 731.789 786.154 316.7762
274.4 573.984 429.797 445.698 906.79707
275.59 859.032 677.298 756.502 229.44982
276.78 809.983 552.307 662.271 234.32751
277.98 701.157 548.295 601.35 288.1192
279.17 778.012 539.306 677.546 172.67481
280.37 708.485 532.288 585.625 330.34633
281.56 506.08 412.299 493.807 115.05783
282.75 606.809 398.314 485.655 238.71319
283.95 675.956 536.293 629.386 150.02468
285.14 719.244 530.293 631.176 187.2975
286.33 604.023 436.295 477.22 409.84681
287.52 735.581 583.29 663.734 189.31319
288.72 937.043 681.787 795.676 224.12759
289.91 1080.849 885.298 930.068 436.7942
291.1 873.301 571.302 755.3 164.13185
292.29 829.839 610.304 718.858 202.23661
293.49 802.869 601.794 710.56 184.8695
294.68 630.696 465.297 531.408 250.18317
295.87 676.474 525.304 520.488 0.0
297.06 860.138 643.798 687.857 491.01859
298.26 331.667 299.293 380.596 39.81919
299.45 738.128 543.304 569.648 739.55923
300.64 762.252 483.31 594.568 250.71619
301.83 806.195 587.802 644.445 385.56272
303.02 648.011 450.311 571.583 163.02265
304.21 950.28 658.314 740.38 355.77174
305.4 726.858 540.81 616.423 246.05213
306.59 749.57 567.805 712.097 125.97021
307.79 664.455 526.802 592.459 209.65466
308.98 489.656 417.804 488.923 101.0314
310.17 969.085 614.752 693.442 450.28974
311.36 669.621 525.778 607.183 176.70122
312.55 1133.323 886.78 972.146 288.80441
313.74 552.773 364.797 404.988 467.71173
314.93 946.33 618.301 747.575 253.74725
316.12 740.031 490.803 581.039 276.19658
317.31 424.33 306.797 364.539 203.55005
318.5 508.273 348.297 455.488 149.24388
319.69 705.071 462.296 579.524 207.09624
320.88 737.271 493.807 528.561 700.53845
322.07 595.917 425.795 517.865 184.77583
323.26 605.281 402.81 477.343 271.65032
324.45 465.58 303.799 393.307 180.74523
325.64 596.052 482.795 587.495 108.17257
326.83 845.801 558.302 706.8 193.60486
328.01 670.945 486.299 559.676 251.64044
329.2 869.955 615.802 702.459 293.28644
330.39 621.638 433.798 510.857 243.75971
331.58 506.292 341.799 401.517 275.44878
332.77 1013.608 762.303 842.619 312.89791
333.96 377.436 246.296 378.894 98.90081
335.15 510.599 361.8 408.836 316.354
336.33 513.792 355.799 449.017 169.48728
337.52 675.08 455.799 509.307 409.8113
338.71 617.522 413.8 506.256 220.34469
339.9 534.072 422.787 476.951 205.45778
341.08 588.033 430.293 514.466 187.39998
342.27 706.782 568.8 617.271 284.67288
343.46 912.666 666.807 721.206 451.9567
344.65 813.666 581.807 712.206 177.80752
345.83 904.319 631.308 714.865 326.73531
347.02 470.108 301.808 430.155 131.12881
348.21 920.503 643.303 730.263 318.76581
349.4 472.859 298.301 410.85 155.09433
350.58 624.687 454.789 526.589 236.62776
351.77 532.455 387.798 409.923 653.82268
352.96 397.397 236.303 321.908 188.1822
354.14 583.263 412.299 475.242 271.61923
355.33 477.128 369.804 383.648 775.277
356.51 377.6 265.291 286.263 535.51932
357.7 582.495 427.282 483.335 276.904
358.89 480.898 339.294 424.335 166.51153
360.07 800.889 589.291 649.053 354.06879
361.26 787.324 618.77 740.074 138.95207
362.44 524.526 448.263 481.965 226.28932
363.63 441.219 364.256 356.109 0.0
364.81 488.422 396.749 447.0 182.42974
366.0 350.489 201.751 269.834 218.46724
367.18 1259.777 894.26 948.696 671.45987
368.37 549.525 297.772 403.537 238.02985
369.55 702.573 478.777 561.878 269.30575
370.74 785.361 556.277 634.668 292.23375
371.92 968.054 718.271 819.813 245.99138
373.11 468.17 353.765 402.878 232.94481
374.29 415.373 313.257 311.769 0.0
375.48 561.305 436.769 444.045 1711.7218
376.66 457.131 291.776 353.929 266.04616
377.84 834.025 592.272 650.037 418.50806
379.03 427.996 300.777 369.798 184.31784
380.21 339.497 226.268 300.726 152.07155
381.39 255.151 164.768 184.885 449.29071
382.58 751.102 491.777 615.154 210.18955
383.76 967.015 678.783 765.864 330.99235
384.94 992.611 730.28 876.936 178.87469
386.13 421.747 290.765 383.457 141.30877
387.31 538.343 379.272 448.103 231.10392
388.49 389.891 332.768 367.371 165.0835
389.68 625.958 448.774 514.74 268.59815
390.86 601.535 386.775 484.32 220.16419
392.04 882.842 571.281 691.175 259.86225
393.22 463.035 310.775 374.82 237.73773
394.41 468.468 325.768 378.45 270.86983
395.59 285.64 165.775 217.175 233.19967
396.77 523.371 334.78 425.451 207.99539
397.95 589.756 322.278 429.813 248.73473
399.13 717.688 503.78 598.016 226.992
400.31 405.68 349.763 345.624 0.0
401.5 595.401 357.271 495.653 172.08076
402.68 632.151 430.768 508.385 259.45773
403.86 452.669 304.774 365.951 241.75242
405.04 760.149 504.782 597.494 275.44086
406.22 417.535 236.27 285.784 366.09194
407.4 720.639 454.289 548.285 283.36381
408.58 766.006 535.771 600.008 358.41172
409.76 855.881 581.269 657.124 362.02333
410.94 576.035 418.275 461.82 362.2889
412.12 562.024 297.786 414.147 227.08491
413.3 450.227 282.278 364.038 205.41753
414.48 374.698 235.278 260.262 558.03776
415.66 494.726 256.783 394.574 172.6838
416.84 978.015 711.278 848.828 193.9209
418.02 584.179 370.273 478.197 198.20069
419.2 485.938 270.778 358.748 244.5839
420.38 590.929 361.775 441.465 287.55629
421.56 562.178 344.282 371.77 792.70085
422.74 926.218 626.77 749.719 243.55606
423.92 743.688 478.276 633.48 171.00906
425.1 499.198 356.778 388.262 452.35654
426.28 551.168 299.788 362.06 403.68225
427.46 1159.774 769.788 908.915 280.3094
428.63 600.687 345.785 414.052 373.38722
429.81 641.12 367.787 484.255 234.68442
430.99 687.015 430.283 586.364 164.48608
432.17 970.111 655.284 761.473 296.47923
433.35 733.563 457.284 597.668 196.80128
434.52 345.946 119.79 241.603 185.65812
435.7 485.053 249.785 357.922 217.5648
436.88 761.909 480.778 599.972 235.85967
438.06 678.11 370.789 475.009 294.87693
439.23 479.092 262.779 353.407 238.68094
440.41 705.254 404.792 486.922 365.83416
441.59 750.352 501.775 600.385 252.07946
442.77 583.667 214.793 307.096 399.63241
443.94 829.823 516.78 621.646 298.51496
445.12 827.534 466.784 540.393 490.08962
446.3 1006.486 645.279 758.552 318.88087
447.47 806.419 431.781 532.255 372.87016
448.65 807.14 508.779 564.712 533.43236
449.82 642.14 318.279 412.712 342.95546
451.0 656.63 320.281 440.465 279.86114
452.18 667.351 267.784 434.458 239.72917
453.35 734.217 329.28 421.291 440.09337
454.53 732.082 345.785 440.197 409.15869
455.7 613.89 218.782 321.98 382.86339
456.88 1045.966 569.287 719.596 317.13236
458.05 752.149 385.282 524.494 263.53097
459.23 631.515 219.283 361.864 289.1208
460.4 809.717 328.28 499.791 280.70229
461.58 863.072 458.287 518.451 672.79746
462.75 655.034 185.284 308.393 381.57238
463.93 865.159 405.781 458.741 867.40552
465.1 834.073 307.777 439.878 398.40425
466.28 688.994 146.791 309.908 332.4018
467.45 598.217 95.78 275.291 279.89111
468.63 888.072 296.782 488.415 308.55406
469.8 1122.909 480.783 687.509 310.61695
470.97 787.755 235.782 378.849 385.81359
472.15 1068.773 382.293 580.951 345.55789
473.32 1128.494 471.791 582.408 593.67365
474.49 1211.062 534.788 692.205 429.60803
475.67 927.341 291.79 510.248 290.9255
476.84 748.629 204.29 345.038 386.74752
478.01 1021.111 407.784 570.473 376.99472
479.19 903.686 344.794 505.625 347.50239
480.36 779.427 228.289 424.574 280.7841
481.53 916.13 339.786 545.002 280.8474
482.7 846.148 276.792 524.567 229.78717
483.88 802.811 217.295 441.009 261.72503
485.05 904.966 266.287 466.596 318.84654
486.22 931.397 328.799 542.372 282.15076
487.39 745.185 226.803 433.698 250.55337
488.56 728.764 361.785 588.632 161.77383
489.74 1004.533 484.293 816.966 156.3818
490.91 551.513 172.292 452.937 135.12507
492.08 716.764 286.285 523.632 181.37119
493.25 699.609 194.794 475.046 180.12932
494.42 849.205 309.795 584.654 196.24972
495.59 918.734 288.795 546.43 244.50867
496.76 983.861 292.782 573.705 246.00342
497.93 1207.197 386.288 662.335 297.37965
499.1 1276.446 417.795 698.64 305.73832
500.27 1628.782 613.796 971.734 283.56463
501.44 1812.504 701.289 996.154 376.85569
502.61 1423.437 297.292 609.357 360.86835
503.78 1610.657 379.799 677.386 413.61243
504.95 2036.802 737.788 1086.19 372.84877
506.12 1779.734 404.8 733.466 418.33709
507.29 1484.956 242.793 573.386 375.73762
508.46 1459.59 62.793 392.017 424.2697
509.63 2275.09 694.793 1085.017 404.9719
510.8 2332.677 716.291 1104.843 416.00303
511.97 1878.975 370.79 732.879 416.52334
513.14 1775.195 192.302 598.445 389.73817
514.31 2226.657 498.295 899.85 430.41702
515.48 2034.724 323.301 734.22 416.48711
516.65 1948.417 231.291 685.328 378.19056
517.81 2014.859 242.296 682.814 402.3818
518.98 2296.245 426.289 885.14 407.53013
520.15 1983.627 166.304 577.648 441.80219
521.32 2253.389 395.291 841.553 416.36949
522.49 3004.436 830.801 1388.43 389.79945
523.65 2813.272 640.297 1176.988 404.88433
524.82 2524.341 363.79 948.748 369.35128
525.99 2174.512 77.801 598.51 402.66519
527.16 2829.531 393.807 992.575 406.78935
528.32 2746.062 402.293 985.241 402.05433
529.49 2608.466 302.791 831.132 436.39882
530.66 2616.54 97.31 677.358 434.31434
531.82 2632.831 173.287 719.966 449.90696
532.99 2855.811 235.795 836.509 436.1502
534.16 3010.84 255.795 930.785 408.16095
535.32 3342.003 524.799 1185.727 426.24952
536.49 3034.292 160.299 823.517 433.34051
537.65 3616.264 586.79 1290.169 430.70308
538.82 3282.542 139.296 911.749 406.91775
539.99 3578.398 390.794 1115.835 439.64436
541.15 3822.841 434.286 1229.212 426.27288
542.32 3574.676 96.801 950.915 407.19057
543.48 4006.387 475.805 1331.662 412.52002
544.65 4286.973 600.808 1536.025 394.15107
545.81 4968.782 823.796 1832.234 411.03023
546.98 4539.368 293.804 1336.133 407.31507
548.14 4681.282 476.296 1582.234 380.21888
549.31 4517.35 234.798 1313.068 397.16889
550.47 4714.734 225.3 1430.966 372.36118
551.63 5059.359 607.796 1798.314 373.91827
552.8 4435.523 271.29 1443.183 355.34254
553.96 4513.484 250.297 1466.698 350.47551
555.13 4694.522 241.8 1555.756 338.87908
556.29 5080.002 594.303 1940.263 333.27131
557.45 4230.226 153.787 1521.611 298.02376
558.62 4267.993 299.8 1860.481 254.26043
559.78 4396.868 428.304 1960.633 258.989
560.94 4539.07 228.301 1847.56 266.21853
562.11 4954.897 219.303 1826.908 294.57445
563.27 4997.282 51.8 1725.271 295.52254
564.43 4884.109 18.298 1747.082 281.45862
565.59 4765.387 148.31 1876.698 267.13185
566.76 4345.341 198.29 2027.248 226.74387
567.92 4141.569 314.31 2298.633 192.87478
569.08 3888.772 419.802 2446.524 171.1616
570.24 3504.322 217.289 2235.219 162.89129
571.4 3896.561 121.798 2220.278 179.88084
572.57 4708.281 226.81 2365.344 209.55811
573.73 5268.801 37.302 2190.3 242.98673
574.89 5988.118 213.806 2492.401 253.41541
576.05 6201.802 286.292 2661.227 249.08095
577.21 6262.109 117.294 2489.546 259.0288
578.37 6684.917 23.3 2464.901 272.83805
579.53 7694.705 130.805 2657.227 299.39171
580.69 8881.483 338.802 2923.734 330.47987
581.85 9024.975 275.799 2796.952 347.03077
583.01 9026.638 225.298 2964.857 321.26844
584.17 9333.119 250.797 3099.828 318.7863
585.33 10205.013 346.802 3171.01 349.06106
586.49 10960.629 167.295 3068.575 372.01977
587.65 11286.205 298.295 3348.154 360.276
588.81 11210.906 315.302 3349.655 359.07503
589.97 11721.551 521.799 3577.031 366.57612
591.13 11604.428 219.789 3411.574 356.68558
592.29 12349.82 243.303 3407.329 382.63019
593.45 12552.186 104.803 3434.698 373.80707
594.61 12488.976 108.29 3294.379 388.58569
595.77 12428.705 92.8 3441.191 368.41293
596.93 12655.812 66.291 3410.473 376.46037
598.09 13392.946 217.795 3689.14 379.54024
599.24 13439.531 114.803 3618.039 380.35486
600.4 13646.629 160.795 3699.575 381.08713
601.56 13588.32 113.298 3677.292 378.08768
602.72 14386.551 231.804 3953.568 380.32361
603.87 14871.616 270.315 3971.474 394.5062
605.03 14662.051 101.304 3872.568 386.09727
606.19 14638.618 37.301 3954.365 372.76182
607.35 14429.82 14.303 3889.329 372.01089
608.5 14980.311 340.3 4245.546 374.88063
609.66 15907.993 510.805 4468.517 389.04265
610.82 15431.07 113.796 4064.524 387.70764
611.97 15399.003 82.803 4115.764 379.7756
613.13 15591.925 342.307 4445.72 371.63255
614.29 15735.253 237.301 4377.995 374.2839
615.44 16491.877 341.302 4630.879 376.50737
616.6 16490.311 63.305 4329.583 385.04304
617.76 16533.541 329.801 4634.285 376.43861
618.91 16432.127 361.809 4662.684 373.65228
620.07 16452.061 341.302 4653.314 373.62511
621.22 16785.531 0.303 4391.039 382.28737
622.38 18024.002 580.303 5017.764 393.10094
623.53 17288.061 33.298 4593.778 378.35408
624.69 17153.916 66.805 4666.938 371.44821
625.84 17030.771 73.302 4848.524 355.11372
627.0 17740.619 252.287 5003.255 368.10039
628.15 17903.475 21.804 4789.488 375.05985
629.31 18318.773 215.293 5094.451 371.03696
630.46 17891.494 -33.2 4837.48 368.01213
631.61 17988.021 221.304 5155.292 360.08837
632.77 18178.85 198.793 5068.031 369.25811
633.92 18868.139 282.798 5326.357 368.49651
635.08 19821.234 503.29 5601.893 378.88702
636.23 19190.57 159.301 5251.561 373.72934
637.38 18970.859 -23.699 5196.35 363.877
638.54 19375.234 324.295 5716.93 353.27702
639.69 19860.098 502.309 5919.909 357.31304
640.84 20239.641 225.299 5724.777 363.93162
641.99 20315.385 43.799 5535.551 369.12785
643.15 20980.629 457.299 6031.325 368.19582
644.3 20268.373 57.299 5648.098 361.506
645.45 20126.617 -54.201 5666.372 352.77617
646.6 21230.861 498.299 6356.146 353.92807
647.75 21591.607 122.3 6053.919 361.94679
648.91 21860.352 -43.2 5896.693 368.7533
650.06 21936.096 95.3 6104.967 363.42773
651.21 21832.84 258.8 6486.74 346.40731
652.36 22053.584 291.8 6522.514 349.2663
653.51 22388.328 97.8 6303.788 359.17776
654.66 23291.574 106.801 6517.062 361.68221
655.81 24069.818 338.301 6872.835 363.17073
656.96 23669.063 29.301 6660.109 356.51404
658.11 23907.307 201.301 7031.883 347.05691
659.27 23874.051 224.801 7047.656 346.61809
660.42 24332.795 23.801 7002.93 348.30986
661.57 25220.039 203.302 7231.204 355.96309
662.72 25925.285 -70.698 7041.478 365.51379
663.87 26220.029 -42.198 7165.751 364.3509
665.01 26766.773 153.802 7552.525 359.69683
666.16 26528.518 3.802 7302.798 363.40224
667.31 27146.262 69.302 7748.572 352.5981
668.46 27977.506 364.803 8218.846 351.57311
669.61 27469.752 85.803 8133.12 340.2867
670.76 27635.996 -15.197 8192.894 336.87729
671.91 28028.74 383.803 8852.167 326.44957
673.06 27881.484 292.803 8704.44 327.9823
674.21 28296.729 -86.197 8625.214 325.8132
675.35 28976.973 143.804 8696.988 337.10449
676.5 29338.719 107.304 8960.262 330.18812
677.65 28321.463 5.804 8980.535 315.50426
678.8 27690.207 -81.696 9047.809 304.19946
679.94 27944.451 20.804 9334.583 299.81007
681.09 29208.695 183.304 9974.856 296.433
682.24 30343.939 202.305 10238.13 300.34037
683.39 31274.686 5.305 10168.904 307.6605
684.53 31572.93 205.305 10680.178 299.4559
685.68 31388.174 103.305 10857.451 290.90984
686.83 29884.918 149.805 11004.225 273.94476
687.97 29802.162 114.306 11071.999 270.93162
689.12 30906.906 72.806 11315.272 274.26455
690.27 33074.152 14.306 11274.046 293.6111
691.41 35375.395 252.306 11700.319 306.8051
692.56 36996.141 174.306 11797.094 316.80726
693.7 37434.383 173.806 11924.867 317.08266
694.85 36841.629 -17.193 11851.141 310.56442
695.99 36572.875 194.307 12337.414 299.58204
697.14 37699.117 89.807 12533.688 302.23134
698.28 39463.363 205.807 12608.962 316.51267
699.43 40969.105 115.807 12545.235 328.68204
700.57 41718.352 -75.193 12643.009 328.61206
701.72 42278.098 -61.692 12816.283 328.77675
702.86 42090.34 -99.192 12984.057 322.46984
704.01 42127.586 -16.692 13435.83 313.28161
705.15 43383.828 196.308 13878.604 315.64528
706.29 44123.074 30.308 13804.878 320.10267
707.44 46192.316 66.808 14121.151 328.19398
708.58 46193.563 -71.691 14087.425 326.75241
709.72 46926.309 315.809 14831.699 321.09983
710.87 45756.051 -109.191 14264.973 319.08111
712.01 45753.797 -56.691 14516.246 314.35316
713.15 46787.539 79.809 15163.02 309.66703
714.3 47953.785 208.309 15113.294 320.33227
715.44 49991.031 18.31 15359.567 325.74071
716.58 50593.773 111.81 15553.341 326.9233
717.72 50844.52 5.31 15678.114 324.37851
718.87 49865.262 68.31 15879.389 314.94974
720.01 49693.008 57.31 16093.662 309.51988
721.15 49327.25 -70.19 15793.436 311.38809
722.29 50919.996 172.811 16468.209 311.42034
723.43 52560.742 225.811 16748.482 316.74618
724.57 52933.984 187.311 16671.756 319.97846
725.72 53243.73 95.811 16993.531 314.52716
726.86 53047.973 355.311 17002.805 316.52009
728.0 52785.219 33.811 17141.578 308.34771
729.14 52647.961 -38.688 17211.852 305.42029
730.28 53908.207 244.812 17751.625 306.52863
731.42 54791.953 -48.688 17619.398 310.39378
732.56 56067.695 351.312 18129.172 313.40321
733.7 57006.441 203.812 18323.945 313.47799
734.84 55825.684 -91.688 18077.221 307.76407
735.98 56208.93 62.813 18537.494 303.90844
737.12 55410.176 -52.187 18588.768 297.52963
738.26 55783.918 22.813 18737.541 297.95306
739.4 57408.164 113.313 19299.814 298.62063
740.53 57997.406 146.813 19140.088 304.58462
741.67 59305.152 118.813 19408.361 306.83114
742.81 59149.395 -95.186 19243.137 306.35842
743.95 59138.641 158.814 19426.41 306.1089
745.09 57972.387 -2.686 19422.184 298.45798
746.23 57948.629 163.314 19837.457 293.71198
747.36 58586.375 212.314 20136.23 292.98487
748.5 58799.117 -6.686 19742.504 297.76312
749.64 60543.863 5.315 20219.277 299.48877
750.78 61064.605 -16.185 20203.551 302.08501
751.92 60941.852 17.315 20237.826 301.30067
753.05 60645.598 49.315 20320.6 298.9267
754.19 59721.34 323.315 20479.373 294.69068
755.33 58673.086 -118.685 20275.146 288.28213
756.46 59331.328 125.316 20781.42 286.6272
757.6 59704.074 8.816 20320.193 293.90059
758.74 61309.32 285.816 20974.467 294.96126
759.87 61463.563 83.816 20582.24 299.43642
761.01 61919.809 68.316 20903.016 296.8677
762.14 60955.051 68.817 20837.789 293.15959
763.28 59901.297 231.317 20895.563 288.75954
764.41 59555.039 96.317 20980.836 284.70238
765.55 58991.785 -118.183 20814.109 282.3865
766.69 59886.531 118.817 20793.883 289.08113
767.82 60468.273 118.317 20800.656 291.79464
768.95 60546.02 -1.182 20581.932 294.15958
770.09 61396.762 444.318 20882.705 298.22531
771.22 62024.508 352.318 21385.479 293.21409
772.36 59971.754 220.318 20991.252 287.66851
773.49 59045.496 302.818 21116.025 282.23751
774.63 58425.742 56.818 20900.799 280.02772
775.76 58541.484 36.319 21013.572 278.89812
776.89 59076.73 210.819 20756.846 286.50752
778.03 59799.473 138.819 20719.121 289.89202
779.16 60813.219 -42.681 20723.895 293.04735
780.29 60519.465 129.819 20908.668 290.63037
781.43 59112.707 297.819 20588.441 289.86242
782.56 58272.453 137.32 20687.715 282.89059
783.69 56604.695 -0.68 20196.488 280.26392
784.82 56661.441 60.32 20393.262 278.37153
785.96 57753.684 78.32 20505.535 282.3457
787.09 57807.43 99.82 20453.311 283.52685
788.22 58570.176 112.32 20499.584 286.73713
789.35 59249.418 -24.179 20483.357 289.03324
790.48 58384.664 49.821 20368.131 287.1048
791.62 57348.906 237.321 20444.404 282.63151
792.75 55645.652 -33.179 19987.178 278.11109
793.88 55113.398 345.821 20153.451 276.49738
795.01 55304.141 120.321 20121.727 275.89971
796.14 55868.887 221.822 20278.0 277.45597
797.27 55888.129 229.322 19759.773 284.98474
798.4 56864.875 100.322 20093.047 283.92604
799.53 55988.117 -69.678 19343.32 288.76423
800.66 55248.363 107.822 19516.594 284.10114
801.79 56125.609 716.822 20288.367 283.10891
802.92 54662.852 70.823 19606.141 279.45298
804.05 52957.598 174.823 19523.416 272.79903
805.18 52716.34 125.823 19437.189 272.32934
806.31 52941.586 67.823 19198.963 276.37539
807.44 53775.328 -58.177 19203.736 279.48161
808.57 55568.074 159.323 19985.01 279.47961
809.69 55993.32 180.324 19799.283 284.485
810.82 55826.563 -126.176 19596.557 283.69668
811.95 55017.809 498.324 19998.83 279.57984
813.08 52840.551 34.824 19121.605 276.66124
814.21 52692.297 518.324 19863.379 269.70186
815.33 51697.543 118.824 19114.652 271.52656
816.46 50532.785 161.825 18712.926 271.52545
817.59 51563.031 417.825 18868.199 277.20417
818.72 51944.273 234.825 18819.973 278.22996
819.84 51687.52 436.825 18696.246 280.68083
820.97 51532.262 259.825 18356.02 283.3327
822.1 51615.508 310.325 18748.795 278.25077
823.22 49594.254 -29.174 18138.068 273.14782
824.35 48248.496 26.326 18345.342 263.23559
825.48 47393.242 251.326 18140.115 263.52771
826.6 46770.484 136.326 17963.889 261.5846
827.73 46661.23 -83.674 17596.662 264.38923
828.85 47322.477 89.826 17820.936 266.38294
829.98 48097.719 303.827 18008.211 269.95512
831.11 48308.465 -22.173 17508.484 275.6921
832.23 48891.207 17.827 17873.258 273.71717
833.36 48155.953 261.327 17914.031 271.31609
834.48 46656.695 130.327 17510.805 267.69327
835.6 45311.941 192.827 17511.578 260.52176
836.73 43425.188 -37.172 17082.852 253.86857
837.85 42737.43 218.328 17306.625 248.82
838.98 43037.676 -94.672 16900.4 253.79326
840.1 44035.418 194.328 17479.674 253.63155
841.23 44829.664 119.828 17148.447 262.55703
842.35 46888.906 350.329 17855.221 265.86041
843.47 47267.652 100.829 17375.994 273.03254
844.6 46922.398 -38.171 17120.268 273.68789
845.72 47340.641 4.829 16961.041 279.16501
846.84 47028.387 22.329 17055.314 275.97075
847.96 46555.629 16.829 17166.59 271.36705
849.09 45967.875 -3.67 17074.363 269.18524
850.21 45532.121 68.83 17183.637 265.63718
851.33 45310.363 196.33 16716.41 273.08604
852.45 45843.609 -56.17 16874.184 271.1094
853.57 46669.852 122.33 17019.957 275.4678
854.7 46164.598 -3.67 16521.73 279.37761
855.82 46267.34 18.331 16829.506 275.10872
856.94 46794.586 186.831 17127.279 275.12704
858.06 46013.832 -122.669 16716.053 273.99052
859.18 45277.574 170.331 16926.826 269.19259
860.3 45187.82 87.831 17049.1 265.89986
861.42 45384.063 -103.669 16831.873 268.59331
862.54 44954.309 -96.168 16676.146 268.60023
863.66 45832.051 -43.668 16690.42 274.14532
864.78 46481.297 71.332 17034.695 273.5894
865.9 45857.043 109.332 16724.969 275.32927
867.02 46157.785 676.832 17307.242 273.48065
868.14 45808.531 444.332 17198.016 270.7715
869.26 44560.773 226.833 16961.789 264.91817
870.38 43107.52 -115.667 16441.063 261.06114
871.5 43239.266 -77.667 16530.836 260.81178
872.62 42966.508 -52.167 16666.109 257.31525
873.74 43035.254 306.333 16925.385 257.10806
874.85 42731.125 -52.667 16573.521 257.32772
875.97 43605.125 119.333 16590.021 264.01928
877.09 43864.125 122.333 16584.021 265.71875
878.21 43259.125 63.333 16111.521 269.16306
879.33 43754.625 123.833 16197.521 271.44233
880.44 43181.125 66.333 16025.521 270.15656
881.56 42705.125 40.333 16105.521 265.57295
882.68 42117.625 92.833 16215.521 260.65625
883.79 41820.625 424.833 16592.521 256.04027
884.91 40425.625 -134.167 15862.021 253.55912
886.03 40818.625 169.833 16124.021 254.78447
887.14 41322.125 290.333 16637.521 251.00214
888.26 42257.625 330.333 16600.521 257.69396
889.38 42923.625 273.833 16755.021 258.77862
890.49 43593.125 -86.667 16621.021 261.43528
891.61 45082.125 97.333 17207.021 262.92
892.72 45303.625 -71.167 17100.521 264.24188
893.84 45531.125 -71.667 17289.021 262.67848
894.95 45657.125 -80.667 17700.021 257.23297
896.07 45223.125 20.833 17935.021 252.32677
897.18 44787.125 147.833 18021.521 249.74863
898.3 44284.125 -53.167 17895.521 247.02246
899.41 45399.625 274.833 18195.021 251.80981
900.53 45540.125 120.333 18364.521 248.95485
901.64 45660.125 219.833 18278.521 251.62565
902.75 45889.625 53.833 18022.021 255.09412
903.87 46520.125 -10.667 17833.521 260.76161
904.98 46631.625 149.833 17740.521 264.24089
906.09 46009.625 22.833 17442.021 264.00077
907.21 45415.625 145.833 17727.021 257.48994
908.32 44060.125 28.333 17427.021 253.07535
909.43 42834.125 272.333 17324.521 249.59724
910.54 41779.625 127.833 17101.521 245.39034
911.66 41621.125 540.333 17398.021 243.69173
912.77 41324.625 -1.667 16875.521 244.86479
913.88 41537.625 150.833 16798.021 248.6113
914.99 41467.625 -48.167 16249.521 254.73425
916.1 42086.125 135.833 16502.521 256.31509
917.22 41978.625 -30.167 16246.521 258.09178
918.33 42519.625 289.833 16533.021 259.98462
919.44 42114.625 76.833 16088.021 262.55262
920.55 41629.125 358.833 16400.521 257.26901
921.66 40221.625 200.333 15967.521 253.82645
922.77 39583.625 207.333 15947.521 250.16406
923.88 38569.125 300.833 16007.021 243.65106
924.99 37853.625 142.333 15734.021 241.86793
926.1 37131.625 -86.167 15213.021 243.26646
927.21 37116.625 317.833 15502.021 242.34943
928.32 36913.625 -121.167 14935.021 245.97723
929.43 37015.125 60.833 14756.021 251.47207
930.54 36930.625 23.833 14597.021 253.25134
931.65 36884.125 82.333 14405.521 256.93857
932.76 36801.125 184.333 14277.521 259.8191
933.86 35890.125 93.333 13962.521 258.10303
934.97 34416.625 22.833 13555.521 254.15345
936.08 32318.625 4.833 12906.021 250.47146
937.19 29955.125 312.833 12296.021 247.36567
938.3 27484.625 227.833 11325.521 245.60786
939.4 25348.125 293.333 10516.521 245.07809
940.51 22997.125 69.333 9564.021 241.48022
941.62 22143.625 193.833 9042.521 248.05704
942.73 21822.625 508.833 9195.521 245.36157
943.83 21367.125 125.833 8592.521 250.88079
944.94 21174.125 151.833 8445.021 253.48869
946.05 21420.625 -150.667 8261.521 256.42905
947.15 21617.625 -68.667 8341.521 257.85742
948.26 22006.625 64.833 8432.521 262.22051
949.36 22122.625 -1.167 8590.521 257.5023
950.47 23046.625 121.333 9100.521 255.31589
951.57 23965.125 369.833 10024.021 244.40475
952.68 23958.625 229.333 10070.021 241.1345
953.79 23677.125 217.833 10104.021 237.29362
954.89 23958.625 8.833 9996.021 239.80517
955.99 24768.125 167.333 10524.521 237.52387
957.1 25512.625 40.333 10531.521 242.79704
958.2 26004.125 76.333 10740.521 243.12956
959.31 26596.125 203.333 10763.021 249.93914
960.41 27030.125 28.333 10701.521 252.98715
961.52 27935.625 -30.667 10987.521 253.81936
962.62 27660.625 175.833 11196.021 249.40404
963.72 26985.125 -80.667 10638.521 252.49855
964.83 26897.625 -124.667 10787.021 247.6454
965.93 26951.625 112.833 11027.021 245.90738
967.03 26629.125 271.333 11214.021 240.87129
968.13 25924.625 208.333 10987.521 238.57357
969.24 25999.125 8.833 11066.521 235.04275
970.34 25984.625 31.333 11033.021 235.90283
971.44 26457.125 52.333 11193.021 237.01223
972.54 26398.125 141.833 10972.521 242.42498
973.64 26928.625 5.333 10840.021 248.49164
974.75 27547.625 435.833 11194.021 252.01078
975.85 28689.125 1647.833 12404.521 251.39052
976.95 26262.625 7.333 10512.521 249.92693
978.05 26906.125 203.333 10883.521 250.02176
979.15 26901.125 433.833 10871.021 253.58644
980.25 25721.125 2.833 10386.521 247.67976
981.35 25403.125 60.333 10520.521 242.27857
982.45 24902.125 410.333 10796.521 235.81119
983.55 24617.625 186.833 10480.521 237.33762
984.65 24312.125 138.833 10459.021 234.23307
985.75 23637.125 309.833 10232.021 235.10231
986.85 23648.125 180.333 10122.021 236.05442
987.95 23892.625 14.833 9940.021 240.57775
989.05 23994.625 361.833 10201.521 240.17828
990.15 23725.625 271.833 9856.021 244.71341
991.25 23282.625 124.833 9537.521 246.02742
992.34 23045.625 347.833 9617.521 244.86038
993.44 22444.125 140.833 9195.521 246.31764
994.54 22374.125 111.833 9134.021 246.7505
995.64 22325.125 309.833 9324.521 244.21581
996.74 21941.625 351.833 9276.021 241.92446
997.83 20522.625 -49.167 8508.021 240.40367
998.93 20012.125 76.333 8520.021 236.10292
1000.03 20156.625 590.833 8878.021 236.0969
1001.12 19558.625 353.833 8577.521 233.53018
1002.22 19097.125 315.333 8394.521 232.4713
1003.32 18476.625 64.833 8046.521 230.67542
1004.41 18447.125 125.333 7921.021 235.0247
1005.51 18186.625 120.833 7732.021 237.35838
1006.6 17468.625 6.333 7254.521 240.91942
1007.7 17511.125 306.833 7382.021 243.16375
1008.8 16947.625 -47.667 6818.521 247.52151
1009.89 17253.625 235.333 7115.521 247.35214
1010.99 17234.125 114.333 7114.521 244.5619
1012.08 17117.125 -29.167 7068.021 241.59276
1013.18 17502.125 126.833 7416.521 238.35441
1014.27 18609.125 47.333 7789.021 239.76415
1015.36 18510.625 64.833 8086.521 229.94901
1016.46 18289.625 124.833 7881.021 234.19742
1017.55 17719.125 -38.167 7664.521 230.53371
1018.65 17246.125 151.833 7666.521 227.47841
1019.74 17111.125 258.833 7573.021 230.40551
1020.83 17115.125 177.833 7421.521 233.8214
1021.93 16342.125 91.833 7099.021 231.9089
1023.02 15775.625 -45.667 6536.521 240.36525
1024.11 15433.625 -60.167 6335.021 242.27267
1025.2 15606.625 -58.167 6400.521 242.53831
1026.3 15330.625 189.833 6370.521 244.96937
1027.39 14806.625 250.833 6160.521 246.30391
1028.48 13966.125 163.333 5957.521 238.21789
1029.57 13444.125 104.333 5787.521 234.72376
1030.66 12998.625 198.333 5543.021 239.4956
1031.75 13121.625 757.333 5936.021 238.75338
1032.84 12009.625 241.333 5443.521 226.21813
1033.94 11379.625 -37.167 4984.021 227.37234
1035.03 11495.625 296.333 5224.521 227.2497
1036.12 10944.125 -58.667 4769.521 227.88658
1037.21 10727.125 -21.667 4711.021 227.11813
1038.3 10556.625 213.833 4707.521 230.16267
1039.39 10148.125 16.833 4329.521 234.91828
1040.48 10223.125 156.833 4486.521 232.49464
1041.57 10309.625 235.333 4397.521 242.04319
1042.66 9741.125 153.833 4105.021 242.64329
1043.74 9730.125 184.833 4107.021 243.36652
1044.83 9334.625 192.833 3955.021 242.99139
1045.92 8748.625 -67.167 3648.521 237.2587
1047.01 8616.125 249.333 3927.521 227.47051
1048.1 7865.125 -79.167 3349.521 231.70067
1049.19 7829.125 144.833 3456.521 232.03554
1050.27 7307.625 105.333 3279.021 226.93765
1051.36 7175.625 41.833 3118.521 231.86599
1052.45 7069.125 197.333 3250.021 225.1063
1053.54 6893.125 131.333 3119.021 226.32192
1054.62 6820.625 203.333 3148.521 224.68151
1055.71 6538.125 181.833 2935.521 230.82837
1056.8 6648.125 261.833 3059.021 228.31118
1057.88 6217.625 105.333 2808.021 226.15607
1058.97 6216.625 165.833 2806.521 229.13699
1060.06 6362.125 360.833 2897.021 236.62651
1061.14 5891.125 99.333 2514.021 239.85679
1062.23 6507.625 781.333 3166.021 240.12756
1063.31 5569.625 185.333 2433.021 239.54806
1064.4 5142.625 66.333 2209.521 236.8571
1065.48 5047.625 148.333 2342.021 223.33591
1066.57 4818.625 79.833 2179.521 225.69034
1067.65 4689.625 210.833 2247.521 219.9057
1068.74 4461.625 58.333 2048.521 221.2501
1069.82 4335.125 209.833 2082.521 220.28725
1070.9 5392.625 1117.333 2964.521 231.44872
1071.99 4209.125 198.833 1952.521 228.67766
1073.07 4019.125 154.833 1851.021 227.82219
1074.15 4108.125 187.833 1929.521 225.08582
1075.24 3940.125 193.833 1857.021 225.2477
1076.32 3976.625 239.333 1887.521 226.7516
1077.4 4173.125 478.833 2117.021 225.51093
1078.49 3537.625 43.333 1595.021 225.193
1079.57 3777.625 275.333 1770.521 234.23762
1080.65 3861.625 398.333 1899.021 230.78033
1081.73 3453.625 114.833 1561.521 230.78872
1082.81 3311.125 -13.167 1407.021 234.07413
1083.89 3391.625 227.833 1567.021 236.24709
1084.98 3248.125 212.833 1531.021 230.26251
1086.06 2889.625 48.333 1321.521 223.16364
1087.14 2792.125 25.333 1303.021 216.54681
1088.22 2943.125 168.833 1389.521 227.27287
1089.3 2686.625 -23.167 1215.021 218.85147
1090.38 3155.625 484.333 1691.521 221.28224
1091.46 2795.625 224.333 1441.021 211.33541
1092.54 2578.625 71.833 1228.521 216.72159
1093.62 2510.125 116.833 1268.021 207.89763
1094.7 2377.625 23.333 1075.021 223.85847
1095.78 2561.125 119.333 1187.021 228.69909
1096.86 2486.625 153.833 1148.521 234.52507
1097.93 2922.125 515.333 1525.021 238.36995
1099.01 2607.625 321.833 1273.521 240.183
1100.09 2235.125 49.333 953.521 241.74098
