196.55 1287.568 972.948 0.0 314.62073
197.76 1945.036 1427.472 0.0 517.56396
198.96 1739.445 1340.45 0.0 398.99487
200.16 1167.987 796.077 0.0 371.90997
201.36 2008.506 1587.379 0.0 421.12659
202.56 1312.515 990.115 0.0 322.39929
203.76 1200.4 849.94 0.0 350.46021
204.96 1379.285 932.264 0.0 447.02118
206.16 984.222 712.367 0.0 271.85553
207.36 1606.394 1181.173 0.0 425.22119
208.56 1410.186 1052.507 0.0 357.67932
209.76 885.529 637.704 0.0 247.82507
210.96 1192.822 888.539 0.0 304.28314
212.16 2415.779 2056.997 0.0 358.78223
213.36 1482.773 1126.644 0.0 356.12915
214.56 1281.704 890.479 0.0 391.22461
215.76 2321.9 1834.94 0.0 486.96008
216.96 1986.569 1568.862 0.0 417.70654
218.16 1453.268 985.792 0.0 467.47589
219.35 1061.102 716.838 0.0 344.26324
220.55 1332.692 872.359 0.0 460.3324
221.75 1127.201 810.596 0.0 316.60516
222.95 2000.496 1461.314 0.0 539.18262
224.15 1553.415 1090.029 0.0 463.38599
225.35 1205.174 782.472 0.0 422.70148
226.55 1089.072 792.831 0.0 296.2403
227.75 1804.996 1378.814 0.0 426.18262
228.94 1582.029 1122.204 0.0 459.82507
230.14 1365.138 919.113 0.0 446.02521
231.34 1134.776 847.028 0.0 287.74854
232.54 1093.367 780.549 0.0 312.81769
233.74 1090.099 805.869 0.0 284.22949
234.93 1070.583 791.951 0.0 278.63232
236.13 1287.972 951.574 0.0 336.39838
237.33 1217.351 930.131 0.0 287.2204
238.53 1240.782 887.381 0.0 353.40173
239.72 1828.126 1373.993 0.0 454.13318
240.92 911.409 562.676 0.0 348.73285
242.12 1574.466 1152.807 0.0 421.65955
243.31 1135.213 755.63 0.0 379.58289
244.51 973.156 627.0 0.0 346.15625
245.71 1716.451 1278.803 0.0 437.64795
246.9 2081.656 1688.0 0.0 393.65625
248.1 1274.96 950.954 0.0 324.00629
249.3 1375.433 982.33 0.0 393.10278
250.49 1205.858 893.313 0.0 312.5451
251.69 1484.608 1049.106 0.0 435.5022
252.89 1342.68 916.154 0.0 426.52618
254.08 884.029 579.204 0.0 304.82507
255.28 1268.31 976.919 0.0 291.39105
256.47 935.364 577.666 0.0 357.69818
257.67 1583.216 1159.099 0.0 424.1167
258.86 1622.358 1172.898 0.0 449.45923
260.06 1180.843 917.809 0.0 263.03345
261.26 1961.852 1459.546 0.0 502.30615
262.45 1308.427 939.063 0.0 369.36377
263.65 874.195 565.158 0.0 309.03766
264.84 1455.292 1081.531 0.0 373.76001
266.04 1121.68 804.154 0.0 317.52618
267.23 784.21 487.661 0.0 296.54922
268.42 1077.017 706.584 0.0 370.43292
269.62 1375.758 882.641 0.0 493.11749
270.81 1295.165 959.736 0.0 335.42889
272.01 1293.897 923.056 0.0 370.84082
273.2 1524.668 1164.034 0.0 360.63403
274.4 1008.023 664.852 0.0 343.17188
275.59 1502.159 1028.883 0.0 473.27576
276.78 1315.59 892.718 0.0 422.87122
277.98 1153.572 772.746 0.0 380.82599
279.17 1296.514 903.201 0.0 393.31354
280.37 1158.957 837.985 0.0 320.97253
281.56 867.795 528.915 0.0 338.87946
282.75 942.324 617.508 0.0 324.81683
283.95 1144.816 801.186 0.0 343.62994
285.14 1236.346 863.193 0.0 373.15289
286.33 1079.662 700.267 0.0 379.39514
287.52 1330.729 948.548 0.0 382.18018
288.72 1567.807 1136.95 0.0 430.8573
289.91 1863.114 1410.373 0.0 452.74109
291.1 1394.261 1007.024 0.0 387.23694
292.29 1339.183 997.623 0.0 341.55981
293.49 1378.542 1044.239 0.0 334.30286
294.68 952.493 729.845 0.0 222.64886
295.87 1101.093 803.102 0.0 297.99066
297.06 1383.644 940.38 0.0 443.26422
298.26 685.286 420.179 0.0 265.10684
299.45 1116.713 789.13 0.0 327.58289
300.64 1193.692 822.859 0.0 370.8324
301.83 1246.776 857.028 0.0 389.74854
303.02 1011.297 630.384 0.0 380.91321
304.21 1435.9 1123.525 0.0 312.37439
305.4 1206.177 875.356 0.0 330.82092
306.59 1361.864 920.166 0.0 441.69824
307.79 1149.382 803.053 0.0 346.32916
308.98 950.638 579.113 0.0 371.52527
310.17 1409.464 966.081 0.0 443.38293
311.36 1168.301 857.597 0.0 310.7041
312.55 1993.557 1560.657 0.0 432.90015
313.74 897.554 584.359 0.0 313.19495
314.93 1436.186 1009.007 0.0 427.17938
316.12 1128.942 787.067 0.0 341.87537
317.31 695.403 406.823 0.0 288.57968
318.5 882.554 574.859 0.0 307.69495
319.69 1218.798 830.799 0.0 387.9989
320.88 1111.62 736.225 0.0 375.39429
322.07 996.677 607.271 0.0 389.40668
323.26 1032.617 607.342 0.0 425.27484
324.45 788.795 447.415 0.0 341.37946
325.64 1227.087 766.749 0.0 460.33746
326.83 1470.761 996.024 0.0 474.73694
328.01 1179.385 738.436 0.0 440.94861
329.2 1559.382 976.053 0.0 583.32916
330.39 1266.644 727.38 0.0 539.26422
331.58 1175.264 542.908 0.0 632.35638
332.77 2044.502 1253.081 0.0 791.42151
333.96 1019.388 448.82 0.0 570.56812
335.15 1271.005 524.964 0.0 746.04089
336.33 1443.764 590.908 0.0 852.85638
337.52 1652.295 719.415 0.0 932.87946
338.71 1736.445 710.45 0.0 1025.99481
339.9 1844.732 614.932 0.0 1229.79962
341.08 2099.376 688.2 0.0 1411.17603
342.27 2456.051 879.475 0.0 1576.5755
343.46 2740.635 1063.729 0.0 1676.90576
344.65 2845.635 897.229 0.0 1948.40576
345.83 3299.755 983.257 0.0 2316.49817
347.02 2850.285 470.264 0.0 2380.02115
348.21 3908.517 1021.584 0.0 2886.93292
349.4 3692.111 462.989 0.0 3229.12167
350.58 4500.213 718.045 0.0 3782.16858
351.77 4666.599 575.369 0.0 4091.22937
352.96 4539.532 324.088 0.0 4215.44431
354.14 5317.84 619.926 0.0 4697.91418
355.33 5371.213 536.13 0.0 4835.08313
356.51 5459.439 387.098 0.0 5072.34177
357.7 6124.388 679.734 0.0 5444.65375
358.89 6101.466 511.721 0.0 5589.74518
360.07 6851.969 915.105 0.0 5936.8645
361.26 7331.991 1061.79 0.0 6270.20068
362.44 7003.181 733.483 0.0 6269.69739
363.63 7133.657 481.743 0.0 6651.9133
364.81 7383.347 531.437 0.0 6851.9101
366.0 7197.193 276.518 0.0 6920.67514
367.18 8730.789 1403.392 0.0 7327.39746
368.37 7694.247 529.85 0.0 7164.39703
369.55 8203.165 737.065 0.0 7466.09985
370.74 8563.695 911.572 0.0 7652.12311
371.92 8911.172 1158.332 0.0 7752.83948
373.11 8413.087 476.078 0.0 7937.00845
374.29 8539.777 421.772 0.0 8118.00571
375.48 9064.78 531.741 0.0 8533.03955
376.66 9196.515 441.53 0.0 8754.98474
377.84 9924.747 953.85 0.0 8970.89703
379.03 9626.605 405.051 0.0 9221.55441
380.21 9879.039 332.184 0.0 9546.8548
381.39 10240.659 266.212 0.0 9974.44669
382.58 11310.59 816.548 0.0 10494.0423
383.76 12102.099 1148.784 0.0 10953.31482
384.94 12570.087 1254.164 0.0 11315.92297
386.13 12300.147 426.593 0.0 11873.55487
387.31 12883.202 618.339 0.0 12264.86267
388.49 13319.054 474.688 0.0 12844.36591
389.68 14195.684 637.952 0.0 13557.73126
390.86 14612.244 567.466 0.0 14044.77771
392.04 15706.268 982.706 0.0 14723.56134
393.22 15265.744 445.466 0.0 14820.27774
394.41 15845.114 473.202 0.0 15371.91235
395.59 15871.729 193.463 0.0 15678.26563
396.77 16718.193 552.689 0.0 16165.50476
397.95 17009.711 637.576 0.0 16372.13519
399.13 17673.146 792.678 0.0 16880.46844
400.31 17297.801 447.511 0.0 16850.28931
401.5 17487.551 626.304 0.0 16861.24658
402.68 17798.66 734.712 0.0 17063.94769
403.86 17191.654 434.445 0.0 16757.20905
405.04 17826.008 807.263 0.0 17018.74518
406.22 16994.461 367.783 0.0 16626.67792
407.4 17139.078 697.013 0.0 16442.06506
408.58 16878.535 814.301 0.0 16064.2345
409.76 16739.84 947.755 0.0 15792.08502
410.94 15961.744 624.466 0.0 15337.27771
412.12 15415.596 502.9 0.0 14912.6955
413.3 14906.786 359.093 0.0 14547.69275
414.48 14106.861 371.111 0.0 13735.75031
415.66 14014.569 445.277 0.0 13569.29257
416.84 14229.316 1233.1 0.0 12996.21594
418.02 13075.867 623.378 0.0 12452.48895
419.2 12581.756 419.586 0.0 12162.16953
420.38 12517.259 583.97 0.0 11933.28888
421.56 12015.934 427.245 0.0 11588.68857
422.74 12297.006 1081.794 0.0 11215.21228
423.92 11540.364 865.995 0.0 10674.36963
425.1 10710.361 464.111 0.0 10246.25031
426.28 10400.003 405.995 0.0 9994.00751
427.46 11106.487 1356.492 0.0 9749.99536
428.63 9919.431 571.861 0.0 9347.56927
429.81 9627.367 687.964 0.0 8939.4035
430.99 9544.099 754.784 0.0 8789.31482
432.17 9602.37 1145.347 0.0 8457.02283
433.35 9060.734 827.316 0.0 8233.41882
434.52 8078.319 155.069 0.0 7923.24936
435.7 8187.521 376.383 0.0 7811.13794
436.88 8463.831 840.104 0.0 7623.72711
438.06 8069.153 552.531 0.0 7516.62262
439.23 7928.376 399.115 0.0 7529.26193
440.41 8099.56 594.126 0.0 7505.43365
441.59 8229.698 828.456 0.0 7401.24243
442.77 7706.786 276.679 0.0 7430.10684
443.94 8162.057 760.657 0.0 7401.40027
445.12 8136.81 769.833 0.0 7366.97687
446.3 8339.392 1093.118 0.0 7246.27356
447.47 8099.828 666.72 0.0 7433.10779
448.65 8138.512 720.646 0.0 7417.86542
449.82 7727.012 500.146 0.0 7226.86545
451.0 7851.298 609.213 0.0 7242.08459
452.18 7959.765 476.823 0.0 7482.94205
453.35 8124.072 530.16 0.0 7593.91187
454.53 8000.945 558.865 0.0 7442.08038
455.7 7890.903 334.238 0.0 7556.66534
456.88 8663.747 945.935 0.0 7717.81158
458.05 8229.509 591.763 0.0 7637.74615
459.23 8128.599 315.784 0.0 7812.81531
460.4 8373.072 580.16 0.0 7792.91187
461.58 8409.231 719.432 0.0 7689.7995
462.75 8196.81 315.333 0.0 7881.47638
463.93 8523.223 628.696 0.0 7894.52698
465.1 8546.665 525.065 0.0 8021.59985
466.28 8118.455 218.101 0.0 7900.35336
467.45 8008.072 146.66 0.0 7861.41188
468.63 8523.448 523.249 0.0 8000.19971
469.8 8845.114 870.287 0.0 7974.8269
470.97 8246.994 405.259 0.0 7841.73502
472.15 8493.271 595.675 0.0 7897.59521
473.32 8628.454 704.601 0.0 7923.85291
474.49 8804.018 859.499 0.0 7944.51862
475.67 8323.334 507.573 0.0 7815.76099
476.84 8140.364 327.08 0.0 7813.28369
478.01 8583.37 636.347 0.0 7947.02283
479.19 8131.497 548.728 0.0 7582.76837
480.36 7930.608 309.02 0.0 7621.5878
481.53 8139.581 596.897 0.0 7542.68439
482.7 7889.575 497.129 0.0 7392.44528
483.88 7593.692 275.774 0.0 7317.91833
485.05 7606.747 361.935 0.0 7244.81113
486.22 7646.75 478.405 0.0 7168.345
487.39 7329.063 333.595 0.0 6995.46753
488.56 7532.991 485.876 0.0 7047.1152
489.74 7876.376 897.2 0.0 6979.17603
490.91 7097.165 242.651 0.0 6854.51443
492.08 7017.491 375.876 0.0 6641.6152
493.25 6841.436 278.714 0.0 6562.72195
494.42 6868.708 476.778 0.0 6391.92996
495.59 6690.632 417.26 0.0 6273.37192
496.76 6781.979 465.756 0.0 6316.2229
497.93 6645.427 610.478 0.0 6034.94946
499.1 6655.602 572.753 0.0 6082.84918
500.27 6997.768 1040.792 0.0 5956.97595
501.44 6922.168 1228.534 0.0 5693.63428
502.61 6111.105 423.137 0.0 5687.96848
503.78 6222.355 629.929 0.0 5592.42578
504.95 6741.912 1123.474 0.0 5618.43787
506.12 6074.915 696.943 0.0 5377.97174
507.29 5511.316 335.186 0.0 5176.13007
508.46 5256.726 32.165 0.0 5224.56088
509.63 6486.226 1258.165 0.0 5228.06091
510.8 6315.0 1179.612 0.0 5135.3877
511.97 5382.744 558.552 0.0 4824.19183
513.14 5025.776 258.528 0.0 4767.24841
514.31 5647.072 785.746 0.0 4861.32599
515.48 5177.201 495.01 0.0 4682.19086
516.65 5099.894 525.087 0.0 4574.80695
517.81 4866.328 355.806 0.0 4510.52185
518.98 5276.563 695.01 0.0 4581.55347
520.15 4649.213 161.13 0.0 4488.08315
521.32 5070.469 703.605 0.0 4366.8645
522.49 5975.171 1502.503 0.0 4472.6676
523.65 5561.054 1158.859 0.0 4402.19507
524.82 5072.834 638.073 0.0 4434.76099
525.99 4383.231 78.517 0.0 4304.71407
527.16 5034.225 631.25 0.0 4402.97498
528.32 4960.301 730.182 0.0 4230.11847
529.49 4630.03 411.619 0.0 4218.41092
530.66 4255.222 114.367 0.0 4140.85564
531.82 4346.837 180.957 0.0 4165.88028
532.99 4564.692 320.274 0.0 4244.41833
534.16 4562.617 444.256 0.0 4118.36029
535.32 5128.734 794.401 0.0 4334.33337
536.49 4399.265 294.408 0.0 4104.8566
537.65 5242.273 1011.059 0.0 4231.21454
538.82 4602.873 321.816 0.0 4281.0567
539.99 4895.966 642.721 0.0 4253.24518
541.15 4976.551 818.39 0.0 4158.16113
542.32 4367.565 147.979 0.0 4219.58685
543.48 5151.318 811.155 0.0 4340.16345
544.65 5166.375 992.785 0.0 4173.59009
545.81 6045.768 1483.292 0.0 4562.47595
546.98 5074.108 503.106 0.0 4571.00238
548.14 5512.268 783.792 0.0 4728.47589
549.31 5022.114 402.873 0.0 4619.241
550.47 5159.915 469.443 0.0 4690.47171
551.63 5790.828 914.806 0.0 4876.02185
552.8 5168.379 454.584 0.0 4713.79532
553.96 5258.023 459.852 0.0 4798.17181
555.13 5346.945 391.45 0.0 4955.49493
556.29 5895.518 934.084 0.0 4961.43317
557.45 5108.852 274.46 0.0 4834.39191
558.62 5533.521 523.468 0.0 5010.05249
559.78 5816.108 771.606 0.0 5044.50238
560.94 5356.581 371.982 0.0 4984.59845
562.11 5392.032 391.088 0.0 5000.94431
563.27 5042.051 157.975 0.0 4884.07573
564.43 5069.719 32.397 0.0 5037.32177
565.59 5099.602 205.838 0.0 4893.76326
566.76 5419.834 351.073 0.0 5068.76099
567.92 5717.147 571.349 0.0 5145.7981
569.08 5938.337 715.042 0.0 5223.29486
570.24 5529.623 352.024 0.0 5177.59943
571.4 5400.084 226.366 0.0 5173.71826
572.57 5496.117 367.342 0.0 5128.77487
573.73 5158.761 55.524 0.0 5103.2368
574.89 5510.499 452.697 0.0 5057.80179
576.05 5789.695 476.158 0.0 5313.53766
577.21 5435.936 157.714 0.0 5278.22195
578.37 5091.96 18.954 0.0 5073.00655
579.53 5412.773 193.644 0.0 5219.1291
580.69 5907.307 597.535 0.0 5309.77161
581.85 5485.31 351.919 0.0 5133.39093
583.01 5544.644 401.88 0.0 5142.76422
584.17 5796.433 484.83 0.0 5311.60263
585.33 5847.231 572.517 0.0 5274.71405
586.49 5590.147 377.763 0.0 5212.38351
587.65 5796.708 573.278 0.0 5223.42993
588.81 5770.246 566.521 0.0 5203.72522
589.97 6255.87 929.433 0.0 5326.43689
591.13 5631.108 421.02 0.0 5210.0878
592.29 5541.472 336.574 0.0 5204.89838
593.45 5281.563 213.595 0.0 5067.96753
594.61 5204.744 134.052 0.0 5070.6918
595.77 5233.49 196.961 0.0 5036.52928
596.93 5202.909 91.091 0.0 5111.81853
598.09 5435.102 382.753 0.0 5052.34918
599.24 5128.942 138.067 0.0 4990.87514
600.4 5275.647 291.763 0.0 4983.88351
601.56 5052.689 233.39 0.0 4819.29855
602.72 5311.653 368.616 0.0 4943.03671
603.87 5278.565 473.064 0.0 4805.5014
605.03 5051.153 232.116 0.0 4819.03671
606.19 4968.716 148.514 0.0 4820.20245
607.35 4677.472 -3.926 0.0 4681.39836
608.5 5440.475 594.457 0.0 4846.0177
609.66 5808.304 989.651 0.0 4818.65234
610.82 4835.298 146.299 0.0 4688.99913
611.97 4668.018 125.084 0.0 4542.9332
613.13 5247.24 573.754 0.0 4673.48657
614.29 5006.626 496.993 0.0 4509.6333
615.44 5226.822 717.539 0.0 4509.28326
616.6 4594.758 180.141 0.0 4414.61749
617.76 5151.656 663.0 0.0 4488.65601
618.91 5179.996 726.314 0.0 4453.6825
620.07 5043.367 641.049 0.0 4402.31757
621.22 4252.442 17.567 0.0 4234.87514
622.38 5492.518 1061.084 0.0 4431.43323
623.53 4311.584 78.366 0.0 4233.21825
624.69 4331.243 112.137 0.0 4219.10588
625.84 4409.837 217.542 0.0 4192.29485
627.0 4555.367 488.964 0.0 4066.4035
628.15 4101.593 -0.398 0.0 4101.99076
629.31 4408.771 318.175 0.0 4090.59521
630.46 3980.021 -23.532 0.0 4003.55251
631.61 4285.728 374.134 0.0 3911.59427
632.77 4188.331 228.189 0.0 3960.14166
633.92 4453.144 495.38 0.0 3957.76422
635.08 4910.849 949.577 0.0 3961.27258
636.23 4212.581 308.482 0.0 3904.09845
637.38 3744.611 -74.511 0.0 3819.12167
638.54 4629.132 654.76 0.0 3974.37189
639.69 4782.571 936.831 0.0 3845.74005
640.84 4384.24 490.402 0.0 3893.83752
641.99 3895.268 97.409 0.0 3797.85919
643.15 4654.296 816.916 0.0 3837.38086
644.3 3829.325 95.422 0.0 3733.90276
645.45 3578.353 -58.071 0.0 3636.42442
646.6 4564.882 811.436 0.0 3753.44629
647.75 3846.91 161.942 0.0 3684.96797
648.91 3503.439 -136.551 0.0 3639.98988
650.06 3916.967 225.455 0.0 3691.51155
651.21 4066.996 417.462 0.0 3649.53345
652.36 4099.024 450.969 0.0 3648.05511
653.51 3760.052 101.475 0.0 3658.57677
654.66 3891.081 273.982 0.0 3617.09866
655.81 4177.109 651.989 0.0 3525.12061
656.96 3641.638 69.495 0.0 3572.14223
658.11 3941.166 365.002 0.0 3576.16391
659.27 4094.195 531.009 0.0 3563.18579
660.42 3553.223 29.015 0.0 3524.20746
661.57 3856.751 421.022 0.0 3435.72937
662.72 3390.78 -139.971 0.0 3530.75102
663.87 3358.308 -99.965 0.0 3458.27293
665.01 3848.337 316.042 0.0 3532.29459
666.16 3455.865 41.049 0.0 3414.8165
667.31 3592.394 95.555 0.0 3496.83816
668.46 4337.422 760.562 0.0 3576.8598
669.61 3676.95 206.069 0.0 3470.88173
670.76 3584.979 4.575 0.0 3580.40363
671.91 4461.507 769.582 0.0 3691.92529
673.06 4081.536 519.589 0.0 3561.9472
674.21 3457.064 -161.405 0.0 3618.46886
675.35 3963.093 284.102 0.0 3678.99075
676.5 3831.121 167.609 0.0 3663.51242
677.65 3584.65 72.615 0.0 3512.03432
678.8 3441.178 -110.878 0.0 3552.05598
679.94 3713.206 40.629 0.0 3672.57764
681.09 4148.235 370.135 0.0 3778.09955
682.24 4114.763 363.142 0.0 3751.62122
683.39 3722.292 -1.851 0.0 3724.14311
684.53 4364.32 558.155 0.0 3806.16504
685.68 3983.849 214.662 0.0 3769.18668
686.83 4197.877 301.169 0.0 3896.70834
687.97 4057.906 298.175 0.0 3759.73026
689.12 3953.434 178.182 0.0 3775.25191
690.27 3830.962 68.189 0.0 3762.77381
691.41 4317.491 468.195 0.0 3849.29547
692.56 4089.519 358.702 0.0 3730.81738
693.7 4122.548 378.709 0.0 3743.83926
694.85 3713.576 48.215 0.0 3665.36094
695.99 4188.104 398.222 0.0 3789.8826
697.14 3994.633 184.229 0.0 3810.4045
698.28 4145.162 342.735 0.0 3802.42639
699.43 4150.69 391.242 0.0 3759.44806
700.57 3684.218 -74.251 0.0 3758.46973
701.72 3770.247 -50.745 0.0 3820.99163
702.86 3549.275 -107.738 0.0 3657.01329
704.01 3704.803 50.269 0.0 3654.53495
705.15 4382.832 433.275 0.0 3949.55685
706.29 3959.36 126.782 0.0 3832.57851
707.44 3978.389 171.288 0.0 3807.10042
708.58 3549.917 -124.205 0.0 3674.12209
709.72 4436.946 629.302 0.0 3807.64398
710.87 3526.974 -137.192 0.0 3664.16565
712.01 3634.503 0.315 0.0 3634.18755
713.15 4055.531 217.322 0.0 3838.20921
714.3 4039.56 348.828 0.0 3690.73111
715.44 3869.088 92.335 0.0 3776.75278
716.58 3985.616 277.342 0.0 3708.27469
717.72 3703.145 52.848 0.0 3650.29634
718.87 3866.673 240.855 0.0 3625.81825
720.01 3753.202 117.362 0.0 3635.8399
721.15 3558.73 -54.132 0.0 3612.86181
722.29 4029.259 345.875 0.0 3683.38348
723.43 4176.787 498.882 0.0 3677.90536
724.57 4037.815 450.388 0.0 3587.42703
725.72 3722.844 244.895 0.0 3477.94894
726.86 4337.373 678.902 0.0 3658.47083
728.0 3814.901 164.408 0.0 3650.49251
729.14 3583.929 -2.085 0.0 3586.01417
730.28 4072.958 481.422 0.0 3591.53583
731.42 3550.486 10.928 0.0 3539.55773
732.56 4378.015 722.435 0.0 3655.57965
733.7 3940.543 386.942 0.0 3553.60129
734.84 3267.071 -127.052 0.0 3394.12296
735.98 3758.1 148.955 0.0 3609.14487
737.12 3497.128 -3.038 0.0 3500.16652
738.26 3523.157 17.468 0.0 3505.68843
739.4 3809.185 228.475 0.0 3580.71008
740.53 3814.214 407.482 0.0 3406.73199
741.67 3706.742 273.488 0.0 3433.25366
742.81 3231.271 -222.505 0.0 3453.77556
743.95 3654.299 241.002 0.0 3413.29721
745.09 3412.327 19.508 0.0 3392.81912
746.23 3848.356 399.515 0.0 3448.84079
747.36 3904.384 453.522 0.0 3450.86267
748.5 3313.413 60.028 0.0 3253.38435
749.64 3332.941 25.035 0.0 3307.90625
750.78 3290.469 -5.458 0.0 3295.92791
751.92 3344.498 74.548 0.0 3269.94981
753.05 3275.026 155.555 0.0 3119.47148
754.19 3820.055 635.562 0.0 3184.49341
755.33 2972.583 -151.932 0.0 3124.51505
756.46 3359.612 245.075 0.0 3114.5367
757.6 3093.14 82.082 0.0 3011.05861
758.74 3689.668 562.088 0.0 3127.58026
759.87 3427.697 244.595 0.0 3183.10217
761.01 3240.225 271.102 0.0 2969.12384
762.14 3157.754 234.608 0.0 2923.14574
763.28 3469.282 408.115 0.0 3061.16739
764.41 3164.311 249.121 0.0 2915.1893
765.55 2737.339 -123.872 0.0 2861.21096
766.69 3159.868 289.635 0.0 2870.23288
767.82 3324.396 266.641 0.0 3057.75452
768.95 2812.425 26.148 0.0 2786.27643
770.09 3560.953 737.655 0.0 2823.2981
771.22 3495.481 661.661 0.0 2833.82001
772.36 3368.51 504.168 0.0 2864.34164
773.49 3386.538 489.175 0.0 2897.36356
774.63 3004.067 196.181 0.0 2807.88522
775.76 2836.595 154.688 0.0 2681.90712
776.89 3122.624 428.195 0.0 2694.42877
778.03 2974.652 360.201 0.0 2614.45068
779.16 2684.18 8.708 0.0 2675.47235
780.29 2937.709 308.215 0.0 2629.49402
781.43 3097.237 606.221 0.0 2491.01593
782.56 2793.766 315.228 0.0 2478.53757
783.69 2503.794 11.735 0.0 2492.05948
784.82 2641.823 233.241 0.0 2408.58115
785.96 2647.851 116.748 0.0 2531.10304
787.09 2539.879 204.255 0.0 2335.62471
788.22 2646.408 394.261 0.0 2252.14661
789.35 2350.936 157.768 0.0 2193.16827
790.48 2455.465 142.275 0.0 2313.19017
791.62 2890.493 580.281 0.0 2310.21185
792.75 2265.022 5.288 0.0 2259.73374
793.88 2928.05 737.795 0.0 2190.25537
795.01 2550.079 353.801 0.0 2196.27731
796.14 2654.107 404.808 0.0 2249.29895
797.27 2625.135 493.815 0.0 2131.32086
798.4 2308.664 283.321 0.0 2025.34253
799.53 2077.692 -4.672 0.0 2082.36443
800.66 2355.221 316.335 0.0 2038.88611
801.79 3455.249 1276.841 0.0 2178.40796
802.92 2180.778 199.848 0.0 1980.92966
804.05 2374.806 381.855 0.0 1992.95157
805.18 2188.334 290.861 0.0 1897.47324
806.31 2137.863 215.868 0.0 1921.99489
807.44 1893.891 -64.625 0.0 1958.51679
808.57 2309.42 400.381 0.0 1909.03845
809.69 2235.948 400.888 0.0 1835.06036
810.82 1665.477 -163.605 0.0 1829.08214
811.95 2943.505 988.401 0.0 1955.10394
813.08 1931.034 103.908 0.0 1827.1257
814.21 2934.562 1064.915 0.0 1869.64746
815.33 1990.09 282.921 0.0 1707.16928
816.46 2106.619 308.928 0.0 1797.69104
817.59 2531.647 847.435 0.0 1684.21271
818.72 2197.176 504.441 0.0 1692.73462
819.84 2664.204 896.448 0.0 1767.75629
820.97 2246.733 446.454 0.0 1800.27817
822.1 2302.761 593.961 0.0 1708.79987
823.22 1586.289 -30.532 0.0 1616.82162
824.35 1677.318 92.474 0.0 1584.84341
825.48 2125.846 574.481 0.0 1551.3653
826.6 1855.375 310.488 0.0 1544.88696
827.73 1348.903 -144.506 0.0 1493.40875
828.85 1809.432 268.501 0.0 1540.93054
829.98 2072.96 610.008 0.0 1462.95221
831.11 1522.989 70.014 0.0 1452.9741
832.23 1539.017 81.521 0.0 1457.49588
833.36 2019.045 524.528 0.0 1494.51764
834.48 1731.074 259.034 0.0 1472.03946
835.6 1883.602 482.041 0.0 1401.56122
836.73 1276.131 -7.952 0.0 1284.08301
837.85 2007.159 535.054 0.0 1472.1048
838.98 1213.188 -104.439 0.0 1317.62658
840.1 1809.716 458.568 0.0 1351.14835
841.23 1711.745 371.074 0.0 1340.67014
842.35 2165.273 720.581 0.0 1444.69189
843.47 1652.301 248.588 0.0 1403.71358
844.6 1274.83 26.594 0.0 1248.23537
845.72 1419.358 155.101 0.0 1264.25716
846.84 1390.887 134.608 0.0 1256.27893
847.96 1352.415 139.114 0.0 1213.30072
849.09 1281.943 58.121 0.0 1223.8225
850.21 1493.472 232.628 0.0 1260.84428
851.33 1673.5 385.134 0.0 1288.36606
852.45 1309.029 25.141 0.0 1283.88784
853.57 1546.057 232.148 0.0 1313.90962
854.7 1333.086 67.654 0.0 1265.43141
855.82 1318.614 -0.339 0.0 1318.95319
856.94 1799.143 485.168 0.0 1313.97498
858.06 1112.671 -64.326 0.0 1176.99676
859.18 1606.699 425.181 0.0 1181.51852
860.3 1449.228 244.688 0.0 1204.54031
861.42 1015.756 -89.306 0.0 1105.06204
862.54 1052.785 -65.799 0.0 1118.58389
863.66 1132.313 50.708 0.0 1081.60567
864.78 1292.342 186.714 0.0 1105.62746
865.9 1401.37 244.221 0.0 1157.14923
867.02 2586.898 1277.228 0.0 1309.6709
868.14 2083.427 879.234 0.0 1204.19281
869.26 1641.955 575.741 0.0 1066.21448
870.38 918.984 -90.252 0.0 1009.23631
871.5 978.512 -94.746 0.0 1073.25809
872.62 1055.541 69.761 0.0 985.77981
873.74 1768.569 699.268 0.0 1069.30157
874.85 1028.583 40.271 0.0 988.31254
875.97 1344.083 286.271 0.0 1057.81253
877.09 1443.083 373.271 0.0 1069.81253
878.21 1277.583 220.771 0.0 1056.81255
879.33 1330.583 334.771 0.0 995.81253
880.44 1267.583 254.771 0.0 1012.81255
881.56 1078.083 111.271 0.0 966.81254
882.68 1264.583 256.271 0.0 1008.31253
883.79 1915.083 826.771 0.0 1088.31256
884.91 852.083 -58.229 0.0 910.31248
886.03 1402.083 456.271 0.0 945.81253
887.14 1715.083 659.271 0.0 1055.81256
888.26 1711.083 777.271 0.0 933.81256
889.38 1604.583 636.271 0.0 968.31256
890.49 840.583 -89.729 0.0 930.31248
891.61 1267.583 307.771 0.0 959.81253
892.72 957.083 -13.229 0.0 970.31248
893.84 858.583 -99.229 0.0 957.81248
894.95 919.083 -87.229 0.0 1006.31248
896.07 1070.083 152.271 0.0 917.81255
897.18 1334.583 384.271 0.0 950.31253
898.3 911.583 -41.229 0.0 952.81248
899.41 1580.083 577.271 0.0 1002.81256
900.53 1306.583 335.771 0.0 970.81253
901.64 1441.583 462.271 0.0 979.31253
902.75 1194.083 262.771 0.0 931.31253
903.87 1059.583 116.771 0.0 942.81254
904.98 1302.583 403.771 0.0 898.81253
906.09 1144.583 235.771 0.0 908.81255
907.21 1290.083 438.771 0.0 851.31253
908.32 1058.583 198.271 0.0 860.31255
909.43 1553.083 650.771 0.0 902.31256
910.54 1163.583 280.271 0.0 883.31253
911.66 2049.083 1160.771 0.0 888.31238
912.77 858.083 85.771 0.0 772.31248
913.88 1165.583 300.271 0.0 865.31253
914.99 892.583 69.271 0.0 823.31248
916.1 1112.583 349.771 0.0 762.81253
917.22 807.583 58.771 0.0 748.81248
918.33 1454.083 688.771 0.0 765.31256
919.44 1031.583 270.271 0.0 761.31253
920.55 1542.083 660.771 0.0 881.31256
921.66 1181.083 428.771 0.0 752.31253
922.77 1247.583 488.271 0.0 759.31253
923.88 1489.083 623.271 0.0 865.81256
924.99 1141.083 373.771 0.0 767.31253
926.1 699.083 -11.229 0.0 710.31248
927.21 1531.083 652.771 0.0 878.31256
928.32 537.083 -84.729 0.0 621.81248
929.43 1038.083 251.771 0.0 786.31255
930.54 861.583 111.271 0.0 750.31248
931.65 861.583 266.271 0.0 595.31247
932.76 1031.083 381.771 0.0 649.31253
933.86 977.583 302.271 0.0 675.31247
934.97 781.583 113.771 0.0 667.81248
936.08 709.583 164.771 0.0 544.81248
937.19 1278.083 708.271 0.0 569.81256
938.3 951.083 472.271 0.0 478.81247
939.4 1183.583 674.771 0.0 508.81256
940.51 757.583 305.271 0.0 452.31247
941.62 928.083 503.771 0.0 424.31247
942.73 1566.583 1102.771 0.0 463.8125
943.83 723.083 302.771 0.0 420.31247
944.94 761.583 338.271 0.0 423.31247
946.05 312.083 -35.729 0.0 347.81251
947.15 330.083 -25.729 0.0 355.81251
948.26 668.083 228.771 0.0 439.31248
949.36 511.083 98.271 0.0 412.81251
950.47 851.583 326.771 0.0 524.81247
951.57 1277.083 844.771 0.0 432.31256
952.68 1015.083 568.771 0.0 446.3125
953.79 1026.083 439.271 0.0 586.81253
954.89 658.583 121.771 0.0 536.81248
955.99 922.583 391.271 0.0 531.31247
957.1 726.083 230.271 0.0 495.81248
958.2 890.083 271.271 0.0 618.81247
959.31 986.083 455.771 0.0 530.31247
960.41 623.583 130.271 0.0 493.31248
961.52 507.583 10.271 0.0 497.31251
962.62 979.583 493.771 0.0 485.81247
963.72 421.083 -50.729 0.0 471.81251
964.83 365.583 -70.729 0.0 436.31251
965.93 836.083 341.771 0.0 494.31247
967.03 1202.083 714.271 0.0 487.81256
968.13 1052.583 466.771 0.0 585.81253
969.24 651.583 175.771 0.0 475.81248
970.34 652.583 206.771 0.0 445.81248
971.44 692.083 265.771 0.0 426.31247
972.54 772.583 346.771 0.0 425.81247
973.64 634.083 142.271 0.0 491.81248
974.75 1567.583 1069.771 0.0 497.8125
975.85 3932.083 3162.271 0.0 769.8125
976.95 573.083 189.771 0.0 383.31248
978.05 968.583 525.771 0.0 442.8125
979.15 1458.583 896.271 0.0 562.31256
980.25 489.583 99.771 0.0 389.81251
981.35 575.083 179.271 0.0 395.81248
982.45 1368.583 891.771 0.0 476.81256
983.55 880.583 462.771 0.0 417.81247
984.65 784.583 418.271 0.0 366.31247
985.75 1119.583 675.271 0.0 444.31256
986.85 795.583 372.271 0.0 423.31247
987.95 605.583 185.271 0.0 420.31248
989.05 1240.083 783.271 0.0 456.81256
990.15 987.583 628.271 0.0 359.3125
991.25 732.083 443.271 0.0 288.81247
992.34 1176.083 835.771 0.0 340.31256
993.44 755.583 478.271 0.0 277.31247
994.54 721.583 386.771 0.0 334.81247
995.64 1115.583 731.271 0.0 384.31256
996.74 1141.083 789.271 0.0 351.81256
997.83 354.583 73.771 0.0 280.81251
998.93 654.583 315.271 0.0 339.31247
1000.03 1687.583 1230.771 0.0 456.8125
1001.12 1154.083 704.771 0.0 449.31256
1002.22 1183.083 729.271 0.0 453.81256
1003.32 547.583 272.271 0.0 275.31247
1004.41 840.583 467.271 0.0 373.31247
1005.51 764.583 402.771 0.0 361.81247
1006.6 442.083 188.771 0.0 253.31252
1007.7 956.083 624.271 0.0 331.8125
1008.8 322.583 103.271 0.0 219.31251
1009.89 869.083 577.771 0.0 291.3125
1010.99 710.083 384.771 0.0 325.31247
1012.08 330.083 47.271 0.0 282.81251
1013.18 725.583 394.271 0.0 331.31247
1014.27 583.083 202.271 0.0 380.81248
1015.36 626.583 334.271 0.0 292.31247
1016.46 759.083 402.771 0.0 356.31247
1017.55 505.083 148.271 0.0 356.81252
1018.65 764.583 496.771 0.0 267.81247
1019.74 952.583 586.771 0.0 365.8125
1020.83 720.583 505.271 0.0 215.31247
1021.93 655.083 280.271 0.0 374.81247
1023.02 364.083 38.271 0.0 325.81251
1024.11 312.583 63.771 0.0 248.81251
1025.2 329.583 88.271 0.0 241.31251
1026.3 673.583 454.271 0.0 219.31247
1027.39 909.083 597.771 0.0 311.3125
1028.48 785.583 486.771 0.0 298.81247
1029.57 513.583 312.771 0.0 200.81247
1030.66 731.583 451.771 0.0 279.81247
1031.75 1919.583 1483.271 0.0 436.3125
1032.84 904.083 652.771 0.0 251.3125
1033.94 408.083 161.271 0.0 246.81252
1035.03 925.083 773.771 0.0 151.3125
1036.12 381.583 90.271 0.0 291.31251
1037.21 334.583 66.771 0.0 267.81251
1038.3 836.083 522.771 0.0 313.3125
1039.39 289.583 153.271 0.0 136.31252
1040.48 692.583 455.771 0.0 236.81247
1041.57 753.083 616.271 0.0 136.8125
1042.66 640.083 441.771 0.0 198.31247
1043.74 731.583 508.271 0.0 223.31247
1044.83 750.583 543.271 0.0 207.3125
1045.92 317.583 45.771 0.0 271.81251
1047.01 869.583 617.771 0.0 251.8125
1048.1 263.083 96.771 0.0 166.31251
1049.19 678.583 502.271 0.0 176.31247
1050.27 534.583 342.271 0.0 192.31247
1051.36 500.583 305.271 0.0 195.3125
1052.45 738.083 469.771 0.0 268.31247
1053.54 600.083 466.771 0.0 133.31247
1054.62 731.583 525.271 0.0 206.3125
1055.71 733.083 467.771 0.0 265.31247
1056.8 881.583 688.271 0.0 193.3125
1057.88 528.583 328.771 0.0 199.81247
1058.97 673.583 458.771 0.0 214.81247
1060.06 1143.583 834.771 0.0 308.81256
1061.14 599.583 367.771 0.0 231.81247
1062.23 1882.083 1608.271 0.0 273.8125
1063.31 723.083 547.271 0.0 175.8125
1064.4 469.083 279.271 0.0 189.8125
1065.48 684.083 526.771 0.0 157.3125
1066.57 527.583 362.771 0.0 164.81247
1067.65 713.083 543.771 0.0 169.3125
1068.74 530.583 357.271 0.0 173.31247
1069.82 743.583 544.271 0.0 199.3125
1070.9 2614.083 2151.771 0.0 462.3125
1071.99 754.583 561.771 0.0 192.8125
1073.07 683.083 491.771 0.0 191.31247
1074.15 809.083 576.771 0.0 232.3125
1075.24 646.583 526.771 0.0 119.8125
1076.32 770.583 625.771 0.0 144.8125
1077.4 1212.583 963.771 0.0 248.81256
1078.49 356.083 218.271 0.0 137.81252
1079.57 812.083 655.271 0.0 156.8125
1080.65 1127.583 866.771 0.0 260.81256
1081.73 608.083 382.771 0.0 225.31247
1082.81 381.583 238.271 0.0 143.31252
1083.89 741.083 548.771 0.0 192.3125
1084.98 759.083 533.271 0.0 225.8125
1086.06 426.583 267.771 0.0 158.8125
1087.14 467.583 283.771 0.0 183.8125
1088.22 671.583 524.771 0.0 146.8125
1089.3 409.083 261.771 0.0 147.3125
1090.38 1357.583 1101.771 0.0 255.8125
1091.46 797.083 598.771 0.0 198.3125
1092.54 557.583 405.771 0.0 151.81247
1093.62 619.083 412.771 0.0 206.31247
1094.7 370.083 186.271 0.0 183.81252
1095.78 619.083 490.771 0.0 128.31247
1096.86 782.583 545.771 0.0 236.8125
1097.93 1404.083 1146.271 0.0 257.8125
1099.01 947.083 802.271 0.0 144.8125
1100.09 397.583 334.271 0.0 63.3125
