196.55 788.743 972.948 1339.379 -50.27005
197.76 1060.001 1427.472 1995.603 -64.68061
198.96 965.723 1340.45 1803.191 -80.97995
200.16 696.388 796.077 1227.164 -23.12514
201.36 1090.233 1587.379 2062.06 -104.73265
202.56 813.498 990.115 1401.163 -42.96767
203.76 718.085 849.94 1265.984 -31.69255
204.96 848.672 932.264 1411.806 -17.43176
206.16 572.846 712.367 946.298 -59.64159
207.36 930.636 1181.173 1687.519 -49.47921
208.56 812.13 1052.507 1476.29 -56.72169
209.76 539.052 637.704 982.138 -28.64179
210.96 701.046 888.539 1380.408 -38.11832
212.16 1407.723 2056.997 2537.841 -135.02809
213.36 871.433 1126.644 1600.47 -53.86188
214.56 788.159 890.479 1274.997 -26.61013
215.76 1258.585 1834.94 2402.485 -101.55235
216.96 1096.401 1568.862 2050.473 -98.10025
218.16 821.643 985.792 1447.599 -35.54491
219.35 664.643 716.838 1152.749 -11.97394
220.55 735.92 872.359 1328.661 -29.90116
221.75 717.184 810.596 1150.265 -27.50071
222.95 1158.652 1461.314 1932.768 -64.1974
224.15 903.639 1090.029 1574.459 -38.47602
225.35 691.733 782.472 1287.36 -17.97221
226.55 680.217 792.831 1188.111 -28.48978
227.75 1046.152 1378.814 1879.768 -66.40554
228.94 900.552 1122.204 1555.138 -51.1977
230.14 827.017 919.113 1379.351 -20.01043
231.34 686.907 847.028 1265.702 -38.2447
232.54 644.185 780.549 1133.115 -38.67779
233.74 634.827 805.869 1171.11 -46.83005
234.93 708.456 791.951 1221.947 -19.41777
236.13 825.675 951.574 1439.095 -25.82426
237.33 835.813 930.131 1313.452 -24.6054
238.53 715.197 887.381 1239.073 -48.95842
239.72 1015.778 1373.993 1901.015 -67.96949
240.92 543.349 562.676 918.088 -5.4379
242.12 941.227 1152.807 1622.13 -45.08188
243.31 620.081 755.63 1186.695 -31.44513
244.51 592.204 627.0 952.653 -10.68493
245.71 975.514 1278.803 1722.062 -68.42271
246.9 1152.704 1688.0 2212.153 -102.1259
248.1 763.436 950.954 1448.759 -37.66886
249.3 779.485 982.33 1398.854 -48.69965
250.49 794.42 893.313 1321.511 -23.09506
251.69 863.591 1049.106 1539.214 -37.85174
252.89 734.84 916.154 1388.919 -38.35194
254.08 540.052 579.204 954.138 -10.44236
255.28 795.307 976.919 1400.072 -42.91855
256.47 601.21 577.666 955.382 6.23348
257.67 879.397 1159.099 1530.833 -75.24247
258.86 950.262 1172.898 1590.417 -53.32372
260.06 769.207 917.809 1356.442 -33.87845
261.26 1091.972 1459.546 1914.546 -80.78542
262.45 763.036 939.063 1294.389 -49.53955
263.65 594.552 565.158 907.488 8.58669
264.84 850.12 1081.531 1469.771 -59.60531
266.04 687.34 804.154 1217.419 -28.26625
267.23 513.765 487.661 823.556 7.77153
268.42 649.814 706.584 1015.802 -18.35951
269.62 795.72 882.641 1322.401 -19.76548
270.81 777.968 959.736 1397.256 -41.54497
272.01 789.11 923.056 1333.752 -32.61433
273.2 900.601 1164.034 1567.583 -65.27917
274.4 564.262 664.852 908.767 -41.23953
275.59 843.678 1028.883 1499.385 -39.36331
276.78 761.404 892.718 1361.913 -27.98723
277.98 636.875 772.746 1191.206 -32.46924
279.17 735.339 903.201 1285.069 -43.95791
280.37 749.12 837.985 1198.621 -24.64106
281.56 547.094 528.915 926.504 4.57238
282.75 572.362 617.508 1021.047 -11.18742
283.95 679.756 801.186 1237.537 -27.8285
285.14 712.682 863.193 1247.675 -39.14654
286.33 630.652 700.267 1012.118 -22.32301
287.52 723.953 948.548 1368.358 -53.49947
288.72 866.991 1136.95 1615.434 -56.41946
289.91 1028.04 1410.373 1957.179 -69.92115
291.1 769.694 1007.024 1453.634 -53.14044
292.29 715.656 997.623 1395.057 -70.94696
293.49 792.449 1044.239 1446.568 -62.58294
294.68 570.336 729.845 997.629 -59.56582
295.87 666.378 803.102 1201.145 -34.34899
297.06 749.465 940.38 1418.817 -39.90381
298.26 456.83 420.179 733.9 11.68269
299.45 706.581 789.13 1098.195 -26.70925
300.64 703.42 822.859 1190.661 -32.47389
301.83 724.907 857.028 1294.202 -30.22152
303.02 672.91 630.384 1057.142 9.96495
304.21 889.926 1123.525 1573.39 -51.92641
305.4 758.207 875.356 1160.092 -41.14291
306.59 815.21 920.166 1316.882 -26.45596
307.79 646.398 803.053 1187.683 -40.72873
308.98 574.517 579.113 932.851 -1.2992
310.17 864.885 966.081 1430.275 -21.80039
311.36 753.701 857.597 1178.563 -32.36974
312.55 1111.32 1560.657 2066.731 -88.78866
313.74 543.188 584.359 957.404 -11.03639
314.93 858.63 1009.007 1474.29 -32.31944
316.12 703.249 787.067 1192.958 -20.65026
317.31 443.559 406.823 740.217 11.01866
318.5 526.688 574.859 920.404 -13.9405
319.69 709.569 830.799 1262.736 -28.06658
320.88 676.33 736.225 1134.55 -15.03691
322.07 595.365 607.271 993.686 -3.08092
323.26 625.356 607.342 935.817 5.48402
324.45 471.594 447.415 793.504 6.98644
325.64 653.588 766.749 1195.274 -26.40719
326.83 795.694 996.024 1395.634 -50.13151
328.01 634.372 738.436 1110.916 -27.93832
329.2 851.398 976.053 1403.683 -29.1502
330.39 659.465 727.38 1086.817 -18.8947
331.58 506.169 542.908 969.366 -8.61502
332.77 987.601 1253.081 1742.233 -54.27352
333.96 425.346 448.82 671.648 -10.5345
335.15 559.075 524.964 868.466 9.93024
336.33 590.169 590.908 878.866 -0.25679
337.52 645.094 719.415 1040.504 -23.1465
338.71 621.723 710.45 1050.191 -26.11612
339.9 619.927 614.932 995.09 1.31388
341.08 603.107 688.2 1067.812 -22.41567
342.27 762.714 879.475 1376.672 -23.48394
343.46 853.543 1063.729 1446.619 -54.89474
344.65 780.043 897.229 1356.119 -25.53693
345.83 790.246 983.257 1460.668 -40.42874
347.02 530.672 470.264 791.306 18.81608
348.21 824.314 1021.584 1513.302 -40.11874
349.4 594.565 462.989 862.946 32.89755
350.58 641.74 718.045 1108.789 -19.52816
351.77 582.827 575.369 941.11 2.03898
352.96 451.027 324.088 698.37 33.9152
354.14 654.233 619.926 1114.21 6.94082
355.33 581.581 536.13 920.695 11.81886
356.51 443.433 387.098 701.82 17.90008
357.7 589.504 679.734 1173.743 -18.26492
358.89 570.885 511.721 949.225 13.52301
360.07 860.859 915.105 1399.957 -11.1881
361.26 923.679 1061.79 1572.085 -27.06501
362.44 718.656 733.483 1177.108 -3.34229
363.63 573.179 481.743 950.435 19.50861
364.81 639.156 531.437 1069.458 20.02146
366.0 485.053 276.518 729.538 46.03223
367.18 1181.121 1403.392 2092.821 -32.23985
368.37 589.298 529.85 875.253 17.21115
369.55 812.285 737.065 1246.445 14.76694
370.74 866.211 911.572 1458.582 -8.29262
371.92 1030.233 1158.332 1668.41 -25.11364
373.11 651.404 476.078 1016.963 32.41469
374.29 591.882 421.772 908.985 34.91496
375.48 635.698 531.741 1060.623 19.65601
376.66 682.156 441.53 902.257 52.22739
377.84 999.298 953.85 1582.253 7.23228
379.03 625.433 405.051 908.67 43.75975
380.21 579.292 332.184 747.024 59.56693
381.39 554.495 266.212 675.074 70.50859
382.58 888.72 816.548 1409.101 12.17997
383.76 1126.985 1148.784 1715.705 -3.84515
384.94 1266.746 1254.164 1936.868 1.843
386.13 726.256 426.593 963.237 55.84018
387.31 824.159 618.339 1185.047 36.3185
388.49 797.504 474.688 1029.093 58.22759
389.68 936.472 637.952 1263.246 47.74073
390.86 959.824 567.466 1204.521 61.58929
392.04 1267.801 982.706 1677.693 41.02161
393.22 993.824 445.466 1111.021 82.39106
394.41 881.856 473.202 1085.367 66.75549
395.59 792.611 193.463 865.952 89.09407
396.77 1070.236 552.689 1295.349 69.68833
397.95 1148.424 637.576 1375.151 69.26046
399.13 1330.098 792.678 1560.643 69.97969
400.31 1163.359 447.511 1233.657 91.0579
401.5 1304.03 626.304 1514.36 76.31569
402.68 1359.995 734.712 1616.074 70.94507
403.86 1269.046 434.445 1296.108 96.85931
405.04 1467.707 807.263 1861.292 62.65903
406.22 1259.753 367.783 1341.448 91.60953
407.4 1636.323 697.013 1747.671 89.40215
408.58 1732.317 814.301 1875.791 86.48371
409.76 1796.55 947.755 2029.398 78.47271
410.94 1549.824 624.466 1721.521 84.34927
412.12 1560.011 502.9 1505.972 105.38732
413.3 1452.488 359.093 1500.994 95.75216
414.48 1449.053 371.111 1363.838 108.58392
415.66 1699.059 445.277 1491.567 119.8312
416.84 2196.914 1233.1 2392.132 83.15683
418.02 1864.501 623.378 1795.303 105.90466
419.2 1688.562 419.586 1512.357 116.12466
420.38 1725.037 583.97 1792.589 94.41075
421.56 1784.143 427.245 1581.949 117.51048
422.74 2035.391 1081.794 2295.154 78.59148
423.92 2002.527 865.995 2097.57 92.28278
425.1 1904.053 464.111 1706.838 115.86953
426.28 1948.759 405.995 1712.327 118.09892
427.46 2528.546 1356.492 2799.259 81.23658
428.63 2063.669 571.861 2000.716 104.4058
429.81 1976.343 687.964 1968.209 100.63536
430.99 2067.985 754.784 2180.705 92.09495
432.17 2314.317 1145.347 2523.941 84.79434
433.35 2239.901 827.316 2288.823 96.65263
434.52 2031.73 155.069 1442.77 145.73734
435.7 2194.446 376.383 1827.128 125.31923
436.88 2628.627 840.104 2306.7 121.95059
438.06 2497.388 552.531 2072.014 127.99463
439.23 2404.266 399.115 1956.406 128.75884
440.41 2551.136 594.126 2298.869 114.79795
441.59 2608.685 828.456 2548.315 103.51019
442.77 2481.83 276.679 1951.4 131.67272
443.94 2838.82 760.657 2663.231 109.22904
445.12 3045.966 769.833 2568.167 126.56899
446.3 3323.979 1093.118 2946.475 120.36863
447.47 3333.653 666.72 2632.968 135.63564
448.65 3415.182 720.646 2715.525 135.07265
449.82 3245.682 500.146 2418.525 143.11749
451.0 3330.727 609.213 2599.83 136.71708
452.18 3273.327 476.823 2644.96 128.98184
453.35 3470.533 530.16 2753.3 132.26219
454.53 3613.382 558.865 2819.285 135.13049
455.7 3747.717 334.238 2713.311 143.47936
456.88 4489.14 945.935 3424.159 142.97354
458.05 4459.208 591.763 3040.792 157.91744
459.23 4492.485 315.784 2806.205 167.71066
460.4 4727.033 580.16 3298.8 152.53486
461.58 4829.927 719.432 3462.09 149.87265
462.75 4659.465 315.333 3204.667 150.35068
463.93 4954.662 628.696 3520.987 149.56884
465.1 4960.785 525.065 3629.945 142.86288
466.28 5002.146 218.101 3243.888 158.1091
467.45 5196.533 146.66 3291.8 160.56118
468.63 5820.356 523.249 3846.018 159.41847
469.8 6288.198 870.287 4222.273 161.63284
470.97 6295.995 405.259 3823.724 172.3211
472.15 6501.617 595.675 4138.332 166.70943
473.32 6682.146 704.601 4322.388 165.22655
474.49 6711.472 859.499 4671.896 153.49851
475.67 6421.443 507.573 4177.839 161.1292
476.84 6263.369 327.08 4088.476 157.82142
478.01 6695.317 636.347 4688.941 149.50842
479.19 6816.811 548.728 4557.862 156.34506
480.36 7086.75 309.02 4472.808 162.77797
481.53 7539.298 596.897 4836.903 163.73562
482.7 7796.849 497.129 4733.938 172.29288
483.88 8016.578 275.774 4583.755 179.68518
485.05 8193.14 361.935 4823.659 175.5197
486.22 8180.956 478.405 4938.797 172.68773
487.39 8051.452 333.595 4795.508 172.97194
488.56 8026.521 485.876 5021.991 166.23573
489.74 8215.607 897.2 5619.313 154.98164
490.91 7973.126 242.651 4990.851 162.80856
492.08 7965.021 375.876 5230.491 156.32844
493.25 8311.959 278.714 5092.587 166.87697
494.42 8568.291 476.778 5228.824 170.2743
495.59 8847.727 417.26 5317.48 172.0426
496.76 9195.781 465.756 5367.155 178.11293
497.93 9546.194 610.478 5616.483 178.49993
499.1 9377.301 572.753 5591.843 175.4212
500.27 9721.643 1040.792 6267.099 166.09914
501.44 9483.101 1228.534 6296.083 162.89071
502.61 8945.775 423.137 5408.076 170.96776
503.78 8946.946 629.929 5761.278 162.08246
504.95 9261.481 1123.474 6516.415 150.9011
506.12 8984.798 696.943 5888.053 159.65477
507.29 9038.256 335.186 5433.538 170.7036
508.46 9414.979 32.165 5307.125 177.87459
509.63 10393.479 1258.165 6645.125 169.58198
510.8 10756.285 1179.612 6671.095 174.39139
511.97 10468.665 558.552 5824.426 188.19502
513.14 10657.407 258.528 5792.702 187.903
514.31 10736.875 785.746 6241.206 182.40679
515.48 10515.843 495.01 6045.359 180.5442
516.65 10346.795 525.087 6124.614 175.40247
517.81 10168.994 355.806 5922.374 176.28795
518.98 10172.11 695.01 6349.102 167.61489
520.15 9947.581 161.13 5858.695 171.76551
521.32 10505.859 703.605 6464.457 170.15285
522.49 11158.917 1502.503 7468.221 161.86507
523.65 11280.688 1158.859 7184.404 167.98195
524.82 11447.442 638.073 6545.839 182.96882
525.99 11578.769 78.517 6017.496 193.64022
527.16 12251.82 631.25 6882.031 185.9059
528.32 12701.543 730.182 7018.969 190.36043
529.49 12875.211 411.619 6654.732 199.63746
530.66 12757.346 114.367 6539.298 196.77997
531.82 12711.917 180.957 6592.071 195.45681
532.99 12629.578 320.274 6997.255 184.35433
534.16 12822.514 444.256 7148.912 184.62183
535.32 13250.743 794.401 7641.229 181.92867
536.49 13155.169 294.408 7207.866 186.02501
537.65 13949.091 1011.059 8080.564 183.01185
538.82 13769.133 321.816 7430.58 189.16534
539.99 14414.885 642.721 8076.725 185.25904
541.15 14915.872 818.39 8357.766 186.98474
542.32 15433.927 147.979 7854.74 198.34463
543.48 16708.072 811.155 8785.676 199.34636
544.65 17055.949 992.785 8917.718 202.69149
545.81 18293.643 1483.292 10133.099 194.34365
546.98 18233.592 503.106 9285.714 201.88178
548.14 19121.643 783.792 9857.099 202.10769
549.31 18838.039 402.873 9415.179 204.55549
550.47 19012.297 469.443 9763.554 199.51187
551.63 19364.494 914.806 10766.874 187.26716
552.8 19557.582 454.584 10034.545 199.4058
553.96 19825.762 459.852 10240.767 197.99692
555.13 19952.723 391.45 10690.69 189.92928
556.29 21042.814 934.084 11394.302 192.24008
557.45 21332.631 274.46 10552.64 204.8823
558.62 22482.287 523.468 11224.534 205.20216
559.78 23237.592 771.606 11627.214 206.95281
560.94 23339.139 371.982 11276.809 210.6146
562.11 24378.027 391.088 11510.37 215.72381
563.27 24874.213 157.975 11361.672 220.60788
564.43 25152.529 32.397 11656.66 216.10086
565.59 25416.643 205.838 12004.749 213.67061
566.76 25845.443 351.073 12192.839 215.29196
567.92 26325.281 571.349 12448.455 216.83676
569.08 26283.76 715.042 13216.978 204.51807
570.24 25960.463 352.024 12896.877 204.13502
571.4 26644.113 226.366 12819.042 209.7866
572.57 26276.355 367.342 13100.317 203.47965
573.73 26537.193 55.524 13072.134 203.44522
574.89 27473.627 452.697 13544.0 206.40367
576.05 28048.053 476.158 13770.987 207.3881
577.21 28123.959 157.714 13514.587 209.37719
578.37 28767.436 18.954 13640.76 211.04751
579.53 30354.934 193.644 13978.47 218.80066
580.69 30552.834 597.535 14724.34 212.04582
581.85 30978.307 351.919 14327.072 219.14885
583.01 31791.465 401.88 14435.816 223.66914
584.17 31825.484 484.83 14656.854 221.14452
585.33 32279.768 572.517 14948.496 220.55716
586.49 32863.941 377.763 14735.049 226.26964
587.65 32537.291 573.278 15187.824 218.71368
588.81 32561.98 566.521 15553.064 213.49459
589.97 32494.658 929.433 15628.847 214.73799
591.13 32196.75 421.02 15287.808 213.73636
592.29 31749.176 336.574 15254.096 210.5752
593.45 32230.453 213.595 14965.508 217.0353
594.61 32369.166 134.052 15178.927 214.25977
595.77 32074.861 196.961 15395.896 209.73772
596.93 32594.508 91.091 14998.683 218.03265
598.09 32765.801 382.753 15545.343 213.57201
599.24 32999.75 138.067 15446.458 214.66451
600.4 34049.441 291.763 15433.549 222.94384
601.56 33881.605 233.39 15322.522 222.99636
602.72 34596.73 368.616 15465.42 226.72424
603.87 35030.77 473.064 15310.146 232.91443
605.03 34554.73 232.116 15238.92 228.71369
606.19 34727.555 148.514 14826.428 235.58553
607.35 34652.676 -3.926 15131.096 228.98283
608.5 34259.148 594.457 15492.328 225.96982
609.66 34400.359 989.651 15859.107 224.69355
610.82 33589.57 146.299 15137.236 223.08993
611.97 32981.813 125.084 14915.802 222.14425
613.13 33425.531 573.754 15514.6 219.87897
614.29 33098.777 496.993 15383.016 219.00937
615.44 32613.047 717.539 15456.908 216.39669
616.6 32537.721 180.141 14843.401 220.67111
617.76 33277.203 663.0 15414.652 221.08847
618.91 33150.152 726.314 15170.268 224.48035
620.07 32982.684 641.049 15204.114 222.07986
621.22 33171.75 17.567 14577.958 227.70118
622.38 34129.813 1061.084 15637.302 226.86769
623.53 33580.613 78.366 14625.542 230.30069
624.69 34237.008 112.137 14268.832 241.05111
625.84 33722.258 217.542 14299.978 237.91848
627.0 34351.344 488.964 14831.709 236.09413
628.15 34717.379 -0.398 14734.646 235.61367
629.31 34237.617 318.175 14728.331 235.38567
630.46 33850.789 -23.532 14344.034 235.76938
631.61 33830.293 374.134 14629.264 234.69558
632.77 34513.969 228.189 14833.106 234.75504
633.92 33676.965 495.38 14691.816 233.73179
635.08 33954.156 949.577 15177.407 231.97197
636.23 33788.641 308.482 14744.809 231.91605
637.38 32846.566 -74.511 14334.446 228.47647
638.54 33401.727 654.76 15135.48 226.14183
639.69 33165.719 936.831 15459.111 221.92719
640.84 33688.316 490.402 14738.753 232.99479
641.99 33286.719 97.409 14039.882 238.04464
643.15 34060.121 816.916 14835.512 237.13648
644.3 33708.023 95.422 14179.142 238.66282
645.45 33680.426 -58.071 14110.771 238.11752
646.6 34387.828 811.436 15075.401 235.39311
647.75 34313.23 161.942 14418.031 239.5558
648.91 34986.133 -136.551 13971.661 248.95205
650.06 34505.531 225.455 14825.291 234.79768
651.21 35395.934 417.462 14565.42 247.23336
652.36 35475.336 450.969 14709.05 245.64573
653.51 35323.238 101.475 14213.68 249.58371
654.66 35417.641 273.982 14861.81 240.91085
655.81 35960.543 651.989 15048.939 245.25023
656.96 35481.945 69.495 14402.569 247.06808
658.11 35629.848 365.002 14800.199 244.29764
659.27 35401.25 531.009 14925.328 242.25002
660.42 35457.652 29.015 14459.958 245.50466
661.57 35723.555 421.022 14835.088 244.91724
662.72 34715.957 -139.971 14611.718 236.28432
663.87 35501.859 -99.965 14122.848 250.31494
665.01 35288.758 316.042 14693.978 243.23879
666.16 36163.16 41.049 14739.607 245.75274
667.31 36470.563 95.555 14982.237 244.34597
668.46 37257.465 760.562 15722.366 243.93384
669.61 36664.867 206.069 15547.996 237.64158
670.76 38029.27 4.575 15214.626 249.99716
671.91 38046.672 769.582 16378.756 238.81527
673.06 40009.574 519.589 16014.886 254.85143
674.21 38531.477 -161.405 15583.016 245.75615
675.35 39350.879 284.102 15720.146 253.08802
676.5 39144.281 167.609 15849.774 248.54139
677.65 40300.184 72.615 15783.904 256.04244
678.8 40009.086 -110.878 15727.034 253.31599
679.94 41811.484 40.629 16048.164 260.94495
681.09 42117.387 370.135 17049.793 250.28842
682.24 43192.289 363.142 17513.924 249.72125
683.39 42781.191 -1.851 17222.553 248.3862
684.53 43981.094 558.155 17196.684 260.97824
685.68 43787.496 214.662 17614.813 250.41642
686.83 44188.898 301.169 17607.443 253.59432
687.97 43340.301 298.175 17622.072 248.45521
689.12 44480.203 178.182 17514.703 255.54159
690.27 43434.605 68.189 17408.832 250.0854
691.41 44451.008 468.195 17969.961 251.305
692.56 43593.91 358.702 17742.592 248.70848
693.7 45058.313 378.709 17681.721 258.21865
694.85 44100.711 48.215 17192.852 256.94622
695.99 45164.113 398.222 17794.98 257.32317
697.14 44681.016 184.229 17551.111 256.21632
698.28 45370.918 342.735 18251.74 251.42761
699.43 45474.82 391.242 18390.369 250.47647
700.57 44905.223 -74.251 17710.5 252.91033
701.72 45155.125 -50.745 17219.129 261.76144
702.86 45729.527 -107.738 17549.26 259.59829
704.01 46604.43 50.269 17415.389 268.09006
705.15 46716.832 433.275 18332.02 258.5855
706.29 47250.234 126.782 17723.648 267.79457
707.44 47304.637 171.288 18374.777 258.92481
708.58 47688.539 -124.205 17936.408 264.73489
709.72 48479.941 629.302 18731.037 264.34283
710.87 47543.84 -137.192 17783.168 266.07185
712.01 47194.742 0.315 17644.297 267.48173
713.15 47539.645 217.322 18427.928 259.86133
714.3 47636.547 348.828 17921.557 269.09719
715.44 48009.949 92.335 18611.186 258.75048
716.58 48784.352 277.342 18420.816 267.35237
717.72 47273.754 52.848 18398.945 257.38938
718.87 48530.156 240.855 18262.076 267.95799
720.01 47481.559 117.362 18078.205 263.70809
721.15 47865.461 -54.132 17879.836 267.20017
722.29 47738.363 345.875 18022.965 268.10119
723.43 48486.266 498.882 18553.596 265.78867
724.57 48387.168 450.388 18287.225 268.75158
725.72 47710.066 244.895 18067.354 266.32224
726.86 48360.469 678.902 18459.484 268.1665
728.0 48043.371 164.408 17772.113 271.92052
729.14 48646.273 -2.085 17477.244 278.31937
730.28 47871.176 481.422 17805.373 273.55049
731.42 48555.578 10.928 17753.004 273.61314
732.56 49332.48 722.435 18545.133 272.74235
733.7 48983.383 386.942 18597.262 266.86209
734.84 48812.785 -127.052 17331.393 280.32187
735.98 48778.688 148.955 17932.521 273.4532
737.12 49912.09 -3.038 17789.152 280.54515
738.26 49153.992 17.468 17486.281 281.28141
739.4 49495.395 228.475 17917.912 278.51039
740.53 48567.293 407.482 18162.541 271.24557
741.67 48431.195 273.488 17733.67 275.81447
742.81 50196.098 -222.505 17185.301 289.63215
743.95 48813.5 241.002 17969.93 273.97313
745.09 48930.902 19.508 17370.561 281.89296
746.23 48778.805 399.515 17605.189 281.18217
747.36 49434.707 453.522 17477.32 287.72183
748.5 49482.609 60.028 17069.949 290.5515
749.64 47693.012 25.035 17006.078 280.71289
750.78 47811.414 -5.458 16833.209 283.97065
751.92 47985.316 74.548 16909.838 284.58535
753.05 47409.719 155.555 16258.969 293.4419
754.19 48312.121 635.562 16783.098 295.25594
755.33 46791.02 -151.932 16117.228 288.5395
756.46 45974.922 245.075 16057.357 289.20459
757.6 45817.324 82.082 15697.487 292.88539
758.74 45575.727 562.088 16315.617 285.73686
759.87 45506.129 244.595 16092.247 285.60403
761.01 44118.531 271.102 15563.377 286.72927
762.14 45620.434 234.608 15825.006 291.11397
763.28 45613.336 408.115 15272.136 304.12512
764.41 44352.238 249.121 15157.766 295.82245
765.55 44465.141 -123.872 14748.896 299.80307
766.69 43686.543 289.635 15202.025 291.01242
767.82 43833.445 266.641 15014.155 295.41796
768.95 42921.348 26.148 14525.285 295.84657
770.09 43053.246 737.655 15281.915 290.94358
771.22 43375.648 661.661 15275.044 292.29364
772.36 42999.551 504.168 14678.674 299.80151
773.49 42981.453 489.175 14838.804 296.1211
774.63 42449.355 196.181 14003.434 306.0216
775.76 40671.258 154.688 13969.563 293.28219
776.89 41570.66 428.195 14067.693 301.64207
778.03 41596.063 360.201 13450.823 315.00307
779.16 40512.465 8.708 13358.952 303.39338
780.29 39989.867 308.215 13035.582 311.7821
781.43 39982.77 606.221 13093.712 315.32795
782.56 39409.172 315.228 13181.842 303.84019
783.69 38854.074 11.735 12475.972 311.6303
784.82 37953.977 233.241 12821.602 299.64773
785.96 37926.375 116.748 12587.731 303.1808
787.09 37026.277 204.255 12186.361 307.30842
788.22 36961.18 394.261 12237.99 308.74498
789.35 36972.082 157.768 11739.62 317.86206
790.48 36749.484 142.275 12009.25 308.4797
791.62 35668.387 580.281 11944.38 308.76277
792.75 35247.789 5.288 11194.01 314.98237
793.88 34914.191 737.795 11788.14 309.279
795.01 34512.094 353.801 11355.77 310.47438
796.14 34966.996 404.808 11514.898 311.08827
797.27 33495.398 493.815 11487.528 300.18595
798.4 34058.801 283.321 10909.158 317.86183
799.53 32554.701 -4.672 10310.788 315.63665
800.66 32050.104 316.335 10739.418 304.45664
801.79 33272.004 1276.841 11846.548 302.70625
802.92 32551.908 199.848 10216.178 322.99316
804.05 31667.809 381.855 10327.308 314.57545
805.18 32428.211 290.861 10017.937 330.39068
806.31 31952.113 215.868 9756.066 332.65812
807.44 30870.516 -64.625 9580.196 320.74352
808.57 31406.418 400.381 10089.826 319.99807
809.69 30530.82 400.888 9940.456 315.84168
810.82 30005.223 -163.605 9102.586 325.57959
811.95 31044.623 988.401 10112.216 329.42605
813.08 29984.025 103.908 8928.345 338.60651
814.21 29600.928 1064.915 10169.975 313.40829
815.33 29807.83 282.921 9203.104 330.98993
816.46 28789.232 308.928 9013.734 327.17906
817.59 28624.135 847.435 9490.864 321.36202
818.72 28465.535 504.441 8670.494 342.40647
819.84 27744.938 896.448 9116.124 326.63683
820.97 26948.84 446.454 8550.754 327.01637
822.1 27053.242 593.961 8538.383 333.05484
823.22 26119.145 -30.532 7767.513 335.33632
824.35 26180.547 92.474 7844.143 336.54785
825.48 26291.949 574.481 7850.272 353.46627
826.6 25042.85 310.488 7455.902 346.12914
827.73 25010.252 -144.506 7245.032 340.41045
828.85 24396.154 268.501 7361.662 340.15377
829.98 24637.057 610.008 7638.292 341.86225
831.11 24489.459 70.014 6945.921 355.14507
832.23 24179.361 81.521 6962.051 350.23234
833.36 24002.264 524.528 7592.181 332.18575
834.48 23657.164 259.034 6894.811 352.60577
835.6 23688.566 482.041 7014.94 355.22551
836.73 22869.469 -7.952 6711.07 340.48736
837.85 22544.871 535.054 6989.7 340.99188
838.98 22529.773 -104.439 6228.33 357.41417
840.1 22721.676 458.568 6766.959 352.91261
841.23 22042.076 371.074 6570.589 349.55966
842.35 22819.479 720.581 7111.219 345.80113
843.47 21728.381 248.588 6354.849 351.76671
844.6 21241.783 26.594 6149.978 346.46186
845.72 21867.186 155.101 6077.608 366.60294
846.84 21316.588 134.608 5955.738 363.88089
847.96 21030.49 139.114 5813.368 368.17841
849.09 21152.391 58.121 5820.497 366.06895
850.21 20889.793 232.628 5935.127 362.24757
851.33 20538.195 385.134 5976.757 360.41526
852.45 20278.598 25.141 5610.387 362.62427
853.57 19968.5 232.148 5832.016 352.44314
854.7 19491.902 67.654 5477.146 359.07714
855.82 19189.303 -0.339 5659.776 339.03272
856.94 19816.705 485.168 5827.405 361.86218
858.06 19096.107 -64.326 5132.035 368.72791
859.18 18857.01 425.181 5653.165 352.56092
860.3 19687.912 244.688 5345.295 381.1943
861.42 19023.314 -89.306 5013.424 374.55676
862.54 18249.217 -65.799 4962.554 364.23487
863.66 18384.117 50.708 4975.184 372.29154
864.78 18753.52 186.714 5073.814 379.9146
865.9 18626.922 244.221 5222.943 369.22526
867.02 18203.824 1277.228 6443.073 327.66361
868.14 18450.227 879.234 5701.203 364.39456
869.26 18067.629 575.741 5163.833 381.24535
870.38 17516.031 -90.252 4456.962 387.18829
871.5 17641.932 -94.746 4453.592 389.95952
872.62 17316.834 69.761 4578.222 382.54899
873.74 17131.736 699.268 5511.852 341.44793
874.85 16590.938 40.271 4430.417 376.99584
875.97 17107.438 286.271 4564.417 393.18826
877.09 17006.938 373.271 4811.917 374.74644
878.21 16273.438 220.771 4370.917 386.79767
879.33 16465.438 334.771 4641.417 374.55291
880.44 16337.438 254.771 4375.417 390.29482
881.56 15566.938 111.271 4114.417 386.08804
882.68 15768.938 256.271 4367.917 377.28608
883.79 16577.438 826.771 4988.417 378.47207
884.91 15613.938 -58.229 3702.917 416.68595
886.03 15379.938 456.271 4455.417 373.17137
887.14 15390.938 659.271 4800.417 355.73891
888.26 15576.938 777.271 4809.917 366.99645
889.38 16138.938 636.271 4577.417 393.35432
890.49 15674.438 -89.729 4014.417 384.10347
891.61 16394.438 307.771 4176.917 415.76793
892.72 15835.438 -13.229 4058.417 389.24472
893.84 15788.438 -99.229 3906.917 396.58233
894.95 16066.938 -87.229 3941.917 400.93278
896.07 16457.438 152.271 4075.417 415.61459
897.18 16299.938 384.271 4307.417 405.68636
898.3 15967.438 -41.229 3881.917 408.05688
899.41 16195.938 577.271 4446.917 403.62007
900.53 16659.938 335.771 4029.417 441.95267
901.64 15500.938 462.271 4350.417 386.78249
902.75 15367.438 262.771 4055.917 398.20948
903.87 15296.938 116.771 3876.417 403.76586
904.98 15382.438 403.771 4044.917 411.37233
906.09 15088.438 235.771 3943.917 400.54159
907.21 14655.438 438.771 3919.917 408.39043
908.32 14830.938 198.271 3488.417 444.74218
909.43 14356.938 650.771 3977.917 411.94967
910.54 14118.938 280.271 3820.917 390.85147
911.66 14384.438 1160.771 4581.417 386.58394
912.77 13604.938 85.771 3214.417 432.10919
913.88 13636.938 300.271 3645.417 398.68714
914.99 13019.438 69.271 3371.417 392.17427
916.1 13596.438 349.771 3617.417 405.38868
917.22 13289.438 58.771 2918.417 462.668
918.33 12817.938 688.771 3724.917 399.49222
919.44 12679.438 270.271 3384.417 398.47737
920.55 13219.938 660.771 3674.417 416.74327
921.66 12588.438 428.771 3272.917 427.53315
922.77 12230.438 488.271 3282.417 420.24171
923.88 12574.438 623.271 3542.917 409.33616
924.99 12129.938 373.771 3227.417 411.97006
926.1 11216.438 -11.229 2623.917 426.07381
927.21 11660.438 652.771 3484.417 388.7374
928.32 10782.938 -84.729 2456.417 427.66795
929.43 10801.438 251.771 2756.917 421.11985
930.54 10695.938 111.271 2439.417 454.63932
931.65 10311.438 266.271 2607.917 428.97889
932.76 10248.438 381.771 2750.917 416.46513
933.86 10017.438 302.271 2464.417 449.32984
934.97 9615.438 113.771 2305.417 433.54023
936.08 9090.438 164.771 2138.417 452.24255
937.19 8391.938 708.271 2768.917 372.87661
938.3 7649.938 472.271 2273.917 398.39497
939.4 7080.938 674.771 2431.417 364.68172
940.51 6644.438 305.271 1864.417 406.57947
941.62 6185.438 503.771 1984.417 383.72896
942.73 6317.438 1102.771 2513.917 369.5342
943.83 5759.938 302.771 1592.417 423.15237
944.94 5869.438 338.271 1721.417 399.89759
946.05 5650.438 -35.729 1180.417 467.55633
947.15 5792.938 -25.729 1255.417 454.17678
948.26 5962.438 228.771 1623.917 410.97258
949.36 6048.438 98.271 1469.917 433.79761
950.47 6037.938 326.771 1819.917 382.49223
951.57 6567.938 844.771 2349.917 380.23999
952.68 6446.938 568.771 1976.417 417.58848
953.79 6532.938 439.271 2026.417 383.93869
954.89 6283.438 121.771 1668.417 398.389
955.99 6571.438 391.271 2152.917 350.81776
957.1 6485.938 230.271 1637.417 444.56422
958.2 6804.438 271.271 1806.417 425.57305
959.31 7029.938 455.771 2090.917 402.05383
960.41 6504.938 130.271 1642.917 421.42494
961.52 6680.438 10.271 1452.917 462.3565
962.62 6771.438 493.771 1946.917 432.00529
963.72 6601.438 -50.729 1492.417 431.0783
964.83 6685.438 -70.729 1396.917 460.34041
965.93 6965.438 341.771 1883.917 429.50976
967.03 7054.438 714.271 2232.917 417.48814
968.13 6765.438 466.771 1975.417 417.50467
969.24 6550.938 175.771 1604.417 446.23844
970.34 6516.938 206.771 1605.917 451.00137
971.44 6520.938 265.771 1650.417 451.75212
972.54 6752.938 346.771 1881.917 417.30022
973.64 6189.938 142.271 1643.917 402.7359
974.75 7016.938 1069.771 2472.917 423.84521
975.85 7670.438 3162.271 4867.417 264.38601
976.95 6118.438 189.771 1479.917 459.53463
978.05 6526.938 525.771 1934.917 425.87266
979.15 6399.438 896.271 2298.917 392.34183
980.25 5805.438 99.771 1282.917 482.24544
981.35 5802.938 179.271 1406.417 458.27209
982.45 6548.938 891.771 2297.417 402.46029
983.55 6029.438 462.771 1760.417 428.98199
984.65 6124.938 418.271 1628.917 471.37377
985.75 5737.938 675.271 1828.917 438.84064
986.85 5607.438 372.271 1638.417 413.47266
987.95 5361.438 185.271 1345.917 445.97298
989.05 5514.938 783.271 2071.417 367.32381
990.15 5501.938 628.271 1710.417 450.37061
991.25 5005.938 443.271 1513.917 426.16024
992.34 5239.938 835.771 1982.917 383.92388
993.44 5031.438 478.271 1473.917 457.30788
994.54 4827.438 386.771 1334.417 468.59984
995.64 4703.438 731.271 1754.417 388.23075
996.74 4787.938 789.271 1829.917 384.24857
997.83 4378.938 73.771 1008.417 460.6201
998.93 4667.938 315.271 1299.917 442.05406
1000.03 4963.438 1230.771 2285.917 353.75835
1001.12 4544.438 704.771 1735.417 372.54958
1002.22 4323.938 729.271 1828.417 327.04184
1003.32 4103.938 272.271 1190.917 417.09947
1004.41 4005.938 467.271 1408.417 375.99559
1005.51 3899.938 402.771 1217.917 429.02346
1006.6 3590.438 188.771 987.917 425.6628
1007.7 3710.938 624.271 1470.917 364.57591
1008.8 3527.938 103.271 755.917 524.73584
1009.89 3540.938 577.771 1331.917 392.91694
1010.99 3928.938 384.771 1149.417 463.50438
1012.08 3620.438 47.271 826.417 458.60048
1013.18 3636.938 394.271 1240.917 383.00157
1014.27 3955.438 202.271 1009.417 464.99237
1015.36 3844.438 334.271 1124.417 444.24291
1016.46 3786.938 402.771 1194.917 427.21513
1017.55 3657.438 148.271 862.917 491.03575
1018.65 3562.438 496.771 1208.917 430.48302
1019.74 3509.438 586.771 1441.917 341.77407
1020.83 3350.438 505.271 1239.417 387.54791
1021.93 3234.438 280.271 1081.417 368.74271
1023.02 2908.438 38.271 740.917 408.47984
1024.11 2790.438 63.771 754.417 394.79954
1025.2 2843.438 88.271 722.417 434.46893
1026.3 2889.938 454.271 1131.917 359.43065
1027.39 2882.438 597.771 1268.417 340.66666
1028.48 2811.438 486.771 1072.417 396.94073
1029.57 2571.938 312.771 901.917 383.46475
1030.66 2639.438 451.771 1035.417 374.8278
1031.75 3084.938 1483.271 2155.917 238.11439
1032.84 2587.938 652.771 1237.417 330.99813
1033.94 2341.438 161.271 678.417 421.57674
1035.03 2479.938 773.771 1262.917 348.80533
1036.12 2029.438 90.271 614.917 369.61441
1037.21 1985.938 66.771 609.417 353.66836
1038.3 2313.438 522.771 1049.417 340.01347
1039.39 1894.938 153.271 549.417 439.65288
1040.48 1999.938 455.771 904.417 344.18388
1041.57 2088.938 616.271 1021.917 363.04244
1042.66 1957.938 441.771 862.917 360.00988
1043.74 1978.438 508.271 928.417 349.91817
1044.83 1861.938 543.271 974.917 305.49735
1045.92 1672.938 45.771 481.917 373.07858
1047.01 1853.938 617.771 1054.417 283.10513
1048.1 1411.938 96.771 402.417 430.29107
1049.19 1571.938 502.271 822.417 334.11855
1050.27 1497.438 342.271 705.417 318.09993
1051.36 1497.938 305.271 681.417 317.07559
1052.45 1554.938 469.771 875.417 267.51578
1053.54 1449.938 466.771 758.417 337.10978
1054.62 1439.938 525.271 900.417 243.81627
1055.71 1434.438 467.771 822.917 272.18864
1056.8 1483.938 688.271 1055.917 216.42207
1057.88 1192.938 328.771 652.417 267.00997
1058.97 1300.938 458.771 804.417 243.65016
1060.06 1533.438 834.771 1296.917 151.17884
1061.14 1171.438 367.771 664.417 270.91789
1062.23 1817.438 1608.271 2089.917 43.42747
1063.31 1157.438 547.271 887.917 179.12053
1064.4 1009.938 279.271 610.417 220.64799
1065.48 1193.438 526.771 738.917 314.24919
1066.57 1060.938 362.771 691.917 212.11468
1067.65 1114.438 543.771 885.417 167.03456
1068.74 1060.938 357.271 635.417 252.98478
1069.82 1062.938 544.271 856.417 166.16163
1070.9 1913.438 2151.771 2635.417 -49.27845
1071.99 1087.938 561.771 908.917 151.56933
1073.07 964.938 491.771 826.917 141.18231
1074.15 1022.438 576.771 914.417 131.99234
1075.24 981.938 526.771 764.417 191.53149
1076.32 1056.938 625.771 880.417 169.32012
1077.4 1237.438 963.771 1324.417 75.8824
1078.49 775.938 218.271 494.417 201.94644
1079.57 962.438 655.271 905.917 122.55007
1080.65 1153.938 866.771 1207.917 84.17711
1081.73 828.938 382.771 651.417 166.07987
1082.81 709.438 238.271 479.917 194.98233
1083.89 846.438 548.771 799.417 118.75986
1084.98 839.438 533.271 847.417 97.46004
1086.06 632.438 267.771 470.917 179.50981
1087.14 688.938 283.771 487.417 198.95654
1088.22 787.438 524.771 765.417 109.15071
1089.3 680.938 261.771 458.417 213.15819
1090.38 1151.438 1101.771 1433.417 14.97581
1091.46 860.438 598.771 838.417 109.1889
1092.54 686.438 405.771 657.917 111.31124
1093.62 677.938 412.771 674.917 101.15234
1094.7 565.938 186.271 429.417 156.14772
1095.78 688.938 490.771 699.917 94.75046
1096.86 707.938 545.771 843.917 54.39173
1097.93 1040.938 1146.271 1458.417 -33.74493
1099.01 793.938 802.271 1099.917 -2.79974
1100.09 587.938 334.271 492.917 159.89496
