196.55 785.566 972.948 1339.379 -51.13693
197.76 1074.886 1427.472 1995.603 -62.06057
198.96 993.167 1340.45 1803.191 -75.04931
200.16 656.982 796.077 1227.164 -32.26631
201.36 1049.251 1587.379 2062.06 -113.36635
202.56 751.281 990.115 1401.163 -58.10383
203.76 717.807 849.94 1265.984 -31.75921
204.96 735.334 932.264 1411.806 -41.0664
206.16 600.809 712.367 946.298 -47.68784
207.36 969.218 1181.173 1687.519 -41.85967
208.56 797.084 1052.507 1476.29 -60.27194
209.76 582.296 637.704 982.138 -16.08673
210.96 692.163 888.539 1380.408 -39.92425
212.16 1393.744 2056.997 2537.841 -137.93532
213.36 903.759 1126.644 1600.47 -47.03959
214.56 726.145 890.479 1274.997 -42.73787
215.76 1250.307 1834.94 2402.485 -103.01082
216.96 1071.671 1568.862 2050.473 -103.23517
218.16 849.773 985.792 1447.599 -29.45347
219.35 651.851 716.838 1152.749 -14.90849
220.55 756.07 872.359 1328.661 -25.48528
221.75 665.1 810.596 1150.265 -42.83465
222.95 1107.512 1461.314 1932.768 -75.04482
224.15 882.323 1090.029 1574.459 -42.87638
225.35 694.405 782.472 1287.36 -17.44296
226.55 661.611 792.831 1188.111 -33.1968
227.75 992.512 1378.814 1879.768 -77.11324
228.94 836.796 1122.204 1555.138 -65.92425
230.14 790.68 919.113 1379.351 -27.90564
231.34 715.304 847.028 1265.702 -31.46225
232.54 648.023 780.549 1133.115 -37.58918
233.74 698.41 805.869 1171.11 -29.4214
234.93 665.186 791.951 1221.947 -29.48055
236.13 793.862 951.574 1439.095 -32.34976
237.33 741.298 930.131 1313.452 -49.26232
238.53 729.289 887.381 1239.073 -44.95168
239.72 1024.605 1373.993 1901.015 -66.29463
240.92 575.337 562.676 918.088 3.56243
242.12 953.272 1152.807 1622.13 -42.51532
243.31 705.279 755.63 1186.695 -11.68061
244.51 559.345 627.0 952.653 -20.77518
245.71 990.652 1278.803 1722.062 -65.00743
246.9 1189.845 1688.0 2212.153 -95.04003
248.1 730.787 950.954 1448.759 -44.22756
249.3 764.092 982.33 1398.854 -52.39519
250.49 721.493 893.313 1321.511 -40.12632
251.69 836.44 1049.106 1539.214 -43.39148
252.89 805.099 916.154 1388.919 -23.4905
254.08 542.796 579.204 954.138 -9.71054
255.28 793.088 976.919 1400.072 -43.44296
256.47 552.478 577.666 955.382 -6.66841
257.67 883.22 1159.099 1530.833 -74.21423
258.86 977.388 1172.898 1590.417 -46.82672
260.06 734.873 917.809 1356.442 -41.70608
261.26 1062.403 1459.546 1914.546 -87.28406
262.45 705.502 939.063 1294.389 -65.73146
263.65 452.719 565.158 907.488 -32.84507
264.84 906.923 1081.531 1469.771 -44.97431
266.04 642.099 804.154 1217.419 -39.21331
267.23 493.339 487.661 823.556 1.69034
268.42 591.721 706.584 1015.802 -37.14643
269.62 778.139 882.641 1322.401 -23.7634
270.81 748.375 959.736 1397.256 -48.3089
272.01 749.762 923.056 1333.752 -42.19516
273.2 927.524 1164.034 1567.583 -58.60753
274.4 622.311 664.852 908.767 -17.44076
275.59 866.89 1028.883 1499.385 -34.42997
276.78 735.776 892.718 1361.913 -33.44942
277.98 632.215 772.746 1191.206 -33.58277
279.17 695.176 903.201 1285.069 -54.47541
280.37 674.846 837.985 1198.621 -45.23633
281.56 539.468 528.915 926.504 2.65431
282.75 610.604 617.508 1021.047 -1.71086
283.95 659.678 801.186 1237.537 -32.42979
285.14 715.918 863.193 1247.675 -38.30487
286.33 596.935 700.267 1012.118 -33.13522
287.52 751.004 948.548 1368.358 -47.0558
288.72 922.148 1136.95 1615.434 -44.89213
289.91 1037.03 1410.373 1957.179 -68.27697
291.1 821.184 1007.024 1453.634 -41.61149
292.29 751.04 997.623 1395.057 -62.04385
293.49 820.976 1044.239 1446.568 -55.49261
294.68 595.071 729.845 997.629 -50.32893
295.87 699.32 803.102 1201.145 -26.07293
297.06 762.77 940.38 1418.817 -37.123
298.26 433.438 420.179 733.9 4.22649
299.45 650.779 789.13 1098.195 -44.76442
300.64 697.57 822.859 1190.661 -34.0645
301.83 718.304 857.028 1294.202 -31.73205
303.02 618.409 630.384 1057.142 -2.80615
304.21 853.703 1123.525 1573.39 -59.97852
305.4 703.95 875.356 1160.092 -60.19817
306.59 767.978 920.166 1316.882 -38.36183
307.79 655.643 803.053 1187.683 -38.32511
308.98 555.18 579.113 932.851 -6.7656
310.17 769.145 966.081 1430.275 -42.42546
311.36 671.662 857.597 1178.563 -57.92963
312.55 1094.2 1560.657 2066.731 -92.17166
313.74 507.551 584.359 957.404 -20.58946
314.93 781.084 1009.007 1474.29 -48.98571
316.12 630.122 787.067 1192.958 -38.66669
317.31 422.352 406.823 740.217 4.65778
318.5 464.551 574.859 920.404 -31.92287
319.69 664.013 830.799 1262.736 -38.61335
320.88 656.015 736.225 1134.55 -20.13688
322.07 600.554 607.271 993.686 -1.73806
323.26 543.97 607.342 935.817 -19.29258
324.45 439.468 447.415 793.504 -2.29617
325.64 560.335 766.749 1195.274 -48.16852
326.83 760.684 996.024 1395.634 -58.89272
328.01 655.187 738.436 1110.916 -22.34991
329.2 773.143 976.053 1403.683 -47.44986
330.39 580.77 727.38 1086.817 -40.78884
331.58 559.729 542.908 969.366 3.94426
332.77 896.101 1253.081 1742.233 -72.97923
333.96 475.232 448.82 671.648 11.85325
335.15 541.646 524.964 868.466 4.85639
336.33 519.229 590.908 878.866 -24.89229
337.52 587.968 719.415 1040.504 -40.93787
338.71 624.167 710.45 1050.191 -25.3969
339.9 577.049 614.932 995.09 -9.96517
341.08 595.657 688.2 1067.812 -24.3782
342.27 717.506 879.475 1376.672 -32.5765
343.46 862.135 1063.729 1446.619 -52.65061
344.65 744.635 897.229 1356.119 -33.25282
345.83 816.094 983.257 1460.668 -35.01451
347.02 489.334 470.264 791.306 5.93988
348.21 808.221 1021.584 1513.302 -43.39143
349.4 485.485 462.989 862.946 5.62462
350.58 618.884 718.045 1108.789 -25.37747
351.77 541.41 575.369 941.11 -9.285
352.96 415.841 324.088 698.37 24.51442
354.14 672.828 619.926 1114.21 10.7028
355.33 535.279 536.13 920.695 -0.22128
356.51 459.682 387.098 701.82 23.06286
357.7 620.837 679.734 1173.743 -11.92241
358.89 540.876 511.721 949.225 6.66401
360.07 805.421 915.105 1399.957 -22.62203
361.26 949.235 1061.79 1572.085 -22.05678
362.44 705.808 733.483 1177.108 -6.23841
363.63 541.158 481.743 950.435 12.67671
364.81 635.231 531.437 1069.458 19.29188
366.0 456.988 276.518 729.538 39.83705
367.18 1182.692 1403.392 2092.821 -32.01192
368.37 537.773 529.85 875.253 2.29378
369.55 710.584 737.065 1246.445 -5.19875
370.74 813.824 911.572 1458.582 -17.86963
371.92 957.674 1158.332 1668.41 -39.3389
373.11 548.044 476.078 1016.963 13.3052
374.29 567.117 421.772 908.985 29.83198
375.48 602.057 531.741 1060.623 13.29532
376.66 601.385 441.53 902.257 34.6963
377.84 1001.773 953.85 1582.253 7.62612
379.03 596.104 405.051 908.67 37.93612
380.21 564.64 332.184 747.024 56.03502
381.39 479.599 266.212 675.074 52.19036
382.58 877.485 816.548 1409.101 10.2838
383.76 1056.515 1148.784 1715.705 -16.2755
384.94 1171.44 1254.164 1936.868 -12.11714
386.13 660.024 426.593 963.237 43.49822
387.31 779.413 618.339 1185.047 28.42273
388.49 674.76 474.688 1029.093 36.08767
389.68 892.749 637.952 1263.246 40.74826
390.86 824.228 567.466 1204.521 40.3045
392.04 1046.378 982.706 1677.693 9.16157
393.22 880.728 445.466 1111.021 65.39835
394.41 821.739 473.202 1085.367 56.93511
395.59 697.108 193.463 865.952 74.8927
396.77 968.779 552.689 1295.349 56.02694
397.95 939.443 637.576 1375.151 40.92704
399.13 1162.419 792.678 1560.643 48.14554
400.31 1038.267 447.511 1233.657 75.1458
401.5 1208.215 626.304 1514.36 65.52634
402.68 1268.599 734.712 1616.074 60.57517
403.86 1040.509 434.445 1296.108 70.33648
405.04 1314.796 807.263 1861.292 48.15167
406.22 1037.996 367.783 1341.448 68.83402
407.4 1411.305 697.013 1747.671 67.98523
408.58 1544.095 814.301 1875.791 68.75182
409.76 1610.537 947.755 2029.398 61.27546
410.94 1439.728 624.466 1721.521 74.31368
412.12 1391.97 502.9 1505.972 88.6347
413.3 1316.543 359.093 1500.994 83.84696
414.48 1262.642 371.111 1363.838 89.80628
415.66 1377.275 445.277 1491.567 89.07644
416.84 1933.282 1233.1 2392.132 60.41096
418.02 1688.232 623.378 1795.303 90.86364
419.2 1652.803 419.586 1512.357 112.8523
420.38 1615.848 583.97 1792.589 85.37657
421.56 1533.696 427.245 1581.949 95.82123
422.74 1848.855 1081.794 2295.154 63.21795
423.92 1802.187 865.995 2097.57 76.0158
425.1 1642.142 464.111 1706.838 94.79404
426.28 1723.706 405.995 1712.327 100.87104
427.46 2374.086 1356.492 2799.259 70.53074
428.63 1962.651 571.861 2000.716 97.336
429.81 1949.627 687.964 1968.209 98.54859
430.99 1969.015 754.784 2180.705 85.15416
432.17 2039.172 1145.347 2523.941 64.83596
433.35 2003.593 827.316 2288.823 80.48388
434.52 1789.723 155.069 1442.77 126.94359
435.7 1898.871 376.383 1827.128 104.94519
436.88 2435.902 840.104 2306.7 108.80963
438.06 2268.904 552.531 2072.014 112.9577
439.23 2220.762 399.115 1956.406 116.97532
440.41 2339.64 594.126 2298.869 102.39162
441.59 2324.368 828.456 2548.315 86.9788
442.77 2172.938 276.679 1951.4 113.22836
443.94 2536.2 760.657 2663.231 93.3232
445.12 2643.693 769.833 2568.167 104.19978
446.3 2949.382 1093.118 2946.475 100.15682
447.47 2916.857 666.72 2632.968 114.43814
448.65 3175.34 720.646 2715.525 123.0498
449.82 3022.84 500.146 2418.525 131.50136
451.0 3084.618 609.213 2599.83 124.35362
452.18 2977.333 476.823 2644.96 115.32986
453.35 3124.82 530.16 2753.3 116.7115
454.53 3196.771 558.865 2819.285 116.69983
455.7 3230.457 334.238 2713.311 121.73726
456.88 3847.168 945.935 3424.159 117.06905
458.05 3902.296 591.763 3040.792 135.17734
459.23 4002.015 315.784 2806.205 148.01639
460.4 4464.82 580.16 3298.8 142.88984
461.58 4561.548 719.432 3462.09 140.08731
462.75 4315.192 315.333 3204.667 138.43537
463.93 4436.519 628.696 3520.987 131.6542
465.1 4474.584 525.065 3629.945 127.20361
466.28 4442.801 218.101 3243.888 139.62317
467.45 4625.82 146.66 3291.8 142.41529
468.63 5039.816 523.249 3846.018 135.92783
469.8 5642.635 870.287 4222.273 142.37372
470.97 5652.676 405.259 3823.724 153.50215
472.15 6067.818 595.675 4138.332 154.46441
473.32 6199.301 704.601 4322.388 151.88014
474.49 6341.326 859.499 4671.896 143.7895
475.67 6000.343 507.573 4177.839 149.65591
476.84 5798.083 327.08 4088.476 145.45138
478.01 5942.172 636.347 4688.941 130.92415
479.19 6111.616 548.728 4557.862 138.75537
480.36 6153.045 309.02 4472.808 140.35356
481.53 6689.85 596.897 4836.903 143.70151
482.7 7068.76 497.129 4733.938 155.10804
483.88 7235.674 275.774 4583.755 161.55827
485.05 7561.168 361.935 4823.659 161.35542
486.22 7744.109 478.405 4938.797 162.89382
487.39 7584.081 333.595 4795.508 162.49725
488.56 7589.631 485.876 5021.991 156.60437
489.74 7583.657 897.2 5619.313 141.59885
490.91 7151.979 242.651 4990.851 145.5147
492.08 7341.631 375.876 5230.491 143.48727
493.25 7221.137 278.714 5092.587 144.21699
494.42 7707.794 476.778 5228.824 152.16637
495.59 7995.695 417.26 5317.48 154.65498
496.76 8321.556 465.756 5367.155 160.27668
497.93 8790.106 610.478 5616.483 163.39631
499.1 8854.955 572.753 5591.843 165.01402
500.27 9076.773 1040.792 6267.099 153.76023
501.44 8962.524 1228.534 6296.083 152.61797
502.61 8376.5 423.137 5408.076 159.54785
503.78 8369.947 629.929 5761.278 150.83788
504.95 8558.486 1123.474 6516.415 137.86564
506.12 8131.427 696.943 5888.053 143.21569
507.29 7973.678 335.186 5433.538 149.82277
508.46 8219.459 32.165 5307.125 155.21054
509.63 9248.959 1258.165 6645.125 148.33587
510.8 9477.161 1179.612 6671.095 151.09852
511.97 9431.123 558.552 5824.426 168.49189
513.14 9456.804 258.528 5792.702 166.20864
514.31 10030.216 785.746 6241.206 169.45355
515.48 9845.204 495.01 6045.359 168.46138
516.65 9625.322 525.087 6124.614 162.51794
517.81 9503.753 355.806 5922.374 164.3373
518.98 9556.686 695.01 6349.102 156.7303
520.15 9240.279 161.13 5858.695 159.3514
521.32 9506.921 703.605 6464.457 152.81274
522.49 10152.465 1502.503 7468.221 144.99448
523.65 10303.051 1158.859 7184.404 151.75708
524.82 10059.343 638.073 6545.839 159.47263
525.99 10238.944 78.517 6017.496 171.08037
527.16 10878.354 631.25 6882.031 163.93319
528.32 11196.058 730.182 7018.969 166.42122
529.49 11551.9 411.619 6654.732 178.44113
530.66 11462.81 114.367 6539.298 176.63134
531.82 11521.388 180.957 6592.071 176.88704
532.99 11590.674 320.274 6997.255 168.79484
534.16 11614.575 444.256 7148.912 166.60542
535.32 11975.989 794.401 7641.229 163.3105
536.49 11679.229 294.408 7207.866 164.6762
537.65 12452.863 1011.059 8080.564 161.84732
538.82 12217.612 321.816 7430.58 167.33988
539.99 12665.376 642.721 8076.725 161.72517
541.15 13363.11 818.39 8357.766 166.38938
542.32 13572.126 147.979 7854.74 174.18662
543.48 14712.118 811.155 8785.676 174.31722
544.65 15023.553 992.785 8917.718 177.04589
545.81 16511.773 1483.292 10133.099 173.74355
546.98 16521.939 503.106 9285.714 182.39267
548.14 17396.273 783.792 9857.099 183.09181
549.31 17132.029 402.873 9415.179 185.62571
550.47 17188.928 469.443 9763.554 179.89333
551.63 17775.752 914.806 10766.874 171.14118
552.8 17689.203 454.584 10034.545 179.90281
553.96 17804.311 459.852 10240.767 177.32962
555.13 17838.166 391.45 10690.69 169.39809
556.29 18512.721 934.084 11394.302 168.0523
557.45 18612.008 274.46 10552.64 178.41241
558.62 19373.766 523.468 11224.534 176.15345
559.78 19830.439 771.606 11627.214 175.56671
560.94 20368.246 371.982 11276.809 183.37077
562.11 21173.342 391.088 11510.37 186.90284
563.27 21703.506 157.975 11361.672 192.30734
564.43 22185.369 32.397 11656.66 190.57528
565.59 22505.352 205.838 12004.749 188.99637
566.76 23064.842 351.073 12192.839 191.81066
567.92 23531.211 571.349 12448.455 193.31192
569.08 23333.783 715.042 13216.978 180.92192
570.24 23511.164 352.024 12896.877 184.61069
571.4 23888.791 226.366 12819.042 187.90625
572.57 23403.471 367.342 13100.317 180.91709
573.73 23327.684 55.524 13072.134 178.78818
574.89 24195.557 452.697 13544.0 181.36361
576.05 24554.219 476.158 13770.987 181.10846
577.21 24513.637 157.714 13514.587 182.34749
578.37 25051.787 18.954 13640.76 183.7703
579.53 25766.758 193.644 13978.47 185.51641
580.69 26614.043 597.535 14724.34 184.16414
581.85 26783.088 351.919 14327.072 189.12972
583.01 27655.27 401.88 14435.816 194.19633
584.17 28082.592 484.83 14656.854 194.73409
585.33 28564.943 572.517 14948.496 194.71666
586.49 28731.814 377.763 14735.049 197.48894
587.65 28392.295 573.278 15187.824 190.35156
588.81 28280.564 566.521 15553.064 184.92619
589.97 28513.068 929.433 15628.847 187.65126
591.13 27810.545 421.02 15287.808 184.23297
592.29 27533.861 336.574 15254.096 182.31773
593.45 27573.08 213.595 14965.508 185.46398
594.61 27550.623 134.052 15178.927 182.23197
595.77 27313.027 196.961 15395.896 178.40767
596.93 27580.441 91.091 14998.683 184.39833
598.09 27769.455 382.753 15545.343 180.62021
599.24 28301.121 138.067 15446.458 183.97135
600.4 28482.814 291.763 15433.549 186.1805
601.56 28319.629 233.39 15322.522 186.13555
602.72 28920.801 368.616 15465.42 189.12735
603.87 29520.021 473.064 15310.146 195.7727
605.03 29493.301 232.116 15238.92 194.98612
606.19 29401.324 148.514 14826.428 199.29815
607.35 29290.361 -3.926 15131.096 193.55299
608.5 29170.406 594.457 15492.328 191.8123
609.66 29422.998 989.651 15859.107 191.21982
610.82 28820.014 146.299 15137.236 191.27366
611.97 28310.721 125.084 14915.802 190.56301
613.13 28521.475 573.754 15514.6 187.05581
614.29 27864.605 496.993 15383.016 183.84771
615.44 27641.164 717.539 15456.908 182.6647
616.6 27299.139 180.141 14843.401 184.94521
617.76 27376.846 663.0 15414.652 181.09053
618.91 27492.512 726.314 15170.268 185.31074
620.07 26922.023 641.049 15204.114 180.46321
621.22 27151.621 17.567 14577.958 186.35526
622.38 28023.721 1061.084 15637.302 184.97691
623.53 27137.791 78.366 14625.542 186.01153
624.69 27529.52 112.137 14268.832 193.67079
625.84 27565.283 217.542 14299.978 194.19752
627.0 28105.627 488.964 14831.709 192.54796
628.15 27925.82 -0.398 14734.646 189.52247
629.31 27803.318 318.175 14728.331 190.73453
630.46 27803.266 -23.532 14344.034 193.67788
631.61 27682.898 374.134 14629.264 191.57149
632.77 28062.797 228.189 14833.106 190.58381
633.92 27493.77 495.38 14691.816 190.17723
635.08 27676.963 949.577 15177.407 187.85286
636.23 27308.746 308.482 14744.809 187.03002
637.38 26902.984 -74.511 14334.446 187.22726
638.54 27022.195 654.76 15135.48 182.08649
639.69 26706.611 936.831 15459.111 177.44996
640.84 26419.031 490.402 14738.753 181.97635
641.99 26924.756 97.409 14039.882 192.41455
643.15 27096.482 816.916 14835.512 187.46219
644.3 26343.709 95.422 14179.142 186.37326
645.45 25991.936 -58.071 14110.771 183.85416
646.6 27009.662 811.436 15075.401 183.6672
647.75 26885.389 161.942 14418.031 187.45286
648.91 27092.615 -136.551 13971.661 193.00224
650.06 27118.342 225.455 14825.291 184.19993
651.21 27960.068 417.462 14565.42 194.67549
652.36 27660.793 450.969 14709.05 190.83791
653.51 27182.02 101.475 14213.68 191.8945
654.66 27457.246 273.982 14861.81 186.3421
655.81 27913.473 651.989 15048.939 189.35596
656.96 27782.199 69.495 14402.569 193.34794
658.11 27803.426 365.002 14800.199 190.08001
659.27 27630.152 531.009 14925.328 188.26276
660.42 27469.879 29.015 14459.958 190.15295
661.57 27599.104 421.022 14835.088 188.5525
662.72 26846.83 -139.971 14611.718 182.94042
663.87 27224.557 -99.965 14122.848 192.11757
665.01 27147.783 316.042 14693.978 186.61748
666.16 27569.01 41.049 14739.607 187.2834
667.31 27422.736 95.555 14982.237 183.56798
668.46 28076.463 760.562 15722.366 182.5709
669.61 27340.689 206.069 15547.996 176.86579
670.76 28472.416 4.575 15214.626 187.16467
671.91 28720.641 769.582 16378.756 179.06815
673.06 29902.367 519.589 16014.886 189.62385
674.21 28345.594 -161.405 15583.016 181.06096
675.35 29424.82 284.102 15720.146 188.7836
676.5 29122.047 167.609 15849.774 184.63291
677.65 29434.773 72.615 15783.904 186.88574
678.8 29283.5 -110.878 15727.034 185.59503
679.94 30817.227 40.629 16048.164 192.26319
681.09 31376.951 370.135 17049.793 185.896
682.24 31671.678 363.142 17513.924 182.54874
683.39 31231.904 -1.851 17222.553 181.33432
684.53 32572.631 558.155 17196.684 192.4117
685.68 32240.857 214.662 17614.813 184.057
686.83 32255.084 301.169 17607.443 184.63774
687.97 31759.311 298.175 17622.072 181.60542
689.12 32494.537 178.182 17514.703 186.40623
690.27 31722.764 68.189 17408.832 182.54556
691.41 32100.488 468.195 17969.961 180.73772
692.56 31797.715 358.702 17742.592 180.85143
693.7 32815.441 378.709 17681.721 187.46293
694.85 32580.668 48.215 17192.852 189.75295
695.99 32237.895 398.222 17794.98 183.02072
697.14 32197.621 184.229 17551.111 184.33586
698.28 32273.348 342.735 18251.74 178.29361
699.43 32335.074 391.242 18390.369 177.47434
700.57 31834.299 -74.251 17710.5 179.41522
701.72 32412.025 -50.745 17219.129 187.97341
702.86 32250.752 -107.738 17549.26 183.26156
704.01 33087.48 50.269 17415.389 190.25041
705.15 33060.203 433.275 18332.02 182.28613
706.29 33326.43 126.782 17723.648 188.66795
707.44 33211.656 171.288 18374.777 181.50569
708.58 33372.383 -124.205 17936.408 185.46761
709.72 33225.609 629.302 18731.037 180.07283
710.87 33616.336 -137.192 17783.168 188.35296
712.01 33130.563 0.315 17644.297 187.77081
713.15 33497.289 217.322 18427.928 182.75047
714.3 33608.516 348.828 17921.557 189.26877
715.44 33460.742 92.335 18611.186 180.18617
716.58 33293.469 277.342 18420.816 181.97246
717.72 33063.695 52.848 18398.945 179.9339
718.87 34276.422 240.855 18262.076 188.86382
720.01 32656.146 117.362 18078.205 181.16513
721.15 33246.375 -54.132 17879.836 185.68399
722.29 33317.602 345.875 18022.965 186.52237
723.43 33321.328 498.882 18553.596 181.79433
724.57 33079.051 450.388 18287.225 182.92853
725.72 32298.779 244.895 18067.354 179.85108
726.86 32708.006 678.902 18459.484 180.13529
728.0 32549.232 164.408 17772.113 183.92416
729.14 32492.959 -2.085 17477.244 185.90556
730.28 32282.184 481.422 17805.373 183.56529
731.42 32042.91 10.928 17753.004 180.54247
732.56 32747.637 722.435 18545.133 179.68773
733.7 32229.863 386.942 18597.262 174.86195
734.84 32292.09 -127.052 17331.393 185.69319
735.98 33057.816 148.955 17932.521 185.05209
737.12 32845.543 -3.038 17789.152 184.62359
738.26 32043.27 17.468 17486.281 183.3313
739.4 32567.994 228.475 17917.912 182.81825
740.53 32184.221 407.482 18162.541 178.97287
741.67 31710.447 273.488 17733.67 180.04944
742.81 32486.674 -222.505 17185.301 187.89949
743.95 31764.4 241.002 17969.93 177.8077
745.09 31605.627 19.508 17370.561 182.04152
746.23 31497.854 399.515 17605.189 180.74466
747.36 31656.58 453.522 17477.32 183.29081
748.5 31428.805 60.028 17069.949 184.41459
749.64 30123.531 25.035 17006.078 177.24763
750.78 30819.258 -5.458 16833.209 183.05912
751.92 30920.984 74.548 16909.838 183.22486
753.05 29907.711 155.555 16258.969 184.75682
754.19 30815.938 635.562 16783.098 186.90391
755.33 29279.164 -151.932 16117.228 180.90115
756.46 29522.891 245.075 16057.357 185.15869
757.6 28717.117 82.082 15697.487 183.37683
758.74 28375.342 562.088 16315.617 176.55253
759.87 28458.068 244.595 16092.247 178.02936
761.01 27519.295 271.102 15563.377 178.18273
762.14 27480.021 234.608 15825.006 174.75765
763.28 28501.748 408.115 15272.136 189.00426
764.41 27290.975 249.121 15157.766 181.38372
765.55 27070.701 -123.872 14748.896 182.8481
766.69 26081.428 289.635 15202.025 172.95545
767.82 26607.152 266.641 15014.155 178.60984
768.95 26733.879 26.148 14525.285 184.20221
770.09 25984.105 737.655 15281.915 173.5836
771.22 26338.332 661.661 15275.044 175.70655
772.36 25749.559 504.168 14678.674 178.1042
773.49 25385.785 489.175 14838.804 173.50003
774.63 25248.512 196.181 14003.434 181.44327
775.76 23874.738 154.688 13969.563 171.69934
776.89 24675.465 428.195 14067.693 177.77244
778.03 24562.689 360.201 13450.823 184.88417
779.16 23967.416 8.708 13358.952 179.4627
780.29 23573.143 308.215 13035.582 182.7945
781.43 24103.369 606.221 13093.712 188.16549
782.56 22867.596 315.228 13181.842 175.27819
783.69 22463.822 11.735 12475.972 180.13207
784.82 21777.049 233.241 12821.602 171.1407
785.96 21454.275 116.748 12587.731 171.09739
787.09 21528.0 204.255 12186.361 177.96324
788.22 21387.227 394.261 12237.99 177.24963
789.35 20811.453 157.768 11739.62 178.328
790.48 20538.68 142.275 12009.25 171.87535
791.62 20121.906 580.281 11944.38 171.95931
792.75 20046.633 5.288 11194.01 179.12095
793.88 19536.859 737.795 11788.14 170.12197
795.01 19994.586 353.801 11355.77 178.52064
796.14 19917.313 404.808 11514.898 175.62867
797.27 18583.037 493.815 11487.528 164.54151
798.4 18752.264 283.321 10909.158 173.81165
799.53 18015.99 -4.672 10310.788 174.69567
800.66 18059.217 316.335 10739.418 170.22681
801.79 18494.943 1276.841 11846.548 162.90047
802.92 17607.67 199.848 10216.178 173.79442
804.05 17249.396 381.855 10327.308 169.60054
805.18 16766.623 290.861 10017.937 169.38043
806.31 17517.848 215.868 9756.066 181.3587
807.44 16862.574 -64.625 9580.196 175.50557
808.57 17089.301 400.381 10089.826 172.23814
809.69 16797.527 400.888 9940.456 171.88031
810.82 15778.754 -163.605 9102.586 172.04867
811.95 16757.48 988.401 10112.216 172.83428
813.08 15531.707 103.908 8928.345 174.83041
814.21 16120.933 1064.915 10169.975 165.3588
815.33 15697.659 282.921 9203.104 172.80741
816.46 14995.886 308.928 9013.734 168.72239
817.59 14824.612 847.435 9490.864 161.7087
818.72 14852.838 504.441 8670.494 175.70786
819.84 15056.564 896.448 9116.124 172.27098
820.97 14329.791 446.454 8550.754 171.30829
822.1 13931.518 593.961 8538.383 167.88581
823.22 13262.243 -30.532 7767.513 170.46292
824.35 13719.47 92.474 7844.143 175.79436
825.48 13451.196 574.481 7850.272 176.98027
826.6 12879.923 310.488 7455.902 175.90911
827.73 12840.148 -144.506 7245.032 175.71674
828.85 12588.875 268.501 7361.662 173.69371
829.98 12737.602 610.008 7638.292 172.55413
831.11 12063.328 70.014 6945.921 174.42519
832.23 12147.555 81.521 6962.051 175.36489
833.36 12423.28 524.528 7592.181 168.35508
834.48 11576.507 259.034 6894.811 170.55235
835.6 12032.233 482.041 7014.94 176.8004
836.73 11682.46 -7.952 6711.07 173.98979
837.85 11419.686 535.054 6989.7 168.63252
838.98 10873.912 -104.439 6228.33 173.35784
840.1 11428.139 458.568 6766.959 173.88856
841.23 10883.365 371.074 6570.589 169.56636
842.35 10820.091 720.581 7111.219 158.03602
843.47 11076.817 248.588 6354.849 177.32995
844.6 10429.544 26.594 6149.978 169.88891
845.72 10538.271 155.101 6077.608 175.31714
846.84 10592.996 134.608 5955.738 179.66251
847.96 10403.223 139.114 5813.368 180.88914
849.09 10429.449 58.121 5820.497 179.98354
850.21 10417.676 232.628 5935.127 178.60674
851.33 10233.902 385.134 5976.757 176.13435
852.45 9477.128 25.141 5610.387 169.23135
853.57 9528.354 232.148 5832.016 166.00759
854.7 9466.581 67.654 5477.146 173.7488
855.82 9371.308 -0.339 5659.776 165.57343
856.94 9494.033 485.168 5827.405 168.63468
858.06 8913.26 -64.326 5132.035 172.76678
859.18 8937.986 425.181 5653.165 162.83151
860.3 9022.713 244.688 5345.295 172.09765
861.42 8976.438 -89.306 5013.424 177.66459
862.54 8511.665 -65.799 4962.554 170.58197
863.66 8861.392 50.708 4975.184 178.91615
864.78 8750.618 186.714 5073.814 175.23489
865.9 8564.844 244.221 5222.943 167.12365
867.02 9022.57 1277.228 6443.073 149.93368
868.14 8990.297 879.234 5701.203 168.2106
869.26 8476.023 575.741 5163.833 172.19102
870.38 8024.25 -90.252 4456.962 178.44993
871.5 7934.476 -94.746 4453.592 176.53089
872.62 8076.202 69.761 4578.222 177.587
873.74 8065.929 699.268 5511.852 153.07081
874.85 7741.542 40.271 4430.417 175.42176
875.97 7685.542 286.271 4564.417 172.95509
877.09 8060.542 373.271 4811.917 173.18955
878.21 7247.542 220.771 4370.917 169.31383
879.33 7457.542 334.771 4641.417 165.39022
880.44 7296.042 254.771 4375.417 170.87785
881.56 6632.542 111.271 4114.417 162.90366
882.68 6881.542 256.271 4367.917 161.13428
883.79 7446.542 826.771 4988.417 159.06618
884.91 6767.542 -58.229 3702.917 181.48114
886.03 6602.042 456.271 4455.417 153.67709
887.14 6813.542 659.271 4800.417 148.61275
888.26 7031.542 777.271 4809.917 155.091
889.38 7288.042 636.271 4577.417 168.77759
890.49 6741.042 -89.729 4014.417 166.43586
891.61 7325.042 307.771 4176.917 181.36486
892.72 6828.542 -13.229 4058.417 168.03452
893.84 7216.042 -99.229 3906.917 182.6012
894.95 6881.542 -87.229 3941.917 172.959
896.07 7131.042 152.271 4075.417 177.8871
897.18 7020.042 384.271 4307.417 169.14413
898.3 6515.542 -41.229 3881.917 167.13043
899.41 7082.042 577.271 4446.917 168.09732
900.53 6706.542 335.771 4029.417 172.47919
901.64 6853.042 462.271 4350.417 164.36552
902.75 6769.542 262.771 4055.917 171.54022
903.87 6533.542 116.771 3876.417 170.67487
904.98 6577.042 403.771 4044.917 169.54197
906.09 6484.542 235.771 3943.917 168.51469
907.21 6107.542 438.771 3919.917 162.84209
908.32 6356.042 198.271 3488.417 187.15798
909.43 6118.542 650.771 3977.917 164.33817
910.54 6077.042 280.271 3820.917 163.72071
911.66 6298.542 1160.771 4581.417 150.19886
912.77 5601.542 85.771 3214.417 176.29897
913.88 5657.542 300.271 3645.417 160.15058
914.99 5324.042 69.271 3371.417 159.132
916.1 5692.042 349.771 3617.417 163.48989
917.22 5083.042 58.771 2918.417 175.69555
918.33 5257.542 688.771 3724.917 150.47928
919.44 5242.042 270.271 3384.417 159.65118
920.55 5646.042 660.771 3674.417 165.42324
921.66 5187.542 428.771 3272.917 167.31809
922.77 5025.542 488.271 3282.417 162.38489
923.88 5083.542 623.271 3542.917 152.76752
924.99 4928.042 373.771 3227.417 159.59481
926.1 4542.042 -11.229 2623.917 172.79008
927.21 4825.042 652.771 3484.417 147.34436
928.32 4132.542 -84.729 2456.417 165.95941
929.43 4229.542 251.771 2756.917 158.78399
930.54 4030.542 111.271 2439.417 168.34301
931.65 4181.542 266.271 2607.917 167.20165
932.76 4041.542 381.771 2750.917 154.47638
933.86 3995.542 302.271 2464.417 170.81506
934.97 3913.042 113.771 2305.417 173.35241
936.08 3575.042 164.771 2138.417 172.79041
937.19 3638.542 708.271 2768.917 142.20157
938.3 3147.042 472.271 2273.917 148.46263
939.4 3093.042 674.771 2431.417 137.66411
940.51 2655.042 305.271 1864.417 150.70886
941.62 2705.042 503.771 1984.417 148.66965
942.73 2937.042 1102.771 2513.917 129.9845
943.83 2377.542 302.771 1592.417 160.87913
944.94 2274.542 338.271 1721.417 139.99037
946.05 2023.542 -35.729 1180.417 169.32763
947.15 2164.042 -25.729 1255.417 170.92285
948.26 2351.042 228.771 1623.917 152.11822
949.36 2338.042 98.271 1469.917 163.29077
950.47 2502.042 326.771 1819.917 145.68376
951.57 2800.042 844.771 2349.917 129.90574
952.68 2658.042 568.771 1976.417 148.42306
953.79 2684.042 439.271 2026.417 141.43445
954.89 2445.042 121.771 1668.417 150.21351
955.99 2618.542 391.271 2152.917 126.43125
957.1 2625.542 230.271 1637.417 170.22194
958.2 2506.542 271.271 1806.417 145.60643
959.31 2691.042 455.771 2090.917 136.70162
960.41 2420.042 130.271 1642.917 151.37522
961.52 2348.542 10.271 1452.917 162.08212
962.62 2703.542 493.771 1946.917 152.06808
963.72 2370.542 -50.729 1492.417 156.90487
964.83 2451.042 -70.729 1396.917 171.82422
965.93 2564.542 341.771 1883.917 144.13494
967.03 2722.542 714.271 2232.917 132.24089
968.13 2653.042 466.771 1975.417 144.91612
969.24 2410.042 175.771 1604.417 156.39082
970.34 2492.042 206.771 1605.917 163.33329
971.44 2418.042 265.771 1650.417 155.43838
972.54 2496.042 346.771 1881.917 140.00435
973.64 2263.042 142.271 1643.917 141.22977
974.75 2830.542 1069.771 2472.917 125.48737
975.85 3908.542 3162.271 4867.417 43.76582
976.95 2166.542 189.771 1479.917 153.22074
978.05 2445.542 525.771 1934.917 136.2365
979.15 2602.542 896.271 2298.917 121.64659
980.25 2134.042 99.771 1282.917 171.93747
981.35 2129.042 179.271 1406.417 158.88666
982.45 2537.042 891.771 2297.417 117.04732
983.55 2289.042 462.771 1760.417 140.73724
984.65 2181.042 418.271 1628.917 145.60584
985.75 2199.542 675.271 1828.917 132.12642
986.85 1991.042 372.271 1638.417 127.85027
987.95 1864.042 185.271 1345.917 144.6411
989.05 2159.042 783.271 2071.417 106.80241
990.15 2118.542 628.271 1710.417 137.71443
991.25 1883.542 443.271 1513.917 134.52356
992.34 2078.542 835.771 1982.917 108.33592
993.44 1838.042 478.271 1473.917 136.57174
994.54 1764.042 386.771 1334.417 145.33603
995.64 1955.542 731.271 1754.417 119.65751
996.74 1948.542 789.271 1829.917 111.39917
997.83 1512.542 73.771 1008.417 153.93754
998.93 1688.042 315.271 1299.917 139.41773
1000.03 2015.042 1230.771 2285.917 74.32818
1001.12 1841.042 704.771 1735.417 110.24843
1002.22 1726.542 729.271 1828.417 90.73144
1003.32 1403.542 272.271 1190.917 123.14548
1004.41 1496.042 467.271 1408.417 109.31046
1005.51 1347.042 402.771 1217.917 115.84072
1006.6 1240.042 188.771 987.917 131.5493
1007.7 1503.542 624.271 1470.917 103.85344
1008.8 1156.542 103.271 755.917 161.38474
1009.89 1433.042 577.771 1331.917 113.40921
1010.99 1398.542 384.771 1149.417 132.58045
1012.08 1170.542 47.271 826.417 144.16695
1013.18 1347.042 394.271 1240.917 112.53476
1014.27 1329.042 202.271 1009.417 139.5994
1015.36 1400.042 334.271 1124.417 134.8828
1016.46 1355.042 402.771 1194.917 120.21408
1017.55 1152.042 148.271 862.917 140.45709
1018.65 1298.042 496.771 1208.917 112.51499
1019.74 1402.542 586.771 1441.917 95.39552
1020.83 1276.042 505.271 1239.417 104.98879
1021.93 1157.042 280.271 1081.417 109.43961
1023.02 1025.042 38.271 740.917 140.43644
1024.11 1039.042 63.771 754.417 141.21142
1025.2 1002.042 88.271 722.417 144.09475
1026.3 1146.042 454.271 1131.917 102.08442
1027.39 1165.042 597.771 1268.417 84.58575
1028.48 1085.542 486.771 1072.417 102.24112
1029.57 975.042 312.771 901.917 112.41204
1030.66 964.042 451.771 1035.417 87.77085
1031.75 1569.042 1483.271 2155.917 12.75125
1032.84 1049.042 652.771 1237.417 67.77964
1033.94 790.542 161.271 678.417 121.6815
1035.03 1066.542 773.771 1262.917 59.85348
1036.12 715.542 90.271 614.917 119.1796
1037.21 724.542 66.771 609.417 121.21549
1038.3 947.042 522.771 1049.417 80.56095
1039.39 633.042 153.271 549.417 121.10965
1040.48 854.542 455.771 904.417 88.88321
1041.57 856.542 616.271 1021.917 59.23168
1042.66 783.542 441.771 862.917 81.15261
1043.74 808.042 508.271 928.417 71.34923
1044.83 833.542 543.271 974.917 67.24746
1045.92 548.542 45.771 481.917 115.27586
1047.01 820.042 617.771 1054.417 46.32379
1048.1 458.542 96.771 402.417 118.36276
1049.19 668.542 502.271 822.417 51.93597
1050.27 638.542 342.271 705.417 81.58453
1051.36 582.542 305.271 681.417 73.71365
1052.45 697.042 469.771 875.417 56.02691
1053.54 665.542 466.771 758.417 68.15487
1054.62 703.542 525.271 900.417 47.52041
1055.71 704.042 467.771 822.917 66.52784
1056.8 787.542 688.271 1055.917 27.00177
1057.88 535.042 328.771 652.417 63.73351
1058.97 602.042 458.771 804.417 41.45019
1060.06 832.042 834.771 1296.917 -0.59053
1061.14 581.542 367.771 664.417 72.06265
1062.23 1286.042 1608.271 2089.917 -66.90169
1063.31 648.042 547.271 887.917 29.5823
1064.4 435.542 279.271 610.417 47.19093
1065.48 626.042 526.771 738.917 46.79369
1066.57 533.042 362.771 691.917 51.73112
1067.65 650.042 543.771 885.417 31.10556
1068.74 484.542 357.271 635.417 45.75686
1069.82 610.542 544.271 856.417 21.23074
1070.9 1517.542 2151.771 2635.417 -131.13499
1071.99 582.542 561.771 908.917 5.98333
1073.07 523.542 491.771 826.917 9.47971
1074.15 593.042 576.771 914.417 4.81892
1075.24 541.542 526.771 764.417 6.2155
1076.32 580.042 625.771 880.417 -17.95793
1077.4 802.542 963.771 1324.417 -44.70567
1078.49 428.542 218.271 494.417 76.14485
1079.57 584.542 655.271 905.917 -28.21875
1080.65 721.542 866.771 1207.917 -42.57098
1081.73 478.042 382.771 651.417 35.46335
1082.81 350.542 238.271 479.917 46.4609
1083.89 514.042 548.771 799.417 -13.85585
1084.98 546.042 533.271 847.417 4.06527
1086.06 363.542 267.771 470.917 47.14388
1087.14 357.542 283.771 487.417 36.22506
1088.22 531.542 524.771 765.417 2.81363
1089.3 377.542 261.771 458.417 58.87276
1090.38 797.542 1101.771 1433.417 -91.73318
1091.46 542.042 598.771 838.417 -23.67206
1092.54 401.042 405.771 657.917 -1.87558
1093.62 446.042 412.771 674.917 12.69172
1094.7 342.042 186.271 429.417 64.06478
1095.78 457.542 490.771 699.917 -15.88805
1096.86 538.542 545.771 843.917 -2.42469
1097.93 877.042 1146.271 1458.417 -86.25111
1099.01 650.542 802.271 1099.917 -50.9764
1100.09 436.042 334.271 492.917 64.1497
