196.55 785.842 972.948 1339.379 -51.0616
197.76 1068.93 1427.472 1995.603 -63.10897
198.96 949.0 1340.45 1803.191 -84.5939
200.16 694.577 796.077 1227.164 -23.54525
201.36 1113.405 1587.379 2062.06 -99.85105
202.56 850.784 990.115 1401.163 -33.89663
203.76 680.535 849.94 1265.984 -40.71783
204.96 779.287 932.264 1411.806 -31.90074
206.16 615.779 712.367 946.298 -41.28863
207.36 936.759 1181.173 1687.519 -48.26993
208.56 801.479 1052.507 1476.29 -59.23504
209.76 542.654 637.704 982.138 -27.59627
210.96 662.873 888.539 1380.408 -45.87913
212.16 1470.011 2056.997 2537.841 -122.0743
213.36 869.52 1126.644 1600.47 -54.2656
214.56 743.736 890.479 1274.997 -38.1629
215.76 1280.035 1834.94 2402.485 -97.7728
216.96 1055.627 1568.862 2050.473 -106.5663
218.16 761.029 985.792 1447.599 -48.67018
219.35 667.54 716.838 1152.749 -11.30928
220.55 785.469 872.359 1328.661 -19.04225
221.75 718.848 810.596 1150.265 -27.01089
222.95 1085.456 1461.314 1932.768 -79.72314
224.15 905.405 1090.029 1574.459 -38.11155
225.35 721.426 782.472 1287.36 -12.09099
226.55 655.23 792.831 1188.111 -34.81103
227.75 983.956 1378.814 1879.768 -78.82119
228.94 891.154 1122.204 1555.138 -53.36867
230.14 782.626 919.113 1379.351 -29.65563
231.34 656.908 847.028 1265.702 -45.40995
232.54 650.838 780.549 1133.115 -36.79078
233.74 668.937 805.869 1171.11 -37.49084
234.93 672.997 791.951 1221.947 -27.664
236.13 775.922 951.574 1439.095 -36.02955
237.33 774.397 930.131 1313.452 -40.62755
238.53 724.399 887.381 1239.073 -46.3421
239.72 1023.859 1373.993 1901.015 -66.43618
240.92 546.914 562.676 918.088 -4.43481
242.12 879.646 1152.807 1622.13 -58.20303
243.31 653.9 755.63 1186.695 -23.59967
244.51 648.169 627.0 952.653 6.50052
245.71 1005.991 1278.803 1722.062 -61.54697
246.9 1148.669 1688.0 2212.153 -102.89572
248.1 803.155 950.954 1448.759 -29.69008
249.3 730.233 982.33 1398.854 -60.52402
250.49 745.959 893.313 1321.511 -34.41257
251.69 855.316 1049.106 1539.214 -39.54014
252.89 778.488 916.154 1388.919 -29.11936
254.08 592.654 579.204 954.138 3.58709
255.28 755.606 976.919 1400.072 -52.30077
256.47 568.95 577.666 955.382 -2.30755
257.67 840.503 1159.099 1530.833 -85.7054
258.86 952.673 1172.898 1590.417 -52.74615
260.06 755.304 917.809 1356.442 -37.04816
261.26 1037.183 1459.546 1914.546 -92.82696
262.45 699.457 939.063 1294.389 -67.4327
263.65 481.643 565.158 907.488 -24.39597
264.84 821.563 1081.531 1469.771 -66.96084
266.04 643.988 804.154 1217.419 -38.75628
267.23 518.298 487.661 823.556 9.12089
268.42 622.887 706.584 1015.802 -27.06762
269.62 806.865 882.641 1322.401 -17.23113
270.81 736.048 959.736 1397.256 -51.12642
272.01 713.647 923.056 1333.752 -50.98877
273.2 962.721 1164.034 1567.583 -49.88569
274.4 568.163 664.852 908.767 -39.64036
275.59 860.557 1028.883 1499.385 -35.77592
276.78 754.773 892.718 1361.913 -29.40046
277.98 630.016 772.746 1191.206 -34.10847
279.17 703.499 903.201 1285.069 -52.29607
280.37 653.552 837.985 1198.621 -51.14087
281.56 557.451 528.915 926.504 7.17727
282.75 582.976 617.508 1021.047 -8.5573
283.95 700.382 801.186 1237.537 -23.10149
285.14 767.192 863.193 1247.675 -24.96891
286.33 598.445 700.267 1012.118 -32.65085
287.52 747.841 948.548 1368.358 -47.80921
288.72 863.003 1136.95 1615.434 -57.25291
289.91 1002.092 1410.373 1957.179 -74.6664
291.1 775.753 1007.024 1453.634 -51.7838
292.29 770.591 997.623 1395.057 -57.12454
293.49 817.706 1044.239 1446.568 -56.30537
294.68 579.853 729.845 997.629 -56.01197
295.87 677.661 803.102 1201.145 -31.51437
297.06 760.902 940.38 1418.817 -37.51338
298.26 427.572 420.179 733.9 2.35672
299.45 638.9 789.13 1098.195 -48.6079
300.64 685.469 822.859 1190.661 -37.35441
301.83 728.408 857.028 1294.202 -29.42072
303.02 631.554 630.384 1057.142 0.27407
304.21 877.25 1123.525 1573.39 -54.74423
305.4 721.315 875.356 1160.092 -54.09968
306.59 770.95 920.166 1316.882 -37.61276
307.79 664.992 803.053 1187.683 -35.89423
308.98 565.626 579.113 932.851 -3.81261
310.17 867.399 966.081 1430.275 -21.25876
311.36 729.513 857.597 1178.563 -39.90587
312.55 1115.646 1560.657 2066.731 -87.93391
313.74 504.973 584.359 957.404 -21.28054
314.93 839.479 1009.007 1474.29 -36.43546
316.12 672.612 787.067 1192.958 -28.19835
317.31 413.924 406.823 740.217 2.12965
318.5 513.473 574.859 920.404 -17.76498
319.69 688.339 830.799 1262.736 -32.98152
320.88 684.583 736.225 1134.55 -12.96493
322.07 568.6 607.271 993.686 -10.0075
323.26 580.695 607.342 935.817 -8.11231
324.45 481.951 447.415 793.504 9.97895
325.64 677.67 766.749 1195.274 -20.78733
326.83 763.253 996.024 1395.634 -58.24971
328.01 658.381 738.436 1110.916 -21.49265
329.2 771.492 976.053 1403.683 -47.83573
330.39 682.902 727.38 1086.817 -12.3743
331.58 553.141 542.908 969.366 2.3996
332.77 941.232 1253.081 1742.233 -63.75298
333.96 472.269 448.82 671.648 10.52322
335.15 514.12 524.964 868.466 -3.1571
336.33 566.641 590.908 878.866 -8.42717
337.52 599.451 719.415 1040.504 -37.36167
338.71 578.5 710.45 1050.191 -38.83855
339.9 608.229 614.932 995.09 -1.76325
341.08 609.502 688.2 1067.812 -20.7312
342.27 754.585 879.475 1376.672 -25.11894
343.46 867.238 1063.729 1446.619 -51.31794
344.65 767.238 897.229 1356.119 -28.32731
345.83 855.477 983.257 1460.668 -26.7652
347.02 483.287 470.264 791.306 4.05638
348.21 865.387 1021.584 1513.302 -31.76577
349.4 503.704 462.989 862.946 10.17984
350.58 701.686 718.045 1108.789 -4.18661
351.77 562.937 575.369 941.11 -3.39911
352.96 445.042 324.088 698.37 32.31614
354.14 630.916 619.926 1114.21 2.22345
355.33 504.9 536.13 920.695 -8.12082
356.51 439.009 387.098 701.82 16.49448
357.7 645.054 679.734 1173.743 -7.02021
358.89 571.931 511.721 949.225 13.7622
360.07 814.319 915.105 1399.957 -20.78683
361.26 916.036 1061.79 1572.085 -28.56275
362.44 635.059 733.483 1177.108 -22.18646
363.63 589.525 481.743 950.435 22.99629
364.81 649.048 531.437 1069.458 21.86005
366.0 499.111 276.518 729.538 49.13542
367.18 1160.531 1403.392 2092.821 -35.22628
368.37 573.169 529.85 875.253 12.5416
369.55 765.618 737.065 1246.445 5.6055
370.74 938.428 911.572 1458.582 4.90962
371.92 1030.895 1158.332 1668.41 -24.984
373.11 680.741 476.078 1016.963 37.83856
374.29 581.264 421.772 908.985 32.73571
375.48 683.367 531.741 1060.623 28.66918
376.66 566.069 441.53 902.257 27.03105
377.84 977.169 953.85 1582.253 3.71085
379.03 679.999 405.051 908.67 54.59444
380.21 517.388 332.184 747.024 44.64477
381.39 496.628 266.212 675.074 56.35538
382.58 969.344 816.548 1409.101 25.78609
383.76 1082.723 1148.784 1715.705 -11.6526
384.94 1146.956 1254.164 1936.868 -15.70343
386.13 689.861 426.593 963.237 49.0582
387.31 782.204 618.339 1185.047 28.91525
388.49 678.543 474.688 1029.093 36.77017
389.68 955.661 637.952 1263.246 50.8096
390.86 914.781 567.466 1204.521 54.51884
392.04 1157.315 982.706 1677.693 25.12402
393.22 930.781 445.466 1111.021 72.91886
394.41 913.663 473.202 1085.367 71.95131
395.59 714.626 193.463 865.952 77.49766
396.77 1052.04 552.689 1295.349 67.23819
397.95 1126.583 637.576 1375.151 66.29936
399.13 1237.076 792.678 1560.643 57.86688
400.31 1142.298 447.511 1233.657 88.37886
401.5 1253.655 626.304 1514.36 70.64321
402.68 1173.628 734.712 1616.074 49.79972
403.86 1100.852 434.445 1296.108 77.33955
405.04 1481.293 807.263 1861.292 63.94798
406.22 1180.726 367.783 1341.448 83.49311
407.4 1453.792 697.013 1747.671 72.02905
408.58 1503.5 814.301 1875.791 64.92754
409.76 1634.987 947.755 2029.398 63.53591
410.94 1430.781 624.466 1721.521 73.49816
412.12 1404.835 502.9 1505.972 89.91725
413.3 1406.858 359.093 1500.994 91.75616
414.48 1366.132 371.111 1363.838 100.23114
415.66 1520.913 445.277 1491.567 102.80475
416.84 1984.168 1233.1 2392.132 64.80129
418.02 1646.408 623.378 1795.303 87.29487
419.2 1553.048 419.586 1512.357 103.72367
420.38 1594.936 583.97 1792.589 83.64636
421.56 1616.519 427.245 1581.949 102.99385
422.74 1975.191 1081.794 2295.154 73.62998
423.92 1901.02 865.995 2097.57 84.04078
425.1 1786.632 464.111 1706.838 106.42093
426.28 1778.517 405.995 1712.327 105.06686
427.46 2327.362 1356.492 2799.259 67.29227
428.63 1840.631 571.861 2000.716 88.79623
429.81 1839.623 687.964 1968.209 89.95617
430.99 1867.723 754.784 2180.705 78.05055
432.17 2192.011 1145.347 2523.941 75.92254
433.35 2095.617 827.316 2288.823 86.78036
434.52 1834.27 155.069 1442.77 130.40305
435.7 2038.06 376.383 1827.128 114.53953
436.88 2327.323 840.104 2306.7 101.40612
438.06 2154.066 552.531 2072.014 105.39999
439.23 2050.787 399.115 1956.406 106.06056
440.41 2304.249 594.126 2298.869 100.31555
441.59 2378.316 828.456 2548.315 90.11557
442.77 2165.572 276.679 1951.4 112.78853
443.94 2688.146 760.657 2663.231 101.30954
445.12 2776.891 769.833 2568.167 111.60657
446.3 3010.442 1093.118 2946.475 103.45141
447.47 2884.434 666.72 2632.968 112.78916
448.65 2975.181 720.646 2715.525 113.01616
449.82 2852.181 500.146 2418.525 122.60537
451.0 2922.125 609.213 2599.83 116.19067
452.18 2914.427 476.823 2644.96 112.42847
453.35 3229.301 530.16 2753.3 121.41122
454.53 3301.786 558.865 2819.285 121.34562
455.7 3381.709 334.238 2713.311 128.09488
456.88 3999.384 945.935 3424.159 123.21117
458.05 3914.293 591.763 3040.792 135.66723
459.23 3823.723 315.784 2806.205 140.85728
460.4 4090.801 580.16 3298.8 129.13226
461.58 4208.229 719.432 3462.09 127.20494
462.75 4038.391 315.333 3204.667 128.85527
463.93 4288.85 628.696 3520.987 126.54862
465.1 4380.119 525.065 3629.945 124.16113
466.28 4425.165 218.101 3243.888 139.04029
467.45 4574.301 146.66 3291.8 140.77724
468.63 5029.674 523.249 3846.018 135.62259
469.8 5482.877 870.287 4222.273 137.60767
470.97 5448.138 405.259 3823.724 147.51884
472.15 5578.917 595.675 4138.332 140.66401
473.32 5781.665 704.601 4322.388 140.33616
474.49 5815.172 859.499 4671.896 129.98837
475.67 5619.425 507.573 4177.839 139.27744
476.84 5634.235 327.08 4088.476 141.09535
478.01 5986.511 636.347 4688.941 132.01825
479.19 6085.241 548.728 4557.862 138.09749
480.36 6376.602 309.02 4472.808 145.72263
481.53 6579.18 596.897 4836.903 141.09136
482.7 6762.404 497.129 4733.938 147.87721
483.88 6833.755 275.774 4583.755 152.22863
485.05 7044.884 361.935 4823.659 149.784
486.22 7053.986 478.405 4938.797 147.42158
487.39 6928.352 333.595 4795.508 147.80111
488.56 7012.75 485.876 5021.991 143.88687
489.74 7247.002 897.2 5619.313 134.46952
490.91 6900.333 242.651 4990.851 140.21487
492.08 7146.25 375.876 5230.491 139.46264
493.25 7355.122 278.714 5092.587 147.0003
494.42 7445.41 476.778 5228.824 146.64487
495.59 7639.635 417.26 5317.48 147.38878
496.76 8032.483 465.756 5367.155 154.37893
497.93 8088.243 610.478 5616.483 149.37588
499.1 8237.825 572.753 5591.843 152.71837
500.27 8404.029 1040.792 6267.099 140.88797
501.44 8372.221 1228.534 6296.083 140.96927
502.61 7880.213 423.137 5408.076 149.59213
503.78 8021.571 629.929 5761.278 144.0487
504.95 8296.588 1123.474 6516.415 133.00932
506.12 8197.19 696.943 5888.053 144.48253
507.29 8028.382 335.186 5433.538 150.89576
508.46 8190.453 32.165 5307.125 154.66065
509.63 8967.953 1258.165 6645.125 143.11946
510.8 9191.629 1179.612 6671.095 145.89897
511.97 8888.496 558.552 5824.426 158.18729
513.14 8958.408 258.528 5792.702 157.20286
514.31 9261.016 785.746 6241.206 155.35391
515.48 9181.134 495.01 6045.359 156.4969
516.65 9066.045 525.087 6124.614 152.53
517.81 8904.649 355.806 5922.374 153.57477
518.98 9197.637 695.01 6349.102 150.38005
520.15 8894.9 161.13 5858.695 153.28953
521.32 9409.819 703.605 6464.457 151.1272
522.49 10060.324 1502.503 7468.221 143.44998
523.65 10182.473 1158.859 7184.404 149.75596
524.82 10068.425 638.073 6545.839 159.62636
525.99 10011.443 78.517 6017.496 167.24973
527.16 10613.167 631.25 6882.031 159.69072
528.32 10719.228 730.182 7018.969 158.839
529.49 10944.438 411.619 6654.732 168.71102
530.66 10869.779 114.367 6539.298 167.4012
531.82 11038.313 180.957 6592.071 169.35209
532.99 11128.255 320.274 6997.255 161.86927
534.16 11269.48 444.256 7148.912 161.45833
535.32 11515.331 794.401 7641.229 156.58245
536.49 11561.142 294.408 7207.866 162.96813
537.65 12169.306 1011.059 8080.564 157.83632
538.82 12179.113 321.816 7430.58 166.79831
539.99 12532.932 642.721 8076.725 159.94357
541.15 12975.37 818.39 8357.766 161.24651
542.32 13221.739 147.979 7854.74 169.64013
543.48 14155.484 811.155 8785.676 167.33707
544.65 14663.717 992.785 8917.718 172.50534
545.81 15584.529 1483.292 10133.099 163.02373
546.98 15662.316 503.106 9285.714 172.60488
548.14 16319.529 783.792 9857.099 171.22465
549.31 16323.592 402.873 9415.179 176.65533
550.47 16453.189 469.443 9763.554 171.97715
551.63 17001.648 914.806 10766.874 163.28391
552.8 17021.891 454.584 10034.545 172.9371
553.96 17210.162 459.852 10240.767 171.25505
555.13 17931.0 391.45 10690.69 170.29945
556.29 18395.887 934.084 11394.302 166.93537
557.45 18713.969 274.46 10552.64 179.40442
558.62 19372.275 523.468 11224.534 176.13953
559.78 19874.816 771.606 11627.214 175.9755
560.94 19861.395 371.982 11276.809 178.72281
562.11 20812.541 391.088 11510.37 183.65802
563.27 21086.084 157.975 11361.672 186.79646
564.43 21112.676 32.397 11656.66 181.34723
565.59 21408.539 205.838 12004.749 179.70049
566.76 22080.426 351.073 12192.839 183.49757
567.92 22463.504 571.349 12448.455 184.3223
569.08 22646.027 715.042 13216.978 175.42072
570.24 22696.756 352.024 12896.877 178.11872
571.4 23007.783 226.366 12819.042 180.91005
572.57 23056.695 367.342 13100.317 178.19365
573.73 23087.254 55.524 13072.134 176.94108
574.89 23592.844 452.697 13544.0 176.75969
576.05 24189.643 476.158 13770.987 178.36622
577.21 24264.621 157.714 13514.587 180.48317
578.37 24749.654 18.954 13640.76 181.55229
579.53 25816.02 193.644 13978.47 185.87377
580.69 26027.219 597.535 14724.34 180.01016
581.85 26418.105 351.919 14327.072 186.51807
583.01 26792.402 401.88 14435.816 188.0479
584.17 27296.732 484.83 14656.854 189.18894
585.33 27363.443 572.517 14948.496 186.35897
586.49 27654.791 377.763 14735.049 189.98736
587.65 27777.91 573.278 15187.824 186.14763
588.81 27716.598 566.521 15553.064 181.16303
589.97 28037.727 929.433 15628.847 184.41751
591.13 27474.602 421.02 15287.808 181.97328
592.29 27424.922 336.574 15254.096 181.58745
593.45 27805.852 213.595 14965.508 187.04189
594.61 27822.496 134.052 15178.927 184.03905
595.77 27748.465 196.961 15395.896 181.27259
596.93 27842.199 91.091 14998.683 186.1542
598.09 28244.326 382.753 15545.343 183.75207
599.24 28484.111 138.067 15446.458 185.16671
600.4 28769.791 291.763 15433.549 188.07576
601.56 28656.867 233.39 15322.522 188.37052
602.72 28995.781 368.616 15465.42 189.62401
603.87 29411.953 473.064 15310.146 195.04434
605.03 28924.781 232.116 15238.92 191.19771
606.19 29060.789 148.514 14826.428 196.9781
607.35 28573.922 -3.926 15131.096 188.81934
608.5 28960.811 594.457 15492.328 190.40542
609.66 29311.83 989.651 15859.107 190.47219
610.82 28354.84 146.299 15137.236 188.17063
611.97 28225.887 125.084 14915.802 189.98945
613.13 28361.322 573.754 15514.6 185.9839
614.29 27961.359 496.993 15383.016 184.49768
615.44 28175.873 717.539 15456.908 186.29246
616.6 28208.865 180.141 14843.401 191.14933
617.76 28118.668 663.0 15414.652 186.11927
618.91 28549.455 726.314 15170.268 192.62829
620.07 28219.338 641.049 15204.114 189.37146
621.22 28037.111 17.567 14577.958 192.43676
622.38 28964.887 1061.084 15637.302 191.43377
623.53 27996.783 78.366 14625.542 191.9164
624.69 28417.711 112.137 14268.832 199.94479
625.84 28068.527 217.542 14299.978 197.77108
627.0 28522.623 488.964 14831.709 195.45532
628.15 28498.662 -0.398 14734.646 193.41008
629.31 28234.418 318.175 14728.331 193.72617
630.46 28327.275 -23.532 14344.034 197.32505
631.61 28267.055 374.134 14629.264 195.66936
632.77 28480.537 228.189 14833.106 193.44408
633.92 28390.402 495.38 14691.816 196.49313
635.08 28230.08 949.577 15177.407 191.74043
636.23 28312.895 308.482 14744.809 193.98572
637.38 27654.705 -74.511 14334.446 192.44429
638.54 28142.135 654.76 15135.48 189.82049
639.69 28087.23 936.831 15459.111 186.95686
640.84 28279.385 490.402 14738.753 195.03298
641.99 27867.178 97.409 14039.882 199.17391
643.15 28361.971 816.916 14835.512 196.4894
644.3 28032.764 95.422 14179.142 198.36622
645.45 27865.055 -58.071 14110.771 197.07415
646.6 28498.348 811.436 15075.401 194.10389
647.75 28244.641 161.942 14418.031 196.98739
648.91 28849.934 -136.551 13971.661 205.45824
650.06 28567.225 225.455 14825.291 194.12389
651.21 29381.518 417.462 14565.42 204.72252
652.36 29015.811 450.969 14709.05 200.34142
653.51 28742.104 101.475 14213.68 202.94936
654.66 28875.896 273.982 14861.81 196.06699
655.81 29454.688 651.989 15048.939 200.06111
656.96 28994.48 69.495 14402.569 201.80587
658.11 29061.273 365.002 14800.199 198.79376
659.27 29550.066 531.009 14925.328 201.60076
660.42 29050.857 29.015 14459.958 201.10843
661.57 29424.15 421.022 14835.088 201.21407
662.72 28375.443 -139.971 14611.718 193.30271
663.87 29004.236 -99.965 14122.848 204.63042
665.01 29237.527 316.042 14693.978 201.15186
666.16 30085.32 41.049 14739.607 204.40284
667.31 30054.613 95.555 14982.237 201.24738
668.46 30938.406 760.562 15722.366 201.69923
669.61 30331.199 206.069 15547.996 196.35819
670.76 31263.99 4.575 15214.626 205.51815
671.91 31792.783 769.582 16378.756 198.7498
673.06 32614.576 519.589 16014.886 207.12728
674.21 31418.869 -161.405 15583.016 200.58073
675.35 32266.16 284.102 15720.146 207.19078
676.5 32074.453 167.609 15849.774 203.45943
677.65 32613.746 72.615 15783.904 207.11942
678.8 32236.039 -110.878 15727.034 204.23725
679.94 33251.832 40.629 16048.164 207.47231
681.09 34396.625 370.135 17049.793 203.99993
682.24 34868.418 363.142 17513.924 201.18777
683.39 34250.707 -1.851 17222.553 198.86063
684.53 35674.0 558.155 17196.684 211.05139
685.68 35340.293 214.662 17614.813 201.8697
686.83 35899.086 301.169 17607.443 205.6937
687.97 35627.879 298.175 17622.072 203.93624
689.12 36076.172 178.182 17514.703 207.06571
690.27 34751.465 68.189 17408.832 200.01147
691.41 36363.258 468.195 17969.961 205.09395
692.56 35789.051 358.702 17742.592 203.8114
693.7 37031.84 378.709 17681.721 211.83093
694.85 36522.133 48.215 17192.852 212.74244
695.99 36762.926 398.222 17794.98 209.03149
697.14 35850.219 184.229 17551.111 205.36783
698.28 36281.512 342.735 18251.74 200.67433
699.43 36169.305 391.242 18390.369 198.77665
700.57 36702.098 -74.251 17710.5 206.78585
701.72 36154.891 -50.745 17219.129 209.64621
702.86 36574.184 -107.738 17549.26 207.74722
704.01 37615.473 50.269 17415.389 216.32562
705.15 37734.266 433.275 18332.02 208.40004
706.29 37469.059 126.782 17723.648 212.20981
707.44 37598.852 171.288 18374.777 205.60654
708.58 37650.645 -124.205 17936.408 209.15596
709.72 38136.438 629.302 18731.037 207.20188
710.87 38615.23 -137.192 17783.168 216.24802
712.01 38092.023 0.315 17644.297 215.89066
713.15 39105.816 217.322 18427.928 213.5486
714.3 38373.105 348.828 17921.557 216.38232
715.44 38403.898 92.335 18611.186 206.87873
716.58 38156.191 277.342 18420.816 208.77396
717.72 38509.984 52.848 18398.945 209.62026
718.87 39637.777 240.855 18262.076 218.61406
720.01 37586.57 117.362 18078.205 208.61609
721.15 37968.863 -54.132 17879.836 212.01664
722.29 37595.656 345.875 18022.965 210.72349
723.43 38522.949 498.882 18553.596 210.60465
724.57 38369.238 450.388 18287.225 212.58731
725.72 37392.031 244.895 18067.354 208.4288
726.86 38487.824 678.902 18459.484 212.64164
728.0 37408.617 164.408 17772.113 211.52222
729.14 38103.41 -2.085 17477.244 218.00319
730.28 37367.703 481.422 17805.373 212.92072
731.42 38505.496 10.928 17753.004 216.96767
732.56 39067.289 722.435 18545.133 215.14618
733.7 38241.582 386.942 18597.262 207.87466
734.84 38225.871 -127.052 17331.393 219.68122
735.98 37465.164 148.955 17932.521 209.83535
737.12 38456.457 -3.038 17789.152 216.15942
738.26 37880.75 17.468 17486.281 216.74788
739.4 38696.543 228.475 17917.912 217.46349
740.53 38241.836 407.482 18162.541 213.09055
741.67 38115.629 273.488 17733.67 216.73395
742.81 37972.422 -222.505 17185.301 219.41264
743.95 37277.711 241.002 17969.93 208.90552
745.09 38097.504 19.508 17370.561 219.45641
746.23 38301.297 399.515 17605.189 220.28652
747.36 37801.59 453.522 17477.32 219.38739
748.5 37447.383 60.028 17069.949 219.79734
749.64 36638.676 25.035 17006.078 215.61479
750.78 37169.969 -5.458 16833.209 220.77416
751.92 36585.762 74.548 16909.838 216.87309
753.05 36432.555 155.555 16258.969 225.27521
754.19 37738.844 635.562 16783.098 229.77674
755.33 35874.637 -151.932 16117.228 221.44087
756.46 35723.93 245.075 16057.357 224.37529
757.6 35641.223 82.082 15697.487 227.71833
758.74 35124.516 562.088 16315.617 219.39483
759.87 34964.309 244.595 16092.247 219.08427
761.01 34227.102 271.102 15563.377 222.04675
762.14 34456.395 234.608 15825.006 219.50554
763.28 34868.688 408.115 15272.136 231.83883
764.41 33876.477 249.121 15157.766 225.55609
765.55 34074.77 -123.872 14748.896 229.94135
766.69 33177.563 289.635 15202.025 220.54095
767.82 33763.855 266.641 15014.155 227.13804
768.95 33252.148 26.148 14525.285 229.15847
770.09 31734.441 737.655 15281.915 213.12041
771.22 32963.734 661.661 15275.044 221.04446
772.36 32601.025 504.168 14678.674 226.44075
773.49 31723.318 489.175 14838.804 217.66517
774.63 31604.111 196.181 14003.434 227.47415
775.76 30803.404 154.688 13969.563 221.85301
776.89 31426.695 428.195 14067.693 227.27009
778.03 31069.488 360.201 13450.823 234.58998
779.16 30734.781 8.708 13358.952 230.15364
780.29 30002.074 308.215 13035.582 233.30716
781.43 30539.867 606.221 13093.712 239.70906
782.56 29023.158 315.228 13181.842 223.11955
783.69 29315.951 11.735 12475.972 235.10638
784.82 28576.744 233.241 12821.602 225.15643
785.96 27808.537 116.748 12587.731 222.04976
787.09 27692.828 204.255 12186.361 229.41353
788.22 27511.621 394.261 12237.99 228.95965
789.35 27751.914 157.768 11739.62 238.25331
790.48 27019.207 142.275 12009.25 226.48511
791.62 26351.0 580.281 11944.38 226.7731
792.75 26384.791 5.288 11194.01 235.76869
793.88 25756.084 737.795 11788.14 226.40279
795.01 25737.877 353.801 11355.77 230.72304
796.14 25423.17 404.808 11514.898 225.18594
797.27 24714.461 493.815 11487.528 220.3136
798.4 24856.754 283.321 10909.158 231.26115
799.53 24534.547 -4.672 10310.788 237.88778
800.66 23665.84 316.335 10739.418 224.01725
801.79 24634.133 1276.841 11846.548 220.98335
802.92 23628.424 199.848 10216.178 233.9038
804.05 23290.717 381.855 10327.308 230.34508
805.18 23267.01 290.861 10017.937 236.20819
806.31 23373.303 215.868 9756.066 242.73536
807.44 22755.594 -64.625 9580.196 236.60592
808.57 23170.387 400.381 10089.826 234.99804
809.69 22692.68 400.888 9940.456 233.67716
810.82 21250.473 -163.605 9102.586 231.09903
811.95 22842.264 988.401 10112.216 239.5255
813.08 21527.557 103.908 8928.345 242.77638
814.21 21466.35 1064.915 10169.975 224.067
815.33 21316.643 282.921 9203.104 235.79921
816.46 20364.936 308.928 9013.734 230.40153
817.59 20008.727 847.435 9490.864 221.68621
818.72 20462.02 504.441 8670.494 244.39688
819.84 20346.313 896.448 9116.124 236.62568
820.97 19275.105 446.454 8550.754 232.32916
822.1 19341.396 593.961 8538.383 235.98238
823.22 18617.189 -30.532 7767.513 239.13329
824.35 18655.982 92.474 7844.143 239.47759
825.48 18834.275 574.481 7850.272 250.96644
826.6 17748.568 310.488 7455.902 244.04575
827.73 17598.359 -144.506 7245.032 240.10793
828.85 18096.652 268.501 7361.662 251.34284
829.98 17797.945 610.008 7638.292 244.55384
831.11 17303.238 70.014 6945.921 250.63201
832.23 17145.529 81.521 6962.051 248.00428
833.36 17239.322 524.528 7592.181 236.49711
834.48 16246.615 259.034 6894.811 240.93008
835.6 17034.408 482.041 7014.94 253.36939
836.73 16245.7 -7.952 6711.07 241.90503
837.85 15700.993 535.054 6989.7 234.96161
838.98 16074.285 -104.439 6228.33 255.47632
840.1 15906.078 458.568 6766.959 244.87242
841.23 15399.37 371.074 6570.589 242.41085
842.35 15875.663 720.581 7111.219 237.14507
843.47 15419.955 248.588 6354.849 248.45593
844.6 14727.248 26.594 6149.978 240.07403
845.72 15057.54 155.101 6077.608 251.62384
846.84 15269.833 134.608 5955.738 260.00493
847.96 14883.626 139.114 5813.368 259.84937
849.09 14335.918 58.121 5820.497 247.77621
850.21 14580.211 232.628 5935.127 251.60167
851.33 14146.003 385.134 5976.757 246.09795
852.45 13696.296 25.141 5610.387 244.77267
853.57 13807.588 232.148 5832.016 242.42427
854.7 13395.881 67.654 5477.146 246.38593
855.82 13339.673 -0.339 5659.776 235.68447
856.94 13501.966 485.168 5827.405 243.65816
858.06 12805.759 -64.326 5132.035 247.67496
859.18 13223.051 425.181 5653.165 244.7955
860.3 13444.844 244.688 5345.295 258.79577
861.42 12822.636 -89.306 5013.424 253.03987
862.54 12157.929 -65.799 4962.554 243.09604
863.66 12324.721 50.708 4975.184 249.24503
864.78 12834.514 186.714 5073.814 258.7997
865.9 12389.806 244.221 5222.943 243.94983
867.02 13243.099 1277.228 6443.073 231.63431
868.14 12816.891 879.234 5701.203 247.56809
869.26 12208.184 575.741 5163.833 253.53551
870.38 11626.477 -90.252 4456.962 257.66825
871.5 11510.769 -94.746 4453.592 255.15945
872.62 11680.562 69.761 4578.222 257.53355
873.74 11576.854 699.268 5511.852 226.02381
874.85 11135.0 40.271 4430.417 252.71893
875.97 11104.0 286.271 4564.417 252.86023
877.09 11178.0 373.271 4811.917 243.42401
878.21 10895.0 220.771 4370.917 257.20131
879.33 10873.5 334.771 4641.417 244.70853
880.44 10533.0 254.771 4375.417 249.43249
881.56 10345.0 111.271 4114.417 255.64219
882.68 10372.5 256.271 4367.917 246.03845
883.79 10726.0 826.771 4988.417 237.86814
884.91 10460.5 -58.229 3702.917 279.6682
886.03 10264.5 456.271 4455.417 245.25811
887.14 10816.5 659.271 4800.417 245.27582
888.26 10467.5 777.271 4809.917 240.29458
889.38 10791.5 636.271 4577.417 257.67201
890.49 10154.5 -89.729 4014.417 249.60685
891.61 10996.0 307.771 4176.917 276.24262
892.72 10364.0 -13.229 4058.417 254.86571
893.84 10617.0 -99.229 3906.917 267.49473
894.95 10324.0 -87.229 3941.917 258.39792
896.07 10809.5 152.271 4075.417 271.65008
897.18 10656.0 384.271 4307.417 261.8238
898.3 10178.0 -41.229 3881.917 260.48557
899.41 10622.0 577.271 4446.917 259.57749
900.53 10325.5 335.771 4029.417 270.45714
901.64 10179.5 462.271 4350.417 249.91937
902.75 9888.5 262.771 4055.917 253.76638
903.87 9877.0 116.771 3876.417 259.60501
904.98 10152.5 403.771 4044.917 267.73794
906.09 9558.5 235.771 3943.917 251.41214
907.21 9635.5 438.771 3919.917 264.18683
908.32 9256.5 198.271 3488.417 275.3139
909.43 9075.0 650.771 3977.917 253.19686
910.54 8936.5 280.271 3820.917 244.48164
911.66 9308.0 1160.771 4581.417 238.17811
912.77 8523.5 85.771 3214.417 269.69268
913.88 8421.5 300.271 3645.417 242.77653
914.99 8052.5 69.271 3371.417 241.75883
916.1 8585.0 349.771 3617.417 252.0233
917.22 8101.0 58.771 2918.417 281.23164
918.33 8342.0 688.771 3724.917 252.07053
919.44 8148.5 270.271 3384.417 252.98202
920.55 8364.0 660.771 3674.417 255.61162
921.66 7737.5 428.771 3272.917 256.97448
922.77 7746.5 488.271 3282.417 259.76557
923.88 8014.0 623.271 3542.917 253.13786
924.99 7401.0 373.771 3227.417 246.25442
926.1 6961.0 -11.229 2623.917 264.58608
927.21 7086.0 652.771 3484.417 227.19045
928.32 6698.0 -84.729 2456.417 266.91616
929.43 6771.5 251.771 2756.917 260.25347
930.54 6414.5 111.271 2439.417 270.7403
931.65 6415.0 266.271 2607.917 262.58151
932.76 6246.5 381.771 2750.917 247.54614
933.86 6105.0 302.271 2464.417 268.37824
934.97 5929.5 113.771 2305.417 265.35898
936.08 5675.0 164.771 2138.417 279.19036
937.19 5576.0 708.271 2768.917 236.22346
938.3 4919.5 472.271 2273.917 246.84258
939.4 4771.0 674.771 2431.417 233.18468
940.51 4182.0 305.271 1864.417 248.64443
941.62 4184.0 503.771 1984.417 248.55568
942.73 4287.0 1102.771 2513.917 225.64847
943.83 3541.0 302.771 1592.417 251.09446
944.94 3486.5 338.271 1721.417 227.61369
946.05 3315.0 -35.729 1180.417 275.52035
947.15 3552.5 -25.729 1255.417 279.29914
948.26 3563.5 228.771 1623.917 239.0237
949.36 3844.0 98.271 1469.917 273.08283
950.47 3851.0 326.771 1819.917 236.02713
951.57 4221.5 844.771 2349.917 224.34563
952.68 4153.5 568.771 1976.417 254.6613
953.79 3967.0 439.271 2026.417 222.26875
954.89 3924.0 121.771 1668.417 245.8371
955.99 4136.5 391.271 2152.917 212.59829
957.1 4093.5 230.271 1637.417 274.54363
958.2 4063.0 271.271 1806.417 246.99473
959.31 4284.0 455.771 2090.917 234.12156
960.41 3883.0 130.271 1642.917 248.09041
961.52 3875.5 10.271 1452.917 267.92642
962.62 4172.5 493.771 1946.917 253.15624
963.72 3888.5 -50.729 1492.417 255.27265
964.83 3843.5 -70.729 1396.917 266.70122
965.93 4290.0 341.771 1883.917 256.02178
967.03 4321.5 714.271 2232.917 237.52931
968.13 4127.5 466.771 1975.417 242.65001
969.24 3937.0 175.771 1604.417 263.27234
970.34 3879.5 206.771 1605.917 262.49796
971.44 3927.0 265.771 1650.417 264.4163
972.54 3867.5 346.771 1881.917 229.34168
973.64 3586.5 142.271 1643.917 229.36362
974.75 4293.0 1069.771 2472.917 229.71447
975.85 5318.5 3162.271 4867.417 126.45425
976.95 3529.0 189.771 1479.917 258.82572
978.05 3833.5 525.771 1934.917 234.73293
979.15 4080.0 896.271 2298.917 226.98025
980.25 3411.5 99.771 1282.917 279.9088
981.35 3495.0 179.271 1406.417 270.19847
982.45 3953.5 891.771 2297.417 217.81653
983.55 3547.0 462.771 1760.417 237.67882
984.65 3645.0 418.271 1628.917 266.52958
985.75 3400.0 675.271 1828.917 236.1842
986.85 3201.0 372.271 1638.417 223.4126
987.95 2983.0 185.271 1345.917 241.04935
989.05 3394.5 783.271 2071.417 202.71222
990.15 3143.0 628.271 1710.417 232.38358
991.25 2947.5 443.271 1513.917 233.89894
992.34 3214.5 835.771 1982.917 207.36067
993.44 2965.5 478.271 1473.917 249.81065
994.54 2736.5 386.771 1334.417 247.95437
995.64 2852.0 731.271 1754.417 207.27536
996.74 2858.0 789.271 1829.917 198.79282
997.83 2485.5 73.771 1008.417 258.03668
998.93 2582.5 315.271 1299.917 230.25835
1000.03 3021.5 1230.771 2285.917 169.71389
1001.12 2672.0 704.771 1735.417 190.87345
1002.22 2623.0 729.271 1828.417 172.29099
1003.32 2308.0 272.271 1190.917 221.6011
1004.41 2403.0 467.271 1408.417 205.67793
1005.51 2283.0 402.771 1217.917 230.6617
1006.6 2061.0 188.771 987.917 234.27878
1007.7 2271.0 624.271 1470.917 194.50036
1008.8 1906.5 103.271 755.917 276.2952
1009.89 2173.0 577.771 1331.917 211.52795
1010.99 2210.5 384.771 1149.417 238.76796
1012.08 2055.5 47.271 826.417 257.74753
1013.18 2137.0 394.271 1240.917 205.83923
1014.27 2222.5 202.271 1009.417 250.29295
1015.36 2277.0 334.271 1124.417 245.86971
1016.46 2212.5 402.771 1194.917 228.4591
1017.55 2072.0 148.271 862.917 269.18636
1018.65 2107.5 496.771 1208.917 226.17969
1019.74 2161.0 586.771 1441.917 184.08898
1020.83 1989.0 505.271 1239.417 202.1028
1021.93 1873.5 280.271 1081.417 198.86882
1023.02 1592.0 38.271 740.917 221.1255
1024.11 1673.0 63.771 754.417 233.00352
1025.2 1595.0 88.271 722.417 237.59978
1026.3 1817.0 454.271 1131.917 201.09756
1027.39 1757.0 597.771 1268.417 172.85267
1028.48 1625.5 486.771 1072.417 194.43991
1029.57 1614.5 312.771 901.917 220.95194
1030.66 1485.5 451.771 1035.417 177.11584
1031.75 2020.5 1483.271 2155.917 79.86805
1032.84 1575.0 652.771 1237.417 157.74152
1033.94 1249.5 161.271 678.417 210.42983
1035.03 1561.0 773.771 1262.917 160.93957
1036.12 1027.5 90.271 614.917 178.64035
1037.21 1185.5 66.771 609.417 206.16193
1038.3 1372.5 522.771 1049.417 161.34737
1039.39 1103.0 153.271 549.417 239.74229
1040.48 1243.0 455.771 904.417 175.46784
1041.57 1328.0 616.271 1021.917 175.45579
1042.66 1195.0 441.771 862.917 178.85233
1043.74 1225.0 508.271 928.417 170.59056
1044.83 1182.5 543.271 974.917 148.09111
1045.92 866.5 45.771 481.917 188.1777
1047.01 1134.5 617.771 1054.417 118.34058
1048.1 710.5 96.771 402.417 200.7975
1049.19 1002.0 502.271 822.417 156.09422
1050.27 908.5 342.271 705.417 155.92335
1051.36 885.5 305.271 681.417 154.25643
1052.45 876.0 469.771 875.417 100.1438
1053.54 865.0 466.771 758.417 136.54546
1054.62 914.0 525.271 900.417 103.62081
1055.71 901.5 467.771 822.917 122.12705
1056.8 997.0 688.271 1055.917 83.97462
1057.88 784.5 328.771 652.417 140.81106
1058.97 875.0 458.771 804.417 120.4207
1060.06 1023.0 834.771 1296.917 40.72939
1061.14 764.5 367.771 664.417 133.73832
1062.23 1463.0 1608.271 2089.917 -30.16135
1063.31 827.0 547.271 887.917 82.1173
1064.4 631.0 279.271 610.417 106.21578
1065.48 808.0 526.771 738.917 132.56406
1066.57 666.5 362.771 691.917 92.27799
1067.65 727.5 543.771 885.417 53.77767
1068.74 677.0 357.271 635.417 114.95018
1069.82 740.0 544.271 856.417 62.7044
1070.9 1686.0 2151.771 2635.417 -96.30406
1071.99 732.5 561.771 908.917 49.18082
1073.07 691.0 491.771 826.917 59.44551
1074.15 786.5 576.771 914.417 62.11513
1075.24 705.5 526.771 764.417 75.2082
1076.32 712.5 625.771 880.417 34.05874
1077.4 960.0 963.771 1324.417 -1.04557
1078.49 502.0 218.271 494.417 102.74614
1079.57 699.0 655.271 905.917 17.4466
1080.65 896.5 866.771 1207.917 8.71451
1081.73 535.0 382.771 651.417 56.66537
1082.81 466.0 238.271 479.917 94.24089
1083.89 593.5 548.771 799.417 17.84557
1084.98 572.5 533.271 847.417 12.48757
1086.06 480.5 267.771 470.917 104.71747
1087.14 490.5 283.771 487.417 101.51407
1088.22 573.0 524.771 765.417 20.04156
1089.3 418.5 261.771 458.417 79.70124
1090.38 943.0 1101.771 1433.417 -47.87363
1091.46 613.0 598.771 838.417 5.93759
1092.54 490.5 405.771 657.917 33.60323
1093.62 502.0 412.771 674.917 34.03798
1094.7 388.0 186.271 429.417 82.96633
1095.78 526.0 490.771 699.917 16.8443
1096.86 553.5 545.771 843.917 2.59242
1097.93 904.0 1146.271 1458.417 -77.61466
1099.01 675.5 802.271 1099.917 -42.59116
1100.09 439.0 334.271 492.917 66.01445
