196.55 2633.139 972.948 1339.379 453.07067
197.76 3814.535 1427.472 1995.603 420.16043
198.96 3449.308 1340.45 1803.191 455.73231
200.16 2296.169 796.077 1227.164 347.97898
201.36 4078.682 1587.379 2062.06 524.83757
202.56 2663.549 990.115 1401.163 407.11403
203.76 2431.194 849.94 1265.984 380.06844
204.96 2766.84 932.264 1411.806 382.56858
206.16 1984.103 712.367 946.298 543.63534
207.36 3288.19 1181.173 1687.519 416.12139
208.56 2932.746 1052.507 1476.29 443.67951
209.76 1767.53 637.704 982.138 328.02441
210.96 2496.086 888.539 1380.408 326.82378
212.16 5124.835 2056.997 2537.841 638.01181
213.36 3060.221 1126.644 1600.47 408.0778
214.56 2615.979 890.479 1274.997 448.744
215.76 4642.194 1834.94 2402.485 494.63135
216.96 3985.529 1568.862 2050.473 501.78843
218.16 2756.606 985.792 1447.599 383.45332
219.35 2172.634 716.838 1152.749 333.96663
220.55 2566.361 872.359 1328.661 371.246
221.75 2393.727 810.596 1150.265 466.08099
222.95 3860.036 1461.314 1932.768 508.79227
224.15 3084.176 1090.029 1574.459 411.64792
225.35 2375.737 782.472 1287.36 315.56838
226.55 2284.391 792.831 1188.111 377.34259
227.75 3722.036 1378.814 1879.768 467.75184
228.94 3094.53 1122.204 1555.138 455.57252
230.14 2731.88 919.113 1379.351 393.87555
231.34 2261.473 847.028 1265.702 337.83896
232.54 2202.2 780.549 1133.115 403.23035
233.74 2202.271 805.869 1171.11 382.32335
234.93 2319.01 791.951 1221.947 355.1332
236.13 2732.798 951.574 1439.095 365.36306
237.33 2702.939 930.131 1313.452 462.48691
238.53 2404.087 887.381 1239.073 431.25919
239.72 3808.761 1373.993 1901.015 461.98577
240.92 1858.561 562.676 918.088 364.61487
242.12 3321.793 1152.807 1622.13 462.15144
243.31 2234.236 755.63 1186.695 343.01261
244.51 1800.504 627.0 952.653 360.35431
245.71 3389.922 1278.803 1722.062 476.27266
246.9 4284.004 1688.0 2212.153 495.27619
248.1 2602.179 950.954 1448.759 331.70086
249.3 2662.689 982.33 1398.854 403.42407
250.49 2485.833 893.313 1321.511 371.91195
251.69 2884.638 1049.106 1539.214 374.51573
252.89 2652.631 916.154 1388.919 367.30245
254.08 1809.53 579.204 954.138 328.14511
255.28 2692.967 976.919 1400.072 405.53798
256.47 1803.448 577.666 955.382 324.52443
257.67 3153.098 1159.099 1530.833 536.40482
258.86 3282.443 1172.898 1590.417 505.25788
260.06 2567.462 917.809 1356.442 376.08954
261.26 3869.329 1459.546 1914.546 529.62237
262.45 2555.184 939.063 1294.389 454.82749
263.65 1656.003 565.158 907.488 318.6529
264.84 3096.344 1081.531 1469.771 518.96123
266.04 2163.631 804.154 1217.419 328.9602
267.23 1682.374 487.661 823.556 355.68007
268.42 2073.911 706.584 1015.802 442.1897
269.62 2567.35 882.641 1322.401 383.09716
270.81 2686.871 959.736 1397.256 394.7555
272.01 2652.942 923.056 1333.752 421.20859
273.2 3098.012 1164.034 1567.583 479.24284
274.4 2019.416 664.852 908.767 555.34228
275.59 2983.756 1028.883 1499.385 415.48671
276.78 2602.015 892.718 1361.913 364.30463
277.98 2419.281 772.746 1191.206 393.4752
279.17 2516.159 903.201 1285.069 422.38594
280.37 2310.816 837.985 1198.621 408.39825
281.56 1752.596 528.915 926.504 307.77578
282.75 1929.949 617.508 1021.047 325.23264
283.95 2334.472 801.186 1237.537 351.38768
285.14 2538.214 863.193 1247.675 435.6566
286.33 2081.508 700.267 1012.118 442.91724
287.52 2764.497 948.548 1368.358 432.565
288.72 3175.605 1136.95 1615.434 426.0652
289.91 3748.643 1410.373 1957.179 427.62307
291.1 2925.602 1007.024 1453.634 429.58759
292.29 2768.994 997.623 1395.057 445.70149
293.49 2837.039 1044.239 1446.568 445.60515
294.68 2043.173 729.845 997.629 490.44178
295.87 2234.767 803.102 1201.145 359.67579
297.06 2820.885 940.38 1418.817 393.05198
298.26 1364.729 420.179 733.9 301.07963
299.45 2312.736 789.13 1098.195 492.9733
300.64 2300.361 822.859 1190.661 401.71153
301.83 2457.473 857.028 1294.202 366.08851
303.02 2052.958 630.384 1057.142 333.34465
304.21 2979.804 1123.525 1573.39 412.63017
305.4 2390.99 875.356 1160.092 532.2937
306.59 2612.948 920.166 1316.882 426.69823
307.79 2373.571 803.053 1187.683 408.31861
308.98 1783.88 579.113 932.851 340.58126
310.17 3021.1 966.081 1430.275 442.70746
311.36 2381.49 857.597 1178.563 474.78339
312.55 3960.3 1560.657 2066.731 474.1683
313.74 1807.158 584.359 957.404 327.78821
314.93 2875.246 1009.007 1474.29 401.09745
316.12 2339.555 787.067 1192.958 382.48872
317.31 1529.946 406.823 740.217 336.87589
318.5 1851.158 574.859 920.404 369.35777
319.69 2458.848 830.799 1262.736 376.91788
320.88 2184.757 736.225 1134.55 363.65609
322.07 1899.379 607.271 993.686 334.38287
323.26 1902.505 607.342 935.817 394.29506
324.45 1367.596 447.415 793.504 265.88028
325.64 2236.152 766.749 1195.274 342.89798
326.83 2685.102 996.024 1395.634 422.68238
328.01 2232.823 738.436 1110.916 401.19973
329.2 2736.571 976.053 1403.683 411.69138
330.39 2108.885 727.38 1086.817 384.35277
331.58 1918.854 542.908 969.366 322.64504
332.77 3471.04 1253.081 1742.233 453.42936
333.96 1356.075 448.82 671.648 407.15403
335.15 1741.292 524.964 868.466 354.09726
336.33 1757.354 590.908 878.866 405.07486
337.52 2096.096 719.415 1040.504 428.75449
338.71 2082.308 710.45 1050.191 403.79586
339.9 1948.749 614.932 995.09 350.85826
341.08 2025.956 688.2 1067.812 352.40068
342.27 2588.406 879.475 1376.672 343.71328
343.46 2823.128 1063.729 1446.619 459.5054
344.65 2645.128 897.229 1356.119 380.89739
345.83 2945.097 983.257 1460.668 410.93296
347.02 1507.84 470.264 791.306 323.19032
348.21 2912.911 1021.584 1513.302 384.63707
349.4 1608.89 462.989 862.946 286.50585
350.58 2109.126 718.045 1108.789 356.00809
351.77 1806.771 575.369 941.11 336.68684
352.96 1244.782 324.088 698.37 245.98921
354.14 2100.71 619.926 1114.21 299.58159
355.33 1777.736 536.13 920.695 322.86012
356.51 1342.193 387.098 701.82 303.47271
357.7 2189.965 679.734 1173.743 305.70961
358.89 1711.683 511.721 949.225 274.27491
360.07 2889.435 915.105 1399.957 407.20238
361.26 3275.701 1061.79 1572.085 433.84903
362.44 2431.411 733.483 1177.108 382.74008
363.63 2164.673 481.743 950.435 359.06957
364.81 2186.884 531.437 1069.458 307.69192
366.0 1633.42 276.518 729.538 299.52358
367.18 4427.761 1403.392 2092.821 438.67718
368.37 1837.01 529.85 875.253 378.44467
369.55 2537.65 737.065 1246.445 353.48602
370.74 3125.392 911.572 1458.582 404.71305
371.92 3505.655 1158.332 1668.41 460.18941
373.11 2220.932 476.078 1016.963 322.5928
374.29 1872.642 421.772 908.985 297.78964
375.48 2323.005 531.741 1060.623 338.6884
376.66 1971.439 441.53 902.257 332.06365
377.84 3302.01 953.85 1582.253 373.67092
379.03 1913.166 405.051 908.67 299.45562
380.21 1693.566 332.184 747.024 328.17068
381.39 1539.536 266.212 675.074 311.43168
382.58 2958.294 816.548 1409.101 361.44361
383.76 3632.161 1148.784 1715.705 438.04662
384.94 4183.542 1254.164 1936.868 429.08435
386.13 2375.917 426.593 963.237 363.24279
387.31 2713.897 618.339 1185.047 369.77748
388.49 2298.438 474.688 1029.093 328.9563
389.68 2970.773 637.952 1263.246 373.07617
390.86 3079.758 567.466 1204.521 394.36066
392.04 4027.996 982.706 1677.693 438.17952
393.22 2812.258 445.466 1111.021 355.61208
394.41 2665.922 473.202 1085.367 358.19074
395.59 2204.387 193.463 865.952 299.02702
396.77 3176.14 552.689 1295.349 353.25032
397.95 3405.763 637.576 1375.151 375.30931
399.13 4148.527 792.678 1560.643 436.97924
400.31 3433.38 447.511 1233.657 379.81108
401.5 4124.686 626.304 1514.36 393.93706
402.68 4081.035 734.712 1616.074 379.6767
403.86 3461.031 434.445 1296.108 351.24933
405.04 4619.434 807.263 1861.292 361.6759
406.22 3550.958 367.783 1341.448 326.92726
407.4 4883.286 697.013 1747.671 398.44309
408.58 5122.814 814.301 1875.791 405.8927
409.76 5616.989 947.755 2029.398 431.67971
410.94 4711.258 624.466 1721.521 372.52407
412.12 4440.909 502.9 1505.972 392.59496
413.3 4146.619 359.093 1500.994 331.68604
414.48 4150.975 371.111 1363.838 380.75574
415.66 4850.419 445.277 1491.567 421.02482
416.84 6730.361 1233.1 2392.132 474.29795
418.02 5622.479 623.378 1795.303 426.57187
419.2 5127.377 419.586 1512.357 430.81239
420.38 5443.129 583.97 1792.589 402.04214
421.56 5088.079 427.245 1581.949 403.63892
422.74 6592.072 1081.794 2295.154 454.13365
423.92 6183.227 865.995 2097.57 431.74224
425.1 5707.475 464.111 1706.838 421.92414
426.28 5912.93 405.995 1712.327 421.55711
427.46 8304.559 1356.492 2799.259 481.57939
428.63 6529.826 571.861 2000.716 416.97482
429.81 6497.089 687.964 1968.209 453.75107
430.99 6592.661 754.784 2180.705 409.41106
432.17 7580.342 1145.347 2523.941 466.77948
433.35 6992.001 827.316 2288.823 421.80325
434.52 5851.224 155.069 1442.77 442.35088
435.7 7010.553 376.383 1827.128 457.29379
436.88 8161.733 840.104 2306.7 499.22586
438.06 7983.141 552.531 2072.014 489.02213
439.23 7816.346 399.115 1956.406 476.29037
440.41 8191.662 594.126 2298.869 445.67035
441.59 8455.145 828.456 2548.315 443.44852
442.77 7814.729 276.679 1951.4 450.10779
443.94 9082.8 760.657 2663.231 437.41492
445.12 9584.357 769.833 2568.167 490.14964
446.3 11007.218 1093.118 2946.475 534.92659
447.47 10858.48 666.72 2632.968 518.33558
448.65 11523.187 720.646 2715.525 541.51366
449.82 10856.187 500.146 2418.525 539.83297
451.0 11301.238 609.213 2599.83 537.12114
452.18 10971.244 476.823 2644.96 484.02926
453.35 11357.171 530.16 2753.3 487.01447
454.53 11755.697 558.865 2819.285 495.34301
455.7 12333.836 334.238 2713.311 504.38118
456.88 14480.12 945.935 3424.159 546.12441
458.05 14651.935 591.763 3040.792 574.11196
459.23 14948.661 315.784 2806.205 587.56647
460.4 16403.672 580.16 3298.8 582.03789
461.58 16704.25 719.432 3462.09 582.82206
462.75 15947.357 315.333 3204.667 541.0253
463.93 16524.883 628.696 3520.987 549.60536
465.1 16431.15 525.065 3629.945 512.29317
466.28 16083.564 218.101 3243.888 524.34167
467.45 16721.672 146.66 3291.8 527.00403
468.63 18825.449 523.249 3846.018 550.8117
469.8 20746.033 870.287 4222.273 592.95431
470.97 21124.063 405.259 3823.724 606.08508
472.15 22396.857 595.675 4138.332 615.39084
473.32 23276.564 704.601 4322.388 623.91632
474.49 23613.301 859.499 4671.896 596.83715
475.67 22382.596 507.573 4177.839 596.00649
476.84 21755.838 327.08 4088.476 569.70226
478.01 23129.342 636.347 4688.941 555.02707
479.19 23294.426 548.728 4557.862 567.34696
480.36 23739.527 309.02 4472.808 562.72095
481.53 25499.537 596.897 4836.903 587.3255
482.7 26230.533 497.129 4733.938 607.37707
483.88 27196.75 275.774 4583.755 624.9093
485.05 28269.121 361.935 4823.659 625.47991
486.22 28683.982 478.405 4938.797 632.35636
487.39 28408.025 333.595 4795.508 629.20168
488.56 28390.311 485.876 5021.991 615.16145
489.74 28833.457 897.2 5619.313 591.60507
490.91 27146.26 242.651 4990.851 566.60649
492.08 27213.811 375.876 5230.491 552.83336
493.25 27776.941 278.714 5092.587 571.22879
494.42 28967.121 476.778 5228.824 599.53844
495.59 29724.766 417.26 5317.48 598.08544
496.76 31281.191 465.756 5367.155 628.70692
497.93 32903.074 610.478 5616.483 645.07711
499.1 33365.023 572.753 5591.843 653.35093
500.27 34408.605 1040.792 6267.099 638.45874
501.44 33906.012 1228.534 6296.083 644.83794
502.61 31613.775 423.137 5408.076 625.69748
503.78 32122.08 629.929 5761.278 613.72068
504.95 32543.703 1123.474 6516.415 582.61772
506.12 31245.564 696.943 5888.053 588.47957
507.29 31069.473 335.186 5433.538 602.8279
508.46 31510.744 32.165 5307.125 596.75481
509.63 34674.746 1258.165 6645.125 620.32351
510.8 35854.176 1179.612 6671.095 631.42442
511.97 35669.867 558.552 5824.426 666.77084
513.14 35936.973 258.528 5792.702 644.6932
514.31 37599.281 785.746 6241.206 674.8017
515.48 37020.617 495.01 6045.359 658.07771
516.65 36622.078 525.087 6124.614 644.64361
517.81 36192.59 355.806 5922.374 643.786
518.98 36241.914 695.01 6349.102 628.69336
520.15 34794.734 161.13 5858.695 607.86681
521.32 36137.434 703.605 6464.457 615.07963
522.49 38979.375 1502.503 7468.221 628.20389
523.65 38889.156 1158.859 7184.404 626.1723
524.82 38227.594 638.073 6545.839 636.27303
525.99 38754.359 78.517 6017.496 651.22042
527.16 41028.855 631.25 6882.031 646.28096
528.32 42725.102 730.182 7018.969 667.77461
529.49 43364.422 411.619 6654.732 688.00296
530.66 43603.102 114.367 6539.298 676.87465
531.82 43780.848 180.957 6592.071 680.06725
532.99 44204.75 320.274 6997.255 657.25024
534.16 44517.895 444.256 7148.912 657.35876
535.32 45963.613 794.401 7641.229 659.71009
536.49 45002.355 294.408 7207.866 646.67994
537.65 47260.109 1011.059 8080.564 654.20493
538.82 46260.203 321.816 7430.58 646.22193
539.99 47946.184 642.721 8076.725 636.31208
541.15 50055.797 818.39 8357.766 653.07006
542.32 50688.777 147.979 7854.74 655.79813
543.48 54478.836 811.155 8785.676 672.98941
544.65 56041.566 992.785 8917.718 694.62777
545.81 60088.105 1483.292 10133.099 677.52742
546.98 60532.637 503.106 9285.714 683.50459
548.14 60683.605 783.792 9857.099 660.17621
549.31 60692.141 402.873 9415.179 668.96606
550.47 60699.566 469.443 9763.554 648.04613
551.63 60685.09 914.806 10766.874 606.67753
552.8 60661.707 454.584 10034.545 628.46938
553.96 60689.914 459.852 10240.767 615.7917
555.13 60700.309 391.45 10690.69 585.5661
556.29 60714.41 934.084 11394.302 571.50176
557.45 60648.719 274.46 10552.64 587.40226
558.62 60702.164 523.468 11224.534 562.36169
559.78 60716.637 771.606 11627.214 552.20333
560.94 60703.648 371.982 11276.809 553.25655
562.11 60714.781 391.088 11510.37 542.51428
563.27 60702.906 157.975 11361.672 540.40137
564.43 60694.742 32.397 11656.66 521.85972
565.59 60741.133 205.838 12004.749 513.05833
566.76 60660.594 351.073 12192.839 509.29499
567.92 60742.246 571.349 12448.455 506.61244
569.08 60709.957 715.042 13216.978 479.88501
570.24 60655.398 352.024 12896.877 480.70211
571.4 60691.398 226.366 12819.042 480.1603
572.57 60741.504 367.342 13100.317 474.15596
573.73 60708.102 55.524 13072.134 465.96295
574.89 60726.289 452.697 13544.0 460.40943
576.05 60669.504 476.158 13770.987 452.75756
577.21 60675.441 157.714 13514.587 453.08305
578.37 60700.68 18.954 13640.76 445.4749
579.53 60720.723 193.644 13978.47 439.08484
580.69 60709.215 597.535 14724.34 425.51504
581.85 60696.969 351.919 14327.072 431.80241
583.01 60692.887 401.88 14435.816 429.60866
584.17 60687.688 484.83 14656.854 424.8007
585.33 60707.359 572.517 14948.496 418.30086
586.49 60680.637 377.763 14735.049 420.01584
587.65 60682.121 573.278 15187.824 411.29462
588.81 60707.73 566.521 15553.064 401.3014
589.97 60698.453 929.433 15628.847 406.60819
591.13 60655.027 421.02 15287.808 405.15819
592.29 60713.297 336.574 15254.096 404.73695
593.45 60715.523 213.595 14965.508 410.12938
594.61 60658.367 134.052 15178.927 402.29191
595.77 60701.422 196.961 15395.896 398.08354
596.93 60662.449 91.091 14998.683 406.31216
598.09 60679.523 382.753 15545.343 397.66802
599.24 60712.555 138.067 15446.458 395.69467
600.4 60680.637 291.763 15433.549 398.82267
601.56 60694.0 233.39 15322.522 400.68978
602.72 60717.75 368.616 15465.42 399.74775
603.87 60764.887 473.064 15310.146 406.35902
605.03 60717.75 232.116 15238.92 403.05474
606.19 60706.988 148.514 14826.428 412.5823
607.35 60713.297 -3.926 15131.096 401.17037
608.5 60701.051 594.457 15492.328 403.45761
609.66 60721.465 989.651 15859.107 401.70813
610.82 60684.348 146.299 15137.236 403.83097
611.97 60714.41 125.084 14915.802 409.64427
613.13 60732.227 573.754 15514.6 402.64436
614.29 60704.762 496.993 15383.016 404.45839
615.44 60709.586 717.539 15456.908 407.01908
616.6 60720.348 180.141 14843.401 412.87002
617.76 60705.504 663.0 15414.652 407.02222
618.91 60738.535 726.314 15170.268 415.48333
620.07 60710.699 641.049 15204.114 412.47944
621.22 60712.555 17.567 14577.958 416.84998
622.38 60714.41 1061.084 15637.302 409.25107
623.53 60691.398 78.366 14625.542 416.66528
624.69 60719.977 112.137 14268.832 428.1214
625.84 60709.957 217.542 14299.978 429.55933
627.0 60649.09 488.964 14831.709 419.44638
628.15 60716.266 -0.398 14734.646 412.05622
629.31 60671.359 318.175 14728.331 418.82395
630.46 60702.164 -23.532 14344.034 422.6582
631.61 60719.605 374.134 14629.264 423.3246
632.77 60672.844 228.189 14833.106 413.8651
633.92 60692.887 495.38 14691.816 424.03251
635.08 60660.965 949.577 15177.407 419.6802
636.23 60703.648 308.482 14744.809 418.3555
637.38 60704.391 -74.511 14334.446 421.81333
638.54 60680.266 654.76 15135.48 414.52016
639.69 60740.391 936.831 15459.111 411.80558
640.84 60695.242 490.402 14738.753 422.53901
641.99 60695.941 97.409 14039.882 434.6326
643.15 60696.641 816.916 14835.512 427.14495
644.3 60697.344 95.422 14179.142 430.29771
645.45 60698.043 -58.071 14110.771 428.80083
646.6 60698.746 811.436 15075.401 419.85035
647.75 60699.445 161.942 14418.031 424.64313
648.91 60700.148 -136.551 13971.661 431.2148
650.06 60700.848 225.455 14825.291 414.21968
651.21 60701.547 417.462 14565.42 426.09743
652.36 60702.25 450.969 14709.05 422.57637
653.51 60702.949 101.475 14213.68 429.426
654.66 60703.652 273.982 14861.81 414.24722
655.81 60704.352 651.989 15048.939 417.11863
656.96 60705.051 69.495 14402.569 423.04642
658.11 60705.754 365.002 14800.199 418.01128
659.27 60706.453 531.009 14925.328 418.04995
660.42 60707.156 29.015 14459.958 420.47247
661.57 60707.855 421.022 14835.088 418.25002
662.72 60708.559 -139.971 14611.718 412.48517
663.87 60709.258 -99.965 14122.848 427.54711
665.01 60709.957 316.042 14693.978 420.04581
666.16 60710.66 41.049 14739.607 412.75892
667.31 60711.359 95.555 14982.237 407.18143
668.46 60712.063 760.562 15722.366 400.697
669.61 60712.762 206.069 15547.996 394.38782
670.76 60713.465 4.575 15214.626 399.13667
671.91 60714.164 769.582 16378.756 384.0343
673.06 60714.863 519.589 16014.886 388.47448
674.21 60715.566 -161.405 15583.016 386.65743
675.35 60716.266 284.102 15720.146 391.50035
676.5 60716.969 167.609 15849.774 386.1033
677.65 60717.668 72.615 15783.904 385.99667
678.8 60718.371 -110.878 15727.034 384.07366
679.94 60719.07 40.629 16048.164 379.06174
681.09 60719.77 370.135 17049.793 361.81578
682.24 60720.473 363.142 17513.924 351.92174
683.39 60721.172 -1.851 17222.553 352.54063
684.53 60721.875 558.155 17196.684 361.5928
685.68 60722.574 214.662 17614.813 347.74361
686.83 60723.277 301.169 17607.443 349.13411
687.97 60723.977 298.175 17622.072 348.80028
689.12 60724.676 178.182 17514.703 349.24246
690.27 60725.379 68.189 17408.832 349.79781
691.41 60726.078 468.195 17969.961 344.29602
692.56 60726.781 358.702 17742.592 347.26451
693.7 60727.48 378.709 17681.721 348.77611
694.85 60728.18 48.215 17192.852 353.92973
695.99 60728.883 398.222 17794.98 346.79254
697.14 60729.582 184.229 17551.111 348.62534
698.28 60730.285 342.735 18251.74 337.19098
699.43 60730.984 391.242 18390.369 335.23705
700.57 60731.688 -74.251 17710.5 341.89929
701.72 60732.387 -50.745 17219.129 351.96049
702.86 60733.086 -107.738 17549.26 344.5706
704.01 60733.789 50.269 17415.389 349.45638
705.15 60734.488 433.275 18332.02 336.90192
706.29 60735.191 126.782 17723.648 344.42728
707.44 60735.891 171.288 18374.777 332.70876
708.58 60736.594 -124.205 17936.408 336.9808
709.72 60737.293 629.302 18731.037 332.05651
710.87 60737.992 -137.192 17783.168 339.69845
712.01 60738.695 0.315 17644.297 344.24418
713.15 60739.395 217.322 18427.928 332.34519
714.3 60740.098 348.828 17921.557 343.66473
715.44 60740.797 92.335 18611.186 327.49582
716.58 60741.5 277.342 18420.816 333.25567
717.72 60742.199 52.848 18398.945 330.80252
718.87 60742.898 240.855 18262.076 335.72666
720.01 60743.602 117.362 18078.205 337.54673
721.15 60744.301 -54.132 17879.836 339.01273
722.29 60745.004 345.875 18022.965 341.68027
723.43 60745.703 498.882 18553.596 333.69026
724.57 60746.406 450.388 18287.225 338.04211
725.72 60747.105 244.895 18067.354 339.47174
726.86 60747.805 678.902 18459.484 337.83428
728.0 60748.508 164.408 17772.113 344.07721
729.14 60749.207 -2.085 17477.244 347.56078
730.28 60749.91 481.422 17805.373 347.89112
731.42 60750.609 10.928 17753.004 342.34823
732.56 60751.313 722.435 18545.133 336.8114
733.7 60752.012 386.942 18597.262 331.48824
734.84 60752.711 -127.052 17331.393 348.71242
735.98 60753.414 148.955 17932.521 340.78912
737.12 60754.113 -3.038 17789.152 341.48213
738.26 60754.816 17.468 17486.281 347.69019
739.4 60755.516 228.475 17917.912 342.16488
740.53 60756.215 407.482 18162.541 339.89598
741.67 60756.918 273.488 17733.67 346.40779
742.81 60757.617 -222.505 17185.301 350.30332
743.95 60758.32 241.002 17969.93 341.34787
745.09 60759.02 19.508 17370.561 350.06241
746.23 60759.723 399.515 17605.189 350.8157
747.36 60760.422 453.522 17477.32 354.25055
748.5 60761.121 60.028 17069.949 356.857
749.64 60761.824 25.035 17006.078 357.67408
750.78 60762.523 -5.458 16833.209 360.88356
751.92 60763.227 74.548 16909.838 360.48491
753.05 60763.926 155.555 16258.969 376.3697
754.19 60764.629 635.562 16783.098 372.37302
755.33 60765.328 -151.932 16117.228 374.43397
756.46 60766.027 245.075 16057.357 382.74646
757.6 60766.73 82.082 15697.487 388.62038
758.74 60767.43 562.088 16315.617 382.17051
759.87 60768.133 244.595 16092.247 381.90854
761.01 60768.832 271.102 15563.377 395.60974
762.14 60769.535 234.608 15825.006 388.2834
763.28 60770.234 408.115 15272.136 406.0955
764.41 60770.934 249.121 15157.766 405.95115
765.55 60771.637 -123.872 14748.896 409.44303
766.69 60772.336 289.635 15202.025 405.58689
767.82 60773.039 266.641 15014.155 410.28202
768.95 60773.738 26.148 14525.285 418.97383
770.09 60774.441 737.655 15281.915 412.7868
771.22 60775.141 661.661 15275.044 411.3591
772.36 60775.84 504.168 14678.674 425.21181
773.49 60776.543 489.175 14838.804 420.1319
774.63 60777.242 196.181 14003.434 438.76262
775.76 60777.945 154.688 13969.563 438.82594
776.89 60778.645 428.195 14067.693 442.46824
778.03 60779.348 360.201 13450.823 461.54527
779.16 60780.047 8.708 13358.952 455.2077
780.29 60780.746 308.215 13035.582 475.13779
781.43 60781.449 606.221 13093.712 481.88407
782.56 60782.148 315.228 13181.842 469.95209
783.69 60782.852 11.735 12475.972 487.56388
784.82 60783.551 233.241 12821.602 481.00236
785.96 60784.25 116.748 12587.731 486.46927
787.09 60784.953 204.255 12186.361 505.59305
788.22 60785.652 394.261 12237.99 509.90184
789.35 60786.355 157.768 11739.62 523.47921
790.48 60787.055 142.275 12009.25 511.03822
791.62 60787.758 580.281 11944.38 529.80424
792.75 60788.457 5.288 11194.01 543.25391
793.88 60789.156 737.795 11788.14 543.43427
795.01 60789.859 353.801 11355.77 549.32042
796.14 60790.559 404.808 11514.898 543.52168
797.27 60791.262 493.815 11487.528 548.47205
798.4 60791.961 283.321 10909.158 569.44822
799.53 60792.664 -4.672 10310.788 589.38075
800.66 60793.363 316.335 10739.418 580.22206
801.79 60794.063 1276.841 11846.548 563.09247
802.92 60794.766 199.848 10216.178 604.96129
804.05 60795.465 381.855 10327.308 607.44956
805.18 60796.168 290.861 10017.937 622.0298
806.31 60796.867 215.868 9756.066 635.00774
807.44 60797.57 -64.625 9580.196 631.03495
808.57 60798.27 400.381 10089.826 623.33693
809.69 60798.969 400.888 9940.456 633.13223
810.82 60799.672 -163.605 9102.586 657.91084
811.95 60800.371 988.401 10112.216 655.5588
813.08 60801.074 103.908 8928.345 687.83048
814.21 60801.773 1064.915 10169.975 656.08418
815.33 60802.477 282.921 9203.104 678.45641
816.46 60803.176 308.928 9013.734 694.95224
817.59 60803.875 847.435 9490.864 693.66493
818.72 60804.578 504.441 8670.494 738.42451
819.84 60805.277 896.448 9116.124 728.84659
820.97 60805.98 446.454 8550.754 744.78401
822.1 60806.68 593.961 8538.383 757.9245
823.22 60807.383 -30.532 7767.513 780.16882
824.35 60808.082 92.474 7844.143 783.25861
825.48 60808.781 574.481 7850.272 827.87284
826.6 60809.484 310.488 7455.902 846.68281
827.73 59933.684 -144.506 7245.032 813.01693
828.85 60611.887 268.501 7361.662 850.72635
829.98 60811.586 610.008 7638.292 856.56158
831.11 57961.285 70.014 6945.921 841.94378
832.23 58804.988 81.521 6962.051 853.47306
833.36 59458.688 524.528 7592.181 833.85758
834.48 57596.891 259.034 6894.811 864.07159
835.6 56450.09 482.041 7014.94 856.71072
836.73 55703.293 -7.952 6711.07 829.15705
837.85 55605.992 535.054 6989.7 853.19851
838.98 53034.691 -104.439 6228.33 839.11373
840.1 56227.395 458.568 6766.959 884.04198
841.23 54183.094 371.074 6570.589 868.00377
842.35 54413.297 720.581 7111.219 840.17775
843.47 52944.496 248.588 6354.849 862.9816
844.6 52177.699 26.594 6149.978 851.67136
845.72 51190.898 155.101 6077.608 861.72626
846.84 52926.598 134.608 5955.738 906.90276
847.96 52168.301 139.114 5813.368 916.9345
849.09 51368.0 58.121 5820.497 890.4292
850.21 49718.203 232.628 5935.127 867.78749
851.33 49595.902 385.134 5976.757 880.08029
852.45 47485.605 25.141 5610.387 849.74711
853.57 48940.805 232.148 5832.016 869.81788
854.7 47802.004 67.654 5477.146 882.41839
855.82 46278.207 -0.339 5659.776 817.62555
856.94 48315.406 485.168 5827.405 895.32218
858.06 46233.109 -64.326 5132.035 890.95881
859.18 45483.309 425.181 5653.165 861.86428
860.3 46631.512 244.688 5345.295 909.43727
861.42 44485.711 -89.306 5013.424 873.55232
862.54 43808.91 -65.799 4962.554 872.54627
863.66 44777.113 50.708 4975.184 908.24691
864.78 44538.313 186.714 5073.814 907.5239
865.9 44375.016 244.221 5222.943 886.38792
867.02 44876.215 1277.228 6443.073 843.98547
868.14 45092.414 879.234 5701.203 916.91134
869.26 43854.617 575.741 5163.833 943.28699
870.38 40804.316 -90.252 4456.962 899.33223
871.5 42864.52 -94.746 4453.592 944.50466
872.62 39931.719 69.761 4578.222 884.15881
873.74 40190.922 699.268 5511.852 820.59147
874.85 38616.77 40.271 4430.417 878.70658
875.97 39455.77 286.271 4564.417 915.57188
877.09 40534.77 373.271 4811.917 904.81426
878.21 38814.77 220.771 4370.917 929.94323
879.33 39663.27 334.771 4641.417 913.20489
880.44 39310.77 254.771 4375.417 947.81259
881.56 36644.77 111.271 4114.417 912.61977
882.68 37032.27 256.271 4367.917 894.43502
883.79 38549.27 826.771 4988.417 906.43225
884.91 36263.27 -58.229 3702.917 965.70299
886.03 36296.77 456.271 4455.417 896.20388
887.14 35761.77 659.271 4800.417 847.65187
888.26 35912.77 777.271 4809.917 871.27661
889.38 37111.77 636.271 4577.417 925.50496
890.49 36151.27 -89.729 4014.417 883.03388
891.61 38346.27 307.771 4176.917 983.12398
892.72 37125.27 -13.229 4058.417 912.12496
893.84 37348.77 -99.229 3906.917 934.76372
894.95 36031.27 -87.229 3941.917 896.43065
896.07 37525.27 152.271 4075.417 952.62831
897.18 37215.27 384.271 4307.417 938.81293
898.3 36721.77 -41.229 3881.917 937.07957
899.41 38652.77 577.271 4446.917 983.9531
900.53 36549.27 335.771 4029.417 980.42692
901.64 36557.77 462.271 4350.417 928.34739
902.75 35086.27 262.771 4055.917 918.06378
903.87 34447.77 116.771 3876.417 913.14447
904.98 36092.27 403.771 4044.917 980.1447
906.09 35310.27 235.771 3943.917 945.87698
907.21 33620.27 438.771 3919.917 953.17748
908.32 34169.77 198.271 3488.417 1032.52255
909.43 33306.77 650.771 3977.917 981.50184
910.54 31042.771 280.271 3820.917 868.83867
911.66 33038.77 1160.771 4581.417 931.92929
912.77 30556.771 85.771 3214.417 973.93574
913.88 30934.271 300.271 3645.417 915.77472
914.99 29095.771 69.271 3371.417 879.01932
916.1 29847.771 349.771 3617.417 902.72941
917.22 29808.771 58.771 2918.417 1040.33861
918.33 29420.771 688.771 3724.917 946.33135
919.44 30522.271 270.271 3384.417 971.43813
920.55 31069.271 660.771 3674.417 1009.02698
921.66 28577.771 428.771 3272.917 989.71718
922.77 26857.771 488.271 3282.417 943.74101
923.88 27785.771 623.271 3542.917 930.33543
924.99 28291.271 373.771 3227.417 978.30991
926.1 25679.271 -11.229 2623.917 974.91757
927.21 25042.771 652.771 3484.417 861.33652
928.32 23012.771 -84.729 2456.417 908.94035
929.43 24373.771 251.771 2756.917 962.89803
930.54 23157.271 111.271 2439.417 989.88644
931.65 23379.771 266.271 2607.917 987.06216
932.76 22921.771 381.771 2750.917 951.39774
933.86 21582.771 302.271 2464.417 984.23056
934.97 20446.771 113.771 2305.417 927.75026
936.08 20026.271 164.771 2138.417 1006.33556
937.19 20062.271 708.271 2768.917 939.22009
938.3 17513.771 472.271 2273.917 945.88513
939.4 16481.271 674.771 2431.417 899.81142
940.51 14472.271 305.271 1864.417 908.63855
941.62 13353.771 503.771 1984.417 867.86454
942.73 15453.271 1102.771 2513.917 1016.93949
943.83 12898.771 302.771 1592.417 976.70227
944.94 12534.771 338.271 1721.417 881.79423
946.05 11655.271 -35.729 1180.417 961.31564
947.15 12436.771 -25.729 1255.417 972.76202
948.26 12807.771 228.771 1623.917 901.62617
949.36 12453.771 98.271 1469.917 900.77918
950.47 13671.771 326.771 1819.917 893.75062
951.57 15158.271 844.771 2349.917 950.97089
952.68 14384.771 568.771 1976.417 981.49688
953.79 14607.771 439.271 2026.417 892.7031
954.89 13850.771 121.771 1668.417 887.66282
955.99 14602.271 391.271 2152.917 806.68877
957.1 14172.271 230.271 1637.417 990.79994
958.2 14702.771 271.271 1806.417 940.07356
959.31 14988.271 455.771 2090.917 888.75859
960.41 14946.771 130.271 1642.917 979.50886
961.52 14230.771 10.271 1452.917 985.72357
962.62 14821.271 493.771 1946.917 985.96437
963.72 14432.271 -50.729 1492.417 938.53735
964.83 14201.271 -70.729 1396.917 972.4417
965.93 15083.271 341.771 1883.917 955.90831
967.03 16059.271 714.271 2232.917 1010.43959
968.13 14293.771 466.771 1975.417 916.5173
969.24 13806.271 175.771 1604.417 954.08531
970.34 13645.271 206.771 1605.917 960.47887
971.44 14676.271 265.771 1650.417 1040.73546
972.54 13757.271 346.771 1881.917 873.56522
973.64 12890.771 142.271 1643.917 848.96849
974.75 15040.271 1069.771 2472.917 995.65554
975.85 18924.771 3162.271 4867.417 924.40782
976.95 12902.271 189.771 1479.917 985.35373
978.05 13244.271 525.771 1934.917 902.56804
979.15 13909.771 896.271 2298.917 927.78223
980.25 11827.771 99.771 1282.917 991.25567
981.35 12449.771 179.271 1406.417 999.92191
982.45 13864.271 891.771 2297.417 922.8853
983.55 13363.271 462.771 1760.417 994.14646
984.65 12506.771 418.271 1628.917 998.51665
985.75 12530.271 675.271 1828.917 1027.61173
986.85 11550.271 372.271 1638.417 882.8367
987.95 11266.771 185.271 1345.917 954.77015
989.05 11611.771 783.271 2071.417 840.62678
990.15 11577.271 628.271 1710.417 1011.78599
991.25 10590.271 443.271 1513.917 947.74573
992.34 11530.771 835.771 1982.917 932.31388
993.44 11038.271 478.271 1473.917 1060.61813
994.54 9921.271 386.771 1334.417 1006.12485
995.64 10819.771 731.271 1754.417 986.02756
996.74 10616.271 789.271 1829.917 944.31742
997.83 8626.771 73.771 1008.417 915.10594
998.93 9463.271 315.271 1299.917 929.06503
1000.03 11239.771 1230.771 2285.917 948.58918
1001.12 10061.771 704.771 1735.417 907.87733
1002.22 9553.271 729.271 1828.417 802.8052
1003.32 8356.271 272.271 1190.917 879.99094
1004.41 8458.771 467.271 1408.417 849.12453
1005.51 7951.771 402.771 1217.917 926.09203
1006.6 6959.771 188.771 987.917 847.27964
1007.7 7857.771 624.271 1470.917 854.37146
1008.8 6915.271 103.271 755.917 1043.75139
1009.89 7503.271 577.771 1331.917 918.32376
1010.99 7288.271 384.771 1149.417 902.83636
1012.08 6561.271 47.271 826.417 836.04374
1013.18 7549.771 394.271 1240.917 845.15866
1014.27 7952.271 202.271 1009.417 960.17344
1015.36 8054.771 334.271 1124.417 977.09819
1016.46 7947.271 402.771 1194.917 952.41309
1017.55 6902.271 148.271 862.917 945.08351
1018.65 7722.271 496.771 1208.917 1014.6097
1019.74 7394.271 586.771 1441.917 796.06309
1020.83 7167.271 505.271 1239.417 907.44922
1021.93 6628.771 280.271 1081.417 792.42758
1023.02 6000.771 38.271 740.917 848.57829
1024.11 5811.771 63.771 754.417 832.26448
1025.2 5602.271 88.271 722.417 869.51608
1026.3 6033.271 454.271 1131.917 823.2915
1027.39 6418.771 597.771 1268.417 867.96936
1028.48 5693.271 486.771 1072.417 889.01864
1029.57 5528.771 312.771 901.917 885.34956
1030.66 5344.771 451.771 1035.417 838.35098
1031.75 7724.271 1483.271 2155.917 927.8285
1032.84 5494.771 652.771 1237.417 828.19377
1033.94 4389.771 161.271 678.417 817.66103
1035.03 5523.771 773.771 1262.917 971.08062
1036.12 3967.271 90.271 614.917 738.97466
1037.21 3961.771 66.771 609.417 717.77936
1038.3 4915.271 522.771 1049.417 834.05205
1039.39 3970.771 153.271 549.417 963.66019
1040.48 4432.771 455.771 904.417 886.44534
1041.57 4691.271 616.271 1021.917 1004.57084
1042.66 4130.771 441.771 862.917 875.94362
1043.74 4110.271 508.271 928.417 857.32138
1044.83 4126.271 543.271 974.917 830.07864
1045.92 3046.771 45.771 481.917 688.0726
1047.01 4247.771 617.771 1054.417 831.33745
1048.1 2940.771 96.771 402.417 930.48873
1049.19 3425.771 502.271 822.417 913.17753
1050.27 3272.771 342.271 705.417 806.97603
1051.36 3073.271 305.271 681.417 735.88475
1052.45 3442.271 469.771 875.417 732.78205
1053.54 3284.771 466.771 758.417 966.24038
1054.62 3221.271 525.271 900.417 718.65376
1055.71 3250.271 467.771 822.917 783.48092
1056.8 3733.271 688.271 1055.917 828.24279
1057.88 2858.271 328.771 652.417 781.56416
1058.97 3046.771 458.771 804.417 748.74325
1060.06 3715.771 834.771 1296.917 623.39631
1061.14 2688.271 367.771 664.417 782.24589
1062.23 5474.771 1608.271 2089.917 802.76824
1063.31 2833.771 547.271 887.917 671.2249
1064.4 2283.271 279.271 610.417 605.17139
1065.48 2537.271 526.771 738.917 947.69693
1066.57 2360.271 362.771 691.917 606.87381
1067.65 2734.771 543.771 885.417 641.3073
1068.74 2200.271 357.271 635.417 662.602
1069.82 2622.271 544.271 856.417 665.71437
1070.9 6373.771 2151.771 2635.417 872.95259
1071.99 2549.771 561.771 908.917 572.6699
1073.07 2375.271 491.771 826.917 561.99411
1074.15 2504.271 576.771 914.417 570.86435
1075.24 2121.771 526.771 764.417 671.16669
1076.32 2435.771 625.771 880.417 710.79099
1077.4 3424.271 963.771 1324.417 682.2483
1078.49 1695.271 218.271 494.417 534.86234
1079.57 2471.271 655.271 905.917 724.52816
1080.65 3120.771 866.771 1207.917 660.71453
1081.73 1892.271 382.771 651.417 561.8922
1082.81 1492.771 238.271 479.917 519.14823
1083.89 2249.771 548.771 799.417 678.64669
1084.98 2153.271 533.271 847.417 515.68398
1086.06 1500.271 267.771 470.917 606.70708
1087.14 1579.271 283.771 487.417 636.15353
1088.22 1974.271 524.771 765.417 602.33738
1089.3 1460.771 261.771 458.417 609.72569
1090.38 3283.771 1101.771 1433.417 657.9309
1091.46 2203.771 598.771 838.417 669.73819
1092.54 1662.271 405.771 657.917 498.32272
1093.62 1857.271 412.771 674.917 551.02916
1094.7 1212.271 186.271 429.417 421.96901
1095.78 1841.771 490.771 699.917 645.96074
1096.86 1984.271 545.771 843.917 482.48196
1097.93 3428.771 1146.271 1458.417 731.22888
1099.01 2524.271 802.271 1099.917 578.53995
1100.09 1360.771 334.271 492.917 647.03884
