196.55 2944.181 2496.717 2886.567 114.77838
197.76 4464.357 3800.704 4436.287 104.41655
198.96 3979.232 3596.637 3977.441 100.47039
200.16 2631.485 2217.541 2638.016 98.44681
201.36 4609.344 4129.822 4611.604 99.53096
202.56 3103.745 2681.073 3184.465 83.96481
203.76 2502.169 2135.104 2536.268 91.50008
204.96 3072.593 2509.135 3166.07 85.77075
206.16 2026.7 1681.46 2228.742 63.08268
207.36 3854.05 3287.843 3808.572 108.73349
208.56 3216.067 2790.816 3250.863 92.43638
209.76 2069.738 1640.444 2060.091 102.29889
210.96 2887.255 2473.917 2848.882 110.23386
212.16 5815.474 5252.875 5767.875 109.24255
213.36 3519.382 3010.754 3486.111 106.99931
214.56 2876.869 2391.318 2802.586 118.06194
215.76 5339.669 4838.104 5375.768 93.28612
216.96 4499.709 4114.857 4511.5 97.02742
218.16 3199.791 2745.633 3194.347 101.21321
219.35 2474.532 2041.87 2376.781 129.18739
220.55 2902.658 2530.937 2941.626 90.51144
221.75 2567.559 2156.188 2581.488 96.72491
222.95 4338.386 3955.792 4442.877 78.54768
224.15 3512.162 3057.475 3442.893 117.97238
225.35 2627.327 2274.796 2723.971 78.48416
226.55 2544.991 2166.348 2552.666 98.01334
227.75 4110.886 3635.292 4039.877 117.55105
228.94 3467.238 3080.444 3441.591 107.10161
230.14 2961.694 2645.653 3001.092 88.9157
231.34 2526.692 2205.884 2526.209 100.15091
232.54 2466.318 2053.451 2332.554 147.92601
233.74 2484.251 2198.879 2504.115 93.49224
234.93 2551.202 2144.229 2552.125 99.77363
236.13 2913.964 2606.03 3054.958 68.59318
237.33 2937.268 2551.8 2751.564 192.96144
238.53 2635.283 2304.004 2734.972 76.86859
239.72 4169.483 3724.772 4236.632 86.88131
240.92 1936.57 1571.854 1948.129 96.92805
242.12 3684.844 3173.269 3673.762 102.21427
243.31 2492.299 2086.709 2491.88 100.10328
244.51 1979.525 1743.794 2002.748 91.03207
245.71 3784.823 3250.758 3703.204 118.03946
246.9 4893.525 4376.794 4973.748 86.56132
248.1 2940.253 2589.148 3066.998 73.4759
249.3 2870.521 2533.756 2941.481 82.59606
250.49 2780.916 2339.7 2750.193 107.48452
251.69 3319.652 2706.63 3336.977 97.25156
252.89 2999.975 2611.696 3014.599 96.37034
254.08 1795.738 1535.444 1814.591 93.24628
255.28 3052.544 2489.536 2954.422 121.10667
256.47 1919.508 1633.821 2015.457 74.85853
257.67 3370.58 2988.699 3400.546 92.72403
258.86 3666.888 3304.061 3672.76 98.40723
260.06 2744.395 2428.689 2933.635 62.52275
261.26 4371.796 3935.44 4351.497 104.87897
262.45 2920.401 2398.996 2822.785 123.03408
263.65 1878.996 1365.707 1799.157 118.41949
264.84 3476.213 2898.395 3396.266 116.05767
266.04 2429.475 1970.196 2451.099 95.50346
267.23 1821.517 1512.718 1745.214 132.81881
268.42 2276.027 1904.063 2275.131 100.2414
269.62 2842.361 2459.242 2803.053 111.43314
270.81 2908.926 2474.545 2968.109 88.00904
272.01 2933.859 2432.973 2909.17 105.18477
273.2 3576.764 3105.315 3586.14 98.05012
274.4 2129.646 1768.323 2216.327 80.65179
275.59 3320.334 2897.424 3232.845 126.08333
276.78 2795.321 2479.489 2941.821 68.31287
277.98 2626.519 2193.487 2570.098 114.98136
279.17 2597.217 2297.433 2707.033 73.18942
280.37 2710.971 2245.158 2712.333 99.7086
281.56 1858.023 1526.525 1861.864 98.85446
282.75 2035.036 1731.408 2138.547 74.57603
283.95 2587.163 2307.297 2542.118 119.18285
285.14 2769.205 2366.319 2815.233 89.74685
286.33 2193.144 1992.554 2221.944 87.44521
287.52 2929.348 2536.36 3024.37 80.5286
288.72 3662.762 3159.546 3695.256 93.93439
289.91 4324.272 3798.391 4221.673 124.23894
291.1 3191.171 2732.373 3183.151 101.77915
292.29 2885.757 2588.186 2972.765 77.37574
293.49 3068.477 2760.465 3181.482 73.15899
294.68 2233.104 1941.301 2177.212 123.69237
295.87 2474.131 2132.119 2479.419 98.47751
297.06 3128.814 2601.913 3054.288 116.47437
298.26 1417.622 1255.274 1427.003 94.53724
299.45 2506.299 2023.709 2450.88 112.97335
300.64 2478.658 2208.437 2584.126 71.92666
301.83 2651.192 2369.384 2748.709 74.29207
303.02 2252.304 1826.516 2165.53 125.59608
304.21 3383.141 2868.464 3270.835 127.91087
305.4 2666.637 2276.426 2646.569 105.42172
306.59 2945.508 2563.821 2900.957 113.21464
307.79 2484.338 2192.962 2560.612 79.25372
308.98 1925.194 1664.653 2044.092 68.66482
310.17 3101.147 2640.698 3111.893 97.71945
311.36 2681.671 2176.925 2700.993 96.31307
312.55 4399.026 3882.115 4453.472 90.47079
313.74 1917.688 1523.346 1940.942 94.43149
314.93 3283.567 2807.316 3359.863 86.1919
316.12 2509.422 2160.007 2656.843 70.32809
317.31 1410.479 1166.234 1479.866 77.87639
318.5 1937.688 1553.346 1911.942 107.17969
319.69 2678.333 2309.155 2706.462 92.91986
320.88 2406.863 1925.511 2534.436 79.04947
322.07 2097.665 1737.566 2085.001 103.64501
323.26 2033.053 1705.381 2074.838 88.69015
324.45 1485.523 1142.525 1465.864 106.07986
325.64 2556.04 2124.998 2568.655 97.15648
326.83 3034.671 2560.373 3100.151 87.8691
328.01 2358.648 1950.092 2391.71 92.51343
329.2 3101.338 2597.462 3199.112 83.74907
330.39 2417.314 1859.413 2350.788 113.53873
331.58 1955.481 1561.003 2048.749 80.87775
332.77 3750.506 3265.552 3842.073 84.11726
333.96 1404.458 1141.723 1498.308 73.68094
335.15 1883.316 1434.182 1861.671 105.06312
336.33 1852.981 1532.503 2022.249 65.4376
337.52 2402.023 1892.025 2372.364 106.17448
338.71 2377.732 1937.637 2292.941 123.86446
339.9 2204.157 1745.49 2297.468 83.09525
341.08 2284.247 1919.841 2312.848 92.72244
342.27 2976.378 2526.216 3119.844 75.8324
343.46 3089.884 2680.022 3237.994 73.45565
344.65 3051.884 2637.522 3133.994 83.46131
345.83 3319.552 2724.112 3359.955 93.64567
347.02 1711.093 1284.135 1654.07 115.41429
348.21 3184.527 2798.063 3437.631 60.42574
349.4 1885.962 1372.76 2004.075 81.29098
350.58 2468.327 1941.848 2655.813 73.74019
351.77 1933.251 1479.379 2169.615 65.75602
352.96 1442.548 917.574 1612.688 75.52332
354.14 2296.085 1794.559 2536.037 67.63875
355.33 1932.799 1388.209 2177.38 69.0078
356.51 1414.641 1053.516 1710.177 54.99402
357.7 2403.986 1917.862 2633.74 67.90598
358.89 1950.873 1294.409 2244.694 69.08069
360.07 2977.682 2468.539 3274.792 63.14932
361.26 3369.851 2822.45 3719.978 60.98987
362.44 2500.032 1883.975 2685.964 76.81612
363.63 1926.109 1437.713 2258.544 59.50022
364.81 2018.79 1481.238 2377.53 59.9751
366.0 1387.771 869.496 1706.356 61.93094
367.18 4611.488 4002.684 4925.465 65.97489
368.37 1810.207 1289.141 2138.458 61.35118
369.55 2658.982 1992.324 2972.974 67.98128
370.74 3144.524 2569.347 3556.089 58.29056
371.92 3596.102 2932.584 3829.17 74.00497
373.11 2128.096 1572.778 2366.02 70.0062
374.29 1613.777 1228.803 2118.506 43.26997
375.48 2147.058 1604.793 2543.671 57.75671
376.66 1695.273 1304.212 2230.397 42.22278
377.84 3311.707 2698.641 3682.458 62.31504
379.03 1750.899 1197.779 2106.243 60.88512
380.21 1278.224 908.614 1826.249 40.27853
381.39 1266.891 768.203 1653.21 56.34846
382.58 2845.878 2249.768 3191.686 63.28685
383.76 3555.279 2792.519 3928.047 67.17228
384.94 3970.068 3275.138 4444.088 59.4491
386.13 1886.18 1312.822 2390.25 53.2154
387.31 2301.144 1667.607 2813.285 55.298
388.49 1732.245 1310.625 2427.807 37.73959
389.68 2402.813 1823.466 3113.629 44.90497
390.86 2334.397 1738.51 3032.36 46.05532
392.04 3353.319 2622.772 4102.779 49.36103
393.22 1911.897 1267.51 2711.36 44.62975
394.41 1882.828 1355.17 2657.537 40.51533
395.59 1282.376 602.499 2046.302 47.0893
396.77 2382.715 1571.216 3240.991 48.59926
397.95 2336.045 1634.858 3244.647 43.55772
399.13 3088.652 2148.683 3967.318 51.6854
400.31 2117.699 1344.565 3154.925 42.7061
401.5 2709.935 1827.995 3855.209 43.50503
402.68 3009.391 2013.203 4170.71 46.1731
403.86 2043.771 1103.943 3188.014 45.09579
405.04 3389.154 2394.952 4569.202 45.72621
406.22 2019.309 1116.928 3278.363 41.7492
407.4 2856.639 1933.748 4309.794 38.84146
408.58 3187.414 2269.484 4582.651 39.68284
409.76 3640.642 2452.338 4997.402 46.69054
410.94 2800.897 1770.51 4115.36 43.94255
412.12 2428.969 1289.889 3749.949 46.30294
413.3 2180.65 1039.914 3670.435 43.3654
414.48 2009.254 947.47 3378.723 43.67231
415.66 2361.737 1217.497 3723.432 45.66122
416.84 4306.692 3106.936 5778.05 44.91593
418.02 2913.874 1772.23 4367.919 43.98231
419.2 2173.108 1166.391 3607.32 41.24318
420.38 2831.418 1557.522 4244.417 47.41144
421.56 2568.549 1362.396 4031.913 45.18245
422.74 4213.872 2946.461 5620.036 47.40511
423.92 3406.564 2131.6 4890.321 46.21577
425.1 2627.254 1499.97 4065.723 43.93581
426.28 2317.534 1165.192 3856.506 42.81709
427.46 5000.013 3589.68 6422.448 49.7864
428.63 2773.239 1619.266 4308.315 42.91381
429.81 2906.846 1713.591 4375.987 44.81884
430.99 3226.779 2003.519 4743.547 44.64407
432.17 4192.156 2927.721 5826.585 43.61829
433.35 3565.968 2125.12 4965.066 50.73504
434.52 1635.973 427.927 3245.716 42.87214
435.7 2341.365 1092.833 3793.161 46.2363
436.88 3337.713 1984.948 4888.608 46.58827
438.06 2704.743 1466.304 4456.582 41.41553
439.23 2458.275 1177.981 4051.781 44.55058
440.41 3011.808 1601.606 4678.638 45.82993
441.59 3631.834 2193.977 5398.187 44.874
442.77 2334.622 963.274 3957.003 45.80734
443.94 3752.526 2184.115 5537.972 46.7644
445.12 3443.072 2037.676 5450.854 41.17559
446.3 4330.796 2830.492 6339.838 42.75167
447.47 3550.403 1996.817 5529.01 43.9836
448.65 3674.964 1981.582 5756.299 44.86115
449.82 2635.464 1192.582 4896.299 38.95766
451.0 3099.361 1628.795 5361.895 39.39262
452.18 2992.009 1347.642 5281.681 41.79844
453.35 3208.047 1508.127 5548.03 42.07824
454.53 3180.26 1500.777 5517.873 41.80839
455.7 2760.507 938.373 5313.298 41.6495
456.88 4546.179 2478.001 7091.026 44.83344
458.05 3292.154 1621.452 6037.202 37.83507
459.23 2820.279 923.019 5558.547 40.92867
460.4 3655.047 1717.127 6638.53 39.37739
461.58 4090.157 1870.49 7088.468 42.53884
462.75 2879.572 902.676 6107.854 37.97941
463.93 3767.756 1645.239 6890.106 40.46847
465.1 3623.482 1483.324 6766.474 40.50914
466.28 2704.161 647.028 6071.735 37.92156
467.45 2620.047 483.127 5941.03 39.15277
468.63 3734.07 1443.407 7088.471 40.57816
469.8 4682.8 2273.03 8151.105 40.99591
470.97 3351.133 1065.441 6890.144 39.24135
472.15 3836.101 1621.263 7446.445 38.02178
473.32 4409.662 1868.528 7969.235 41.6531
474.49 4844.555 2223.203 8539.063 41.50428
475.67 3855.494 1299.938 7688.773 40.00034
476.84 3373.036 883.96 7141.889 39.77475
478.01 4495.656 1752.721 8442.585 41.00135
479.19 3953.414 1409.931 8063.81 38.22557
480.36 3432.68 915.27 7532.409 38.04379
481.53 4365.948 1726.378 8416.892 39.45243
482.7 3978.829 1276.117 8456.195 37.64181
483.88 3497.686 873.577 7709.059 38.38953
485.05 3939.678 1198.001 8010.026 40.24761
486.22 4005.46 1352.991 8186.191 38.81737
487.39 3433.089 877.097 7722.804 37.33716
488.56 4270.823 1501.81 8619.046 38.90573
489.74 5284.247 2389.342 9412.849 41.21738
490.91 3557.954 892.185 7826.042 38.4457
492.08 3858.823 1265.81 8351.046 36.59741
493.25 3511.331 930.386 8051.579 36.24315
494.42 3997.707 1369.088 8493.116 36.89793
495.59 3964.603 1247.532 8254.328 38.77765
496.76 4273.612 1336.929 8779.086 39.4601
497.93 4574.93 1718.135 8874.218 39.9212
499.1 4482.061 1605.01 8686.713 40.62654
500.27 5504.291 2773.633 9994.347 37.81701
501.44 5890.764 3078.815 10340.14 38.72502
502.61 3934.871 1235.64 8292.811 38.24806
503.78 4633.106 1679.07 8997.595 40.36382
504.95 5884.409 3086.124 10109.66 39.84153
506.12 4435.19 1873.615 8827.325 36.83753
507.29 3669.663 930.797 8134.118 38.02228
508.46 2780.538 252.729 7064.272 37.11066
509.63 6155.038 3146.729 10463.772 41.11372
510.8 6063.724 3257.561 10580.907 38.31804
511.97 4092.869 1395.871 8452.928 38.21703
513.14 3433.192 771.884 8008.708 36.77453
514.31 4874.519 2169.487 9502.598 36.88792
515.48 4164.587 1332.328 8695.921 38.46301
516.65 3869.578 1206.483 8477.504 36.62615
517.81 3712.375 997.678 8375.577 36.79498
518.98 4519.618 1822.736 9187.236 36.62002
520.15 3039.299 485.209 7758.88 35.11418
521.32 4435.682 1739.539 9169.292 36.28846
522.49 6952.545 3869.305 11735.806 39.19456
523.65 6147.688 3152.846 10589.442 40.27168
524.82 4548.494 1597.438 9160.273 39.0205
525.99 3036.129 298.35 7696.536 37.00609
527.16 4703.51 1845.59 9410.84 37.77694
528.32 4872.143 1856.285 9654.561 38.67339
529.49 4201.266 1269.084 9050.522 37.68175
530.66 3055.7 237.96 7952.242 36.52628
531.82 3564.804 604.568 8380.371 38.06984
532.99 3916.186 1143.077 9051.559 35.065
534.16 4229.082 1260.521 9238.271 37.2105
535.32 5285.439 2115.98 10496.134 37.82101
536.49 3856.481 789.003 9031.249 37.21653
537.65 5905.911 2601.393 11115.043 38.81434
538.82 3979.437 820.711 9142.75 37.95616
539.99 4866.873 1661.909 10484.694 36.32599
541.15 5484.907 2098.355 10995.276 38.06431
542.32 3726.399 502.227 9480.401 35.91122
543.48 5519.945 1999.787 11516.283 36.99006
544.65 5301.219 1990.202 11206.916 35.92405
545.81 7617.791 3837.633 13952.847 37.37102
546.98 5285.652 1447.13 11648.477 37.6276
548.14 5966.291 2101.633 12558.847 36.95686
549.31 4746.772 958.391 11704.673 35.25295
550.47 5052.19 1167.115 11823.325 36.45832
551.63 6483.875 2475.678 13360.077 36.82515
552.8 5108.557 1129.472 12063.946 36.39027
553.96 4923.646 947.323 11854.827 36.45493
555.13 5154.732 1023.137 12524.44 35.92284
556.29 6819.527 2505.563 14429.631 36.17863
557.45 4776.325 696.579 11942.429 36.27779
558.62 5647.336 1466.693 13019.729 36.18654
559.78 6429.152 1969.13 13975.477 37.14721
560.94 5532.42 1215.238 13337.959 35.61232
562.11 5333.547 1055.074 13142.688 35.39551
563.27 4613.378 262.716 12451.344 35.69444
564.43 4543.418 55.969 12440.076 36.23555
565.59 4515.033 320.87 12474.78 34.50875
566.76 5470.994 1010.438 13526.773 35.63788
567.92 6267.595 1477.404 14710.454 36.1987
569.08 6591.276 1880.929 14975.939 35.97055
570.24 5531.701 1088.781 14294.967 33.64272
571.4 5049.23 472.868 13934.058 33.99671
572.57 5618.553 945.881 14806.338 33.71225
573.73 4951.671 168.373 13756.151 35.20295
574.89 5918.196 1054.422 14808.476 35.36248
576.05 6259.996 1449.707 14947.657 35.63718
577.21 5305.331 620.386 14037.079 34.91877
578.37 4932.753 16.148 14368.998 34.25525
579.53 5652.382 648.254 14684.11 35.65246
580.69 6910.734 1744.406 16907.324 34.07212
581.85 6140.044 1062.536 15333.922 35.57824
583.01 6065.813 1031.413 15150.788 35.65597
584.17 6415.021 1324.256 15526.981 35.84358
585.33 6689.129 1508.85 16502.535 34.54974
586.49 6013.124 911.543 15139.886 35.85506
587.65 6682.707 1585.588 15770.116 35.93436
588.81 6768.65 1454.361 16620.094 35.04143
589.97 7591.627 2468.081 17353.152 34.4207
591.13 6383.681 1144.77 16272.909 34.63024
592.29 6279.964 974.529 16274.958 34.67507
593.45 5643.589 623.597 15068.304 34.75316
594.61 5463.869 509.871 14565.428 35.24583
595.77 5600.295 398.671 15600.113 34.21796
596.93 5420.599 352.994 14982.562 34.63947
598.09 6239.561 994.51 16096.213 34.73152
599.24 5772.922 453.507 15481.843 35.3959
600.4 6077.124 1022.043 15271.886 35.47464
601.56 5713.376 652.947 14886.461 35.55292
602.72 6026.715 1034.664 15405.649 34.73701
603.87 6391.871 1147.587 15940.47 35.4514
605.03 5692.715 538.664 15530.149 34.37985
606.19 5449.108 524.339 14650.979 34.86158
607.35 5033.464 91.029 14074.458 35.34494
608.5 6654.274 1534.16 16068.056 35.22878
609.66 7694.924 2418.276 16947.227 36.31816
610.82 5105.833 428.655 13941.462 34.61292
611.97 5538.027 429.063 15284.131 34.39206
613.13 6516.031 1601.601 15041.897 36.56489
614.29 6408.983 1286.772 15624.132 35.72632
615.44 6702.255 1823.417 15499.882 35.67324
616.6 5388.861 461.742 14483.053 35.14022
617.76 6538.525 1709.294 14965.748 36.42928
618.91 6384.386 1751.292 14364.377 36.73245
620.07 6497.817 1762.451 15394.555 34.73687
621.22 4642.922 12.007 13149.843 35.24869
622.38 7477.027 2654.563 15989.631 36.16377
623.53 4780.23 158.868 13188.058 35.4693
624.69 5032.34 384.231 13439.995 35.60197
625.84 5016.276 531.929 13202.939 35.3906
627.0 5811.346 1371.591 14228.986 34.53075
628.15 4573.631 114.619 12578.419 35.7757
629.31 5571.601 1007.263 14042.945 35.01418
630.46 4544.336 54.193 13046.229 34.56074
631.61 5383.319 929.72 13696.938 34.88309
632.77 5283.184 810.308 13448.676 35.39125
633.92 5712.313 1138.913 14331.288 34.667
635.08 7194.015 2566.449 15674.831 35.30234
636.23 5055.42 888.738 12713.959 35.23555
637.38 4312.462 -113.24 12221.574 35.87976
638.54 6112.603 1722.532 14108.828 35.44296
639.69 7089.491 2381.848 15304.665 36.42892
640.84 5684.446 1380.484 13396.653 35.81809
641.99 4613.486 269.505 12355.263 35.94297
643.15 6740.525 2251.527 14847.871 35.63731
644.3 4532.565 424.048 12033.48 35.38947
645.45 4329.604 -101.931 11883.589 36.97408
646.6 6415.144 2262.59 13837.698 35.87486
647.75 4817.184 607.111 12667.807 34.90738
648.91 3906.723 -149.868 11873.416 33.73946
650.06 4956.262 568.154 12924.024 35.51436
651.21 5637.802 1234.675 13884.134 34.80882
652.36 5485.841 1167.196 13647.742 34.60302
653.51 4819.881 471.717 12946.351 34.85604
654.66 5334.92 760.738 13928.46 34.73784
655.81 5995.46 1710.259 13956.568 34.99177
656.96 4150.0 208.28 11655.678 34.43332
658.11 5264.039 976.302 13026.286 35.58292
659.27 5659.078 1342.323 13119.396 36.65389
660.42 4473.618 294.844 12097.004 35.40686
661.57 5413.157 1029.865 13292.613 35.74478
662.72 4153.197 -180.114 11759.722 36.29288
663.87 4169.236 -173.093 12221.331 35.03454
665.01 5239.776 891.429 13287.439 35.0786
666.16 4659.315 252.45 12741.048 35.28711
667.31 4742.855 428.971 12492.657 35.75925
668.46 6653.394 1921.492 14423.766 37.84833
669.61 5198.934 594.013 13009.375 37.0905
670.76 4466.973 69.034 12190.983 36.28079
671.91 6715.513 1986.556 14678.593 37.25924
673.06 5900.552 1294.577 13963.201 36.35734
674.21 4393.092 -152.402 12580.811 35.69793
675.35 5591.131 921.119 14043.419 35.58837
676.5 5307.671 695.14 13457.528 36.1416
677.65 4979.21 130.661 13839.637 35.3677
678.8 4507.75 -167.817 12917.745 35.73073
679.94 4939.289 341.704 13183.854 35.80074
681.09 5933.829 1144.725 14808.463 35.04973
682.24 6169.368 1245.246 14909.072 36.03765
683.39 5059.408 87.267 14166.681 35.31497
684.53 6196.947 1283.788 14885.79 36.12085
685.68 5584.987 696.31 14367.398 35.75924
686.83 5846.526 970.331 14569.508 35.85655
687.97 5160.565 858.352 13805.616 33.22875
689.12 5202.105 551.873 14120.726 34.27137
690.27 5294.145 354.394 14816.334 34.1569
691.41 5934.684 1406.415 14506.942 34.56555
692.56 6178.224 1082.937 16352.052 33.36989
693.7 6252.263 1119.958 15615.16 35.40692
694.85 5114.303 194.479 14490.27 34.41449
695.99 6010.842 1253.0 15089.378 34.38647
697.14 5726.882 771.021 14628.987 35.76182
698.28 6067.421 1041.542 15243.096 35.38964
699.43 6022.96 1135.563 14681.205 36.08096
700.57 4557.5 -141.415 13427.313 34.63048
701.72 4913.04 110.606 13995.923 34.58642
702.86 4457.079 -264.873 13259.531 34.91431
704.01 5161.619 194.148 14476.14 34.78136
705.15 6241.658 1163.669 15626.249 35.11122
706.29 5175.698 338.191 13608.857 36.45263
707.44 5480.737 630.212 14229.467 35.66758
708.58 4763.276 -106.267 13695.075 35.28312
709.72 7159.316 1851.254 16852.684 35.38371
710.87 4527.855 -294.725 13516.793 34.91709
712.01 5100.395 159.296 13861.402 36.06087
713.15 5815.935 757.818 14662.511 36.37705
714.3 5971.474 1016.839 14706.12 36.19354
715.44 5306.014 245.36 14690.729 35.03305
716.58 5907.553 754.381 15552.337 34.82354
717.72 4944.592 161.402 14636.446 33.04439
718.87 5469.632 633.923 15330.055 32.90464
720.01 5589.171 420.444 16054.664 33.06034
721.15 4555.211 -115.534 13882.772 33.3665
722.29 5727.25 1021.487 14374.382 35.24152
723.43 6393.79 1412.508 15841.49 34.52275
724.57 5807.83 1132.029 14727.6 34.39209
725.72 5278.369 677.05 14369.208 33.60551
726.86 6333.409 1909.571 14417.817 35.36737
728.0 5147.948 556.093 14380.426 33.21574
729.14 4836.987 218.114 13303.034 35.29921
730.28 5997.527 1451.635 14596.644 34.58265
731.42 4472.566 161.656 13138.752 33.21938
732.56 6794.106 2064.677 15369.861 35.54576
733.7 5902.646 1011.698 14814.47 35.43453
734.84 4377.685 -294.28 13002.579 35.13586
735.98 5328.225 627.741 13972.188 35.22427
737.12 4877.264 113.262 13786.297 34.84232
738.26 5185.803 149.283 14333.905 35.5069
739.4 5775.843 656.304 15338.515 34.86899
740.53 5920.882 1114.825 14728.623 35.30284
741.67 5432.922 788.347 13910.231 35.39564
742.81 4501.461 -224.632 12929.841 35.92765
743.95 5565.001 678.389 13862.949 37.06314
745.09 4986.041 154.91 13480.059 36.25573
746.23 6218.08 1219.931 14948.167 36.4078
747.36 6250.119 1273.452 14981.276 36.3053
748.5 4897.159 150.974 13084.885 36.69567
749.64 4837.198 232.495 13546.994 34.58413
750.78 4579.738 144.516 12781.103 35.09826
751.92 4999.277 332.037 13095.712 36.56659
753.05 5078.817 363.058 13274.32 36.52438
754.19 6073.356 1546.079 13911.429 36.61261
755.33 4284.896 -270.899 12687.538 35.15698
756.46 5080.436 724.622 12953.146 35.62011
757.6 4513.975 16.643 12968.756 34.72276
758.74 6113.014 1561.164 14233.864 35.91855
759.87 5247.054 755.185 14133.974 33.57455
761.01 4063.093 606.206 12603.582 28.81369
762.14 4395.633 641.728 12811.191 30.84692
763.28 4570.172 1166.749 12534.8 29.9385
764.41 4201.712 724.77 12183.909 30.34209
765.55 3347.751 -237.209 11384.018 30.84838
766.69 4571.291 750.312 12319.126 33.02827
767.82 5081.83 953.333 12841.235 34.72856
768.95 4054.37 139.855 11144.344 35.57199
770.09 5518.409 1518.876 12756.953 35.58913
771.22 6103.949 1835.897 13038.562 38.09854
772.36 5663.488 1423.418 12540.671 38.13955
773.49 5517.528 1409.439 13055.279 35.27516
774.63 4504.567 572.96 11390.389 36.34512
775.76 4452.107 487.482 11425.497 36.2463
776.89 5187.646 1196.503 12047.606 36.78099
778.03 4890.186 955.024 11702.215 36.61572
779.16 4243.225 234.045 11350.323 36.06585
780.29 4794.265 912.566 11263.933 37.49938
781.43 5213.304 1591.087 11674.041 35.92416
782.56 4771.344 944.108 11725.65 35.49803
783.69 3763.883 191.63 10068.759 36.16692
784.82 4402.423 554.151 11165.368 36.26607
785.96 4020.962 571.172 10081.477 36.27423
787.09 3955.502 581.193 9815.086 36.54264
788.22 4495.041 974.214 10803.694 35.81905
789.35 3724.581 297.235 9664.304 36.5893
790.48 3802.12 550.757 9442.912 36.5644
791.62 4841.16 1464.278 10710.521 36.52167
792.75 3501.199 150.299 9027.63 37.74671
793.88 5208.739 1845.82 10836.738 37.40351
795.01 4237.278 1012.341 9681.348 37.20077
796.14 4283.318 1161.362 9669.956 36.69179
797.27 4543.357 1363.384 10103.065 36.38546
798.4 3647.397 658.405 8814.174 36.64881
799.53 2931.936 106.926 7920.783 36.15385
800.66 3833.976 887.947 9714.892 33.37541
801.79 6512.515 3492.968 11640.501 37.06087
802.92 3468.055 670.989 8506.109 35.69907
804.05 4018.594 1137.511 9490.218 34.49281
805.18 3681.134 712.032 9415.827 34.11273
806.31 3297.673 693.053 8287.436 34.29667
807.44 2812.713 10.074 8029.045 34.9501
808.57 3686.252 1061.095 8028.653 37.67686
809.69 3602.792 932.116 8612.263 34.77375
810.82 2323.331 -309.862 6966.871 36.18648
811.95 5341.371 2776.659 10190.48 34.59365
813.08 2996.41 371.18 8155.589 33.72421
814.21 5580.45 2834.201 10741.198 34.73188
815.33 3090.489 640.722 7666.307 34.86922
816.46 3263.029 897.243 8077.416 32.94886
817.59 4549.568 2031.265 9024.024 36.01301
818.72 3633.607 1309.286 8154.633 33.95476
819.84 4865.147 2504.307 9108.742 35.74628
820.97 3861.187 1316.328 8395.351 35.94929
822.1 4100.726 1648.849 8675.46 34.89416
823.22 2021.266 69.37 6292.068 31.36734
824.35 2524.805 312.892 7032.177 32.91888
825.48 3693.844 1487.913 7442.286 37.04725
826.6 2984.384 912.934 7259.895 32.63688
827.73 2005.423 -189.545 6337.004 33.63138
828.85 2889.963 653.976 6923.113 35.66658
829.98 3895.002 1615.497 7863.222 36.48537
831.11 2412.042 214.519 6495.331 34.98789
832.23 2341.582 246.04 6477.939 33.62605
833.36 3469.621 1437.561 7361.048 34.30513
834.48 3066.66 859.582 6749.157 37.47433
835.6 3324.2 1350.603 6884.266 35.66529
836.73 2138.74 130.124 5894.375 34.84608
837.85 3548.279 1415.646 7515.983 34.95927
838.98 1916.818 -203.333 5561.092 36.77993
840.1 3221.858 1153.688 6953.701 35.65802
841.23 3177.397 1016.709 6811.81 37.28474
842.35 4219.937 1991.73 8074.919 36.62893
843.47 2670.976 643.251 5934.528 38.32204
844.6 2034.016 175.772 5347.637 35.92986
845.72 2330.555 385.794 5760.745 36.18194
846.84 2291.095 409.315 5733.354 35.34497
847.96 2364.134 333.836 6072.963 35.37643
849.09 2079.674 312.357 5663.572 33.02646
850.21 2506.213 638.878 5764.681 36.4301
851.33 3009.253 1103.4 6528.79 35.12841
852.45 1853.792 228.421 5257.898 32.31691
853.57 2605.332 815.942 5672.007 36.84855
854.7 2128.871 292.463 5545.616 34.95821
855.82 2092.911 250.984 5604.725 34.40448
856.94 3227.95 1359.005 6401.334 37.06512
858.06 1632.99 -150.974 4755.442 36.35981
859.18 2969.029 1080.048 5734.551 40.58396
860.3 2454.069 685.569 5356.16 37.86459
861.42 1347.608 -205.41 4107.269 36.01052
862.54 1589.148 -138.889 4662.878 35.98752
863.66 1834.187 207.132 4728.987 35.98203
864.78 1969.727 378.653 4574.596 37.91933
865.9 2614.766 970.175 5307.205 37.91977
867.02 5301.806 3268.196 8203.313 41.20692
868.14 3967.845 2295.717 6758.422 37.46894
869.26 3137.385 1418.238 5515.531 41.95811
870.38 1500.424 -114.741 4571.64 34.46509
871.5 1344.964 -88.72 4033.749 34.7773
872.62 1811.003 119.302 4331.357 40.16333
873.74 3532.043 1744.823 6251.966 39.65305
874.85 1778.063 124.833 4517.521 37.63594
875.97 2414.063 757.833 5010.021 38.95005
877.09 2785.063 1107.333 5359.521 39.45567
878.21 2212.063 690.333 4427.521 40.71856
879.33 2356.563 765.333 4705.021 40.38973
880.44 2269.063 751.833 5068.021 35.15207
881.56 1898.563 388.333 4358.521 38.03924
882.68 2220.063 781.833 4309.021 40.77552
883.79 3842.063 2228.333 6274.021 39.88764
884.91 1368.063 -118.167 4007.021 36.02816
886.03 2655.563 1161.833 5196.021 37.02676
887.14 3201.063 1814.333 5684.521 35.83106
888.26 3458.063 1999.833 5994.021 36.50878
889.38 2939.063 1485.333 5125.521 39.93555
890.49 1364.563 -47.667 3685.521 37.82905
891.61 2200.563 808.333 4448.521 38.24608
892.72 1593.063 114.333 4032.021 37.74495
893.84 1356.563 -138.667 4255.521 34.02743
894.95 1216.563 -153.667 3717.521 35.39558
896.07 1836.063 413.833 4113.521 38.44187
897.18 2311.563 1036.333 4540.021 36.39677
898.3 1231.563 35.833 3481.521 34.7022
899.41 2702.063 1322.833 5193.021 35.63727
900.53 2192.063 943.833 4236.021 37.91489
901.64 2754.063 1230.833 5402.021 36.51788
902.75 2069.063 709.833 4430.521 36.53167
903.87 1638.563 346.833 3898.521 36.36945
904.98 2415.063 1111.833 4832.021 35.03127
906.09 2003.563 521.333 4227.521 39.99337
907.21 2320.563 1032.833 4594.521 36.15503
908.32 1744.063 375.833 3893.521 38.8957
909.43 2940.563 1633.833 5382.021 34.86296
910.54 2081.563 856.333 4521.521 33.42883
911.66 4088.063 2737.333 6120.021 39.93065
912.77 1425.063 277.333 3654.521 33.98476
913.88 2021.563 899.833 4292.021 33.06802
914.99 1324.563 269.333 3331.521 34.45998
916.1 1904.563 823.833 3662.021 38.07815
917.22 1289.063 108.333 3132.021 39.04931
918.33 2702.063 1602.333 4594.521 36.75335
919.44 1857.063 709.333 3807.521 37.04518
920.55 2958.063 1790.833 4739.021 39.59141
921.66 2223.063 1114.333 3962.021 38.93437
922.77 2435.063 1230.833 4176.521 40.88109
923.88 2733.063 1684.333 4666.021 35.17233
924.99 2167.563 1005.833 4039.521 38.29429
926.1 984.563 -10.667 2708.021 36.60697
927.21 2934.063 1730.333 4719.021 40.27618
928.32 768.563 -128.667 2431.021 35.05229
929.43 1772.063 732.333 3350.521 39.71179
930.54 1282.563 508.833 2813.521 33.57198
931.65 1511.063 742.333 3320.521 29.81665
932.76 1850.063 1108.333 3496.021 31.06475
933.86 1673.063 938.833 3258.021 31.6589
934.97 1146.063 286.833 2585.521 37.37912
936.08 1051.063 452.833 2316.021 32.10784
937.19 2550.563 1885.833 4027.021 31.04488
938.3 1952.063 1201.833 3249.021 36.64682
939.4 2426.563 1749.333 3612.021 36.35764
940.51 1260.563 687.833 2239.021 36.92198
941.62 1855.563 1240.833 2734.521 41.15514
942.73 3464.563 2750.333 4271.521 46.95208
943.83 1414.563 898.833 2278.021 37.3937
944.94 1496.063 983.833 2278.521 39.56393
946.05 416.063 -16.667 1296.021 32.96513
947.15 483.063 29.833 1459.521 31.70127
948.26 1256.063 669.833 2117.521 40.49418
949.36 910.563 366.833 1708.021 40.54087
950.47 1477.563 953.833 2416.021 35.8182
951.57 2920.063 2269.333 3791.521 42.74961
952.68 2035.063 1332.833 3147.021 38.70764
953.79 1952.563 1336.333 2958.021 37.99926
954.89 947.563 431.833 1915.021 34.77168
955.99 1876.563 1138.333 2826.021 43.74205
957.1 1205.063 593.333 2420.021 33.48844
958.2 1577.563 883.333 2674.021 38.76886
959.31 1920.063 1304.833 3095.521 34.35715
960.41 1022.063 430.833 1994.521 37.80993
961.52 649.563 81.333 1587.521 37.72632
962.62 2129.063 1338.333 3120.021 44.38091
963.72 705.563 81.833 1686.521 38.8692
964.83 417.063 -96.667 1420.521 33.86062
965.93 1531.563 867.333 2607.021 38.18095
967.03 2511.063 1632.333 3674.021 43.03936
968.13 1853.063 1295.333 3037.521 32.01315
969.24 963.563 373.333 2056.521 35.06616
970.34 1091.563 506.333 2134.021 35.95464
971.44 1267.563 658.333 2470.021 33.62772
972.54 1675.063 991.333 2613.521 42.14859
973.64 1033.563 395.833 1967.521 40.57608
974.75 3376.563 2727.333 4342.021 40.20773
975.85 9101.063 8233.833 10100.521 46.4582
976.95 975.563 446.333 2116.521 31.68681
978.05 2120.063 1431.833 3190.521 39.13311
979.15 3100.563 2417.833 4142.021 39.59715
980.25 691.563 77.833 1583.521 40.76073
981.35 1076.563 478.333 1934.521 41.08188
982.45 2872.063 2239.833 3786.521 40.87634
983.55 1853.563 1277.833 2662.021 41.59329
984.65 1640.063 1081.833 2426.021 41.52912
985.75 2345.063 1673.333 3141.021 45.76786
986.85 1568.063 1033.833 2548.021 35.28157
987.95 1058.563 552.333 2026.521 34.33954
989.05 2701.563 2063.333 3463.521 45.5817
990.15 2084.563 1504.333 2865.521 42.62669
991.25 1525.563 932.833 2296.021 43.48112
992.34 2655.063 2071.333 3339.521 46.02862
993.44 1691.063 1067.333 2262.021 52.20856
994.54 1385.563 997.333 2025.521 37.7586
995.64 2391.563 1752.333 2989.021 51.68882
996.74 2669.563 2127.333 3291.521 46.57577
997.83 630.063 168.833 1256.021 42.42407
998.93 1323.063 838.333 1994.521 41.92479
1000.03 3815.063 3115.833 4377.521 55.42015
1001.12 2582.063 2129.833 3121.521 45.60199
1002.22 2539.563 2073.833 3210.021 40.99053
1003.32 1191.563 728.333 1728.021 46.3374
1004.41 1695.063 1275.833 2219.521 44.42458
1005.51 1517.563 1044.833 2034.521 47.76549
1006.6 936.563 449.333 1515.021 45.7197
1007.7 2162.063 1579.333 2663.021 53.77281
1008.8 479.563 116.833 990.021 41.54081
1009.89 1766.063 1304.833 2322.021 45.34358
1010.99 1485.563 1035.333 1889.521 52.70847
1012.08 455.563 146.833 1118.021 31.78883
1013.18 1393.563 989.333 2030.021 38.84251
1014.27 1034.563 673.833 1647.021 37.06677
1015.36 1302.063 901.833 1832.021 43.02672
1016.46 1607.563 1099.333 2024.521 54.93255
1017.55 830.563 424.333 1331.021 44.80366
1018.65 1658.063 1194.833 2030.021 55.46409
1019.74 2069.563 1510.333 2428.021 60.93896
1020.83 1717.563 1173.333 2163.021 54.99
1021.93 1259.563 882.833 1780.021 41.99001
1023.02 576.563 345.333 1073.021 31.77589
1024.11 544.563 202.833 944.521 46.07455
1025.2 523.063 91.333 929.021 51.53821
1026.3 1674.563 1142.833 1980.021 63.51374
1027.39 2052.563 1531.833 2318.021 66.23473
1028.48 1650.063 1191.333 1910.521 63.78436
1029.57 1186.063 690.333 1436.021 66.47948
1030.66 1444.063 1056.333 1742.521 56.50484
1031.75 4266.063 3911.833 4641.021 48.57861
1032.84 1885.063 1514.333 2226.021 52.09157
1033.94 678.563 272.833 974.521 57.82192
1035.03 2093.563 1659.333 2341.021 63.69916
1036.12 520.063 271.333 912.521 38.79196
1037.21 605.563 342.833 823.521 54.65696
1038.3 1598.063 1383.833 2031.021 33.10155
1039.39 588.563 299.333 829.521 54.55224
1040.48 1521.063 1089.333 1770.021 63.42545
1041.57 1888.063 1523.833 2000.521 76.40837
1042.66 1349.063 1086.333 1789.521 37.3626
1043.74 1607.063 1264.333 1828.021 60.80126
1044.83 1699.063 1388.333 1874.521 63.91138
1045.92 583.563 288.333 762.521 62.26001
1047.01 1929.063 1598.333 2203.521 54.64905
1048.1 459.063 253.833 664.021 50.03302
1049.19 1385.563 1079.833 1614.521 57.17903
1050.27 1050.063 897.833 1357.521 33.11579
1051.36 1131.063 886.333 1321.021 56.30002
1052.45 1678.063 1311.333 1738.021 85.94794
1053.54 1332.563 1093.833 1594.521 47.68026
1054.62 1569.563 1313.833 1787.021 54.04393
1055.71 1601.063 1319.833 1666.021 81.23607
1056.8 2228.063 1821.333 2145.521 125.46112
1057.88 1191.563 914.833 1288.521 74.05363
1058.97 1551.563 1253.833 1744.521 60.67591
1060.06 2592.063 2294.333 2766.021 63.12002
1061.14 1178.063 831.333 1225.521 87.96046
1062.23 4546.563 4077.833 4601.521 89.50548
1063.31 1624.563 1347.333 1665.521 87.1276
1064.4 1017.563 816.833 1162.021 58.15076
1065.48 1453.063 1190.333 1585.021 66.56637
1066.57 1015.563 834.333 1196.521 50.03739
1067.65 1521.063 1296.333 1630.521 67.24642
1068.74 1148.063 894.833 1316.521 60.05138
1069.82 1602.563 1335.333 1655.521 83.4602
1070.9 5985.063 5377.333 6085.021 85.87533
1071.99 1601.063 1434.833 1816.021 43.60823
1073.07 1636.063 1297.833 1656.521 94.29632
1074.15 1688.063 1459.833 1788.521 69.43651
1075.24 1417.063 1138.833 1373.521 118.55302
1076.32 1637.563 1408.833 1789.021 60.16219
1077.4 2726.563 2520.333 2787.521 77.18522
1078.49 857.563 600.833 910.521 82.89943
1079.57 1928.063 1624.833 1998.521 81.14511
1080.65 2550.563 2142.833 2561.521 97.38271
1081.73 1311.063 1129.333 1313.021 98.93386
1082.81 865.563 553.333 800.021 126.56871
1083.89 1671.063 1458.333 1720.021 81.29128
1084.98 1662.563 1350.833 1773.521 73.74931
1086.06 825.063 651.333 851.521 86.78323
1087.14 824.563 740.333 974.021 36.04351
1088.22 1500.563 1238.833 1529.021 90.19311
1089.3 819.563 585.833 987.021 58.25934
1090.38 3052.063 2794.333 3151.521 72.15517
1091.46 1699.563 1523.833 1736.021 82.81785
1092.54 1120.063 988.833 1251.021 50.05164
1093.62 1305.063 1072.333 1371.521 77.78705
1094.7 703.063 600.333 689.021 115.83277
1095.78 1468.063 1264.333 1534.021 75.54267
1096.86 1596.563 1326.833 1527.521 134.40255
1097.93 3380.063 3004.833 3433.021 87.63199
1099.01 2215.063 1981.333 2345.021 64.26649
1100.09 993.563 754.333 996.021 98.98285
