196.55 756.263 637.312 809.19 69.20637
197.76 1071.503 939.8 1092.907 86.02053
198.96 984.603 856.3 965.027 118.00406
200.16 705.005 561.303 735.803 82.3509
201.36 1191.291 1037.285 1194.787 97.78036
202.56 947.346 695.791 952.606 97.95197
203.76 733.653 612.799 782.088 71.38893
204.96 800.959 695.308 792.07 109.18668
206.16 563.311 490.81 587.32 75.12312
207.36 879.057 819.305 904.76 69.92255
208.56 748.504 680.301 752.872 93.98075
209.76 541.408 497.306 560.579 69.70126
210.96 722.855 620.302 695.691 136.03126
212.16 1344.864 1311.814 1432.742 27.33026
213.36 852.857 733.805 871.587 86.40564
214.56 734.613 636.813 706.009 141.33834
215.76 1179.153 1209.3 1195.088 0.0
216.96 1010.351 972.798 1085.364 33.36122
218.16 798.35 694.796 728.933 303.34649
219.35 581.611 483.31 604.647 81.01438
220.55 692.511 634.81 720.026 67.71092
221.75 647.066 581.816 654.845 89.34771
222.95 1075.56 923.809 1059.121 112.14862
224.15 839.214 746.315 819.061 127.70423
225.35 653.313 541.313 705.716 68.12542
226.55 630.81 558.809 606.854 149.86242
227.75 974.56 842.309 985.621 92.28166
228.94 851.908 687.306 826.079 118.61271
230.14 735.506 694.304 765.768 57.65398
231.34 636.404 537.802 619.751 120.32097
232.54 590.305 577.802 576.631 0.0
233.74 631.151 576.298 625.657 111.13106
234.93 688.913 566.813 639.337 168.3582
236.13 727.355 621.303 775.156 68.9307
237.33 703.566 649.817 785.81 39.52347
238.53 641.911 583.311 672.406 65.77319
239.72 995.904 873.301 998.286 98.09391
240.92 497.707 429.306 569.406 48.82328
242.12 860.26 720.309 914.328 72.13248
243.31 562.256 461.804 654.001 52.26517
244.51 536.204 478.801 563.579 67.70942
245.71 968.61 823.809 962.682 104.26868
246.9 1122.204 1016.801 1154.079 76.78051
248.1 793.753 627.8 740.674 147.02489
249.3 715.0 643.297 746.545 69.44783
250.49 705.75 612.296 654.312 222.42471
251.69 792.206 666.304 790.475 101.39366
252.89 733.997 627.792 684.718 186.56786
254.08 460.408 415.806 457.079 108.06663
255.28 733.752 603.799 697.208 139.12198
256.47 517.257 424.305 460.967 253.54194
257.67 834.716 714.316 859.991 82.64928
258.86 877.162 748.311 843.638 135.16655
260.06 656.1 557.796 706.166 66.25608
261.26 1007.655 951.802 1008.984 97.67512
262.45 655.905 598.303 754.217 36.94492
263.65 431.647 357.292 482.364 59.44945
264.84 753.554 692.302 818.398 48.57608
266.04 546.497 487.792 555.218 87.06588
267.23 491.297 360.292 447.511 150.20296
268.42 567.305 436.803 538.596 128.20369
269.62 682.707 609.305 684.941 97.04613
270.81 745.258 585.307 675.397 177.54547
272.01 680.105 634.302 694.924 75.55501
273.2 841.894 731.789 843.235 98.79694
274.4 471.401 429.797 489.924 69.19284
275.59 758.751 677.298 795.743 68.76892
276.78 714.008 552.307 669.165 138.3742
277.98 570.399 548.295 612.028 34.68217
279.17 653.258 539.306 678.932 81.61211
280.37 657.293 532.288 594.184 201.96174
281.56 439.102 412.299 463.062 52.80052
282.75 500.314 398.314 508.181 92.83918
283.95 583.347 536.293 631.537 49.40428
285.14 627.148 530.293 648.83 81.70852
286.33 509.299 436.295 524.407 82.85363
287.52 651.495 583.29 671.321 77.47784
288.72 786.793 681.787 795.718 92.1659
289.91 967.801 885.298 1018.303 62.03001
291.1 746.754 571.302 725.105 114.0761
292.29 708.456 610.304 688.208 125.99122
293.49 736.599 601.794 740.235 97.37339
294.68 547.101 465.297 469.631 1887.50343
295.87 618.056 525.304 591.829 139.42417
297.06 717.601 643.798 687.097 170.45234
298.26 380.547 299.293 328.244 280.66555
299.45 598.756 543.304 556.001 436.74047
300.64 568.011 483.31 601.526 71.64895
301.83 673.404 587.802 627.251 216.99224
303.02 524.561 450.311 539.552 83.20193
304.21 846.064 658.314 817.414 118.00771
305.4 592.361 540.81 611.88 72.5354
306.59 673.757 567.805 697.467 81.71431
307.79 626.955 526.802 586.277 168.39481
308.98 454.006 417.804 482.268 56.1582
310.17 785.065 614.752 795.359 94.30043
311.36 656.286 525.778 613.564 148.66618
312.55 980.837 886.78 998.055 84.52655
313.74 453.201 364.797 502.717 64.09774
314.93 779.504 618.301 749.372 122.98891
316.12 600.055 490.803 583.363 118.03335
317.31 422.7 306.797 340.752 341.34226
318.5 456.201 348.297 402.717 198.2798
319.69 629.15 462.296 638.226 94.84096
320.88 561.808 493.807 571.458 87.5732
322.07 471.949 425.795 524.054 46.97202
323.26 502.761 402.81 509.294 93.86464
324.45 352.102 303.799 387.062 58.01271
325.64 544.049 482.795 606.674 49.44643
326.83 671.254 558.302 697.605 81.08404
328.01 522.503 486.299 512.941 135.88828
329.2 716.455 615.802 713.277 103.25999
330.39 546.101 433.798 539.097 106.65234
331.58 500.302 341.799 399.269 275.80085
332.77 863.155 762.303 855.45 108.27286
333.96 294.55 246.296 348.105 47.39638
335.15 435.703 361.8 466.114 70.84694
336.33 442.302 355.799 459.769 83.20001
337.52 568.602 455.799 537.562 137.96348
338.71 506.603 413.8 513.527 93.05646
339.9 492.542 422.787 459.985 187.52129
341.08 545.948 430.293 477.623 244.36056
342.27 663.653 568.8 623.553 173.23832
343.46 733.958 666.807 760.104 71.9756
344.65 715.958 581.807 629.104 283.63332
345.83 696.659 631.308 689.777 111.77056
347.02 370.459 301.808 385.07 82.45209
348.21 737.305 643.303 766.596 76.24303
349.4 396.254 298.301 403.139 93.43197
350.58 488.345 454.789 550.675 34.99509
351.77 465.651 387.798 441.157 145.90451
352.96 316.956 236.303 325.243 90.68229
354.14 544.552 412.299 515.002 128.77309
355.33 410.256 369.804 409.501 101.90254
356.51 331.096 265.291 296.873 208.36083
357.7 505.638 427.282 567.779 55.77104
358.89 429.848 339.294 441.502 88.5979
360.07 665.396 589.291 686.166 78.5598
361.26 764.73 618.77 693.315 195.80229
362.44 495.173 448.263 473.565 185.39917
363.63 426.469 364.256 375.6 548.42701
364.81 449.913 396.749 460.351 83.58802
366.0 282.364 201.751 300.721 81.45181
367.18 1028.272 894.26 1026.255 101.52779
368.37 436.281 297.772 447.306 92.62711
369.55 595.935 478.777 584.245 111.08415
370.74 655.235 556.277 659.038 96.29942
371.92 786.53 718.271 792.073 92.48986
373.11 503.725 353.765 420.522 224.63655
374.29 384.169 313.257 348.773 199.66566
375.48 438.629 436.769 497.263 3.07386
376.66 363.434 291.776 354.279 114.64709
377.84 721.781 592.272 697.806 122.71786
379.03 383.335 300.777 358.659 142.63182
380.21 318.227 226.268 329.918 88.72101
381.39 236.928 164.768 283.091 60.98575
382.58 635.685 491.777 643.512 94.84134
383.76 818.239 678.783 822.831 96.81273
384.94 871.637 730.28 866.348 103.88693
386.13 393.326 290.765 405.608 89.30502
387.31 485.831 379.272 503.866 85.52463
388.49 375.378 332.768 378.065 94.06761
389.68 453.633 448.774 505.556 8.55632
390.86 517.733 386.775 514.642 102.4177
392.04 677.438 571.281 741.607 62.32586
393.22 373.733 310.775 434.642 50.82739
394.41 404.478 325.768 385.151 132.54629
395.59 247.083 165.775 284.995 68.19998
396.77 434.688 334.78 436.874 97.85843
397.95 460.885 322.278 455.185 104.28927
399.13 542.737 503.78 570.434 58.44666
400.31 404.874 349.763 373.238 234.77083
401.5 546.33 357.271 519.401 116.6096
402.68 537.928 430.768 587.591 68.33198
403.86 381.333 304.774 387.262 92.81139
405.04 605.339 504.782 676.951 58.40578
406.22 298.929 236.27 337.521 61.88493
407.4 612.494 454.289 550.856 163.82915
408.58 640.68 535.771 657.254 86.35672
409.76 671.729 581.269 697.349 77.92879
410.94 538.733 418.275 467.642 244.00641
412.12 426.692 297.786 446.167 86.87512
413.3 349.136 282.278 426.917 46.22368
414.48 311.386 235.278 365.65 58.37742
415.66 411.439 256.783 401.038 107.21069
416.84 790.436 711.278 876.21 47.99404
418.02 475.481 370.273 513.478 73.46697
419.2 391.835 270.778 355.624 142.6787
420.38 512.383 361.775 517.788 96.53553
421.56 475.089 344.282 456.219 116.85776
422.74 736.38 626.77 736.961 99.47235
423.92 627.934 478.276 614.814 109.60874
425.1 460.886 356.778 512.65 66.79061
426.28 446.744 299.788 388.623 165.42512
427.46 920.594 769.788 947.477 84.87069
428.63 561.041 345.785 503.055 136.8707
429.81 528.393 367.787 545.804 90.21929
430.99 602.239 430.283 636.831 83.25269
432.17 839.441 655.284 839.968 99.7143
433.35 661.09 457.284 653.65 103.78913
434.52 294.895 119.79 295.701 99.54207
435.7 436.941 249.785 447.434 94.69137
436.88 643.586 480.778 626.357 111.83481
438.06 528.744 370.789 500.589 121.69168
439.23 426.536 262.779 419.797 104.29221
440.41 581.796 404.792 596.545 92.30832
441.59 672.783 501.775 676.702 97.75957
442.77 421.547 214.793 444.744 89.91253
443.94 699.337 516.78 655.555 131.54872
445.12 678.34 466.784 668.882 104.68003
446.3 857.186 645.279 838.443 109.70316
447.47 650.038 431.781 623.193 114.02493
448.65 689.887 508.779 723.115 84.49691
449.82 528.387 318.279 518.615 104.87746
451.0 571.238 320.281 557.4 105.83603
452.18 495.89 267.784 492.443 101.53461
453.35 557.987 329.28 589.202 87.99078
454.53 634.691 345.785 588.701 118.93243
455.7 489.789 218.782 493.926 98.49641
456.88 827.692 569.287 852.632 91.19817
458.05 646.839 385.282 647.951 99.57651
459.23 513.739 219.283 524.331 96.52802
460.4 615.987 328.28 623.202 97.55373
461.58 711.042 458.287 692.485 107.92359
462.75 525.34 185.284 505.882 106.06935
463.93 655.488 405.781 707.167 82.85278
465.1 636.435 307.777 631.745 101.44773
466.28 510.246 146.791 453.02 118.68742
467.45 439.987 95.78 461.202 94.19448
468.63 702.239 296.782 672.365 107.95391
469.8 859.39 480.783 868.977 97.53019
470.97 634.189 235.782 557.805 123.72012
472.15 765.897 382.293 777.597 97.04033
473.32 868.246 471.791 886.52 95.59379
474.49 968.394 534.788 943.27 106.15058
475.67 739.045 291.79 797.347 88.46777
476.84 667.845 204.29 642.14 105.87074
478.01 917.941 407.784 929.968 97.69666
479.19 811.648 344.794 818.795 98.49223
480.36 793.794 228.289 703.149 119.08881
481.53 874.042 339.786 888.02 97.4503
482.7 857.446 276.792 858.692 99.78595
483.88 809.099 217.295 769.2 107.22933
485.05 829.192 266.287 796.132 106.23964
486.22 918.152 328.799 898.122 103.51813
487.39 812.256 226.803 829.536 97.13305
488.56 947.141 361.785 933.641 102.36083
489.74 1151.448 484.293 1179.123 96.017
490.91 803.347 172.292 811.071 98.79076
492.08 899.141 286.285 938.141 94.01716
493.25 869.048 194.794 893.709 96.47154
494.42 967.749 309.795 971.847 99.3811
495.59 1021.499 288.795 941.114 112.32295
496.76 985.539 292.782 992.658 98.98276
497.93 1131.493 386.288 1169.891 95.09991
499.1 1122.199 417.795 1133.321 98.44561
500.27 1417.35 613.796 1399.933 102.21547
501.44 1447.894 701.289 1434.735 101.79416
502.61 1011.247 297.292 1051.485 94.6647
503.78 1203.202 379.799 1220.148 97.98348
504.95 1506.843 737.788 1565.244 92.94213
506.12 1252.303 404.8 1185.234 108.5937
507.29 1039.848 242.793 1043.037 99.60149
508.46 910.947 62.793 892.157 102.26556
509.63 1617.447 694.793 1570.657 105.34211
510.8 1612.196 716.291 1598.459 101.55717
511.97 1269.145 370.79 1235.468 103.89473
513.14 1142.904 192.302 1134.251 100.91862
514.31 1381.899 498.295 1374.528 100.8412
515.48 1337.654 323.301 1331.019 100.65844
516.65 1291.646 231.291 1273.933 101.69878
517.81 1255.95 242.296 1223.519 103.30513
518.98 1455.344 426.289 1435.709 101.94513
520.15 1201.756 166.304 1220.001 98.2685
521.32 1497.396 395.291 1484.666 101.16854
522.49 1987.354 830.801 1961.226 102.31137
523.65 1824.701 640.297 1854.717 97.52834
524.82 1499.045 363.79 1484.847 101.26648
525.99 1226.954 77.801 1198.812 102.51044
527.16 1660.859 393.807 1632.984 102.24949
528.32 1624.697 402.293 1629.89 99.57701
529.49 1542.996 302.791 1494.752 104.04743
530.66 1384.311 97.31 1346.32 103.04173
531.82 1503.093 173.287 1461.511 103.22783
532.99 1548.599 235.795 1633.7 93.91225
534.16 1720.849 255.795 1684.968 102.51064
535.32 1957.002 524.799 1974.976 98.76057
536.49 1712.802 160.299 1621.769 106.22886
537.65 2135.445 586.79 2169.761 97.83217
538.82 1827.4 139.296 1837.959 99.37842
539.99 2145.348 390.794 2025.002 107.36418
541.15 2234.241 434.286 2110.227 107.39969
542.32 1932.803 96.801 1843.2 105.13076
543.48 2403.307 475.805 2300.027 105.66159
544.65 2548.359 600.808 2482.449 103.50282
545.81 2931.35 823.796 2941.933 99.50035
546.98 2495.706 293.804 2494.975 100.03319
548.14 2757.35 476.296 2658.433 104.53302
549.31 2507.301 234.798 2508.803 99.93394
550.47 2701.803 225.3 2617.234 103.53556
551.63 3007.95 607.796 3027.019 99.21177
552.8 2790.995 271.29 2755.787 101.41713
553.96 2829.901 250.297 2767.424 102.48207
555.13 2964.103 241.8 2935.527 101.06081
556.29 3378.305 594.303 3352.096 100.95038
557.45 3040.243 153.787 3024.658 100.54287
558.62 3302.853 299.8 3296.26 100.22003
559.78 3523.206 428.304 3480.475 101.4
560.94 3447.453 228.301 3340.346 103.4417
562.11 3468.456 219.303 3450.243 100.5637
563.27 3357.153 51.8 3378.053 99.37167
564.43 3456.852 18.298 3374.329 102.45893
565.59 3647.111 148.31 3573.147 102.15962
566.76 3771.045 198.29 3754.847 100.45544
567.92 4066.561 314.31 3935.087 103.6311
569.08 4274.504 419.802 4193.837 102.13742
570.24 4158.944 217.289 4100.295 101.5104
571.4 4138.001 121.798 4056.01 102.08404
572.57 4317.261 226.81 4264.294 101.31188
573.73 4258.254 37.302 4177.605 101.94791
574.89 4533.108 213.806 4456.786 101.79879
576.05 4589.647 286.292 4674.864 98.0582
577.21 4547.048 117.294 4512.209 100.79271
578.37 4529.253 23.3 4485.174 100.98791
579.53 4869.356 130.805 4638.087 105.13101
580.69 5092.705 338.802 4960.044 102.87066
581.85 5030.752 275.799 4983.208 101.00997
583.01 5101.102 225.298 4960.597 102.96718
584.17 5324.0 250.797 5274.045 100.99449
585.33 5562.954 346.802 5374.312 103.75221
586.49 5534.149 167.295 5422.261 102.12919
587.65 5775.25 298.295 5634.847 102.63097
588.81 5704.604 315.302 5661.958 100.79761
589.97 6121.353 521.799 5897.795 104.15844
591.13 5719.794 219.789 5667.649 100.95717
592.29 5823.355 243.303 5733.656 101.63376
593.45 5842.756 104.803 5779.036 101.12298
594.61 5887.145 108.29 5746.468 102.49508
595.77 6087.553 92.8 5843.967 104.23542
596.93 5962.795 66.291 5865.08 101.6851
598.09 6244.699 217.795 6083.821 102.74254
599.24 6152.055 114.803 6090.363 101.0324
600.4 6321.149 160.795 6204.261 101.93413
601.56 6361.052 113.298 6318.536 100.68516
602.72 6582.156 231.804 6418.415 102.6467
603.87 6638.715 270.315 6514.026 101.99703
605.03 6473.156 101.304 6395.915 101.2271
606.19 6539.804 37.301 6542.165 99.96371
607.35 6587.355 14.303 6367.656 103.458
608.5 6948.403 340.3 6723.82 103.51816
609.66 7217.657 510.805 7070.88 102.23742
610.82 6832.65 113.796 6724.726 101.63251
611.97 6892.806 82.803 6653.096 103.64838
613.13 7131.509 342.307 7039.63 101.37187
614.29 7199.404 237.301 6992.286 103.06615
615.44 7274.854 341.302 7114.191 102.37216
616.6 7004.707 63.305 6774.441 103.4311
617.76 7315.704 329.801 7189.579 101.83861
618.91 7484.06 361.809 7391.622 101.31495
620.07 7507.305 341.302 7325.631 102.60116
621.22 7097.055 0.303 7099.863 99.96045
622.38 7836.306 580.303 7720.596 101.62051
623.53 7288.501 33.298 7125.51 102.29816
624.69 7367.057 66.805 7172.794 102.73378
625.84 7542.004 73.302 7277.837 103.66668
627.0 7678.893 252.287 7412.804 103.71606
628.15 7511.556 21.804 7452.329 100.79708
629.31 7585.897 215.293 7546.097 100.54292
630.46 7521.353 -33.2 7456.76 100.86239
631.61 7826.906 221.304 7677.647 102.00177
632.77 7897.498 198.793 7733.183 102.18086
633.92 8158.102 282.798 7941.597 102.82688
635.08 8243.195 503.29 8301.494 99.25241
636.23 8179.454 159.301 7972.846 102.64422
637.38 8041.753 -23.699 7813.639 102.91061
638.54 8518.499 324.295 8313.614 102.56448
639.69 8623.811 502.309 8487.354 101.7089
640.84 8555.054 225.299 8338.026 102.67515
641.99 8402.337 43.799 8279.804 101.48777
643.15 8819.621 457.299 8617.58 102.47591
644.3 8562.404 57.299 8463.856 101.17227
645.45 8529.688 -54.201 8340.134 102.25811
646.6 9193.971 498.299 8915.91 103.30332
647.75 8882.754 122.3 8731.188 101.76058
648.91 8860.037 -43.2 8643.464 102.49317
650.06 9092.321 95.3 8882.24 102.39083
651.21 9300.104 258.8 9085.518 102.43111
652.36 9454.388 291.8 9210.794 102.73118
653.51 9210.171 97.8 9010.07 102.24523
654.66 9597.954 106.801 9258.848 103.70525
655.81 9825.738 338.301 9616.624 102.25379
656.96 9651.021 29.301 9397.901 102.70179
658.11 9940.305 201.301 9693.678 102.59816
659.27 10127.088 224.801 9801.954 103.39489
660.42 9855.871 23.801 9721.731 101.38318
661.57 10223.655 203.302 10014.508 102.13172
662.72 9965.438 -70.698 9721.784 102.48818
663.87 10150.222 -42.198 9928.062 102.22823
665.01 10597.505 153.802 10224.838 103.70038
666.16 10682.288 3.802 10214.115 104.58529
667.31 10913.072 69.302 10528.392 103.67796
668.46 11444.355 364.803 11167.168 102.56599
669.61 11083.639 85.803 10805.945 102.59039
670.76 11403.922 -15.197 11199.722 101.82079
671.91 11820.205 383.803 11586.998 102.08161
673.06 12207.489 292.803 11827.275 103.29633
674.21 11854.772 -86.197 11452.552 103.48583
675.35 12195.056 143.804 11977.829 101.83561
676.5 12268.339 107.304 11903.105 103.0963
677.65 12188.622 5.804 11984.382 101.70505
678.8 12277.406 -81.696 12054.159 101.83957
679.94 12720.689 20.804 12371.936 102.82366
681.09 13220.473 183.304 12968.712 101.96913
682.24 13771.256 202.305 13234.989 104.11478
683.39 13558.039 5.305 13352.266 101.54173
684.53 14184.323 205.305 13957.043 101.65274
685.68 14104.106 103.305 13729.819 102.74676
686.83 14680.89 149.805 14338.096 102.41603
687.97 14465.173 114.306 14105.373 102.57164
689.12 14694.456 72.806 14535.149 101.10153
690.27 14747.24 14.306 14401.426 102.40364
691.41 15205.523 252.306 14927.703 101.8931
692.56 15218.807 174.306 14832.979 102.63207
693.7 15811.09 173.806 15399.257 102.7049
694.85 15493.873 -17.193 15092.033 102.65957
695.99 16251.657 194.307 15823.81 102.73744
697.14 16151.94 89.807 15674.587 103.06295
698.28 16471.223 205.807 16044.363 102.69506
699.43 16571.508 115.807 16045.14 103.3044
700.57 16362.79 -75.193 15983.417 102.36243
701.72 16699.074 -61.692 16498.693 101.21
702.86 16608.357 -99.192 16103.971 103.11289
704.01 17215.141 -16.692 16799.748 102.47016
705.15 17572.424 196.308 17168.523 102.37977
706.29 17739.207 30.308 17380.301 102.06862
707.44 17772.49 66.808 17534.078 101.36491
708.58 17903.273 -71.691 17400.854 102.87548
709.72 18332.057 315.809 18098.131 101.3155
710.87 18048.342 -109.191 17654.908 102.21477
712.01 18307.625 -56.691 17912.184 102.2007
713.15 18756.908 79.809 18370.961 102.11002
714.3 19162.691 208.309 18806.238 101.91663
715.44 18956.975 18.31 18631.514 101.74855
716.58 19457.258 111.81 19014.791 102.34072
717.72 19415.541 5.31 19133.568 101.47412
718.87 19691.324 68.31 19176.844 102.69241
720.01 19815.107 57.31 19360.621 102.35445
721.15 19564.891 -70.19 19113.398 102.35353
722.29 20269.176 172.811 19521.176 103.86596
723.43 20481.959 225.811 19856.451 103.18639
724.57 20376.742 187.311 19986.729 101.96982
725.72 20302.025 95.811 19880.506 102.13053
726.86 20939.309 355.311 20546.281 101.94655
728.0 20748.592 33.811 20311.059 102.15775
729.14 21213.375 -38.688 20669.836 102.62471
730.28 21306.658 244.812 20858.611 102.17353
731.42 21263.441 -48.688 20867.389 101.89353
732.56 22036.225 351.312 21565.666 102.21811
733.7 21757.01 203.812 21336.941 101.98772
734.84 21786.293 -91.688 21197.719 102.76463
735.98 22277.576 62.813 21752.996 102.41851
737.12 22128.359 -52.187 21573.771 102.56445
738.26 22469.143 22.813 21732.549 103.39292
739.4 22541.926 113.313 22133.326 101.85558
740.53 22879.209 146.813 22529.604 101.56194
741.67 22853.492 118.813 22277.379 102.59996
742.81 22699.275 -95.186 22174.156 102.35804
743.95 22887.059 158.814 22437.434 102.01819
745.09 23246.844 -2.686 22464.209 103.4835
746.23 23432.627 163.314 22992.486 101.92797
747.36 23442.41 212.314 23110.264 101.45055
748.5 23311.693 -6.686 22847.039 102.03317
749.64 23262.977 5.315 22528.816 103.25953
750.78 23418.26 -16.185 22733.094 103.01181
751.92 23640.043 17.315 23161.869 102.06603
753.05 23255.826 49.315 22690.646 102.49623
754.19 23868.609 323.315 23392.924 102.06196
755.33 23697.893 -118.685 22948.199 103.25009
756.46 23651.678 125.316 23062.477 102.56876
757.6 23633.961 8.816 23131.254 102.17411
758.74 23681.744 285.816 23208.031 102.06661
759.87 23900.527 83.816 23087.307 103.53521
761.01 23646.311 68.316 23176.584 102.03272
762.14 23718.594 68.817 23283.361 101.87483
763.28 24079.377 231.317 23437.637 102.76537
764.41 23469.16 96.317 22849.414 102.72379
765.55 23560.943 -118.183 22932.191 102.72773
766.69 23862.727 118.817 23382.467 102.06442
767.82 23463.012 118.317 23081.744 101.66033
768.95 23422.795 -1.182 22986.021 101.90007
770.09 23733.578 444.318 23153.297 102.55529
771.22 23836.861 352.318 23320.074 102.25005
772.36 23560.145 220.318 23147.852 101.79824
773.49 23609.928 302.818 23196.129 101.80751
774.63 23307.711 56.818 22989.904 101.3858
775.76 23061.494 36.319 22380.682 103.04691
776.89 23080.277 210.819 22652.959 101.90409
778.03 23217.061 138.819 22631.234 102.60455
779.16 22996.844 -42.681 22547.512 101.98906
780.29 22860.629 129.819 22589.289 101.20813
781.43 23150.912 297.819 22433.064 103.24301
782.56 22805.695 137.32 22054.842 103.42581
783.69 22660.479 -0.68 22051.619 102.76098
784.82 22656.762 60.32 22251.895 101.82442
785.96 22506.545 78.32 22133.672 101.69062
787.09 22232.328 99.82 21672.949 102.59294
788.22 22455.611 112.32 21983.225 102.15989
789.35 22353.895 -24.179 21838.002 102.35975
790.48 22141.678 49.821 21608.279 102.4742
791.62 22087.963 237.321 21518.557 102.67563
792.75 21604.746 -33.179 20930.332 103.21709
793.88 22142.029 345.821 21570.109 102.69465
795.01 21749.313 120.321 21295.387 102.14368
796.14 21930.596 221.822 21276.162 103.10831
797.27 21687.379 229.322 21164.939 102.49546
798.4 21119.662 100.322 20896.217 101.07447
799.53 21292.445 -69.678 20784.492 102.43574
800.66 21473.229 107.822 20992.77 102.3005
801.79 21741.512 716.822 21395.047 101.67551
802.92 21173.797 70.823 20581.822 102.88613
804.05 21159.08 174.823 20779.6 101.84171
805.18 20780.363 125.823 20385.377 101.94963
806.31 20911.146 67.823 20369.152 102.66975
807.44 20890.43 -58.177 20479.93 101.99872
808.57 20879.713 159.323 20511.207 101.81067
809.69 20915.996 180.324 20368.984 102.7095
810.82 20698.279 -126.176 20398.26 101.46177
811.95 20960.563 498.324 20386.037 102.88885
813.08 20231.846 34.824 19879.314 101.77647
814.21 20609.631 518.324 20196.59 102.09897
815.33 20221.914 118.824 19702.867 102.65036
816.46 19931.197 161.825 19430.145 102.6004
817.59 20146.98 417.825 19540.42 103.17196
818.72 20019.764 234.825 19530.197 102.53722
819.84 19921.047 436.825 19383.475 102.83729
820.97 19174.83 259.825 18739.75 102.35434
822.1 19238.613 310.325 18890.027 101.87617
823.22 18741.896 -29.174 18414.305 101.77619
824.35 18915.68 26.326 18436.082 102.60513
825.48 18771.965 251.326 18507.857 101.44665
826.6 18730.248 136.326 18357.135 102.04773
827.73 18304.031 -83.674 17736.912 103.18238
828.85 18429.814 89.826 18003.688 102.37876
829.98 18817.098 303.827 18359.465 102.53457
831.11 18055.881 -22.173 17766.742 101.62539
832.23 18402.164 17.827 17927.018 102.65309
833.36 18401.447 261.327 18013.795 102.18365
834.48 18069.23 130.327 17510.072 103.2173
835.6 18060.514 192.827 17510.848 103.17395
836.73 17529.799 -37.172 17347.625 101.04789
837.85 17891.082 218.328 17522.402 102.13059
838.98 17629.865 -94.672 17294.678 101.92754
840.1 17933.148 194.328 17687.455 101.40451
841.23 17713.432 119.828 17257.732 102.65901
842.35 17985.715 350.329 17657.01 101.8993
843.47 17525.498 100.829 17090.785 102.55865
844.6 17401.781 -38.171 16920.063 102.84062
845.72 17255.064 4.829 16962.34 101.72622
846.84 17394.348 22.329 16891.115 102.98322
847.96 17402.633 16.829 16792.393 103.63767
849.09 17174.916 -3.67 16469.17 104.2843
850.21 17196.699 68.83 16711.945 102.91264
851.33 17295.982 196.33 16953.223 102.04549
852.45 17203.266 -56.17 16654.5 103.28392
853.57 17185.049 122.33 16730.775 102.7352
854.7 17014.332 -3.67 16505.553 103.08179
855.82 16887.615 18.331 16425.33 102.81761
856.94 16963.398 186.831 16592.105 102.26325
858.06 16759.682 -122.669 16323.383 102.65291
859.18 17294.967 170.331 16786.66 103.05908
860.3 16749.25 87.831 16382.437 102.25113
861.42 16503.533 -103.669 16152.713 102.15805
862.54 16731.316 -96.168 16499.49 101.39691
863.66 16648.1 -43.668 16369.267 101.69886
864.78 16718.383 71.332 16433.543 101.74084
865.9 16816.666 109.332 16517.32 101.82439
867.02 17294.449 676.832 17046.598 101.51408
868.14 16977.232 444.332 16680.873 101.82526
869.26 16515.516 226.833 16216.15 101.87228
870.38 16397.799 -115.667 15969.428 102.66316
871.5 16220.583 -77.667 15703.704 103.27525
872.62 16330.866 -52.167 15886.98 102.78488
873.74 16684.15 306.333 16160.758 103.30124
874.85 16002.792 -52.667 15654.896 102.21483
875.97 15979.792 119.333 15630.896 102.24927
877.09 15907.792 122.333 15581.396 102.11136
878.21 16098.792 63.333 15602.896 103.19119
879.33 15786.792 123.833 15565.396 101.43377
880.44 15749.792 66.333 15300.896 102.94657
881.56 15857.792 40.333 15506.396 102.27205
882.68 15874.792 92.833 15367.896 103.31846
883.79 15963.792 424.833 15543.396 102.78066
884.91 15292.292 -134.167 15177.396 100.75039
886.03 15946.292 169.833 15488.396 102.98916
887.14 16053.792 290.333 15515.896 103.53285
888.26 16316.292 330.333 15726.896 103.8281
889.38 16412.291 273.833 15700.896 104.61135
890.49 16227.792 -86.667 15604.896 103.96963
891.61 16395.791 97.333 15769.396 103.99689
892.72 16539.291 -71.167 16052.396 103.01978
893.84 16556.291 -71.667 16223.896 102.03979
894.95 16941.791 -80.667 16639.896 101.80553
896.07 17191.791 20.833 16548.896 103.88971
897.18 17191.791 147.833 16775.896 102.50116
898.3 17164.791 -53.167 16590.396 103.45115
899.41 17705.791 274.833 17242.396 102.73106
900.53 17316.791 120.333 16882.396 102.59153
901.64 17395.791 219.833 17027.396 102.19184
902.75 17090.291 53.833 16818.896 101.61881
903.87 16941.291 -10.667 16414.396 103.20787
904.98 16860.291 149.833 16538.396 101.96414
906.09 16898.291 22.833 16424.396 102.88933
907.21 16656.291 145.833 16502.396 100.94087
908.32 16561.291 28.333 16140.396 102.6123
909.43 16596.791 272.333 16198.896 102.49831
910.54 16397.791 127.833 16021.396 102.36823
911.66 16647.291 540.333 16217.396 102.74219
912.77 15823.292 -1.667 15441.396 102.47293
913.88 15799.292 150.833 15513.396 101.86099
914.99 15627.292 -48.167 15157.896 103.0869
916.1 15581.792 135.833 15271.396 102.05078
917.22 15126.292 -30.167 14807.396 102.14925
918.33 15717.792 289.833 15369.896 102.307
919.44 15198.292 76.833 14945.396 101.70088
920.55 15389.792 358.833 15102.396 101.9493
921.66 14817.792 200.333 14444.896 102.61782
922.77 14911.292 207.333 14446.396 103.26494
923.88 14825.292 300.833 14430.396 102.79482
924.99 14322.292 142.333 14020.396 102.17535
926.1 14142.292 -86.167 13841.896 102.15677
927.21 14279.792 317.833 13998.396 102.05691
928.32 13577.792 -121.167 13398.896 101.32319
929.43 13577.792 60.833 13208.896 102.80571
930.54 13429.292 23.833 13190.396 101.81442
931.65 13192.292 82.333 12995.896 101.52085
932.76 13174.292 184.333 12781.896 103.11486
933.86 12699.792 93.333 12369.396 102.69139
934.97 12179.792 22.833 11894.896 102.39972
936.08 11905.292 4.833 11603.896 102.59846
937.19 11397.792 312.833 11024.396 103.48592
938.3 10270.792 227.833 9905.896 103.77035
939.4 9759.292 293.333 9500.396 102.81193
940.51 8862.792 69.333 8660.896 102.34994
941.62 8262.292 193.833 8013.896 103.17639
942.73 8405.792 508.833 8234.896 102.21195
943.83 7625.792 125.833 7535.896 101.21315
944.94 7677.792 151.833 7414.896 103.61962
946.05 7529.292 -150.667 7261.896 103.60733
947.15 7430.292 -68.667 7300.896 101.75581
948.26 7905.792 64.833 7531.896 105.00726
949.36 7704.792 -1.167 7536.396 102.23408
950.47 8212.292 121.333 7957.396 103.25286
951.57 8613.792 369.833 8358.896 103.19057
952.68 8664.792 229.333 8398.396 103.26104
953.79 8906.792 217.833 8727.896 102.10218
954.89 8704.792 8.833 8520.896 102.16042
955.99 9236.792 167.333 9045.896 102.15008
957.1 9157.792 40.333 8953.896 102.28749
958.2 9526.792 76.333 9356.896 101.83067
959.31 9694.792 203.333 9547.896 101.572
960.41 9634.292 28.333 9452.896 101.92472
961.52 9624.292 -30.667 9414.896 102.21688
962.62 10014.292 175.833 9765.896 102.59014
963.72 9751.292 -80.667 9427.396 103.40655
964.83 9691.292 -124.667 9410.396 102.94593
965.93 9921.792 112.833 9648.896 102.86173
967.03 10093.792 271.333 9840.396 102.64808
968.13 9932.292 208.333 9783.896 101.54974
969.24 9972.792 8.833 9677.896 103.0499
970.34 9873.792 31.333 9675.896 102.0519
971.44 9962.792 52.333 9737.896 102.32198
972.54 10024.292 141.833 9735.896 103.00599
973.64 9768.792 5.333 9461.396 103.25079
974.75 10295.292 435.833 10012.396 102.95405
975.85 11296.292 1647.833 11151.896 101.51931
976.95 9373.292 7.333 9252.896 101.30221
978.05 9710.792 203.333 9359.396 103.83786
979.15 9875.292 433.833 9610.896 102.88106
980.25 9251.292 2.833 8996.396 102.83421
981.35 9357.292 60.333 9060.896 103.29309
982.45 9560.292 410.333 9336.896 102.5026
983.55 9212.292 186.833 9070.896 101.59157
984.65 9135.792 138.833 8885.896 102.85692
985.75 9202.792 309.833 8916.896 103.32165
986.85 9015.792 180.333 8760.896 102.97063
987.95 8690.292 14.833 8506.396 102.16564
989.05 9042.292 361.833 8685.396 104.28779
990.15 8690.792 271.833 8545.896 101.75121
991.25 8533.792 124.833 8437.896 101.15356
992.34 8692.292 347.833 8374.396 103.96056
993.44 8433.292 140.833 8187.896 103.04951
994.54 8113.292 111.833 7935.396 102.27384
995.64 8237.792 309.833 7992.896 103.18748
996.74 8074.792 351.833 7862.896 102.82111
997.83 7550.292 -49.167 7328.396 103.00771
998.93 7527.792 76.333 7317.396 102.90559
1000.03 7853.292 590.833 7840.896 100.17097
1001.12 7680.792 353.833 7495.396 102.59601
1002.22 7617.792 315.333 7351.896 103.77877
1003.32 7040.292 64.833 6905.896 101.96454
1004.41 6997.292 125.333 6824.396 102.58089
1005.51 6781.792 120.833 6636.396 102.23151
1006.6 6432.292 6.333 6172.896 104.20648
1007.7 6664.292 306.833 6435.396 103.7349
1008.8 6086.792 -47.667 6021.896 101.0692
1009.89 6202.792 235.333 6104.896 101.66785
1010.99 6133.792 114.333 6068.896 101.08985
1012.08 5993.792 -29.167 5836.396 102.68338
1013.18 6407.792 126.833 6333.396 101.19866
1014.27 6820.292 47.333 6567.896 103.87076
1015.36 6989.792 64.833 6685.396 104.59773
1016.46 6861.292 124.833 6803.896 100.85933
1017.55 6753.792 -38.167 6532.896 103.36164
1018.65 6659.792 151.833 6482.396 102.80221
1019.74 6603.792 258.833 6437.396 102.69311
1020.83 6337.792 177.833 6159.896 102.97382
1021.93 5902.292 91.833 5880.896 100.36959
1023.02 5738.292 -45.667 5504.396 104.21429
1024.11 5598.792 -60.167 5364.896 104.31139
1025.2 5407.792 -58.167 5193.896 104.0726
1026.3 5471.292 189.833 5276.396 103.83158
1027.39 5344.292 250.833 5281.896 101.24021
1028.48 5070.792 163.333 5010.896 101.23558
1029.57 4891.292 104.333 4769.396 102.61294
1030.66 4891.292 198.333 4801.896 101.94188
1031.75 5306.292 757.333 5290.896 100.33959
1032.84 4813.292 241.333 4657.396 103.53019
1033.94 4285.792 -37.167 4252.896 100.76678
1035.03 4523.792 296.333 4418.396 102.55686
1036.12 4026.292 -58.667 4011.396 100.36599
1037.21 3979.292 -21.667 3894.396 102.16789
1038.3 4006.792 213.833 3975.896 100.82125
1039.39 3745.292 16.833 3608.896 103.79715
1040.48 3912.792 156.833 3740.396 104.81074
1041.57 3812.792 235.333 3755.896 101.61611
1042.66 3592.292 153.833 3560.896 100.9215
1043.74 3592.792 184.833 3474.396 103.59914
1044.83 3449.292 192.833 3317.896 104.20459
1045.92 3160.792 -67.167 3029.396 104.24329
1047.01 3243.792 249.333 3286.896 98.58097
1048.1 2959.292 -79.167 2833.896 104.30461
1049.19 2996.792 144.833 2989.896 100.24238
1050.27 2886.292 105.333 2809.896 102.82471
1051.36 2747.792 41.833 2691.896 102.10923
1052.45 2844.292 197.333 2719.896 104.93133
1053.54 2683.292 131.333 2600.896 103.33646
1054.62 2642.292 203.333 2626.896 100.63526
1055.71 2652.792 181.833 2650.896 100.07679
1056.8 2703.292 261.833 2600.896 104.37765
1057.88 2371.792 105.333 2311.896 102.71445
1058.97 2393.792 165.833 2337.396 102.59702
1060.06 2458.292 360.833 2489.896 98.51559
1061.14 2122.792 99.333 2068.396 102.76253
1062.23 2855.292 781.333 2730.396 106.408
1063.31 2146.292 185.333 2084.396 103.25929
1064.4 1983.792 66.333 1901.896 104.46162
1065.48 1935.292 148.333 1942.896 99.57626
1066.57 1912.292 79.833 1808.896 105.97987
1067.65 1916.292 210.833 1857.896 103.54545
1068.74 1742.792 58.333 1726.896 100.95266
1069.82 1754.792 209.833 1716.396 102.54857
1070.9 2826.292 1117.333 2755.396 104.32804
1071.99 1733.292 198.833 1714.896 101.21339
1073.07 1681.292 154.833 1615.396 104.51167
1074.15 1711.792 187.833 1621.896 106.26861
1075.24 1570.792 193.833 1580.896 99.27154
1076.32 1615.792 239.333 1584.896 102.29612
1077.4 1862.292 478.833 1821.896 103.00773
1078.49 1408.792 43.333 1345.896 104.82862
1079.57 1593.792 275.333 1493.896 108.19784
1080.65 1671.292 398.333 1624.896 103.78258
1081.73 1316.792 114.833 1305.896 100.91479
1082.81 1197.292 -13.167 1169.396 102.35892
1083.89 1370.292 227.833 1351.896 101.63654
1084.98 1365.292 212.833 1323.396 103.77248
1086.06 1128.792 48.333 1083.896 104.3354
1087.14 1133.292 25.333 1130.396 100.26204
1088.22 1220.292 168.833 1226.396 99.4228
1089.3 1035.292 -23.167 993.396 104.12132
1090.38 1525.292 484.333 1528.396 99.70268
1091.46 1237.792 224.333 1222.896 101.49172
1092.54 1048.792 71.833 1040.896 100.81478
1093.62 1092.792 116.833 1074.396 101.9211
1094.7 901.292 23.333 953.396 94.39778
1095.78 1007.792 119.333 1022.896 98.32838
1096.86 1066.792 153.833 1019.896 105.41483
1097.93 1378.792 515.333 1384.396 99.35514
1099.01 1135.792 321.833 1146.896 98.65413
1100.09 861.792 49.333 833.396 103.62163
