196.55 767.703 972.948 1339.379 -56.01167
197.76 1001.344 1427.472 1995.603 -75.00519
198.96 950.505 1340.45 1803.191 -84.26863
200.16 674.035 796.077 1227.164 -28.31046
201.36 1037.373 1587.379 2062.06 -115.86852
202.56 739.234 990.115 1401.163 -61.03469
203.76 673.586 849.94 1265.984 -42.38813
204.96 816.439 932.264 1411.806 -24.15334
206.16 652.99 712.367 946.298 -25.38184
207.36 913.307 1181.173 1687.519 -52.90168
208.56 724.741 1052.507 1476.29 -77.3429
209.76 527.064 637.704 982.138 -32.12241
210.96 707.498 888.539 1380.408 -36.8066
212.16 1412.159 2056.997 2537.841 -134.10554
213.36 833.689 1126.644 1600.47 -61.82768
214.56 771.961 890.479 1274.997 -30.82265
215.76 1210.086 1834.94 2402.485 -110.09768
216.96 1092.513 1568.862 2050.473 -98.90755
218.16 792.719 985.792 1447.599 -41.80815
219.35 602.873 716.838 1152.749 -26.14428
220.55 763.711 872.359 1328.661 -23.81071
221.75 716.571 810.596 1150.265 -27.68132
222.95 1047.395 1461.314 1932.768 -87.79621
224.15 865.917 1090.029 1574.459 -46.26305
225.35 701.181 782.472 1287.36 -16.10081
226.55 641.093 792.831 1188.111 -38.38746
227.75 1038.895 1378.814 1879.768 -67.85428
228.94 856.064 1122.204 1555.138 -61.47374
230.14 758.432 919.113 1379.351 -34.91252
231.34 682.079 847.028 1265.702 -39.39796
232.54 662.917 780.549 1133.115 -33.36462
233.74 694.292 805.869 1171.11 -30.54889
234.93 684.343 791.951 1221.947 -25.02533
236.13 750.395 951.574 1439.095 -41.26562
237.33 736.468 930.131 1313.452 -50.52246
238.53 707.049 887.381 1239.073 -51.27531
239.72 987.682 1373.993 1901.015 -73.30065
240.92 572.946 562.676 918.088 2.88968
242.12 966.115 1152.807 1622.13 -39.77875
243.31 644.13 755.63 1186.695 -25.86621
244.51 592.961 627.0 952.653 -10.45241
245.71 948.976 1278.803 1722.062 -74.40972
246.9 1114.461 1688.0 2212.153 -109.42201
248.1 739.145 950.954 1448.759 -42.54853
249.3 727.755 982.33 1398.854 -61.11892
250.49 730.057 893.313 1321.511 -38.12624
251.69 830.652 1049.106 1539.214 -44.57246
252.89 804.27 916.154 1388.919 -23.66585
254.08 536.564 579.204 954.138 -11.37277
255.28 741.248 976.919 1400.072 -55.69386
256.47 551.527 577.666 955.382 -6.92009
257.67 858.211 1159.099 1530.833 -80.94189
258.86 931.748 1172.898 1590.417 -57.7581
260.06 790.917 917.809 1356.442 -28.92899
261.26 1074.277 1459.546 1914.546 -84.67428
262.45 757.976 939.063 1294.389 -50.96371
263.65 531.41 565.158 907.488 -9.85823
264.84 855.719 1081.531 1469.771 -58.16332
266.04 600.77 804.154 1217.419 -49.21391
267.23 472.05 487.661 823.556 -4.64772
268.42 644.314 706.584 1015.802 -20.13805
269.62 729.549 882.641 1322.401 -34.81249
270.81 745.321 959.736 1397.256 -49.00683
272.01 746.196 923.056 1333.752 -43.06344
273.2 841.02 1164.034 1567.583 -80.04332
274.4 549.094 664.852 908.767 -47.45828
275.59 820.851 1028.883 1499.385 -44.21498
276.78 740.623 892.718 1361.913 -32.41634
277.98 653.403 772.746 1191.206 -28.51963
279.17 689.424 903.201 1285.069 -55.98173
280.37 701.565 837.985 1198.621 -37.82768
281.56 492.608 528.915 926.504 -9.13175
282.75 594.078 617.508 1021.047 -5.80591
283.95 686.528 801.186 1237.537 -26.27658
285.14 714.307 863.193 1247.675 -38.72377
286.33 566.241 700.267 1012.118 -42.97766
287.52 724.079 948.548 1368.358 -53.46929
288.72 883.667 1136.95 1615.434 -52.93425
289.91 1045.432 1410.373 1957.179 -66.74044
291.1 780.939 1007.024 1453.634 -50.62264
292.29 738.851 997.623 1395.057 -65.11073
293.49 777.123 1044.239 1446.568 -66.39227
294.68 596.314 729.845 997.629 -49.86476
295.87 682.513 803.102 1201.145 -30.29556
297.06 824.711 940.38 1418.817 -24.17635
298.26 433.248 420.179 733.9 4.16594
299.45 672.63 789.13 1098.195 -37.69441
300.64 696.211 822.859 1190.661 -34.43396
301.83 685.579 857.028 1294.202 -39.21757
303.02 613.689 630.384 1057.142 -3.91213
304.21 841.277 1123.525 1573.39 -62.74066
305.4 662.071 875.356 1160.092 -74.90607
306.59 767.527 920.166 1316.882 -38.47542
307.79 653.557 803.053 1187.683 -38.8674
308.98 475.932 579.113 932.851 -29.16868
310.17 797.963 966.081 1430.275 -36.21733
311.36 696.697 857.597 1178.563 -50.12982
312.55 1086.072 1560.657 2066.731 -93.77771
313.74 572.373 584.359 957.404 -3.21292
314.93 836.241 1009.007 1474.29 -37.1314
316.12 641.616 787.067 1192.958 -35.83502
317.31 479.976 406.823 740.217 21.94182
318.5 538.873 574.859 920.404 -10.41416
319.69 744.998 830.799 1262.736 -19.86412
320.88 653.402 736.225 1134.55 -20.79292
322.07 566.38 607.271 993.686 -10.58186
323.26 545.512 607.342 935.817 -18.82315
324.45 492.108 447.415 793.504 12.91381
325.64 672.042 766.749 1195.274 -22.10071
326.83 835.439 996.024 1395.634 -40.1856
328.01 664.947 738.436 1110.916 -19.72988
329.2 749.057 976.053 1403.683 -53.08225
330.39 612.711 727.38 1086.817 -31.90228
331.58 554.829 542.908 969.366 2.79533
332.77 951.674 1253.081 1742.233 -61.61814
333.96 416.836 448.82 671.648 -14.35343
335.15 554.064 524.964 868.466 8.47149
336.33 542.329 590.908 878.866 -16.8702
337.52 611.608 719.415 1040.504 -33.57541
338.71 583.005 710.45 1050.191 -37.51248
339.9 534.469 614.932 995.09 -21.16564
341.08 569.586 688.2 1067.812 -31.24596
342.27 805.483 879.475 1376.672 -14.88179
343.46 863.042 1063.729 1446.619 -52.41381
344.65 802.542 897.229 1356.119 -20.63396
345.83 823.159 983.257 1460.668 -33.53455
347.02 494.939 470.264 791.306 7.68581
348.21 885.314 1021.584 1513.302 -27.71315
349.4 467.542 462.989 862.946 1.13835
350.58 652.94 718.045 1108.789 -16.66187
351.77 567.292 575.369 941.11 -2.20842
352.96 421.954 324.088 698.37 26.14759
354.14 579.027 619.926 1114.21 -8.27424
355.33 559.13 536.13 920.695 5.98077
356.51 443.035 387.098 701.82 17.77357
357.7 686.646 679.734 1173.743 1.399
358.89 576.425 511.721 949.225 14.78925
360.07 840.814 915.105 1399.957 -15.32225
361.26 896.043 1061.79 1572.085 -32.48062
362.44 697.389 733.483 1177.108 -8.13626
363.63 578.389 481.743 950.435 20.62029
364.81 677.735 531.437 1069.458 27.19193
366.0 495.448 276.518 729.538 48.32685
367.18 1200.757 1403.392 2092.821 -29.3917
368.37 544.918 529.85 875.253 4.36242
369.55 736.94 737.065 1246.445 -0.0246
370.74 823.219 911.572 1458.582 -16.15198
371.92 1004.219 1158.332 1668.41 -30.21363
373.11 632.161 476.078 1016.963 28.85689
374.29 548.007 421.772 908.985 25.90961
375.48 594.087 531.741 1060.623 11.78834
376.66 557.043 441.53 902.257 25.07185
377.84 883.918 953.85 1582.253 -11.12853
379.03 617.881 405.051 908.67 42.26015
380.21 573.852 332.184 747.024 58.25568
381.39 495.47 266.212 675.074 56.07212
382.58 933.741 816.548 1409.101 19.77776
383.76 1095.601 1148.784 1715.705 -9.38092
384.94 1138.352 1254.164 1936.868 -16.96376
386.13 695.72 426.593 963.237 50.14994
387.31 809.999 618.339 1185.047 33.81981
388.49 681.992 474.688 1029.093 37.39214
389.68 780.969 637.952 1263.246 22.87198
390.86 841.528 567.466 1204.521 43.02016
392.04 1082.028 982.706 1677.693 14.29117
393.22 883.528 445.466 1111.021 65.81909
394.41 878.55 473.202 1085.367 66.21552
395.59 705.888 193.463 865.952 76.19835
396.77 936.329 552.689 1295.349 51.65762
397.95 976.359 637.576 1375.151 45.93204
399.13 1208.91 792.678 1560.643 54.19937
400.31 1029.506 447.511 1233.657 74.03144
401.5 1228.102 626.304 1514.36 67.76573
402.68 1322.97 734.712 1616.074 66.74417
403.86 1116.19 434.445 1296.108 79.11963
405.04 1271.263 807.263 1861.292 44.02158
406.22 1068.264 367.783 1341.448 71.9427
407.4 1379.682 697.013 1747.671 64.97541
408.58 1556.462 814.301 1875.791 69.91691
409.76 1611.646 947.755 2029.398 61.37802
410.94 1575.028 624.466 1721.521 86.64674
412.12 1471.212 502.9 1505.972 96.53462
413.3 1385.057 359.093 1500.994 89.84704
414.48 1296.256 371.111 1363.838 93.19231
415.66 1413.322 445.277 1491.567 92.52166
416.84 1926.837 1233.1 2392.132 59.85486
418.02 1745.036 623.378 1795.303 95.7107
419.2 1660.778 419.586 1512.357 113.58211
420.38 1722.668 583.97 1792.589 94.21476
421.56 1696.565 427.245 1581.949 109.92601
422.74 1935.183 1081.794 2295.154 70.3327
423.92 1822.146 865.995 2097.57 77.63641
425.1 1695.256 464.111 1706.838 99.06803
426.28 1752.984 405.995 1712.327 103.11226
427.46 2439.344 1356.492 2799.259 75.05386
428.63 1991.175 571.861 2000.716 99.33224
429.81 2104.226 687.964 1968.209 110.62434
430.99 2047.601 754.784 2180.705 90.66546
432.17 2329.616 1145.347 2523.941 85.9041
433.35 1986.859 827.316 2288.823 79.33885
434.52 1745.417 155.069 1442.77 123.50294
435.7 1972.013 376.383 1827.128 109.98692
436.88 2382.477 840.104 2306.7 105.1668
438.06 2427.381 552.531 2072.014 123.38732
439.23 2401.896 399.115 1956.406 128.60666
440.41 2533.653 594.126 2298.869 113.77235
441.59 2646.609 828.456 2548.315 105.71526
442.77 2368.748 276.679 1951.4 124.92046
443.94 2676.572 760.657 2663.231 100.70122
445.12 2673.557 769.833 2568.167 105.86047
446.3 3060.035 1093.118 2946.475 106.12728
447.47 3177.087 666.72 2632.968 127.67297
448.65 3365.153 720.646 2715.525 132.5648
449.82 3272.653 500.146 2418.525 144.52344
451.0 3427.807 609.213 2599.83 141.59399
452.18 3368.138 476.823 2644.96 133.35479
453.35 3351.212 530.16 2753.3 126.89494
454.53 3448.815 558.865 2819.285 127.85012
455.7 3461.285 334.238 2713.311 131.43973
456.88 4050.109 945.935 3424.159 125.25799
458.05 4026.763 591.763 3040.792 140.25966
459.23 4283.102 315.784 2806.205 159.30311
460.4 4712.212 580.16 3298.8 151.98969
461.58 4967.469 719.432 3462.09 154.88757
462.75 4744.557 315.333 3204.667 153.29571
463.93 4864.609 628.696 3520.987 146.45528
465.1 4864.44 525.065 3629.945 139.75985
466.28 4752.675 218.101 3243.888 149.86426
467.45 4795.712 146.66 3291.8 147.81703
468.63 5236.705 523.249 3846.018 141.85326
469.8 5798.241 870.287 4222.273 147.01594
470.97 5851.624 405.259 3823.724 159.32195
472.15 6441.608 595.675 4138.332 165.01553
473.32 6741.175 704.601 4322.388 166.85818
474.49 6968.124 859.499 4671.896 160.23055
475.67 6516.557 507.573 4177.839 163.72068
476.84 6393.336 327.08 4088.476 161.27673
478.01 6639.116 636.347 4688.941 148.12164
479.19 6490.204 548.728 4557.862 148.1985
480.36 6512.961 309.02 4472.808 148.99753
481.53 6973.572 596.897 4836.903 150.39304
482.7 7344.292 497.129 4733.938 161.61134
483.88 7526.02 275.774 4583.755 168.29799
485.05 7915.609 361.935 4823.659 169.29944
486.22 8127.189 478.405 4938.797 171.4823
487.39 8288.733 333.595 4795.508 178.28987
488.56 8214.733 485.876 5021.991 170.38494
489.74 8237.087 897.2 5619.313 155.43651
490.91 7714.63 242.651 4990.851 157.36447
492.08 7933.734 375.876 5230.491 155.68397
493.25 7820.145 278.714 5092.587 156.66037
494.42 8011.16 476.778 5228.824 158.55027
495.59 8279.461 417.26 5317.48 160.44586
496.76 8557.483 465.756 5367.155 165.09016
497.93 9050.285 610.478 5616.483 168.59365
499.1 9295.682 572.753 5591.843 173.79503
500.27 9721.719 1040.792 6267.099 166.1006
501.44 9615.521 1228.534 6296.083 165.50381
502.61 9045.572 423.137 5408.076 172.96973
503.78 9127.167 629.929 5761.278 165.59461
504.95 9236.646 1123.474 6516.415 150.44058
506.12 8618.726 696.943 5888.053 152.60286
507.29 8533.027 335.186 5433.538 160.79396
508.46 8639.689 32.165 5307.125 163.17705
509.63 9522.689 1258.165 6645.125 153.41722
510.8 9906.094 1179.612 6671.095 158.90939
511.97 9895.219 558.552 5824.426 177.30516
513.14 10082.079 258.528 5792.702 177.50708
514.31 10709.402 785.746 6241.206 181.90321
515.48 10423.38 495.01 6045.359 178.87831
516.65 10606.116 525.087 6124.614 180.03359
517.81 10355.277 355.806 5922.374 179.63442
518.98 10241.042 695.01 6349.102 168.83403
520.15 9912.63 161.13 5858.695 171.15207
521.32 10264.814 703.605 6464.457 165.96867
522.49 10776.601 1502.503 7468.221 155.45652
523.65 10770.373 1158.859 7184.404 159.51276
524.82 10518.557 638.073 6545.839 167.24569
525.99 10602.66 78.517 6017.496 177.20459
527.16 11465.88 631.25 6882.031 173.33243
528.32 11784.888 730.182 7018.969 175.7844
529.49 12111.873 411.619 6654.732 187.41058
530.66 12464.99 114.367 6539.298 192.22965
531.82 12584.447 180.957 6592.071 193.46855
532.99 12733.521 320.274 6997.255 185.91106
534.16 12725.821 444.256 7148.912 183.17966
535.32 12982.05 794.401 7641.229 178.00432
536.49 12724.329 294.408 7207.866 179.7931
537.65 13439.498 1011.059 8080.564 175.80353
538.82 13024.696 321.816 7430.58 178.69325
539.99 13502.925 642.721 8076.725 172.99163
541.15 14050.793 818.39 8357.766 175.51059
542.32 14280.623 147.979 7854.74 183.3798
543.48 15448.608 811.155 8785.676 183.55276
544.65 16019.777 992.785 8917.718 189.61666
545.81 17247.719 1483.292 10133.099 182.25178
546.98 17465.652 503.106 9285.714 193.13792
548.14 18484.719 783.792 9857.099 195.08793
549.31 18427.432 402.873 9415.179 199.99941
550.47 18680.727 469.443 9763.554 195.94434
551.63 19282.777 914.806 10766.874 186.43772
552.8 19266.477 454.584 10034.545 196.36711
553.96 19208.094 459.852 10240.767 191.68188
555.13 19208.006 391.45 10690.69 182.69848
556.29 19794.814 934.084 11394.302 180.30916
557.45 19771.086 274.46 10552.64 189.68949
558.62 20483.203 523.468 11224.534 186.521
559.78 20944.152 771.606 11627.214 185.82604
560.94 21130.262 371.982 11276.809 190.35864
562.11 22247.953 391.088 11510.37 196.56723
563.27 22899.482 157.975 11361.672 202.98217
564.43 23340.91 32.397 11656.66 200.51605
565.59 23986.373 205.838 12004.749 201.54856
566.76 24604.057 351.073 12192.839 204.80884
567.92 25299.291 571.349 12448.455 208.19838
569.08 25262.137 715.042 13216.978 196.34636
570.24 25222.602 352.024 12896.877 198.25324
571.4 25879.152 226.366 12819.042 203.71195
572.57 25675.512 367.342 13100.317 198.76085
573.73 25233.439 55.524 13072.134 193.42914
574.89 25647.285 452.697 13544.0 192.45287
576.05 26024.91 476.158 13770.987 192.17059
577.21 26163.145 157.714 13514.587 194.697
578.37 26312.645 18.954 13640.76 193.02647
579.53 27201.689 193.644 13978.47 195.92591
580.69 27591.857 597.535 14724.34 191.08583
581.85 28150.248 351.919 14327.072 198.91251
583.01 29133.711 401.88 14435.816 204.73109
584.17 29527.756 484.83 14656.854 204.93139
585.33 30589.16 572.517 14948.496 208.79721
586.49 31006.102 377.763 14735.049 213.32959
587.65 30617.16 573.278 15187.824 205.57519
588.81 30798.299 566.521 15553.064 201.72615
589.97 31062.307 929.433 15628.847 204.99371
591.13 30417.461 421.02 15287.808 201.76814
592.29 30187.395 336.574 15254.096 200.10576
593.45 30017.232 213.595 14965.508 202.03236
594.61 29822.719 134.052 15178.927 197.33409
595.77 29521.924 196.961 15395.896 192.9409
596.93 29764.756 91.091 14998.683 199.05069
598.09 29767.682 382.753 15545.343 193.79888
599.24 29985.615 138.067 15446.458 194.97508
600.4 30461.602 291.763 15433.549 199.24888
601.56 30041.131 233.39 15322.522 197.54443
602.72 31214.572 368.616 15465.42 204.3211
603.87 31626.314 473.064 15310.146 209.96884
605.03 31442.072 232.116 15238.92 207.97204
606.19 31920.52 148.514 14826.428 216.46132
607.35 31740.895 -3.926 15131.096 209.74413
608.5 31743.785 594.457 15492.328 209.08577
609.66 32006.969 989.651 15859.107 208.59753
610.82 31555.998 146.299 15137.236 209.52458
611.97 31009.314 125.084 14915.802 208.8082
613.13 31268.52 573.754 15514.6 205.44195
614.29 30518.682 496.993 15383.016 201.67703
615.44 30493.998 717.539 15456.908 202.0199
616.6 30000.049 180.141 14843.401 203.36478
617.76 29977.961 663.0 15414.652 198.72323
618.91 29876.895 726.314 15170.268 201.81857
620.07 29125.918 641.049 15204.114 195.59666
621.22 29321.615 17.567 14577.958 201.25866
622.38 30005.814 1061.084 15637.302 198.57504
623.53 29342.652 78.366 14625.542 201.16816
624.69 29895.91 112.137 14268.832 210.38649
625.84 29536.637 217.542 14299.978 208.19619
627.0 29969.727 488.964 14831.709 205.54477
628.15 29958.012 -0.398 14734.646 203.31402
629.31 30111.109 318.175 14728.331 206.74956
630.46 30227.703 -23.532 14344.034 210.55226
631.61 29970.27 374.134 14629.264 207.61744
632.77 30704.668 228.189 14833.106 208.67273
633.92 30117.211 495.38 14691.816 208.65681
635.08 30259.197 949.577 15177.407 206.00203
636.23 30130.262 308.482 14744.809 206.57457
637.38 29572.043 -74.511 14334.446 205.75086
638.54 29784.961 654.76 15135.48 201.16541
639.69 29303.094 936.831 15459.111 195.32926
640.84 29209.598 490.402 14738.753 201.56154
641.99 29349.361 97.409 14039.882 209.80462
643.15 29794.625 816.916 14835.512 206.70907
644.3 29126.889 95.422 14179.142 206.13494
645.45 29053.652 -58.071 14110.771 205.46296
646.6 29211.418 811.436 15075.401 199.10299
647.75 29306.682 161.942 14418.031 204.43713
648.91 29628.945 -136.551 13971.661 210.97993
650.06 29613.709 225.455 14825.291 201.29168
651.21 30138.973 417.462 14565.42 210.07633
652.36 30330.736 450.969 14709.05 209.56374
653.51 30138.5 101.475 14213.68 212.84432
654.66 30085.264 273.982 14861.81 204.35724
655.81 30938.527 651.989 15048.939 210.36773
656.96 30639.791 69.495 14402.569 213.28499
658.11 31158.055 365.002 14800.199 213.31924
659.27 30490.318 531.009 14925.328 208.13287
660.42 30824.582 29.015 14459.958 213.39955
661.57 30873.846 421.022 14835.088 211.27157
662.72 30083.611 -139.971 14611.718 204.88218
663.87 30305.875 -99.965 14122.848 213.78219
665.01 30237.639 316.042 14693.978 208.10774
666.16 30546.902 41.049 14739.607 207.54316
667.31 30594.666 95.555 14982.237 204.87514
668.46 31131.43 760.562 15722.366 202.98934
669.61 30642.193 206.069 15547.996 198.38527
670.76 31259.457 4.575 15214.626 205.48835
671.91 31750.221 769.582 16378.756 198.47712
673.06 32763.484 519.589 16014.886 208.08827
674.21 31031.248 -161.405 15583.016 198.11878
675.35 32245.512 284.102 15720.146 207.05701
676.5 32126.775 167.609 15849.774 203.79307
677.65 32782.539 72.615 15783.904 208.19376
678.8 32438.805 -110.878 15727.034 205.51751
679.94 33705.566 40.629 16048.164 210.30681
681.09 34435.332 370.135 17049.793 204.23199
682.24 35102.094 363.142 17513.924 202.55025
683.39 35024.859 -1.851 17222.553 203.35514
684.53 36244.121 558.155 17196.684 214.4779
685.68 36157.387 214.662 17614.813 206.5656
686.83 36128.652 301.169 17607.443 207.02019
687.97 35277.414 298.175 17622.072 201.91322
689.12 36905.68 178.182 17514.703 211.85045
690.27 35729.441 68.189 17408.832 205.65127
691.41 36135.207 468.195 17969.961 203.79093
692.56 35581.969 358.702 17742.592 202.62017
693.7 36800.234 378.709 17681.721 210.4924
694.85 36422.996 48.215 17192.852 212.1642
695.99 36246.762 398.222 17794.98 206.06448
697.14 36210.023 184.229 17551.111 207.43962
698.28 36466.789 342.735 18251.74 201.70888
699.43 36454.551 391.242 18390.369 200.36143
700.57 35439.316 -74.251 17710.5 199.68549
701.72 36396.582 -50.745 17219.129 211.04571
702.86 35963.844 -107.738 17549.26 204.29057
704.01 36712.109 50.269 17415.389 211.12345
705.15 36668.871 433.275 18332.02 202.4477
706.29 37634.137 126.782 17723.648 213.14792
707.44 37455.898 171.288 18374.777 204.82123
708.58 37746.164 -124.205 17936.408 209.68485
709.72 37206.926 629.302 18731.037 202.06695
710.87 38247.691 -137.192 17783.168 214.19706
712.01 37458.453 0.315 17644.297 212.2998
713.15 37777.219 217.322 18427.928 206.25287
714.3 38104.48 348.828 17921.557 214.85367
715.44 37860.246 92.335 18611.186 203.94306
716.58 38023.512 277.342 18420.816 208.04267
717.72 37198.273 52.848 18398.945 202.47045
718.87 38651.039 240.855 18262.076 213.13863
720.01 36669.301 117.362 18078.205 203.50904
721.15 38011.566 -54.132 17879.836 212.25475
722.29 37720.828 345.875 18022.965 211.4316
723.43 37733.094 498.882 18553.596 206.22986
724.57 37925.355 450.388 18287.225 210.09873
725.72 37063.121 244.895 18067.354 206.58332
726.86 36943.883 678.902 18459.484 203.95834
728.0 37072.648 164.408 17772.113 209.61414
729.14 37680.41 -2.085 17477.244 215.58319
730.28 36589.176 481.422 17805.373 208.42678
731.42 36675.441 10.928 17753.004 206.6529
732.56 37365.203 722.435 18545.133 205.59608
733.7 36619.969 386.942 18597.262 198.96974
734.84 36784.73 -127.052 17331.393 211.42653
735.98 37319.996 148.955 17932.521 209.01905
737.12 37496.758 -3.038 17789.152 210.76548
738.26 36690.023 17.468 17486.281 209.93158
739.4 37030.785 228.475 17917.912 208.04681
740.53 37101.051 407.482 18162.541 206.66543
741.67 35972.813 273.488 17733.67 204.46136
742.81 37451.578 -222.505 17185.301 216.42063
743.95 36630.84 241.002 17969.93 205.25684
745.09 36162.105 19.508 17370.561 208.30205
746.23 36272.871 399.515 17605.189 208.49724
747.36 36210.633 453.522 17477.32 210.04191
748.5 35846.898 60.028 17069.949 210.38822
749.64 35009.16 25.035 17006.078 206.0187
750.78 35106.926 -5.458 16833.209 208.52235
751.92 35334.688 74.548 16909.838 209.44183
753.05 34643.453 155.555 16258.969 214.16514
754.19 35611.715 635.562 16783.098 216.60365
755.33 33477.98 -151.932 16117.228 206.70959
756.46 33911.742 245.075 16057.357 212.91466
757.6 32928.008 82.082 15697.487 210.34309
758.74 32760.271 562.088 16315.617 204.38711
759.87 32674.035 244.595 16092.247 204.63246
761.01 31626.799 271.102 15563.377 205.04272
762.14 31967.063 234.608 15825.006 203.53845
763.28 32261.826 408.115 15272.136 214.30077
764.41 31277.59 249.121 15157.766 208.12401
765.55 31153.354 -123.872 14748.896 210.29863
766.69 30393.117 289.635 15202.025 201.86892
767.82 30464.381 266.641 15014.155 204.76495
768.95 30747.646 26.148 14525.285 211.88501
770.09 30397.41 737.655 15281.915 203.92756
771.22 30635.674 661.661 15275.044 205.11345
772.36 29560.438 504.168 14678.674 204.98965
773.49 29631.701 489.175 14838.804 203.08906
774.63 29040.465 196.181 14003.434 208.90676
775.76 27776.729 154.688 13969.563 199.94419
776.89 28343.492 428.195 14067.693 204.66513
778.03 28644.256 360.201 13450.823 216.06349
779.16 27929.02 8.708 13358.952 209.13709
780.29 27421.783 308.215 13035.582 213.0336
781.43 27972.047 606.221 13093.712 219.14592
782.56 26699.311 315.228 13181.842 205.05848
783.69 26166.574 11.735 12475.972 209.83907
784.82 25751.84 233.241 12821.602 202.71583
785.96 25452.604 116.748 12587.731 203.15844
787.09 25012.867 204.255 12186.361 207.04717
788.22 24985.131 394.261 12237.99 207.62776
789.35 24603.395 157.768 11739.62 211.06837
790.48 24449.158 142.275 12009.25 204.82796
791.62 23740.422 580.281 11944.38 203.80095
792.75 23538.186 5.288 11194.01 210.32695
793.88 23041.949 737.795 11788.14 201.84125
795.01 23339.213 353.801 11355.77 208.9209
796.14 23320.477 404.808 11514.898 206.25996
797.27 21695.24 493.815 11487.528 192.85044
798.4 21792.004 283.321 10909.158 202.41872
799.53 21287.77 -4.672 10310.788 206.41291
800.66 21062.533 316.335 10739.418 199.0409
801.79 21453.297 1276.841 11846.548 190.88946
802.92 20806.561 199.848 10216.178 205.73117
804.05 20177.324 381.855 10327.308 199.0404
805.18 19713.588 290.861 10017.937 199.67694
806.31 20480.352 215.868 9756.066 212.41155
807.44 19905.115 -64.625 9580.196 207.05142
808.57 19847.879 400.381 10089.826 200.70807
809.69 19889.143 400.888 9940.456 204.28865
810.82 18798.906 -163.605 9102.586 204.64192
811.95 19455.17 988.401 10112.216 202.40184
813.08 18363.434 103.908 8928.345 206.92001
814.21 18897.199 1064.915 10169.975 195.85027
815.33 18796.963 282.921 9203.104 207.55226
816.46 18181.227 308.928 9013.734 205.31529
817.59 17651.99 847.435 9490.864 194.42
818.72 17641.254 504.441 8670.494 209.85429
819.84 17470.518 896.448 9116.124 201.63896
820.97 16648.281 446.454 8550.754 199.91644
822.1 16388.545 593.961 8538.383 198.81351
823.22 16006.309 -30.532 7767.513 205.65207
824.35 16057.072 92.474 7844.143 205.95048
825.48 15670.337 574.481 7850.272 207.4806
826.6 15440.601 310.488 7455.902 211.74577
827.73 15230.364 -144.506 7245.032 208.06269
828.85 14863.628 268.501 7361.662 205.76338
829.98 15017.392 610.008 7638.292 204.99149
831.11 14256.155 70.014 6945.921 206.31665
832.23 14464.419 81.521 6962.051 209.03765
833.36 14726.184 524.528 7592.181 200.93878
834.48 13703.947 259.034 6894.811 202.61251
835.6 14044.211 482.041 7014.94 207.59802
836.73 13860.975 -7.952 6711.07 206.41288
837.85 13512.238 535.054 6989.7 201.05185
838.98 12735.502 -104.439 6228.33 202.75399
840.1 13697.266 458.568 6766.959 209.85854
841.23 13144.53 371.074 6570.589 206.03962
842.35 13019.794 720.581 7111.219 192.45674
843.47 13081.558 248.588 6354.849 210.16085
844.6 12373.821 26.594 6149.978 201.64059
845.72 12501.085 155.101 6077.608 208.45875
846.84 12844.349 134.608 5955.738 218.33803
847.96 12368.112 139.114 5813.368 215.51731
849.09 12445.377 58.121 5820.497 214.96785
850.21 12235.641 232.628 5935.127 210.48688
851.33 11906.404 385.134 5976.757 206.0452
852.45 11314.668 25.141 5610.387 202.13125
853.57 11238.932 232.148 5832.016 196.55433
854.7 11107.695 67.654 5477.146 204.08648
855.82 11009.96 -0.339 5659.776 194.5243
856.94 11181.224 485.168 5827.405 200.21678
858.06 10954.487 -64.326 5132.035 212.04865
859.18 10400.751 425.181 5653.165 190.81102
860.3 11019.015 244.688 5345.295 211.23616
861.42 10805.278 -89.306 5013.424 213.505
862.54 10368.042 -65.799 4962.554 207.50016
863.66 10420.307 50.708 4975.184 210.57262
864.78 10306.57 186.714 5073.814 207.07284
865.9 10219.834 244.221 5222.943 200.36492
867.02 10651.098 1277.228 6443.073 181.45858
868.14 10754.361 879.234 5701.203 204.7945
869.26 9976.625 575.741 5163.833 204.89746
870.38 9663.889 -90.252 4456.962 214.50803
871.5 9687.653 -94.746 4453.592 215.07634
872.62 9540.417 69.761 4578.222 210.06404
873.74 9457.681 699.268 5511.852 181.98982
874.85 9351.813 40.271 4430.417 212.10097
875.97 9301.813 286.271 4564.417 210.7348
877.09 9781.813 373.271 4811.917 211.96875
878.21 8558.813 220.771 4370.917 200.90961
879.33 9071.813 334.771 4641.417 202.87347
880.44 8608.813 254.771 4375.417 202.73623
881.56 8238.813 111.271 4114.417 203.02888
882.68 8217.313 256.271 4367.917 193.62178
883.79 8845.313 826.771 4988.417 192.67718
884.91 8316.313 -58.229 3702.917 222.65931
886.03 8013.313 456.271 4455.417 188.9664
887.14 8194.813 659.271 4800.417 181.96756
888.26 8488.813 777.271 4809.917 191.22785
889.38 8732.813 636.271 4577.417 205.43624
890.49 8112.313 -89.729 4014.417 199.84771
891.61 8833.313 307.771 4176.917 220.34688
892.72 8152.313 -13.229 4058.417 200.54646
893.84 8725.313 -99.229 3906.917 220.27509
894.95 8176.313 -87.229 3941.917 205.09413
896.07 8701.813 152.271 4075.417 217.92566
897.18 8561.313 384.271 4307.417 208.43074
898.3 8125.313 -41.229 3881.917 208.16309
899.41 8643.813 577.271 4446.917 208.45685
900.53 8052.313 335.771 4029.417 208.91395
901.64 8245.313 462.271 4350.417 200.17361
902.75 8081.313 262.771 4055.917 206.12288
903.87 7885.313 116.771 3876.417 206.62961
904.98 7884.313 403.771 4044.917 205.44471
906.09 8043.313 235.771 3943.917 210.55109
907.21 7385.813 438.771 3919.917 199.56192
908.32 7885.813 198.271 3488.417 233.65352
909.43 7429.813 650.771 3977.917 203.74945
910.54 7207.313 280.271 3820.917 195.64345
911.66 7669.813 1160.771 4581.417 190.28693
912.77 6759.813 85.771 3214.417 213.32045
913.88 6876.813 300.271 3645.417 196.59955
914.99 6337.813 69.271 3371.417 189.83236
916.1 6786.813 349.771 3617.417 196.99324
917.22 6165.813 58.771 2918.417 213.55937
918.33 6386.313 688.771 3724.917 187.65704
919.44 6480.313 270.271 3384.417 199.41396
920.55 6776.813 660.771 3674.417 202.94493
921.66 6259.313 428.771 3272.917 205.0015
922.77 6010.313 488.271 3282.417 197.62897
923.88 6184.313 623.271 3542.917 190.46973
924.99 6258.313 373.771 3227.417 206.21135
926.1 5545.313 -11.229 2623.917 210.86277
927.21 5708.813 652.771 3484.417 178.55487
928.32 5028.313 -84.729 2456.417 201.21008
929.43 5254.313 251.771 2756.917 199.69063
930.54 4969.313 111.271 2439.417 208.66569
931.65 5049.813 266.271 2607.917 204.28117
932.76 4938.813 381.771 2750.917 192.34956
933.86 4823.813 302.271 2464.417 209.12287
934.97 4631.813 113.771 2305.417 206.14834
936.08 4290.313 164.771 2138.417 209.0315
937.19 4401.313 708.271 2768.917 179.21767
938.3 3850.813 472.271 2273.917 187.52529
939.4 3708.313 674.771 2431.417 172.68942
940.51 3326.313 305.271 1864.417 193.76262
941.62 3256.313 503.771 1984.417 185.90143
942.73 3410.813 1102.771 2513.917 163.55798
943.83 2804.813 302.771 1592.417 194.00999
944.94 2782.313 338.271 1721.417 176.70167
946.05 2536.313 -35.729 1180.417 211.49123
947.15 2683.313 -25.729 1255.417 211.4546
948.26 2830.813 228.771 1623.917 186.50679
949.36 2898.313 98.271 1469.917 204.13737
950.47 3066.313 326.771 1819.917 183.47449
951.57 3392.813 844.771 2349.917 169.28868
952.68 3259.313 568.771 1976.417 191.13769
953.79 3240.313 439.271 2026.417 176.48295
954.89 3049.813 121.771 1668.417 189.31559
955.99 3252.813 391.271 2152.917 162.43569
957.1 3147.813 230.271 1637.417 207.33755
958.2 3124.813 271.271 1806.417 185.88083
959.31 3247.313 455.771 2090.917 170.72126
960.41 3014.813 130.271 1642.917 190.69512
961.52 2935.813 10.271 1452.917 202.79002
962.62 3167.313 493.771 1946.917 183.98303
963.72 2901.313 -50.729 1492.417 191.30024
964.83 2994.313 -70.729 1396.917 208.84069
965.93 3261.813 341.771 1883.917 189.34926
967.03 3362.813 714.271 2232.917 174.40153
968.13 3163.813 466.771 1975.417 178.77236
969.24 2987.313 175.771 1604.417 196.79767
970.34 2986.813 206.771 1605.917 198.69564
971.44 2983.813 265.771 1650.417 196.2987
972.54 2963.813 346.771 1881.917 170.47512
973.64 2783.313 142.271 1643.917 175.87647
974.75 3358.313 1069.771 2472.917 163.10076
975.85 4333.313 3162.271 4867.417 68.67693
976.95 2652.313 189.771 1479.917 190.87313
978.05 3015.313 525.771 1934.917 176.67027
979.15 3128.313 896.271 2298.917 159.1308
980.25 2723.813 99.771 1282.917 221.78515
981.35 2561.813 179.271 1406.417 194.15311
982.45 3101.313 891.771 2297.417 157.19049
983.55 2810.813 462.771 1760.417 180.94627
984.65 2705.313 418.271 1628.917 188.91088
985.75 2711.313 675.271 1828.917 176.48759
986.85 2479.313 372.271 1638.417 166.41383
987.95 2348.813 185.271 1345.917 186.40844
989.05 2558.813 783.271 2071.417 137.837
990.15 2490.813 628.271 1710.417 172.11559
991.25 2204.813 443.271 1513.917 164.53076
992.34 2478.813 835.771 1982.917 143.22867
993.44 2263.813 478.271 1473.917 179.33503
994.54 2143.313 386.771 1334.417 185.35846
995.64 2354.313 731.271 1754.417 158.63249
996.74 2293.813 789.271 1829.917 144.57769
997.83 1895.813 73.771 1008.417 194.94461
998.93 2002.813 315.271 1299.917 171.38566
1000.03 2433.813 1230.771 2285.917 114.01662
1001.12 2172.313 704.771 1735.417 142.3905
1002.22 2086.313 729.271 1828.417 123.4633
1003.32 1762.313 272.271 1190.917 162.1998
1004.41 1789.813 467.271 1408.417 140.52463
1005.51 1771.813 402.771 1217.917 167.95053
1006.6 1536.313 188.771 987.917 168.62274
1007.7 1723.313 624.271 1470.917 129.81127
1008.8 1458.813 103.271 755.917 207.69942
1009.89 1649.313 577.771 1331.917 142.0868
1010.99 1673.813 384.771 1149.417 168.58023
1012.08 1485.813 47.271 826.417 184.6306
1013.18 1641.813 394.271 1240.917 147.35107
1014.27 1661.813 202.271 1009.417 180.8275
1015.36 1761.313 334.271 1124.417 180.60486
1016.46 1742.313 402.771 1194.917 169.10292
1017.55 1457.313 148.271 862.917 183.17348
1018.65 1640.813 496.771 1208.917 160.64712
1019.74 1616.813 586.771 1441.917 120.45217
1020.83 1552.313 505.271 1239.417 142.6204
1021.93 1477.813 280.271 1081.417 149.47862
1023.02 1264.813 38.271 740.917 174.56044
1024.11 1231.313 63.771 754.417 169.0507
1025.2 1240.813 88.271 722.417 181.7471
1026.3 1455.813 454.271 1131.917 147.79722
1027.39 1398.813 597.771 1268.417 119.44333
1028.48 1264.813 486.771 1072.417 132.85192
1029.57 1174.813 312.771 901.917 146.32059
1030.66 1185.313 451.771 1035.417 125.68268
1031.75 1720.813 1483.271 2155.917 35.31451
1032.84 1295.313 652.771 1237.417 109.90273
1033.94 912.313 161.271 678.417 145.22821
1035.03 1268.813 773.771 1262.917 101.20534
1036.12 950.313 90.271 614.917 163.92804
1037.21 925.813 66.771 609.417 158.30613
1038.3 1181.313 522.771 1049.417 125.04451
1039.39 817.813 153.271 549.417 167.75177
1040.48 1031.813 455.771 904.417 128.39563
1041.57 1012.813 616.271 1021.917 97.75563
1042.66 954.813 441.771 862.917 121.82043
1043.74 952.813 508.271 928.417 105.80651
1044.83 940.313 543.271 974.917 91.9832
1045.92 653.313 45.771 481.917 139.29783
1047.01 994.313 617.771 1054.417 86.23504
1048.1 612.313 96.771 402.417 168.6729
1049.19 828.313 502.271 822.417 101.8416
1050.27 761.313 342.271 705.417 115.39211
1051.36 656.813 305.271 681.417 93.45887
1052.45 855.313 469.771 875.417 95.04391
1053.54 725.313 466.771 758.417 88.64918
1054.62 749.813 525.271 900.417 59.8545
1055.71 732.313 467.771 822.917 74.48817
1056.8 841.813 688.271 1055.917 41.76348
1057.88 628.313 328.771 652.417 92.5523
1058.97 698.313 458.771 804.417 69.30263
1060.06 866.313 834.771 1296.917 6.82505
1061.14 623.813 367.771 664.417 86.31223
1062.23 1270.813 1608.271 2089.917 -70.06359
1063.31 674.813 547.271 887.917 37.44114
1064.4 516.313 279.271 610.417 71.58225
1065.48 678.813 526.771 738.917 71.66846
1066.57 595.313 362.771 691.917 70.65004
1067.65 673.313 543.771 885.417 37.91695
1068.74 527.813 357.271 635.417 61.31375
1069.82 657.813 544.271 856.417 36.37456
1070.9 1606.813 2151.771 2635.417 -112.67709
1071.99 647.313 561.771 908.917 24.64142
1073.07 580.313 491.771 826.917 26.41884
1074.15 656.313 576.771 914.417 23.55773
1075.24 572.813 526.771 764.417 19.37407
1076.32 678.313 625.771 880.417 20.63324
1077.4 865.313 963.771 1324.417 -27.30056
1078.49 483.313 218.271 494.417 95.97888
1079.57 628.313 655.271 905.917 -10.75554
1080.65 814.813 866.771 1207.917 -15.23053
1081.73 480.813 382.771 651.417 36.49476
1082.81 355.313 238.271 479.917 48.43521
1083.89 591.813 548.771 799.417 17.17231
1084.98 542.813 533.271 847.417 3.03734
1086.06 414.813 267.771 470.917 72.38232
1087.14 398.813 283.771 487.417 56.49105
1088.22 519.813 524.771 765.417 -2.06042
1089.3 371.313 261.771 458.417 55.70505
1090.38 829.813 1101.771 1433.417 -82.00267
1091.46 546.313 598.771 838.417 -21.88993
1092.54 462.313 405.771 657.917 22.42419
1093.62 492.813 412.771 674.917 30.53325
1094.7 407.813 186.271 429.417 91.11473
1095.78 426.813 490.771 699.917 -30.58074
1096.86 533.813 545.771 843.917 -4.01089
1097.93 885.813 1146.271 1458.417 -83.44127
1099.01 593.813 802.271 1099.917 -70.03569
1100.09 371.313 334.271 492.917 23.34865
