196.55 788.158 637.312 809.19 87.76347
197.76 1053.929 939.8 1092.907 74.54217
198.96 987.274 856.3 965.027 120.46129
200.16 695.702 561.303 735.803 77.01961
201.36 1168.099 1037.285 1194.787 83.05555
202.56 907.41 695.791 952.606 82.40124
203.76 742.947 612.799 782.088 76.8793
204.96 786.485 695.308 792.07 94.22803
206.16 616.149 490.81 587.32 129.87199
207.36 907.648 819.305 904.76 103.38002
208.56 755.52 680.301 752.872 103.64886
209.76 570.63 497.306 560.579 115.88602
210.96 714.502 620.302 695.691 124.95207
212.16 1364.186 1311.814 1432.742 43.30838
213.36 845.775 733.805 871.587 81.26608
214.56 720.64 636.813 706.009 121.1446
215.76 1200.447 1209.3 1195.088 0.0
216.96 1062.547 972.798 1085.364 79.73025
218.16 812.865 694.796 728.933 345.86655
219.35 593.776 483.31 604.647 91.04047
220.55 688.431 634.81 720.026 62.92265
221.75 689.741 581.816 654.845 147.7835
222.95 1021.012 923.809 1059.121 71.83611
224.15 882.668 746.315 819.061 187.43699
225.35 680.922 541.313 705.716 84.91878
226.55 622.558 558.809 606.854 132.68544
227.75 935.512 842.309 985.621 65.03499
228.94 839.13 687.306 826.079 109.40494
230.14 760.293 694.304 765.768 92.33864
231.34 603.175 537.802 619.751 79.7722
232.54 604.329 577.802 576.631 0.0
233.74 637.765 576.298 625.657 124.53057
234.93 668.267 566.813 639.337 139.8911
236.13 753.093 621.303 775.156 85.65951
237.33 731.832 649.817 785.81 60.30778
238.53 680.585 583.311 672.406 109.18058
239.72 1004.084 873.301 998.286 104.63874
240.92 540.257 429.306 569.406 79.19421
242.12 923.294 720.309 914.328 104.62103
243.31 580.839 461.804 654.001 61.93363
244.51 522.802 478.801 563.579 51.90131
245.71 951.685 823.809 962.682 92.08133
246.9 1157.802 1016.801 1154.079 102.71194
248.1 715.884 627.8 740.674 78.03712
249.3 716.065 643.297 746.545 70.47886
250.49 684.519 612.296 654.312 171.89463
251.69 751.575 666.304 790.475 68.67218
252.89 703.61 627.792 684.718 133.18723
254.08 514.13 415.806 457.079 238.23179
255.28 704.292 603.799 697.208 107.5838
256.47 504.93 424.305 460.967 219.91721
257.67 845.35 714.316 859.991 89.94902
258.86 916.631 748.311 843.638 176.57023
260.06 702.41 557.796 706.166 97.46891
261.26 1024.72 951.802 1008.984 127.51949
262.45 778.266 598.303 754.217 115.42452
263.65 441.219 357.292 482.364 67.10254
264.84 805.784 692.302 818.398 89.9965
266.04 584.11 487.792 555.218 142.85024
267.23 512.328 360.292 447.511 174.31587
268.42 594.92 436.803 538.596 155.3323
269.62 709.166 609.305 684.941 132.0287
270.81 722.612 585.307 675.397 152.40789
272.01 692.548 634.302 694.924 96.08042
273.2 872.9 731.789 843.235 126.61815
274.4 519.22 429.797 489.924 148.72262
275.59 818.701 677.298 795.743 119.38321
276.78 687.566 552.307 669.165 115.74702
277.98 568.446 548.295 612.028 31.61898
279.17 640.521 539.306 678.932 72.48996
280.37 618.873 532.288 594.184 139.88826
281.56 434.183 412.299 463.062 43.11111
282.75 580.513 398.314 508.181 165.83541
283.95 635.592 536.293 631.537 104.2575
285.14 621.31 530.293 648.83 76.7836
286.33 487.601 436.295 524.407 58.22805
287.52 683.837 583.29 671.321 114.21661
288.72 764.282 681.787 795.718 72.40737
289.91 1004.874 885.298 1018.303 89.90323
291.1 758.566 571.302 725.105 121.75562
292.29 744.621 610.304 688.208 172.41293
293.49 741.228 601.794 740.235 100.71753
294.68 541.001 465.297 469.631 1746.769
295.87 642.466 525.304 591.829 176.1173
297.06 713.092 643.798 687.097 160.03851
298.26 347.873 299.293 328.244 167.8047
299.45 583.839 543.304 556.001 319.2497
300.64 616.931 483.31 601.526 113.0304
301.83 668.675 587.802 627.251 205.00339
303.02 507.694 450.311 539.552 64.30135
304.21 817.058 658.314 817.414 99.7765
305.4 646.321 540.81 611.88 148.46154
306.59 690.43 567.805 697.467 94.57298
307.79 655.438 526.802 586.277 216.28677
308.98 455.293 417.804 482.268 58.155
310.17 772.449 614.752 795.359 87.3149
311.36 603.371 525.778 613.564 88.38919
312.55 995.226 886.78 998.055 97.45757
313.74 466.438 364.797 502.717 73.69521
314.93 801.02 618.301 749.372 139.40463
316.12 628.375 490.803 583.363 148.62927
317.31 353.847 306.797 340.752 138.56501
318.5 452.438 348.297 402.717 191.3647
319.69 599.583 462.296 638.226 78.03498
320.88 557.285 493.807 571.458 81.74755
322.07 479.71 425.795 524.054 54.8705
323.26 510.385 402.81 509.294 101.02483
324.45 415.683 303.799 387.062 134.37474
325.64 566.055 482.795 606.674 67.21101
326.83 739.066 558.302 697.605 129.76302
328.01 593.338 486.299 512.941 401.76953
329.2 720.938 615.802 713.277 107.85979
330.39 540.592 433.798 539.097 101.42052
331.58 466.965 341.799 399.269 217.79387
332.77 880.311 762.303 855.45 126.69111
333.96 337.738 246.296 348.105 89.81649
335.15 478.711 361.8 466.114 112.07639
336.33 448.965 355.799 459.769 89.60886
337.52 545.183 455.799 537.562 109.3214
338.71 582.274 413.8 513.527 168.93485
339.9 518.736 422.787 459.985 257.93662
341.08 499.528 430.293 477.623 146.28249
342.27 643.538 568.8 623.553 136.50038
343.46 757.894 666.807 760.104 97.63049
344.65 732.394 581.807 629.104 318.38224
345.83 751.767 631.308 689.777 206.02145
347.02 396.485 301.808 385.07 113.70967
348.21 761.92 643.303 766.596 96.20768
349.4 457.975 298.301 403.139 152.30444
350.58 539.227 454.789 550.675 88.06132
351.77 450.265 387.798 441.157 117.06952
352.96 357.53 236.303 325.243 136.30216
354.14 506.011 412.299 515.002 91.2457
355.33 449.839 369.804 409.501 201.61441
356.51 348.864 265.291 296.873 264.62119
357.7 534.126 427.282 567.779 76.0474
358.89 437.183 339.294 441.502 95.77392
360.07 700.082 589.291 686.166 114.36504
361.26 731.879 618.77 693.315 151.73376
362.44 522.387 448.263 473.565 292.9513
363.63 424.468 364.256 375.6 530.78916
364.81 471.476 396.749 460.351 117.49133
366.0 305.485 201.751 300.721 104.81331
367.18 976.55 894.26 1026.255 62.34339
368.37 462.234 297.772 447.306 109.98309
369.55 560.889 478.777 584.245 77.85513
370.74 700.107 556.277 659.038 139.96619
371.92 823.688 718.271 792.073 142.83824
373.11 418.833 353.765 420.522 97.46979
374.29 373.841 313.257 348.773 170.58391
375.48 458.852 436.769 497.263 36.50377
376.66 370.298 291.776 354.279 125.62863
377.84 786.734 592.272 697.806 184.26498
379.03 385.453 300.777 358.659 146.29103
380.21 315.606 226.268 329.918 86.19182
381.39 226.979 164.768 283.091 52.57714
382.58 631.344 491.777 643.512 91.98043
383.76 799.654 678.783 822.831 83.91024
384.94 827.444 730.28 866.348 71.40848
386.13 392.769 290.765 405.608 88.8205
387.31 435.907 379.272 503.866 45.45541
388.49 385.215 332.768 378.065 115.78537
389.68 484.398 448.774 505.556 62.73819
390.86 471.334 386.775 514.642 66.13088
392.04 724.253 571.281 741.607 89.81175
393.22 387.834 310.775 434.642 62.21154
394.41 431.651 325.768 385.151 178.30636
395.59 224.225 165.775 284.995 49.02721
396.77 406.708 334.78 436.874 70.45252
397.95 459.717 322.278 455.185 103.40989
399.13 551.881 503.78 570.434 72.16411
400.31 348.76 349.763 373.238 -4.27467
401.5 496.315 357.271 519.401 85.7613
402.68 512.979 430.768 587.591 52.42269
403.86 399.68 304.774 387.262 115.05336
405.04 633.499 504.782 676.951 74.76186
406.22 323.661 236.27 337.521 86.31072
407.4 542.745 454.289 550.856 91.60122
408.58 633.206 535.771 657.254 80.20495
409.76 643.288 581.269 697.349 53.42764
410.94 478.834 418.275 467.642 122.67235
412.12 436.254 297.786 446.167 93.31961
413.3 366.262 282.278 426.917 58.06446
414.48 344.308 235.278 365.65 83.62954
415.66 414.435 256.783 401.038 109.28769
416.84 829.98 711.278 876.21 71.97023
418.02 475.607 370.273 513.478 73.55449
419.2 395.044 270.778 355.624 146.46006
420.38 501.943 361.775 517.788 89.84393
421.56 402.454 344.282 456.219 51.96834
422.74 758.988 626.77 736.961 119.99
423.92 608.707 478.276 614.814 95.52732
425.1 428.808 356.778 512.65 46.21056
426.28 360.7 299.788 388.623 68.56723
427.46 888.591 769.788 947.477 66.8601
428.63 542.054 345.785 503.055 124.79777
429.81 515.218 367.787 545.804 82.81828
430.99 622.154 430.283 636.831 92.89417
432.17 822.618 655.284 839.968 90.60512
433.35 629.636 457.284 653.65 87.77083
434.52 251.991 119.79 295.701 75.15241
435.7 402.709 249.785 447.434 77.37133
436.88 604.589 480.778 626.357 85.04758
438.06 462.291 370.789 500.589 70.49476
439.23 348.417 262.779 419.797 54.54034
440.41 484.737 404.792 596.545 41.69162
441.59 633.007 501.775 676.702 75.02104
442.77 373.873 214.793 444.744 69.18029
443.94 670.726 516.78 655.555 110.93198
445.12 597.181 466.784 668.882 64.52166
446.3 853.026 645.279 838.443 107.54938
447.47 562.69 431.781 623.193 68.39115
448.65 577.899 508.779 723.115 32.24807
449.82 427.899 318.279 518.615 54.71768
451.0 531.472 320.281 557.4 89.06535
452.18 394.354 267.784 492.443 56.33877
453.35 509.835 329.28 589.202 69.46522
454.53 500.163 345.785 588.701 63.55202
455.7 433.235 218.782 493.926 77.94237
456.88 767.845 569.287 852.632 70.07651
458.05 514.499 385.282 647.951 49.19376
459.23 400.154 219.283 524.331 59.29262
460.4 488.335 328.28 623.202 54.27041
461.58 613.736 458.287 692.485 66.37499
462.75 369.181 185.284 505.882 57.36061
463.93 562.926 405.781 707.167 52.14085
465.1 507.389 307.777 631.745 61.61478
466.28 350.973 146.791 453.02 66.67638
467.45 286.835 95.78 461.202 52.28349
468.63 530.063 296.782 672.365 62.11158
469.8 755.763 480.783 868.977 70.83564
470.97 420.89 235.782 557.805 57.48284
472.15 651.764 382.293 777.597 68.16813
473.32 646.973 471.791 886.52 42.24019
474.49 733.309 534.788 943.27 48.5997
475.67 528.1 291.79 797.347 46.74251
476.84 378.318 204.29 642.14 39.74606
478.01 616.118 407.784 929.968 39.89649
479.19 531.401 344.794 818.795 39.36842
480.36 461.464 228.289 703.149 49.10389
481.53 533.145 339.786 888.02 35.26946
482.7 479.346 276.792 858.692 34.80911
483.88 411.819 217.295 769.2 35.24591
485.05 470.345 266.287 796.132 38.51284
486.22 533.356 328.799 898.122 35.9299
487.39 440.248 226.803 829.536 35.41279
488.56 473.49 361.785 933.641 19.53382
489.74 704.528 484.293 1179.123 31.69621
490.91 367.501 172.292 811.071 30.55961
492.08 424.49 286.285 938.141 21.20182
493.25 408.464 194.794 893.709 30.57176
494.42 453.428 309.795 971.847 21.69513
495.59 492.383 288.795 941.114 31.20986
496.76 527.281 292.782 992.658 33.50575
497.93 685.654 386.288 1169.891 38.20388
499.1 674.165 417.795 1133.321 35.82956
500.27 937.865 613.796 1399.933 41.22295
501.44 1011.4 701.289 1434.735 42.28135
502.61 594.064 297.292 1051.485 39.34964
503.78 730.62 379.799 1220.148 41.74701
504.95 1079.545 737.788 1565.244 41.30219
506.12 792.556 404.8 1185.234 49.68469
507.29 592.092 242.793 1043.037 43.64903
508.46 471.937 62.793 892.157 49.33226
509.63 1112.437 694.793 1570.657 47.68367
510.8 1188.3 716.291 1598.459 53.50559
511.97 785.946 370.79 1235.468 48.01277
513.14 633.675 192.302 1134.251 46.85739
514.31 940.446 498.295 1374.528 50.46052
515.48 795.129 323.301 1331.019 46.82145
516.65 745.537 231.291 1273.933 49.32141
517.81 714.301 242.296 1223.519 48.10374
518.98 913.636 426.289 1435.709 48.27994
520.15 651.339 166.304 1220.001 46.03169
521.32 915.082 395.291 1484.666 47.71462
522.49 1470.411 830.801 1961.226 56.58139
523.65 1229.438 640.297 1854.717 48.51208
524.82 946.1 363.79 1484.847 51.94295
525.99 651.847 77.801 1198.812 51.20791
527.16 1069.048 393.807 1632.984 54.49111
528.32 1052.983 402.293 1629.89 53.00514
529.49 890.019 302.791 1494.752 49.26564
530.66 762.649 97.31 1346.32 53.2693
531.82 831.5 173.287 1461.511 51.09457
532.99 916.319 235.795 1633.7 48.6817
534.16 983.274 255.795 1684.968 50.90209
535.32 1206.747 524.799 1974.976 47.02518
536.49 948.965 160.299 1621.769 53.96391
537.65 1437.164 586.79 2169.761 53.72012
538.82 976.628 139.296 1837.959 49.29362
539.99 1260.683 390.794 2025.002 53.22998
541.15 1318.427 434.286 2110.227 52.7549
542.32 1021.147 96.801 1843.2 52.92872
543.48 1454.103 475.805 2300.027 53.62821
544.65 1557.139 600.808 2482.449 50.82432
545.81 1937.865 823.796 2941.933 52.59664
546.98 1421.575 293.804 2494.975 51.23505
548.14 1514.365 476.296 2658.433 47.57121
549.31 1278.874 234.798 2508.803 45.91353
550.47 1423.556 225.3 2617.234 50.09571
551.63 1674.301 607.796 3027.019 44.08461
552.8 1332.928 271.29 2755.787 42.73048
553.96 1382.219 250.297 2767.424 44.96882
555.13 1380.274 241.8 2935.527 42.26391
556.29 1767.92 594.303 3352.096 42.5564
557.45 1238.109 153.787 3024.658 37.76978
558.62 1353.82 299.8 3296.26 35.1755
559.78 1520.075 428.304 3480.475 35.77031
560.94 1385.256 228.301 3340.346 37.1767
562.11 1411.53 219.303 3450.243 36.9003
563.27 1344.538 51.8 3378.053 38.86469
564.43 1296.638 18.298 3374.329 38.09081
565.59 1333.276 148.31 3573.147 34.5992
566.76 1196.6 198.29 3754.847 28.06956
567.92 1318.603 314.31 3935.087 27.73696
569.08 1340.611 419.802 4193.837 24.39853
570.24 1085.573 217.289 4100.295 22.36112
571.4 1125.656 121.798 4056.01 25.51612
572.57 1368.885 226.81 4264.294 28.2868
573.73 1381.566 37.302 4177.605 32.46777
574.89 1728.912 213.806 4456.786 35.70853
576.05 1837.719 286.292 4674.864 35.35151
577.21 1709.964 117.294 4512.209 36.23894
578.37 1793.884 23.3 4485.174 39.68251
579.53 2121.275 130.805 4638.087 44.16121
580.69 2552.893 338.802 4960.044 47.91117
581.85 2417.292 275.799 4983.208 45.49197
583.01 2444.592 225.298 4960.597 46.86704
584.17 2572.065 250.797 5274.045 46.2105
585.33 2771.347 346.802 5374.312 48.22558
586.49 2895.992 167.295 5422.261 51.92606
587.65 3120.428 298.295 5634.847 52.88308
588.81 3055.457 315.302 5661.958 51.24987
589.97 3337.229 521.799 5897.795 52.37039
591.13 3132.464 219.789 5667.649 53.46457
592.29 3212.093 243.303 5733.656 54.07284
593.45 3169.248 104.803 5779.036 54.00633
594.61 3083.946 108.29 5746.468 52.7769
595.77 3111.602 92.8 5843.967 52.49025
596.93 3218.646 66.291 5865.08 54.3623
598.09 3492.665 217.795 6083.821 55.82774
599.24 3493.875 114.803 6090.363 56.54821
600.4 3478.992 160.795 6204.261 54.90553
601.56 3489.92 113.298 6318.536 54.41566
602.72 3652.902 231.804 6418.415 55.29842
603.87 3915.259 270.315 6514.026 58.37784
605.03 3659.402 101.304 6395.915 56.5261
606.19 3659.738 37.301 6542.165 55.68813
607.35 3561.093 14.303 6367.656 55.82548
608.5 4017.493 340.3 6723.82 57.60446
609.66 4275.493 510.805 7070.88 57.38788
610.82 3897.083 113.796 6724.726 57.22776
611.97 3790.92 82.803 6653.096 56.43762
613.13 4177.157 342.307 7039.63 57.25944
614.29 4123.083 237.301 6992.286 57.52466
615.44 4212.502 341.302 7114.191 57.15729
616.6 4133.666 63.305 6774.441 60.65085
617.76 4277.302 329.801 7189.579 57.5456
618.91 4352.012 361.809 7391.622 56.76116
620.07 4311.33 341.302 7325.631 56.84193
621.22 4152.375 0.303 7099.863 58.48351
622.38 4788.92 580.303 7720.596 58.9418
623.53 4337.656 33.298 7125.51 60.69133
624.69 4251.557 66.805 7172.794 58.89049
625.84 4317.611 73.302 7277.837 58.91163
627.0 4465.718 252.287 7412.804 58.84255
628.15 4562.966 21.804 7452.329 61.11496
629.31 4640.764 215.293 7546.097 60.36816
630.46 4436.82 -33.2 7456.76 59.68015
631.61 4587.448 221.304 7677.647 58.5561
632.77 4684.701 198.793 7733.183 59.53909
633.92 4939.592 282.798 7941.597 60.80319
635.08 5176.709 503.29 8301.494 59.92943
636.23 4961.256 159.301 7972.846 61.45681
637.38 4619.475 -23.699 7813.639 59.24427
638.54 5056.383 324.295 8313.614 59.23018
639.69 5327.558 502.309 8487.354 60.42857
640.84 5225.285 225.299 8338.026 61.63138
641.99 5200.491 43.799 8279.804 62.61157
643.15 5574.697 457.299 8617.58 62.71105
644.3 5061.903 57.299 8463.856 59.53214
645.45 4953.609 -54.201 8340.134 59.65702
646.6 5622.315 498.299 8915.91 60.87256
647.75 5355.521 122.3 8731.188 60.78859
648.91 5338.727 -43.2 8643.464 61.9562
650.06 5590.933 95.3 8882.24 62.54319
651.21 5550.139 258.8 9085.518 59.94685
652.36 5698.845 291.8 9210.794 60.62394
653.51 5594.051 97.8 9010.07 61.67061
654.66 5989.257 106.801 9258.848 64.27476
655.81 6203.463 338.301 9616.624 63.2136
656.96 5916.669 29.301 9397.901 62.84149
658.11 6025.875 201.301 9693.678 61.36055
659.27 6243.082 224.801 9801.954 62.83997
660.42 6069.288 23.801 9721.731 62.3379
661.57 6489.494 203.302 10014.508 64.07155
662.72 6317.7 -70.698 9721.784 65.23778
663.87 6500.405 -42.198 9928.062 65.62119
665.01 6698.111 153.802 10224.838 64.98149
666.16 6631.317 3.802 10214.115 64.91001
667.31 6872.523 69.302 10528.392 65.04602
668.46 7447.229 364.803 11167.168 65.56367
669.61 6987.436 85.803 10805.945 64.38005
670.76 7045.142 -15.197 11199.722 62.95488
671.91 7314.848 383.803 11586.998 61.86668
673.06 7285.054 292.803 11827.275 60.62046
674.21 6986.76 -86.197 11452.552 61.29743
675.35 7370.466 143.804 11977.829 61.06681
676.5 7218.672 107.304 11903.105 60.28728
677.65 7023.378 5.804 11984.382 58.58437
678.8 6934.584 -81.696 12054.159 57.81447
679.94 7174.79 20.804 12371.936 57.9217
681.09 7568.496 183.304 12968.712 57.76266
682.24 7953.702 202.305 13234.989 59.4766
683.39 7909.908 5.305 13352.266 59.22399
684.53 8299.114 205.305 13957.043 58.85663
685.68 7905.32 103.305 13729.819 57.25613
686.83 7740.526 149.805 14338.096 53.4999
687.97 7653.732 114.306 14105.373 53.88743
689.12 7926.438 72.806 14535.149 54.30401
690.27 8360.145 14.306 14401.426 58.0091
691.41 9096.351 252.306 14927.703 60.26443
692.56 9521.057 174.306 14832.979 63.76259
693.7 9739.263 173.806 15399.257 62.82544
694.85 9475.469 -17.193 15092.033 62.82692
695.99 9607.175 194.307 15823.81 60.225
697.14 9543.381 89.807 15674.587 60.65901
698.28 10223.587 205.807 16044.363 63.24932
699.43 10533.793 115.807 16045.14 65.40127
700.57 10713.999 -75.193 15983.417 67.18634
701.72 10924.205 -61.692 16498.693 66.33842
702.86 10525.411 -99.192 16103.971 65.57117
704.01 10805.117 -16.692 16799.748 64.35256
705.15 11220.323 196.308 17168.523 64.95331
706.29 11444.529 30.308 17380.301 65.78805
707.44 11759.734 66.808 17534.078 66.94192
708.58 11947.94 -71.691 17400.854 68.79153
709.72 12170.646 315.809 18098.131 66.66642
710.87 11753.853 -109.191 17654.908 66.781
712.01 11645.059 -56.691 17912.184 65.12233
713.15 12071.265 79.809 18370.961 65.55878
714.3 12720.971 208.309 18806.238 67.27986
715.44 12758.677 18.31 18631.514 68.44801
716.58 13293.883 111.81 19014.791 69.73542
717.72 12854.089 5.31 19133.568 67.17171
718.87 12965.795 68.31 19176.844 67.49594
720.01 13029.001 57.31 19360.621 67.1993
721.15 12738.207 -70.19 19113.398 66.76747
722.29 13503.413 172.811 19521.176 68.89782
723.43 13728.619 225.811 19856.451 68.78435
724.57 14075.325 187.311 19986.729 70.14355
725.72 13759.531 95.811 19880.506 69.06207
726.86 14333.737 355.311 20546.281 69.23108
728.0 13648.943 33.811 20311.059 67.14487
729.14 13706.649 -38.688 20669.836 66.37526
730.28 14204.855 244.812 20858.611 67.72184
731.42 14427.062 -48.688 20867.389 69.20872
732.56 15278.768 351.312 21565.666 70.36488
733.7 15016.974 203.812 21336.941 70.0945
734.84 14750.68 -91.688 21197.719 69.71715
735.98 14858.886 62.813 21752.996 68.21553
737.12 14502.092 -52.187 21573.771 67.30004
738.26 14791.798 22.813 21732.549 68.02932
739.4 15147.504 113.313 22133.326 68.27512
740.53 15883.21 146.813 22529.604 70.30579
741.67 16030.416 118.813 22277.379 71.80791
742.81 15792.122 -95.186 22174.156 71.34161
743.95 15643.328 158.814 22437.434 69.50392
745.09 15504.534 -2.686 22464.209 69.02253
746.23 15824.74 163.314 22992.486 68.60269
747.36 15579.446 212.314 23110.264 67.11139
748.5 15745.652 -6.686 22847.039 68.92679
749.64 16232.358 5.315 22528.816 72.04494
750.78 16390.564 -16.185 22733.094 72.11987
751.92 16543.77 17.315 23161.869 71.40537
753.05 16015.477 49.315 22690.646 70.51777
754.19 16209.183 323.315 23392.924 68.86058
755.33 15755.389 -118.685 22948.199 68.81759
756.46 15882.595 125.316 23062.477 68.6976
757.6 16119.801 8.816 23131.254 69.67684
758.74 16817.006 285.816 23208.031 72.11864
759.87 16969.713 83.816 23087.307 73.4058
761.01 16933.418 68.316 23176.584 72.98298
762.14 16641.625 68.817 23283.361 71.38976
763.28 16599.83 231.317 23437.637 70.53472
764.41 15843.536 96.317 22849.414 69.20912
765.55 15841.242 -118.183 22932.191 69.23716
766.69 16396.949 118.817 23382.467 69.97239
767.82 16568.154 118.317 23081.744 71.63494
768.95 16677.861 -1.182 22986.021 72.55795
770.09 17149.066 444.318 23153.297 73.5601
771.22 16901.773 352.318 23320.074 72.05517
772.36 16551.479 220.318 23147.852 71.22947
773.49 16248.685 302.818 23196.129 69.65295
774.63 15824.391 56.818 22989.904 68.75469
775.76 15954.097 36.319 22380.682 71.23845
776.89 16259.303 210.819 22652.959 71.51049
778.03 16615.51 138.819 22631.234 73.25443
779.16 16571.215 -42.681 22547.512 73.54473
780.29 16535.422 129.819 22589.289 73.04537
781.43 16461.127 297.819 22433.064 73.02068
782.56 15725.833 137.32 22054.842 71.12352
783.69 15552.039 -0.68 22051.619 70.52652
784.82 15648.745 60.32 22251.895 70.24479
785.96 15552.451 78.32 22133.672 70.16044
787.09 15877.657 99.82 21672.949 73.13653
788.22 16267.363 112.32 21983.225 73.86545
789.35 16110.569 -24.179 21838.002 73.8021
790.48 16160.275 49.821 21608.279 74.72916
791.62 15932.981 237.321 21518.557 73.75352
792.75 14913.688 -33.179 20930.332 71.29944
793.88 15438.894 345.821 21570.109 71.11227
795.01 15159.6 120.321 21295.387 71.02353
796.14 15233.306 221.822 21276.162 71.29876
797.27 15567.512 229.322 21164.939 73.26361
798.4 15566.718 100.322 20896.217 74.37235
799.53 15538.924 -69.678 20784.492 74.84643
800.66 15786.13 107.822 20992.77 75.06989
801.79 15897.336 716.822 21395.047 73.41304
802.92 15033.042 70.823 20581.822 72.94729
804.05 14827.248 174.823 20779.6 71.11179
805.18 14459.454 125.823 20385.377 70.74998
806.31 14849.16 67.823 20369.152 72.8097
807.44 14740.366 -58.177 20479.93 72.05408
808.57 15236.572 159.323 20511.207 74.08282
809.69 15407.778 180.324 20368.984 75.42578
810.82 15192.984 -126.176 20398.26 74.63864
811.95 15462.19 498.324 20386.037 75.24177
813.08 14596.396 34.824 19879.314 73.37841
814.21 14778.103 518.324 20196.59 72.46461
815.33 14333.809 118.824 19702.867 72.58452
816.46 14124.015 161.825 19430.145 72.4619
817.59 14703.721 417.825 19540.42 74.70689
818.72 14452.426 234.825 19530.197 73.68399
819.84 14809.632 436.825 19383.475 75.85936
820.97 14345.838 259.825 18739.75 76.22332
822.1 14181.044 310.325 18890.027 74.65523
823.22 13545.75 -29.174 18414.305 73.60284
824.35 13302.456 26.326 18436.082 72.11464
825.48 13129.662 251.326 18507.857 70.54098
826.6 12945.868 136.326 18357.135 70.30172
827.73 12604.574 -83.674 17736.912 71.19995
828.85 13037.78 89.826 18003.688 72.27897
829.98 13579.986 303.827 18359.465 73.52916
831.11 13411.192 -22.173 17766.742 75.51537
832.23 13464.398 17.827 17927.018 75.08196
833.36 13472.604 261.327 18013.795 74.41939
834.48 12947.311 130.327 17510.072 73.74667
835.6 12487.517 192.827 17510.848 70.99362
836.73 11934.723 -37.172 17347.625 68.86416
837.85 12211.929 218.328 17522.402 69.31085
838.98 11815.635 -94.672 17294.678 68.49196
840.1 12377.341 194.328 17687.455 69.64457
841.23 12447.547 119.828 17257.732 71.93247
842.35 13132.753 350.329 17657.01 73.85832
843.47 13074.959 100.829 17090.785 76.36353
844.6 13154.165 -38.171 16920.063 77.7931
845.72 13224.871 4.829 16962.34 77.9598
846.84 13053.577 22.329 16891.115 77.25066
847.96 12836.283 16.829 16792.393 76.41743
849.09 12597.989 -3.67 16469.17 76.49962
850.21 12584.195 68.83 16711.945 75.19845
851.33 12767.901 196.33 16953.223 75.02329
852.45 12688.107 -56.17 16654.5 76.26431
853.57 12771.313 122.33 16730.775 76.15995
854.7 12985.52 -3.67 16505.553 78.67838
855.82 12946.226 18.331 16425.33 78.795
856.94 13090.432 186.831 16592.105 78.6552
858.06 12611.638 -122.669 16323.383 77.43078
859.18 12928.344 170.331 16786.66 76.77997
860.3 12582.55 87.831 16382.437 76.68009
861.42 12430.756 -103.669 16152.713 77.10464
862.54 12480.462 -96.168 16499.49 75.78265
863.66 12483.168 -43.668 16369.267 76.32295
864.78 12858.874 71.332 16433.543 78.1529
865.9 12974.08 109.332 16517.32 78.4054
867.02 13755.786 676.832 17046.598 79.89701
868.14 13134.492 444.332 16680.873 78.15803
869.26 12841.698 226.833 16216.15 78.89558
870.38 12072.404 -115.667 15969.428 75.77246
871.5 12028.11 -77.667 15703.704 76.70929
872.62 11823.816 -52.167 15886.98 74.50827
873.74 12241.022 306.333 16160.758 75.27671
874.85 11746.625 -52.667 15654.896 75.11854
875.97 11927.625 119.333 15630.896 76.12574
877.09 12355.125 122.333 15581.396 79.13023
878.21 12311.125 63.333 15602.896 78.81684
879.33 12362.625 123.833 15565.396 79.25877
880.44 12190.125 66.333 15300.896 79.58083
881.56 12039.125 40.333 15506.396 77.58143
882.68 11949.125 92.833 15367.896 77.61861
883.79 11791.125 424.833 15543.396 75.18104
884.91 11243.125 -134.167 15177.396 74.30523
886.03 11733.125 169.833 15488.396 75.48549
887.14 11732.125 290.333 15515.896 75.14857
888.26 12195.625 330.333 15726.896 77.06455
889.38 12436.125 273.833 15700.896 78.83738
890.49 12471.625 -86.667 15604.896 80.03213
891.61 12830.625 97.333 15769.396 81.24835
892.72 12775.625 -71.167 16052.396 79.67713
893.84 12749.625 -71.667 16223.896 78.67965
894.95 12859.625 -80.667 16639.896 77.39148
896.07 12931.625 20.833 16548.896 78.11437
897.18 12872.125 147.833 16775.896 76.52299
898.3 12386.625 -53.167 16590.396 74.74236
899.41 12920.625 274.833 17242.396 74.52922
900.53 12863.125 120.333 16882.396 76.02162
901.64 13116.625 219.833 17027.396 76.73207
902.75 13111.125 53.833 16818.896 77.88394
903.87 13127.625 -10.667 16414.396 79.98929
904.98 13215.625 149.833 16538.396 79.72506
906.09 13233.625 22.833 16424.396 80.54593
907.21 13102.125 145.833 16502.396 79.21158
908.32 12646.625 28.333 16140.396 78.31581
909.43 12563.625 272.333 16198.896 77.17479
910.54 12209.625 127.833 16021.396 76.01689
911.66 12195.625 540.333 16217.396 74.34615
912.77 11697.125 -1.667 15441.396 75.75435
913.88 11792.625 150.833 15513.396 75.78027
914.99 11771.125 -48.167 15157.896 77.7275
916.1 12055.625 135.833 15271.396 78.75354
917.22 11881.125 -30.167 14807.396 80.27796
918.33 12460.625 289.833 15369.896 80.70783
919.44 12127.625 76.833 14945.396 81.0488
920.55 12188.625 358.833 15102.396 80.237
921.66 11578.125 200.333 14444.896 79.87463
922.77 11547.625 207.333 14446.396 79.64212
923.88 11345.625 300.833 14430.396 78.16797
924.99 10847.625 142.333 14020.396 77.13823
926.1 10566.625 -86.167 13841.896 76.48438
927.21 10811.125 317.833 13998.396 76.7022
928.32 10349.125 -121.167 13398.896 77.44263
929.43 10513.625 60.833 13208.896 79.50063
930.54 10503.125 23.833 13190.396 79.59019
931.65 10556.125 82.333 12995.896 81.10691
932.76 10561.625 184.333 12781.896 82.3754
933.86 10216.625 93.333 12369.396 82.46367
934.97 9720.125 22.833 11894.896 81.68161
936.08 9229.625 4.833 11603.896 79.5305
937.19 8713.125 312.833 11024.396 78.42266
938.3 7911.625 227.833 9905.896 79.39391
939.4 7394.125 293.333 9500.396 77.12332
940.51 6625.125 69.333 8660.896 76.305
941.62 6378.125 193.833 8013.896 79.08238
942.73 6502.125 508.833 8234.896 77.5724
943.83 5996.625 125.833 7535.896 79.22729
944.94 6018.125 151.833 7414.896 80.76884
946.05 5857.125 -150.667 7261.896 81.04878
947.15 6004.625 -68.667 7300.896 82.41048
948.26 6191.625 64.833 7531.896 82.05089
949.36 6213.125 -1.167 7536.396 82.44431
950.47 6603.625 121.333 7957.396 82.72384
951.57 6833.125 369.833 8358.896 80.90176
952.68 6672.125 229.333 8398.396 78.86819
953.79 6807.625 217.833 8727.896 77.43529
954.89 6749.625 8.833 8520.896 79.19105
955.99 7215.625 167.333 9045.896 79.38551
957.1 7108.625 40.333 8953.896 79.29817
958.2 7487.125 76.333 9356.896 79.85283
959.31 7798.625 203.333 9547.896 81.28034
960.41 7662.625 28.333 9452.896 81.00421
961.52 7787.125 -30.667 9414.896 82.76682
962.62 8089.125 175.833 9765.896 82.51554
963.72 7852.125 -80.667 9427.396 83.43227
964.83 7748.625 -124.667 9410.396 82.572
965.93 7941.125 112.833 9648.896 82.09145
967.03 7997.625 271.333 9840.396 80.74241
968.13 7773.125 208.333 9783.896 79.00102
969.24 7664.625 8.833 9677.896 79.17822
970.34 7569.625 31.333 9675.896 78.16106
971.44 7642.625 52.333 9737.896 78.36707
972.54 7683.125 141.833 9735.896 78.60374
973.64 7675.625 5.333 9461.396 81.11507
974.75 8357.625 435.833 10012.396 82.72062
975.85 9436.125 1647.833 11151.896 81.94698
976.95 7765.625 7.333 9252.896 83.91368
978.05 7940.625 203.333 9359.396 84.50458
979.15 8141.125 433.833 9610.896 83.9843
980.25 7413.125 2.833 8996.396 82.39551
981.35 7513.625 60.333 9060.896 82.80918
982.45 7587.125 410.333 9336.896 80.39816
983.55 7221.625 186.833 9070.896 79.1844
984.65 7152.625 138.833 8885.896 80.18454
985.75 7093.625 309.833 8916.896 78.81658
986.85 7005.125 180.333 8760.896 79.53781
987.95 6768.125 14.833 8506.396 79.52944
989.05 7135.125 361.833 8685.396 81.37492
990.15 7123.625 271.833 8545.896 82.81049
991.25 6938.125 124.833 8437.896 81.95887
992.34 7113.125 347.833 8374.396 84.28629
993.44 6917.125 140.833 8187.896 84.20826
994.54 6714.625 111.833 7935.396 84.39623
995.64 6869.125 309.833 7992.896 85.3734
996.74 6713.125 351.833 7862.896 84.6923
997.83 6124.625 -49.167 7328.396 83.68335
998.93 5985.625 76.333 7317.396 81.60807
1000.03 6249.625 590.833 7840.896 78.05162
1001.12 5812.625 353.833 7495.396 76.43694
1002.22 5897.625 315.333 7351.896 79.33265
1003.32 5456.625 64.833 6905.896 78.81512
1004.41 5670.125 125.333 6824.396 82.76966
1005.51 5415.625 120.833 6636.396 81.26377
1006.6 5244.625 6.333 6172.896 84.9467
1007.7 5284.125 306.833 6435.396 81.21467
1008.8 5093.625 -47.667 6021.896 84.70613
1009.89 5197.125 235.333 6104.896 84.53427
1010.99 5218.125 114.333 6068.896 85.71228
1012.08 5039.125 -29.167 5836.396 86.4076
1013.18 5351.125 126.833 6333.396 84.17367
1014.27 5493.125 47.333 6567.896 83.5172
1015.36 5555.625 64.833 6685.396 82.93542
1016.46 5468.625 124.833 6803.896 80.00811
1017.55 5251.125 -38.167 6532.896 80.4937
1018.65 5221.125 151.833 6482.396 80.07648
1019.74 5180.625 258.833 6437.396 79.65917
1020.83 4964.625 177.833 6159.896 80.01908
1021.93 4852.625 91.833 5880.896 82.23769
1023.02 4585.125 -45.667 5504.396 83.43675
1024.11 4588.125 -60.167 5364.896 85.68181
1025.2 4512.625 -58.167 5193.896 87.02851
1026.3 4644.625 189.833 5276.396 87.57961
1027.39 4481.625 250.833 5281.896 84.0934
1028.48 4369.125 163.333 5010.896 86.76096
1029.57 4066.625 104.333 4769.396 84.93544
1030.66 3984.625 198.333 4801.896 82.24699
1031.75 4532.625 757.333 5290.896 83.27428
1032.84 3768.625 241.333 4657.396 79.87413
1033.94 3409.125 -37.167 4252.896 80.33197
1035.03 3598.625 296.333 4418.396 80.1126
1036.12 3192.125 -58.667 4011.396 79.87081
1037.21 3138.625 -21.667 3894.396 80.70075
1038.3 3346.625 213.833 3975.896 83.27325
1039.39 3011.125 16.833 3608.896 83.35856
1040.48 3183.125 156.833 3740.396 84.44925
1041.57 3245.625 235.333 3755.896 85.50599
1042.66 3039.125 153.833 3560.896 84.68561
1043.74 3058.625 184.833 3474.396 87.36091
1044.83 2977.125 192.833 3317.896 89.09555
1045.92 2745.125 -67.167 3029.396 90.8198
1047.01 2853.125 249.333 3286.896 85.71977
1048.1 2380.125 -79.167 2833.896 84.4229
1049.19 2486.625 144.833 2989.896 82.31073
1050.27 2280.125 105.333 2809.896 80.41196
1051.36 2178.125 41.833 2691.896 80.61288
1052.45 2257.125 197.333 2719.896 81.65474
1053.54 2116.625 131.333 2600.896 80.39042
1054.62 2191.625 203.333 2626.896 82.04004
1055.71 2141.125 181.833 2650.896 79.35367
1056.8 2282.625 261.833 2600.896 86.39323
1057.88 2008.125 105.333 2311.896 86.2333
1058.97 1930.625 165.833 2337.396 81.26829
1060.06 2210.125 360.833 2489.896 86.85944
1061.14 1837.125 99.333 2068.396 88.25478
1062.23 2576.625 781.333 2730.396 92.11053
1063.31 1874.625 185.333 2084.396 88.95398
1064.4 1693.125 66.333 1901.896 88.62633
1065.48 1713.625 148.333 1942.896 87.22414
1066.57 1557.625 79.833 1808.896 85.4678
1067.65 1617.125 210.833 1857.896 85.3818
1068.74 1447.125 58.333 1726.896 83.23282
1069.82 1467.625 209.833 1716.396 83.48752
1070.9 2437.125 1117.333 2755.396 80.57029
1071.99 1474.625 198.833 1714.896 84.15165
1073.07 1381.125 154.833 1615.396 83.96023
1074.15 1442.625 187.833 1621.896 87.49909
1075.24 1339.625 193.833 1580.896 82.60562
1076.32 1373.125 239.333 1584.896 84.26154
1077.4 1623.125 478.833 1821.896 85.20018
1078.49 1159.125 43.333 1345.896 85.66127
1079.57 1376.625 275.333 1493.896 90.37629
1080.65 1512.625 398.333 1624.896 90.84671
1081.73 1175.125 114.833 1305.896 89.02065
1082.81 1049.125 -13.167 1169.396 89.82964
1083.89 1236.125 227.833 1351.896 89.70067
1084.98 1176.625 212.833 1323.396 86.7841
1086.06 938.625 48.333 1083.896 85.97179
1087.14 951.125 25.333 1130.396 83.77731
1088.22 1072.625 168.833 1226.396 85.45988
1089.3 855.625 -23.167 993.396 86.44738
1090.38 1301.625 484.333 1528.396 78.27995
1091.46 1060.625 224.333 1222.896 83.74955
1092.54 892.125 71.833 1040.896 84.64796
1093.62 898.625 116.833 1074.396 81.64393
1094.7 720.625 23.333 953.396 74.97256
1095.78 854.125 119.333 1022.896 81.32162
1096.86 901.125 153.833 1019.896 86.28612
1097.93 1264.125 515.333 1384.396 86.16085
1099.01 1047.625 321.833 1146.896 87.96808
1100.09 772.625 49.333 833.396 92.24924
