196.55 759.937 972.948 1339.379 -58.13113
197.76 1051.868 1427.472 1995.603 -66.11203
198.96 1000.777 1340.45 1803.191 -73.40483
200.16 636.828 796.077 1227.164 -36.94131
201.36 1154.294 1587.379 2062.06 -91.2371
202.56 811.987 990.115 1401.163 -43.33507
203.76 694.731 849.94 1265.984 -37.30592
204.96 808.474 932.264 1411.806 -25.81436
206.16 517.751 712.367 946.298 -83.19309
207.36 937.742 1181.173 1687.519 -48.07589
208.56 795.188 1052.507 1476.29 -60.71937
209.76 593.88 637.704 982.138 -12.72364
210.96 668.826 888.539 1380.408 -44.66876
212.16 1414.985 2056.997 2537.841 -133.51789
213.36 895.786 1126.644 1600.47 -48.72223
214.56 752.575 890.479 1274.997 -35.86424
215.76 1271.731 1834.94 2402.485 -99.23608
216.96 1055.727 1568.862 2050.473 -106.54567
218.16 810.087 985.792 1447.599 -38.04721
219.35 607.795 716.838 1152.749 -25.01498
220.55 713.387 872.359 1328.661 -34.83927
221.75 686.081 810.596 1150.265 -36.65779
222.95 1088.021 1461.314 1932.768 -79.17889
224.15 892.623 1090.029 1574.459 -40.75012
225.35 746.711 782.472 1287.36 -7.08302
226.55 606.931 792.831 1188.111 -47.02989
227.75 1017.021 1378.814 1879.768 -72.22061
228.94 831.88 1122.204 1555.138 -67.05985
230.14 792.648 919.113 1379.351 -27.47803
231.34 652.78 847.028 1265.702 -46.39588
232.54 645.372 780.549 1133.115 -38.34094
233.74 660.091 805.869 1171.11 -39.91295
234.93 689.119 791.951 1221.947 -23.91464
236.13 798.146 951.574 1439.095 -31.47093
237.33 768.401 930.131 1313.452 -42.19194
238.53 697.979 887.381 1239.073 -53.85422
239.72 979.46 1373.993 1901.015 -74.86062
240.92 599.924 562.676 918.088 10.48018
242.12 913.158 1152.807 1622.13 -51.06261
243.31 642.058 755.63 1186.695 -26.34691
244.51 536.824 627.0 952.653 -27.69064
245.71 1017.976 1278.803 1722.062 -58.84321
246.9 1167.824 1688.0 2212.153 -99.24117
248.1 763.958 950.954 1448.759 -37.56395
249.3 791.589 982.33 1398.854 -45.79365
250.49 701.679 893.313 1321.511 -44.75356
251.69 931.284 1049.106 1539.214 -24.0399
252.89 737.989 916.154 1388.919 -37.6857
254.08 516.88 579.204 954.138 -16.62281
255.28 771.639 976.919 1400.072 -48.51194
256.47 591.378 577.666 955.382 3.63034
257.67 879.263 1159.099 1530.833 -75.2787
258.86 962.889 1172.898 1590.417 -50.29934
260.06 767.997 917.809 1356.442 -34.1544
261.26 1115.69 1459.546 1914.546 -75.57254
262.45 790.6 939.063 1294.389 -41.78218
263.65 507.171 565.158 907.488 -16.93872
264.84 887.962 1081.531 1469.771 -49.8582
266.04 663.489 804.154 1217.419 -34.03744
267.23 509.353 487.661 823.556 6.45802
268.42 614.192 706.584 1015.802 -29.87941
269.62 749.604 882.641 1322.401 -30.25213
270.81 778.018 959.736 1397.256 -41.53371
272.01 806.736 923.056 1333.752 -28.32265
273.2 852.302 1164.034 1567.583 -77.2478
274.4 582.681 664.852 908.767 -33.68829
275.59 826.819 1028.883 1499.385 -42.94661
276.78 759.608 892.718 1361.913 -28.37004
277.98 712.221 772.746 1191.206 -14.46369
279.17 689.698 903.201 1285.069 -55.91009
280.37 699.254 837.985 1198.621 -38.46842
281.56 529.457 528.915 926.504 0.1362
282.75 589.031 617.508 1021.047 -7.05672
283.95 626.627 801.186 1237.537 -40.00411
285.14 753.491 863.193 1247.675 -28.53234
286.33 542.813 700.267 1012.118 -50.49014
287.52 787.53 948.548 1368.358 -38.35518
288.72 866.434 1136.95 1615.434 -56.53595
289.91 990.273 1410.373 1957.179 -76.82796
291.1 810.098 1007.024 1453.634 -44.09361
292.29 803.194 997.623 1395.057 -48.92107
293.49 736.357 1044.239 1446.568 -76.52478
294.68 583.317 729.845 997.629 -54.71845
295.87 655.102 803.102 1201.145 -37.18187
297.06 788.637 940.38 1418.817 -31.71644
298.26 407.263 420.179 733.9 -4.11688
299.45 658.558 789.13 1098.195 -42.24755
300.64 674.887 822.859 1190.661 -40.23151
301.83 734.28 857.028 1294.202 -28.0775
303.02 580.661 630.384 1057.142 -11.6513
304.21 879.941 1123.525 1573.39 -54.14609
305.4 737.705 875.356 1160.092 -48.34317
306.59 751.878 920.166 1316.882 -42.42012
307.79 708.054 803.053 1187.683 -24.69861
308.98 516.148 579.113 932.851 -17.79973
310.17 881.822 966.081 1430.275 -18.1518
311.36 768.735 857.597 1178.563 -27.68581
312.55 1106.329 1560.657 2066.731 -89.77502
313.74 546.545 584.359 957.404 -10.13654
314.93 802.688 1009.007 1474.29 -44.34254
316.12 693.282 787.067 1192.958 -23.10584
317.31 452.725 406.823 740.217 13.76795
318.5 518.545 574.859 920.404 -16.2971
319.69 700.451 830.799 1262.736 -30.17746
320.88 641.972 736.225 1134.55 -23.66254
322.07 604.995 607.271 993.686 -0.58888
323.26 604.477 607.342 935.817 -0.87204
324.45 498.957 447.415 793.504 14.89259
325.64 660.903 766.749 1195.274 -24.70014
326.83 822.598 996.024 1395.634 -43.39893
328.01 651.549 738.436 1110.916 -23.32684
329.2 805.554 976.053 1403.683 -39.87049
330.39 625.137 727.38 1086.817 -28.44537
331.58 569.593 542.908 969.366 6.25727
332.77 937.51 1253.081 1742.233 -64.51381
333.96 439.043 448.82 671.648 -4.38768
335.15 538.004 524.964 868.466 3.7962
336.33 533.593 590.908 878.866 -19.90406
337.52 633.457 719.415 1040.504 -26.77097
338.71 596.777 710.45 1050.191 -33.45904
339.9 545.524 614.932 995.09 -18.25764
341.08 595.355 688.2 1067.812 -24.45778
342.27 766.55 879.475 1376.672 -22.71226
343.46 919.654 1063.729 1446.619 -37.62839
344.65 805.154 897.229 1356.119 -20.06479
345.83 868.11 983.257 1460.668 -24.11915
347.02 495.974 470.264 791.306 8.00812
348.21 841.192 1021.584 1513.302 -36.68618
349.4 497.278 462.989 862.946 8.57323
350.58 633.348 718.045 1108.789 -21.67585
351.77 628.091 575.369 941.11 14.41498
352.96 423.874 324.088 698.37 26.66067
354.14 636.503 619.926 1114.21 3.35372
355.33 543.558 536.13 920.695 1.93148
356.51 439.078 387.098 701.82 16.51611
357.7 659.833 679.734 1173.743 -4.02866
358.89 566.947 511.721 949.225 12.62299
360.07 830.441 915.105 1399.957 -17.46166
361.26 884.902 1061.79 1572.085 -34.66392
362.44 677.569 733.483 1177.108 -12.60406
363.63 651.693 481.743 950.435 36.26047
364.81 705.86 531.437 1069.458 32.41947
366.0 452.046 276.518 729.538 38.74622
367.18 1197.837 1403.392 2092.821 -29.81519
368.37 624.996 529.85 875.253 27.54623
369.55 728.597 737.065 1246.445 -1.66245
370.74 872.461 911.572 1458.582 -7.15001
371.92 980.586 1158.332 1668.41 -34.84702
373.11 605.982 476.078 1016.963 24.01695
374.29 582.149 421.772 908.985 32.91732
375.48 649.854 531.741 1060.623 22.33259
376.66 571.277 441.53 902.257 28.16137
377.84 944.496 953.85 1582.253 -1.4886
379.03 619.369 405.051 908.67 42.5556
380.21 509.442 332.184 747.024 42.72923
381.39 565.398 266.212 675.074 73.17533
382.58 888.187 816.548 1409.101 12.08996
383.76 1107.88 1148.784 1715.705 -7.21502
384.94 1135.193 1254.164 1936.868 -17.42646
386.13 682.21 426.593 963.237 47.63255
387.31 798.95 618.339 1185.047 31.87008
388.49 776.624 474.688 1029.093 54.46132
389.68 943.273 637.952 1263.246 48.82843
390.86 933.501 567.466 1204.521 57.4574
392.04 1126.377 982.706 1677.693 20.67239
393.22 888.001 445.466 1111.021 66.49117
394.41 848.852 473.202 1085.367 61.36414
395.59 733.819 193.463 865.952 80.3517
396.77 1017.467 552.689 1295.349 62.58282
397.95 1098.643 637.576 1375.151 62.51123
399.13 1341.921 792.678 1560.643 71.5192
400.31 1117.025 447.511 1233.657 85.16399
401.5 1158.13 626.304 1514.36 59.8865
402.68 1322.398 734.712 1616.074 66.6793
403.86 1110.909 434.445 1296.108 78.50679
405.04 1460.288 807.263 1861.292 61.95516
406.22 1233.038 367.783 1341.448 88.86577
407.4 1560.71 697.013 1747.671 82.20534
408.58 1659.948 814.301 1875.791 79.66599
409.76 1610.082 947.755 2029.398 61.2334
410.94 1414.001 624.466 1721.521 71.96861
412.12 1433.386 502.9 1505.972 92.76365
413.3 1445.053 359.093 1500.994 95.10103
414.48 1494.963 371.111 1363.838 113.20858
415.66 1615.016 445.277 1491.567 111.79875
416.84 2063.417 1233.1 2392.132 71.63885
418.02 1693.952 623.378 1795.303 91.35171
419.2 1544.689 419.586 1512.357 102.95873
420.38 1609.683 583.97 1792.589 84.86652
421.56 1643.879 427.245 1581.949 105.36326
422.74 2050.584 1081.794 2295.154 79.84356
423.92 1906.457 865.995 2097.57 84.48222
425.1 1887.963 464.111 1706.838 114.57481
426.28 1820.3 405.995 1712.327 108.26533
427.46 2334.118 1356.492 2799.259 67.76051
428.63 1825.384 571.861 2000.716 87.72919
429.81 1932.662 687.964 1968.209 97.22343
430.99 1997.38 754.784 2180.705 87.14345
432.17 2305.156 1145.347 2523.941 84.12984
433.35 2181.018 827.316 2288.823 92.62373
434.52 1995.122 155.069 1442.77 142.89441
435.7 2190.476 376.383 1827.128 125.04558
436.88 2358.099 840.104 2306.7 103.50461
438.06 2183.12 552.531 2072.014 107.31206
439.23 2085.645 399.115 1956.406 108.29891
440.41 2272.033 594.126 2298.869 98.42581
441.59 2392.955 828.456 2548.315 90.96674
442.77 2415.263 276.679 1951.4 127.69793
443.94 2791.329 760.657 2663.231 106.73286
445.12 2943.928 769.833 2568.167 120.895
446.3 3127.327 1093.118 2946.475 109.75807
447.47 3010.604 666.72 2632.968 119.20596
448.65 3030.783 720.646 2715.525 115.80336
449.82 2771.283 500.146 2418.525 118.38833
451.0 2948.24 609.213 2599.83 117.50262
452.18 3023.382 476.823 2644.96 117.45377
453.35 3346.511 530.16 2753.3 126.68348
454.53 3506.566 558.865 2819.285 130.40502
455.7 3769.514 334.238 2713.311 144.39557
456.88 4259.706 945.935 3424.159 133.71556
458.05 4152.289 591.763 3040.792 145.38517
459.23 3922.88 315.784 2806.205 144.83884
460.4 4184.511 580.16 3298.8 132.5792
461.58 4221.024 719.432 3462.09 127.67146
462.75 4061.428 315.333 3204.667 129.65257
463.93 4338.331 628.696 3520.987 128.25939
465.1 4547.597 525.065 3629.945 129.55518
466.28 4708.259 218.101 3243.888 148.39636
467.45 4948.011 146.66 3291.8 152.65938
468.63 5478.561 523.249 3846.018 149.132
469.8 5783.563 870.287 4222.273 146.57803
470.97 5708.106 405.259 3823.724 155.12366
472.15 5628.081 595.675 4138.332 142.05177
473.32 5787.259 704.601 4322.388 140.49081
474.49 5938.482 859.499 4671.896 133.22282
475.67 5747.304 507.573 4177.839 142.76161
476.84 5864.167 327.08 4088.476 147.20831
478.01 6360.656 636.347 4688.941 141.25049
479.19 6731.311 548.728 4557.862 154.21244
480.36 6885.574 309.02 4472.808 157.94641
481.53 7207.204 596.897 4836.903 155.90323
482.7 7313.715 497.129 4733.938 160.88964
483.88 7209.177 275.774 4583.755 160.9432
485.05 7263.706 361.935 4823.659 154.68843
486.22 7141.911 478.405 4938.797 149.39281
487.39 6968.738 333.595 4795.508 148.70625
488.56 7095.612 485.876 5021.991 145.71358
489.74 7402.355 897.2 5619.313 137.75942
490.91 7205.307 242.651 4990.851 146.63781
492.08 7530.612 375.876 5230.491 147.38009
493.25 7872.583 278.714 5092.587 157.74968
494.42 8338.859 476.778 5228.824 165.44624
495.59 8476.949 417.26 5317.48 164.47605
496.76 8604.425 465.756 5367.155 166.04788
497.93 8610.39 610.478 5616.483 159.80629
499.1 8591.585 572.753 5591.843 159.76666
500.27 8481.087 1040.792 6267.099 142.36238
501.44 8513.302 1228.534 6296.083 143.75328
502.61 8019.08 423.137 5408.076 152.37785
503.78 8245.185 629.929 5761.278 148.40649
504.95 8713.708 1123.474 6516.415 140.74387
506.12 8513.412 696.943 5888.053 150.57413
507.29 8707.627 335.186 5433.538 164.21859
508.46 8856.035 32.165 5307.125 167.27842
509.63 9606.035 1258.165 6645.125 154.9644
510.8 10068.306 1179.612 6671.095 161.86327
511.97 9532.712 558.552 5824.426 170.42108
513.14 9594.28 258.528 5792.702 168.69278
514.31 9605.721 785.746 6241.206 161.67244
515.48 9293.37 495.01 6045.359 158.51905
516.65 9262.031 525.087 6124.614 156.03005
517.81 9078.814 355.806 5922.374 156.70354
518.98 9421.027 695.01 6349.102 154.331
520.15 9199.558 161.13 5858.695 158.63668
521.32 9709.941 703.605 6464.457 156.33688
522.49 10680.507 1502.503 7468.221 153.84575
523.65 10799.545 1158.859 7184.404 159.9969
524.82 10846.804 638.073 6545.839 172.80188
525.99 10861.734 78.517 6017.496 181.56686
527.16 11288.746 631.25 6882.031 170.49864
528.32 11405.945 730.182 7018.969 169.75871
529.49 11513.17 411.619 6654.732 177.82076
530.66 11444.251 114.367 6539.298 176.34249
531.82 11472.298 180.957 6592.071 176.12134
532.99 11355.177 320.274 6997.255 165.26784
534.16 11610.767 444.256 7148.912 166.54861
535.32 11943.729 794.401 7641.229 162.83932
536.49 12067.593 294.408 7207.866 170.29371
537.65 12819.575 1011.059 8080.564 167.03455
538.82 12890.861 321.816 7430.58 176.81057
539.99 13585.947 642.721 8076.725 174.10842
541.15 14013.34 818.39 8357.766 175.01382
542.32 14425.232 147.979 7854.74 185.2562
543.48 15721.832 811.155 8785.676 186.97897
544.65 15901.065 992.785 8917.718 188.1187
545.81 16775.588 1483.292 10133.099 176.7935
546.98 16486.783 503.106 9285.714 181.99238
548.14 17058.088 783.792 9857.099 179.36455
549.31 16645.273 402.873 9415.179 180.22469
550.47 17056.412 469.443 9763.554 178.46753
551.63 17763.314 914.806 10766.874 171.01494
552.8 17747.35 454.584 10034.545 180.50977
553.96 18111.682 459.852 10240.767 180.47218
555.13 18645.277 391.45 10690.69 177.2347
556.29 19769.691 934.084 11394.302 180.06898
557.45 20091.98 274.46 10552.64 192.81158
558.62 21040.186 523.468 11224.534 191.72592
559.78 21778.283 771.606 11627.214 193.50991
560.94 21600.414 371.982 11276.809 194.67006
562.11 22718.875 391.088 11510.37 200.80241
563.27 22909.551 157.975 11361.672 203.07204
564.43 22732.047 32.397 11656.66 195.27819
565.59 22976.295 205.838 12004.749 192.98779
566.76 23333.303 351.073 12192.839 194.07772
567.92 23430.842 571.349 12448.455 192.46686
569.08 23647.508 715.042 13216.978 183.43132
570.24 23448.756 352.024 12896.877 184.11321
571.4 23806.908 226.366 12819.042 187.256
572.57 24107.977 367.342 13100.317 186.45001
573.73 24489.598 55.524 13072.134 187.71458
574.89 25334.516 452.697 13544.0 190.06373
576.05 25908.172 476.158 13770.987 191.29252
577.21 26260.584 157.714 13514.587 195.42651
578.37 27020.459 18.954 13640.76 198.22265
579.53 28053.285 193.644 13978.47 202.10369
580.69 28492.145 597.535 14724.34 197.45873
581.85 28870.139 351.919 14327.072 204.06373
583.01 29227.137 401.88 14435.816 205.3968
584.17 29347.088 484.83 14656.854 203.65657
585.33 29430.234 572.517 14948.496 200.73567
586.49 29695.131 377.763 14735.049 204.19854
587.65 29432.859 573.278 15187.824 197.47162
588.81 29546.916 566.521 15553.064 193.37611
589.97 29790.367 929.433 15628.847 196.34072
591.13 28965.574 421.02 15287.808 192.00217
592.29 29364.146 336.574 15254.096 194.5871
593.45 29734.238 213.595 14965.508 200.114
594.61 29836.211 134.052 15178.927 197.42377
595.77 29782.822 196.961 15395.896 194.65746
596.93 30161.713 91.091 14998.683 201.71348
598.09 30591.086 382.753 15545.343 199.22937
599.24 31009.281 138.067 15446.458 201.66204
600.4 31408.131 291.763 15433.549 205.49999
601.56 31394.684 233.39 15322.522 206.51482
602.72 31762.83 368.616 15465.42 207.95272
603.87 32288.443 473.064 15310.146 214.43151
605.03 31543.83 232.116 15238.92 208.65012
606.19 31353.553 148.514 14826.428 212.5986
607.35 31047.146 -3.926 15131.096 205.16041
608.5 30915.141 594.457 15492.328 203.5236
609.66 31083.15 989.651 15859.107 202.38467
610.82 30337.451 146.299 15137.236 201.39603
611.97 29758.191 125.084 14915.802 200.34936
613.13 30100.428 573.754 15514.6 197.62384
614.29 29761.961 496.993 15383.016 196.5936
615.44 29719.326 717.539 15456.908 196.7641
616.6 30162.104 180.141 14843.401 204.46996
617.76 30083.324 663.0 15414.652 199.43748
618.91 30793.521 726.314 15170.268 208.16466
620.07 30470.373 641.049 15204.114 204.82861
621.22 30571.781 17.567 14577.958 209.84474
622.38 31707.691 1061.084 15637.302 210.25075
623.53 31049.408 78.366 14625.542 212.90072
624.69 31469.922 112.137 14268.832 221.50499
625.84 31372.508 217.542 14299.978 221.2328
627.0 31371.662 488.964 14831.709 215.3193
628.15 31168.102 -0.398 14734.646 211.52635
629.31 30776.082 318.175 14728.331 211.36417
630.46 30864.686 -23.532 14344.034 214.98573
631.61 30536.74 374.134 14629.264 211.59124
632.77 30894.809 228.189 14833.106 209.97462
633.92 30333.137 495.38 14691.816 210.17779
635.08 30400.486 949.577 15177.407 206.99508
636.23 30755.414 308.482 14744.809 210.90498
637.38 29744.779 -74.511 14334.446 206.94968
638.54 30219.449 654.76 15135.48 204.16587
639.69 30208.432 936.831 15459.111 201.56339
640.84 30534.291 490.402 14738.753 210.85871
641.99 30102.635 97.409 14039.882 215.20735
643.15 31036.479 816.916 14835.512 215.56768
644.3 30420.822 95.422 14179.142 215.32238
645.45 30781.166 -58.071 14110.771 217.6553
646.6 31207.51 811.436 15075.401 213.09694
647.75 31291.854 161.942 14418.031 218.36221
648.91 31806.697 -136.551 13971.661 226.41599
650.06 31485.041 225.455 14825.291 214.10916
651.21 32220.885 417.462 14565.42 224.79161
652.36 32239.229 450.969 14709.05 222.94908
653.51 31502.572 101.475 14213.68 222.51022
654.66 31604.416 273.982 14861.81 214.77108
655.81 32227.26 651.989 15048.939 219.31916
656.96 31808.604 69.495 14402.569 221.43965
658.11 32065.947 365.002 14800.199 219.60868
659.27 31888.291 531.009 14925.328 217.84484
660.42 31601.135 29.015 14459.958 218.78071
661.57 32253.479 421.022 14835.088 220.84301
662.72 30915.322 -139.971 14611.718 210.52026
663.87 31968.166 -99.965 14122.848 225.46969
665.01 31931.01 316.042 14693.978 219.88531
666.16 32858.352 41.049 14739.607 223.26885
667.31 32944.195 95.555 14982.237 220.6579
668.46 33597.539 760.562 15722.366 219.47204
669.61 33284.883 206.069 15547.996 215.61055
670.76 34280.227 4.575 15214.626 225.3487
671.91 35098.07 769.582 16378.756 219.92508
673.06 36092.414 519.589 16014.886 229.57175
674.21 34989.258 -161.405 15583.016 223.2579
675.35 35771.602 284.102 15720.146 229.90023
676.5 35507.445 167.609 15849.774 225.35049
677.65 36292.289 72.615 15783.904 230.5328
678.8 35726.633 -110.878 15727.034 226.27674
679.94 37170.977 40.629 16048.164 231.95543
681.09 38205.82 370.135 17049.793 226.8373
682.24 38564.164 363.142 17513.924 222.73633
683.39 38366.008 -1.851 17222.553 222.7529
684.53 39265.852 558.155 17196.684 232.63894
685.68 38772.695 214.662 17614.813 221.59598
686.83 39218.039 301.169 17607.443 224.87145
687.97 38986.883 298.175 17622.072 223.32566
689.12 39687.227 178.182 17514.703 227.89488
690.27 38617.07 68.189 17408.832 222.30364
691.41 39983.914 468.195 17969.961 225.78133
692.56 39134.258 358.702 17742.592 223.05454
693.7 40358.102 378.709 17681.721 231.05453
694.85 39970.445 48.215 17192.852 232.85551
695.99 40218.289 398.222 17794.98 228.8936
697.14 39878.133 184.229 17551.111 228.5609
698.28 40271.477 342.735 18251.74 222.95343
699.43 40332.32 391.242 18390.369 221.90564
700.57 40891.164 -74.251 17710.5 230.34011
701.72 41109.008 -50.745 17219.129 238.33268
702.86 40853.352 -107.738 17549.26 231.98219
704.01 41946.695 50.269 17415.389 241.2677
705.15 42199.539 433.275 18332.02 233.34745
706.29 42260.883 126.782 17723.648 239.44093
707.44 42622.227 171.288 18374.777 233.20221
708.58 42608.07 -124.205 17936.408 236.60479
709.72 43248.414 629.302 18731.037 235.44214
710.87 42611.254 -137.192 17783.168 238.54681
712.01 42543.098 0.315 17644.297 241.11781
713.15 43364.441 217.322 18427.928 236.93401
714.3 42891.285 348.828 17921.557 242.09364
715.44 42724.129 92.335 18611.186 230.20756
716.58 43351.473 277.342 18420.816 237.40839
717.72 42747.816 52.848 18398.945 232.71963
718.87 43773.16 240.855 18262.076 241.56135
720.01 42116.004 117.362 18078.205 233.83447
721.15 42673.848 -54.132 17879.836 238.25168
722.29 42246.191 345.875 18022.965 237.03176
723.43 43029.535 498.882 18553.596 235.56537
724.57 43086.879 450.388 18287.225 239.03617
725.72 42711.223 244.895 18067.354 238.27424
726.86 43295.066 678.902 18459.484 239.67811
728.0 42666.91 164.408 17772.113 241.38581
729.14 43613.754 -2.085 17477.244 249.52811
730.28 42518.098 481.422 17805.373 242.65062
731.42 43664.441 10.928 17753.004 246.04513
732.56 43929.785 722.435 18545.133 242.42879
733.7 43494.129 386.942 18597.262 236.71845
734.84 43939.473 -127.052 17331.393 252.40808
735.98 42907.316 148.955 17932.521 240.43749
737.12 43941.66 -3.038 17789.152 246.98869
738.26 43237.004 17.468 17486.281 247.40969
739.4 44239.348 228.475 17917.912 248.79747
740.53 43150.691 407.482 18162.541 240.7382
741.67 43299.035 273.488 17733.67 246.42096
742.81 44220.879 -222.505 17185.301 255.30721
743.95 43091.723 241.002 17969.93 241.69945
745.09 43400.566 19.508 17370.561 250.01975
746.23 43571.41 399.515 17605.189 250.91661
747.36 43292.754 453.522 17477.32 251.6432
748.5 43250.598 60.028 17069.949 253.91399
749.64 42019.441 25.035 17006.078 247.30169
750.78 42425.785 -5.458 16833.209 251.98694
751.92 42430.629 74.548 16909.838 251.59104
753.05 41541.473 155.555 16258.969 257.0009
754.19 42335.316 635.562 16783.098 258.24221
755.33 41029.16 -151.932 16117.228 253.12366
756.46 40446.004 245.075 16057.357 254.23862
757.6 40347.848 82.082 15697.487 257.85924
758.74 40151.191 562.088 16315.617 251.30308
759.87 39765.535 244.595 16092.247 249.38041
761.01 38466.379 271.102 15563.377 249.76844
762.14 39631.723 234.608 15825.006 252.70115
763.28 39757.066 408.115 15272.136 264.72616
764.41 38998.91 249.121 15157.766 259.91491
765.55 39050.254 -123.872 14748.896 263.395
766.69 37675.598 289.635 15202.025 250.70402
767.82 38263.441 266.641 15014.155 257.64885
768.95 37787.281 26.148 14525.285 260.43711
770.09 37324.125 737.655 15281.915 251.55264
771.22 38210.469 661.661 15275.044 256.94809
772.36 37858.313 504.168 14678.674 263.53049
773.49 36964.656 489.175 14838.804 254.19111
774.63 36658.0 196.181 14003.434 264.0773
775.76 35189.344 154.688 13969.563 253.60095
776.89 36621.688 428.195 14067.693 265.35794
778.03 36179.031 360.201 13450.823 273.62207
779.16 35401.875 8.708 13358.952 265.11251
780.29 34843.219 308.215 13035.582 271.34444
781.43 34804.563 606.221 13093.712 273.8608
782.56 33860.906 315.228 13181.842 260.71878
783.69 33620.75 11.735 12475.972 269.64358
784.82 33096.594 233.241 12821.602 261.06142
785.96 32718.938 116.748 12587.731 261.42437
787.09 31846.281 204.255 12186.361 264.07732
788.22 32366.625 394.261 12237.99 269.95184
789.35 32027.969 157.768 11739.62 275.17361
790.48 31596.313 142.275 12009.25 265.05522
791.62 30778.656 580.281 11944.38 265.73489
792.75 30554.0 5.288 11194.01 273.0313
793.88 29730.844 737.795 11788.14 262.37234
795.01 29968.688 353.801 11355.77 269.17807
796.14 30157.531 404.808 11514.898 267.79911
797.27 28741.875 493.815 11487.528 256.94739
798.4 29167.719 283.321 10909.158 271.83174
799.53 28145.063 -4.672 10310.788 272.88879
800.66 27498.906 316.335 10739.418 260.79204
801.79 29093.25 1276.841 11846.548 263.17106
802.92 27805.594 199.848 10216.178 275.6074
804.05 26955.438 381.855 10327.308 267.19329
805.18 27487.781 290.861 10017.937 279.60018
806.31 27298.125 215.868 9756.066 283.87519
807.44 26746.969 -64.625 9580.196 277.98953
808.57 27052.813 400.381 10089.826 275.06665
809.69 26593.656 400.888 9940.456 274.56975
810.82 25077.0 -163.605 9102.586 272.39461
811.95 26646.844 988.401 10112.216 281.22494
813.08 25396.686 103.908 8928.345 286.622
814.21 25196.029 1064.915 10169.975 265.02972
815.33 25660.373 282.921 9203.104 284.49473
816.46 24253.717 308.928 9013.734 275.07549
817.59 23919.061 847.435 9490.864 266.92675
818.72 24193.904 504.441 8670.494 290.09686
819.84 23846.748 896.448 9116.124 279.21173
820.97 22778.592 446.454 8550.754 275.55913
822.1 22747.436 593.961 8538.383 278.85572
823.22 21940.779 -30.532 7767.513 281.7541
824.35 22182.623 92.474 7844.143 284.97284
825.48 22162.467 574.481 7850.272 296.7098
826.6 21304.311 310.488 7455.902 293.80832
827.73 20983.654 -144.506 7245.032 285.91993
828.85 21127.998 268.501 7361.662 294.07902
829.98 20805.342 610.008 7638.292 287.34375
831.11 20851.686 70.014 6945.921 302.23898
832.23 20482.029 81.521 6962.051 296.49619
833.36 20385.873 524.528 7592.181 281.01755
834.48 19539.717 259.034 6894.811 290.55655
835.6 19860.561 482.041 7014.94 296.6297
836.73 19619.904 -7.952 6711.07 292.12371
837.85 18854.248 535.054 6989.7 283.8141
838.98 19168.592 -104.439 6228.33 304.33815
840.1 19234.436 458.568 6766.959 297.63322
841.23 18329.277 371.074 6570.589 289.67112
842.35 19095.621 720.581 7111.219 287.53062
843.47 18566.465 248.588 6354.849 299.98517
844.6 17678.309 26.594 6149.978 288.26732
845.72 18191.152 155.101 6077.608 304.53407
846.84 18267.496 134.608 5955.738 311.50117
847.96 17824.34 139.114 5813.368 311.67494
849.09 17735.684 58.121 5820.497 306.77558
850.21 17720.027 232.628 5935.127 306.66202
851.33 17549.871 385.134 5976.757 306.97238
852.45 16796.715 25.141 5610.387 300.28354
853.57 16532.559 232.148 5832.016 291.0856
854.7 16089.402 67.654 5477.146 296.17844
855.82 15934.746 -0.339 5659.776 281.53289
856.94 16556.09 485.168 5827.405 300.82754
858.06 15665.934 -64.326 5132.035 302.71684
859.18 16012.777 425.181 5653.165 298.15692
860.3 16303.621 244.688 5345.295 314.84356
861.42 15636.465 -89.306 5013.424 308.18347
862.54 15088.308 -65.799 4962.554 301.37315
863.66 15037.151 50.708 4975.184 304.32562
864.78 15234.995 186.714 5073.814 307.91843
865.9 15350.839 244.221 5222.943 303.42358
867.02 15785.183 1277.228 6443.073 280.84376
868.14 15589.526 879.234 5701.203 305.06817
869.26 14663.87 575.741 5163.833 307.05855
870.38 14277.714 -90.252 4456.962 315.97289
871.5 14229.558 -94.746 4453.592 314.93489
872.62 14047.901 69.761 4578.222 310.04237
873.74 14410.745 699.268 5511.852 284.90884
874.85 13699.917 40.271 4430.417 311.14335
875.97 13693.917 286.271 4564.417 313.39854
877.09 13941.417 373.271 4811.917 305.68212
878.21 13130.917 220.771 4370.917 311.07694
879.33 13198.917 334.771 4641.417 298.70454
880.44 13280.417 254.771 4375.417 316.10692
881.56 12869.917 111.271 4114.417 318.71551
882.68 13034.917 256.271 4367.917 310.79152
883.79 13392.417 826.771 4988.417 301.93936
884.91 12794.917 -58.229 3702.917 341.73484
886.03 12679.917 456.271 4455.417 305.65644
887.14 12902.917 659.271 4800.417 295.65843
888.26 12867.917 777.271 4809.917 299.8192
889.38 13416.917 636.271 4577.417 324.28758
890.49 12765.917 -89.729 4014.417 313.2356
891.61 13418.417 307.771 4176.917 338.85119
892.72 12824.917 -13.229 4058.417 315.30606
893.84 13077.417 -99.229 3906.917 328.91079
894.95 13240.917 -87.229 3941.917 330.79334
896.07 13474.417 152.271 4075.417 339.57815
897.18 13192.417 384.271 4307.417 326.47644
898.3 12667.417 -41.229 3881.917 323.94019
899.41 13123.917 577.271 4446.917 324.23243
900.53 13016.917 335.771 4029.417 343.32328
901.64 12421.917 462.271 4350.417 307.59254
902.75 12532.417 262.771 4055.917 323.46887
903.87 12210.417 116.771 3876.417 321.66982
904.98 12648.417 403.771 4044.917 336.28551
906.09 12119.417 235.771 3943.917 320.47407
907.21 11939.417 438.771 3919.917 330.36955
908.32 11717.417 198.271 3488.417 350.11049
909.43 11452.417 650.771 3977.917 324.65201
910.54 11272.417 280.271 3820.917 310.45596
911.66 11514.917 1160.771 4581.417 302.69567
912.77 10686.417 85.771 3214.417 338.82537
913.88 10710.417 300.271 3645.417 311.20156
914.99 10269.417 69.271 3371.417 308.89447
916.1 10901.917 349.771 3617.417 322.92808
917.22 10396.417 58.771 2918.417 361.50092
918.33 10305.917 688.771 3724.917 316.75507
919.44 10136.917 270.271 3384.417 316.83314
920.55 10451.917 660.771 3674.417 324.89371
921.66 9830.417 428.771 3272.917 330.56132
922.77 9794.917 488.271 3282.417 333.0766
923.88 9992.917 623.271 3542.917 320.91721
924.99 9531.917 373.771 3227.417 320.92791
926.1 8797.917 -11.229 2623.917 334.29444
927.21 8986.917 652.771 3484.417 294.32162
928.32 8591.917 -84.729 2456.417 341.4462
929.43 8513.917 251.771 2756.917 329.80698
930.54 8310.417 111.271 2439.417 352.17493
931.65 8120.417 266.271 2607.917 335.41133
932.76 8050.417 381.771 2750.917 323.6882
933.86 7804.417 302.271 2464.417 346.97685
934.97 7624.417 113.771 2305.417 342.6943
936.08 7273.917 164.771 2138.417 360.2037
937.19 6973.417 708.271 2768.917 304.03795
938.3 6161.417 472.271 2273.917 315.77491
939.4 5673.917 674.771 2431.417 284.58471
940.51 5268.917 305.271 1864.417 318.35674
941.62 5041.417 503.771 1984.417 306.46396
942.73 5258.917 1102.771 2513.917 294.52275
943.83 4565.417 302.771 1592.417 330.52841
944.94 4505.917 338.271 1721.417 301.31644
946.05 4300.917 -35.729 1180.417 356.58929
947.15 4620.417 -25.729 1255.417 362.6555
948.26 4651.417 228.771 1623.917 317.0024
949.36 4802.917 98.271 1469.917 342.99275
950.47 4859.417 326.771 1819.917 303.5635
951.57 5291.417 844.771 2349.917 295.42954
952.68 5225.417 568.771 1976.417 330.81089
953.79 5120.417 439.271 2026.417 294.94113
954.89 4964.917 121.771 1668.417 313.13864
955.99 5136.917 391.271 2152.917 269.38703
957.1 5238.917 230.271 1637.417 355.94362
958.2 5253.417 271.271 1806.417 324.53893
959.31 5449.417 455.771 2090.917 305.3945
960.41 5046.917 130.271 1642.917 325.03615
961.52 5110.417 10.271 1452.917 353.52723
962.62 5276.417 493.771 1946.917 329.1236
963.72 4973.417 -50.729 1492.417 325.57816
964.83 5190.917 -70.729 1396.917 358.50923
965.93 5425.417 341.771 1883.917 329.64754
967.03 5480.417 714.271 2232.917 313.8418
968.13 5285.917 466.771 1975.417 319.4352
969.24 5128.917 175.771 1604.417 346.70215
970.34 5036.417 206.771 1605.917 345.1853
971.44 5098.417 265.771 1650.417 349.01675
972.54 5206.917 346.771 1881.917 316.5918
973.64 4725.417 142.271 1643.917 305.20817
974.75 5386.417 1069.771 2472.917 307.64055
975.85 6207.417 3162.271 4867.417 178.58566
976.95 4644.917 189.771 1479.917 345.3211
978.05 5062.417 525.771 1934.917 321.94296
979.15 5030.917 896.271 2298.917 294.77472
980.25 4386.917 99.771 1282.917 362.35143
981.35 4378.917 179.271 1406.417 342.22875
982.45 5082.917 891.771 2297.417 298.16511
983.55 4676.917 462.771 1760.417 324.75316
984.65 4741.417 418.271 1628.917 357.09418
985.75 4286.417 675.271 1828.917 313.02031
986.85 4202.417 372.271 1638.417 302.50432
987.95 4078.917 185.271 1345.917 335.47237
989.05 4220.917 783.271 2071.417 266.86772
990.15 4058.417 628.271 1710.417 316.97632
991.25 3850.417 443.271 1513.917 318.23279
992.34 4189.417 835.771 1982.917 292.34694
993.44 3899.917 478.271 1473.917 343.66097
994.54 3571.417 386.771 1334.417 336.05868
995.64 3684.917 731.271 1754.417 288.6828
996.74 3669.417 789.271 1829.917 276.76525
997.83 3268.417 73.771 1008.417 341.80282
998.93 3415.417 315.271 1299.917 314.84885
1000.03 3835.917 1230.771 2285.917 246.89912
1001.12 3488.917 704.771 1735.417 270.13605
1002.22 3429.417 729.271 1828.417 245.65857
1003.32 3107.917 272.271 1190.917 308.67675
1004.41 2995.417 467.271 1408.417 268.62426
1005.51 2881.917 402.771 1217.917 304.13528
1006.6 2703.417 188.771 987.917 314.6667
1007.7 2891.417 624.271 1470.917 267.77974
1008.8 2546.917 103.271 755.917 374.42143
1009.89 2756.917 577.771 1331.917 288.95552
1010.99 2873.917 384.771 1149.417 325.52928
1012.08 2666.917 47.271 826.417 336.22022
1013.18 2758.917 394.271 1240.917 279.29578
1014.27 2993.417 202.271 1009.417 345.8044
1015.36 2881.917 334.271 1124.417 322.42732
1016.46 2885.917 402.771 1194.917 313.47082
1017.55 2633.917 148.271 862.917 347.81506
1018.65 2688.417 496.771 1208.917 307.75242
1019.74 2785.917 586.771 1441.917 257.16619
1020.83 2631.917 505.271 1239.417 289.67624
1021.93 2484.417 280.271 1081.417 275.1242
1023.02 2202.917 38.271 740.917 308.07069
1024.11 2213.917 63.771 754.417 311.32394
1025.2 2122.917 88.271 722.417 320.84826
1026.3 2253.417 454.271 1131.917 265.49946
1027.39 2201.417 597.771 1268.417 239.11965
1028.48 2202.917 486.771 1072.417 293.03479
1029.57 1973.917 312.771 901.917 281.95833
1030.66 1965.917 451.771 1035.417 259.42889
1031.75 2421.417 1483.271 2155.917 139.47099
1032.84 2016.417 652.771 1237.417 233.24306
1033.94 1696.917 161.271 678.417 296.94636
1035.03 1927.917 773.771 1262.917 235.95128
1036.12 1430.417 90.271 614.917 255.43818
1037.21 1498.417 66.771 609.417 263.82691
1038.3 1818.917 522.771 1049.417 246.11338
1039.39 1426.417 153.271 549.417 321.38309
1040.48 1554.417 455.771 904.417 244.88041
1041.57 1614.917 616.271 1021.917 246.18661
1042.66 1517.917 441.771 862.917 255.52805
1043.74 1601.417 508.271 928.417 260.18246
1044.83 1442.417 543.271 974.917 208.30636
1045.92 1213.417 45.771 481.917 267.71913
1047.01 1501.417 617.771 1054.417 202.3713
1048.1 965.417 96.771 402.417 284.20014
1049.19 1319.917 502.271 822.417 255.39791
1050.27 1148.917 342.271 705.417 222.12722
1051.36 1119.917 305.271 681.417 216.57711
1052.45 1152.417 469.771 875.417 168.28615
1053.54 1107.917 466.771 758.417 219.83711
1054.62 1137.917 525.271 900.417 163.30869
1055.71 1126.917 467.771 822.917 185.59862
1056.8 1124.917 688.271 1055.917 118.76806
1057.88 962.417 328.771 652.417 195.78371
1058.97 1067.917 458.771 804.417 176.23408
1060.06 1255.417 834.771 1296.917 91.02015
1061.14 974.917 367.771 664.417 204.67027
1062.23 1601.417 1608.271 2089.917 -1.42309
1063.31 995.417 547.271 887.917 131.5577
1064.4 837.417 279.271 610.417 168.54986
1065.48 932.417 526.771 738.917 191.21082
1066.57 838.917 362.771 691.917 144.66105
1067.65 914.417 543.771 885.417 108.48832
1068.74 854.917 357.271 635.417 178.91543
1069.82 866.917 544.271 856.417 103.36381
1070.9 1753.417 2151.771 2635.417 -82.36481
1071.99 880.417 561.771 908.917 91.79019
1073.07 776.917 491.771 826.917 85.08112
1074.15 885.917 576.771 914.417 91.5592
1075.24 809.917 526.771 764.417 119.14614
1076.32 837.917 625.771 880.417 83.31016
1077.4 1120.417 963.771 1324.417 43.43481
1078.49 603.417 218.271 494.417 139.47191
1079.57 790.917 655.271 905.917 54.11853
1080.65 978.417 866.771 1207.917 32.72673
1081.73 658.917 382.771 651.417 102.79178
1082.81 524.417 238.271 479.917 118.41539
1083.89 689.917 548.771 799.417 56.31287
1084.98 729.917 533.271 847.417 62.59699
1086.06 532.917 267.771 470.917 130.51996
1087.14 527.417 283.771 487.417 119.64196
1088.22 633.917 524.771 765.417 45.35539
1089.3 518.417 261.771 458.417 130.51173
1090.38 995.917 1101.771 1433.417 -31.91785
1091.46 716.417 598.771 838.417 49.09155
1092.54 572.917 405.771 657.917 66.28935
1093.62 560.417 412.771 674.917 56.32202
1094.7 464.417 186.271 429.417 114.39465
1095.78 560.917 490.771 699.917 33.5392
1096.86 654.417 545.771 843.917 36.44051
1097.93 984.917 1146.271 1458.417 -51.69194
1099.01 745.917 802.271 1099.917 -18.93328
1100.09 478.417 334.271 492.917 90.86014
