196.55 759.609 586.267 768.672 95.03096
197.76 1023.991 838.596 1083.103 75.82387
198.96 948.986 775.589 917.878 121.86246
200.16 611.517 485.634 622.73 91.82131
201.36 1101.344 902.884 1116.794 92.77721
202.56 772.903 615.969 767.31 103.6951
203.76 646.983 536.085 714.765 62.06506
204.96 716.063 614.201 695.22 125.72681
206.16 565.589 415.738 536.809 123.77112
207.36 886.041 705.169 870.243 109.56967
208.56 780.5 602.609 809.479 85.99165
209.76 567.548 448.68 525.581 154.57249
210.96 687.007 557.12 679.816 105.86076
212.16 1402.621 1182.785 1383.698 109.41836
213.36 859.034 679.658 846.943 107.22755
214.56 687.117 582.779 664.01 128.44469
215.76 1272.483 1010.085 1226.765 121.09927
216.96 1018.464 877.557 1040.939 86.2437
218.16 787.446 633.532 752.688 129.17047
219.35 549.082 465.728 574.508 76.62561
220.55 698.087 625.736 743.234 61.57656
221.75 617.645 519.32 607.75 111.19059
222.95 1039.575 846.719 1039.245 100.17138
224.15 806.629 662.796 801.036 104.04562
225.35 648.615 461.776 658.435 95.00631
226.55 651.08 534.725 602.933 170.58816
227.75 1042.575 804.719 946.745 167.47336
228.94 877.048 668.68 844.581 118.45751
230.14 707.526 624.647 759.105 61.63907
231.34 689.505 542.117 650.704 135.73248
232.54 599.51 452.624 617.429 89.12707
233.74 599.965 460.06 587.014 110.20164
234.93 630.61 486.768 643.21 91.94561
236.13 735.016 553.133 714.692 112.57999
237.33 688.154 537.333 727.125 79.46647
238.53 608.092 523.243 648.459 67.76214
239.72 937.496 812.104 953.328 88.78927
240.92 497.041 415.67 456.781 197.93057
242.12 907.074 701.717 907.67 99.71031
243.31 590.53 447.153 559.793 127.28822
244.51 528.498 404.107 535.403 94.74039
245.71 935.573 722.715 908.133 114.79907
246.9 1103.498 958.107 1144.403 78.04277
248.1 731.986 558.59 692.415 129.56931
249.3 702.456 571.046 744.601 75.71657
250.49 703.451 532.039 653.413 141.22661
251.69 798.024 612.644 764.53 122.05211
252.89 657.412 575.983 714.223 58.90417
254.08 443.048 364.18 459.581 82.67009
255.28 683.478 574.077 721.54 74.1886
256.47 443.539 347.166 497.668 64.03409
257.67 815.146 592.822 790.787 112.30473
258.86 854.596 702.25 845.147 106.61294
260.06 709.451 551.538 667.876 135.73651
261.26 1025.009 826.623 1029.892 97.59803
262.45 675.513 561.629 682.079 94.5489
263.65 432.913 367.984 447.761 81.38828
264.84 792.506 618.618 767.741 116.60652
266.04 607.412 459.983 600.223 105.12603
267.23 395.914 346.485 405.298 84.04347
268.42 528.019 395.637 552.305 84.49848
269.62 690.033 542.157 741.905 74.03095
270.81 688.556 504.691 657.419 120.38715
272.01 613.512 547.127 622.504 88.07005
273.2 819.883 633.94 864.447 80.66691
274.4 478.461 379.553 487.326 91.77421
275.59 798.969 595.565 724.664 157.55614
276.78 631.052 497.185 666.732 78.95582
277.98 614.935 463.015 597.2 113.21703
279.17 605.048 474.179 571.044 135.10418
280.37 583.37 466.922 617.921 77.1186
281.56 414.477 309.576 429.502 87.47112
282.75 460.124 316.289 448.811 108.53647
283.95 586.92 454.494 605.061 87.95138
285.14 607.922 518.996 602.636 106.31908
286.33 489.94 383.523 523.925 75.79456
287.52 728.886 513.945 703.597 113.33447
288.72 746.862 601.409 856.045 57.12162
289.91 928.466 789.561 1028.552 58.12169
291.1 737.504 538.115 705.666 119.00174
292.29 669.028 519.651 668.218 100.54562
293.49 677.933 516.513 690.125 92.97771
294.68 524.459 441.051 519.751 105.98243
295.87 544.523 429.143 523.992 121.64556
297.06 769.468 530.063 727.127 121.48622
298.26 331.418 294.491 346.486 71.02023
299.45 583.03 467.153 589.793 94.48571
300.64 616.087 470.236 631.234 90.59194
301.83 622.505 514.617 641.704 84.89298
303.02 470.093 414.244 544.497 42.87727
304.21 743.628 601.795 766.999 85.85341
305.4 587.086 452.734 600.196 91.10945
306.59 639.539 497.166 690.168 73.76741
307.79 613.511 459.625 604.467 106.24421
308.98 456.026 329.147 444.105 110.36957
310.17 684.023 552.918 667.976 113.94707
311.36 583.274 470.283 632.29 69.74456
312.55 992.789 855.304 1025.429 80.81427
313.74 422.963 298.556 469.901 72.60591
314.93 738.0 608.609 716.479 119.95097
316.12 552.514 420.131 576.617 84.59767
317.31 343.454 263.043 334.526 112.49011
318.5 450.963 321.056 486.901 78.3301
319.69 578.448 465.034 587.263 92.7881
320.88 530.054 418.188 511.807 119.4906
322.07 510.441 376.524 459.963 160.49787
323.26 425.582 368.729 476.546 52.73138
324.45 355.977 297.576 321.002 249.29809
325.64 608.436 455.017 554.237 154.62416
326.83 663.504 527.115 696.666 80.44103
328.01 535.982 403.084 601.227 67.07167
329.2 698.011 568.125 669.967 127.53718
330.39 533.468 416.564 536.127 97.77643
331.58 422.475 296.074 431.427 93.38616
332.77 862.518 654.136 888.267 89.00222
333.96 258.953 243.042 306.988 24.88216
335.15 417.989 291.594 411.528 105.38723
336.33 404.975 325.574 388.427 126.32782
337.52 539.977 405.076 558.502 87.92552
338.71 507.986 362.589 522.378 90.99302
339.9 505.357 335.903 472.358 124.18345
341.08 499.424 366.999 490.712 107.04208
342.27 662.492 489.598 665.641 98.21127
343.46 728.555 572.689 748.844 88.48192
344.65 660.055 522.689 681.844 86.30915
345.83 715.062 574.199 755.645 77.63347
347.02 386.563 298.201 375.22 114.72832
348.21 727.519 554.637 732.305 97.30627
349.4 409.995 287.603 429.791 86.07786
350.58 526.885 372.443 487.059 134.74714
351.77 428.965 342.56 433.514 94.99908
352.96 297.02 205.638 319.842 80.01594
354.14 502.979 329.58 482.615 113.30714
355.33 395.53 290.153 381.293 115.62138
356.51 256.898 205.462 326.123 42.62869
357.7 513.308 397.832 536.755 83.12258
358.89 411.429 309.007 382.437 139.48222
360.07 641.4 528.465 643.698 98.00601
361.26 759.198 573.173 742.023 110.17162
362.44 515.122 382.063 471.256 149.18031
363.63 383.563 234.476 382.203 100.92059
364.81 476.487 279.366 415.436 144.86746
366.0 286.007 151.896 247.3 140.57196
367.18 923.1 758.53 954.78 83.85711
368.37 373.213 267.694 382.162 92.18238
369.55 560.766 419.271 527.452 130.79469
370.74 610.268 510.274 603.027 107.80627
371.92 788.209 596.188 773.974 108.00666
373.11 429.646 305.097 400.27 130.86523
374.29 374.07 248.487 335.003 145.15489
375.48 427.686 306.155 391.998 141.57414
376.66 338.258 223.259 324.577 113.50276
377.84 693.213 524.694 715.662 88.24478
379.03 337.763 210.766 320.302 115.94064
380.21 272.672 159.635 311.897 74.23865
381.39 241.179 110.145 206.697 135.713
382.58 618.762 419.765 573.765 129.21914
383.76 799.32 641.35 787.281 108.25047
384.94 820.791 637.807 793.004 117.90432
386.13 349.149 252.602 311.92 162.76069
387.31 432.71 303.19 493.049 68.21921
388.49 361.673 241.136 387.434 82.39115
389.68 497.238 377.231 506.251 93.0148
390.86 425.242 294.236 464.901 76.76207
392.04 667.801 540.822 663.954 103.12416
393.22 365.242 278.736 385.401 81.10063
394.41 359.176 240.641 380.585 84.70229
395.59 159.241 111.735 179.363 70.24589
396.77 368.797 281.316 426.767 60.14486
397.95 447.769 355.275 451.565 96.05769
399.13 555.794 422.812 560.654 96.47442
400.31 317.629 238.073 311.057 109.00531
401.5 489.202 356.678 513.674 84.41242
402.68 506.179 423.645 573.197 55.18751
403.86 361.737 248.728 308.676 188.51272
405.04 526.815 466.342 630.555 36.82601
406.22 298.196 192.17 315.448 86.00582
407.4 515.877 354.432 523.721 95.36645
408.58 585.701 449.676 646.136 69.23789
409.76 631.19 484.16 667.148 80.34935
410.94 427.242 325.236 443.901 85.96131
412.12 363.349 297.891 361.02 103.69025
413.3 323.273 220.781 341.253 85.07576
414.48 243.778 150.288 324.441 53.68272
415.66 359.819 260.347 334.205 134.67901
416.84 829.275 616.784 824.328 102.38369
418.02 392.72 323.204 470.462 47.20688
419.2 342.772 257.279 304.678 180.36898
420.38 469.743 332.237 430.938 139.31484
421.56 384.311 239.836 357.367 122.92439
422.74 740.199 539.174 733.561 103.41493
423.92 556.249 429.246 567.701 91.72841
425.1 386.278 253.788 404.941 87.653
426.28 363.873 236.926 270.534 377.72941
427.46 860.372 661.424 846.996 107.20798
428.63 451.34 311.878 450.107 100.89202
429.81 504.865 384.414 476.696 130.52555
430.99 557.32 416.35 533.781 120.04583
432.17 751.836 590.372 790.956 80.49682
433.35 602.828 472.361 611.118 94.02543
434.52 203.891 122.452 168.322 177.54315
435.7 331.845 223.885 352.832 83.7243
436.88 599.276 413.785 534.865 153.19656
438.06 384.382 274.938 434.909 68.41456
439.23 262.779 208.289 372.478 33.1871
440.41 429.405 348.972 466.423 68.48224
441.59 539.239 431.232 583.788 70.7983
442.77 266.918 160.991 235.986 141.24552
443.94 611.789 415.804 584.929 115.88203
445.12 519.833 412.867 556.806 74.31304
446.3 667.279 503.29 725.016 73.96049
447.47 505.305 362.327 496.105 106.87721
448.65 584.286 381.8 540.316 127.73883
449.82 392.286 286.8 376.816 117.18634
451.0 384.803 266.824 398.029 89.91924
452.18 373.33 230.364 326.694 148.41329
453.35 420.79 286.805 430.466 93.26448
454.53 412.841 304.879 406.144 106.6127
455.7 283.809 159.333 306.792 84.41382
456.88 617.858 459.904 666.395 76.4943
458.05 421.315 316.342 440.555 84.51052
459.23 246.82 215.85 295.781 38.74698
460.4 418.29 315.805 455.966 73.11923
461.58 460.857 320.403 473.858 91.52811
462.75 280.333 157.367 254.306 126.84835
463.93 433.299 275.318 407.842 119.20933
465.1 353.766 272.271 397.952 64.84275
466.28 224.899 127.964 231.16 93.93289
467.45 192.79 68.305 195.466 97.89533
468.63 426.812 253.337 400.905 117.5558
469.8 588.321 477.851 619.318 78.08911
470.97 295.314 172.341 320.518 82.99106
472.15 441.417 350.49 500.949 60.43344
473.32 486.399 355.464 551.66 66.7369
474.49 590.374 461.927 634.571 74.3997
475.67 296.892 232.453 429.36 32.72554
476.84 285.394 138.456 282.935 101.70199
478.01 435.836 294.372 542.956 56.90782
479.19 408.431 255.009 387.012 116.22582
480.36 242.879 204.934 275.796 53.54707
481.53 457.348 306.89 454.982 101.59784
482.7 351.906 233.974 416.461 64.62514
483.88 248.442 155.526 287.5 70.40469
485.05 297.858 215.404 362.895 55.90433
486.22 383.474 293.072 445.89 59.15685
487.39 238.521 123.141 307.917 62.44332
488.56 376.343 275.383 438.757 61.79712
489.74 561.924 409.499 662.712 60.19628
490.91 235.911 154.981 309.686 52.31262
492.08 306.343 227.383 382.757 50.8196
493.25 192.427 145.004 332.362 25.31146
494.42 325.943 222.027 447.038 46.18263
495.59 346.438 215.02 443.35 57.55626
496.76 370.313 226.84 479.48 56.78974
497.93 425.368 327.919 534.346 47.2077
499.1 482.937 291.518 534.775 78.68992
500.27 676.946 557.532 800.688 49.11019
501.44 788.383 570.94 809.947 90.97761
502.61 319.908 259.976 434.036 34.43168
503.78 445.48 329.581 568.652 48.4789
504.95 773.368 635.418 860.808 61.20477
506.12 500.484 361.586 568.303 67.19233
507.29 244.42 153.494 359.561 44.12444
508.46 89.415 29.986 158.336 46.30198
509.63 821.415 622.486 893.836 73.31073
510.8 797.402 614.467 863.773 73.3776
511.97 410.387 271.946 532.134 53.20795
513.14 183.005 133.617 307.704 28.36975
514.31 558.435 405.015 637.2 66.07659
515.48 338.5 304.61 515.516 16.06881
516.65 344.396 216.958 422.51 61.99766
517.81 266.95 145.037 393.338 49.09876
518.98 445.376 358.431 572.684 40.58084
520.15 193.03 114.153 338.793 35.11258
521.32 439.9 265.465 611.698 50.38086
522.49 946.999 715.108 1119.441 57.35144
523.65 780.463 595.056 929.401 55.4537
524.82 454.392 315.453 562.36 56.27181
525.99 57.502 35.613 231.091 11.1978
527.16 493.06 344.196 596.07 59.10251
528.32 465.919 424.493 635.524 19.63052
529.49 300.403 215.97 486.848 31.17033
530.66 85.089 -2.262 298.809 29.01328
531.82 193.363 98.412 372.621 34.62747
532.99 249.942 188.026 454.5 23.23535
534.16 289.938 221.519 539.312 21.52918
535.32 547.973 465.071 756.852 28.41249
536.49 216.975 83.074 428.427 38.77228
537.65 702.889 546.948 890.71 45.36296
538.82 211.452 135.041 489.451 21.56023
539.99 475.929 302.507 686.437 45.17023
541.15 504.847 422.388 805.407 21.52868
542.32 134.493 103.599 359.678 12.06407
543.48 512.536 405.162 810.556 26.48637
544.65 671.068 595.209 1005.945 18.46916
545.81 947.446 770.032 1313.688 32.63357
546.98 372.024 297.644 734.03 17.04444
548.14 519.446 409.532 897.688 22.51623
549.31 263.466 142.061 624.552 25.16222
550.47 360.484 224.086 710.803 28.02403
551.63 657.45 516.537 1050.838 26.37329
552.8 303.395 193.957 671.472 22.91812
553.96 323.461 178.053 737.826 25.97619
555.13 305.986 207.589 728.878 18.87566
556.29 619.019 414.637 1054.805 31.9263
557.45 222.364 134.913 648.158 17.03887
558.62 347.49 271.095 898.065 12.18475
559.78 496.024 424.144 1025.53 11.95232
560.94 350.493 227.6 796.716 21.59372
562.11 268.02 170.138 768.842 16.34888
563.27 91.992 5.598 664.641 13.10901
564.43 48.472 5.07 618.814 7.07177
565.59 158.082 105.728 771.008 7.86941
566.76 246.892 136.453 852.36 15.42641
567.92 352.084 252.732 937.621 14.50635
569.08 477.508 382.622 1151.354 12.34325
570.24 268.88 126.436 879.334 18.91944
571.4 176.965 120.558 837.976 7.86238
572.57 262.582 183.729 940.046 10.42595
573.73 52.504 1.615 743.666 6.85782
574.89 290.047 171.177 1013.506 14.11198
576.05 370.413 283.484 1140.261 10.14608
577.21 143.927 69.004 899.362 9.02298
578.37 2.986 -36.91 854.915 4.47356
579.53 187.034 103.158 1022.943 9.119
580.69 410.507 316.119 1329.279 9.31613
581.85 301.478 173.577 1103.54 13.75327
583.01 310.968 206.064 1086.627 11.91335
584.17 334.456 219.546 1238.601 11.27614
585.33 376.002 266.613 1331.091 10.27632
586.49 250.939 139.522 1183.887 10.66844
587.65 325.443 256.027 1349.538 6.34799
588.81 365.003 277.614 1332.129 8.28712
589.97 604.981 497.582 1637.69 9.42005
591.13 280.879 158.434 1333.797 10.4176
592.29 314.016 150.133 1279.192 14.51501
593.45 163.521 90.641 1234.417 6.37193
594.61 101.387 52.946 1253.134 4.03612
595.77 108.988 49.093 1193.49 5.2338
596.93 95.896 7.96 1203.547 7.3551
598.09 328.937 163.018 1366.275 13.78913
599.24 133.514 64.131 1247.117 5.86514
600.4 259.939 178.522 1366.887 6.85121
601.56 165.971 60.067 1342.739 8.25647
602.72 294.527 164.648 1479.643 9.87672
603.87 344.137 199.309 1563.412 10.61713
605.03 133.527 26.648 1332.143 8.18681
606.19 130.501 54.112 1338.054 5.94962
607.35 25.516 -0.367 1253.192 2.06476
608.5 412.987 304.091 1688.453 7.86615
609.66 641.035 476.661 1926.518 11.33728
610.82 150.448 53.034 1414.763 7.15367
611.97 119.019 38.637 1441.805 5.7286
613.13 381.061 316.698 1730.607 4.55213
614.29 299.996 237.104 1670.328 4.38815
615.44 415.007 285.12 1761.817 8.79578
616.6 147.533 35.657 1489.906 7.69302
617.76 433.998 286.607 1777.903 9.88342
618.91 379.575 306.219 1811.745 4.87247
620.07 397.51 295.624 1807.929 6.73712
621.22 40.014 2.131 1412.617 2.68587
622.38 717.519 532.637 2100.805 11.78967
623.53 88.465 -18.942 1490.976 7.11337
624.69 111.532 38.156 1575.368 4.77331
625.84 127.008 54.622 1616.354 4.63502
627.0 347.865 263.914 1744.696 5.66936
628.15 42.023 19.643 1494.492 1.51743
629.31 272.917 168.49 1755.949 6.57827
630.46 37.49 -25.405 1550.065 3.99213
631.61 229.031 172.655 1791.33 3.48287
632.77 199.421 155.495 1775.099 2.71213
633.92 353.468 258.564 1891.127 5.81322
635.08 562.393 418.455 2236.897 7.91547
636.23 239.993 122.6 1934.716 6.47824
637.38 -7.005 -55.397 1630.291 2.87078
638.54 502.938 323.02 2128.85 9.96317
639.69 559.58 429.225 2313.433 6.91826
640.84 308.974 264.572 2039.865 2.50111
641.99 110.475 -6.926 1761.936 6.63711
643.15 486.977 389.576 2296.007 5.10905
644.3 83.479 62.079 1869.578 1.18395
645.45 -15.02 -55.919 1795.649 2.20889
646.6 492.982 423.583 2353.719 3.59552
647.75 157.984 65.586 2022.291 4.7221
648.91 -17.015 -108.412 1833.861 4.70567
650.06 197.487 99.091 2060.932 5.0155
651.21 308.488 196.093 2175.003 5.67966
652.36 289.49 238.095 2187.074 2.637
653.51 110.492 40.598 2089.645 3.41105
654.66 196.993 138.1 2177.716 2.88746
655.81 374.495 283.603 2439.287 4.21641
656.96 65.997 17.105 2087.858 2.36106
658.11 248.498 104.107 2314.429 6.53258
659.27 326.0 185.11 2427.5 6.28304
660.42 84.502 3.112 2209.071 3.68953
661.57 278.503 169.115 2405.141 4.8921
662.72 -55.495 -122.883 2153.712 2.96003
663.87 -70.493 -87.381 2257.783 0.72009
665.01 202.508 116.622 2469.854 3.64973
666.16 25.01 2.124 2247.425 1.01927
667.31 69.512 -2.874 2398.496 3.01432
668.46 466.513 373.629 2871.067 3.71918
669.61 140.515 33.631 2552.638 4.24308
670.76 38.516 -59.866 2539.709 3.78457
671.91 483.018 346.136 3029.78 5.10061
673.06 333.52 236.638 2886.851 3.65561
674.21 -30.979 -116.359 2562.421 3.18729
675.35 209.523 63.643 2785.492 5.35959
676.5 158.525 29.646 2840.063 4.58576
677.65 -1.474 -33.352 2701.634 1.16558
678.8 -28.972 -93.35 2671.205 2.32868
679.94 50.53 -28.847 2871.276 2.73702
681.09 230.031 174.655 3196.847 1.83232
682.24 247.533 171.658 3240.918 2.47211
683.39 2.535 -54.84 3017.489 1.86747
684.53 332.536 183.662 3467.06 4.53414
685.68 151.538 63.165 3365.131 2.67638
686.83 218.04 148.167 3406.701 2.14429
687.97 166.541 67.169 3425.272 2.95916
689.12 119.043 76.672 3452.843 1.255
690.27 36.045 -16.326 3349.914 1.55575
691.41 344.546 242.177 3636.985 3.01547
692.56 250.048 159.679 3636.056 2.59951
693.7 274.049 138.181 3702.627 3.81176
694.85 28.551 -22.316 3509.698 1.44018
695.99 221.053 128.186 3828.769 2.50951
697.14 175.554 107.689 3810.34 1.8329
698.28 204.056 141.191 3891.911 1.67608
699.43 251.558 164.693 3965.481 2.28543
700.57 -71.441 -98.304 3643.552 0.71792
701.72 38.061 -56.802 3813.123 2.45128
702.86 -56.437 -110.799 3805.194 1.38821
704.01 -1.436 -23.797 3932.765 0.56517
705.15 246.066 113.705 4117.336 3.30601
706.29 83.568 19.208 4025.407 1.60651
707.44 152.569 9.21 4220.978 3.40378
708.58 -40.929 -124.788 4027.549 2.01955
709.72 401.573 310.215 4518.62 2.17084
710.87 -70.926 -151.283 3994.691 1.93819
712.01 -33.424 -67.78 4179.762 0.80885
713.15 167.077 73.722 4450.833 2.13281
714.3 258.579 133.724 4645.403 2.76737
715.44 41.081 -40.273 4475.974 1.80136
716.58 186.082 92.229 4627.545 2.06939
717.72 8.084 -24.768 4609.116 0.70896
718.87 123.086 74.734 4693.687 1.04681
720.01 125.087 77.736 4801.758 1.00235
721.15 -47.911 -84.261 4566.829 0.78154
722.29 247.591 118.741 4861.9 2.71653
723.43 337.592 240.744 4999.471 2.03518
724.57 282.594 140.746 4922.042 2.96673
725.72 148.096 42.248 4885.612 2.18541
726.86 451.097 287.251 5246.684 3.30374
728.0 140.099 39.753 4999.254 2.0233
729.14 59.101 -53.245 4936.825 2.25137
730.28 297.102 170.758 5301.896 2.46231
731.42 14.104 -6.74 5119.967 0.40657
732.56 444.106 340.263 5451.038 2.03184
733.7 236.107 96.765 5304.109 2.67588
734.84 -50.891 -145.733 4927.18 1.86957
735.98 64.61 29.77 5307.751 0.66011
737.12 6.612 -63.728 5248.322 1.32416
738.26 11.614 -51.225 5414.393 1.14972
739.4 126.615 40.277 5493.963 1.58312
740.53 240.617 132.779 5550.534 1.99045
741.67 134.119 61.782 5581.105 1.31061
742.81 -68.38 -131.216 5216.176 1.17508
743.95 191.122 109.287 5740.247 1.45331
745.09 -29.876 -66.211 5498.818 0.65291
746.23 229.125 150.791 5771.389 1.39369
747.36 293.627 203.294 5704.96 1.64193
748.5 -0.371 -73.704 5494.531 1.31698
749.64 23.63 -12.701 5550.102 0.65312
750.78 22.632 -41.199 5446.672 1.16313
751.92 55.634 -13.197 5628.244 1.22008
753.05 80.635 -11.694 5773.314 1.59601
754.19 380.137 216.808 5930.385 2.85861
755.33 -76.861 -135.19 5626.456 1.01235
756.46 143.14 -5.187 5695.027 2.60214
757.6 -19.858 -45.185 5691.598 0.44148
758.74 378.143 243.318 6091.669 2.30537
759.87 128.145 98.32 5714.74 0.53103
761.01 108.647 39.822 5755.311 1.20417
762.14 118.648 78.825 5923.882 0.68132
763.28 227.65 149.827 5920.953 1.34849
764.41 141.152 62.83 5892.023 1.34362
765.55 -72.847 -105.168 5514.094 0.57519
766.69 111.655 45.334 5813.666 1.14974
767.82 184.157 97.837 5814.236 1.51004
768.95 0.658 -42.161 5725.807 0.74236
770.09 459.16 356.341 6072.878 1.79861
771.22 397.662 286.344 6069.449 1.92488
772.36 297.663 173.346 6028.02 2.12338
773.49 285.665 210.849 5988.091 1.29502
774.63 157.667 43.851 5704.162 2.01076
775.76 106.168 12.853 5708.232 1.63843
776.89 227.17 115.856 5840.304 1.94454
778.03 225.171 116.358 5675.875 1.95724
779.16 -0.327 -11.639 5606.445 0.20136
780.29 164.675 122.363 5777.016 0.74827
781.43 350.676 245.865 5937.587 1.84146
782.56 201.178 95.368 5750.158 1.87116
783.69 32.18 -49.13 5524.229 1.4589
784.82 76.181 40.873 5631.8 0.63154
785.96 62.683 16.375 5589.871 0.83086
787.09 103.685 62.877 5479.442 0.75338
788.22 193.686 135.88 5491.513 1.07936
789.35 50.688 -40.618 5369.083 1.68782
790.48 118.69 14.385 5529.654 1.89121
791.62 314.191 216.887 5595.226 1.80919
792.75 -5.807 -39.611 5261.796 0.63764
793.88 432.695 314.392 5668.367 2.20963
795.01 167.696 124.394 5487.938 0.80734
796.14 248.698 159.896 5395.009 1.69627
797.27 266.2 164.899 5540.08 1.8846
798.4 115.701 58.901 5382.151 1.06702
799.53 -8.797 -58.096 5138.722 0.94864
800.66 158.704 69.906 5267.293 1.70852
801.79 795.706 675.408 5995.364 2.26125
802.92 112.708 11.911 5265.935 1.91847
804.05 180.709 132.913 5355.505 0.91518
805.18 142.711 21.916 5233.076 2.31802
806.31 105.713 31.918 5179.147 1.43368
807.44 -43.286 -105.58 5001.218 1.21983
808.57 236.716 138.923 5353.789 1.87528
809.69 218.718 107.425 5235.86 2.17011
810.82 -86.281 -145.572 4958.431 1.16167
811.95 545.721 430.43 5642.002 2.21221
813.08 131.723 9.432 5074.573 2.41435
814.21 632.224 516.435 5621.144 2.26829
815.33 176.226 84.937 5129.215 1.80975
816.46 185.728 112.439 5007.786 1.4971
817.59 403.729 356.442 5340.856 0.9487
818.72 288.231 187.444 5154.927 2.02893
819.84 543.733 365.947 5347.998 3.56853
820.97 325.734 166.949 4990.569 3.29183
822.1 387.736 249.951 5080.14 2.85257
823.22 10.237 -14.046 4553.711 0.53163
824.35 80.739 -6.544 4675.282 1.86429
825.48 325.741 205.459 4782.853 2.62774
826.6 187.242 111.961 4606.924 1.6748
827.73 -49.256 -102.537 4615.995 1.12918
828.85 189.246 64.466 4770.065 2.65173
829.98 416.247 298.968 4978.636 2.50614
831.11 51.249 -16.529 4532.208 1.49005
832.23 32.251 -21.027 4546.778 1.16638
833.36 330.252 225.475 4701.849 2.34067
834.48 142.254 48.978 4620.92 2.04019
835.6 322.256 131.48 4593.491 4.27555
836.73 -5.743 -59.018 4406.562 1.19301
837.85 305.259 221.485 4680.133 1.87891
838.98 -58.239 -116.513 4341.204 1.30725
840.1 282.762 116.99 4599.775 3.69798
841.23 231.264 112.492 4545.846 2.67905
842.35 455.766 337.494 4817.417 2.64003
843.47 155.267 37.997 4430.487 2.66979
844.6 -30.731 -79.001 4265.058 1.11116
845.72 74.27 17.002 4269.629 1.34667
846.84 83.772 27.004 4295.2 1.33003
847.96 43.774 -36.494 4381.771 1.81672
849.09 24.275 -36.991 4283.842 1.41794
850.21 103.277 41.011 4277.913 1.46961
851.33 250.279 170.514 4506.484 1.83962
852.45 6.28 -52.484 4312.055 1.34641
853.57 117.782 88.518 4352.625 0.68628
854.7 12.284 5.521 4229.196 0.16012
855.82 39.785 -46.477 4275.768 1.99577
856.94 244.287 142.025 4498.338 2.34743
858.06 -72.711 -123.972 4099.909 1.21359
859.18 254.29 147.03 4463.48 2.48491
860.3 101.292 46.033 4347.551 1.28465
861.42 -108.706 -131.965 4107.622 0.5486
862.54 -17.705 -92.963 4028.193 1.82613
863.66 -9.203 -68.46 4109.764 1.41823
864.78 121.798 18.542 4205.335 2.46624
865.9 175.3 78.545 4268.906 2.309
867.02 737.302 555.547 4889.477 4.19376
868.14 495.803 360.549 4533.047 3.24156
869.26 241.305 167.052 4349.618 1.77531
870.38 -92.193 -138.946 3931.689 1.14853
871.5 -97.192 -134.443 3907.26 0.92169
872.62 -44.19 -48.941 4013.331 0.11696
873.74 389.312 266.561 4303.902 3.04038
874.85 -0.188 -40.438 3988.438 0.99904
875.97 149.813 84.563 4042.438 1.64861
877.09 235.313 149.063 4215.938 2.12079
878.21 109.813 47.063 4143.438 1.53184
879.33 171.313 90.563 4103.438 2.01227
880.44 91.813 31.563 4055.438 1.49731
881.56 55.813 36.063 4105.438 0.48533
882.68 134.313 61.063 4051.438 1.83567
883.79 485.813 377.063 4368.438 2.72462
884.91 -71.688 -103.438 3833.938 0.80637
886.03 211.313 156.563 4111.438 1.38437
887.14 333.313 261.563 4299.438 1.77692
888.26 407.813 286.063 4332.938 3.00849
889.38 314.813 232.063 4343.438 2.01271
890.49 -105.688 -108.938 3932.438 0.08042
891.61 144.813 107.563 4254.438 0.89827
892.72 -3.688 -82.438 4046.438 1.9073
893.84 -44.688 -102.938 4078.438 1.39308
894.95 -50.188 -93.938 4244.938 1.00833
896.07 27.313 -7.438 4271.938 0.81203
897.18 225.813 104.563 4426.438 2.8055
898.3 -41.188 -94.938 4268.938 1.2317
899.41 315.313 211.563 4609.938 2.35883
900.53 164.313 83.063 4485.938 1.84539
901.64 229.313 127.063 4506.938 2.33454
902.75 132.313 53.063 4401.938 1.82231
903.87 60.813 -8.438 4224.938 1.63581
904.98 198.813 127.063 4443.438 1.66227
906.09 120.313 53.563 4303.938 1.57045
907.21 220.313 164.063 4383.938 1.33298
908.32 75.313 5.063 4242.938 1.65767
909.43 342.813 256.063 4502.438 2.04292
910.54 138.313 69.063 4235.938 1.66192
911.66 655.813 509.063 4660.938 3.53455
912.77 32.813 -51.938 3945.938 2.11988
913.88 172.813 108.063 4083.938 1.62857
914.99 38.313 -28.938 4013.938 1.66342
916.1 155.313 97.063 4052.438 1.47268
917.22 4.813 -58.938 3750.938 1.67328
918.33 372.313 284.563 4103.938 2.2975
919.44 91.313 47.063 3874.438 1.15614
920.55 440.313 246.563 4168.438 4.94024
921.66 208.813 151.063 3955.938 1.51779
922.77 209.313 166.563 3962.938 1.12607
923.88 411.313 250.563 4038.938 4.24324
924.99 189.813 129.063 3725.438 1.6892
926.1 -25.188 -77.438 3510.938 1.45609
927.21 368.313 260.063 3858.938 3.00788
928.32 -101.188 -137.938 3311.938 1.06526
929.43 144.813 34.563 3589.438 3.10137
930.54 63.313 -29.938 3392.938 2.72432
931.65 127.813 35.063 3401.938 2.75478
932.76 198.813 108.563 3444.438 2.70544
933.86 106.813 35.063 3344.438 2.16808
934.97 -12.688 -36.438 3040.938 0.77176
936.08 37.813 -2.438 2952.938 1.36193
937.19 381.313 203.563 3193.438 5.94506
938.3 208.813 157.563 2714.938 2.00401
939.4 380.813 294.563 2731.938 3.53864
940.51 93.813 38.563 2317.438 2.42444
941.62 234.313 164.563 2285.938 3.28796
942.73 653.313 519.063 2622.938 6.38108
943.83 207.313 105.563 2128.938 5.02873
944.94 139.813 124.063 2027.438 0.82748
946.05 -55.188 -146.938 1878.938 4.52891
947.15 -70.688 -137.938 1936.438 3.24194
948.26 70.313 13.563 2071.438 2.7577
949.36 -7.688 -55.438 1995.438 2.32827
950.47 193.813 109.563 2192.938 4.04392
951.57 488.313 359.063 2558.938 5.87533
952.68 270.313 194.563 2415.438 3.41082
953.79 261.313 187.563 2443.438 3.26924
954.89 30.313 -16.438 2318.938 2.00182
955.99 243.313 133.563 2524.938 4.58941
957.1 59.313 -18.438 2454.938 3.14348
958.2 142.813 70.563 2571.438 2.88899
959.31 240.813 172.063 2661.938 2.76118
960.41 41.313 -27.438 2440.438 2.7858
961.52 4.813 -76.938 2472.938 3.20604
962.62 273.813 185.563 2692.938 3.51962
963.72 -79.688 -117.438 2377.938 1.5128
964.83 -102.188 -115.438 2374.938 0.53205
965.93 150.813 76.563 2607.938 2.93319
967.03 321.813 219.063 2881.938 3.85861
968.13 225.813 136.563 2713.438 3.4635
969.24 47.813 -18.938 2504.438 2.64527
970.34 69.813 51.563 2536.938 0.7343
971.44 7.313 18.063 2592.438 -0.41758
972.54 166.813 110.063 2656.938 2.22822
973.64 61.813 -24.938 2477.438 3.46671
974.75 557.813 451.063 3000.438 4.1873
975.85 1829.313 1539.063 4300.438 10.51107
976.95 9.313 3.563 2528.938 0.22769
978.05 277.813 183.563 2569.438 3.95033
979.15 513.313 427.063 2878.938 3.51772
980.25 58.313 -7.438 2350.438 2.78853
981.35 61.313 -10.438 2406.438 2.96871
982.45 483.813 374.563 2774.438 4.55232
983.55 233.813 149.063 2521.938 3.57162
984.65 179.313 78.563 2469.438 4.21394
985.75 309.313 236.063 2608.438 3.08762
986.85 206.313 126.063 2497.938 3.3834
987.95 68.313 23.563 2266.438 1.99521
989.05 390.313 312.063 2594.938 3.4277
990.15 294.313 248.563 2461.938 2.06698
991.25 162.813 91.063 2310.938 3.23216
992.34 415.313 287.563 2447.438 5.91469
993.44 200.313 147.063 2243.438 2.5401
994.54 172.313 95.063 2223.938 3.62868
995.64 353.813 305.063 2345.938 2.38868
996.74 395.313 308.563 2384.438 4.17896
997.83 -25.688 -80.938 1920.438 2.7606
998.93 71.813 77.563 2004.938 -0.29833
1000.03 666.813 527.563 2610.438 6.68547
1001.12 387.813 282.063 2239.438 5.40264
1002.22 403.313 328.063 2223.938 3.96914
1003.32 105.313 41.563 1932.438 3.37146
1004.41 216.313 136.563 1924.438 4.4606
1005.51 191.813 85.563 1864.938 5.9712
1006.6 51.813 10.063 1708.438 2.45823
1007.7 321.813 225.063 1904.438 5.76107
1008.8 -14.688 -97.438 1492.938 5.20318
1009.89 233.813 191.063 1778.938 2.69228
1010.99 176.813 109.563 1696.938 4.23655
1012.08 -17.688 -33.438 1549.938 0.99471
1013.18 162.313 111.563 1763.438 3.07227
1014.27 61.313 8.063 1728.938 3.09436
1015.36 120.813 59.063 1891.438 3.36994
1016.46 144.313 116.063 1908.438 1.57612
1017.55 11.313 -50.938 1682.438 3.59126
1018.65 198.813 148.563 1865.938 2.92598
1019.74 305.813 211.063 1936.438 5.49156
1020.83 192.313 140.063 1793.938 3.15925
1021.93 139.313 17.563 1672.438 7.35705
1023.02 -49.688 -57.938 1413.938 0.56051
1024.11 -30.188 -71.438 1369.938 2.86185
1025.2 -46.188 -82.438 1358.938 2.51496
1026.3 225.813 171.063 1589.938 3.85869
1027.39 294.813 221.563 1548.938 5.51841
1028.48 187.813 125.063 1476.938 4.6417
1029.57 131.813 83.063 1371.938 3.78237
1030.66 191.813 102.063 1392.938 6.95265
1031.75 759.813 644.063 1955.938 8.82325
1032.84 322.813 206.563 1384.938 9.86528
1033.94 19.313 -43.438 1152.438 5.2472
1035.03 351.313 236.063 1373.438 10.13298
1036.12 -13.688 -42.438 1011.938 2.72673
1037.21 -13.188 -0.938 1071.438 -1.14232
1038.3 252.813 165.063 1202.938 8.45478
1039.39 -18.188 -62.938 904.438 4.62592
1040.48 223.313 156.063 1170.938 6.62643
1041.57 261.313 225.563 1090.438 4.13355
1042.66 145.313 117.063 1066.438 2.97564
1043.74 212.813 147.563 1071.938 7.05882
1044.83 230.313 167.563 1077.438 6.89655
1045.92 -19.188 -81.438 749.438 7.4921
1047.01 327.813 201.563 1081.438 14.34863
1048.1 -22.188 -87.938 732.938 8.00975
1049.19 199.813 121.563 903.438 10.00799
1050.27 125.813 40.563 814.938 11.00888
1051.36 99.313 8.563 735.938 12.47637
1052.45 207.313 162.063 884.938 6.25973
1053.54 187.313 77.563 832.938 14.52921
1054.62 248.313 133.063 828.938 16.56188
1055.71 194.313 132.563 791.938 9.36493
1056.8 321.313 246.063 929.938 11.00347
1057.88 83.813 49.063 714.438 5.22262
1058.97 206.813 130.563 719.438 12.94842
1060.06 438.813 346.563 983.938 14.47343
1061.14 122.813 34.063 686.938 13.59372
1062.23 903.813 723.563 1420.438 25.86547
1063.31 207.813 143.063 792.438 9.97113
1064.4 92.813 34.563 568.438 10.91079
1065.48 208.813 148.063 701.438 10.97809
1066.57 143.813 59.563 588.938 15.91499
1067.65 224.813 149.063 701.938 13.70111
1068.74 152.313 51.563 611.938 17.97903
1069.82 216.813 171.063 638.938 9.77825
1070.9 1243.313 1019.563 1619.438 37.29944
1071.99 275.813 183.063 594.438 22.54634
1073.07 208.313 180.563 577.938 6.98333
1074.15 286.313 184.563 605.438 24.17582
1075.24 214.813 155.063 555.938 14.9049
1076.32 273.813 229.063 639.438 10.90466
1077.4 559.813 402.563 824.938 37.22995
1078.49 62.313 20.063 353.938 12.65444
1079.57 262.313 219.063 607.938 11.12183
1080.65 451.313 364.063 807.938 19.65643
1081.73 160.813 104.563 472.438 15.29052
1082.81 32.813 -44.438 310.438 21.76823
1083.89 211.813 123.063 500.938 23.4866
1084.98 214.313 190.563 479.438 8.22155
1086.06 54.313 -7.438 371.938 16.27677
1087.14 85.313 42.063 326.438 15.20879
1088.22 191.313 151.063 483.438 12.10982
1089.3 63.313 -10.938 306.938 23.35824
1090.38 562.313 457.063 772.438 33.37297
1091.46 291.313 230.063 519.438 21.16631
1092.54 108.813 56.063 376.438 16.46508
1093.62 176.313 137.063 412.938 14.22746
1094.7 39.813 -22.938 228.438 24.96271
1095.78 171.813 141.063 349.438 14.75705
1096.86 241.813 124.063 417.938 40.06806
1097.93 600.313 512.563 801.938 30.32397
1099.01 334.313 284.563 541.438 19.3674
1100.09 116.813 32.063 277.438 34.53897
