196.55 1446.58 972.948 0.0 473.63257
197.76 2016.044 1427.472 0.0 588.57227
198.96 1862.842 1340.45 0.0 522.39185
200.16 1347.052 796.077 0.0 550.97455
201.36 2255.898 1587.379 0.0 668.51941
202.56 1613.983 990.115 0.0 623.86792
203.76 1437.741 849.94 0.0 587.80151
204.96 1583.5 932.264 0.0 651.23529
206.16 1166.641 712.367 0.0 454.27411
207.36 1707.959 1181.173 0.0 526.78662
208.56 1525.713 1052.507 0.0 473.2063
209.76 1093.262 637.704 0.0 455.55731
210.96 1390.016 888.539 0.0 501.47711
212.16 2685.717 2056.997 0.0 628.72021
213.36 1647.024 1126.644 0.0 520.37939
214.56 1336.383 890.479 0.0 445.9032
215.76 2442.741 1834.94 0.0 607.80164
216.96 2054.669 1568.862 0.0 485.80652
218.16 1494.33 985.792 0.0 508.53839
219.35 1219.205 716.838 0.0 502.36688
220.55 1455.407 872.359 0.0 583.04724
221.75 1333.491 810.596 0.0 522.89569
222.95 2140.637 1461.314 0.0 679.32312
224.15 1656.52 1090.029 0.0 566.49084
225.35 1324.649 782.472 0.0 542.17633
226.55 1255.471 792.831 0.0 462.64008
227.75 1911.137 1378.814 0.0 532.323
228.94 1661.262 1122.204 0.0 539.05725
230.14 1462.721 919.113 0.0 543.6087
231.34 1279.415 847.028 0.0 432.38684
232.54 1245.616 780.549 0.0 465.06732
233.74 1296.403 805.869 0.0 490.53345
234.93 1295.947 791.951 0.0 503.99597
236.13 1504.185 951.574 0.0 552.61115
237.33 1495.661 930.131 0.0 565.52985
238.53 1364.608 887.381 0.0 477.22778
239.72 1945.245 1373.993 0.0 571.25269
240.92 1108.826 562.676 0.0 546.14996
242.12 1796.903 1152.807 0.0 644.09619
243.31 1234.556 755.63 0.0 478.92566
244.51 1083.479 627.0 0.0 456.47949
245.71 1896.536 1278.803 0.0 617.73267
246.9 2272.979 1688.0 0.0 584.97949
248.1 1479.709 950.954 0.0 528.75519
249.3 1472.366 982.33 0.0 490.03589
250.49 1433.032 893.313 0.0 539.71893
251.69 1652.987 1049.106 0.0 603.88184
252.89 1419.02 916.154 0.0 502.86542
254.08 984.262 579.204 0.0 405.05731
255.28 1477.04 976.919 0.0 500.12115
256.47 1015.225 577.666 0.0 437.55975
257.67 1711.358 1159.099 0.0 552.25916
258.86 1813.943 1172.898 0.0 641.0448
260.06 1381.165 917.809 0.0 463.35547
261.26 2089.25 1459.546 0.0 629.70398
262.45 1408.584 939.063 0.0 469.52087
263.65 980.386 565.158 0.0 415.22882
264.84 1657.282 1081.531 0.0 575.75024
266.04 1247.52 804.154 0.0 443.36542
267.23 914.253 487.661 0.0 426.59225
268.42 1220.786 706.584 0.0 514.20135
269.62 1455.657 882.641 0.0 573.01593
270.81 1464.564 959.736 0.0 504.82794
272.01 1407.85 923.056 0.0 484.79407
273.2 1641.544 1164.034 0.0 477.50952
274.4 1128.568 664.852 0.0 463.71637
275.59 1606.87 1028.883 0.0 577.98706
276.78 1475.229 892.718 0.0 582.51099
277.98 1294.06 772.746 0.0 521.31415
279.17 1345.895 903.201 0.0 442.69391
280.37 1291.907 837.985 0.0 453.92175
281.56 1030.673 528.915 0.0 501.75775
282.75 1133.818 617.508 0.0 516.31055
283.95 1299.322 801.186 0.0 498.13617
285.14 1420.056 863.193 0.0 556.86298
286.33 1136.761 700.267 0.0 436.49451
287.52 1515.511 948.548 0.0 566.96313
288.72 1605.237 1136.95 0.0 468.28772
289.91 2043.77 1410.373 0.0 633.39685
291.1 1565.048 1007.024 0.0 558.02344
292.29 1434.322 997.623 0.0 436.69885
293.49 1509.326 1044.239 0.0 465.08728
294.68 1155.834 729.845 0.0 425.98956
295.87 1279.12 803.102 0.0 476.01849
297.06 1490.004 940.38 0.0 549.62372
298.26 782.588 420.179 0.0 362.40933
299.45 1320.556 789.13 0.0 531.42566
300.64 1313.407 822.859 0.0 490.54724
301.83 1433.915 857.028 0.0 576.88684
303.02 1188.475 630.384 0.0 558.09119
304.21 1568.153 1123.525 0.0 444.62756
305.4 1395.04 875.356 0.0 519.68384
306.59 1467.225 920.166 0.0 547.05981
307.79 1303.483 803.053 0.0 500.43073
308.98 1015.721 579.113 0.0 436.60864
310.17 1760.866 966.081 0.0 794.78491
311.36 1372.544 857.597 0.0 514.94678
312.55 2146.281 1560.657 0.0 585.62463
313.74 994.802 584.359 0.0 410.44318
314.93 1570.213 1009.007 0.0 561.20636
316.12 1298.951 787.067 0.0 511.88428
317.31 830.633 406.823 0.0 423.80911
318.5 1029.302 574.859 0.0 454.44318
319.69 1405.564 830.799 0.0 574.76526
320.88 1293.963 736.225 0.0 557.73779
322.07 1129.128 607.271 0.0 521.85791
323.26 1111.572 607.342 0.0 504.23029
324.45 857.173 447.415 0.0 409.75775
325.64 1279.427 766.749 0.0 512.67755
326.83 1547.048 996.024 0.0 551.02344
328.01 1244.374 738.436 0.0 505.93811
329.2 1604.983 976.053 0.0 628.93073
330.39 1195.004 727.38 0.0 467.62372
331.58 1065.439 542.908 0.0 522.53094
332.77 1767.919 1253.081 0.0 514.83801
333.96 829.766 448.82 0.0 380.94568
335.15 1010.31 524.964 0.0 485.34546
336.33 997.939 590.908 0.0 407.03094
337.52 1238.673 719.415 0.0 519.25775
338.71 1166.842 710.45 0.0 456.39178
339.9 1111.903 614.932 0.0 496.97064
341.08 1188.79 688.2 0.0 500.58984
342.27 1449.411 879.475 0.0 569.93573
343.46 1565.33 1063.729 0.0 501.6012
344.65 1512.33 897.229 0.0 615.1012
345.83 1581.266 983.257 0.0 598.00842
347.02 928.0 470.264 0.0 457.73526
348.21 1677.786 1021.584 0.0 656.20135
349.4 987.378 462.989 0.0 524.38931
350.58 1218.145 718.045 0.0 500.09973
351.77 1074.903 575.369 0.0 499.53345
352.96 923.653 324.088 0.0 599.56479
354.14 1283.274 619.926 0.0 663.34802
355.33 1077.556 536.13 0.0 541.42566
356.51 846.149 387.098 0.0 459.05087
357.7 1252.354 679.734 0.0 572.61969
358.89 1057.991 511.721 0.0 546.2702
360.07 1564.882 915.105 0.0 649.77771
361.26 1749.12 1061.79 0.0 687.3302
362.44 1332.197 733.483 0.0 598.7135
363.63 1061.245 481.743 0.0 579.50168
364.81 1175.322 531.437 0.0 643.88507
366.0 818.261 276.518 0.0 541.7435
367.18 2261.156 1403.392 0.0 857.76489
368.37 1058.358 529.85 0.0 528.50812
369.55 1353.241 737.065 0.0 616.17603
370.74 1656.975 911.572 0.0 745.40289
371.92 1910.023 1158.332 0.0 751.69104
373.11 1187.104 476.078 0.0 711.02567
374.29 1018.681 421.772 0.0 596.90897
375.48 1290.983 531.741 0.0 759.24243
376.66 1086.072 441.53 0.0 644.54199
377.84 1810.858 953.85 0.0 857.00812
379.03 1058.273 405.051 0.0 653.22238
380.21 897.612 332.184 0.0 565.42792
381.39 836.548 266.212 0.0 570.33511
382.58 1572.407 816.548 0.0 755.85907
383.76 1954.491 1148.784 0.0 805.70752
384.94 2138.015 1254.164 0.0 883.85144
386.13 1207.572 426.593 0.0 780.97919
387.31 1436.257 618.339 0.0 817.91785
388.49 1168.479 474.688 0.0 693.79132
389.68 1500.999 637.952 0.0 863.04694
390.86 1535.467 567.466 0.0 968.00061
392.04 1987.919 982.706 0.0 1005.21246
393.22 1385.967 445.466 0.0 940.50064
394.41 1392.947 473.202 0.0 919.745
395.59 1100.1 193.463 0.0 906.63721
396.77 1611.584 552.689 0.0 1058.89539
397.95 1631.342 637.576 0.0 993.7663
399.13 1957.983 792.678 0.0 1165.30511
400.31 1542.132 447.511 0.0 1094.62085
401.5 1937.088 626.304 0.0 1310.78381
402.68 1980.048 734.712 0.0 1245.33514
403.86 1599.265 434.445 0.0 1164.82013
405.04 2202.29 807.263 0.0 1395.02692
406.22 1720.886 367.783 0.0 1353.10333
407.4 2248.342 697.013 0.0 1551.32898
408.58 2220.721 814.301 0.0 1406.42029
409.76 2417.951 947.755 0.0 1470.19611
410.94 2202.967 624.466 0.0 1578.50061
412.12 2027.1 502.9 0.0 1524.20001
413.3 1959.677 359.093 0.0 1600.58337
414.48 1893.511 371.111 0.0 1522.40033
415.66 2148.757 445.277 0.0 1703.48056
416.84 2996.411 1233.1 0.0 1763.31018
418.02 2303.794 623.378 0.0 1680.41547
419.2 2182.443 419.586 0.0 1762.85654
420.38 2315.834 583.97 0.0 1731.86407
421.56 2273.955 427.245 0.0 1846.71005
422.74 2978.987 1081.794 0.0 1897.19348
423.92 2740.903 865.995 0.0 1874.90796
425.1 2439.011 464.111 0.0 1974.90045
426.28 2384.508 405.995 0.0 1978.51215
427.46 3465.141 1356.492 0.0 2108.64868
428.63 2627.064 571.861 0.0 2055.20258
429.81 2724.205 687.964 0.0 2036.24139
430.99 2768.991 754.784 0.0 2014.2074
432.17 3261.596 1145.347 0.0 2116.2489
433.35 3058.794 827.316 0.0 2231.47815
434.52 2422.713 155.069 0.0 2267.64365
435.7 2703.765 376.383 0.0 2327.38281
436.88 3089.278 840.104 0.0 2249.17365
438.06 3004.177 552.531 0.0 2451.64606
439.23 2877.378 399.115 0.0 2478.26389
440.41 3159.584 594.126 0.0 2565.45807
441.59 3486.866 828.456 0.0 2658.4104
442.77 3156.588 276.679 0.0 2879.90933
443.94 3738.781 760.657 0.0 2978.12463
445.12 3696.128 769.833 0.0 2926.29523
446.3 4179.245 1093.118 0.0 3086.12708
447.47 3901.886 666.72 0.0 3235.16614
448.65 4021.181 720.646 0.0 3300.53436
449.82 3735.681 500.146 0.0 3235.53439
451.0 4087.153 609.213 0.0 3477.93933
452.18 4028.028 476.823 0.0 3551.20499
453.35 4220.148 530.16 0.0 3689.98804
454.53 4467.931 558.865 0.0 3909.06573
455.7 4235.721 334.238 0.0 3901.48322
456.88 5196.77 945.935 0.0 4250.83405
458.05 4777.29 591.763 0.0 4185.52692
459.23 4639.491 315.784 0.0 4323.7074
460.4 5202.648 580.16 0.0 4622.48804
461.58 5516.403 719.432 0.0 4796.97089
462.75 5249.128 315.333 0.0 4933.79523
463.93 5701.818 628.696 0.0 5073.12219
465.1 5808.241 525.065 0.0 5283.17603
466.28 5655.516 218.101 0.0 5437.4144
467.45 5734.148 146.66 0.0 5587.48805
468.63 6375.322 523.249 0.0 5852.07324
469.8 6952.858 870.287 0.0 6082.57104
470.97 6524.923 405.259 0.0 6119.66373
472.15 6891.221 595.675 0.0 6295.5459
473.32 7171.016 704.601 0.0 6466.41443
474.49 7814.375 859.499 0.0 6954.87555
475.67 7417.08 507.573 0.0 6909.50708
476.84 7258.314 327.08 0.0 6931.23389
478.01 7939.596 636.347 0.0 7303.2489
479.19 7972.725 548.728 0.0 7423.99689
480.36 7821.076 309.02 0.0 7512.05606
481.53 8384.733 596.897 0.0 7787.83673
482.7 8410.451 497.129 0.0 7913.32175
483.88 8376.495 275.774 0.0 8100.72107
485.05 8660.27 361.935 0.0 8298.33408
486.22 8841.572 478.405 0.0 8363.16776
487.39 8747.387 333.595 0.0 8413.79175
488.56 9174.531 485.876 0.0 8688.65573
489.74 9594.29 897.2 0.0 8697.09009
490.91 9189.652 242.651 0.0 8947.00174
492.08 9371.531 375.876 0.0 8995.65573
493.25 9480.258 278.714 0.0 9201.54373
494.42 9720.862 476.778 0.0 9244.08475
495.59 9671.027 417.26 0.0 9253.76743
496.76 9800.056 465.756 0.0 9334.30005
497.93 10186.173 610.478 0.0 9575.69507
499.1 10224.794 572.753 0.0 9652.04108
500.27 10926.83 1040.792 0.0 9886.03845
501.44 10960.044 1228.534 0.0 9731.50977
502.61 10243.685 423.137 0.0 9820.54807
503.78 10739.641 629.929 0.0 10109.71143
504.95 11413.806 1123.474 0.0 10290.33142
506.12 10947.108 696.943 0.0 10250.1651
507.29 10624.322 335.186 0.0 10289.13641
508.46 10515.12 32.165 0.0 10482.95541
509.63 12088.12 1258.165 0.0 10829.95544
510.8 12065.116 1179.612 0.0 10885.50439
511.97 11378.879 558.552 0.0 10820.32709
513.14 11372.415 258.528 0.0 11113.88708
514.31 11917.06 785.746 0.0 11131.31378
515.48 11810.08 495.01 0.0 11315.06976
516.65 11950.548 525.087 0.0 11425.46075
517.81 12062.798 355.806 0.0 11706.99207
518.98 12440.476 695.01 0.0 11745.46606
520.15 11925.556 161.13 0.0 11764.42543
521.32 12637.383 703.605 0.0 11933.77808
522.49 13919.847 1502.503 0.0 12417.34338
523.65 13759.802 1158.859 0.0 12600.94312
524.82 13168.08 638.073 0.0 12530.00708
525.99 12942.814 78.517 0.0 12864.29707
527.16 13846.032 631.25 0.0 13214.7821
528.32 13979.955 730.182 0.0 13249.77277
529.49 13975.851 411.619 0.0 13564.23172
530.66 13870.141 114.367 0.0 13755.7741
531.82 14278.971 180.957 0.0 14098.01407
532.99 14700.495 320.274 0.0 14380.22107
534.16 14964.161 444.256 0.0 14519.90472
535.32 15723.705 794.401 0.0 14929.30408
536.49 15595.939 294.408 0.0 15301.5314
537.65 16668.611 1011.059 0.0 15657.55243
538.82 16303.398 321.816 0.0 15981.58209
539.99 16959.992 642.721 0.0 16317.27106
541.15 17482.0 818.39 0.0 16663.61035
542.32 17347.777 147.979 0.0 17199.79877
543.48 18726.625 811.155 0.0 17915.47009
544.65 19189.201 992.785 0.0 18196.41577
545.81 20839.83 1483.292 0.0 19356.53845
546.98 20258.488 503.106 0.0 19755.38275
548.14 21472.33 783.792 0.0 20688.53839
549.31 21719.27 402.873 0.0 21316.39676
550.47 22367.107 469.443 0.0 21897.66409
551.63 23244.297 914.806 0.0 22329.49109
552.8 23151.182 454.584 0.0 22696.59805
553.96 23482.068 459.852 0.0 23022.21674
555.13 24245.342 391.45 0.0 23853.89142
556.29 25554.785 934.084 0.0 24620.70074
557.45 24986.338 274.46 0.0 24711.87775
558.62 25843.178 523.468 0.0 25319.70972
559.78 26726.488 771.606 0.0 25954.88275
560.94 26734.645 371.982 0.0 26362.66241
562.11 27109.652 391.088 0.0 26718.56442
563.27 27626.41 157.975 0.0 27468.4351
564.43 28100.838 32.397 0.0 28068.44042
565.59 28844.705 205.838 0.0 28638.86678
566.76 29526.58 351.073 0.0 29175.50708
567.92 30436.807 571.349 0.0 29865.45776
569.08 31280.883 715.042 0.0 30565.84076
570.24 31108.443 352.024 0.0 30756.41974
571.4 31397.535 226.366 0.0 31171.16943
572.57 32399.572 367.342 0.0 32032.23044
573.73 32218.047 55.524 0.0 32162.52245
574.89 33119.527 452.697 0.0 32666.83011
576.05 33995.887 476.158 0.0 33519.72906
577.21 33890.758 157.714 0.0 33733.04373
578.37 33999.211 18.954 0.0 33980.25704
579.53 35026.523 193.644 0.0 34832.8791
580.69 36181.648 597.535 0.0 35584.1134
581.85 36014.039 351.919 0.0 35662.12042
583.01 36477.504 401.88 0.0 36075.62408
584.17 37101.367 484.83 0.0 36616.53671
585.33 37559.313 572.517 0.0 36986.7951
586.49 37528.395 377.763 0.0 37150.63107
587.65 38733.863 573.278 0.0 38160.58569
588.81 38568.68 566.521 0.0 38002.15881
589.97 39364.008 929.433 0.0 38434.57507
591.13 39331.074 421.02 0.0 38910.05411
592.29 39529.684 336.574 0.0 39193.1098
593.45 39595.887 213.595 0.0 39382.29175
594.61 40120.379 134.052 0.0 39986.32706
595.77 39502.941 196.961 0.0 39305.98045
596.93 39358.414 91.091 0.0 39267.32342
598.09 40591.793 382.753 0.0 40209.0401
599.24 40378.449 138.067 0.0 40240.38246
600.4 40411.895 291.763 0.0 40120.13107
601.56 40871.105 233.39 0.0 40637.71506
602.72 41314.09 368.616 0.0 40945.47372
603.87 41181.688 473.064 0.0 40708.62347
605.03 41535.09 232.116 0.0 41302.97372
606.19 40917.945 148.514 0.0 40769.43146
607.35 40942.184 -3.926 0.0 40946.10979
608.5 41940.074 594.457 0.0 41345.61682
609.66 41824.758 989.651 0.0 40835.10645
610.82 41701.063 146.299 0.0 41554.76378
611.97 41501.785 125.084 0.0 41376.70078
613.13 41848.398 573.754 0.0 41274.64478
614.29 41916.246 496.993 0.0 41419.25342
615.44 41992.016 717.539 0.0 41274.47711
616.6 41744.656 180.141 0.0 41564.51544
617.76 41906.48 663.0 0.0 41243.48071
618.91 42453.637 726.314 0.0 41727.32312
620.07 42367.117 641.049 0.0 41726.06805
621.22 41229.949 17.567 0.0 41212.38247
622.38 42919.785 1061.084 0.0 41858.70081
623.53 41910.535 78.366 0.0 41832.16943
624.69 41776.789 112.137 0.0 41664.65178
625.84 41819.883 217.542 0.0 41602.34074
627.0 42578.203 488.964 0.0 42089.23944
628.15 42371.121 -0.398 0.0 42371.51908
629.31 42237.723 318.175 0.0 41919.54736
630.46 42773.176 -23.532 0.0 42796.70778
631.61 42915.422 374.134 0.0 42541.28812
632.77 42415.188 228.189 0.0 42186.99811
633.92 42862.004 495.38 0.0 42366.62408
635.08 43934.445 949.577 0.0 42984.86877
636.23 43501.645 308.482 0.0 43193.16241
637.38 42968.379 -74.511 0.0 43042.88974
638.54 44304.027 654.76 0.0 43649.2674
639.69 44215.473 936.831 0.0 43278.64142
640.84 43856.832 490.402 0.0 43366.42981
641.99 43368.523 97.409 0.0 43271.11456
643.15 44036.719 816.916 0.0 43219.80322
644.3 44386.91 95.422 0.0 44291.48796
645.45 43612.605 -58.071 0.0 43670.67661
646.6 45172.797 811.436 0.0 44361.36133
647.75 44385.988 161.942 0.0 44224.0461
648.91 44327.184 -136.551 0.0 44463.73476
650.06 44700.875 225.455 0.0 44475.41951
651.21 45317.57 417.462 0.0 44900.10815
652.36 46334.262 450.969 0.0 45883.29291
653.51 45368.453 101.475 0.0 45266.97765
654.66 46234.148 273.982 0.0 45960.16629
655.81 46568.34 651.989 0.0 45916.35107
656.96 46373.535 69.495 0.0 46304.0397
658.11 46230.227 365.002 0.0 45865.22446
659.27 47171.918 531.009 0.0 46640.90918
660.42 47170.613 29.015 0.0 47141.59785
661.57 47831.305 421.022 0.0 47410.28259
662.72 47200.996 -139.971 0.0 47340.96733
663.87 47748.191 -99.965 0.0 47848.15599
665.01 48127.883 316.042 0.0 47811.84073
666.16 48838.578 41.049 0.0 48797.52939
667.31 49340.77 95.555 0.0 49245.21413
668.46 50123.961 760.562 0.0 49363.39886
669.61 50517.156 206.069 0.0 50311.08754
670.76 51499.848 4.575 0.0 51495.27228
671.91 52461.543 769.582 0.0 51691.96094
673.06 52611.234 519.589 0.0 52091.64569
674.21 52325.426 -161.405 0.0 52486.83043
675.35 52459.621 284.102 0.0 52175.51907
676.5 52614.813 167.609 0.0 52447.20383
677.65 52690.508 72.615 0.0 52617.89248
678.8 52888.699 -110.878 0.0 52999.57722
679.94 53463.891 40.629 0.0 53423.26197
681.09 54034.086 370.135 0.0 53663.95062
682.24 54433.777 363.142 0.0 54070.63538
683.39 54555.469 -1.851 0.0 54557.32011
684.53 55196.664 558.155 0.0 54638.50879
685.68 55264.355 214.662 0.0 55049.69351
686.83 55800.051 301.169 0.0 55498.88217
687.97 55414.242 298.175 0.0 55116.06693
689.12 55895.934 178.182 0.0 55717.75166
690.27 55760.129 68.189 0.0 55691.94032
691.41 56002.82 468.195 0.0 55534.62506
692.56 56030.016 358.702 0.0 55671.31372
693.7 56397.707 378.709 0.0 56018.99844
694.85 55950.898 48.215 0.0 55902.6832
695.99 56798.094 398.222 0.0 56399.87186
697.14 56403.785 184.229 0.0 56219.55659
698.28 57062.98 342.735 0.0 56720.24524
699.43 57100.172 391.242 0.0 56708.92999
700.57 57187.863 -74.251 0.0 57262.11475
701.72 57018.059 -50.745 0.0 57068.8034
702.86 57730.75 -107.738 0.0 57838.48814
704.01 57264.945 50.269 0.0 57214.6768
705.15 57929.637 433.275 0.0 57496.36154
706.29 57959.828 126.782 0.0 57833.04629
707.44 58423.023 171.288 0.0 58251.73494
708.58 58309.215 -124.205 0.0 58433.41969
709.72 58963.906 629.302 0.0 58334.60443
710.87 58156.602 -137.192 0.0 58293.79309
712.01 58563.293 0.315 0.0 58562.97784
713.15 58975.988 217.322 0.0 58758.66649
714.3 58688.68 348.828 0.0 58339.85123
715.44 59302.871 92.335 0.0 59210.53598
716.58 59372.066 277.342 0.0 59094.72464
717.72 59538.258 52.848 0.0 59485.40938
718.87 59565.453 240.855 0.0 59324.59804
720.01 59505.645 117.362 0.0 59388.28278
721.15 59494.336 -54.132 0.0 59548.46753
722.29 59363.031 345.875 0.0 59017.15619
723.43 59707.723 498.882 0.0 59208.84091
724.57 59644.418 450.388 0.0 59194.02957
725.72 59727.109 244.895 0.0 59482.21432
726.86 59848.801 678.902 0.0 59169.89905
728.0 59896.996 164.408 0.0 59732.58772
729.14 60254.188 -2.085 0.0 60256.27247
730.28 60468.379 481.422 0.0 59986.95721
731.42 60363.574 10.928 0.0 60352.64587
732.56 60597.266 722.435 0.0 59874.83063
733.7 60587.461 386.942 0.0 60200.51926
734.84 60672.652 -127.052 0.0 60799.70401
735.98 60932.844 148.955 0.0 60783.88876
737.12 60814.039 -3.038 0.0 60817.07741
738.26 60208.73 17.468 0.0 60191.26216
739.4 61301.426 228.475 0.0 61072.95081
740.53 60918.617 407.482 0.0 60511.13556
741.67 60996.809 273.488 0.0 60723.32031
742.81 61180.004 -222.505 0.0 61402.50896
743.95 60792.695 241.002 0.0 60551.6937
745.09 61105.391 19.508 0.0 61085.88235
746.23 60931.582 399.515 0.0 60532.06711
747.36 61220.773 453.522 0.0 60767.25183
748.5 61138.969 60.028 0.0 61078.9405
749.64 60825.66 25.035 0.0 60800.62524
750.78 60776.352 -5.458 0.0 60781.80999
751.92 60356.047 74.548 0.0 60281.49864
753.05 60726.238 155.555 0.0 60570.6834
754.19 61057.434 635.562 0.0 60421.87207
755.33 60522.625 -151.932 0.0 60674.55679
756.46 60649.316 245.075 0.0 60404.24153
757.6 60829.512 82.082 0.0 60747.43019
758.74 60962.203 562.088 0.0 60400.11493
759.87 60428.898 244.595 0.0 60184.30359
761.01 60326.09 271.102 0.0 60054.98834
762.14 60102.781 234.608 0.0 59868.17308
763.28 60409.977 408.115 0.0 60001.86172
764.41 60278.168 249.121 0.0 60029.04648
765.55 60299.863 -123.872 0.0 60423.73513
766.69 59596.055 289.635 0.0 59306.41989
767.82 60137.246 266.641 0.0 59870.60461
768.95 59369.441 26.148 0.0 59343.29328
770.09 59324.633 737.655 0.0 58586.97803
771.22 59655.328 661.661 0.0 58993.66669
772.36 59311.52 504.168 0.0 58807.35141
773.49 58958.711 489.175 0.0 58469.53616
774.63 59088.906 196.181 0.0 58892.72482
775.76 58308.098 154.688 0.0 58153.40956
776.89 58723.289 428.195 0.0 58295.0943
778.03 57971.484 360.201 0.0 57611.28296
779.16 57874.676 8.708 0.0 57865.96771
780.29 58220.871 308.215 0.0 57912.65637
781.43 57624.063 606.221 0.0 57017.84113
782.56 57637.754 315.228 0.0 57322.52585
783.69 57158.949 11.735 0.0 57147.21451
784.82 57263.641 233.241 0.0 57030.39926
785.96 57150.336 116.748 0.0 57033.58791
787.09 56693.027 204.255 0.0 56488.77266
788.22 56688.219 394.261 0.0 56293.9574
789.35 56875.914 157.768 0.0 56718.14606
790.48 55989.605 142.275 0.0 55847.3308
791.62 56231.301 580.281 0.0 55651.01947
792.75 56164.992 5.288 0.0 56159.7042
793.88 55743.184 737.795 0.0 55005.38892
795.01 55971.879 353.801 0.0 55618.07761
796.14 55698.07 404.808 0.0 55293.26233
797.27 55188.762 493.815 0.0 54694.94708
798.4 55279.457 283.321 0.0 54996.13574
799.53 54250.648 -4.672 0.0 54255.32049
800.66 54357.344 316.335 0.0 54041.00916
801.79 55421.035 1276.841 0.0 54144.19385
802.92 54398.727 199.848 0.0 54198.87863
804.05 54248.422 381.855 0.0 53866.56729
805.18 54355.113 290.861 0.0 54064.25204
806.31 54337.809 215.868 0.0 54121.94069
807.44 53840.0 -64.625 0.0 53904.62543
808.57 54043.691 400.381 0.0 53643.31018
809.69 53919.887 400.888 0.0 53518.99884
810.82 53517.578 -163.605 0.0 53681.18358
811.95 54063.773 988.401 0.0 53075.37225
813.08 53343.965 103.908 0.0 53240.05698
814.21 53431.656 1064.915 0.0 52366.7417
815.33 52695.352 282.921 0.0 52412.43039
816.46 52573.543 308.928 0.0 52264.61511
817.59 52648.234 847.435 0.0 51800.79987
818.72 51823.43 504.441 0.0 51318.98853
819.84 51834.621 896.448 0.0 50938.17328
820.97 51625.316 446.454 0.0 51178.86191
822.1 50891.008 593.961 0.0 50297.04669
823.22 49028.699 -30.532 0.0 49059.23141
824.35 50082.895 92.474 0.0 49990.42007
825.48 49567.586 574.481 0.0 48993.1048
826.6 48263.781 310.488 0.0 47953.29346
827.73 47761.973 -144.506 0.0 47906.47821
828.85 48016.164 268.501 0.0 47747.66296
829.98 48647.859 610.008 0.0 48037.85162
831.11 46677.051 70.014 0.0 46607.03635
832.23 47206.746 81.521 0.0 47125.22501
833.36 46916.438 524.528 0.0 46391.90973
834.48 46727.629 259.034 0.0 46468.59451
835.6 46265.324 482.041 0.0 45783.28314
836.73 45122.016 -7.952 0.0 45129.9679
837.85 44875.211 535.054 0.0 44340.15656
838.98 44855.402 -104.439 0.0 44959.8413
840.1 46047.094 458.568 0.0 45588.52603
841.23 44440.789 371.074 0.0 44069.71469
842.35 44805.48 720.581 0.0 44084.89941
843.47 44163.672 248.588 0.0 43915.08418
844.6 44164.867 26.594 0.0 44138.27284
845.72 43972.059 155.101 0.0 43816.9576
846.84 43504.754 134.608 0.0 43370.14624
847.96 43055.945 139.114 0.0 42916.83099
849.09 42444.137 58.121 0.0 42386.01574
850.21 42444.832 232.628 0.0 42212.20439
851.33 42397.023 385.134 0.0 42011.88913
852.45 41338.719 25.141 0.0 41313.57779
853.57 42298.91 232.148 0.0 42066.76253
854.7 41936.102 67.654 0.0 41868.44728
855.82 41639.797 -0.339 0.0 41640.13593
856.94 41479.988 485.168 0.0 40994.82068
858.06 41010.684 -64.326 0.0 41075.00933
859.18 41388.375 425.181 0.0 40963.19406
860.3 41390.066 244.688 0.0 41145.37881
861.42 40458.762 -89.306 0.0 40548.06747
862.54 39554.453 -65.799 0.0 39620.25222
863.66 39417.645 50.708 0.0 39366.93697
864.78 39521.34 186.714 0.0 39334.62563
865.9 38972.531 244.221 0.0 38728.31036
867.02 40111.727 1277.228 0.0 38834.49902
868.14 39669.918 879.234 0.0 38790.68378
869.26 38963.109 575.741 0.0 38387.36853
870.38 38247.305 -90.252 0.0 38337.55717
871.5 38577.496 -94.746 0.0 38672.24191
872.62 38080.191 69.761 0.0 38010.43056
873.74 38134.883 699.268 0.0 37435.6153
874.85 37084.23 40.271 0.0 37043.95964
875.97 37255.23 286.271 0.0 36968.95963
877.09 37650.73 373.271 0.0 37277.45963
878.21 36529.23 220.771 0.0 36308.45964
879.33 36343.23 334.771 0.0 36008.45963
880.44 36559.23 254.771 0.0 36304.45964
881.56 36295.23 111.271 0.0 36183.95963
882.68 36283.73 256.271 0.0 36027.45963
883.79 36568.73 826.771 0.0 35741.95966
884.91 35217.23 -58.229 0.0 35275.45964
886.03 35084.23 456.271 0.0 34627.95963
887.14 35522.23 659.271 0.0 34862.95966
888.26 35983.73 777.271 0.0 35206.45966
889.38 36576.73 636.271 0.0 35940.45966
890.49 37247.23 -89.729 0.0 37336.95963
891.61 37616.23 307.771 0.0 37308.45963
892.72 36479.73 -13.229 0.0 36492.95964
893.84 37175.73 -99.229 0.0 37274.95963
894.95 37322.73 -87.229 0.0 37409.95963
896.07 38302.73 152.271 0.0 38150.45964
897.18 39045.23 384.271 0.0 38660.95963
898.3 38995.73 -41.229 0.0 39036.95964
899.41 38703.23 577.271 0.0 38125.95966
900.53 38274.23 335.771 0.0 37938.45963
901.64 37012.73 462.271 0.0 36550.45963
902.75 36941.23 262.771 0.0 36678.45963
903.87 37488.23 116.771 0.0 37371.45963
904.98 37282.73 403.771 0.0 36878.95963
906.09 35974.23 235.771 0.0 35738.45964
907.21 36357.73 438.771 0.0 35918.95963
908.32 35754.73 198.271 0.0 35556.45964
909.43 35730.23 650.771 0.0 35079.45966
910.54 35167.73 280.271 0.0 34887.45963
911.66 36086.73 1160.771 0.0 34925.95959
912.77 33875.73 85.771 0.0 33789.95963
913.88 33354.73 300.271 0.0 33054.45963
914.99 33289.23 69.271 0.0 33219.95963
916.1 33115.73 349.771 0.0 32765.95963
917.22 31747.229 58.771 0.0 31688.45768
918.33 32733.729 688.771 0.0 32044.9577
919.44 31498.729 270.271 0.0 31228.45767
920.55 32650.229 660.771 0.0 31989.4577
921.66 32205.729 428.771 0.0 31776.95767
922.77 31173.229 488.271 0.0 30684.95767
923.88 31177.729 623.271 0.0 30554.4577
924.99 30655.229 373.771 0.0 30281.45767
926.1 28960.229 -11.229 0.0 28971.45768
927.21 29360.229 652.771 0.0 28707.4577
928.32 27962.229 -84.729 0.0 28046.95768
929.43 27602.229 251.771 0.0 27350.45769
930.54 27239.229 111.271 0.0 27127.95768
931.65 27598.729 266.271 0.0 27332.45767
932.76 27628.229 381.771 0.0 27246.45767
933.86 26416.229 302.271 0.0 26113.95767
934.97 25443.229 113.771 0.0 25329.45768
936.08 23659.229 164.771 0.0 23494.45769
937.19 22772.729 708.271 0.0 22064.4577
938.3 20929.229 472.271 0.0 20456.95767
939.4 19372.729 674.771 0.0 18697.9577
940.51 17587.229 305.271 0.0 17281.95767
941.62 16729.729 503.771 0.0 16225.95767
942.73 16785.729 1102.771 0.0 15682.95764
943.83 15524.229 302.771 0.0 15221.45865
944.94 15547.229 338.271 0.0 15208.95865
946.05 15702.229 -35.729 0.0 15737.95866
947.15 15515.729 -25.729 0.0 15541.45866
948.26 16108.729 228.771 0.0 15879.95866
949.36 16260.729 98.271 0.0 16162.45866
950.47 16981.229 326.771 0.0 16654.45767
951.57 17706.729 844.771 0.0 16861.9577
952.68 17769.229 568.771 0.0 17200.4577
953.79 18730.229 439.271 0.0 18290.95767
954.89 18561.229 121.771 0.0 18439.45768
955.99 19486.729 391.271 0.0 19095.45767
957.1 18662.229 230.271 0.0 18431.95769
958.2 19063.229 271.271 0.0 18791.95767
959.31 20198.729 455.771 0.0 19742.95767
960.41 19477.229 130.271 0.0 19346.95769
961.52 19382.729 10.271 0.0 19372.45768
962.62 19336.229 493.771 0.0 18842.45767
963.72 19342.729 -50.729 0.0 19393.45768
964.83 18832.729 -70.729 0.0 18903.45768
965.93 19642.729 341.771 0.0 19300.95767
967.03 20091.229 714.271 0.0 19376.9577
968.13 20107.229 466.771 0.0 19640.45767
969.24 19557.729 175.771 0.0 19381.95769
970.34 19623.729 206.771 0.0 19416.95769
971.44 19200.729 265.771 0.0 18934.95767
972.54 19300.729 346.771 0.0 18953.95767
973.64 18664.729 142.271 0.0 18522.45769
974.75 19587.729 1069.771 0.0 18517.95764
975.85 21614.229 3162.271 0.0 18451.95776
976.95 18259.729 189.771 0.0 18069.95769
978.05 18527.229 525.771 0.0 18001.4577
979.15 18566.729 896.271 0.0 17670.4577
980.25 17363.729 99.771 0.0 17263.95768
981.35 17642.229 179.271 0.0 17462.95769
982.45 18406.229 891.771 0.0 17514.4577
983.55 17889.229 462.771 0.0 17426.45767
984.65 17265.229 418.271 0.0 16846.95767
985.75 16975.729 675.271 0.0 16300.4577
986.85 16507.729 372.271 0.0 16135.45767
987.95 16738.729 185.271 0.0 16553.45769
989.05 17369.229 783.271 0.0 16585.9577
990.15 16117.729 628.271 0.0 15489.45868
991.25 15765.729 443.271 0.0 15322.45865
992.34 16373.729 835.771 0.0 15537.95868
993.44 15418.229 478.271 0.0 14939.95865
994.54 15054.729 386.771 0.0 14667.95865
995.64 15851.729 731.271 0.0 15120.45868
996.74 14775.229 789.271 0.0 13985.95868
997.83 13878.229 73.771 0.0 13804.45866
998.93 13867.229 315.271 0.0 13551.95865
1000.03 14874.729 1230.771 0.0 13643.95862
1001.12 14311.229 704.771 0.0 13606.45868
1002.22 14182.729 729.271 0.0 13453.45868
1003.32 12898.729 272.271 0.0 12626.45865
1004.41 12578.229 467.271 0.0 12110.95865
1005.51 12367.229 402.771 0.0 11964.45865
1006.6 11587.729 188.771 0.0 11398.95866
1007.7 12141.729 624.271 0.0 11517.45868
1008.8 10973.229 103.271 0.0 10869.95866
1009.89 11298.729 577.771 0.0 10720.95868
1010.99 11681.729 384.771 0.0 11296.95865
1012.08 11680.729 47.271 0.0 11633.45866
1013.18 12497.729 394.271 0.0 12103.45865
1014.27 12557.229 202.271 0.0 12354.95866
1015.36 12686.229 334.271 0.0 12351.95865
1016.46 12701.729 402.771 0.0 12298.95865
1017.55 12090.729 148.271 0.0 11942.45866
1018.65 12354.229 496.771 0.0 11857.45865
1019.74 11843.229 586.771 0.0 11256.45868
1020.83 11379.229 505.271 0.0 10873.95865
1021.93 10915.729 280.271 0.0 10635.45865
1023.02 10370.729 38.271 0.0 10332.45866
1024.11 10201.729 63.771 0.0 10137.95866
1025.2 9751.229 88.271 0.0 9662.95866
1026.3 9909.729 454.271 0.0 9455.45865
1027.39 9572.229 597.771 0.0 8974.45868
1028.48 9363.229 486.771 0.0 8876.45865
1029.57 8982.729 312.771 0.0 8669.95865
1030.66 9006.229 451.771 0.0 8554.45865
1031.75 9873.729 1483.271 0.0 8390.45862
1032.84 8322.229 652.771 0.0 7669.45868
1033.94 8101.229 161.271 0.0 7939.95818
1035.03 8360.229 773.771 0.0 7586.45868
1036.12 7187.729 90.271 0.0 7097.45817
1037.21 7137.229 66.771 0.0 7070.45817
1038.3 7543.729 522.771 0.0 7020.95819
1039.39 6865.729 153.271 0.0 6712.45818
1040.48 6673.229 455.771 0.0 6217.45816
1041.57 6834.729 616.271 0.0 6218.45819
1042.66 6606.229 441.771 0.0 6164.45816
1043.74 6541.729 508.271 0.0 6033.45816
1044.83 6670.729 543.271 0.0 6127.45819
1045.92 5640.729 45.771 0.0 5594.95817
1047.01 5948.729 617.771 0.0 5330.95819
1048.1 5251.729 96.771 0.0 5154.95817
1049.19 5631.729 502.271 0.0 5129.45816
1050.27 5459.229 342.271 0.0 5116.95816
1051.36 5137.729 305.271 0.0 4832.45816
1052.45 5014.229 469.771 0.0 4544.45816
1053.54 5052.229 466.771 0.0 4585.45816
1054.62 5002.229 525.271 0.0 4476.95819
1055.71 4824.729 467.771 0.0 4356.95816
1056.8 5047.729 688.271 0.0 4359.45819
1057.88 4305.229 328.771 0.0 3976.45816
1058.97 4345.729 458.771 0.0 3886.95816
1060.06 4714.729 834.771 0.0 3879.95819
1061.14 4058.229 367.771 0.0 3690.4584
1062.23 5403.729 1608.271 0.0 3795.45813
1063.31 3969.229 547.271 0.0 3421.95844
1064.4 3564.229 279.271 0.0 3284.9584
1065.48 3690.229 526.771 0.0 3163.45844
1066.57 3401.729 362.771 0.0 3038.9584
1067.65 3613.729 543.771 0.0 3069.95844
1068.74 3210.229 357.271 0.0 2852.9584
1069.82 3290.729 544.271 0.0 2746.45844
1070.9 5091.229 2151.771 0.0 2939.45825
1071.99 3358.229 561.771 0.0 2796.45844
1073.07 3165.229 491.771 0.0 2673.4584
1074.15 3169.729 576.771 0.0 2592.95844
1075.24 2931.229 526.771 0.0 2404.45844
1076.32 3056.729 625.771 0.0 2430.95844
1077.4 3473.229 963.771 0.0 2509.45844
1078.49 2622.729 218.271 0.0 2404.45842
1079.57 2931.729 655.271 0.0 2276.45844
1080.65 3040.729 866.771 0.0 2173.95844
1081.73 2481.229 382.771 0.0 2098.4584
1082.81 2339.229 238.271 0.0 2100.95842
1083.89 2637.229 548.771 0.0 2088.45844
1084.98 2593.229 533.271 0.0 2059.95844
1086.06 2145.229 267.771 0.0 1877.4584
1087.14 2226.729 283.771 0.0 1942.9584
1088.22 2268.229 524.771 0.0 1743.45844
1089.3 2080.729 261.771 0.0 1818.9584
1090.38 2899.729 1101.771 0.0 1797.95837
1091.46 2354.729 598.771 0.0 1755.95844
1092.54 2024.229 405.771 0.0 1618.45828
1093.62 2085.229 412.771 0.0 1672.4584
1094.7 1892.729 186.271 0.0 1706.4583
1095.78 2070.229 490.771 0.0 1579.4584
1096.86 2045.729 545.771 0.0 1499.95831
1097.93 2770.729 1146.271 0.0 1624.45837
1099.01 2329.229 802.271 0.0 1526.95844
1100.09 1697.729 334.271 0.0 1363.45828
