196.55 1352.148 972.948 0.0 379.19995
197.76 1881.281 1427.472 0.0 453.80933
198.96 1767.198 1340.45 0.0 426.74768
200.16 1204.196 796.077 0.0 408.11835
201.36 2040.958 1587.379 0.0 453.57898
202.56 1344.884 990.115 0.0 354.76904
203.76 1161.156 849.94 0.0 311.21667
204.96 1345.429 932.264 0.0 413.16437
206.16 980.33 712.367 0.0 267.96301
207.36 1739.069 1181.173 0.0 557.89648
208.56 1492.419 1052.507 0.0 439.91235
209.76 940.693 637.704 0.0 302.9892
210.96 1316.544 888.539 0.0 428.00507
212.16 2593.841 2056.997 0.0 536.84399
213.36 1523.458 1126.644 0.0 396.81409
214.56 1299.772 890.479 0.0 409.2926
215.76 2359.156 1834.94 0.0 524.21667
216.96 2025.852 1568.862 0.0 456.99011
218.16 1430.076 985.792 0.0 444.284
219.35 1039.219 716.838 0.0 322.38055
220.55 1298.302 872.359 0.0 425.94238
221.75 1114.728 810.596 0.0 304.13251
222.95 1869.622 1461.314 0.0 408.30847
224.15 1559.966 1090.029 0.0 469.93677
225.35 1217.244 782.472 0.0 434.77203
226.55 1118.691 792.831 0.0 325.86005
227.75 1851.122 1378.814 0.0 472.30847
228.94 1508.693 1122.204 0.0 386.48914
230.14 1372.834 919.113 0.0 453.72137
231.34 1171.002 847.028 0.0 323.97412
232.54 1127.585 780.549 0.0 347.03595
233.74 1084.38 805.869 0.0 278.51062
234.93 1156.661 791.951 0.0 364.71021
236.13 1313.182 951.574 0.0 361.60809
237.33 1279.367 930.131 0.0 349.23553
238.53 1211.885 887.381 0.0 324.50427
239.72 1776.864 1373.993 0.0 402.87122
240.92 910.083 562.676 0.0 347.4068
242.12 1654.594 1152.807 0.0 501.78796
243.31 1164.903 755.63 0.0 409.27283
244.51 942.892 627.0 0.0 315.89178
245.71 1742.581 1278.803 0.0 463.77759
246.9 2190.392 1688.0 0.0 502.39185
248.1 1361.212 950.954 0.0 410.25787
249.3 1283.728 982.33 0.0 301.39734
250.49 1324.159 893.313 0.0 430.84589
251.69 1450.306 1049.106 0.0 401.20068
252.89 1410.536 916.154 0.0 494.38239
254.08 922.693 579.204 0.0 343.4892
255.28 1354.073 976.919 0.0 377.15485
256.47 902.541 577.666 0.0 324.87585
257.67 1569.242 1159.099 0.0 410.14282
258.86 1667.954 1172.898 0.0 495.05566
260.06 1328.645 917.809 0.0 410.83557
261.26 1894.071 1459.546 0.0 434.52576
262.45 1324.64 939.063 0.0 385.57715
263.65 890.55 565.158 0.0 325.39264
264.84 1498.516 1081.531 0.0 416.9845
266.04 1138.536 804.154 0.0 334.38239
267.23 830.064 487.661 0.0 342.40298
268.42 1045.223 706.584 0.0 338.63898
269.62 1290.945 882.641 0.0 408.30377
270.81 1320.318 959.736 0.0 360.58185
272.01 1272.113 923.056 0.0 349.05664
273.2 1564.066 1164.034 0.0 400.03223
274.4 972.811 664.852 0.0 307.95917
275.59 1511.435 1028.883 0.0 482.55188
276.78 1300.249 892.718 0.0 407.5304
277.98 1221.396 772.746 0.0 448.65021
279.17 1272.18 903.201 0.0 368.97894
280.37 1180.873 837.985 0.0 342.88794
281.56 871.06 528.915 0.0 342.14459
282.75 949.883 617.508 0.0 332.37506
283.95 1193.661 801.186 0.0 392.47504
285.14 1274.689 863.193 0.0 411.49567
286.33 1035.479 700.267 0.0 335.21191
287.52 1367.122 948.548 0.0 418.57336
288.72 1584.734 1136.95 0.0 447.78491
289.91 1873.894 1410.373 0.0 463.521
291.1 1461.488 1007.024 0.0 454.46387
292.29 1329.875 997.623 0.0 332.25232
293.49 1409.368 1044.239 0.0 365.12952
294.68 1070.783 729.845 0.0 340.93854
295.87 1147.792 803.102 0.0 344.69049
297.06 1443.421 940.38 0.0 503.04156
298.26 711.633 420.179 0.0 291.45444
299.45 1100.903 789.13 0.0 311.77283
300.64 1149.302 822.859 0.0 326.44238
301.83 1286.002 857.028 0.0 428.97412
303.02 1060.899 630.384 0.0 430.51453
304.21 1494.952 1123.525 0.0 371.42651
305.4 1251.788 875.356 0.0 376.43213
306.59 1354.041 920.166 0.0 433.87585
307.79 1203.099 803.053 0.0 400.0462
308.98 875.834 579.113 0.0 296.72137
310.17 1478.37 966.081 0.0 512.28845
311.36 1177.852 857.597 0.0 320.25488
312.55 1989.087 1560.657 0.0 428.43005
313.74 943.338 584.359 0.0 358.97974
314.93 1410.919 1009.007 0.0 401.91241
316.12 1200.154 787.067 0.0 413.0874
317.31 738.7 406.823 0.0 331.8768
318.5 850.838 574.859 0.0 275.97974
319.69 1173.103 830.799 0.0 342.30469
320.88 1133.776 736.225 0.0 397.55103
322.07 958.993 607.271 0.0 351.72223
323.26 929.733 607.342 0.0 322.39087
324.45 686.06 447.415 0.0 238.64459
325.64 1220.91 766.749 0.0 454.16046
326.83 1397.988 996.024 0.0 401.96387
328.01 1120.643 738.436 0.0 382.2063
329.2 1372.099 976.053 0.0 396.0462
330.39 1064.421 727.38 0.0 337.04156
331.58 881.032 542.908 0.0 338.12402
332.77 1675.21 1253.081 0.0 422.12878
333.96 701.186 448.82 0.0 252.36646
335.15 799.753 524.964 0.0 274.78876
336.33 887.032 590.908 0.0 296.12402
337.52 1084.06 719.415 0.0 364.64459
338.71 1010.698 710.45 0.0 300.24756
339.9 1085.665 614.932 0.0 470.73346
341.08 1078.216 688.2 0.0 390.01624
342.27 1340.295 879.475 0.0 460.81964
343.46 1528.29 1063.729 0.0 464.56128
344.65 1338.29 897.229 0.0 441.06128
345.83 1524.901 983.257 0.0 541.64368
347.02 798.429 470.264 0.0 328.16428
348.21 1507.723 1021.584 0.0 486.13898
349.4 938.35 462.989 0.0 475.36087
350.58 1188.608 718.045 0.0 470.56299
351.77 1013.38 575.369 0.0 438.01068
352.96 732.737 324.088 0.0 408.64926
354.14 1072.101 619.926 0.0 452.17554
355.33 942.403 536.13 0.0 406.27289
356.51 817.315 387.098 0.0 430.21756
357.7 1218.391 679.734 0.0 538.65668
358.89 933.799 511.721 0.0 422.07806
360.07 1421.343 915.105 0.0 506.23816
361.26 1669.649 1061.79 0.0 607.85876
362.44 1189.446 733.483 0.0 455.96265
363.63 1021.506 481.743 0.0 539.76224
364.81 1122.803 531.437 0.0 591.36615
366.0 765.621 276.518 0.0 489.103
367.18 2121.586 1403.392 0.0 718.19482
368.37 954.884 529.85 0.0 425.03387
369.55 1283.727 737.065 0.0 546.66223
370.74 1574.255 911.572 0.0 662.6828
371.92 1811.815 1158.332 0.0 653.48242
373.11 1147.319 476.078 0.0 671.24075
374.29 976.116 421.772 0.0 554.34464
375.48 1167.455 531.741 0.0 635.7146
376.66 1053.089 441.53 0.0 611.5592
377.84 1677.884 953.85 0.0 724.03387
379.03 1018.172 405.051 0.0 613.121
380.21 934.734 332.184 0.0 602.5498
381.39 816.845 266.212 0.0 550.63217
382.58 1547.658 816.548 0.0 731.11066
383.76 1967.085 1148.784 0.0 818.30078
384.94 2075.615 1254.164 0.0 821.45056
386.13 1172.375 426.593 0.0 745.78192
387.31 1494.342 618.339 0.0 876.00293
388.49 1275.248 474.688 0.0 800.56012
389.68 1515.285 637.952 0.0 877.33258
390.86 1606.34 567.466 0.0 1038.87378
392.04 2053.781 982.706 0.0 1071.07428
393.22 1533.34 445.466 0.0 1087.87381
394.41 1460.303 473.202 0.0 987.10132
395.59 1255.826 193.463 0.0 1062.36353
396.77 1776.711 552.689 0.0 1224.02271
397.95 1875.269 637.576 0.0 1237.69305
399.13 2146.17 792.678 0.0 1353.49188
400.31 1881.057 447.511 0.0 1433.54504
401.5 2155.204 626.304 0.0 1528.8999
402.68 2380.845 734.712 0.0 1646.13226
403.86 1954.257 434.445 0.0 1519.81195
405.04 2515.502 807.263 0.0 1708.23907
406.22 2058.121 367.783 0.0 1690.33807
407.4 2461.483 697.013 0.0 1764.47034
408.58 2730.69 814.301 0.0 1916.38977
409.76 2823.01 947.755 0.0 1875.25568
410.94 2520.84 624.466 0.0 1896.37366
412.12 2431.041 502.9 0.0 1928.14081
413.3 2453.338 359.093 0.0 2094.24451
414.48 2333.907 371.111 0.0 1962.7962
415.66 2548.557 445.277 0.0 2103.28012
416.84 3457.866 1233.1 0.0 2224.76526
418.02 2763.995 623.378 0.0 2140.61639
419.2 2565.31 419.586 0.0 2145.72397
420.38 2865.854 583.97 0.0 2281.88409
421.56 2747.933 427.245 0.0 2320.68759
422.74 3517.663 1081.794 0.0 2435.86902
423.92 3286.451 865.995 0.0 2420.4563
425.1 3051.907 464.111 0.0 2587.7962
426.28 2880.914 405.995 0.0 2474.91888
427.46 4110.9 1356.492 0.0 2754.40845
428.63 3211.889 571.861 0.0 2640.02753
429.81 3186.29 687.964 0.0 2498.32611
430.99 3497.585 754.784 0.0 2742.8009
432.17 3996.333 1145.347 0.0 2850.98621
433.35 3710.209 827.316 0.0 2882.89343
434.52 3069.205 155.069 0.0 2914.1351
435.7 3354.472 376.383 0.0 2978.08911
436.88 3865.879 840.104 0.0 3025.77545
438.06 3728.052 552.531 0.0 3175.52179
439.23 3665.421 399.115 0.0 3266.30637
440.41 4143.926 594.126 0.0 3549.79987
441.59 4456.799 828.456 0.0 3628.34302
442.77 3986.133 276.679 0.0 3709.4545
443.94 4594.587 760.657 0.0 3833.93005
445.12 4750.778 769.833 0.0 3980.94513
446.3 5196.935 1093.118 0.0 4103.81653
447.47 5141.336 666.72 0.0 4474.6156
448.65 5277.045 720.646 0.0 4556.39911
449.82 4908.045 500.146 0.0 4407.89914
451.0 5308.308 609.213 0.0 4699.09485
452.18 5372.737 476.823 0.0 4895.91422
453.35 5636.101 530.16 0.0 5105.94019
454.53 5661.403 558.865 0.0 5102.5379
455.7 5862.405 334.238 0.0 5528.16681
456.88 6677.179 945.935 0.0 5731.24371
458.05 6279.501 591.763 0.0 5687.73883
459.23 6286.584 315.784 0.0 5970.80066
460.4 6700.101 580.16 0.0 6119.94019
461.58 6995.666 719.432 0.0 6276.23358
462.75 6819.778 315.333 0.0 6504.44513
463.93 7447.739 628.696 0.0 6819.04309
465.1 7462.228 525.065 0.0 6937.16235
466.28 7211.329 218.101 0.0 6993.22787
467.45 7301.601 146.66 0.0 7154.9402
468.63 7897.446 523.249 0.0 7374.19775
469.8 8509.599 870.287 0.0 7639.31128
470.97 8000.488 405.259 0.0 7595.22867
472.15 8269.619 595.675 0.0 7673.94385
473.32 8543.829 704.601 0.0 7839.22791
474.49 8832.928 859.499 0.0 7973.42877
475.67 8606.219 507.573 0.0 8098.64575
476.84 8384.246 327.08 0.0 8057.16602
478.01 9071.334 636.347 0.0 8434.98669
479.19 8809.827 548.728 0.0 8261.09894
480.36 8654.511 309.02 0.0 8345.49063
481.53 9046.527 596.897 0.0 8449.63068
482.7 8969.439 497.129 0.0 8472.31003
483.88 8846.507 275.774 0.0 8570.73279
485.05 8849.68 361.935 0.0 8487.74423
486.22 8931.519 478.405 0.0 8453.11404
487.39 8644.765 333.595 0.0 8311.16968
488.56 8972.444 485.876 0.0 8486.56882
489.74 9407.216 897.2 0.0 8510.01587
490.91 8706.522 242.651 0.0 8463.87186
492.08 8761.944 375.876 0.0 8386.06882
493.25 8458.771 278.714 0.0 8180.0574
494.42 8566.521 476.778 0.0 8089.74295
495.59 8485.451 417.26 0.0 8068.19125
496.76 8638.474 465.756 0.0 8172.71802
497.93 8431.345 610.478 0.0 7820.86694
499.1 8390.924 572.753 0.0 7818.17096
500.27 8937.576 1040.792 0.0 7896.78455
501.44 8881.066 1228.534 0.0 7652.53223
502.61 7894.967 423.137 0.0 7471.83078
503.78 8046.615 629.929 0.0 7416.68555
504.95 8624.831 1123.474 0.0 7501.35681
506.12 7987.17 696.943 0.0 7290.22711
507.29 7369.661 335.186 0.0 7034.47528
508.46 7216.578 32.165 0.0 7184.41342
509.63 8388.578 1258.165 0.0 7130.41345
510.8 8277.37 1179.612 0.0 7097.7583
511.97 7269.135 558.552 0.0 6710.58344
513.14 6994.002 258.528 0.0 6735.474
514.31 7649.896 785.746 0.0 6864.15021
515.48 7310.433 495.01 0.0 6815.42279
516.65 7131.774 525.087 0.0 6606.68683
517.81 6968.631 355.806 0.0 6612.82507
518.98 7159.47 695.01 0.0 6464.46021
520.15 6364.903 161.13 0.0 6203.77309
521.32 7084.343 703.605 0.0 6380.73804
522.49 8002.405 1502.503 0.0 6499.90198
523.65 7508.338 1158.859 0.0 6349.47974
524.82 6851.718 638.073 0.0 6213.64526
525.99 6323.96 78.517 0.0 6245.44307
527.16 6994.373 631.25 0.0 6363.12292
528.32 6892.147 730.182 0.0 6161.96466
529.49 6576.898 411.619 0.0 6165.27957
530.66 6227.33 114.367 0.0 6112.96307
531.82 6239.762 180.957 0.0 6058.80557
532.99 6551.007 320.274 0.0 6230.73279
534.16 6601.938 444.256 0.0 6157.68109
535.32 6986.004 794.401 0.0 6191.60339
536.49 6383.532 294.408 0.0 6089.12418
537.65 7161.163 1011.059 0.0 6150.10419
538.82 6225.172 321.816 0.0 5903.35602
539.99 6782.799 642.721 0.0 6140.07819
541.15 7016.0 818.39 0.0 6197.60986
542.32 6356.309 147.979 0.0 6208.33002
543.48 7181.0 811.155 0.0 6369.84509
544.65 7083.012 992.785 0.0 6090.22632
545.81 8182.076 1483.292 0.0 6698.78406
546.98 7081.806 503.106 0.0 6578.70062
548.14 7590.076 783.792 0.0 6806.284
549.31 7017.894 402.873 0.0 6615.02078
550.47 7397.17 469.443 0.0 6927.72708
551.63 7914.631 914.806 0.0 6999.82507
552.8 7339.76 454.584 0.0 6885.17618
553.96 7188.311 459.852 0.0 6728.45892
555.13 7369.198 391.45 0.0 6977.74738
556.29 7996.723 934.084 0.0 7062.63873
557.45 7190.276 274.46 0.0 6915.81573
558.62 7555.267 523.468 0.0 7031.79907
559.78 7973.306 771.606 0.0 7201.70062
560.94 7523.322 371.982 0.0 7151.34015
562.11 7500.237 391.088 0.0 7109.14938
563.27 7091.795 157.975 0.0 6933.81987
564.43 7233.991 32.397 0.0 7201.59325
565.59 7363.219 205.838 0.0 7157.38045
566.76 7446.718 351.073 0.0 7095.64526
567.92 7707.76 571.349 0.0 7136.41138
569.08 7983.558 715.042 0.0 7268.51556
570.24 7717.525 352.024 0.0 7365.50128
571.4 7400.866 226.366 0.0 7174.50049
572.57 7534.233 367.342 0.0 7166.89108
573.73 7228.988 55.524 0.0 7173.46385
574.89 7596.166 452.697 0.0 7143.46878
576.05 7827.55 476.158 0.0 7351.39264
577.21 7589.271 157.714 0.0 7431.5574
578.37 7225.712 18.954 0.0 7206.75802
579.53 7509.958 193.644 0.0 7316.31416
580.69 8005.03 597.535 0.0 7407.49475
581.85 7628.574 351.919 0.0 7276.65509
583.01 7633.921 401.88 0.0 7232.04156
584.17 7927.228 484.83 0.0 7442.39755
585.33 7980.46 572.517 0.0 7407.94305
586.49 7576.965 377.763 0.0 7199.20187
587.65 7920.521 573.278 0.0 7347.24292
588.81 7972.975 566.521 0.0 7406.45374
589.97 8257.629 929.433 0.0 7328.19617
591.13 7460.011 421.02 0.0 7038.99112
592.29 7545.682 336.574 0.0 7209.10834
593.45 7180.265 213.595 0.0 6966.66968
594.61 7219.635 134.052 0.0 7085.5834
595.77 7160.739 196.961 0.0 6963.77831
596.93 7009.288 91.091 0.0 6918.19695
598.09 7379.424 382.753 0.0 6996.67096
599.24 6901.654 138.067 0.0 6763.58754
600.4 7140.965 291.763 0.0 6849.20187
601.56 7057.463 233.39 0.0 6824.07248
602.72 7276.848 368.616 0.0 6908.23154
603.87 7194.604 473.064 0.0 6721.53998
605.03 6813.848 232.116 0.0 6581.73154
606.19 6702.447 148.514 0.0 6553.93292
607.35 6467.182 -3.926 0.0 6471.10832
608.5 7048.726 594.457 0.0 6454.26819
609.66 7457.486 989.651 0.0 6467.83447
610.82 6428.604 146.299 0.0 6282.30479
611.97 6451.723 125.084 0.0 6326.63876
613.13 6714.387 573.754 0.0 6140.63354
614.29 6595.364 496.993 0.0 6098.37109
615.44 6740.043 717.539 0.0 6022.50494
616.6 6163.945 180.141 0.0 5983.80402
617.76 6590.392 663.0 0.0 5927.39185
618.91 6497.122 726.314 0.0 5770.80847
620.07 6597.585 641.049 0.0 5956.53583
621.22 5756.654 17.567 0.0 5739.08755
622.38 6815.223 1061.084 0.0 5754.13879
623.53 5652.366 78.366 0.0 5574.00048
624.69 5688.931 112.137 0.0 5576.79338
625.84 5669.058 217.542 0.0 5451.51555
627.0 5947.29 488.964 0.0 5458.32635
628.15 5633.292 -0.398 0.0 5633.69046
629.31 5655.12 318.175 0.0 5336.94434
630.46 5112.267 -23.532 0.0 5135.79909
631.61 5552.417 374.134 0.0 5178.28323
632.77 5545.175 228.189 0.0 5316.98541
633.92 5743.921 495.38 0.0 5248.54156
635.08 6230.732 949.577 0.0 5281.15588
636.23 5425.322 308.482 0.0 5116.84015
637.38 4904.35 -74.511 0.0 4978.86093
638.54 5826.451 654.76 0.0 5171.69122
639.69 5933.191 936.831 0.0 4996.36017
640.84 5491.009 490.402 0.0 5000.60706
641.99 4949.535 97.409 0.0 4852.12628
643.15 5779.562 816.916 0.0 4962.646
644.3 4987.587 95.422 0.0 4892.16521
645.45 4660.614 -58.071 0.0 4718.68491
646.6 5679.64 811.436 0.0 4868.2041
647.75 4826.666 161.942 0.0 4664.72383
648.91 4526.192 -136.551 0.0 4662.74306
650.06 4847.718 225.455 0.0 4622.26277
651.21 5101.744 417.462 0.0 4684.28198
652.36 4986.271 450.969 0.0 4535.3017
653.51 4681.296 101.475 0.0 4579.82091
654.66 4829.322 273.982 0.0 4555.34012
655.81 5124.849 651.989 0.0 4472.85986
656.96 4372.875 69.495 0.0 4303.37905
658.11 4720.901 365.002 0.0 4355.89877
659.27 4956.927 531.009 0.0 4425.91797
660.42 4426.453 29.015 0.0 4397.43769
661.57 4739.979 421.022 0.0 4318.95691
662.72 4132.005 -139.971 0.0 4271.97661
663.87 4223.031 -99.965 0.0 4322.99583
665.01 4559.558 316.042 0.0 4243.51553
666.16 4287.083 41.049 0.0 4246.03476
667.31 4403.61 95.555 0.0 4308.05447
668.46 5262.136 760.562 0.0 4501.57367
669.61 4456.662 206.069 0.0 4250.5934
670.76 4327.188 4.575 0.0 4322.61261
671.91 5200.214 769.582 0.0 4430.63232
673.06 4871.24 519.589 0.0 4351.65155
674.21 4108.767 -161.405 0.0 4270.17125
675.35 4542.292 284.102 0.0 4258.19046
676.5 4453.319 167.609 0.0 4285.71017
677.65 4287.345 72.615 0.0 4214.72939
678.8 4003.871 -110.878 0.0 4114.74886
679.94 4299.897 40.629 0.0 4259.26832
681.09 4671.923 370.135 0.0 4301.78754
682.24 4836.949 363.142 0.0 4473.80725
683.39 4337.975 -1.851 0.0 4339.82646
684.53 4824.501 558.155 0.0 4266.34619
685.68 4532.027 214.662 0.0 4317.36539
686.83 4741.554 301.169 0.0 4440.3851
687.97 4525.58 298.175 0.0 4227.40433
689.12 4518.106 178.182 0.0 4339.92403
690.27 4413.132 68.189 0.0 4344.94324
691.41 4759.658 468.195 0.0 4291.46295
692.56 4595.184 358.702 0.0 4236.48218
693.7 4671.21 378.709 0.0 4292.50186
694.85 4090.236 48.215 0.0 4042.0211
695.99 4628.263 398.222 0.0 4230.0408
697.14 4352.789 184.229 0.0 4168.56001
698.28 4626.315 342.735 0.0 4283.57971
699.43 4513.341 391.242 0.0 4122.09894
700.57 4066.867 -74.251 0.0 4141.11841
701.72 3966.893 -50.745 0.0 4017.63787
702.86 3851.419 -107.738 0.0 3959.15733
704.01 4030.445 50.269 0.0 3980.1768
705.15 4582.471 433.275 0.0 4149.19601
706.29 4168.498 126.782 0.0 4041.71572
707.44 4218.023 171.288 0.0 4046.73494
708.58 3912.05 -124.205 0.0 4036.25465
709.72 4669.576 629.302 0.0 4040.27386
710.87 3823.102 -137.192 0.0 3960.29358
712.01 3891.628 0.315 0.0 3891.3128
713.15 4122.154 217.322 0.0 3904.8325
714.3 4301.18 348.828 0.0 3952.35172
715.44 3960.706 92.335 0.0 3868.37119
716.58 3987.232 277.342 0.0 3709.89066
717.72 3750.259 52.848 0.0 3697.41011
718.87 3985.285 240.855 0.0 3744.42958
720.01 3879.811 117.362 0.0 3762.44904
721.15 3627.337 -54.132 0.0 3681.4685
722.29 4059.863 345.875 0.0 3713.98798
723.43 4207.389 498.882 0.0 3708.50742
724.57 4029.415 450.388 0.0 3579.02689
725.72 3921.441 244.895 0.0 3676.54636
726.86 4361.967 678.902 0.0 3683.06555
728.0 3759.494 164.408 0.0 3595.08528
729.14 3574.02 -2.085 0.0 3576.10474
730.28 4144.046 481.422 0.0 3662.62421
731.42 3538.572 10.928 0.0 3527.64367
732.56 4380.098 722.435 0.0 3657.66315
733.7 3849.124 386.942 0.0 3462.18259
734.84 3296.65 -127.052 0.0 3423.70206
735.98 3614.676 148.955 0.0 3465.72128
737.12 3374.202 -3.038 0.0 3377.24074
738.26 3391.229 17.468 0.0 3373.7602
739.4 3605.755 228.475 0.0 3377.27966
740.53 3674.781 407.482 0.0 3267.29913
741.67 3570.807 273.488 0.0 3297.3186
742.81 3058.833 -222.505 0.0 3281.33806
743.95 3449.359 241.002 0.0 3208.35751
745.09 3197.385 19.508 0.0 3177.87698
746.23 3522.911 399.515 0.0 3123.39645
747.36 3658.438 453.522 0.0 3204.91589
748.5 3098.464 60.028 0.0 3038.43537
749.64 3111.99 25.035 0.0 3086.95483
750.78 3095.516 -5.458 0.0 3100.9743
751.92 3068.542 74.548 0.0 2993.99376
753.05 3054.068 155.555 0.0 2898.51323
754.19 3655.594 635.562 0.0 3020.03271
755.33 2769.12 -151.932 0.0 2921.05215
756.46 3131.146 245.075 0.0 2886.07161
757.6 2819.173 82.082 0.0 2737.09108
758.74 3437.198 562.088 0.0 2875.11029
759.87 3024.225 244.595 0.0 2779.62976
761.01 2948.751 271.102 0.0 2677.64923
762.14 2827.277 234.608 0.0 2592.66869
763.28 3062.803 408.115 0.0 2654.68814
764.41 2801.329 249.121 0.0 2552.20761
765.55 2443.855 -123.872 0.0 2567.72707
766.69 2913.881 289.635 0.0 2624.24655
767.82 2827.407 266.641 0.0 2560.76599
768.95 2478.934 26.148 0.0 2452.78546
770.09 3181.96 737.655 0.0 2444.30493
771.22 3264.486 661.661 0.0 2602.8244
772.36 3035.512 504.168 0.0 2531.34384
773.49 2972.538 489.175 0.0 2483.36331
774.63 2531.564 196.181 0.0 2335.38278
775.76 2566.59 154.688 0.0 2411.90224
776.89 2753.616 428.195 0.0 2325.42169
778.03 2662.643 360.201 0.0 2302.44116
779.16 2258.669 8.708 0.0 2249.96063
780.29 2527.195 308.215 0.0 2218.9801
781.43 2813.721 606.221 0.0 2207.49957
782.56 2440.247 315.228 0.0 2125.01877
783.69 2184.773 11.735 0.0 2173.03824
784.82 2345.799 233.241 0.0 2112.55771
785.96 2231.325 116.748 0.0 2114.57716
787.09 2150.851 204.255 0.0 1946.59663
788.22 2335.377 394.261 0.0 1941.11609
789.35 2042.404 157.768 0.0 1884.63556
790.48 2107.43 142.275 0.0 1965.15501
791.62 2590.956 580.281 0.0 2010.6745
792.75 1880.982 5.288 0.0 1875.69394
793.88 2513.008 737.795 0.0 1775.21338
795.01 2217.034 353.801 0.0 1863.23288
796.14 2276.06 404.808 0.0 1871.25232
797.27 2372.586 493.815 0.0 1878.77179
798.4 2061.613 283.321 0.0 1778.29126
799.53 1748.139 -4.672 0.0 1752.8106
800.66 2016.165 316.335 0.0 1699.83008
801.79 3190.191 1276.841 0.0 1913.34961
802.92 1960.217 199.848 0.0 1760.36899
804.05 2067.243 381.855 0.0 1685.38858
805.18 1897.769 290.861 0.0 1606.90793
806.31 1824.295 215.868 0.0 1608.42738
807.44 1540.821 -64.625 0.0 1605.44685
808.57 1962.848 400.381 0.0 1562.46631
809.69 1983.374 400.888 0.0 1582.48578
810.82 1399.4 -163.605 0.0 1563.00523
811.95 2757.426 988.401 0.0 1769.0246
813.08 1650.952 103.908 0.0 1547.04404
814.21 2655.478 1064.915 0.0 1590.56348
815.33 1780.004 282.921 0.0 1497.08298
816.46 1801.03 308.928 0.0 1492.10242
817.59 2278.056 847.435 0.0 1430.62189
818.72 1941.083 504.441 0.0 1436.64136
819.84 2407.609 896.448 0.0 1511.16083
820.97 1952.635 446.454 0.0 1506.18027
822.1 2002.161 593.961 0.0 1408.19977
823.22 1262.187 -30.532 0.0 1292.71908
824.35 1351.713 92.474 0.0 1259.23855
825.48 1907.239 574.481 0.0 1332.758
826.6 1571.265 310.488 0.0 1260.77747
827.73 1051.791 -144.506 0.0 1196.29694
828.85 1524.818 268.501 0.0 1256.31641
829.98 1915.344 610.008 0.0 1305.33588
831.11 1261.87 70.014 0.0 1191.85532
832.23 1262.396 81.521 0.0 1180.87479
833.36 1784.922 524.528 0.0 1260.39423
834.48 1516.948 259.034 0.0 1257.9136
835.6 1640.474 482.041 0.0 1158.43304
836.73 1082.5 -7.952 0.0 1090.45252
837.85 1688.526 535.054 0.0 1153.47198
838.98 986.052 -104.439 0.0 1090.49145
840.1 1599.579 458.568 0.0 1141.01089
841.23 1485.105 371.074 0.0 1114.03036
842.35 1885.631 720.581 0.0 1165.0498
843.47 1288.157 248.588 0.0 1039.56929
844.6 1034.683 26.594 0.0 1008.08876
845.72 1244.709 155.101 0.0 1089.60811
846.84 1234.235 134.608 0.0 1099.62756
847.96 1131.761 139.114 0.0 992.64703
849.09 1063.287 58.121 0.0 1005.16649
850.21 1231.314 232.628 0.0 998.68596
851.33 1453.34 385.134 0.0 1068.20541
852.45 1062.366 25.141 0.0 1037.22488
853.57 1302.892 232.148 0.0 1070.74434
854.7 1056.418 67.654 0.0 988.76381
855.82 966.444 -0.339 0.0 966.78321
856.94 1557.97 485.168 0.0 1072.80273
858.06 796.996 -64.326 0.0 861.32214
859.18 1371.522 425.181 0.0 946.34152
860.3 1106.549 244.688 0.0 861.86099
861.42 754.075 -89.306 0.0 843.38046
862.54 835.101 -65.799 0.0 900.89993
863.66 891.127 50.708 0.0 840.41939
864.78 1052.653 186.714 0.0 865.93886
865.9 1187.179 244.221 0.0 942.95831
867.02 2276.205 1277.228 0.0 998.97778
868.14 1827.231 879.234 0.0 947.99725
869.26 1461.257 575.741 0.0 885.5166
870.38 717.784 -90.252 0.0 808.03611
871.5 788.81 -94.746 0.0 883.55551
872.62 920.836 69.761 0.0 851.07497
873.74 1577.362 699.268 0.0 878.09442
874.85 827.875 40.271 0.0 787.60417
875.97 1133.375 286.271 0.0 847.10416
877.09 1233.875 373.271 0.0 860.60416
878.21 1024.375 220.771 0.0 803.60417
879.33 1095.875 334.771 0.0 761.10416
880.44 1008.875 254.771 0.0 754.10417
881.56 911.875 111.271 0.0 800.60416
882.68 1061.375 256.271 0.0 805.10416
883.79 1731.875 826.771 0.0 905.10419
884.91 660.375 -58.229 0.0 718.60417
886.03 1246.875 456.271 0.0 790.60416
887.14 1463.375 659.271 0.0 804.10419
888.26 1599.375 777.271 0.0 822.10419
889.38 1385.375 636.271 0.0 749.10419
890.49 626.875 -89.729 0.0 716.60416
891.61 1078.875 307.771 0.0 771.10416
892.72 782.375 -13.229 0.0 795.60417
893.84 537.875 -99.229 0.0 637.10416
894.95 649.375 -87.229 0.0 736.60416
896.07 957.375 152.271 0.0 805.10417
897.18 1198.375 384.271 0.0 814.10416
898.3 714.375 -41.229 0.0 755.60417
899.41 1355.875 577.271 0.0 778.60419
900.53 1030.375 335.771 0.0 694.60416
901.64 1255.375 462.271 0.0 793.10416
902.75 1032.375 262.771 0.0 769.60416
903.87 842.375 116.771 0.0 725.60416
904.98 1145.875 403.771 0.0 742.10416
906.09 939.375 235.771 0.0 703.60417
907.21 1138.375 438.771 0.0 699.60416
908.32 889.875 198.271 0.0 691.60417
909.43 1339.375 650.771 0.0 688.60419
910.54 1046.375 280.271 0.0 766.10416
911.66 1933.375 1160.771 0.0 772.60413
912.77 793.875 85.771 0.0 708.10416
913.88 976.375 300.271 0.0 676.10416
914.99 659.375 69.271 0.0 590.10416
916.1 1010.375 349.771 0.0 660.60416
917.22 683.875 58.771 0.0 625.10417
918.33 1331.875 688.771 0.0 643.10419
919.44 844.375 270.271 0.0 574.10416
920.55 1438.875 660.771 0.0 778.10419
921.66 1106.375 428.771 0.0 677.60416
922.77 1086.875 488.271 0.0 598.60416
923.88 1227.375 623.271 0.0 604.10419
924.99 962.875 373.771 0.0 589.10416
926.1 554.875 -11.229 0.0 566.10417
927.21 1304.375 652.771 0.0 651.60419
928.32 461.875 -84.729 0.0 546.60416
929.43 853.375 251.771 0.0 601.60417
930.54 690.875 111.271 0.0 579.60416
931.65 831.875 266.271 0.0 565.60416
932.76 940.875 381.771 0.0 559.10416
933.86 826.875 302.271 0.0 524.60416
934.97 599.875 113.771 0.0 486.10416
936.08 677.375 164.771 0.0 512.60417
937.19 1256.375 708.271 0.0 548.10419
938.3 878.875 472.271 0.0 406.60416
939.4 1131.875 674.771 0.0 457.10419
940.51 635.375 305.271 0.0 330.10416
941.62 907.375 503.771 0.0 403.60416
942.73 1571.375 1102.771 0.0 468.60413
943.83 681.875 302.771 0.0 379.10416
944.94 727.875 338.271 0.0 389.60416
946.05 252.375 -35.729 0.0 288.10417
947.15 341.375 -25.729 0.0 367.10417
948.26 564.375 228.771 0.0 335.60417
949.36 394.375 98.271 0.0 296.10416
950.47 748.875 326.771 0.0 422.10416
951.57 1320.875 844.771 0.0 476.10419
952.68 967.875 568.771 0.0 399.10419
953.79 904.375 439.271 0.0 465.10416
954.89 479.375 121.771 0.0 357.60416
955.99 800.875 391.271 0.0 409.60416
957.1 591.375 230.271 0.0 361.10417
958.2 820.875 271.271 0.0 549.60416
959.31 872.875 455.771 0.0 417.10416
960.41 543.375 130.271 0.0 413.10417
961.52 426.375 10.271 0.0 416.10417
962.62 931.875 493.771 0.0 438.10416
963.72 293.375 -50.729 0.0 344.10417
964.83 234.875 -70.729 0.0 305.60416
965.93 761.375 341.771 0.0 419.60416
967.03 1101.375 714.271 0.0 387.10419
968.13 941.375 466.771 0.0 474.60416
969.24 531.375 175.771 0.0 355.60417
970.34 621.875 206.771 0.0 415.10417
971.44 633.375 265.771 0.0 367.60416
972.54 732.375 346.771 0.0 385.60416
973.64 521.875 142.271 0.0 379.60417
974.75 1471.375 1069.771 0.0 401.60413
975.85 3919.375 3162.271 0.0 757.10425
976.95 578.375 189.771 0.0 388.60417
978.05 978.375 525.771 0.0 452.60419
979.15 1352.375 896.271 0.0 456.10419
980.25 399.875 99.771 0.0 300.10416
981.35 576.875 179.271 0.0 397.60417
982.45 1346.375 891.771 0.0 454.60419
983.55 874.875 462.771 0.0 412.10416
984.65 830.875 418.271 0.0 412.60416
985.75 1067.375 675.271 0.0 392.10419
986.85 787.875 372.271 0.0 415.60416
987.95 537.875 185.271 0.0 352.60417
989.05 1199.375 783.271 0.0 416.10419
990.15 1037.375 628.271 0.0 409.10419
991.25 693.875 443.271 0.0 250.60416
992.34 1168.375 835.771 0.0 332.60419
993.44 691.875 478.271 0.0 213.60416
994.54 696.375 386.771 0.0 309.60416
995.64 1074.875 731.271 0.0 343.60419
996.74 1205.875 789.271 0.0 416.60419
997.83 312.875 73.771 0.0 239.10416
998.93 643.875 315.271 0.0 328.60416
1000.03 1599.875 1230.771 0.0 369.10413
1001.12 1138.375 704.771 0.0 433.60419
1002.22 1163.875 729.271 0.0 434.60419
1003.32 570.875 272.271 0.0 298.60416
1004.41 786.375 467.271 0.0 319.10416
1005.51 707.375 402.771 0.0 304.60416
1006.6 452.875 188.771 0.0 264.10417
1007.7 929.875 624.271 0.0 305.60419
1008.8 318.875 103.271 0.0 215.60416
1009.89 862.875 577.771 0.0 285.10419
1010.99 693.875 384.771 0.0 309.10416
1012.08 355.875 47.271 0.0 308.60417
1013.18 678.875 394.271 0.0 284.60416
1014.27 485.375 202.271 0.0 283.10417
1015.36 672.875 334.271 0.0 338.60416
1016.46 717.875 402.771 0.0 315.10416
1017.55 371.375 148.271 0.0 223.10417
1018.65 754.375 496.771 0.0 257.60416
1019.74 930.375 586.771 0.0 343.60419
1020.83 740.875 505.271 0.0 235.60416
1021.93 623.375 280.271 0.0 343.10416
1023.02 297.875 38.271 0.0 259.60417
1024.11 300.875 63.771 0.0 237.10417
1025.2 329.375 88.271 0.0 241.10416
1026.3 728.875 454.271 0.0 274.60416
1027.39 899.875 597.771 0.0 302.10419
1028.48 736.875 486.771 0.0 250.10416
1029.57 586.375 312.771 0.0 273.60416
1030.66 722.875 451.771 0.0 271.10416
1031.75 1876.375 1483.271 0.0 393.10413
1032.84 868.375 652.771 0.0 215.60419
1033.94 442.875 161.271 0.0 281.60417
1035.03 918.875 773.771 0.0 145.10419
1036.12 279.875 90.271 0.0 189.60416
1037.21 296.875 66.771 0.0 230.10416
1038.3 803.375 522.771 0.0 280.60419
1039.39 315.875 153.271 0.0 162.60417
1040.48 707.875 455.771 0.0 252.10416
1041.57 844.875 616.271 0.0 228.60419
1042.66 672.375 441.771 0.0 230.60416
1043.74 743.375 508.271 0.0 235.10416
1044.83 710.375 543.271 0.0 167.10419
1045.92 229.875 45.771 0.0 184.10417
1047.01 886.375 617.771 0.0 268.60419
1048.1 290.875 96.771 0.0 194.10416
1049.19 658.875 502.271 0.0 156.60416
1050.27 551.875 342.271 0.0 209.60416
1051.36 529.875 305.271 0.0 224.60416
1052.45 785.375 469.771 0.0 315.60416
1053.54 657.375 466.771 0.0 190.60416
1054.62 739.875 525.271 0.0 214.60419
1055.71 676.375 467.771 0.0 208.60416
1056.8 883.875 688.271 0.0 195.60419
1057.88 494.875 328.771 0.0 166.10416
1058.97 736.375 458.771 0.0 277.60416
1060.06 1191.375 834.771 0.0 356.60419
1061.14 528.875 367.771 0.0 161.10416
1062.23 1947.375 1608.271 0.0 339.10413
1063.31 794.875 547.271 0.0 247.60419
1064.4 489.875 279.271 0.0 210.60416
1065.48 673.375 526.771 0.0 146.60419
1066.57 534.375 362.771 0.0 171.60416
1067.65 726.375 543.771 0.0 182.60419
1068.74 506.375 357.271 0.0 149.10416
1069.82 785.375 544.271 0.0 241.10419
1070.9 2502.875 2151.771 0.0 351.10425
1071.99 773.375 561.771 0.0 211.60419
1073.07 761.875 491.771 0.0 270.10416
1074.15 807.375 576.771 0.0 230.60419
1075.24 703.875 526.771 0.0 177.10419
1076.32 801.375 625.771 0.0 175.60419
1077.4 1200.375 963.771 0.0 236.60419
1078.49 428.875 218.271 0.0 210.60417
1079.57 883.875 655.271 0.0 228.60419
1080.65 1171.375 866.771 0.0 304.60419
1081.73 615.875 382.771 0.0 233.10416
1082.81 436.875 238.271 0.0 198.60417
1083.89 749.375 548.771 0.0 200.60419
1084.98 776.875 533.271 0.0 243.60419
1086.06 429.875 267.771 0.0 162.10416
1087.14 404.375 283.771 0.0 120.60416
1088.22 625.875 524.771 0.0 101.10419
1089.3 432.875 261.771 0.0 171.10416
1090.38 1345.375 1101.771 0.0 243.60413
1091.46 842.375 598.771 0.0 243.60419
1092.54 521.875 405.771 0.0 116.10416
1093.62 586.875 412.771 0.0 174.10416
1094.7 367.375 186.271 0.0 181.10417
1095.78 638.875 490.771 0.0 148.10416
1096.86 780.375 545.771 0.0 234.60419
1097.93 1422.375 1146.271 0.0 276.10413
1099.01 968.375 802.271 0.0 166.10419
1100.09 452.375 334.271 0.0 118.10416
