196.55 1344.345 1299.977 1468.077 26.39431
197.76 1824.63 1894.409 1982.22 -79.46504
198.96 1656.142 1747.928 1816.471 -133.91048
200.16 1084.067 1105.313 1221.466 -18.29155
201.36 1971.483 1973.947 2131.243 -1.56616
202.56 1303.842 1390.732 1472.275 -106.55733
203.76 1199.149 1081.438 1313.596 50.70282
204.96 1254.955 1374.643 1489.417 -104.28151
206.16 998.894 950.05 1030.371 60.81036
207.36 1617.51 1619.226 1776.337 -1.09265
208.56 1456.109 1390.377 1568.635 36.87438
209.76 850.991 937.698 1050.461 -76.89257
210.96 1265.09 1237.848 1334.759 28.10985
212.16 2530.316 2486.932 2571.158 51.50902
213.36 1453.026 1530.752 1573.505 -181.80097
214.56 1173.327 1225.948 1408.201 -28.87265
215.76 2246.649 2293.438 2320.096 -175.51308
216.96 1958.195 1917.508 1996.182 51.71536
218.16 1326.237 1385.572 1408.352 -260.47307
219.35 1026.411 1019.576 1202.039 3.7459
220.55 1203.398 1276.057 1310.288 -212.25453
221.75 1109.257 1096.342 1259.321 7.92436
222.95 1841.425 1844.598 1978.999 -2.36075
224.15 1540.297 1464.403 1641.282 42.90738
225.35 1126.331 1166.454 1284.117 -34.10018
226.55 1070.915 1085.582 1204.456 -12.33859
227.75 1730.925 1747.598 1830.999 -19.99136
228.94 1477.991 1510.198 1600.461 -35.68083
230.14 1320.545 1342.781 1325.881 0.0
231.34 1151.596 1145.358 1248.385 6.05501
232.54 1053.083 1008.838 1151.134 31.09379
233.74 1093.191 1134.002 1163.766 -137.11581
234.93 1058.343 1091.973 1243.868 -22.14031
236.13 1251.569 1251.316 1453.674 0.12481
237.33 1192.736 1214.81 1369.736 -14.24813
238.53 1128.885 1105.537 1252.538 15.883
239.72 1712.617 1723.89 1862.469 -8.13446
240.92 782.008 868.223 1023.629 -55.47774
242.12 1540.43 1572.605 1695.416 -26.19875
243.31 1100.535 1111.265 1178.839 -15.87866
244.51 969.113 915.883 1085.052 31.46531
245.71 1644.432 1654.108 1725.124 -13.62531
246.9 2007.113 2026.883 2165.052 -14.30884
248.1 1281.14 1325.425 1459.762 -32.96523
249.3 1277.714 1312.037 1334.059 -155.86025
250.49 1241.724 1197.553 1339.601 31.09608
251.69 1381.55 1418.787 1554.798 -27.37834
252.89 1241.319 1308.197 1312.482 -1560.68824
254.08 829.991 851.698 932.461 -26.87696
255.28 1286.161 1361.457 1415.847 -138.43623
256.47 828.014 761.733 1026.254 25.05699
257.67 1462.755 1465.839 1613.613 -2.08688
258.86 1643.375 1596.021 1741.495 32.55122
260.06 1218.226 1282.056 1394.31 -56.86215
261.26 1879.585 1863.842 1951.342 17.9929
262.45 1259.075 1317.326 1393.8 -76.17023
263.65 807.817 759.694 938.774 26.87243
264.84 1392.094 1345.354 1546.176 23.27413
266.04 1025.819 1036.697 1180.982 -7.53919
267.23 820.815 771.191 888.565 42.27853
268.42 983.062 1041.806 1127.049 -68.9141
269.62 1216.529 1262.255 1321.714 -76.90517
270.81 1210.472 1305.169 1430.585 -75.50615
272.01 1234.579 1258.332 1365.717 -22.11946
273.2 1536.391 1534.806 1627.57 1.70833
274.4 882.701 942.518 1080.308 -43.41128
275.59 1375.682 1414.489 1495.432 -47.94325
276.78 1148.982 1240.185 1439.127 -45.84359
277.98 1156.264 1088.614 1215.562 53.28984
279.17 1181.993 1236.701 1340.67 -52.61949
280.37 1188.42 1175.851 1245.989 17.92088
281.56 847.163 750.46 922.555 56.19165
282.75 883.31 926.422 1096.533 -25.34376
283.95 1109.8 1024.668 1228.606 41.74409
285.14 1221.296 1243.162 1343.689 -21.75132
286.33 969.752 1011.095 1123.311 -36.84199
287.52 1318.382 1279.793 1407.236 30.27948
288.72 1584.441 1491.383 1593.573 91.06356
289.91 1880.189 1815.499 1911.557 67.34438
291.1 1425.098 1374.361 1514.093 36.31031
292.29 1265.039 1325.771 1411.256 -71.04432
293.49 1409.769 1328.62 1455.979 63.71638
294.68 998.705 986.524 1047.725 19.9038
295.87 1075.552 1068.79 1214.007 4.65606
297.06 1312.684 1338.492 1506.64 -15.34822
298.26 711.304 667.675 723.523 78.12185
299.45 1109.035 1067.765 1263.839 21.04824
300.64 1160.398 1090.557 1278.288 37.20277
301.83 1213.596 1235.858 1311.385 -29.47524
303.02 989.383 952.534 1155.829 18.12595
304.21 1459.799 1421.406 1557.49 28.2127
305.4 1166.9 1190.06 1275.497 -27.10726
306.59 1230.514 1245.733 1360.254 -13.2891
307.79 1144.581 1138.835 1242.425 5.54684
308.98 853.045 890.781 943.881 -71.06407
310.17 1336.258 1349.625 1641.459 -4.58045
311.36 1085.152 1192.203 1262.92 -151.37965
312.55 1881.116 1951.649 2022.376 -99.72437
313.74 857.197 907.011 1012.391 -47.27128
314.93 1310.609 1384.877 1507.635 -60.49956
316.12 1066.073 1084.322 1211.091 -14.39598
317.31 616.718 674.043 753.976 -71.71727
318.5 778.697 862.011 969.391 -77.58853
319.69 1103.233 1066.066 1293.935 16.31067
320.88 1023.978 990.678 1197.21 16.12332
322.07 908.25 892.091 1097.603 7.86244
323.26 885.409 938.573 1055.331 -45.53343
324.45 680.163 755.96 830.555 -101.61049
325.64 1094.262 1106.111 1205.854 -11.87893
326.83 1280.598 1301.361 1449.093 -14.05436
328.01 1014.151 1025.441 1160.805 -8.34065
329.2 1314.081 1375.835 1560.425 -33.4547
330.39 1011.184 1049.992 1228.64 -21.72301
331.58 830.168 788.466 986.472 21.06051
332.77 1601.564 1655.81 1742.257 -62.74907
333.96 633.22 608.047 782.184 14.45615
335.15 770.634 743.415 939.637 13.87134
336.33 838.168 830.966 980.972 4.80051
337.52 1016.663 1009.46 1153.556 4.99894
338.71 944.142 980.928 1078.471 -37.71244
339.9 913.952 994.399 1018.116 -339.19615
341.08 964.792 1009.655 1130.772 -37.04172
342.27 1183.128 1250.406 1517.511 -25.1878
343.46 1423.976 1489.675 1635.502 -45.05283
344.65 1312.476 1311.675 1542.002 0.34772
345.83 1394.459 1435.15 1622.334 -21.73815
347.02 696.955 753.643 945.917 -29.48301
348.21 1327.062 1364.806 1642.549 -13.58961
349.4 766.119 743.893 982.678 9.30807
350.58 953.884 994.296 1233.445 -16.89829
351.77 821.691 887.002 1020.266 -49.00879
352.96 613.56 615.303 936.341 -0.54292
354.14 957.657 960.451 1360.43 -0.69842
355.33 754.535 846.765 1135.339 -31.96055
356.51 638.353 642.748 907.318 -1.6614
357.7 953.07 1023.578 1319.79 -23.80342
358.89 836.279 817.136 1108.521 6.56962
360.07 1258.849 1247.242 1578.901 3.49959
361.26 1396.835 1492.982 1756.557 -36.47792
362.44 971.018 1073.26 1363.694 -35.20331
363.63 831.161 814.978 1250.37 3.71692
364.81 843.344 874.256 1288.506 -7.46223
366.0 543.296 629.683 966.712 -25.63195
367.18 1905.573 1896.343 2359.114 1.99435
368.37 781.299 798.427 1163.013 -4.69798
369.55 1060.671 1083.732 1477.296 -5.85959
370.74 1315.166 1240.225 1679.88 17.04545
371.92 1504.809 1536.943 1940.055 -7.97139
373.11 856.461 874.174 1243.065 -4.80157
374.29 660.144 727.452 1061.702 -20.13705
375.48 951.864 867.526 1328.476 18.29656
376.66 665.692 803.764 1223.881 -32.86515
377.84 1341.799 1345.927 1844.513 -0.82798
379.03 648.679 733.245 1230.13 -17.01911
380.21 585.398 648.578 1074.811 -14.82279
381.39 408.381 454.052 1008.143 -8.24249
382.58 1148.681 1166.748 1740.839 -3.147
383.76 1454.04 1508.033 2124.371 -8.76032
384.94 1596.612 1619.642 2223.959 -3.811
386.13 724.953 766.661 1266.731 -8.34046
387.31 898.805 934.937 1647.638 -5.06964
388.49 734.396 695.074 1474.103 5.0475
389.68 918.738 1053.334 1788.467 -18.30911
390.86 842.229 942.321 1819.134 -11.41543
392.04 1277.086 1341.604 2229.958 -7.26256
393.22 736.729 752.321 1677.134 -1.68596
394.41 699.887 762.062 1658.769 -6.93361
395.59 344.232 426.825 1514.342 -7.59464
396.77 821.097 870.12 1982.5 -4.40701
397.95 813.664 861.222 2051.171 -3.99664
399.13 1065.603 1231.629 2416.125 -14.01659
400.31 795.001 803.734 2078.026 -0.68536
401.5 962.326 1086.469 2343.223 -9.87802
402.68 1050.881 1132.052 2481.143 -6.01671
403.86 630.242 790.841 2201.884 -11.38154
405.04 1164.053 1253.552 2782.122 -5.85513
406.22 627.839 782.488 2245.974 -10.56717
407.4 1019.403 1139.325 2853.821 -6.99458
408.58 1200.328 1296.472 2907.932 -5.96623
409.76 1258.356 1377.014 3162.142 -6.64701
410.94 940.729 1071.821 2772.134 -7.70987
412.12 769.971 836.928 2742.992 -3.51284
413.3 628.654 804.206 2716.129 -9.18198
414.48 598.643 686.69 2582.086 -4.6453
415.66 693.044 846.54 2731.288 -8.14408
416.84 1564.65 1734.2 3554.712 -9.31332
418.02 906.282 1026.901 3029.345 -6.02361
419.2 603.158 819.713 2781.046 -11.0412
420.38 859.727 939.318 3122.425 -3.64576
421.56 686.063 846.568 3035.165 -7.33371
422.74 1379.833 1479.978 3680.349 -4.55131
423.92 1109.213 1236.296 3499.466 -5.61527
425.1 783.643 880.69 3147.586 -4.28105
426.28 643.414 812.341 3101.863 -7.37828
427.46 1764.416 1867.344 4131.572 -4.54585
428.63 879.994 1013.463 3296.785 -5.84539
429.81 854.433 1043.87 3448.74 -7.87724
430.99 1053.04 1104.033 3604.871 -2.03904
432.17 1468.002 1600.976 4007.119 -5.52641
433.35 1081.521 1226.504 3801.495 -5.63044
434.52 336.87 517.774 3005.485 -7.27192
435.7 551.481 763.944 3347.534 -8.22353
436.88 1026.147 1247.697 3912.503 -8.31389
438.06 838.893 945.309 3680.779 -3.89024
439.23 666.641 814.187 3635.878 -5.22899
440.41 906.836 1128.223 4072.15 -7.52012
441.59 1162.236 1280.331 4219.259 -4.01831
442.77 556.804 816.175 3808.523 -8.66778
443.94 1038.616 1263.649 4410.876 -7.15019
445.12 1037.011 1302.488 4592.453 -8.06932
446.3 1390.139 1652.684 4929.669 -8.01177
447.47 965.078 1265.591 4660.124 -8.85285
448.65 1025.622 1323.658 5051.001 -7.99593
449.82 705.622 981.658 4633.501 -7.55881
451.0 845.582 1109.597 4982.541 -6.81691
452.18 690.017 1024.498 5168.578 -8.0713
453.35 724.614 1095.145 5395.668 -8.61597
454.53 764.492 1108.46 5521.077 -7.7951
455.7 578.067 917.075 5469.582 -7.44661
456.88 1260.45 1576.896 6334.907 -6.6508
458.05 903.053 1201.052 6203.622 -5.95693
459.23 509.04 840.033 6012.872 -6.39868
460.4 877.114 1213.645 6698.668 -6.13546
461.58 950.452 1368.399 6986.616 -7.43914
462.75 536.511 920.488 6707.453 -6.63522
463.93 855.093 1293.113 7132.083 -7.50168
465.1 759.171 1147.732 7311.296 -6.30416
466.28 393.851 836.245 7099.609 -7.06321
467.45 350.114 753.145 7423.668 -6.04198
468.63 788.561 1198.065 8054.956 -5.97216
469.8 1172.538 1508.53 8615.663 -4.72753
470.97 594.055 1016.056 8142.831 -5.92134
472.15 909.806 1255.178 8684.731 -4.64862
473.32 1044.351 1385.245 9044.109 -4.45098
474.49 1213.412 1596.338 9434.655 -4.88531
475.67 728.367 1180.271 9116.277 -5.69434
476.84 581.363 935.264 9161.36 -4.30217
478.01 901.502 1454.476 9788.119 -6.63543
479.19 722.775 1213.63 9915.604 -5.64073
480.36 596.899 1038.319 9834.404 -5.01836
481.53 858.973 1311.931 10236.2 -5.07558
482.7 746.834 1243.219 10415.941 -5.41154
483.88 474.247 993.588 10358.395 -5.54566
485.05 653.95 1163.396 10542.907 -5.43148
486.22 693.17 1204.47 10760.681 -5.35045
487.39 526.056 919.297 10659.924 -4.03712
488.56 817.485 1326.95 11099.951 -5.21298
489.74 1160.792 1634.655 11744.772 -4.68702
490.91 497.321 1006.2 11088.19 -5.04741
492.08 667.485 1161.45 11344.451 -4.85087
493.25 575.783 1010.143 11266.938 -4.23484
494.42 715.245 1195.585 11633.186 -4.60201
495.59 649.256 1161.101 11347.229 -5.02492
496.76 699.057 1146.559 11782.539 -4.20743
497.93 863.424 1370.857 11975.405 -4.78505
499.1 866.76 1318.107 12094.146 -4.18843
500.27 1401.237 1866.572 12625.852 -4.32497
501.44 1617.391 2012.306 12511.57 -3.76136
502.61 645.83 1113.213 11912.024 -4.3281
503.78 841.655 1312.947 12427.222 -4.24042
504.95 1449.426 1927.86 13074.114 -4.29233
506.12 1012.146 1483.934 12602.388 -4.24329
507.29 550.3 997.668 12047.105 -4.04879
508.46 224.813 633.687 12112.856 -3.56188
509.63 1501.313 1972.687 13488.356 -4.09333
510.8 1481.844 1968.735 13609.483 -4.18264
511.97 781.38 1234.79 13305.027 -3.75643
513.14 480.596 834.858 12912.385 -2.93323
514.31 1045.264 1533.614 13660.062 -4.02714
515.48 745.106 1162.874 13197.927 -3.47125
516.65 708.859 1094.758 13095.943 -3.21551
517.81 567.729 999.559 13167.518 -3.54892
518.98 877.905 1274.828 13791.529 -3.17115
520.15 363.535 784.265 13329.339 -3.35375
521.32 956.849 1327.242 14291.4 -2.85706
522.49 1845.611 2226.88 15044.844 -2.97449
523.65 1477.697 1927.011 15039.391 -3.42664
524.82 963.367 1242.271 14595.277 -2.08869
525.99 263.102 657.367 14265.51 -2.89727
527.16 983.463 1331.156 15329.251 -2.48386
528.32 947.802 1364.171 15375.314 -2.9717
529.49 703.34 1067.729 15271.566 -2.56543
530.66 273.394 608.05 15059.871 -2.31567
531.82 389.437 842.376 15255.156 -3.14262
532.99 586.247 946.588 16052.395 -2.38544
534.16 690.258 1044.104 16379.937 -2.30732
535.32 1090.672 1503.473 16681.889 -2.71966
536.49 469.168 851.966 16728.973 -2.41103
537.65 1272.376 1647.283 17814.111 -2.31899
538.82 481.222 822.55 17439.893 -2.05404
539.99 852.279 1215.136 18256.521 -2.12927
541.15 1004.977 1388.937 18845.617 -2.1995
542.32 350.625 778.402 18709.303 -2.3857
543.48 1035.02 1470.742 19664.379 -2.39492
544.65 1157.942 1604.124 20111.666 -2.41081
545.81 1827.737 2196.072 22201.352 -1.84119
546.98 729.55 1139.287 21878.299 -1.97569
548.14 1054.737 1557.572 22616.352 -2.38777
549.31 508.689 925.499 22535.057 -1.92882
550.47 689.146 1109.934 23259.889 -1.89972
551.63 1256.229 1734.559 24572.518 -2.09446
552.8 636.861 1054.761 24695.152 -1.76774
553.96 584.201 1027.018 24477.809 -1.88828
555.13 631.642 1095.928 25045.971 -1.93856
556.29 1274.562 1701.806 26438.049 -1.7272
557.45 466.435 907.373 26256.947 -1.73943
558.62 756.632 1256.912 26532.428 -1.97931
559.78 1016.05 1430.287 27305.299 -1.60092
560.94 664.123 1132.399 27893.594 -1.74983
562.11 598.56 1057.303 28391.84 -1.67825
563.27 309.628 773.906 28327.512 -1.685
564.43 204.174 651.976 28605.598 -1.60195
565.59 337.411 835.576 29441.039 -1.7415
566.76 524.367 1039.771 29812.277 -1.7913
567.92 813.904 1234.566 30447.914 -1.43996
569.08 1026.588 1472.845 31358.551 -1.49321
570.24 602.397 1024.316 31587.695 -1.38047
571.4 415.693 818.505 31947.475 -1.29401
572.57 566.909 981.073 32060.33 -1.33261
573.73 180.098 706.861 33351.594 -1.61362
574.89 547.495 1065.204 33134.379 -1.61435
576.05 689.317 1225.694 34211.773 -1.62607
577.21 396.283 810.143 33633.438 -1.26087
578.37 136.64 598.925 34152.262 -1.37776
579.53 457.526 797.752 35345.504 -0.9848
580.69 852.092 1322.351 36328.469 -1.34336
581.85 558.661 1113.457 35875.848 -1.59597
583.01 593.684 1096.992 36358.641 -1.42735
584.17 797.714 1176.037 36684.059 -1.06546
585.33 814.102 1333.367 37089.012 -1.45226
586.49 577.754 1088.598 37534.02 -1.40167
587.65 772.745 1356.585 37827.188 -1.60085
588.81 778.1 1359.364 38187.801 -1.5783
589.97 1259.653 1749.444 38298.512 -1.34009
591.13 629.899 1203.819 38559.902 -1.53635
592.29 536.069 1152.316 39193.176 -1.61996
593.45 352.556 975.797 38263.922 -1.67142
594.61 351.88 974.29 38652.027 -1.65193
595.77 357.636 919.418 38933.344 -1.47783
596.93 284.357 858.755 38457.734 -1.5277
598.09 566.26 1262.607 39183.645 -1.83631
599.24 350.573 1005.822 39146.09 -1.718
600.4 498.754 1180.098 39324.02 -1.78625
601.56 351.678 1077.983 39772.016 -1.87705
602.72 658.543 1283.778 39916.172 -1.61842
603.87 669.276 1379.871 39325.695 -1.87266
605.03 334.043 1062.278 39978.172 -1.8713
606.19 307.604 1013.37 40235.719 -1.7994
607.35 212.569 868.316 38412.676 -1.74659
608.5 854.638 1451.922 41656.555 -1.48561
609.66 1199.022 1915.246 39878.09 -1.88664
610.82 356.233 987.066 39827.434 -1.62417
611.97 306.562 999.306 39393.051 -1.80432
613.13 831.461 1501.153 38826.543 -1.7942
614.29 733.617 1428.89 39653.969 -1.81889
615.44 868.59 1609.848 39877.758 -1.93702
616.6 361.529 981.755 38666.715 -1.64582
617.76 926.613 1553.883 39462.051 -1.65471
618.91 907.425 1572.098 39633.0 -1.74634
620.07 888.583 1584.338 40462.633 -1.78957
621.22 172.073 872.822 39094.09 -1.8334
622.38 1350.062 2023.306 40242.551 -1.76153
623.53 210.193 887.505 39150.973 -1.77013
624.69 299.531 996.258 39424.422 -1.81307
625.84 369.088 995.345 39245.551 -1.63727
627.0 788.433 1398.87 39587.738 -1.59847
628.15 164.552 818.79 38811.508 -1.72201
629.31 579.806 1199.678 39537.73 -1.61686
630.46 142.132 794.412 38478.93 -1.7309
631.61 617.533 1195.262 39394.129 -1.51242
632.77 473.798 1133.165 39081.898 -1.73752
633.92 749.184 1348.492 38807.641 -1.5999
635.08 1229.365 1863.267 39023.07 -1.70588
636.23 518.123 1158.399 39014.094 -1.69136
637.38 88.619 745.393 39444.176 -1.69714
638.54 854.256 1562.101 40090.227 -1.83722
639.69 1139.915 1854.582 40522.957 -1.8482
640.84 668.671 1302.472 40425.492 -1.62002
641.99 276.667 870.466 39348.039 -1.54323
643.15 1055.663 1707.96 40674.59 -1.67399
644.3 263.659 913.454 40219.141 -1.65318
645.45 87.655 757.448 39276.691 -1.73885
646.6 1144.151 1723.942 39482.242 -1.53553
647.75 380.147 988.935 40235.793 -1.55118
648.91 104.143 675.929 38627.344 -1.50663
650.06 456.139 1011.423 40480.895 -1.40687
651.21 590.635 1356.917 40454.445 -1.95992
652.36 606.631 1226.911 41564.496 -1.53772
653.51 337.627 895.405 40485.047 -1.4089
654.66 461.123 1117.899 40683.098 -1.65998
655.81 796.619 1402.893 41599.648 -1.50827
656.96 253.615 696.387 41494.699 -1.08527
658.11 520.611 1111.381 41527.25 -1.46173
659.27 717.607 1338.875 41410.801 -1.55038
660.42 265.103 827.369 42195.348 -1.35918
661.57 631.099 1244.363 42177.898 -1.49819
662.72 22.095 684.857 41365.949 -1.62916
663.87 66.591 677.851 41650.0 -1.49189
665.01 531.588 1122.345 42599.551 -1.42429
666.16 190.584 884.839 42831.602 -1.65509
667.31 261.08 932.333 44152.152 -1.55311
668.46 1096.076 1611.827 44582.203 -1.20025
669.61 393.572 1002.821 45205.754 -1.3783
670.76 147.568 885.815 44848.305 -1.67927
671.91 988.064 1674.808 45945.855 -1.55123
673.06 696.06 1348.302 46260.406 -1.45227
674.21 10.056 722.296 45359.957 -1.5956
675.35 515.552 1151.29 44976.508 -1.45062
676.5 409.048 1092.784 46855.059 -1.49411
677.65 174.044 897.778 45309.109 -1.62962
678.8 2.04 684.772 46746.656 -1.48221
679.94 238.036 917.766 46943.707 -1.47684
681.09 560.532 1256.76 49671.758 -1.43804
682.24 656.528 1347.754 49220.809 -1.44387
683.39 140.024 861.248 50009.859 -1.46744
684.53 675.52 1380.742 51695.41 -1.40162
685.68 379.016 1154.736 53279.461 -1.4882
686.83 508.012 1227.73 51274.012 -1.4381
687.97 493.008 878.724 51072.063 -0.76846
689.12 356.004 923.218 52493.113 -1.09989
690.27 257.0 786.712 52814.664 -1.01813
691.41 656.996 1340.706 52109.215 -1.34672
692.56 555.992 1192.2 53431.266 -1.21788
693.7 623.988 1125.194 52275.316 -0.97987
694.85 135.484 726.688 53831.367 -1.11328
695.99 601.98 1215.182 53286.918 -1.17761
697.14 425.476 1093.676 55459.965 -1.22907
698.28 515.972 1249.169 53895.516 -1.39268
699.43 580.968 1183.163 53765.066 -1.14525
700.57 45.964 698.157 54502.617 -1.21215
701.72 109.46 829.151 53611.168 -1.36352
702.86 -14.544 624.145 54756.219 -1.17987
704.01 131.952 849.139 55011.77 -1.32414
705.15 636.448 1351.633 57276.82 -1.27882
706.29 307.944 979.627 53834.371 -1.27081
707.44 383.94 1117.621 57186.422 -1.30854
708.58 36.436 759.115 56656.973 -1.29286
709.72 897.432 1652.609 56387.023 -1.37971
710.87 -49.071 633.603 56811.574 -1.2152
712.01 160.425 876.097 56930.625 -1.27674
713.15 409.921 1090.591 57445.676 -1.20782
714.3 545.417 1242.085 58236.223 -1.22235
715.44 197.413 913.579 59205.773 -1.22858
716.58 435.409 1166.573 58115.824 -1.28389
717.72 195.405 704.567 57891.375 -0.89035
718.87 405.401 927.061 57335.426 -0.92479
720.01 335.897 834.555 59235.477 -0.85385
721.15 65.393 570.549 57304.527 -0.89039
722.29 553.889 1169.042 57845.078 -1.08539
723.43 680.885 1287.036 58928.129 -1.0516
724.57 623.381 1055.53 57864.68 -0.7607
725.72 399.877 882.024 58990.73 -0.82973
726.86 960.873 1464.518 57626.281 -0.89678
728.0 364.869 826.512 59164.332 -0.79133
729.14 155.365 758.506 59548.883 -1.02592
730.28 711.361 1266.0 59959.934 -0.94497
731.42 135.857 612.994 59466.984 -0.81071
732.56 909.353 1535.988 61504.031 -1.04495
733.7 610.349 1135.982 59727.082 -0.89712
734.84 -57.155 601.476 59133.133 -1.12526
735.98 372.341 972.47 60925.184 -1.001
737.12 112.337 664.464 59174.234 -0.94365
738.26 148.833 786.458 58674.785 -1.10147
739.4 433.829 1009.952 60203.336 -0.97329
740.53 595.325 1234.946 59079.387 -1.10576
741.67 483.821 1050.44 59032.938 -0.97722
742.81 10.317 540.934 59024.488 -0.90729
743.95 454.313 995.928 59168.539 -0.93105
745.09 123.809 740.422 59995.09 -1.04061
746.23 548.305 1222.416 59953.141 -1.1478
747.36 672.801 1279.409 61276.191 -1.01107
748.5 84.297 794.903 61611.742 -1.16844
749.64 146.293 839.397 58732.793 -1.19721
750.78 117.289 758.391 59515.84 -1.0911
751.92 244.285 890.885 60904.891 -1.07741
753.05 291.781 921.379 59285.941 -1.07873
754.19 799.777 1394.873 58359.992 -1.04467
755.33 -15.226 583.867 59226.043 -1.02161
756.46 380.27 1001.861 58310.594 -1.08464
757.6 132.266 692.855 57365.645 -0.98917
758.74 865.262 1356.349 58071.195 -0.86589
759.87 368.258 778.843 57201.746 -0.72769
761.01 389.254 486.837 56824.297 -0.17321
762.14 424.25 566.831 57044.848 -0.25245
763.28 633.246 799.325 57173.898 -0.2946
764.41 380.742 626.819 57182.949 -0.4351
765.55 -36.762 203.813 56357.5 -0.42842
766.69 450.234 808.307 56586.051 -0.64196
767.82 492.73 893.301 56138.602 -0.72508
768.95 149.226 586.295 54162.148 -0.81579
770.09 955.222 1378.288 56006.699 -0.77444
771.22 856.218 1400.782 54892.75 -1.01803
772.36 714.714 1263.776 54256.301 -1.03611
773.49 702.71 1225.77 54383.852 -0.98397
774.63 302.206 851.264 52321.402 -1.06675
775.76 278.702 751.258 54885.953 -0.87293
776.89 656.198 1144.252 53674.004 -0.9291
778.03 518.694 972.246 52336.555 -0.88301
779.16 189.69 617.74 52877.105 -0.81909
780.29 464.686 947.234 51847.656 -0.94802
781.43 820.682 1312.728 51423.707 -0.98191
782.56 463.678 930.222 50899.258 -0.93367
783.69 129.674 607.716 49748.309 -0.9728
784.82 366.17 785.21 49614.859 -0.85817
785.96 351.166 712.204 49471.906 -0.74044
787.09 343.162 770.698 49026.457 -0.88598
788.22 539.158 916.692 50007.508 -0.76905
789.35 225.654 579.186 48530.559 -0.73727
790.48 365.15 714.18 47772.109 -0.7417
791.62 797.146 1073.174 48850.16 -0.57774
792.75 140.142 489.668 47627.211 -0.7415
793.88 892.138 1236.661 47463.762 -0.74528
795.01 475.134 876.155 47340.313 -0.86308
796.14 617.63 907.649 46555.363 -0.63534
797.27 741.626 968.643 46124.914 -0.50274
798.4 402.622 760.637 46249.465 -0.78704
799.53 140.118 523.631 45430.516 -0.85402
800.66 477.115 754.625 46188.066 -0.61081
801.79 1627.611 1929.619 45467.117 -0.69367
802.92 329.607 635.113 44036.668 -0.70391
804.05 515.103 860.607 43972.215 -0.80142
805.18 421.599 673.101 43939.266 -0.58129
806.31 272.095 668.595 44797.316 -0.89851
807.44 63.091 407.589 44292.867 -0.785
808.57 535.087 828.583 44442.918 -0.67294
809.69 490.583 835.577 43361.969 -0.81125
810.82 -75.421 268.071 41910.02 -0.82487
811.95 1267.575 1536.065 41944.07 -0.66445
813.08 281.071 473.559 41414.121 -0.47016
814.21 1308.567 1475.053 42449.672 -0.40631
815.33 440.063 639.547 40711.223 -0.49782
816.46 482.059 636.541 40607.773 -0.38648
817.59 921.555 1161.535 40373.324 -0.61201
818.72 665.051 833.529 40714.875 -0.42245
819.84 1198.047 1317.022 40060.926 -0.30708
820.97 653.543 903.016 39603.477 -0.64463
822.1 909.539 1023.01 38340.023 -0.30407
823.22 137.535 325.504 36958.574 -0.51311
824.35 247.531 403.998 37744.125 -0.41903
825.48 769.527 1032.992 35852.676 -0.75666
826.6 483.023 643.986 35570.727 -0.46086
827.73 3.519 224.48 35839.777 -0.62041
828.85 428.015 622.974 33744.328 -0.58862
829.98 772.011 1010.468 34808.879 -0.70553
831.11 249.507 391.462 35855.93 -0.40027
832.23 224.003 346.956 35085.48 -0.35394
833.36 750.499 941.45 34406.031 -0.57061
834.48 430.495 594.944 33802.582 -0.49521
835.6 658.491 857.438 34297.633 -0.59493
836.73 108.487 307.432 33055.184 -0.60751
837.85 735.483 882.926 34044.734 -0.44461
838.98 3.979 228.92 32408.783 -0.69901
840.1 553.475 732.414 32830.832 -0.55747
841.23 568.971 753.908 33475.883 -0.56517
842.35 936.967 1165.401 33288.434 -0.71112
843.47 338.963 605.895 31556.984 -0.86243
844.6 169.96 315.389 31638.035 -0.4643
845.72 232.956 495.383 31882.586 -0.8361
846.84 281.452 469.377 31296.137 -0.60962
847.96 157.448 464.371 31899.188 -0.97638
849.09 217.944 390.865 31533.738 -0.55525
850.21 314.94 579.859 30625.289 -0.88173
851.33 514.436 758.353 30542.34 -0.81896
852.45 164.932 340.347 31219.389 -0.56807
853.57 462.428 623.841 30644.939 -0.53767
854.7 238.924 379.335 29228.99 -0.4867
855.82 205.92 343.829 29296.541 -0.47633
856.94 701.916 853.823 29967.092 -0.52178
858.06 44.412 177.817 28879.643 -0.4648
859.18 651.908 762.311 29481.693 -0.38442
860.3 441.404 546.305 28860.744 -0.37049
861.42 -54.1 116.799 28400.293 -0.60424
862.54 34.896 215.793 28931.844 -0.62995
863.66 178.392 289.287 29698.395 -0.37708
864.78 334.888 524.781 27900.445 -0.69365
865.9 448.384 640.775 27936.496 -0.70484
867.02 1506.88 1717.268 30186.547 -0.739
868.14 1113.376 1258.262 29551.598 -0.51209
869.26 664.872 838.256 28394.148 -0.62921
870.38 39.868 153.75 27413.697 -0.41776
871.5 9.364 173.244 27025.248 -0.61031
872.62 131.36 293.738 26275.799 -0.62496
873.74 858.856 969.232 26843.35 -0.42659
874.85 145.354 343.229 27284.625 -0.73446
875.97 426.854 580.729 26137.625 -0.60209
877.09 610.854 688.229 26464.125 -0.30018
878.21 390.354 503.729 25988.125 -0.44488
879.33 377.354 660.729 26136.125 -1.11235
880.44 390.854 575.229 24863.625 -0.75911
881.56 252.354 427.729 25675.625 -0.69461
882.68 437.354 580.229 26322.125 -0.55503
883.79 1113.854 1213.229 25927.625 -0.40209
884.91 19.354 221.229 24993.125 -0.81494
886.03 638.354 674.729 25612.125 -0.14587
887.14 872.854 931.229 24933.625 -0.2432
888.26 893.854 1007.729 24240.125 -0.49016
889.38 754.854 845.729 25052.625 -0.37541
890.49 27.354 136.729 25526.125 -0.43079
891.61 469.354 593.729 25815.625 -0.49312
892.72 134.354 263.229 25648.625 -0.50767
893.84 13.354 113.229 25860.125 -0.38791
894.95 12.854 175.229 26487.625 -0.6171
896.07 265.854 370.729 26107.125 -0.4075
897.18 510.354 593.229 26594.125 -0.31874
898.3 72.854 161.229 25740.125 -0.3455
899.41 725.854 793.729 25713.125 -0.27238
900.53 562.354 558.729 25628.125 0.01446
901.64 617.854 651.729 25970.625 -0.13379
902.75 451.854 457.229 26757.625 -0.02044
903.87 202.354 289.729 25484.625 -0.3468
904.98 591.854 658.729 24654.625 -0.27869
906.09 358.854 401.729 24634.625 -0.17693
907.21 563.854 637.229 23786.125 -0.31697
908.32 320.854 340.729 23721.125 -0.08501
909.43 860.854 800.229 24497.625 0.25583
910.54 462.854 539.229 24454.125 -0.31936
911.66 1348.854 1471.729 24663.125 -0.52983
912.77 232.354 286.229 22537.125 -0.24213
913.88 487.354 472.729 23485.625 0.06355
914.99 261.354 275.229 22674.625 -0.06194
916.1 468.354 517.729 22313.625 -0.22653
917.22 129.354 238.229 21503.125 -0.51199
918.33 815.854 849.229 22336.125 -0.15533
919.44 385.354 479.229 23368.125 -0.41013
920.55 846.354 980.229 22042.625 -0.63561
921.66 604.854 674.729 21028.125 -0.34331
922.77 589.854 655.729 21377.625 -0.3179
923.88 819.854 898.729 21208.125 -0.38837
924.99 583.854 604.229 20226.125 -0.10384
926.1 112.854 110.229 19644.625 0.01344
927.21 863.854 955.229 20969.625 -0.45655
928.32 7.854 60.729 18987.625 -0.27936
929.43 393.854 464.729 17910.125 -0.40627
930.54 258.854 316.229 17962.125 -0.32515
931.65 414.354 384.229 18848.625 0.16315
932.76 452.854 547.729 18294.625 -0.5346
933.86 461.854 427.229 16937.125 0.20972
934.97 234.854 283.729 15978.125 -0.31142
936.08 259.854 262.729 15670.125 -0.01866
937.19 899.354 837.729 15335.625 0.42506
938.3 598.354 635.229 13961.625 -0.27671
939.4 866.354 851.229 13430.625 0.12024
940.51 420.854 413.229 11857.625 0.06663
941.62 568.854 578.229 11275.625 -0.08764
942.73 1297.354 1341.729 11535.625 -0.43531
943.83 504.854 498.229 10521.625 0.0661
944.94 488.854 468.729 10586.625 0.1989
946.05 -1.146 -8.771 9940.125 0.07664
947.15 28.354 95.229 10235.625 -0.65949
948.26 346.354 401.229 10564.625 -0.53993
949.36 210.854 214.229 10854.125 -0.03172
950.47 526.854 474.229 12382.125 0.44193
951.57 1023.854 1038.229 12525.625 -0.12514
952.68 721.854 710.229 12094.625 0.10211
953.79 624.854 668.229 12134.625 -0.37828
954.89 220.854 335.729 11492.625 -1.02963
955.99 602.354 626.229 12270.125 -0.20504
957.1 326.854 366.729 12352.625 -0.33268
958.2 448.854 417.729 12489.125 0.25784
959.31 631.354 650.229 13240.625 -0.14992
960.41 206.854 240.729 12570.625 -0.27474
961.52 164.354 157.229 12546.625 0.05751
962.62 703.354 591.229 13187.625 0.89014
963.72 44.354 115.229 13626.625 -0.52456
964.83 31.354 37.229 12657.125 -0.04655
965.93 468.354 561.729 12517.125 -0.78103
967.03 874.854 847.229 12935.125 0.22853
968.13 653.854 667.729 13069.125 -0.11188
969.24 297.854 262.229 12850.125 0.28301
970.34 292.354 359.229 11852.625 -0.58186
971.44 329.354 443.729 12252.125 -0.96859
972.54 475.354 525.229 12481.125 -0.41716
973.64 267.854 240.729 12050.125 0.22969
974.75 1300.354 1283.729 12918.625 0.14289
975.85 3651.354 3546.729 15501.125 0.8752
976.95 304.854 311.729 12315.625 -0.05727
978.05 697.854 634.729 12609.625 0.52714
979.15 1084.854 1091.229 12670.125 -0.05506
980.25 180.354 229.729 11239.625 -0.44846
981.35 307.854 291.229 11579.125 0.14728
982.45 1131.854 1123.729 12052.625 0.07434
983.55 638.854 772.729 11245.625 -1.2783
984.65 519.854 583.729 11410.125 -0.58999
985.75 786.354 826.229 10988.625 -0.39238
986.85 551.854 594.729 11181.125 -0.405
987.95 325.354 310.229 10922.125 0.14253
989.05 1028.854 951.729 11134.625 0.7574
990.15 795.854 770.229 10673.625 0.25875
991.25 513.354 548.729 10309.625 -0.36242
992.34 984.354 974.229 10804.125 0.103
993.44 529.354 597.229 9851.125 -0.73347
994.54 489.354 486.729 9829.625 0.0281
995.64 820.354 909.729 10093.125 -0.97322
996.74 1026.354 1008.729 10399.125 0.18769
997.83 152.354 180.229 8810.625 -0.32299
998.93 413.854 469.729 8526.625 -0.69351
1000.03 1428.854 1488.229 10064.125 -0.69235
1001.12 924.854 950.729 9133.625 -0.31621
1002.22 1007.354 1006.729 9446.125 0.00741
1003.32 374.354 398.229 8497.125 -0.29479
1004.41 597.354 633.729 8140.125 -0.48459
1005.51 509.854 569.229 7961.625 -0.80319
1006.6 288.854 331.229 7491.625 -0.5918
1007.7 805.354 786.729 7732.125 0.26816
1008.8 95.854 167.229 6967.125 -1.04965
1009.89 662.354 720.229 7386.125 -0.86823
1010.99 484.854 591.729 7048.625 -1.65521
1012.08 97.354 186.229 7296.125 -1.25002
1013.18 519.354 486.229 8030.125 0.4391
1014.27 281.854 395.229 8184.625 -1.4555
1015.36 481.854 476.229 8311.625 0.07179
1016.46 509.354 544.229 8542.625 -0.43603
1017.55 224.354 292.729 7864.625 -0.90301
1018.65 611.854 581.729 8065.125 0.40256
1019.74 732.854 772.229 7645.125 -0.5729
1020.83 648.854 618.229 7416.125 0.45051
1021.93 450.854 498.229 7189.125 -0.70805
1023.02 137.354 175.729 6664.625 -0.59139
1024.11 168.354 203.229 6349.125 -0.56745
1025.2 111.354 175.229 5929.125 -1.11012
1026.3 604.354 654.729 6321.625 -0.88893
1027.39 826.354 817.729 6383.125 0.15498
1028.48 602.354 642.729 5979.625 -0.75653
1029.57 396.354 436.229 5648.625 -0.765
1030.66 555.354 572.729 5449.625 -0.35627
1031.75 1743.854 1766.729 6494.125 -0.48388
1032.84 733.854 792.729 5607.625 -1.22277
1033.94 279.354 238.729 4971.625 0.85835
1035.03 812.354 896.729 5472.625 -1.8439
1036.12 289.354 162.729 4471.125 2.93903
1037.21 214.854 235.729 4562.125 -0.4825
1038.3 694.854 662.229 4776.125 0.79304
1039.39 161.354 244.729 4211.625 -2.10177
1040.48 529.854 631.729 4306.625 -2.77219
1041.57 731.354 702.229 4288.125 0.81221
1042.66 551.854 562.229 4219.625 -0.28367
1043.74 631.354 663.729 4464.625 -0.85177
1044.83 649.354 699.229 4136.625 -1.45095
1045.92 224.854 210.229 3480.125 0.44726
1047.01 741.354 782.229 3992.625 -1.27321
1048.1 111.354 187.729 3207.125 -2.52948
1049.19 514.354 545.729 3552.125 -1.04361
1050.27 483.854 426.729 3331.125 1.96685
1051.36 511.854 469.229 3256.125 1.52948
1052.45 627.854 680.229 3290.625 -2.0064
1053.54 577.854 567.229 3351.125 0.38166
1054.62 649.854 690.729 3322.625 -1.55306
1055.71 626.354 601.729 3071.625 0.99701
1056.8 831.354 860.229 3193.125 -1.23773
1057.88 429.854 435.729 2865.125 -0.24183
1058.97 600.354 495.729 2820.625 4.5002
1060.06 1050.354 1025.729 3225.625 1.11937
1061.14 502.354 500.729 2643.625 0.07583
1062.23 1888.354 1947.229 3872.625 -3.05781
1063.31 679.854 681.729 2741.625 -0.09102
1064.4 386.854 387.729 2366.625 -0.04422
1065.48 573.354 598.729 2542.125 -1.3057
1066.57 417.354 486.229 2459.125 -3.49106
1067.65 639.354 701.729 2547.125 -3.38003
1068.74 486.854 490.729 2200.625 -0.22662
1069.82 630.854 663.729 2190.625 -2.15306
1070.9 2433.854 2472.229 4081.125 -2.38518
1071.99 669.854 714.229 2298.625 -2.80075
1073.07 673.354 699.229 2170.125 -1.75913
1074.15 778.354 661.229 2277.625 7.24606
1075.24 695.354 662.229 2013.125 2.45208
1076.32 795.354 703.229 2156.625 6.3386
1077.4 1147.854 1180.229 2652.125 -2.19954
1078.49 365.854 362.229 1689.625 0.27309
1079.57 803.354 787.229 2097.125 1.23101
1080.65 1073.354 1155.729 2278.125 -7.33921
1081.73 527.854 596.729 1754.625 -5.94829
1082.81 357.854 379.729 1603.125 -1.78806
1083.89 642.854 705.229 1898.625 -5.22668
1084.98 748.354 714.729 1901.625 2.83302
1086.06 318.854 348.229 1418.125 -2.74559
1087.14 384.354 399.729 1524.125 -1.3674
1088.22 593.354 636.729 1734.125 -3.95254
1089.3 330.854 339.229 1342.625 -0.83467
1090.38 1253.354 1283.229 2283.625 -2.98632
1091.46 770.354 821.729 1708.625 -5.79268
1092.54 495.354 461.729 1484.625 3.28724
1093.62 500.354 540.229 1456.625 -4.35129
1094.7 319.354 390.229 1254.125 -8.20411
1095.78 610.854 571.229 1413.125 4.70664
1096.86 658.354 751.229 1541.625 -11.75044
1097.93 1410.354 1432.729 2117.625 -3.26692
1099.01 981.354 948.729 1681.625 4.45152
1100.09 408.854 412.729 1219.625 -0.48024
