196.55 1338.478 2496.717 2886.567 -297.09862
197.76 1938.718 3800.704 4436.287 -292.95754
198.96 1776.595 3596.637 3977.441 -477.94779
200.16 1131.331 2217.541 2638.016 -258.329
201.36 2011.784 4129.822 4611.604 -439.62609
202.56 1337.653 2681.073 3184.465 -266.87306
203.76 1171.034 2135.104 2536.268 -240.31782
204.96 1305.915 2509.135 3166.07 -183.15633
206.16 886.008 1681.46 2228.742 -145.34583
207.36 1645.383 3287.843 3808.572 -315.41577
208.56 1365.423 2790.816 3250.863 -309.83697
209.76 934.067 1640.444 2060.091 -168.3266
210.96 1236.607 2473.917 2848.882 -329.98116
212.16 2538.764 5252.875 5767.875 -527.01167
213.36 1604.22 3010.754 3486.111 -295.89004
214.56 1263.162 2391.318 2802.586 -274.31182
215.76 2337.034 4838.104 5375.768 -465.17324
216.96 1881.084 4114.857 4511.5 -563.17015
218.16 1370.676 2745.633 3194.347 -306.42167
219.35 1151.844 2041.87 2376.781 -265.75008
220.55 1285.467 2530.937 2941.626 -303.26344
221.75 1160.837 2156.188 2581.488 -234.03495
222.95 1950.201 3955.792 4442.877 -411.75287
224.15 1518.448 3057.475 3442.893 -399.31373
225.35 1216.621 2274.796 2723.971 -235.5818
226.55 1138.303 2166.348 2552.666 -266.11355
227.75 1802.701 3635.292 4039.877 -452.9548
228.94 1539.568 3080.444 3441.591 -426.66249
230.14 1321.536 2645.653 3001.092 -372.52979
231.34 1143.545 2205.884 2526.209 -331.64401
232.54 1113.668 2053.451 2332.554 -336.71484
233.74 1116.625 2198.879 2504.115 -354.56355
234.93 1181.999 2144.229 2552.125 -235.90053
236.13 1281.811 2606.03 3054.958 -294.97316
237.33 1332.041 2551.8 2751.564 -610.59873
238.53 1134.09 2304.004 2734.972 -271.46209
239.72 1785.841 3724.772 4236.632 -378.80058
240.92 995.404 1571.854 1948.129 -153.19931
242.12 1597.66 3173.269 3673.762 -314.8114
243.31 1131.638 2086.709 2491.88 -235.72014
244.51 884.882 1743.794 2002.748 -331.68595
245.71 1671.64 3250.758 3703.204 -349.01758
246.9 2153.882 4376.794 4973.748 -372.37606
248.1 1366.616 2589.148 3066.998 -255.84029
249.3 1379.9 2533.756 2941.481 -282.99862
250.49 1255.298 2339.7 2750.193 -264.17085
251.69 1409.495 2706.63 3336.977 -205.78135
252.89 1298.378 2611.696 3014.599 -325.96347
254.08 881.067 1535.444 1814.591 -234.42052
255.28 1360.411 2489.536 2954.422 -242.88236
256.47 918.843 1633.821 2015.457 -187.34572
257.67 1513.357 2988.699 3400.546 -358.22604
258.86 1575.692 3304.061 3672.76 -468.77377
260.06 1305.778 2428.689 2933.635 -222.38232
261.26 1942.647 3935.44 4351.497 -478.97054
262.45 1294.75 2398.996 2822.785 -260.56488
263.65 837.399 1365.707 1799.157 -121.88454
264.84 1425.066 2898.395 3396.266 -295.92572
266.04 1072.878 1970.196 2451.099 -186.59003
267.23 800.419 1512.718 1745.214 -306.37021
268.42 1006.872 1904.063 2275.131 -241.78623
269.62 1305.199 2459.242 2803.053 -335.66247
270.81 1321.251 2474.545 2968.109 -233.66635
272.01 1242.709 2432.973 2909.17 -249.9525
273.2 1501.683 3105.315 3586.14 -333.51672
274.4 928.523 1768.323 2216.327 -187.45394
275.59 1362.707 2897.424 3232.845 -457.54936
276.78 1220.149 2479.489 2941.821 -272.38862
277.98 1119.91 2193.487 2570.098 -285.06295
279.17 1200.047 2297.433 2707.033 -267.91641
280.37 1149.897 2245.158 2712.333 -234.44363
281.56 866.891 1526.525 1861.864 -196.70658
282.75 952.826 1731.408 2138.547 -191.23237
283.95 1182.562 2307.297 2542.118 -478.97462
285.14 1204.103 2366.319 2815.233 -258.89497
286.33 984.032 1992.554 2221.944 -439.65549
287.52 1295.265 2536.36 3024.37 -254.31722
288.72 1554.193 3159.546 3695.256 -299.66793
289.91 1828.146 3798.391 4221.673 -465.46837
291.1 1405.025 2732.373 3183.151 -294.45672
292.29 1220.597 2588.186 2972.765 -355.60714
293.49 1367.869 2760.465 3181.482 -330.76907
294.68 959.982 1941.301 2177.212 -415.97057
295.87 1068.475 2132.119 2479.419 -306.26119
297.06 1342.187 2601.913 3054.288 -278.46966
298.26 654.521 1255.274 1427.003 -349.82741
299.45 1161.138 2023.709 2450.88 -201.92611
300.64 1111.967 2208.437 2584.126 -291.85566
301.83 1267.545 2369.384 2748.709 -290.47351
303.02 1016.11 1826.516 2165.53 -239.04752
304.21 1401.428 2868.464 3270.835 -364.59732
305.4 1139.947 2276.426 2646.569 -307.0381
306.59 1302.343 2563.821 2900.957 -374.17518
307.79 1134.688 2192.962 2560.612 -287.84825
308.98 848.036 1664.653 2044.092 -215.21677
310.17 1371.76 2640.698 3111.893 -269.30148
311.36 1210.648 2176.925 2700.993 -184.38021
312.55 1993.996 3882.115 4453.472 -330.46255
313.74 853.064 1523.346 1940.942 -160.50953
314.93 1525.923 2807.316 3359.863 -231.90701
316.12 1056.27 2160.007 2656.843 -222.15331
317.31 749.359 1166.234 1479.866 -132.9183
318.5 873.064 1553.346 1911.942 -189.70688
319.69 1144.716 2309.155 2706.462 -293.0828
320.88 1095.69 1925.511 2534.436 -136.27645
322.07 971.053 1737.566 2085.001 -220.62015
323.26 909.865 1705.381 2074.838 -215.32036
324.45 764.391 1142.525 1465.864 -116.9466
325.64 1092.43 2124.998 2568.655 -232.74019
326.83 1325.525 2560.373 3100.151 -228.76932
328.01 1039.014 1950.092 2391.71 -206.3048
329.2 1396.188 2597.462 3199.112 -199.66326
330.39 1045.187 1859.413 2350.788 -165.70376
331.58 880.35 1561.003 2048.749 -139.55052
332.77 1626.352 3265.552 3842.073 -284.32589
333.96 655.339 1141.723 1498.308 -136.40021
335.15 810.677 1434.182 1861.671 -145.85273
336.33 786.35 1532.503 2022.249 -152.3549
337.52 973.391 1892.025 2372.364 -191.24699
338.71 1035.595 1937.637 2292.941 -253.87924
339.9 999.09 1745.49 2297.468 -135.22262
341.08 980.644 1919.841 2312.848 -238.97731
342.27 1260.239 2526.216 3119.844 -213.26075
343.46 1452.211 2680.022 3237.994 -220.04924
344.65 1305.711 2637.522 3133.994 -268.25549
345.83 1381.874 2724.112 3359.955 -211.09592
347.02 813.915 1284.135 1654.07 -127.1085
348.21 1436.372 2798.063 3437.631 -212.90792
349.4 857.32 1372.76 2004.075 -81.64558
350.58 1178.245 1941.848 2655.813 -106.9527
351.77 947.125 1479.379 2169.615 -77.11194
352.96 615.393 917.574 1612.688 -43.4722
354.14 1061.452 1794.559 2536.037 -98.87089
355.33 854.138 1388.209 2177.38 -67.67486
356.51 764.551 1053.516 1710.177 -44.00528
357.7 1099.445 1917.862 2633.74 -114.32345
358.89 867.767 1294.409 2244.694 -44.89619
360.07 1373.592 2468.539 3274.792 -135.80678
361.26 1553.37 2822.45 3719.978 -141.39726
362.44 1126.591 1883.975 2685.964 -94.43824
363.63 927.701 1437.713 2258.544 -62.1336
364.81 975.422 1481.238 2377.53 -56.43426
366.0 696.392 869.496 1706.356 -20.68487
367.18 2050.559 4002.684 4925.465 -211.54778
368.37 946.217 1289.141 2138.458 -40.37636
369.55 1192.464 1992.324 2972.974 -81.56431
370.74 1511.005 2569.347 3556.089 -107.25612
371.92 1713.615 2932.584 3829.17 -135.95688
373.11 955.643 1572.778 2366.02 -77.799
374.29 901.864 1228.803 2118.506 -36.74691
375.48 1006.083 1604.793 2543.671 -63.76863
376.66 874.26 1304.212 2230.397 -46.42187
377.84 1456.717 2698.641 3682.458 -126.23517
379.03 855.382 1197.779 2106.243 -37.68967
380.21 777.756 908.614 1826.249 -14.26031
381.39 660.42 768.203 1653.21 -12.17886
382.58 1382.862 2249.768 3191.686 -92.03631
383.76 1708.232 2792.519 3928.047 -95.48749
384.94 1809.536 3275.138 4444.088 -125.3776
386.13 955.225 1312.822 2390.25 -33.18994
387.31 1143.156 1667.607 2813.285 -45.77648
388.49 960.777 1310.625 2427.807 -31.31526
389.68 1228.31 1823.466 3113.629 -46.13024
390.86 1157.392 1738.51 3032.36 -44.91392
392.04 1630.282 2622.772 4102.779 -67.05987
393.22 1022.392 1267.51 2711.36 -16.97675
394.41 1056.358 1355.17 2657.537 -22.94372
395.59 817.371 602.499 2046.302 14.88236
396.77 1199.18 1571.216 3240.991 -22.28065
397.95 1294.525 1634.858 3244.647 -21.14143
399.13 1569.618 2148.683 3967.318 -31.84061
400.31 1227.254 1344.565 3154.925 -6.47994
401.5 1440.451 1827.995 3855.209 -19.11705
402.68 1532.92 2013.203 4170.71 -22.26106
403.86 1179.769 1103.943 3188.014 3.63836
405.04 1784.609 2394.952 4569.202 -28.07143
406.22 1213.829 1116.928 3278.363 4.48318
407.4 1693.06 1933.748 4309.794 -10.12973
408.58 1745.931 2269.484 4582.651 -22.63359
409.76 1878.165 2452.338 4997.402 -22.56025
410.94 1567.892 1770.51 4115.36 -8.64101
412.12 1439.906 1289.889 3749.949 6.09812
413.3 1310.628 1039.914 3670.435 10.29126
414.48 1315.23 947.47 3378.723 15.12635
415.66 1423.191 1217.497 3723.432 8.20828
416.84 2295.668 3106.936 5778.05 -30.37189
418.02 1681.381 1772.23 4367.919 -3.50002
419.2 1381.087 1166.391 3607.32 8.79564
420.38 1560.912 1557.522 4244.417 0.12619
421.56 1472.507 1362.396 4031.913 4.12475
422.74 2108.89 2946.461 5620.036 -31.32777
423.92 1841.555 2131.6 4890.321 -10.51375
425.1 1538.23 1499.97 4065.723 1.49118
426.28 1449.458 1165.192 3856.506 10.56238
427.46 2505.938 3589.68 6422.448 -38.25737
428.63 1592.681 1619.266 4308.315 -0.98861
429.81 1656.274 1713.591 4375.987 -2.15281
430.99 1775.732 2003.519 4743.547 -8.31333
432.17 2197.1 2927.721 5826.585 -25.2037
433.35 1918.416 2125.12 4965.066 -7.27846
434.52 1164.888 427.927 3245.716 26.15387
435.7 1424.304 1092.833 3793.161 12.27522
436.88 1918.189 1984.948 4888.608 -2.29912
438.06 1729.163 1466.304 4456.582 8.79046
439.23 1515.75 1177.981 4051.781 11.7534
440.41 1714.715 1601.606 4678.638 3.6759
441.59 2010.33 2193.977 5398.187 -5.73141
442.77 1491.521 963.274 3957.003 17.64513
443.94 2069.996 2184.115 5537.972 -3.40265
445.12 2107.518 2037.676 5450.854 2.04624
446.3 2416.271 2830.492 6339.838 -11.80338
447.47 2066.864 1996.817 5529.01 1.98308
448.65 2168.934 1981.582 5756.299 4.96335
449.82 1817.934 1192.582 4896.299 16.88445
451.0 2032.323 1628.795 5361.895 10.80946
452.18 1931.957 1347.642 5281.681 14.85278
453.35 2064.016 1508.127 5548.03 13.75996
454.53 2027.702 1500.777 5517.873 13.11706
455.7 1916.966 938.373 5313.298 22.36821
456.88 2610.111 2478.001 7091.026 2.86384
458.05 2264.609 1621.452 6037.202 14.56507
459.23 2007.232 923.019 5558.547 23.38919
460.4 2325.016 1717.127 6638.53 12.35195
461.58 2540.09 1870.49 7088.468 12.83257
462.75 2171.518 902.676 6107.854 24.37653
463.93 2489.22 1645.239 6890.106 16.09157
465.1 2402.964 1483.324 6766.474 17.40704
466.28 2160.572 647.028 6071.735 27.90093
467.45 2181.016 483.127 5941.03 31.10882
468.63 2689.527 1443.407 7088.471 22.07451
469.8 3005.252 2273.03 8151.105 12.45683
470.97 2561.089 1065.441 6890.144 25.67767
472.15 2804.501 1621.263 7446.445 20.31246
473.32 2977.572 1868.528 7969.235 18.17894
474.49 3129.979 2223.203 8539.063 14.35713
475.67 2786.408 1299.938 7688.773 23.26668
476.84 2543.449 883.96 7141.889 26.51818
478.01 3102.6 1752.721 8442.585 20.17797
479.19 2885.808 1409.931 8063.81 22.18069
480.36 2816.101 915.27 7532.409 28.72588
481.53 3066.386 1726.378 8416.892 20.02848
482.7 2969.735 1276.117 8456.195 23.58774
483.88 2839.573 873.577 7709.059 28.76164
485.05 2941.111 1198.001 8010.026 25.58871
486.22 3072.33 1352.991 8186.191 25.16154
487.39 2890.434 877.097 7722.804 29.41021
488.56 3114.763 1501.81 8619.046 22.66263
489.74 3483.644 2389.342 9412.849 15.58057
490.91 2837.358 892.185 7826.042 28.05326
492.08 3071.263 1265.81 8351.046 25.4819
493.25 3069.726 930.386 8051.579 30.04187
494.42 3139.594 1369.088 8493.116 24.85259
495.59 3121.491 1247.532 8254.328 26.74488
496.76 3168.568 1336.929 8779.086 24.61167
497.93 3407.856 1718.135 8874.218 23.61237
499.1 3214.451 1605.01 8686.713 22.72675
500.27 3824.676 2773.633 9994.347 14.55594
501.44 3961.183 3078.815 10340.14 12.15162
502.61 3060.276 1235.64 8292.811 25.85507
503.78 3390.473 1679.07 8997.595 23.38453
504.95 3997.836 3086.124 10109.66 12.9808
506.12 3424.055 1873.615 8827.325 22.29658
507.29 3016.062 930.797 8134.118 28.94867
508.46 2741.939 252.729 7064.272 36.544
509.63 4079.439 3146.729 10463.772 12.74709
510.8 4107.633 3257.561 10580.907 11.60769
511.97 3294.785 1395.871 8452.928 26.90803
513.14 2992.545 771.884 8008.708 30.68558
514.31 3650.91 2169.487 9502.598 20.20183
515.48 3282.943 1332.328 8695.921 26.48999
516.65 3203.49 1206.483 8477.504 27.46529
517.81 3121.757 997.678 8375.577 28.78976
518.98 3545.54 1822.736 9187.236 23.39336
520.15 2841.638 485.209 7758.88 32.3967
521.32 3480.092 1739.539 9169.292 23.4268
522.49 4556.902 3869.305 11735.806 8.74082
523.65 4231.564 3152.846 10589.442 14.50554
524.82 3596.908 1597.438 9160.273 26.4381
525.99 3058.484 298.35 7696.536 37.30825
527.16 3637.833 1845.59 9410.84 23.69047
528.32 3672.042 1856.285 9654.561 23.28408
529.49 3377.174 1269.084 9050.522 27.09126
530.66 3023.508 237.96 7952.242 36.10897
531.82 3191.233 604.568 8380.371 33.26557
532.99 3447.073 1143.077 9051.559 29.13323
534.16 3651.971 1260.521 9238.271 29.9765
535.32 3922.809 2115.98 10496.134 21.56081
536.49 3455.85 789.003 9031.249 32.35583
537.65 4280.326 2601.393 11115.043 19.72048
538.82 3578.319 820.711 9142.75 33.1362
539.99 3936.267 1661.909 10484.694 25.77823
541.15 4238.345 2098.355 10995.276 24.05315
542.32 3762.759 502.227 9480.401 36.3162
543.48 4403.781 1999.787 11516.283 25.26134
544.65 4568.538 1990.202 11206.916 27.97457
545.81 5482.175 3837.633 13952.847 16.25811
546.98 4305.495 1447.13 11648.477 28.01949
548.14 4781.675 2101.633 12558.847 25.62865
549.31 4340.146 958.391 11704.673 31.46907
550.47 4501.055 1167.115 11823.325 31.28636
551.63 5290.757 2475.678 13360.077 25.86344
552.8 4751.969 1129.472 12063.946 33.12914
553.96 4854.023 947.323 11854.827 35.81662
555.13 4715.096 1023.137 12524.44 32.10035
556.29 5463.873 2505.563 14429.631 24.80957
557.45 4829.754 696.579 11942.429 36.75289
558.62 5189.198 1466.693 13019.729 32.22101
559.78 5452.995 1969.13 13975.477 29.01686
560.94 5161.279 1215.238 13337.959 32.55079
562.11 5268.893 1055.074 13142.688 34.86063
563.27 4917.739 262.716 12451.344 38.19153
564.43 4975.789 55.969 12440.076 39.72688
565.59 5095.844 320.87 12474.78 39.28756
566.76 5390.908 1010.438 13526.773 34.99802
567.92 5605.906 1477.404 14710.454 31.19842
569.08 6041.627 1880.929 14975.939 31.77316
570.24 5752.622 1088.781 14294.967 35.31558
571.4 5431.105 472.868 13934.058 36.83357
572.57 5526.365 945.881 14806.338 33.04713
573.73 5458.525 168.373 13756.151 38.93317
574.89 5861.026 1054.422 14808.476 34.94682
576.05 5929.898 1449.707 14947.657 33.19164
577.21 5558.726 620.386 14037.079 36.80743
578.37 5537.616 16.148 14368.998 38.46948
579.53 5948.72 648.254 14684.11 37.76375
580.69 6186.086 1744.406 16907.324 29.29304
581.85 6062.912 1062.536 15333.922 35.03777
583.01 6188.687 1031.413 15150.788 36.52622
584.17 6207.4 1324.256 15526.981 34.38174
585.33 6617.484 1508.85 16502.535 34.0719
586.49 6261.512 911.543 15139.886 37.60079
587.65 6630.094 1585.588 15770.116 35.56344
588.81 6552.004 1454.361 16620.094 33.6129
589.97 6776.993 2468.081 17353.152 28.94788
591.13 6342.102 1144.77 16272.909 34.35539
592.29 6431.311 974.529 16274.958 35.66424
593.45 6000.434 623.597 15068.304 37.22358
594.61 6066.285 509.871 14565.428 39.5318
595.77 6188.157 398.671 15600.113 38.08511
596.93 5854.01 352.994 14982.562 37.60204
598.09 6591.951 994.51 16096.213 37.06497
599.24 6121.77 453.507 15481.843 37.71717
600.4 6484.012 1022.043 15271.886 38.33003
601.56 6101.248 652.947 14886.461 38.27798
602.72 6253.056 1034.664 15405.649 36.312
603.87 6238.653 1147.587 15940.47 34.41564
605.03 6141.056 538.664 15530.149 37.37049
606.19 6032.963 524.339 14650.979 38.99458
607.35 5597.311 91.029 14074.458 39.37719
608.5 6415.636 1534.16 16068.056 33.58684
609.66 6864.761 2418.276 16947.227 30.60431
610.82 5705.216 428.655 13941.462 39.04859
611.97 5929.373 429.063 15284.131 37.02649
613.13 6370.854 1601.601 15041.897 35.48473
614.29 6113.841 1286.772 15624.132 33.66777
615.44 6335.106 1823.417 15499.882 32.98871
616.6 5704.7 461.742 14483.053 37.39278
617.76 6257.382 1709.294 14965.748 34.30848
618.91 6153.701 1751.292 14364.377 34.90351
620.07 6283.668 1762.451 15394.555 33.16595
621.22 5521.27 12.007 13149.843 41.93433
622.38 6674.373 2654.563 15989.631 30.14465
623.53 5601.105 158.868 13188.058 41.76957
624.69 5412.179 384.231 13439.995 38.51133
625.84 5579.627 531.929 13202.939 39.83659
627.0 5749.774 1371.591 14228.986 34.05187
628.15 5255.975 114.619 12578.419 41.25031
629.31 5842.501 1007.263 14042.945 37.09233
630.46 5321.698 54.193 13046.229 40.54411
631.61 5576.659 929.72 13696.938 36.39743
632.77 5539.083 810.308 13448.676 37.41602
633.92 5803.187 1138.913 14331.288 35.35583
635.08 6343.928 2566.449 15674.831 28.81728
636.23 5481.779 888.738 12713.959 38.84106
637.38 5417.32 -113.24 12221.574 44.837
638.54 5967.492 1722.532 14108.828 34.27142
639.69 6264.803 2381.848 15304.665 30.04728
640.84 5861.816 1380.484 13396.653 37.29418
641.99 5278.355 269.505 12355.263 41.44423
643.15 6252.394 2251.527 14847.871 31.76213
644.3 5542.932 424.048 12033.48 44.09246
645.45 5175.471 -101.931 11883.589 44.03148
646.6 5963.509 2262.59 13837.698 31.97309
647.75 5411.048 607.111 12667.807 39.83134
648.91 5079.586 -149.868 11873.416 43.49439
650.06 5417.625 568.154 12924.024 39.24832
651.21 5699.664 1234.675 13884.134 35.29787
652.36 5741.203 1167.196 13647.742 36.64909
653.51 5578.241 471.717 12946.351 40.93526
654.66 5613.28 760.738 13928.46 36.85179
655.81 6091.318 1710.259 13956.568 35.77453
656.96 5251.857 208.28 11655.678 44.05872
658.11 5544.896 976.302 13026.286 37.91369
659.27 5757.434 1342.323 13119.396 37.48904
660.42 5342.973 294.844 12097.004 42.77292
661.57 5629.511 1029.865 13292.613 37.5091
662.72 5201.05 -180.114 11759.722 45.06899
663.87 5040.088 -173.093 12221.331 42.0607
665.01 5683.627 891.429 13287.439 38.6592
666.16 5279.666 252.45 12741.048 40.25444
667.31 5536.704 428.971 12492.657 42.33974
668.46 6295.743 1921.492 14423.766 34.98765
669.61 5717.782 594.013 13009.375 41.26959
670.76 5600.82 69.034 12190.983 45.63446
671.91 6354.859 1986.556 14678.593 34.41767
673.06 6132.897 1294.577 13963.201 38.19137
674.21 5485.936 -152.402 12580.811 44.28056
675.35 6080.975 921.119 14043.419 39.32127
676.5 5890.513 695.14 13457.528 40.70847
677.65 5733.552 130.661 13839.637 40.87023
678.8 5479.59 -167.817 12917.745 43.15755
679.94 6006.629 341.704 13183.854 44.11197
681.09 6419.167 1144.725 14808.463 38.60175
682.24 6305.706 1245.246 14909.072 37.03545
683.39 5853.745 87.267 14166.681 40.9568
684.53 6491.283 1283.788 14885.79 38.28477
685.68 6264.322 696.31 14367.398 40.72838
686.83 6458.861 970.331 14569.508 40.35928
687.97 6327.899 858.352 13805.616 42.24481
689.12 5992.438 551.873 14120.726 40.09598
690.27 6331.477 354.394 14816.334 41.32974
691.41 6817.015 1406.415 14506.942 41.30063
692.56 6495.054 1082.937 16352.052 35.44486
693.7 6543.592 1119.958 15615.16 37.41676
694.85 6039.631 194.479 14490.27 40.88722
695.99 6461.669 1253.0 15089.378 37.64475
697.14 6356.708 771.021 14628.987 40.30669
698.28 6526.747 1041.542 15243.096 38.62397
699.43 6526.785 1135.563 14681.205 39.80042
700.57 6011.824 -141.415 13427.313 45.34868
701.72 6138.362 110.606 13995.923 43.41101
702.86 5650.401 -264.873 13259.531 43.73778
704.01 6096.44 194.148 14476.14 41.32681
705.15 6993.979 1163.669 15626.249 40.31307
706.29 6642.517 338.191 13608.857 47.50573
707.44 6637.056 630.212 14229.467 44.17039
708.58 6225.094 -106.267 13695.075 45.87497
709.72 7114.133 1851.254 16852.684 35.08252
710.87 6485.671 -294.725 13516.793 49.09233
712.01 6488.21 159.296 13861.402 46.18935
713.15 6565.749 757.818 14662.511 41.76957
714.3 6698.287 1016.839 14706.12 41.5029
715.44 6557.826 245.36 14690.729 43.69889
716.58 6686.364 754.381 15552.337 40.0865
717.72 6364.903 161.402 14636.446 42.85652
718.87 6622.441 633.923 15330.055 40.74894
720.01 6799.98 420.444 16054.664 40.80495
721.15 6215.019 -115.534 13882.772 45.22371
722.29 6403.558 1021.487 14374.382 40.3064
723.43 6673.596 1412.508 15841.49 36.46195
724.57 6583.635 1132.029 14727.6 40.0984
725.72 6481.673 677.05 14369.208 42.39378
726.86 6647.212 1909.571 14417.817 37.87614
728.0 6444.25 556.093 14380.426 42.59271
729.14 6470.289 218.114 13303.034 47.78153
730.28 6955.328 1451.635 14596.644 41.86907
731.42 6255.866 161.656 13138.752 46.96128
732.56 7099.405 2064.677 15369.861 37.84034
733.7 6641.943 1011.698 14814.47 40.79068
734.84 6114.482 -294.28 13002.579 48.19756
735.98 6522.521 627.741 13972.188 44.17403
737.12 5968.059 113.262 13786.297 42.82003
738.26 6669.598 149.283 14333.905 45.96749
739.4 6500.637 656.304 15338.515 39.80554
740.53 6481.675 1114.825 14728.623 39.42214
741.67 6353.714 788.347 13910.231 42.41286
742.81 5971.752 -224.632 12929.841 47.10477
743.95 6957.791 678.389 13862.949 47.62694
745.09 6353.83 154.91 13480.059 46.52045
746.23 6666.368 1219.931 14948.167 39.67325
747.36 6370.407 1273.452 14981.276 37.18281
748.5 5756.945 150.974 13084.885 43.34321
749.64 6355.984 232.495 13546.994 45.99113
750.78 6209.522 144.516 12781.103 47.99561
751.92 6164.061 332.037 13095.712 45.69236
753.05 5901.1 363.058 13274.32 42.89311
754.19 6303.138 1546.079 13911.429 38.47088
755.33 5424.677 -270.899 12687.538 43.95265
756.46 5923.216 724.622 12953.146 42.51203
757.6 5952.754 16.643 12968.756 45.83122
758.74 6755.293 1561.164 14233.864 40.98676
759.87 5757.332 755.185 14133.974 37.38863
761.01 5533.87 606.206 12603.582 41.07285
762.14 5517.909 641.728 12811.191 40.06899
763.28 5880.947 1166.749 12534.8 41.46884
764.41 6194.986 724.77 12183.909 47.73671
765.55 5408.524 -237.209 11384.018 48.58122
766.69 5922.063 750.312 12319.126 44.70424
767.82 5546.102 953.333 12841.235 38.63397
768.95 5068.14 139.855 11144.344 44.78432
770.09 5940.179 1518.876 12756.953 39.34217
771.22 5980.717 1835.897 13038.562 36.99852
772.36 5901.756 1423.418 12540.671 40.28278
773.49 5777.295 1409.439 13055.279 37.50572
774.63 5146.833 572.96 11390.389 42.28244
775.76 5273.372 487.482 11425.497 43.75465
776.89 5394.411 1196.503 12047.606 38.68646
778.03 5430.449 955.024 11702.215 41.64275
779.16 5083.988 234.045 11350.323 43.6292
780.29 5187.026 912.566 11263.933 41.29368
781.43 5342.565 1591.087 11674.041 37.20614
782.56 5115.104 944.108 11725.65 38.68644
783.69 4656.142 191.63 10068.759 45.20051
784.82 4986.681 554.151 11165.368 41.77211
785.96 4473.719 571.172 10081.477 41.03493
787.09 4607.258 581.193 9815.086 43.60095
788.22 4791.296 974.214 10803.694 38.833
789.35 4623.835 297.235 9664.304 46.18948
790.48 4418.374 550.757 9442.912 43.49471
791.62 4963.913 1464.278 10710.521 37.84926
792.75 4125.951 150.299 9027.63 44.78432
793.88 4783.49 1845.82 10836.738 32.67374
795.01 4493.028 1012.341 9681.348 40.15093
796.14 4670.567 1161.362 9669.956 41.24306
797.27 4760.605 1363.384 10103.065 38.87123
798.4 4172.144 658.405 8814.174 43.08287
799.53 3761.183 106.926 7920.783 46.76636
800.66 4175.721 887.947 9714.892 37.24702
801.79 5420.26 3492.968 11640.501 23.65491
802.92 4180.798 670.989 8506.109 44.79585
804.05 4347.837 1137.511 9490.218 38.43456
805.18 4186.875 712.032 9415.827 39.92332
806.31 4033.414 693.053 8287.436 43.98463
807.44 3772.453 10.074 8029.045 46.91847
808.57 4196.492 1061.095 8028.653 44.99993
809.69 4221.53 932.116 8612.263 42.83009
810.82 3680.069 -309.862 6966.871 54.83135
811.95 4896.607 2776.659 10190.48 28.59455
813.08 3586.146 371.18 8155.589 41.30007
814.21 4581.685 2834.201 10741.198 22.10047
815.33 3670.723 640.722 7666.307 43.1281
816.46 3589.262 897.243 8077.416 37.49239
817.59 4191.8 2031.265 9024.024 30.89675
818.72 3729.839 1309.286 8154.633 35.36056
819.84 4254.877 2504.307 9108.742 26.50598
820.97 3916.416 1316.328 8395.351 36.72948
822.1 3887.955 1648.849 8675.46 31.86608
823.22 3220.993 69.37 6292.068 50.64721
824.35 3371.532 312.892 7032.177 45.52032
825.48 3731.071 1487.913 7442.286 37.67244
826.6 3282.109 912.934 7259.895 37.32771
827.73 2807.648 -189.545 6337.004 45.92309
828.85 3290.187 653.976 6923.113 42.05061
829.98 3671.725 1615.497 7863.222 32.91163
831.11 2926.764 214.519 6495.331 43.18303
832.23 2741.802 246.04 6477.939 40.04818
833.36 3444.841 1437.561 7361.048 33.8868
834.48 3204.379 859.582 6749.157 39.81268
835.6 3071.918 1350.603 6884.266 31.10625
836.73 2504.457 130.124 5894.375 41.19066
837.85 3296.995 1415.646 7515.983 30.84009
838.98 2618.034 -203.333 5561.092 48.94446
840.1 3036.573 1153.688 6953.701 32.46345
841.23 2951.611 1016.709 6811.81 33.38858
842.35 3324.65 1991.73 8074.919 21.91153
843.47 2741.688 643.251 5934.528 39.65842
844.6 2601.227 175.772 5347.637 46.8971
845.72 2707.266 385.794 5760.745 43.19057
846.84 2598.804 409.315 5733.354 41.12459
847.96 2878.843 333.836 6072.963 44.34484
849.09 2583.881 312.357 5663.572 42.44876
850.21 2811.92 638.878 5764.681 42.39417
851.33 2893.958 1103.4 6528.79 33.00332
852.45 2438.997 228.421 5257.898 43.9524
853.57 2548.036 815.942 5672.007 35.66867
854.7 2433.574 292.463 5545.616 40.7586
855.82 2407.113 250.984 5604.725 40.27331
856.94 2774.652 1359.005 6401.334 28.07525
858.06 2323.19 -150.974 4755.442 50.42711
859.18 2816.729 1080.048 5734.551 37.31184
860.3 2680.267 685.569 5356.16 42.70762
861.42 2235.806 -205.41 4107.269 56.60556
862.54 2236.845 -138.889 4662.878 49.47624
863.66 2286.383 207.132 4728.987 45.98226
864.78 2299.422 378.653 4574.596 45.77681
865.9 2682.96 970.175 5307.205 39.49214
867.02 3699.999 3268.196 8203.313 8.7496
868.14 3064.538 2295.717 6758.422 17.22768
869.26 2815.076 1418.238 5515.531 34.09173
870.38 1991.115 -114.741 4571.64 44.93565
871.5 2042.653 -88.72 4033.749 51.70138
872.62 2108.192 119.302 4331.357 47.219
873.74 2667.231 1744.823 6251.966 20.46547
874.85 2134.75 124.833 4517.521 45.75597
875.97 2362.75 757.833 5010.021 37.74332
877.09 2410.75 1107.333 5359.521 30.65285
878.21 2293.75 690.333 4427.521 42.90437
879.33 2152.25 765.333 4705.021 35.20372
880.44 2191.75 751.833 5068.021 33.36085
881.56 2114.25 388.333 4358.521 43.47192
882.68 2315.25 781.833 4309.021 43.4742
883.79 2894.25 2228.333 6274.021 16.45991
884.91 1771.25 -118.167 4007.021 45.80196
886.03 2445.25 1161.833 5196.021 31.81351
887.14 2625.75 1814.333 5684.521 20.96582
888.26 2743.75 1999.833 5994.021 18.62498
889.38 2558.25 1485.333 5125.521 29.47421
890.49 1930.75 -47.667 3685.521 52.99537
891.61 2288.25 808.333 4448.521 40.65496
892.72 1888.75 114.333 4032.021 45.29245
893.84 1885.75 -138.667 4255.521 46.07033
894.95 1844.75 -153.667 3717.521 51.62283
896.07 2019.75 413.833 4113.521 43.40682
897.18 2316.75 1036.333 4540.021 36.54483
898.3 1776.75 35.833 3481.521 50.52451
899.41 2601.75 1322.833 5193.021 33.04534
900.53 2242.25 943.833 4236.021 39.43933
901.64 2256.25 1230.833 5402.021 24.58333
902.75 2058.75 709.833 4430.521 36.2545
903.87 1992.25 346.833 3898.521 46.32774
904.98 2074.75 1111.833 4832.021 25.88355
906.09 1945.25 521.333 4227.521 38.41998
907.21 1956.75 1032.833 4594.521 25.94042
908.32 1795.25 375.833 3893.521 40.35085
909.43 2307.75 1633.833 5382.021 17.9798
910.54 2007.75 856.333 4521.521 31.41494
911.66 2940.25 2737.333 6120.021 5.99868
912.77 1645.25 277.333 3654.521 40.50461
913.88 1935.75 899.833 4292.021 30.53831
914.99 1710.75 269.333 3331.521 47.07147
916.1 1924.25 823.833 3662.021 38.77181
917.22 1626.25 108.333 3132.021 50.20085
918.33 2180.75 1602.333 4594.521 19.33089
919.44 1733.25 709.333 3807.521 33.04889
920.55 2166.75 1790.833 4739.021 12.75077
921.66 1896.75 1114.333 3962.021 27.47551
922.77 2033.75 1230.833 4176.521 27.25736
923.88 2157.75 1684.333 4666.021 15.87747
924.99 1867.25 1005.833 4039.521 28.39504
926.1 1406.25 -10.667 2708.021 52.11767
927.21 2150.75 1730.333 4719.021 14.06693
928.32 1262.75 -128.667 2431.021 54.35885
929.43 1638.25 732.333 3350.521 34.60091
930.54 1544.25 508.833 2813.521 44.92656
931.65 1507.25 742.333 3320.521 29.66878
932.76 1677.25 1108.333 3496.021 23.8271
933.86 1638.25 938.833 3258.021 30.15783
934.97 1258.75 286.833 2585.521 42.28138
936.08 1239.75 452.833 2316.021 42.23497
937.19 1720.25 1885.833 4027.021 -7.73325
938.3 1519.75 1201.833 3249.021 15.52943
939.4 1548.25 1749.333 3612.021 -10.79534
940.51 1095.75 687.833 2239.021 26.29706
941.62 1225.25 1240.833 2734.521 -1.04328
942.73 1893.75 2750.333 4271.521 -56.31016
943.83 1104.75 898.833 2278.021 14.93029
944.94 1172.25 983.833 2278.521 14.55306
946.05 595.75 -16.667 1296.021 46.65365
947.15 746.25 29.833 1459.521 50.11002
948.26 1004.75 669.833 2117.521 23.1346
949.36 794.25 366.833 1708.021 31.86852
950.47 1129.25 953.833 2416.021 11.99687
951.57 1694.75 2269.333 3791.521 -37.74721
952.68 1309.25 1332.833 3147.021 -1.29994
953.79 1381.75 1336.333 2958.021 2.80058
954.89 917.25 431.833 1915.021 32.72794
955.99 1261.25 1138.333 2826.021 7.28314
957.1 1066.75 593.333 2420.021 25.91668
958.2 1180.75 883.333 2674.021 16.60908
959.31 1400.25 1304.833 3095.521 5.32849
960.41 1094.25 430.833 1994.521 42.42642
961.52 831.75 81.333 1587.521 49.82226
962.62 1374.75 1338.333 3120.021 2.04394
963.72 897.25 81.833 1686.521 50.81467
964.83 863.25 -96.667 1420.521 63.26948
965.93 1298.25 867.333 2607.021 24.76978
967.03 1558.25 1632.333 3674.021 -3.62854
968.13 1374.75 1295.333 3037.521 4.55844
969.24 1008.75 373.333 2056.521 37.7508
970.34 1069.75 506.333 2134.021 34.61455
971.44 1135.25 658.333 2470.021 26.32445
972.54 1330.25 991.333 2613.521 20.89257
973.64 1047.25 395.833 1967.521 41.44696
974.75 1977.75 2727.333 4342.021 -46.4228
975.85 4369.75 8233.833 10100.521 -207.00214
976.95 973.75 446.333 2116.521 31.57829
978.05 1405.25 1431.833 3190.521 -1.51155
979.15 1890.25 2417.833 4142.021 -30.59894
980.25 854.75 77.833 1583.521 51.5988
981.35 932.75 478.333 1934.521 31.20592
982.45 1727.25 2239.833 3786.521 -33.14071
983.55 1281.75 1277.833 2662.021 0.28295
984.65 1149.25 1081.833 2426.021 5.01542
985.75 1420.75 1673.333 3141.021 -17.20962
986.85 1130.25 1033.833 2548.021 6.36755
987.95 907.75 552.333 2026.521 24.10933
989.05 1649.25 2063.333 3463.521 -29.57341
990.15 1322.25 1504.333 2865.521 -13.3768
991.25 1149.75 932.833 2296.021 15.91246
992.34 1541.25 2071.333 3339.521 -41.79849
993.44 1161.25 1067.333 2262.021 7.86119
994.54 1009.25 997.333 2025.521 1.159
995.64 1539.25 1752.333 2989.021 -17.23017
996.74 1627.25 2127.333 3291.521 -42.95556
997.83 724.25 168.833 1256.021 51.08748
998.93 1058.25 838.333 1994.521 19.02085
1000.03 1909.25 3115.833 4377.521 -95.63248
1001.12 1440.25 2129.833 3121.521 -69.53635
1002.22 1366.25 2073.833 3210.021 -62.27698
1003.32 789.25 728.333 1728.021 6.09357
1004.41 1056.75 1275.833 2219.521 -23.21567
1005.51 1014.25 1044.833 2034.521 -3.09021
1006.6 785.75 449.333 1515.021 31.56804
1007.7 1172.75 1579.333 2663.021 -37.51851
1008.8 564.25 116.833 990.021 51.23947
1009.89 1067.25 1304.833 2322.021 -23.35689
1010.99 1001.25 1035.333 1889.521 -3.99015
1012.08 626.25 146.833 1118.021 49.36396
1013.18 959.25 989.333 2030.021 -2.89072
1014.27 808.75 673.833 1647.021 13.86338
1015.36 1019.75 901.833 1832.021 12.67666
1016.46 1058.75 1099.333 2024.521 -4.3865
1017.55 667.75 424.333 1331.021 26.84681
1018.65 1014.25 1194.833 2030.021 -21.6219
1019.74 1117.75 1510.333 2428.021 -42.77964
1020.83 1051.75 1173.333 2163.021 -12.28503
1021.93 885.75 882.833 1780.021 0.32509
1023.02 536.75 345.333 1073.021 26.30479
1024.11 552.75 202.833 944.521 47.17845
1025.2 427.75 91.333 929.021 40.16016
1026.3 974.75 1142.833 1980.021 -20.07715
1027.39 1108.75 1531.833 2318.021 -53.81457
1028.48 865.25 1191.333 1910.521 -45.34052
1029.57 710.75 690.333 1436.021 2.73797
1030.66 846.25 1056.333 1742.521 -30.61603
1031.75 2033.75 3911.833 4641.021 -257.55826
1032.84 1053.75 1514.333 2226.021 -64.71709
1033.94 516.25 272.833 974.521 34.69018
1035.03 1080.25 1659.333 2341.021 -84.94853
1036.12 450.75 271.333 912.521 27.98193
1037.21 514.75 342.833 823.521 35.76475
1038.3 979.25 1383.833 2031.021 -62.51409
1039.39 478.25 299.333 829.521 33.74592
1040.48 803.25 1089.333 1770.021 -42.02859
1041.57 928.75 1523.833 2000.521 -124.83721
1042.66 794.25 1086.333 1789.521 -41.53705
1043.74 914.75 1264.333 1828.021 -62.01723
1044.83 897.75 1388.333 1874.521 -100.90415
1045.92 391.25 288.333 762.521 21.70379
1047.01 994.75 1598.333 2203.521 -99.73496
1048.1 372.75 253.833 664.021 28.99081
1049.19 769.75 1079.833 1614.521 -57.99338
1050.27 575.75 897.833 1357.521 -70.0657
1051.36 619.75 886.333 1321.021 -61.32757
1052.45 823.25 1311.333 1738.021 -114.38896
1053.54 689.75 1093.833 1594.521 -80.7057
1054.62 818.25 1313.833 1787.021 -104.73298
1055.71 797.25 1319.833 1666.021 -150.95385
1056.8 984.75 1821.333 2145.521 -258.0555
1057.88 600.75 914.833 1288.521 -84.04971
1058.97 668.25 1253.833 1744.521 -119.33937
1060.06 1180.75 2294.333 2766.021 -236.08496
1061.14 626.25 831.333 1225.521 -52.02684
1062.23 1983.75 4077.833 4601.521 -399.8725
1063.31 778.25 1347.333 1665.521 -178.85158
1064.4 533.25 816.833 1162.021 -82.1534
1065.48 700.25 1190.333 1585.021 -124.16998
1066.57 580.75 834.333 1196.521 -70.01436
1067.65 771.25 1296.333 1630.521 -157.12239
1068.74 614.75 894.833 1316.521 -66.41963
1069.82 785.75 1335.333 1655.521 -171.64423
1070.9 2623.75 5377.333 6085.021 -389.09596
1071.99 808.75 1434.833 1816.021 -164.24552
1073.07 736.25 1297.833 1656.521 -156.5662
1074.15 828.75 1459.833 1788.521 -192.00103
1075.24 720.75 1138.833 1373.521 -178.14471
1076.32 836.25 1408.833 1789.021 -150.60552
1077.4 1217.75 2520.333 2787.521 -487.51654
1078.49 446.25 600.833 910.521 -49.9159
1079.57 885.75 1624.833 1998.521 -197.78113
1080.65 1222.75 2142.833 2561.521 -219.75417
1081.73 638.25 1129.333 1313.021 -267.34719
1082.81 369.75 553.333 800.021 -74.41938
1083.89 745.75 1458.333 1720.021 -272.30318
1084.98 744.25 1350.833 1773.521 -143.50634
1086.06 381.25 651.333 851.521 -134.91517
1087.14 438.25 740.333 974.021 -129.26807
1088.22 709.75 1238.833 1529.021 -182.32466
1089.3 451.25 585.833 987.021 -33.54624
1090.38 1272.25 2794.333 3151.521 -426.13004
1091.46 793.75 1523.833 1736.021 -344.07464
1092.54 582.25 988.833 1251.021 -155.07346
1093.62 646.75 1072.333 1371.521 -142.24638
1094.7 384.25 600.333 689.021 -243.64574
1095.78 647.75 1264.333 1534.021 -228.62883
1096.86 697.25 1326.833 1527.521 -313.7133
1097.93 1476.75 3004.833 3433.021 -356.87246
1099.01 979.75 1981.333 2345.021 -275.39679
1100.09 548.75 754.333 996.021 -85.06162
