196.55 733.608 637.312 809.19 56.02539
197.76 1040.808 939.8 1092.907 65.97248
198.96 962.295 856.3 965.027 97.48691
200.16 602.875 561.303 735.803 23.82338
201.36 1012.436 1037.285 1194.787 -15.77721
202.56 771.084 695.791 952.606 29.31811
203.76 589.288 612.799 782.088 -13.88824
204.96 723.992 695.308 792.07 29.64443
206.16 470.557 490.81 587.32 -20.98637
207.36 892.435 819.305 904.76 85.57706
208.56 777.83 680.301 752.872 134.39162
209.76 503.455 497.306 560.579 9.71728
210.96 685.35 620.302 695.691 86.28369
212.16 1349.139 1311.814 1432.742 30.86534
213.36 802.917 733.805 871.587 50.16034
214.56 698.128 636.813 706.009 88.60989
215.76 1230.788 1209.3 1195.088 0.0
216.96 1018.74 972.798 1085.364 40.81332
218.16 791.695 694.796 728.933 283.85347
219.35 583.039 483.31 604.647 82.1915
220.55 674.552 634.81 720.026 46.63655
221.75 635.201 581.816 654.845 73.10069
222.95 1015.023 923.809 1059.121 67.41013
224.15 829.159 746.315 819.061 113.8811
225.35 598.623 541.313 705.716 34.85953
226.55 613.534 558.809 606.854 113.90435
227.75 994.023 842.309 985.621 105.86266
228.94 859.955 687.306 826.079 124.41124
230.14 729.397 694.304 765.768 49.10558
231.34 620.844 537.802 619.751 101.33302
232.54 637.857 577.802 576.631 0.0
233.74 632.744 576.298 625.657 114.35821
234.93 594.11 566.813 639.337 37.63894
236.13 681.873 621.303 775.156 39.36838
237.33 680.223 649.817 785.81 22.35828
238.53 637.065 583.311 672.406 60.33412
239.72 987.322 873.301 998.286 91.22747
240.92 469.437 429.306 569.406 28.64463
242.12 864.019 720.309 914.328 74.06993
243.31 555.908 461.804 654.001 48.96217
244.51 509.826 478.801 563.579 36.59554
245.71 870.017 823.809 962.682 33.27349
246.9 1096.326 1016.801 1154.079 57.92993
248.1 716.797 627.8 740.674 78.8466
249.3 681.72 643.297 746.545 37.21408
250.49 660.209 612.296 654.312 114.03366
251.69 768.393 666.304 790.475 82.21589
252.89 734.109 627.792 684.718 186.7645
254.08 440.955 415.806 457.079 60.93273
255.28 687.275 603.799 697.208 89.36567
256.47 485.93 424.305 460.967 168.09255
257.67 823.203 714.316 859.991 74.74616
258.86 878.077 748.311 843.638 136.12619
260.06 652.206 557.796 706.166 63.63176
261.26 988.855 951.802 1008.984 64.79788
262.45 659.866 598.303 754.217 39.48535
263.65 486.611 357.292 482.364 103.39543
264.84 718.846 692.302 818.398 21.05073
266.04 562.109 487.792 555.218 110.22025
267.23 418.113 360.292 447.511 66.29427
268.42 548.879 436.803 538.596 110.10203
269.62 665.415 609.305 684.941 74.18415
270.81 677.475 585.307 675.397 102.30556
272.01 641.862 634.302 694.924 12.46927
273.2 796.033 731.789 843.235 57.64599
274.4 472.733 429.797 489.924 71.40836
275.59 775.753 677.298 795.743 83.12281
276.78 645.964 552.307 669.165 80.14582
277.98 554.166 548.295 612.028 9.21313
279.17 607.452 539.306 678.932 48.80632
280.37 598.002 532.288 594.184 106.16972
281.56 422.773 412.299 463.062 20.63299
282.75 426.645 398.314 508.181 25.78682
283.95 623.629 536.293 631.537 91.69718
285.14 637.133 530.293 648.83 90.13254
286.33 490.18 436.295 524.407 61.15467
287.52 683.542 583.29 671.321 113.88235
288.72 793.48 681.787 795.718 98.03568
289.91 932.246 885.298 1018.303 35.29805
291.1 741.842 571.302 725.105 110.88194
292.29 646.404 610.304 688.208 46.33843
293.49 680.162 601.794 740.235 56.60744
294.68 503.728 465.297 469.631 886.7507
295.87 625.89 525.304 591.829 151.20097
297.06 671.751 643.798 687.097 64.55795
298.26 280.624 299.293 328.244 -64.48431
299.45 570.908 543.304 556.001 217.40713
300.64 589.552 483.31 601.526 89.8708
301.83 607.844 587.802 627.251 50.80406
303.02 524.568 450.311 539.552 83.20891
304.21 734.656 658.314 817.414 47.98371
305.4 631.55 540.81 611.88 127.67698
306.59 658.43 567.805 697.467 69.89363
307.79 567.359 526.802 586.277 68.19172
308.98 433.897 417.804 482.268 24.96421
310.17 719.12 614.752 795.359 57.78728
311.36 549.759 525.778 613.564 27.317
312.55 1007.296 886.78 998.055 108.30476
313.74 387.737 364.797 502.717 16.63279
314.93 741.33 618.301 749.372 93.86463
316.12 554.868 490.803 583.363 69.21456
317.31 363.715 306.797 340.752 167.62825
318.5 394.237 348.297 402.717 84.41764
319.69 594.7 462.296 638.226 75.25928
320.88 523.968 493.807 571.458 38.84186
322.07 481.182 425.795 524.054 56.36842
323.26 463.541 402.81 509.294 57.03325
324.45 344.773 303.799 387.062 49.21022
325.64 578.669 482.795 606.674 77.3928
326.83 658.342 558.302 697.605 71.81452
328.01 556.786 486.299 512.941 264.57197
329.2 685.359 615.802 713.277 71.35884
330.39 471.751 433.798 539.097 36.04291
331.58 412.268 341.799 399.269 122.61959
332.77 802.877 762.303 855.45 43.55928
333.96 295.713 246.296 348.105 48.53854
335.15 406.304 361.8 466.114 42.66344
336.33 429.768 355.799 459.769 71.1451
337.52 541.773 455.799 537.562 105.1501
338.71 445.795 413.8 513.527 32.08257
339.9 459.969 422.787 459.985 99.95603
341.08 520.638 430.293 477.623 190.88387
342.27 634.81 568.8 623.553 120.56016
343.46 749.97 666.807 760.104 89.13767
344.65 658.97 581.807 629.104 163.14442
345.83 689.988 631.308 689.777 100.36108
347.02 357.992 301.808 385.07 67.47915
348.21 691.879 643.303 766.596 39.39887
349.4 409.319 298.301 403.139 105.89477
350.58 494.54 454.789 550.675 41.45635
351.77 393.244 387.798 441.157 10.20685
352.96 243.881 236.303 325.243 8.52061
354.14 475.779 412.299 515.002 61.80995
355.33 411.408 369.804 409.501 104.80372
356.51 271.073 265.291 296.873 18.30928
357.7 499.845 427.282 567.779 51.64748
358.89 397.151 339.294 441.502 56.60701
360.07 615.578 589.291 686.166 27.13469
361.26 701.066 618.77 693.315 110.39807
362.44 521.873 448.263 473.565 290.91926
363.63 398.722 364.256 375.6 303.82931
364.81 442.029 396.749 460.351 71.19333
366.0 245.08 201.751 300.721 43.7801
367.18 949.815 894.26 1026.255 42.08877
368.37 358.103 297.772 447.306 40.34638
369.55 527.739 478.777 584.245 46.42306
370.74 621.243 556.277 659.038 63.22032
371.92 782.092 718.271 792.073 86.47629
373.11 410.933 353.765 420.522 85.63564
374.29 331.74 313.257 348.773 52.04121
375.48 394.535 436.769 497.263 -69.81613
376.66 318.216 291.776 354.279 42.30189
377.84 637.603 592.272 697.806 42.95444
379.03 333.73 300.777 358.659 56.93115
380.21 235.999 226.268 329.918 9.38878
381.39 175.017 164.768 283.091 8.66155
382.58 553.727 491.777 643.512 40.82807
383.76 756.876 678.783 822.831 54.21338
384.94 777.301 730.28 866.348 34.55677
386.13 356.442 290.765 405.608 57.18796
387.31 467.597 379.272 503.866 70.89007
388.49 342.501 332.768 378.065 21.48849
389.68 453.168 448.774 505.556 7.73707
390.86 418.677 386.775 514.642 24.94916
392.04 667.827 571.281 741.607 56.68338
393.22 350.177 310.775 434.642 31.80972
394.41 301.51 325.768 385.151 -40.84994
395.59 179.174 165.775 284.995 11.23932
396.77 400.316 334.78 436.874 64.19186
397.95 421.245 322.278 455.185 74.46386
399.13 501.81 503.78 570.434 -2.95656
400.31 369.891 349.763 373.238 85.7419
401.5 434.575 357.271 519.401 47.68015
402.68 486.017 430.768 587.591 35.23006
403.86 343.663 304.774 387.262 47.14488
405.04 597.363 504.782 676.951 53.77298
406.22 279.061 236.27 337.521 42.26229
407.4 510.02 454.289 550.856 57.71254
408.58 584.072 535.771 657.254 39.75993
409.76 616.544 581.269 697.349 30.38785
410.94 391.177 418.275 467.642 -54.89169
412.12 305.449 297.786 446.167 5.16466
413.3 317.256 282.278 426.917 24.18312
414.48 248.767 235.278 365.65 10.34652
415.66 370.872 256.783 401.038 79.08843
416.84 758.261 711.278 876.21 28.48599
418.02 420.121 370.273 513.478 34.80907
419.2 326.252 270.778 355.624 65.38178
420.38 398.179 361.775 517.788 23.33378
421.56 319.852 344.282 456.219 -21.82507
422.74 661.068 626.77 736.961 31.12554
423.92 570.694 478.276 614.814 67.68691
425.1 427.767 356.778 512.65 45.54324
426.28 323.509 299.788 388.623 26.70208
427.46 878.007 769.788 947.477 60.90358
428.63 442.925 345.785 503.055 61.76645
429.81 447.989 367.787 545.804 45.05281
430.99 495.876 430.283 636.831 31.75689
432.17 750.416 655.284 839.968 51.5104
433.35 518.396 457.284 653.65 31.12167
434.52 170.556 119.79 295.701 28.85867
435.7 339.938 249.785 447.434 45.61265
436.88 575.763 480.778 626.357 65.24631
438.06 410.531 370.789 500.589 30.61801
439.23 345.77 262.779 419.797 52.85451
440.41 461.091 404.792 596.545 29.36029
441.59 535.67 501.775 676.702 19.37679
442.77 236.624 214.793 444.744 9.49395
443.94 573.796 516.78 655.555 41.08548
445.12 526.907 466.784 668.882 29.74938
446.3 717.272 645.279 838.443 37.27042
447.47 474.836 431.781 623.193 22.49335
448.65 530.29 508.779 723.115 10.03572
449.82 355.79 318.279 518.615 18.72362
451.0 418.332 320.281 557.4 41.35087
452.18 303.4 267.784 492.443 15.85362
453.35 356.298 329.28 589.202 10.39493
454.53 414.427 345.785 588.701 28.25751
455.7 311.847 218.782 493.926 33.82431
456.88 673.471 569.287 852.632 36.76947
458.05 420.863 385.282 647.951 13.54572
459.23 269.876 219.283 524.331 16.58532
460.4 430.798 328.28 623.202 34.76131
461.58 465.969 458.287 692.485 3.28033
462.75 245.907 185.284 505.882 18.90933
463.93 419.321 405.781 707.167 4.49255
465.1 417.239 307.777 631.745 33.78773
466.28 172.576 146.791 453.02 8.42005
467.45 154.798 95.78 461.202 16.15084
468.63 365.854 296.782 672.365 18.39056
469.8 552.378 480.783 868.977 18.44316
470.97 276.361 235.782 557.805 12.60106
472.15 420.622 382.293 777.597 9.69614
473.32 506.576 471.791 886.52 8.38732
474.49 575.011 534.788 943.27 9.84693
475.67 360.058 291.79 797.347 13.50344
476.84 205.062 204.29 642.14 0.17628
478.01 422.416 407.784 929.968 2.80197
479.19 359.155 344.794 818.795 3.02978
480.36 275.525 228.289 703.149 9.94728
481.53 415.947 339.786 888.02 13.89209
482.7 348.593 276.792 858.692 12.33916
483.88 268.184 217.295 769.2 9.22058
485.05 276.471 266.287 796.132 1.92219
486.22 337.266 328.799 898.122 1.4873
487.39 236.886 226.803 829.536 1.67278
488.56 383.434 361.785 933.641 3.78565
489.74 563.138 484.293 1179.123 11.34727
490.91 252.107 172.292 811.071 12.49483
492.08 336.934 286.285 938.141 7.76989
493.25 251.146 194.794 893.709 8.06288
494.42 322.186 309.795 971.847 1.8716
495.59 323.675 288.795 941.114 5.34713
496.76 339.858 292.782 992.658 6.72635
497.93 445.998 386.288 1169.891 7.61995
499.1 399.671 417.795 1133.321 -2.53295
500.27 710.195 613.796 1399.933 12.26242
501.44 732.033 701.289 1434.735 4.19174
502.61 314.098 297.292 1051.485 2.22832
503.78 431.282 379.799 1220.148 6.12632
504.95 802.496 737.788 1565.244 7.82011
506.12 474.291 404.8 1185.234 8.90413
507.29 258.129 242.793 1043.037 1.91637
508.46 72.115 62.793 892.157 1.1241
509.63 787.115 694.793 1570.657 10.54077
510.8 762.082 716.291 1598.459 5.19073
511.97 384.044 370.79 1235.468 1.53292
513.14 213.344 192.302 1134.251 2.23388
514.31 512.666 498.295 1374.528 1.64018
515.48 407.833 323.301 1331.019 8.3884
516.65 329.067 231.291 1273.933 9.37772
517.81 295.204 242.296 1223.519 5.39204
518.98 493.518 426.289 1435.709 6.66018
520.15 185.908 166.304 1220.001 1.86047
521.32 449.078 395.291 1484.666 4.93739
522.49 954.828 830.801 1961.226 10.97173
523.65 762.737 640.297 1854.717 10.08217
524.82 393.558 363.79 1484.847 2.65531
525.99 96.837 77.801 1198.812 1.69808
527.16 478.983 393.807 1632.984 6.8736
528.32 500.127 402.293 1629.89 7.96951
529.49 297.587 302.791 1494.752 -0.43666
530.66 81.557 97.31 1346.32 -1.2613
531.82 230.485 173.287 1461.511 4.44002
532.99 298.684 235.795 1633.7 4.49879
534.16 349.173 255.795 1684.968 6.53372
535.32 573.764 524.799 1974.976 3.37651
536.49 189.768 160.299 1621.769 2.01644
537.65 669.549 586.79 2169.761 5.22809
538.82 270.711 139.296 1837.959 7.73634
539.99 422.151 390.794 2025.002 1.91878
541.15 519.943 434.286 2110.227 5.11098
542.32 163.813 96.801 1843.2 3.83716
543.48 523.424 475.805 2300.027 2.61035
544.65 696.006 600.808 2482.449 5.05927
545.81 985.195 823.796 2941.933 7.61988
546.98 363.893 293.804 2494.975 3.18416
548.14 556.695 476.296 2658.433 3.68444
549.31 314.746 234.798 2508.803 3.51575
550.47 311.291 225.3 2617.234 3.59504
551.63 637.704 607.796 3027.019 1.23626
552.8 351.564 271.29 2755.787 3.231
553.96 312.233 250.297 2767.424 2.46057
555.13 326.795 241.8 2935.527 3.1553
556.29 645.379 594.303 3352.096 1.85206
557.45 227.987 153.787 3024.658 2.58456
558.62 380.806 299.8 3296.26 2.70339
559.78 500.893 428.304 3480.475 2.37827
560.94 302.815 228.301 3340.346 2.39438
562.11 274.881 219.303 3450.243 1.72019
563.27 147.311 51.8 3378.053 2.8714
564.43 90.762 18.298 3374.329 2.1592
565.59 164.539 148.31 3573.147 0.47387
566.76 266.058 198.29 3754.847 1.90543
567.92 425.046 314.31 3935.087 3.05834
569.08 498.853 419.802 4193.837 2.09459
570.24 258.027 217.289 4100.295 1.04913
571.4 225.242 121.798 4056.01 2.62935
572.57 281.541 226.81 4264.294 1.35558
573.73 110.842 37.302 4177.605 1.7762
574.89 299.45 213.806 4456.786 2.01849
576.05 401.111 286.292 4674.864 2.61631
577.21 176.646 117.294 4512.209 1.35048
578.37 118.797 23.3 4485.174 2.1403
579.53 168.917 130.805 4638.087 0.84557
580.69 388.848 338.802 4960.044 1.08296
581.85 347.275 275.799 4983.208 1.51837
583.01 316.751 225.298 4960.597 1.9313
584.17 365.72 250.797 5274.045 2.28782
585.33 453.337 346.802 5374.312 2.11905
586.49 279.177 167.295 5422.261 2.12908
587.65 437.686 298.295 5634.847 2.612
588.81 415.339 315.302 5661.958 1.87103
589.97 611.784 521.799 5897.795 1.67382
591.13 263.025 219.789 5667.649 0.79363
592.29 258.873 243.303 5733.656 0.28358
593.45 207.886 104.803 5779.036 1.81668
594.61 227.044 108.29 5746.468 2.10626
595.77 201.802 92.8 5843.967 1.8953
596.93 145.069 66.291 5865.08 1.35853
598.09 286.171 217.795 6083.821 1.16563
599.24 189.368 114.803 6090.363 1.24784
600.4 266.677 160.795 6204.261 1.75202
601.56 180.757 113.298 6318.536 1.08713
602.72 319.899 231.804 6418.415 1.42396
603.87 367.681 270.315 6514.026 1.55941
605.03 184.399 101.304 6395.915 1.3201
606.19 179.835 37.301 6542.165 2.19118
607.35 99.373 14.303 6367.656 1.33897
608.5 463.799 340.3 6723.82 1.93466
609.66 700.921 510.805 7070.88 2.89808
610.82 194.7 113.796 6724.726 1.22379
611.97 159.379 82.803 6653.096 1.16549
613.13 473.986 342.307 7039.63 1.96613
614.29 405.822 237.301 6992.286 2.49476
615.44 457.35 341.302 7114.191 1.71342
616.6 210.415 63.305 6774.441 2.19203
617.76 478.326 329.801 7189.579 2.16516
618.91 464.023 361.809 7391.622 1.45401
620.07 469.857 341.302 7325.631 1.84062
621.22 76.868 0.303 7099.863 1.07845
622.38 750.379 580.303 7720.596 2.38192
623.53 128.742 33.298 7125.51 1.34576
624.69 181.412 66.805 7172.794 1.61284
625.84 217.353 73.302 7277.837 1.99944
627.0 405.989 252.287 7412.804 2.14652
628.15 136.39 21.804 7452.329 1.54211
629.31 363.122 215.293 7546.097 2.01655
630.46 150.306 -33.2 7456.76 2.45002
631.61 355.91 221.304 7677.647 1.80525
632.77 277.631 198.793 7733.183 1.04637
633.92 417.251 282.798 7941.597 1.75553
635.08 672.56 503.29 8301.494 2.17062
636.23 249.315 159.301 7972.846 1.15203
637.38 110.319 -23.699 7813.639 1.71
638.54 510.675 324.295 8313.614 2.33287
639.69 647.034 502.309 8487.354 1.81245
640.84 406.765 225.299 8338.026 2.23681
641.99 174.269 43.799 8279.804 1.58414
643.15 608.273 457.299 8617.58 1.85011
644.3 194.277 57.299 8463.856 1.62942
645.45 120.281 -54.201 8340.134 2.07857
646.6 565.286 498.299 8915.91 0.79579
647.75 255.29 122.3 8731.188 1.5448
648.91 44.794 -43.2 8643.464 1.01298
650.06 266.298 95.3 8882.24 1.94605
651.21 346.802 258.8 9085.518 0.997
652.36 383.307 291.8 9210.794 1.02597
653.51 171.811 97.8 9010.07 0.83043
654.66 282.815 106.801 9258.848 1.92322
655.81 480.819 338.301 9616.624 1.53604
656.96 203.323 29.301 9397.901 1.85751
658.11 325.328 201.301 9693.678 1.30659
659.27 410.832 224.801 9801.954 1.94244
660.42 136.836 23.801 9721.731 1.16555
661.57 387.34 203.302 10014.508 1.8758
662.72 54.844 -70.698 9721.784 1.28203
663.87 85.848 -42.198 9928.062 1.28428
665.01 363.353 153.802 10224.838 2.08072
666.16 128.357 3.802 10214.115 1.21989
667.31 181.361 69.302 10528.392 1.0714
668.46 586.365 364.803 11167.168 2.05106
669.61 208.369 85.803 10805.945 1.14333
670.76 149.874 -15.197 11199.722 1.47188
671.91 562.878 383.803 11586.998 1.59842
673.06 452.882 292.803 11827.275 1.38783
674.21 51.386 -86.197 11452.552 1.19235
675.35 329.89 143.804 11977.829 1.57247
676.5 312.395 107.304 11903.105 1.73868
677.65 154.399 5.804 11984.382 1.2405
678.8 63.403 -81.696 12054.159 1.19562
679.94 201.907 20.804 12371.936 1.46628
681.09 379.411 183.304 12968.712 1.53383
682.24 394.415 202.305 13234.989 1.47407
683.39 165.42 5.305 13352.266 1.19963
684.53 445.924 205.305 13957.043 1.74973
685.68 313.428 103.305 13729.819 1.54201
686.83 305.932 149.805 14338.096 1.10039
687.97 297.936 114.306 14105.373 1.31249
689.12 274.941 72.806 14535.149 1.39766
690.27 210.945 14.306 14401.426 1.36677
691.41 461.449 252.306 14927.703 1.42513
692.56 343.453 174.306 14832.979 1.1539
693.7 401.957 173.806 15399.257 1.49848
694.85 136.961 -17.193 15092.033 1.02027
695.99 375.466 194.307 15823.81 1.15908
697.14 373.47 89.807 15674.587 1.82013
698.28 359.474 205.807 16044.363 0.97021
699.43 397.478 115.807 16045.14 1.76825
700.57 132.982 -75.193 15983.417 1.29635
701.72 177.487 -61.692 16498.693 1.44428
702.86 122.991 -99.192 16103.971 1.37123
704.01 242.495 -16.692 16799.748 1.54127
705.15 445.499 196.308 17168.523 1.46823
706.29 298.003 30.308 17380.301 1.54291
707.44 333.008 66.808 17534.078 1.52399
708.58 134.512 -71.691 17400.854 1.18016
709.72 592.516 315.809 18098.131 1.55608
710.87 113.02 -109.191 17654.908 1.2509
712.01 181.524 -56.691 17912.184 1.32571
713.15 346.028 79.809 18370.961 1.45545
714.3 449.533 208.309 18806.238 1.29704
715.44 269.037 18.31 18631.514 1.34704
716.58 407.541 111.81 19014.791 1.56447
717.72 291.545 5.31 19133.568 1.4964
718.87 389.049 68.31 19176.844 1.67851
720.01 337.554 57.31 19360.621 1.45179
721.15 168.058 -70.19 19113.398 1.24193
722.29 446.562 172.811 19521.176 1.41486
723.43 547.566 225.811 19856.451 1.63905
724.57 496.07 187.311 19986.729 1.55944
725.72 359.575 95.811 19880.506 1.33317
726.86 627.079 355.311 20546.281 1.34598
728.0 324.583 33.811 20311.059 1.43398
729.14 282.587 -38.688 20669.836 1.55142
730.28 545.091 244.812 20858.611 1.45669
731.42 307.095 -48.688 20867.389 1.701
732.56 687.6 351.312 21565.666 1.58519
733.7 484.104 203.812 21336.941 1.32631
734.84 147.608 -91.688 21197.719 1.12401
735.98 368.112 62.813 21752.996 1.40755
737.12 224.116 -52.187 21573.771 1.27765
738.26 295.621 22.813 21732.549 1.25661
739.4 384.625 113.313 22133.326 1.23211
740.53 487.629 146.813 22529.604 1.52267
741.67 410.633 118.813 22277.379 1.31696
742.81 193.137 -95.186 22174.156 1.29471
743.95 470.141 158.814 22437.434 1.39743
745.09 261.146 -2.686 22464.209 1.17431
746.23 501.65 163.314 22992.486 1.48203
747.36 563.654 212.314 23110.264 1.53437
748.5 249.158 -6.686 22847.039 1.11948
749.64 344.162 5.315 22528.816 1.50442
750.78 265.167 -16.185 22733.094 1.23675
751.92 387.671 17.315 23161.869 1.60019
753.05 372.675 49.315 22690.646 1.42818
754.19 621.179 323.315 23392.924 1.29115
755.33 182.183 -118.685 22948.199 1.30433
756.46 404.688 125.316 23062.477 1.21799
757.6 244.192 8.816 23131.254 1.01795
758.74 605.196 285.816 23208.031 1.39332
759.87 405.7 83.816 23087.307 1.39928
761.01 423.704 68.316 23176.584 1.53793
762.14 416.208 68.817 23283.361 1.49644
763.28 518.213 231.317 23437.637 1.23628
764.41 414.717 96.317 22849.414 1.39937
765.55 260.721 -118.183 22932.191 1.64381
766.69 435.225 118.817 23382.467 1.3601
767.82 444.729 118.317 23081.744 1.42144
768.95 290.734 -1.182 22986.021 1.26991
770.09 726.738 444.318 23153.297 1.24365
771.22 629.742 352.318 23320.074 1.20788
772.36 590.746 220.318 23147.852 1.61565
773.49 604.25 302.818 23196.129 1.31668
774.63 341.755 56.818 22989.904 1.24247
775.76 364.759 36.319 22380.682 1.4699
776.89 503.763 210.819 22652.959 1.30533
778.03 466.767 138.819 22631.234 1.45804
779.16 292.271 -42.681 22547.512 1.48273
780.29 463.775 129.819 22589.289 1.48693
781.43 605.28 297.819 22433.064 1.38901
782.56 433.284 137.32 22054.842 1.35035
783.69 319.288 -0.68 22051.619 1.45095
784.82 378.292 60.32 22251.895 1.43285
785.96 342.796 78.32 22133.672 1.19915
787.09 409.301 99.82 21672.949 1.43456
788.22 437.805 112.32 21983.225 1.48821
789.35 321.309 -24.179 21838.002 1.5803
790.48 370.813 49.821 21608.279 1.48894
791.62 589.317 237.321 21518.557 1.65402
792.75 249.322 -33.179 20930.332 1.34758
793.88 620.326 345.821 21570.109 1.29335
795.01 423.83 120.321 21295.387 1.43333
796.14 526.334 221.822 21276.162 1.44632
797.27 523.338 229.322 21164.939 1.40438
798.4 406.842 100.322 20896.217 1.47395
799.53 293.347 -69.678 20784.492 1.74078
800.66 391.351 107.822 20992.77 1.35757
801.79 1073.855 716.822 21395.047 1.72661
802.92 380.359 70.823 20581.822 1.50912
804.05 466.863 174.823 20779.6 1.41734
805.18 361.368 125.823 20385.377 1.16263
806.31 342.872 67.823 20369.152 1.35483
807.44 203.376 -58.177 20479.93 1.2735
808.57 488.88 159.323 20511.207 1.61929
809.69 467.384 180.324 20368.984 1.42189
810.82 172.888 -126.176 20398.26 1.45712
811.95 812.393 498.324 20386.037 1.57921
813.08 330.897 34.824 19879.314 1.49196
814.21 885.901 518.324 20196.59 1.86793
815.33 411.905 118.824 19702.867 1.49653
816.46 418.909 161.825 19430.145 1.33424
817.59 662.414 417.825 19540.42 1.27906
818.72 528.918 234.825 19530.197 1.52416
819.84 726.922 436.825 19383.475 1.53112
820.97 471.426 259.825 18739.75 1.14503
822.1 615.43 310.325 18890.027 1.64214
823.22 239.435 -29.174 18414.305 1.45639
824.35 281.439 26.326 18436.082 1.38575
825.48 554.443 251.326 18507.857 1.66032
826.6 411.447 136.326 18357.135 1.50993
827.73 123.451 -83.674 17736.912 1.16228
828.85 358.955 89.826 18003.688 1.50235
829.98 561.96 303.827 18359.465 1.42965
831.11 279.964 -22.173 17766.742 1.69846
832.23 208.968 17.827 17927.018 1.06728
833.36 510.972 261.327 18013.795 1.40626
834.48 363.976 130.327 17510.072 1.34438
835.6 474.981 192.827 17510.848 1.62925
836.73 248.985 -37.172 17347.625 1.64602
837.85 485.989 218.328 17522.402 1.54681
838.98 118.493 -94.672 17294.678 1.22584
840.1 427.997 194.328 17687.455 1.33578
841.23 397.501 119.828 17257.732 1.62023
842.35 605.006 350.329 17657.01 1.47155
843.47 343.51 100.829 17090.785 1.42838
844.6 206.514 -38.171 16920.063 1.44287
845.72 239.518 4.829 16962.34 1.38398
846.84 237.022 22.329 16891.115 1.27272
847.96 262.027 16.829 16792.393 1.46163
849.09 220.531 -3.67 16469.17 1.36104
850.21 335.535 68.83 16711.945 1.6025
851.33 426.539 196.33 16953.223 1.37382
852.45 248.543 -56.17 16654.5 1.82347
853.57 377.048 122.33 16730.775 1.53366
854.7 235.052 -3.67 16505.553 1.44599
855.82 261.056 18.331 16425.33 1.4794
856.94 440.56 186.831 16592.105 1.54663
858.06 160.564 -122.669 16323.383 1.7222
859.18 445.568 170.331 16786.66 1.65643
860.3 315.573 87.831 16382.437 1.39765
861.42 143.577 -103.669 16152.713 1.52091
862.54 162.581 -96.168 16499.49 1.55914
863.66 184.085 -43.668 16369.267 1.38765
864.78 313.589 71.332 16433.543 1.48059
865.9 324.094 109.332 16517.32 1.30888
867.02 916.098 676.832 17046.598 1.46163
868.14 697.102 444.332 16680.873 1.55679
869.26 485.606 226.833 16216.15 1.61842
870.38 137.11 -115.667 15969.428 1.5715
871.5 142.115 -77.667 15703.704 1.39266
872.62 138.119 -52.167 15886.98 1.19383
873.74 543.623 306.333 16160.758 1.49668
874.85 197.125 -52.667 15654.896 1.59026
875.97 318.125 119.333 15630.896 1.28157
877.09 422.625 122.333 15581.396 1.9425
878.21 311.125 63.333 15602.896 1.59459
879.33 369.125 123.833 15565.396 1.58852
880.44 343.125 66.333 15300.896 1.81687
881.56 265.125 40.333 15506.396 1.45345
882.68 328.125 92.833 15367.896 1.54036
883.79 649.125 424.833 15543.396 1.48355
884.91 127.625 -134.167 15177.396 1.70976
886.03 415.625 169.833 15488.396 1.60453
887.14 555.625 290.333 15515.896 1.74241
888.26 606.125 330.333 15726.896 1.79125
889.38 512.625 273.833 15700.896 1.54788
890.49 98.125 -86.667 15604.896 1.17765
891.61 355.625 97.333 15769.396 1.6481
892.72 184.125 -71.167 16052.396 1.58335
893.84 136.125 -71.667 16223.896 1.27514
894.95 145.625 -80.667 16639.896 1.35337
896.07 254.625 20.833 16548.896 1.41451
897.18 422.125 147.833 16775.896 1.64957
898.3 141.125 -53.167 16590.396 1.16737
899.41 520.625 274.833 17242.396 1.4486
900.53 396.625 120.333 16882.396 1.64832
901.64 411.625 219.833 17027.396 1.1411
902.75 284.625 53.833 16818.896 1.37662
903.87 256.625 -10.667 16414.396 1.62734
904.98 403.125 149.833 16538.396 1.54554
906.09 357.625 22.833 16424.396 2.04122
907.21 452.625 145.833 16502.396 1.87565
908.32 325.625 28.333 16140.396 1.84515
909.43 523.125 272.333 16198.896 1.57468
910.54 309.125 127.833 16021.396 1.14066
911.66 849.125 540.333 16217.396 1.9697
912.77 194.125 -1.667 15441.396 1.26783
913.88 335.625 150.833 15513.396 1.20287
914.99 176.125 -48.167 15157.896 1.47501
916.1 346.125 135.833 15271.396 1.38939
917.22 213.125 -30.167 14807.396 1.6397
918.33 523.625 289.833 15369.896 1.55034
919.44 312.625 76.833 14945.396 1.58584
920.55 579.125 358.833 15102.396 1.49415
921.66 436.625 200.333 14444.896 1.65882
922.77 416.125 207.333 14446.396 1.46633
923.88 496.625 300.833 14430.396 1.38569
924.99 364.125 142.333 14020.396 1.59815
926.1 117.125 -86.167 13841.896 1.45958
927.21 574.625 317.833 13998.396 1.87705
928.32 62.625 -121.167 13398.896 1.3594
929.43 289.125 60.833 13208.896 1.73631
930.54 181.625 23.833 13190.396 1.19843
931.65 262.625 82.333 12995.896 1.39614
932.76 399.125 184.333 12781.896 1.70503
933.86 327.125 93.333 12369.396 1.90445
934.97 208.125 22.833 11894.896 1.56074
936.08 185.125 4.833 11603.896 1.55436
937.19 558.625 312.833 11024.396 2.29464
938.3 335.125 227.833 9905.896 1.10861
939.4 458.625 293.333 9500.396 1.79527
940.51 184.625 69.333 8660.896 1.34192
941.62 311.125 193.833 8013.896 1.49988
942.73 666.125 508.833 8234.896 2.03586
943.83 223.125 125.833 7535.896 1.31297
944.94 270.625 151.833 7414.896 1.63556
946.05 27.625 -150.667 7261.896 2.40526
947.15 33.125 -68.667 7300.896 1.38124
948.26 187.125 64.833 7531.896 1.63775
949.36 96.125 -1.167 7536.396 1.29076
950.47 256.625 121.333 7957.396 1.72653
951.57 556.625 369.833 8358.896 2.33809
952.68 385.125 229.333 8398.396 1.90709
953.79 354.625 217.833 8727.896 1.60741
954.89 117.625 8.833 8520.896 1.27809
955.99 332.625 167.333 9045.896 1.86169
957.1 180.625 40.333 8953.896 1.57391
958.2 239.125 76.333 9356.896 1.75411
959.31 312.125 203.333 9547.896 1.16422
960.41 154.625 28.333 9452.896 1.34003
961.52 108.125 -30.667 9414.896 1.46938
962.62 349.625 175.833 9765.896 1.81221
963.72 54.125 -80.667 9427.396 1.41766
964.83 44.625 -124.667 9410.396 1.77546
965.93 290.625 112.833 9648.896 1.86441
967.03 439.125 271.333 9840.396 1.75348
968.13 343.125 208.333 9783.896 1.40766
969.24 161.125 8.833 9677.896 1.57504
970.34 186.125 31.333 9675.896 1.60496
971.44 194.625 52.333 9737.896 1.46911
972.54 339.125 141.833 9735.896 2.05639
973.64 130.125 5.333 9461.396 1.3197
974.75 666.125 435.833 10012.396 2.40474
975.85 1930.125 1647.833 11151.896 2.97022
976.95 166.625 7.333 9252.896 1.7229
978.05 378.625 203.333 9359.396 1.91449
979.15 583.625 433.833 9610.896 1.63224
980.25 124.125 2.833 8996.396 1.34865
981.35 212.625 60.333 9060.896 1.69202
982.45 590.125 410.333 9336.896 2.01412
983.55 341.125 186.833 9070.896 1.73672
984.65 302.625 138.833 8885.896 1.87253
985.75 437.625 309.833 8916.896 1.48473
986.85 311.125 180.333 8760.896 1.52428
987.95 180.125 14.833 8506.396 1.94654
989.05 505.125 361.833 8685.396 1.72152
990.15 405.625 271.833 8545.896 1.617
991.25 292.625 124.833 8437.896 2.01841
992.34 522.125 347.833 8374.396 2.17144
993.44 305.125 140.833 8187.896 2.04164
994.54 259.625 111.833 7935.396 1.88906
995.64 491.125 309.833 7992.896 2.35963
996.74 511.625 351.833 7862.896 2.12742
997.83 67.625 -49.167 7328.396 1.58307
998.93 192.125 76.333 7317.396 1.5991
1000.03 748.625 590.833 7840.896 2.17642
1001.12 483.125 353.833 7495.396 1.81041
1002.22 481.125 315.333 7351.896 2.35615
1003.32 184.125 64.833 6905.896 1.74376
1004.41 269.125 125.333 6824.396 2.14644
1005.51 260.625 120.833 6636.396 2.1455
1006.6 104.125 6.333 6172.896 1.58584
1007.7 422.625 306.833 6435.396 1.88938
1008.8 18.625 -47.667 6021.896 1.0922
1009.89 353.125 235.333 6104.896 2.00682
1010.99 253.625 114.333 6068.896 2.33924
1012.08 34.125 -29.167 5836.396 1.07904
1013.18 234.125 126.833 6333.396 1.72868
1014.27 134.125 47.333 6567.896 1.33105
1015.36 211.125 64.833 6685.396 2.20966
1016.46 271.625 124.833 6803.896 2.19779
1017.55 82.125 -38.167 6532.896 1.83063
1018.65 289.625 151.833 6482.396 2.17661
1019.74 348.625 258.833 6437.396 1.45328
1020.83 299.125 177.833 6159.896 2.02759
1021.93 182.625 91.833 5880.896 1.56833
1023.02 38.625 -45.667 5504.396 1.51875
1024.11 45.625 -60.167 5364.896 1.95005
1025.2 15.125 -58.167 5193.896 1.39548
1026.3 266.625 189.833 5276.396 1.5097
1027.39 367.125 250.833 5281.896 2.31147
1028.48 281.625 163.333 5010.896 2.44023
1029.57 174.125 104.333 4769.396 1.49605
1030.66 238.625 198.333 4801.896 0.87523
1031.75 814.125 757.333 5290.896 1.25269
1032.84 348.625 241.333 4657.396 2.42958
1033.94 72.625 -37.167 4252.896 2.55921
1035.03 377.625 296.333 4418.396 1.97211
1036.12 24.125 -58.667 4011.396 2.03416
1037.21 68.625 -21.667 3894.396 2.30567
1038.3 280.125 213.833 3975.896 1.76211
1039.39 16.625 16.833 3608.896 -0.0058
1040.48 213.125 156.833 3740.396 1.57083
1041.57 274.625 235.333 3755.896 1.11606
1042.66 199.125 153.833 3560.896 1.32935
1043.74 217.625 184.833 3474.396 0.99684
1044.83 270.625 192.833 3317.896 2.48928
1045.92 9.625 -67.167 3029.396 2.4799
1047.01 354.625 249.333 3286.896 3.46632
1048.1 -5.875 -79.167 2833.896 2.51597
1049.19 222.125 144.833 2989.896 2.7167
1050.27 122.625 105.333 2809.896 0.63935
1051.36 96.125 41.833 2691.896 2.04869
1052.45 277.125 197.333 2719.896 3.16312
1053.54 175.125 131.333 2600.896 1.77326
1054.62 265.125 203.333 2626.896 2.54962
1055.71 204.125 181.833 2650.896 0.90284
1056.8 329.125 261.833 2600.896 2.87686
1057.88 116.625 105.333 2311.896 0.51173
1058.97 185.125 165.833 2337.396 0.88838
1060.06 415.125 360.833 2489.896 2.55003
1061.14 120.625 99.333 2068.396 1.08131
1062.23 867.125 781.333 2730.396 4.40169
1063.31 263.125 185.333 2084.396 4.09632
1064.4 94.125 66.333 1901.896 1.51407
1065.48 194.125 148.333 1942.896 2.55169
1066.57 162.125 79.833 1808.896 4.75932
1067.65 229.125 210.833 1857.896 1.11056
1068.74 132.625 58.333 1726.896 4.45244
1069.82 234.125 209.833 1716.396 1.61239
1070.9 1243.625 1117.333 2755.396 7.70982
1071.99 245.125 198.833 1714.896 3.05341
1073.07 169.125 154.833 1615.396 0.9785
1074.15 260.625 187.833 1621.896 5.07591
1075.24 227.625 193.833 1580.896 2.4362
1076.32 265.625 239.333 1584.896 1.95395
1077.4 497.125 478.833 1821.896 1.36194
1078.49 53.625 43.333 1345.896 0.79011
1079.57 322.625 275.333 1493.896 3.88094
1080.65 466.625 398.333 1624.896 5.56773
1081.73 108.125 114.833 1305.896 -0.56322
1082.81 48.625 -13.167 1169.396 5.22523
1083.89 180.625 227.833 1351.896 -4.1998
1084.98 222.625 212.833 1323.396 0.88169
1086.06 61.625 48.333 1083.896 1.28352
1087.14 74.625 25.333 1130.396 4.46053
1088.22 182.125 168.833 1226.396 1.25682
1089.3 -2.375 -23.167 993.396 2.04529
1090.38 547.625 484.333 1528.396 6.06206
1091.46 259.625 224.333 1222.896 3.53425
1092.54 87.125 71.833 1040.896 1.57799
1093.62 151.625 116.833 1074.396 3.63336
1094.7 5.125 23.333 953.396 -1.95775
1095.78 130.125 119.333 1022.896 1.19435
1096.86 224.625 153.833 1019.896 8.17397
1097.93 575.625 515.333 1384.396 6.93755
1099.01 337.125 321.833 1146.896 1.85339
1100.09 88.125 49.333 833.396 4.94752
