196.55 784.357 972.948 1339.379 -51.46675
197.76 1083.472 1427.472 1995.603 -60.54931
198.96 983.521 1340.45 1803.191 -77.13373
200.16 691.724 796.077 1227.164 -24.20698
201.36 1111.859 1587.379 2062.06 -100.17685
202.56 782.472 990.115 1401.163 -50.51553
203.76 703.546 849.94 1265.984 -35.18699
204.96 809.12 932.264 1411.806 -25.67956
206.16 599.214 712.367 946.298 -48.36986
207.36 903.501 1181.173 1687.519 -54.83816
208.56 782.556 1052.507 1476.29 -63.70021
209.76 561.427 637.704 982.138 -22.14571
210.96 701.482 888.539 1380.408 -38.02972
212.16 1415.575 2056.997 2537.841 -133.39514
213.36 848.734 1126.644 1600.47 -58.65245
214.56 744.783 890.479 1274.997 -37.89064
215.76 1233.046 1834.94 2402.485 -106.05219
216.96 1078.561 1568.862 2050.473 -101.80443
218.16 779.393 985.792 1447.599 -44.69372
219.35 606.447 716.838 1152.749 -25.32438
220.55 710.397 872.359 1328.661 -35.49459
221.75 712.011 810.596 1150.265 -29.02387
222.95 1033.838 1461.314 1932.768 -90.67178
224.15 843.501 1090.029 1574.459 -50.89028
225.35 712.966 782.472 1287.36 -13.76664
226.55 686.13 792.831 1188.111 -26.99386
227.75 1036.338 1378.814 1879.768 -68.36471
228.94 857.427 1122.204 1555.138 -61.15888
230.14 788.308 919.113 1379.351 -28.42096
231.34 656.006 847.028 1265.702 -45.62532
232.54 628.457 780.549 1133.115 -43.13871
233.74 659.878 805.869 1171.11 -39.97121
234.93 728.516 791.951 1221.947 -14.75253
236.13 764.066 951.574 1439.095 -38.46146
237.33 812.595 930.131 1313.452 -30.66263
238.53 693.348 887.381 1239.073 -55.17118
239.72 1012.922 1373.993 1901.015 -68.51137
240.92 537.66 562.676 918.088 -7.03868
242.12 896.521 1152.807 1622.13 -54.60739
243.31 628.6 755.63 1186.695 -29.46887
244.51 562.739 627.0 952.653 -19.73284
245.71 1012.363 1278.803 1722.062 -60.1095
246.9 1147.739 1688.0 2212.153 -103.07309
248.1 756.68 950.954 1448.759 -39.0261
249.3 759.135 982.33 1398.854 -53.58514
250.49 714.343 893.313 1321.511 -41.79593
251.69 832.492 1049.106 1539.214 -44.19719
252.89 738.215 916.154 1388.919 -37.638
254.08 585.927 579.204 954.138 1.79306
255.28 772.096 976.919 1400.072 -48.40392
256.47 572.685 577.666 955.382 -1.31872
257.67 886.669 1159.099 1530.833 -73.2863
258.86 897.14 1172.898 1590.417 -66.04705
260.06 754.185 917.809 1356.442 -37.30325
261.26 1035.799 1459.546 1914.546 -93.13115
262.45 768.591 939.063 1294.389 -47.97639
263.65 496.373 565.158 907.488 -20.09299
264.84 922.665 1081.531 1469.771 -40.91974
266.04 651.215 804.154 1217.419 -37.00756
267.23 508.532 487.661 823.556 6.2134
268.42 611.541 706.584 1015.802 -30.73675
269.62 809.076 882.641 1322.401 -16.72846
270.81 782.853 959.736 1397.256 -40.4286
272.01 739.774 923.056 1333.752 -44.62728
273.2 878.329 1164.034 1567.583 -70.79823
274.4 616.586 664.852 908.767 -19.7879
275.59 807.012 1028.883 1499.385 -47.1564
276.78 773.061 892.718 1361.913 -25.5028
277.98 592.834 772.746 1191.206 -42.99391
279.17 738.269 903.201 1285.069 -43.19082
280.37 680.111 837.985 1198.621 -43.77648
281.56 478.437 528.915 926.504 -12.69599
282.75 605.55 617.508 1021.047 -2.96306
283.95 634.141 801.186 1237.537 -38.28227
285.14 652.957 863.193 1247.675 -54.6802
286.33 565.284 700.267 1012.118 -43.28445
287.52 694.963 948.548 1368.358 -60.40498
288.72 838.027 1136.95 1615.434 -62.4728
289.91 982.536 1410.373 1957.179 -78.24278
291.1 818.848 1007.024 1453.634 -42.13446
292.29 765.784 997.623 1395.057 -58.33407
293.49 811.517 1044.239 1446.568 -57.84367
294.68 586.769 729.845 997.629 -53.42925
295.87 644.833 803.102 1201.145 -39.76173
297.06 733.353 940.38 1418.817 -43.27147
298.26 423.324 420.179 733.9 1.00247
299.45 665.6 789.13 1098.195 -39.96894
300.64 678.397 822.859 1190.661 -39.27726
301.83 743.506 857.028 1294.202 -25.9671
303.02 632.506 630.384 1057.142 0.49721
304.21 881.843 1123.525 1573.39 -53.72338
305.4 702.239 875.356 1160.092 -60.79912
306.59 714.685 920.166 1316.882 -51.79544
307.79 671.615 803.053 1187.683 -34.17235
308.98 534.808 579.113 932.851 -12.52457
310.17 862.063 966.081 1430.275 -22.40829
311.36 686.186 857.597 1178.563 -53.40473
312.55 1069.379 1560.657 2066.731 -97.07631
313.74 509.903 584.359 957.404 -19.95895
314.93 835.556 1009.007 1474.29 -37.27853
316.12 631.749 787.067 1192.958 -38.26584
317.31 423.819 406.823 740.217 5.09765
318.5 527.403 574.859 920.404 -13.73364
319.69 667.21 830.799 1262.736 -37.8733
320.88 599.378 736.225 1134.55 -34.35589
322.07 580.942 607.271 993.686 -6.8134
323.26 568.105 607.342 935.817 -11.94511
324.45 457.437 447.415 793.504 2.89585
325.64 658.492 766.749 1195.274 -25.26279
326.83 746.848 996.024 1395.634 -62.35501
328.01 644.888 738.436 1110.916 -25.11508
329.2 776.115 976.053 1403.683 -46.75468
330.39 623.853 727.38 1086.817 -28.80246
331.58 621.12 542.908 969.366 18.34001
332.77 974.883 1253.081 1742.233 -56.87355
333.96 438.16 448.82 671.648 -4.7838
335.15 489.155 524.964 868.466 -10.42483
336.33 580.12 590.908 878.866 -3.74622
337.52 607.937 719.415 1040.504 -34.71872
338.71 600.521 710.45 1050.191 -32.35676
339.9 559.735 614.932 995.09 -14.51948
341.08 619.274 688.2 1067.812 -18.15687
342.27 692.63 879.475 1376.672 -37.57965
343.46 857.036 1063.729 1446.619 -53.98239
344.65 712.036 897.229 1356.119 -40.35676
345.83 857.303 983.257 1460.668 -26.3827
347.02 493.62 470.264 791.306 7.27501
348.21 812.541 1021.584 1513.302 -42.51292
349.4 543.264 462.989 862.946 20.07084
350.58 656.804 718.045 1108.789 -15.67282
351.77 540.878 575.369 941.11 -9.43052
352.96 452.199 324.088 698.37 34.22858
354.14 636.413 619.926 1114.21 3.33551
355.33 564.1 536.13 920.695 7.2732
356.51 475.68 387.098 701.82 28.14629
357.7 668.364 679.734 1173.743 -2.30169
358.89 554.225 511.721 949.225 9.71502
360.07 826.497 915.105 1399.957 -18.27517
361.26 893.404 1061.79 1572.085 -32.99776
362.44 702.122 733.483 1177.108 -7.06928
363.63 600.85 481.743 950.435 25.41261
364.81 675.568 531.437 1069.458 26.78927
366.0 451.212 276.518 729.538 38.56213
367.18 1219.004 1403.392 2092.821 -26.74502
368.37 534.597 529.85 875.253 1.37434
369.55 748.76 737.065 1246.445 2.29592
370.74 903.577 911.572 1458.582 -1.46163
371.92 1019.805 1158.332 1668.41 -27.15811
373.11 644.399 476.078 1016.963 31.11958
374.29 543.618 421.772 908.985 25.00874
375.48 639.686 531.741 1060.623 20.41012
376.66 604.176 441.53 902.257 35.30202
377.84 971.597 953.85 1582.253 2.82414
379.03 630.127 405.051 908.67 44.69164
380.21 572.652 332.184 747.024 57.96636
381.39 518.919 266.212 675.074 61.80742
382.58 853.968 816.548 1409.101 6.31513
383.76 1155.082 1148.784 1715.705 1.11089
384.94 1197.196 1254.164 1936.868 -8.3445
386.13 726.533 426.593 963.237 55.89179
387.31 815.122 618.339 1185.047 34.72379
388.49 684.81 474.688 1029.093 37.90052
389.68 876.691 637.952 1263.246 38.18025
390.86 915.325 567.466 1204.521 54.60417
392.04 1143.597 982.706 1677.693 23.15013
393.22 860.325 445.466 1111.021 62.33274
394.41 924.944 473.202 1085.367 73.79407
395.59 808.166 193.463 865.952 91.40718
396.77 992.805 552.689 1295.349 59.26205
397.95 1045.735 637.576 1375.151 55.33805
399.13 1234.829 792.678 1560.643 57.57439
400.31 1118.39 447.511 1233.657 85.33762
401.5 1293.538 626.304 1514.36 75.13418
402.68 1282.919 734.712 1616.074 62.19998
403.86 1149.874 434.445 1296.108 83.02884
405.04 1417.631 807.263 1861.292 57.9081
406.22 1223.587 367.783 1341.448 87.89516
407.4 1560.878 697.013 1747.671 82.2214
408.58 1667.379 814.301 1875.791 80.36609
409.76 1670.82 947.755 2029.398 66.84876
410.94 1435.825 624.466 1721.521 73.95788
412.12 1478.309 502.9 1505.972 97.2422
413.3 1366.527 359.093 1500.994 88.2243
414.48 1459.319 371.111 1363.838 109.61812
415.66 1594.765 445.277 1491.567 109.8632
416.84 2060.344 1233.1 2392.132 71.37373
418.02 1784.364 623.378 1795.303 99.06661
419.2 1561.211 419.586 1512.357 104.47063
420.38 1632.483 583.97 1792.589 86.75296
421.56 1621.839 427.245 1581.949 103.4546
422.74 2012.563 1081.794 2295.154 76.71001
423.92 1888.092 865.995 2097.57 82.99103
425.1 1827.319 464.111 1706.838 109.69495
426.28 1840.586 405.995 1712.327 109.81827
427.46 2390.428 1356.492 2799.259 71.66343
428.63 1897.567 571.861 2000.716 92.78096
429.81 1961.161 687.964 1968.209 99.44947
430.99 1940.582 754.784 2180.705 83.16015
432.17 2147.433 1145.347 2523.941 72.68897
433.35 2065.007 827.316 2288.823 84.68597
434.52 1805.413 155.069 1442.77 128.16206
435.7 2117.017 376.383 1827.128 119.98204
436.88 2386.503 840.104 2306.7 105.44132
438.06 2298.17 552.531 2072.014 114.88376
439.23 2090.978 399.115 1956.406 108.64137
440.41 2331.448 594.126 2298.869 101.91103
441.59 2444.349 828.456 2548.315 93.95501
442.77 2190.324 276.679 1951.4 114.26648
443.94 2693.879 760.657 2663.231 101.61087
445.12 2820.299 769.833 2568.167 114.02036
446.3 3049.636 1093.118 2946.475 105.56618
447.47 2976.23 666.72 2632.968 117.45774
448.65 3139.404 720.646 2715.525 121.24834
449.82 2872.404 500.146 2418.525 123.65949
451.0 2955.413 609.213 2599.83 117.86295
452.18 2858.324 476.823 2644.96 109.84088
453.35 3205.537 530.16 2753.3 120.34229
454.53 3341.725 558.865 2819.285 123.11253
455.7 3447.022 334.238 2713.311 130.8402
456.88 4078.393 945.935 3424.159 126.39932
458.05 4086.631 591.763 3040.792 142.70422
459.23 3954.582 315.784 2806.205 146.11176
460.4 4217.537 580.16 3298.8 133.79401
461.58 4343.735 719.432 3462.09 132.14562
462.75 4102.299 315.333 3204.667 131.06713
463.93 4339.622 628.696 3520.987 128.30402
465.1 4460.26 525.065 3629.945 126.74228
466.28 4459.839 218.101 3243.888 140.18625
467.45 4655.537 146.66 3291.8 143.36015
468.63 5254.498 523.249 3846.018 142.38874
469.8 5752.74 870.287 4222.273 145.65851
470.97 5564.973 405.259 3823.724 150.93658
472.15 5790.166 595.675 4138.332 146.62699
473.32 5926.839 704.601 4322.388 144.34895
474.49 5954.245 859.499 4671.896 133.63628
475.67 5635.571 507.573 4177.839 139.71735
476.84 5624.888 327.08 4088.476 140.84686
478.01 6014.933 636.347 4688.941 132.71958
479.19 6345.542 548.728 4557.862 144.59017
480.36 6537.195 309.02 4472.808 149.57955
481.53 6878.651 596.897 4836.903 148.15435
482.7 7026.106 497.129 4733.938 154.10129
483.88 7221.601 275.774 4583.755 161.2316
485.05 7122.394 361.935 4823.659 151.52122
486.22 7241.462 478.405 4938.797 151.6247
487.39 7048.016 333.595 4795.508 150.48302
488.56 7153.7 485.876 5021.991 146.99415
489.74 7240.274 897.2 5619.313 134.32705
490.91 7018.557 242.651 4990.851 142.70473
492.08 7290.7 375.876 5230.491 142.43815
493.25 7452.908 278.714 5092.587 149.03164
494.42 7797.259 476.778 5228.824 154.04904
495.59 8004.467 417.26 5317.48 154.834
496.76 8344.814 465.756 5367.155 160.75122
497.93 8473.294 610.478 5616.483 157.06767
499.1 8391.15 572.753 5591.843 155.77321
500.27 8569.393 1040.792 6267.099 144.05202
501.44 8366.329 1228.534 6296.083 140.85301
502.61 7960.923 423.137 5408.076 151.2112
503.78 8036.571 629.929 5761.278 144.34102
504.95 8455.636 1123.474 6516.415 135.9585
506.12 8167.705 696.943 5888.053 143.91453
507.29 8212.641 335.186 5433.538 154.50983
508.46 8465.19 32.165 5307.125 159.86899
509.63 9441.19 1258.165 6645.125 151.90433
510.8 9693.813 1179.612 6671.095 155.04376
511.97 9373.121 558.552 5824.426 167.39042
513.14 9355.507 258.528 5792.702 164.37825
514.31 9484.834 785.746 6241.206 159.45655
515.48 9385.715 495.01 6045.359 160.18281
516.65 9131.205 525.087 6124.614 153.69367
517.81 9046.526 355.806 5922.374 156.1235
518.98 9079.22 695.01 6349.102 148.28569
520.15 8920.101 161.13 5858.695 153.73183
521.32 9519.997 703.605 6464.457 153.03972
522.49 10257.897 1502.503 7468.221 146.76179
523.65 10430.402 1158.859 7184.404 153.87061
524.82 10457.071 638.073 6545.839 166.20493
525.99 10441.531 78.517 6017.496 174.49151
527.16 11165.986 631.25 6882.031 168.53473
528.32 11279.982 730.182 7018.969 167.75574
529.49 11398.131 411.619 6654.732 175.9781
530.66 11253.714 114.367 6539.298 173.3769
531.82 11183.844 180.957 6592.071 171.62206
532.99 11431.101 320.274 6997.255 166.40494
534.16 11355.309 444.256 7148.912 162.73845
535.32 11660.804 794.401 7641.229 158.70712
536.49 11732.62 294.408 7207.866 165.44849
537.65 12448.438 1011.059 8080.564 161.78471
538.82 12465.002 321.816 7430.58 170.81995
539.99 12899.725 642.721 8076.725 164.87756
541.15 13389.834 818.39 8357.766 166.74383
542.32 13900.789 147.979 7854.74 178.45122
543.48 15055.209 811.155 8785.676 178.61956
544.65 15526.07 992.785 8917.718 183.38686
545.81 16360.393 1483.292 10133.099 171.99344
546.98 16255.491 503.106 9285.714 179.35885
548.14 16760.393 783.792 9857.099 176.08355
549.31 16521.037 402.873 9415.179 178.84617
550.47 16714.205 469.443 9763.554 174.78555
551.63 17033.527 914.806 10766.874 163.60749
552.8 17088.547 454.584 10034.545 173.63289
553.96 17450.586 459.852 10240.767 173.71314
555.13 18021.521 391.45 10690.69 171.17837
556.29 18873.541 934.084 11394.302 171.50176
557.45 19187.002 274.46 10552.64 184.00673
558.62 19951.814 523.468 11224.534 181.55524
559.78 20696.992 771.606 11627.214 183.54924
560.94 20749.447 371.982 11276.809 186.86648
562.11 21843.699 391.088 11510.37 192.93162
563.27 22220.131 157.975 11361.672 196.91854
564.43 22230.645 32.397 11656.66 190.96477
565.59 22383.947 205.838 12004.749 187.96743
566.76 22679.072 351.073 12192.839 188.55295
567.92 22946.422 571.349 12448.455 188.38825
569.08 22903.141 715.042 13216.978 177.47731
570.24 22971.854 352.024 12896.877 180.31163
571.4 23073.219 226.366 12819.042 181.42969
572.57 22959.105 367.342 13100.317 177.42721
573.73 23488.848 55.524 13072.134 180.02632
574.89 24379.109 452.697 13544.0 182.76571
576.05 24904.873 476.158 13770.987 183.74598
577.21 25023.908 157.714 13514.587 186.16778
578.37 25514.68 18.954 13640.76 187.16847
579.53 26833.234 193.644 13978.47 193.25301
580.69 27278.324 597.535 14724.34 188.86641
581.85 27550.096 351.919 14327.072 194.61809
583.01 28163.854 401.88 14435.816 197.82029
584.17 28424.135 484.83 14656.854 197.14407
585.33 28411.531 572.517 14948.496 193.64952
586.49 28345.625 377.763 14735.049 194.79909
587.65 28505.76 573.278 15187.824 191.12794
588.81 28481.189 566.521 15553.064 186.26489
589.97 28451.229 929.433 15628.847 187.23057
591.13 28154.695 421.02 15287.808 186.54787
592.29 27807.566 336.574 15254.096 184.15252
593.45 28158.016 213.595 14965.508 189.42913
594.61 28301.621 134.052 15178.927 187.22369
595.77 28344.496 196.961 15395.896 185.19412
596.93 28800.363 91.091 14998.683 192.58156
598.09 29015.65 382.753 15545.343 188.83909
599.24 29591.748 138.067 15446.458 192.4022
600.4 29879.625 291.763 15433.549 195.40537
601.56 30088.828 233.39 15322.522 197.86054
602.72 30247.467 368.616 15465.42 197.91508
603.87 30875.086 473.064 15310.146 204.90566
605.03 30133.967 232.116 15238.92 199.25529
606.19 29940.873 148.514 14826.428 202.97407
607.35 29937.566 -3.926 15131.096 197.8292
608.5 29447.838 594.457 15492.328 193.67453
609.66 29687.051 989.651 15859.107 192.99562
610.82 29027.209 146.299 15137.236 192.6558
611.97 28650.041 125.084 14915.802 192.85715
613.13 28875.645 573.754 15514.6 189.42629
614.29 28331.422 496.993 15383.016 186.98365
615.44 28492.982 717.539 15456.908 188.44391
616.6 28621.076 180.141 14843.401 193.96051
617.76 28299.238 663.0 15414.652 187.34334
618.91 29046.838 726.314 15170.268 196.07183
620.07 28992.957 641.049 15204.114 194.68366
621.22 28684.248 17.567 14577.958 196.88126
622.38 29953.041 1061.084 15637.302 198.21299
623.53 29123.219 78.366 14625.542 199.65973
624.69 29538.918 112.137 14268.832 207.86477
625.84 29333.641 217.542 14299.978 206.75471
627.0 29568.16 488.964 14831.709 202.74498
628.15 29546.334 -0.398 14734.646 200.52015
629.31 28928.166 318.175 14728.331 198.54047
630.46 29269.814 -23.532 14344.034 203.88524
631.61 29081.26 374.134 14629.264 201.38102
632.77 29180.799 228.189 14833.106 198.23878
633.92 28762.854 495.38 14691.816 199.11668
635.08 29110.23 949.577 15177.407 197.92655
636.23 28766.447 308.482 14744.809 197.12747
637.38 27939.264 -74.511 14334.446 194.41917
638.54 28528.467 654.76 15135.48 192.4884
639.69 28215.629 936.831 15459.111 187.84101
640.84 28839.859 490.402 14738.753 198.96659
641.99 28326.658 97.409 14039.882 202.46946
643.15 28841.957 816.916 14835.512 199.91332
644.3 28507.256 95.422 14179.142 201.7353
645.45 28559.055 -58.071 14110.771 201.97222
646.6 29284.354 811.436 15075.401 199.61432
647.75 29057.154 161.942 14418.031 202.68681
648.91 29627.453 -136.551 13971.661 210.96935
650.06 29483.752 225.455 14825.291 200.40155
651.21 30299.051 417.462 14565.42 211.20779
652.36 30030.85 450.969 14709.05 207.46046
653.51 29466.148 101.475 14213.68 208.07999
654.66 29722.449 273.982 14861.81 201.87014
655.81 30135.748 651.989 15048.939 204.79169
656.96 30042.547 69.495 14402.569 209.1181
658.11 30041.346 365.002 14800.199 205.58322
659.27 29800.645 531.009 14925.328 203.34158
660.42 29237.943 29.015 14459.958 202.40485
661.57 30039.744 421.022 14835.088 205.48485
662.72 28594.043 -139.971 14611.718 194.78457
663.87 29188.842 -99.965 14122.848 205.92838
665.01 29712.641 316.042 14693.978 204.45633
666.16 30655.939 41.049 14739.607 208.28498
667.31 30404.238 95.555 14982.237 203.59596
668.46 31421.039 760.562 15722.366 204.925
669.61 30921.838 206.069 15547.996 200.20802
670.76 31964.137 4.575 15214.626 210.12133
671.91 32450.436 769.582 16378.756 202.96304
673.06 33045.234 519.589 16014.886 209.90656
674.21 32334.033 -161.405 15583.016 206.39336
675.35 33041.332 284.102 15720.146 212.21261
676.5 33152.133 167.609 15849.774 210.33143
677.65 33554.93 72.615 15783.904 213.10991
678.8 33010.23 -110.878 15727.034 209.12547
679.94 33881.531 40.629 16048.164 211.40608
681.09 35121.328 370.135 17049.793 208.34476
682.24 35732.129 363.142 17513.924 206.22376
683.39 35343.926 -1.851 17222.553 205.20755
684.53 36342.227 558.155 17196.684 215.06753
685.68 35940.023 214.662 17614.813 205.31639
686.83 36330.324 301.169 17607.443 208.18551
687.97 36126.625 298.175 17622.072 206.81519
689.12 36351.422 178.182 17514.703 208.65339
690.27 35591.723 68.189 17408.832 204.85707
691.41 36956.02 468.195 17969.961 208.48082
692.56 36430.82 358.702 17742.592 207.50315
693.7 37305.121 378.709 17681.721 213.41031
694.85 36612.918 48.215 17192.852 213.27196
695.99 36830.219 398.222 17794.98 209.4183
697.14 36370.016 184.229 17551.111 208.36086
698.28 36756.316 342.735 18251.74 203.32554
699.43 36584.113 391.242 18390.369 201.08126
700.57 37452.414 -74.251 17710.5 211.00472
701.72 36692.715 -50.745 17219.129 212.76044
702.86 37497.012 -107.738 17549.26 212.97363
704.01 38643.313 50.269 17415.389 222.24461
705.15 38417.109 433.275 18332.02 212.21508
706.29 38514.41 126.782 17723.648 218.15036
707.44 38840.211 171.288 18374.777 212.42589
708.58 38784.008 -124.205 17936.408 215.4313
709.72 38820.809 629.302 18731.037 210.98257
710.87 38925.105 -137.192 17783.168 217.9772
712.01 38773.906 0.315 17644.297 219.75533
713.15 39721.203 217.322 18427.928 216.92788
714.3 38893.504 348.828 17921.557 219.34372
715.44 39123.805 92.335 18611.186 210.76616
716.58 38989.102 277.342 18420.816 213.36464
717.72 39047.402 52.848 18398.945 212.54959
718.87 39801.699 240.855 18262.076 219.52366
720.01 38135.5 117.362 18078.205 211.67235
721.15 38259.301 -54.132 17879.836 213.63612
722.29 37991.098 345.875 18022.965 212.96052
723.43 39031.898 498.882 18553.596 213.42358
724.57 38565.695 450.388 18287.225 213.68872
725.72 38185.496 244.895 18067.354 212.88085
726.86 39249.793 678.902 18459.484 216.92704
728.0 38319.594 164.408 17772.113 216.69596
729.14 38969.895 -2.085 17477.244 222.96039
730.28 38145.691 481.422 17805.373 217.41154
731.42 38858.992 10.928 17753.004 218.96009
732.56 39520.789 722.435 18545.133 217.69069
733.7 39103.09 386.942 18597.262 212.60553
734.84 39259.887 -127.052 17331.393 225.60394
735.98 38491.688 148.955 17932.521 215.60767
737.12 39439.988 -3.038 17789.152 221.6873
738.26 38629.785 17.468 17486.281 221.03572
739.4 39149.086 228.475 17917.912 220.02176
740.53 38718.883 407.482 18162.541 215.77738
741.67 38789.184 273.488 17733.67 220.59161
742.81 39246.484 -222.505 17185.301 226.73156
743.95 38220.781 241.002 17969.93 214.22491
745.09 38894.582 19.508 17370.561 224.05024
746.23 38687.379 399.515 17605.189 222.53044
747.36 38541.18 453.522 17477.32 223.73184
748.5 38144.477 60.028 17069.949 223.8955
749.64 37188.777 25.035 17006.078 218.8543
750.78 37488.078 -5.458 16833.209 222.66332
751.92 37327.875 74.548 16909.838 221.28117
753.05 37047.176 155.555 16258.969 229.09193
754.19 37840.973 635.562 16783.098 230.40921
755.33 36083.773 -151.932 16117.228 222.72635
756.46 36122.574 245.075 16057.357 226.8964
757.6 35949.371 82.082 15697.487 229.69169
758.74 35563.172 562.088 16315.617 222.17932
759.87 35329.969 244.595 16092.247 221.39162
761.01 34824.27 271.102 15563.377 225.95178
762.14 35058.566 234.608 15825.006 223.36799
763.28 34997.867 408.115 15272.136 232.70791
764.41 34521.668 249.121 15157.766 229.88372
765.55 34247.465 -123.872 14748.896 231.1025
766.69 33672.266 289.635 15202.025 223.85835
767.82 34173.563 266.641 15014.155 229.91618
768.95 33403.363 26.148 14525.285 230.20139
770.09 32660.162 737.655 15281.915 219.48526
771.22 33564.961 661.661 15275.044 225.15868
772.36 33270.762 504.168 14678.674 231.16569
773.49 32326.561 489.175 14838.804 221.86905
774.63 32282.359 196.181 14003.434 232.38641
775.76 31447.158 154.688 13969.563 226.51287
776.89 31984.957 428.195 14067.693 231.36307
778.03 32127.256 360.201 13450.823 242.67032
779.16 31230.055 8.708 13358.952 233.86349
780.29 30794.355 308.215 13035.582 239.53218
781.43 30966.154 606.221 13093.712 243.12277
782.56 29851.453 315.228 13181.842 229.5571
783.69 29644.752 11.735 12475.972 237.74433
784.82 29264.051 233.241 12821.602 230.61629
785.96 28644.85 116.748 12587.731 228.75583
787.09 28021.65 204.255 12186.361 232.1578
788.22 27882.449 394.261 12237.99 232.09065
789.35 28075.248 157.768 11739.62 241.04504
790.48 27432.047 142.275 12009.25 229.96401
791.62 27077.846 580.281 11944.38 233.16908
792.75 26807.645 5.288 11194.01 239.54798
793.88 25923.943 737.795 11788.14 227.92183
795.01 26283.244 353.801 11355.77 235.68004
796.14 26069.043 404.808 11514.898 230.99933
797.27 24913.342 493.815 11487.528 222.12264
798.4 25550.641 283.321 10909.158 237.79133
799.53 24892.939 -4.672 10310.788 241.3621
800.66 24004.238 316.335 10739.418 227.26388
801.79 25186.539 1276.841 11846.548 226.20966
802.92 24189.338 199.848 10216.178 239.50379
804.05 23601.637 381.855 10327.308 233.47134
805.18 23790.436 290.861 10017.937 241.58931
806.31 24025.234 215.868 9756.066 249.56888
807.44 23566.033 -64.625 9580.196 245.00877
808.57 23571.334 400.381 10089.826 239.13602
809.69 23074.133 400.888 9940.456 237.6758
810.82 21690.932 -163.605 9102.586 235.85242
811.95 23760.73 988.401 10112.216 249.5922
813.08 21976.529 103.908 8928.345 247.86422
814.21 21869.828 1064.915 10169.975 228.49837
815.33 22020.129 282.921 9203.104 243.68566
816.46 20961.428 308.928 9013.734 237.25398
817.59 20667.727 847.435 9490.864 229.3105
818.72 20722.525 504.441 8670.494 247.58698
819.84 20716.324 896.448 9116.124 241.12722
820.97 19618.623 446.454 8550.754 236.56787
822.1 19809.924 593.961 8538.383 241.87994
823.22 19008.223 -30.532 7767.513 244.1478
824.35 19226.021 92.474 7844.143 246.83135
825.48 19357.32 574.481 7850.272 258.15528
826.6 18252.619 310.488 7455.902 251.09994
827.73 17896.418 -144.506 7245.032 244.14145
828.85 18111.719 268.501 7361.662 251.55525
829.98 17950.518 610.008 7638.292 246.72467
831.11 17691.816 70.014 6945.921 256.28331
832.23 17368.615 81.521 6962.051 251.24656
833.36 17501.414 524.528 7592.181 240.20543
834.48 16557.713 259.034 6894.811 245.61827
835.6 17429.014 482.041 7014.94 259.40967
836.73 16752.813 -7.952 6711.07 249.45244
837.85 16154.111 535.054 6989.7 241.98165
838.98 16465.91 -104.439 6228.33 261.66043
840.1 16226.709 458.568 6766.959 249.95503
841.23 15775.509 371.074 6570.589 248.47808
842.35 16162.808 720.581 7111.219 241.63827
843.47 15694.606 248.588 6354.849 252.95379
844.6 15095.406 26.594 6149.978 246.08636
845.72 15399.705 155.101 6077.608 257.4012
846.84 15459.504 134.608 5955.738 263.26325
847.96 15441.304 139.114 5813.368 269.67758
849.09 15055.103 58.121 5820.497 260.2569
850.21 14905.401 232.628 5935.127 257.30426
851.33 14836.701 385.134 5976.757 258.45033
852.45 14108.0 25.141 5610.387 252.14395
853.57 14090.299 232.148 5832.016 247.4728
854.7 13790.099 67.654 5477.146 253.67345
855.82 13643.897 -0.339 5659.776 241.05935
856.94 14052.696 485.168 5827.405 253.96715
858.06 13287.996 -64.326 5132.035 256.95524
859.18 13649.295 425.181 5653.165 252.94863
860.3 13848.094 244.688 5345.295 266.70169
861.42 13075.394 -89.306 5013.424 257.99325
862.54 12571.692 -65.799 4962.554 251.32465
863.66 12705.491 50.708 4975.184 256.97724
864.78 13161.791 186.714 5073.814 265.49646
865.9 12671.59 244.221 5222.943 249.60959
867.02 13534.389 1277.228 6443.073 237.27308
868.14 13244.688 879.234 5701.203 256.43994
869.26 12463.987 575.741 5163.833 259.11089
870.38 12011.286 -90.252 4456.962 266.13078
871.5 11754.586 -94.746 4453.592 260.52003
872.62 12048.885 69.761 4578.222 265.70315
873.74 11989.684 699.268 5511.852 234.60195
874.85 11429.333 40.271 4430.417 259.42333
875.97 11357.833 286.271 4564.417 258.79348
877.09 11610.333 373.271 4811.917 253.16421
878.21 11159.333 220.771 4370.917 263.57056
879.33 11180.833 334.771 4641.417 251.84478
880.44 11032.333 254.771 4375.417 261.55033
881.56 10717.833 111.271 4114.417 264.95569
882.68 10639.333 256.271 4367.917 252.52814
883.79 10945.833 826.771 4988.417 243.1505
884.91 10531.833 -58.229 3702.917 281.56478
886.03 10659.833 456.271 4455.417 255.14355
887.14 10881.833 659.271 4800.417 246.85348
888.26 10763.833 777.271 4809.917 247.64294
889.38 11105.833 636.271 4577.417 265.64768
890.49 10518.333 -89.729 4014.417 258.47186
891.61 11244.333 307.771 4176.917 282.66091
892.72 10746.333 -13.229 4058.417 264.25584
893.84 11053.833 -99.229 3906.917 278.3988
894.95 10814.333 -87.229 3941.917 270.56757
896.07 11115.333 152.271 4075.417 279.44569
897.18 11002.333 384.271 4307.417 270.65174
898.3 10506.833 -41.229 3881.917 268.86744
899.41 10940.333 577.271 4446.917 267.8039
900.53 10740.833 335.771 4029.417 281.70167
901.64 10295.833 462.271 4350.417 252.91136
902.75 10484.333 262.771 4055.917 269.47453
903.87 10283.333 116.771 3876.417 270.41276
904.98 10532.333 403.771 4044.917 278.16963
906.09 10001.833 235.771 3943.917 263.3678
907.21 10153.833 438.771 3919.917 279.07656
908.32 9552.833 198.271 3488.417 284.32059
909.43 9360.333 650.771 3977.917 261.77277
910.54 9336.833 280.271 3820.917 255.78842
911.66 9547.333 1160.771 4581.417 245.17483
912.77 8893.333 85.771 3214.417 281.51355
913.88 8658.333 300.271 3645.417 249.85643
914.99 8398.833 69.271 3371.417 252.24694
916.1 8900.833 349.771 3617.417 261.68876
917.22 8461.833 58.771 2918.417 293.84974
918.33 8622.833 688.771 3724.917 261.32019
919.44 8404.333 270.271 3384.417 261.19721
920.55 8711.333 660.771 3674.417 267.13696
921.66 8088.833 428.771 3272.917 269.32734
922.77 8090.833 488.271 3282.417 272.08896
923.88 8391.333 623.271 3542.917 266.06179
924.99 7637.833 373.771 3227.417 254.55375
926.1 7232.333 -11.229 2623.917 274.88279
927.21 7604.333 652.771 3484.417 245.49548
928.32 7023.833 -84.729 2456.417 279.73847
929.43 7038.833 251.771 2756.917 270.92484
930.54 6794.833 111.271 2439.417 287.07662
931.65 6620.833 266.271 2607.917 271.37163
932.76 6461.833 381.771 2750.917 256.63521
933.86 6483.833 302.271 2464.417 285.89942
934.97 6146.333 113.771 2305.417 275.25261
936.08 5842.833 164.771 2138.417 287.69409
937.19 5695.333 708.271 2768.917 242.01454
938.3 5058.833 472.271 2273.917 254.57625
939.4 4748.833 674.771 2431.417 231.92281
940.51 4352.833 305.271 1864.417 259.6013
941.62 4333.833 503.771 1984.417 258.67515
942.73 4326.333 1102.771 2513.917 228.43582
943.83 3741.833 302.771 1592.417 266.66721
944.94 3692.833 338.271 1721.417 242.53137
946.05 3546.333 -35.729 1180.417 294.54219
947.15 3637.833 -25.729 1255.417 285.95984
948.26 3632.333 228.771 1623.917 243.95747
949.36 3921.333 98.271 1469.917 278.72082
950.47 4043.833 326.771 1819.917 248.94169
951.57 4419.333 844.771 2349.917 237.48944
952.68 4311.333 568.771 1976.417 265.87389
953.79 4197.833 439.271 2026.417 236.81269
954.89 4022.833 121.771 1668.417 252.22727
955.99 4317.333 391.271 2152.917 222.86333
957.1 4272.333 230.271 1637.417 287.25258
958.2 4276.333 271.271 1806.417 260.89136
959.31 4371.833 455.771 2090.917 239.49316
960.41 4129.333 130.271 1642.917 264.37535
961.52 4055.833 10.271 1452.917 280.42659
962.62 4321.833 493.771 1946.917 263.4328
963.72 4039.333 -50.729 1492.417 265.04705
964.83 4140.833 -70.729 1396.917 286.96043
965.93 4419.333 341.771 1883.917 264.40838
967.03 4420.833 714.271 2232.917 244.07023
968.13 4399.333 466.771 1975.417 260.66839
969.24 4011.333 175.771 1604.417 268.47539
970.34 4150.333 206.771 1605.917 281.85502
971.44 4251.333 265.771 1650.417 287.83987
972.54 4123.833 346.771 1881.917 246.03935
973.64 3797.333 142.271 1643.917 243.40377
974.75 4414.333 1069.771 2472.917 238.36172
975.85 5407.333 3162.271 4867.417 131.66398
976.95 3770.333 189.771 1479.917 277.53161
978.05 4002.333 525.771 1934.917 246.71417
979.15 4260.833 896.271 2298.917 239.87256
980.25 3436.333 99.771 1282.917 282.00772
981.35 3560.833 179.271 1406.417 275.56322
982.45 4153.833 891.771 2297.417 232.06859
983.55 3702.833 462.771 1760.417 249.68774
984.65 3731.333 418.271 1628.917 273.66076
985.75 3534.833 675.271 1828.917 247.87178
986.85 3373.333 372.271 1638.417 237.02345
987.95 3180.333 185.271 1345.917 258.05137
989.05 3507.333 783.271 2071.417 211.47157
990.15 3320.833 628.271 1710.417 248.81697
991.25 3098.833 443.271 1513.917 248.03371
992.34 3385.833 835.771 1982.917 222.29628
993.44 3112.333 478.271 1473.917 264.55818
994.54 2918.833 386.771 1334.417 267.19503
995.64 2992.333 731.271 1754.417 220.99122
996.74 3042.833 789.271 1829.917 216.55422
997.83 2537.333 73.771 1008.417 263.58245
998.93 2673.333 315.271 1299.917 239.48332
1000.03 3168.833 1230.771 2285.917 183.6772
1001.12 2853.333 704.771 1735.417 208.46759
1002.22 2746.333 729.271 1828.417 183.51182
1003.32 2399.833 272.271 1190.917 231.59769
1004.41 2388.333 467.271 1408.417 204.11954
1005.51 2380.833 402.771 1217.917 242.66364
1006.6 2157.333 188.771 987.917 246.33331
1007.7 2343.833 624.271 1470.917 203.10293
1008.8 2012.833 103.271 755.917 292.58786
1009.89 2165.333 577.771 1331.917 210.51134
1010.99 2296.833 384.771 1149.417 250.05858
1012.08 2087.333 47.271 826.417 261.83319
1013.18 2231.833 394.271 1240.917 217.04028
1014.27 2352.833 202.271 1009.417 266.44037
1015.36 2331.833 334.271 1124.417 252.80935
1016.46 2318.833 402.771 1194.917 241.88255
1017.55 2050.833 148.271 862.917 266.22451
1018.65 2209.333 496.771 1208.917 240.47919
1019.74 2274.833 586.771 1441.917 197.40054
1020.83 2128.833 505.271 1239.417 221.14987
1021.93 2033.833 280.271 1081.417 218.88183
1023.02 1699.333 38.271 740.917 236.4011
1024.11 1674.333 63.771 754.417 233.19658
1025.2 1736.333 88.271 722.417 259.88699
1026.3 1869.333 454.271 1131.917 208.82038
1027.39 1783.333 597.771 1268.417 176.77924
1028.48 1739.333 486.771 1072.417 213.87715
1029.57 1570.833 312.771 901.917 213.54008
1030.66 1568.833 451.771 1035.417 191.39392
1031.75 2101.833 1483.271 2155.917 91.95959
1032.84 1649.333 652.771 1237.417 170.45578
1033.94 1386.333 161.271 678.417 236.88917
1035.03 1637.333 773.771 1262.917 176.54502
1036.12 1191.833 90.271 614.917 209.96307
1037.21 1166.833 66.771 609.417 202.722
1038.3 1449.333 522.771 1049.417 175.93657
1039.39 1148.833 153.271 549.417 251.31212
1040.48 1224.333 455.771 904.417 171.30718
1041.57 1333.333 616.271 1021.917 176.77058
1042.66 1195.833 441.771 862.917 179.05021
1043.74 1285.333 508.271 928.417 184.95066
1044.83 1252.333 543.271 974.917 164.26951
1045.92 1035.833 45.771 481.917 227.00264
1047.01 1221.833 617.771 1054.417 138.34154
1048.1 802.833 96.771 402.417 231.00675
1049.19 1094.833 502.271 822.417 185.09143
1050.27 980.333 342.271 705.417 175.70419
1051.36 893.333 305.271 681.417 156.33895
1052.45 1031.333 469.771 875.417 138.43665
1053.54 902.833 466.771 758.417 149.51781
1054.62 989.833 525.271 900.417 123.83516
1055.71 909.833 467.771 822.917 124.4735
1056.8 1056.833 688.271 1055.917 100.24936
1057.88 748.833 328.771 652.417 129.79078
1058.97 874.833 458.771 804.417 120.37248
1060.06 1095.833 834.771 1296.917 56.48922
1061.14 758.833 367.771 664.417 131.82806
1062.23 1446.333 1608.271 2089.917 -33.62169
1063.31 842.333 547.271 887.917 86.61855
1064.4 667.833 279.271 610.417 117.33877
1065.48 772.333 526.771 738.917 115.75172
1066.57 722.333 362.771 691.917 109.24108
1067.65 741.333 543.771 885.417 57.82669
1068.74 671.333 357.271 635.417 112.91288
1069.82 736.333 544.271 856.417 61.52973
1070.9 1673.833 2151.771 2635.417 -98.81967
1071.99 744.833 561.771 908.917 52.7336
1073.07 689.333 491.771 826.917 58.94821
1074.15 776.833 576.771 914.417 59.25217
1075.24 757.833 526.771 764.417 97.22975
1076.32 751.833 625.771 880.417 49.50502
1077.4 935.833 963.771 1324.417 -7.74652
1078.49 512.833 218.271 494.417 106.66918
1079.57 762.833 655.271 905.917 42.91413
1080.65 924.333 866.771 1207.917 16.87328
1081.73 565.333 382.771 651.417 67.95656
1082.81 476.333 238.271 479.917 98.51712
1083.89 620.333 548.771 799.417 28.55124
1084.98 618.333 533.271 847.417 27.07739
1086.06 471.833 267.771 470.917 100.45125
1087.14 496.833 283.771 487.417 104.62405
1088.22 586.333 524.771 765.417 25.5822
1089.3 480.333 261.771 458.417 111.14526
1090.38 884.333 1101.771 1433.417 -65.5632
1091.46 668.833 598.771 838.417 29.23585
1092.54 447.333 405.771 657.917 16.48352
1093.62 488.333 412.771 674.917 28.8246
1094.7 376.833 186.271 429.417 78.37375
1095.78 524.833 490.771 699.917 16.28647
1096.86 541.333 545.771 843.917 -1.48837
1097.93 921.333 1146.271 1458.417 -72.06171
1099.01 669.333 802.271 1099.917 -44.66298
1100.09 412.833 334.271 492.917 49.52069
