196.55 889.167 637.312 784.191 171.47106
197.76 1168.97 939.8 1026.126 265.47269
198.96 1167.106 856.3 897.256 758.87379
200.16 735.292 561.303 603.974 407.74938
201.36 1275.769 1037.285 1124.277 274.14546
202.56 942.671 695.791 767.988 341.95622
203.76 770.424 612.799 638.321 617.60836
204.96 928.177 695.308 690.155 0.0
206.16 644.104 490.81 550.358 257.4307
207.36 1031.931 819.305 936.887 180.83305
208.56 911.411 680.301 740.575 383.43333
209.76 574.978 497.306 459.691 0.0
210.96 750.457 620.302 687.879 192.60206
212.16 1623.184 1311.814 1359.72 649.95108
213.36 959.779 733.805 804.727 318.62099
214.56 823.214 636.813 689.496 353.81851
215.76 1400.924 1209.3 1180.821 0.0
216.96 1217.755 972.798 1064.633 266.73532
218.16 879.374 694.796 735.734 450.86771
219.35 696.452 483.31 591.198 197.55712
220.55 892.816 634.81 762.068 202.74245
221.75 784.718 581.816 639.279 353.10331
222.95 1218.193 923.809 1021.684 300.77582
224.15 998.731 746.315 842.525 262.35861
225.35 735.426 541.313 654.706 171.18594
226.55 708.164 558.809 583.409 607.15103
227.75 1170.693 842.309 968.184 260.8813
228.94 972.478 687.306 800.691 251.50759
230.14 845.732 694.304 759.423 232.54108
231.34 750.275 537.802 644.445 199.23845
232.54 722.639 577.802 594.314 877.17111
233.74 696.543 576.298 618.423 285.44889
234.93 747.061 566.813 598.336 571.78665
236.13 812.898 621.303 751.829 146.78705
237.33 856.658 649.817 710.228 342.39106
238.53 770.18 583.311 663.438 233.21694
239.72 1130.335 873.301 990.995 218.39081
240.92 570.825 429.306 469.532 351.81079
242.12 1024.905 720.309 913.394 157.75229
243.31 686.703 461.804 607.648 154.20557
244.51 591.623 478.801 536.285 196.266
245.71 1117.511 823.809 883.249 494.11227
246.9 1359.123 1016.801 1099.785 412.51521
248.1 858.0 627.8 737.401 210.03444
249.3 811.208 643.297 716.328 229.91609
250.49 716.738 612.296 682.604 148.54998
251.69 875.944 666.304 760.633 222.24321
252.89 780.006 627.792 699.582 212.02722
254.08 607.478 415.806 504.691 215.64019
255.28 770.56 603.799 709.452 157.83844
256.47 578.143 424.305 454.597 507.85678
257.67 1017.112 714.316 860.423 207.24194
258.86 1033.651 748.311 868.162 238.07812
260.06 717.344 557.796 657.959 159.28867
261.26 1167.245 951.802 1046.169 228.30359
262.45 765.216 598.303 684.894 192.75976
263.65 501.4 357.292 469.227 128.74263
264.84 921.169 692.302 772.089 286.84572
266.04 653.506 487.792 581.082 177.63334
267.23 465.794 360.292 408.872 217.17362
268.42 695.08 436.803 563.263 204.23555
269.62 826.385 609.305 688.582 273.82249
270.81 855.524 585.307 700.495 234.5871
272.01 741.928 634.302 679.104 240.22639
273.2 899.608 731.789 786.154 308.68921
274.4 536.573 429.797 445.698 671.51409
275.59 887.119 677.298 756.502 264.9112
276.78 793.554 552.307 662.271 219.38713
277.98 682.251 548.295 601.35 252.48372
279.17 780.584 539.306 677.546 174.53518
280.37 700.091 532.288 585.625 314.6085
281.56 526.665 412.299 493.807 140.31359
282.75 596.366 398.314 485.655 226.75686
283.95 684.052 536.293 629.386 158.72169
285.14 698.84 530.293 631.176 167.07198
286.33 621.615 436.295 477.22 452.83446
287.52 771.184 583.29 663.734 233.57099
288.72 894.15 681.787 795.676 186.46583
289.91 1133.437 885.298 930.068 554.2562
291.1 862.881 571.302 755.3 158.46882
292.29 836.415 610.304 718.858 208.29399
293.49 825.463 601.794 710.56 205.64243
294.68 637.284 465.297 531.408 260.14936
295.87 724.55 525.304 520.488 0.0
297.06 830.725 643.798 687.857 424.26119
298.26 420.764 299.293 380.596 149.40458
299.45 718.203 543.304 569.648 663.92335
300.64 794.816 483.31 594.568 279.9853
301.83 738.275 587.802 644.445 265.65334
303.02 697.074 450.311 571.583 203.47974
304.21 942.837 658.314 740.38 346.70134
305.4 729.422 540.81 616.423 249.44359
306.59 820.643 567.805 712.097 175.22704
307.79 731.034 526.802 592.459 311.05921
308.98 492.732 417.804 488.923 105.35653
310.17 851.758 614.752 693.442 301.18913
311.36 690.745 525.778 607.183 202.65106
312.55 1208.444 886.78 972.146 376.8029
313.74 539.361 364.797 404.988 434.34073
314.93 928.911 618.301 747.575 240.27278
316.12 714.11 490.803 581.039 247.46989
317.31 386.42 306.797 364.539 137.89544
318.5 497.861 348.297 455.488 139.53039
319.69 699.162 462.296 579.524 202.05554
320.88 675.342 493.807 528.561 522.34442
322.07 535.509 425.795 517.865 119.16467
323.26 594.346 402.81 477.343 256.97918
324.45 437.165 303.799 393.307 148.99984
325.64 637.145 482.795 587.495 147.42111
326.83 840.881 558.302 706.8 190.29178
328.01 675.03 486.299 559.676 257.2067
329.2 878.034 615.802 702.459 302.60927
330.39 600.725 433.798 510.857 216.62104
331.58 492.877 341.799 401.517 252.98613
332.77 1049.686 762.303 842.619 357.81769
333.96 346.526 246.296 378.894 75.58955
335.15 524.182 361.8 408.836 345.23228
336.33 489.377 355.799 449.017 143.2968
337.52 596.665 455.799 509.307 263.26342
338.71 640.606 413.8 506.256 245.3119
339.9 491.18 422.787 476.951 126.27016
341.08 565.628 430.293 514.466 160.78277
342.27 817.864 568.8 617.271 513.85004
343.46 908.236 666.807 721.206 443.81404
344.65 784.736 581.807 712.206 155.6221
345.83 844.389 631.308 714.865 255.01115
347.02 489.177 301.808 430.155 145.98598
348.21 921.58 643.303 730.263 320.00469
349.4 437.941 298.301 410.85 124.06965
350.58 598.29 454.789 526.589 199.86288
351.77 467.043 387.798 409.923 358.17158
352.96 390.474 236.303 321.908 180.09528
354.14 622.848 412.299 475.242 334.50995
355.33 464.203 369.804 383.648 681.91083
356.51 394.701 265.291 286.263 617.05878
357.7 556.113 427.282 483.335 229.83773
358.89 468.993 339.294 424.335 152.51209
360.07 748.989 589.291 649.053 267.22416
361.26 826.463 618.77 740.074 171.21748
362.44 558.18 448.263 481.965 326.1457
363.63 450.884 364.256 356.109 0.0
364.81 493.102 396.749 447.0 191.74215
366.0 338.165 201.751 269.834 200.36538
367.18 1232.935 894.26 948.696 622.1506
368.37 532.661 297.772 403.537 222.08525
369.55 752.199 478.777 561.878 329.02333
370.74 802.987 556.277 634.668 314.71801
371.92 961.191 718.271 819.813 239.23252
373.11 496.819 353.765 402.878 291.27808
374.29 384.537 313.257 311.769 0.0
375.48 542.446 436.769 444.045 1452.51256
376.66 470.758 291.776 353.929 287.97213
377.84 869.661 592.272 650.037 480.19898
379.03 475.123 300.777 369.798 252.59588
380.21 327.641 226.268 300.726 136.14853
381.39 302.793 164.768 184.885 686.12216
382.58 759.228 491.777 615.154 216.77641
383.76 1006.13 678.783 765.864 375.91082
384.94 1003.732 730.28 876.936 186.45782
386.13 445.896 290.765 383.457 167.36104
387.31 538.979 379.272 448.103 232.02879
388.49 423.535 332.768 367.371 262.31209
389.68 652.589 448.774 514.74 308.9693
390.86 587.165 386.775 484.32 205.4332
392.04 839.961 571.281 691.175 224.09679
393.22 472.665 310.775 374.82 252.77487
394.41 432.111 325.768 378.45 201.85815
395.59 251.771 165.775 217.175 167.30675
396.77 545.991 334.78 425.451 232.9429
397.95 582.881 322.278 429.813 242.34183
399.13 727.808 503.78 598.016 237.73153
400.31 411.332 349.763 345.624 0.0
401.5 594.539 357.271 495.653 171.45807
402.68 658.293 430.768 508.385 293.13946
403.86 487.301 304.774 365.951 298.36194
405.04 735.266 504.782 597.494 248.60126
406.22 429.175 236.27 285.784 389.59928
407.4 704.743 454.289 548.285 266.45295
408.58 775.145 535.771 600.008 372.63766
409.76 759.022 581.269 657.124 234.33282
410.94 582.665 418.275 461.82 377.51583
412.12 544.134 297.786 414.147 211.71026
413.3 450.851 282.278 364.038 206.18141
414.48 419.321 235.278 260.262 736.64783
415.66 496.342 256.783 394.574 173.85643
416.84 966.139 711.278 848.828 185.28706
418.02 585.814 370.273 478.197 199.71542
419.2 470.063 270.778 358.748 226.53782
420.38 587.059 361.775 441.465 282.70045
421.56 523.295 344.282 371.77 651.24661
422.74 858.357 626.77 749.719 188.36104
423.92 760.318 478.276 633.48 181.72347
425.1 547.321 356.778 388.262 605.20839
426.28 509.273 299.788 362.06 336.40509
427.46 1177.879 769.788 908.915 293.32313
428.63 617.799 345.785 414.052 398.45292
429.81 666.227 367.787 484.255 256.2413
430.99 740.13 430.283 586.364 198.51678
432.17 966.723 655.284 761.473 293.28907
433.35 733.176 457.284 597.668 196.52629
434.52 313.048 119.79 241.603 158.65111
435.7 463.663 249.785 357.922 197.78497
436.88 695.533 480.778 599.972 180.17241
438.06 597.214 370.789 475.009 217.25625
439.23 509.715 262.779 353.407 272.47102
440.41 721.353 404.792 486.922 385.43605
441.59 797.983 501.775 600.385 300.38152
442.77 549.264 214.793 307.096 362.36042
443.94 819.944 516.78 621.646 289.09487
445.12 814.147 466.784 540.393 471.90309
446.3 1018.609 645.279 758.552 329.58354
447.47 820.037 431.781 532.255 386.42439
448.65 842.262 508.779 564.712 596.22624
449.82 647.762 318.279 412.712 348.90895
451.0 719.749 320.281 440.465 332.37953
452.18 657.465 267.784 434.458 233.79764
453.35 678.838 329.28 421.291 379.90685
454.53 758.193 345.785 440.197 436.81561
455.7 557.007 218.782 321.98 327.74387
456.88 995.074 569.287 719.596 283.27431
458.05 817.766 385.282 524.494 310.66514
459.23 602.13 219.283 361.864 268.51181
460.4 815.838 328.28 499.791 284.27138
461.58 904.18 458.287 518.451 741.12424
462.75 642.147 185.284 308.393 371.10449
463.93 855.279 405.781 458.741 848.74925
465.1 846.199 307.777 439.878 407.58349
466.28 651.595 146.791 309.908 309.47367
467.45 623.838 95.78 275.291 294.16395
468.63 961.189 296.782 488.415 346.70889
469.8 1147.024 480.783 687.509 322.28227
470.97 825.872 235.782 378.849 412.45606
472.15 1029.37 382.293 580.951 325.72325
473.32 1123.095 471.791 582.408 588.79224
474.49 1141.667 534.788 692.205 385.52447
475.67 958.942 291.79 510.248 305.39129
476.84 820.23 204.29 345.038 437.61959
478.01 961.223 407.784 570.473 340.18347
479.19 943.781 344.794 505.625 372.43182
480.36 725.532 228.289 424.574 253.32624
481.53 915.24 339.786 545.002 280.41374
482.7 839.747 276.792 524.567 227.20378
483.88 804.403 217.295 441.009 262.4367
485.05 889.574 266.287 466.596 311.16253
486.22 1000.483 328.799 542.372 314.4984
487.39 780.762 226.803 433.698 267.74899
488.56 767.375 361.785 588.632 178.79458
489.74 982.628 484.293 816.966 149.79744
490.91 562.612 172.292 452.937 139.07954
492.08 699.375 286.285 523.632 174.04482
493.25 675.204 194.794 475.046 171.42104
494.42 843.297 309.795 584.654 194.10022
495.59 862.327 288.795 546.43 222.61442
496.76 952.478 292.782 573.705 234.83194
497.93 1220.803 386.288 662.335 302.30859
499.1 1296.039 417.795 698.64 312.71481
500.27 1706.374 613.796 971.734 305.24191
501.44 1829.608 701.289 996.154 382.65615
502.61 1439.535 297.292 609.357 366.02709
503.78 1582.242 379.799 677.386 404.06387
504.95 2013.409 737.788 1086.19 366.13422
506.12 1800.318 404.8 733.466 424.6
507.29 1582.052 242.793 573.386 405.10796
508.46 1390.188 62.793 392.017 403.18904
509.63 2288.688 694.793 1085.017 408.45641
510.8 2339.277 716.291 1104.843 417.70161
511.97 1861.578 370.79 732.879 411.71863
513.14 1808.275 192.302 598.445 397.88311
514.31 2202.751 498.295 899.85 424.46354
515.48 2131.805 323.301 734.22 440.11246
516.65 1951.019 231.291 685.328 378.76343
517.81 2005.95 242.296 682.814 400.35931
518.98 2277.849 426.289 885.14 403.52115
520.15 1967.703 166.304 577.648 437.93078
521.32 2298.489 395.291 841.553 426.47569
522.49 3006.517 830.801 1388.43 390.17269
523.65 2871.861 640.297 1176.988 415.8009
524.82 2521.442 363.79 948.748 368.85583
525.99 2120.593 77.801 598.51 392.31018
527.16 2767.1 393.807 992.575 396.36283
528.32 2812.658 402.293 985.241 413.4784
529.49 2654.565 302.791 831.132 445.12413
530.66 2461.104 97.31 677.358 407.51722
531.82 2657.438 173.287 719.966 454.40817
532.99 2868.403 235.795 836.509 438.24638
534.16 3007.933 255.795 930.785 407.73027
535.32 3343.089 524.799 1185.727 426.41382
536.49 3005.877 160.299 823.517 429.05624
537.65 3713.366 586.79 1290.169 444.50824
538.82 3303.132 139.296 911.749 409.58329
539.99 3596.992 390.794 1115.835 442.20897
541.15 3849.452 434.286 1229.212 429.62044
542.32 3524.258 96.801 950.915 401.28765
543.48 4074.461 475.805 1331.662 420.47392
544.65 4300.541 600.808 1536.025 395.60184
545.81 4973.374 823.796 1832.234 411.48552
546.98 4475.444 293.804 1336.133 401.18229
548.14 4687.874 476.296 1582.234 380.81487
549.31 4483.937 234.798 1313.068 394.07017
550.47 4758.818 225.3 1430.966 376.01758
551.63 5088.45 607.796 1798.314 376.36178
552.8 4463.625 271.29 1443.183 357.74046
553.96 4480.072 250.297 1466.698 347.72875
555.13 4703.606 241.8 1555.756 339.57039
556.29 5118.08 594.303 1940.263 336.10034
557.45 4179.333 153.787 1521.611 294.30302
558.62 4150.576 299.8 1860.481 246.73698
559.78 4358.444 428.304 1960.633 256.48146
560.94 4502.652 228.301 1847.56 263.96948
562.11 4928.974 219.303 1826.908 292.96194
563.27 4921.364 51.8 1725.271 290.98601
564.43 4933.695 18.298 1747.082 284.32691
565.59 4705.452 148.31 1876.698 263.66417
566.76 4443.942 198.29 2027.248 232.135
567.92 4088.634 314.31 2298.633 190.20711
569.08 3880.351 419.802 2446.524 170.74612
570.24 3512.426 217.289 2235.219 163.29289
571.4 3843.649 121.798 2220.278 177.35938
572.57 4661.346 226.81 2365.344 207.36338
573.73 5261.881 37.302 2190.3 242.66532
574.89 6022.189 213.806 2492.401 254.91071
576.05 6200.899 286.292 2661.227 249.04296
577.21 6144.705 117.294 2489.546 254.07972
578.37 6580.5 23.3 2464.901 268.56149
579.53 7880.279 130.805 2657.227 306.73705
580.69 8946.563 338.802 2923.734 332.99754
581.85 9016.06 275.799 2796.952 346.67716
583.01 8978.225 225.298 2964.857 319.50125
584.17 9478.708 250.797 3099.828 323.89641
585.33 10158.593 346.802 3171.01 347.41741
586.49 10871.221 167.295 3068.575 368.93809
587.65 11379.798 298.295 3348.154 363.34476
588.81 11259.487 315.302 3349.655 360.67606
589.97 11797.636 521.799 3577.031 369.06644
591.13 11743.531 219.789 3411.574 361.04375
592.29 12408.397 243.303 3407.329 384.48154
593.45 12520.762 104.803 3434.698 372.86338
594.61 12218.578 108.29 3294.379 380.09888
595.77 12360.288 92.8 3441.191 366.36966
596.93 12749.912 66.291 3410.473 379.27423
598.09 13406.539 217.795 3689.14 379.93181
599.24 13547.609 114.803 3618.039 383.43995
600.4 13597.721 160.795 3699.575 379.70507
601.56 13531.407 113.298 3677.292 376.49079
602.72 14335.126 231.804 3953.568 378.94188
603.87 14795.171 270.315 3971.474 392.44076
605.03 14856.626 101.304 3872.568 391.25668
606.19 14592.199 37.301 3954.365 371.57678
607.35 14309.397 14.303 3889.329 368.90322
608.5 15094.395 340.3 4245.546 377.80193
609.66 15906.567 510.805 4468.517 389.00662
610.82 15516.662 113.796 4064.524 389.87413
611.97 15484.08 82.803 4115.764 381.88514
613.13 15421.994 342.307 4445.72 367.49135
614.29 15764.335 237.301 4377.995 374.98625
615.44 16295.457 341.302 4630.879 371.92837
616.6 16441.885 63.305 4329.583 383.90795
617.76 16641.623 329.801 4634.285 378.94952
618.91 16416.693 361.809 4662.684 373.29344
620.07 16535.639 341.302 4653.314 375.56337
621.22 16590.609 0.303 4391.039 377.84798
622.38 17904.58 580.303 5017.764 390.40972
623.53 17058.148 33.298 4593.778 373.31268
624.69 17010.49 66.805 4666.938 368.33035
625.84 17079.852 73.302 4848.524 356.14152
627.0 17632.227 252.287 5003.255 365.81891
628.15 17855.051 21.804 4789.488 374.04419
629.31 18263.369 215.293 5094.451 369.90143
630.46 17777.076 -33.2 4837.48 365.66301
631.61 18063.098 221.304 5155.292 361.60998
632.77 18212.945 198.793 5068.031 369.95834
633.92 18790.725 282.798 5326.357 366.96161
635.08 19618.336 503.29 5601.893 374.90753
636.23 19475.652 159.301 5251.561 379.32768
637.38 19158.941 -23.699 5196.35 367.48007
638.54 19419.826 324.295 5716.93 354.10392
639.69 19842.664 502.309 5919.909 356.99124
640.84 20383.227 225.299 5724.777 366.54252
641.99 20439.971 43.799 5535.551 371.39645
643.15 20768.715 457.299 6031.325 364.39401
644.3 20255.459 57.299 5648.098 361.27501
645.45 20004.703 -54.201 5666.372 350.64502
646.6 21162.947 498.299 6356.146 352.76871
647.75 21691.691 122.3 6053.919 363.63409
648.91 21698.936 -43.2 5896.693 366.03581
650.06 21997.68 95.3 6104.967 364.45248
651.21 21696.424 258.8 6486.74 344.21692
652.36 22034.168 291.8 6522.514 348.95468
653.51 22294.412 97.8 6303.788 357.66445
654.66 23309.156 106.801 6517.062 361.95649
655.81 24031.9 338.301 6872.835 362.59046
656.96 23653.645 29.301 6660.109 356.28152
658.11 23916.889 201.301 7031.883 347.19719
659.27 23944.133 224.801 7047.656 347.64525
660.42 24277.877 23.801 7002.93 347.52297
661.57 25289.121 203.302 7231.204 356.94606
662.72 25844.865 -70.698 7041.478 364.38306
663.87 26009.609 -42.198 7165.751 361.43163
665.01 26577.354 153.802 7552.525 357.13666
666.16 26574.098 3.802 7302.798 364.02671
667.31 27318.342 69.302 7748.572 354.83894
668.46 27747.086 364.803 8218.846 348.63933
669.61 27681.33 85.803 8133.12 342.91588
670.76 27550.574 -15.197 8192.894 335.83659
671.91 28042.818 383.803 8852.167 326.61581
673.06 27921.563 292.803 8704.44 328.45876
674.21 28187.307 -86.197 8625.214 324.55713
675.35 28923.551 143.804 8696.988 336.4799
676.5 29078.295 107.304 8960.262 327.24646
677.65 28592.539 5.804 8980.535 318.52469
678.8 27798.783 -81.696 9047.809 305.38875
679.94 27941.527 20.804 9334.583 299.77868
681.09 29345.271 183.304 9974.856 297.82783
682.24 30481.516 202.305 10238.13 301.71122
683.39 31342.76 5.305 10168.904 308.33028
684.53 31786.004 205.305 10680.178 301.49005
685.68 31414.748 103.305 10857.451 291.15694
686.83 29919.492 149.805 11004.225 274.26328
687.97 29846.736 114.306 11071.999 271.33841
689.12 30684.48 72.806 11315.272 272.2861
690.27 32773.723 14.306 11274.046 290.94292
691.41 35511.469 252.306 11700.319 307.99373
692.56 36784.711 174.306 11797.094 314.98816
693.7 37411.457 173.806 11924.867 316.88757
694.85 36791.699 -17.193 11851.141 310.14372
695.99 36765.445 194.307 12337.414 301.16788
697.14 37483.688 89.807 12533.688 300.50013
698.28 39250.934 205.807 12608.962 314.79996
699.43 40870.176 115.807 12545.235 327.88611
700.57 41885.922 -75.193 12643.009 329.92963
701.72 42070.664 -61.692 12816.283 327.16599
702.86 42146.91 -99.192 12984.057 322.90223
704.01 41840.652 -16.692 13435.83 311.14867
705.15 43249.398 196.308 13878.604 314.66277
706.29 44051.641 30.308 13804.878 319.58408
707.44 46178.387 66.808 14121.151 328.09487
708.58 46111.629 -71.691 14087.425 326.17375
709.72 46781.875 315.809 14831.699 320.10483
710.87 45814.117 -109.191 14264.973 319.48508
712.01 46039.363 -56.691 14516.246 316.31272
713.15 46835.105 79.809 15163.02 309.98239
714.3 48040.852 208.309 15113.294 320.91642
715.44 49826.094 18.31 15359.567 324.66558
716.58 50397.34 111.81 15553.341 325.65119
717.72 50645.582 5.31 15678.114 323.1092
718.87 49800.828 68.31 15879.389 314.54222
720.01 49637.07 57.31 16093.662 309.17107
721.15 48975.316 -70.19 15793.436 309.1696
722.29 51015.559 172.811 16468.209 312.00678
723.43 52610.305 225.811 16748.482 317.04615
724.57 52924.547 187.311 16671.756 319.92121
725.72 53458.793 95.811 16993.531 315.79989
726.86 53053.035 355.311 17002.805 316.5505
728.0 52507.781 33.811 17141.578 306.72601
729.14 52535.523 -38.688 17211.852 304.7685
730.28 53740.27 244.812 17751.625 305.56936
731.42 54553.012 -48.688 17619.398 309.04139
732.56 56171.758 351.312 18129.172 313.98856
733.7 56936.0 203.812 18323.945 313.08924
734.84 55717.746 -91.688 18077.221 307.16999
735.98 56447.988 62.813 18537.494 305.20242
737.12 55146.734 -52.187 18588.768 296.11639
738.26 55312.977 22.813 18737.541 295.43664
739.4 57626.223 113.313 19299.814 299.75715
740.53 58174.965 146.813 19140.088 305.51947
741.67 59230.211 118.813 19408.361 306.44263
742.81 59039.453 -95.186 19243.137 305.7899
743.95 58976.199 158.814 19426.41 305.26582
745.09 58331.941 -2.686 19422.184 300.30898
746.23 57799.688 163.314 19837.457 292.95494
747.36 58705.43 212.314 20136.23 293.58242
748.5 58782.676 -6.686 19742.504 297.67987
749.64 60557.418 5.315 20219.277 299.55583
750.78 61204.164 -16.185 20203.551 302.77522
751.92 60867.406 17.315 20237.826 300.93251
753.05 60939.652 49.315 20320.6 300.3773
754.19 59843.895 323.315 20479.373 295.29871
755.33 58500.141 -118.685 20275.146 287.4341
756.46 59344.883 125.316 20781.42 286.69282
757.6 59607.629 8.816 20320.193 293.42576
758.74 61390.871 285.816 20974.467 295.35544
759.87 61421.617 83.816 20582.24 299.23179
761.01 61992.859 68.316 20903.016 297.21832
762.14 60859.105 68.817 20837.789 292.69762
763.28 59728.348 231.317 20895.563 287.92259
764.41 59565.094 96.317 20980.836 284.75052
765.55 59294.836 -118.183 20814.109 283.83427
766.69 59860.582 118.817 20793.883 288.95562
767.82 60391.324 118.317 20800.656 291.42259
768.95 60811.07 -1.182 20581.932 295.44729
770.09 61444.313 444.318 20882.705 298.45796
771.22 61800.559 352.318 21385.479 292.14934
772.36 60032.301 220.318 20991.252 287.96001
773.49 59062.547 302.818 21116.025 282.31943
774.63 58313.289 56.818 20900.799 279.48822
775.76 58830.035 36.319 21013.572 280.27366
776.89 58999.777 210.819 20756.846 286.13298
778.03 60047.023 138.819 20719.121 291.09487
779.16 60850.266 -42.681 20723.895 293.22575
780.29 60049.012 129.819 20908.668 288.36628
781.43 59154.254 297.819 20588.441 290.06718
782.56 58240.5 137.32 20687.715 282.7351
783.69 56642.242 -0.68 20196.488 280.44982
784.82 57032.988 60.32 20393.262 280.19885
785.96 57553.23 78.32 20505.535 281.3644
787.09 57735.977 99.82 20453.311 283.17579
788.22 58537.219 112.32 20499.584 286.57548
789.35 59052.465 -24.179 20483.357 288.07284
790.48 58263.707 49.821 20368.131 286.50949
791.62 57327.953 237.321 20444.404 282.52782
792.75 55628.695 -33.179 19987.178 278.02639
793.88 55161.441 345.821 20153.451 276.73992
795.01 55315.684 120.321 20121.727 275.95742
796.14 55825.93 221.822 20278.0 277.24179
797.27 55920.672 229.322 19759.773 285.15137
798.4 56962.418 100.322 20093.047 284.41394
799.53 55821.66 -69.678 19343.32 287.90678
800.66 55325.406 107.822 19516.594 284.49809
801.79 56093.648 716.822 20288.367 282.94561
802.92 54729.895 70.823 19606.141 279.79617
804.05 52998.137 174.823 19523.416 273.00855
805.18 52991.883 125.823 19437.189 273.75618
806.31 53132.625 67.823 19198.963 277.37397
807.44 53621.371 -58.177 19203.736 278.68233
808.57 55630.113 159.323 19985.01 279.79253
809.69 55757.359 180.324 19799.283 283.28228
810.82 55757.102 -126.176 19596.557 283.34449
811.95 54858.848 498.324 19998.83 278.76468
813.08 52649.09 34.824 19121.605 275.65814
814.21 52887.836 518.324 19863.379 270.71266
815.33 51664.078 118.824 19114.652 271.35039
816.46 50675.824 161.825 18712.926 272.2965
817.59 51413.066 417.825 18868.199 276.39136
818.72 51807.313 234.825 18819.973 277.49302
819.84 51786.055 436.825 18696.246 281.22047
820.97 51560.301 259.825 18356.02 283.48765
822.1 51469.043 310.325 18748.795 277.45642
823.22 49686.289 -29.174 18138.068 273.65442
824.35 48123.031 26.326 18345.342 262.5507
825.48 47493.777 251.326 18140.115 264.08971
826.6 46546.02 136.326 17963.889 260.32551
827.73 46605.766 -83.674 17596.662 264.07552
828.85 47034.008 89.826 17820.936 264.75604
829.98 48191.254 303.827 18008.211 270.48344
831.11 48128.496 -22.173 17508.484 274.66551
832.23 49021.742 17.827 17873.258 274.44824
833.36 48303.484 261.327 17914.031 272.15183
834.48 46505.73 130.327 17510.805 266.82468
835.6 45335.473 192.827 17511.578 260.65763
836.73 43042.219 -37.172 17082.852 251.63161
837.85 42949.961 218.328 17306.625 250.06373
838.98 42609.707 -94.672 16900.4 251.27506
840.1 44000.949 194.328 17479.674 253.43214
841.23 44584.195 119.828 17148.447 261.11552
842.35 46654.438 350.329 17855.221 264.52096
843.47 47095.184 100.829 17375.994 272.03418
844.6 46617.926 -38.171 17120.268 271.91342
845.72 47300.672 4.829 16961.041 278.9293
846.84 47012.914 22.329 17055.314 275.87991
847.96 46483.16 16.829 17166.59 270.94449
849.09 45655.402 -3.67 17074.363 267.35556
850.21 45411.148 68.83 17183.637 264.93035
851.33 45515.891 196.33 16716.41 274.33015
852.45 45889.637 -56.17 16874.184 271.38126
853.57 46509.879 122.33 17019.957 274.52109
854.7 45982.625 -3.67 16521.73 278.27644
855.82 46326.867 18.331 16829.506 275.46281
856.94 46766.613 186.831 17127.279 274.96192
858.06 46165.855 -122.669 16716.053 274.89334
859.18 45015.602 170.331 16926.826 267.62918
860.3 45449.844 87.831 17049.1 267.4447
861.42 45198.59 -103.669 16831.873 267.49814
862.54 45036.832 -96.168 16676.146 269.09226
863.66 45553.578 -43.668 16690.42 272.48121
864.78 46565.82 71.332 17034.695 274.08768
865.9 45489.066 109.332 16724.969 273.11463
867.02 46115.309 676.832 17307.242 273.22523
868.14 45676.555 444.332 17198.016 269.98375
869.26 44758.797 226.833 16961.789 266.10146
870.38 43316.043 -115.667 16441.063 262.32058
871.5 42952.285 -77.667 16530.836 259.08387
872.62 42884.531 -52.167 16666.109 256.82491
873.74 42944.773 306.333 16925.385 256.56362
874.85 42850.645 -52.667 16573.521 258.04659
875.97 43431.145 119.333 16590.021 262.96297
877.09 43935.645 122.333 16584.021 266.15321
878.21 43231.145 63.333 16111.521 268.98871
879.33 43810.145 123.833 16197.521 271.78774
880.44 43078.645 66.333 16025.521 269.51442
881.56 42470.145 40.333 16105.521 264.11028
882.68 42159.645 92.833 16215.521 260.91687
883.79 41666.145 424.833 16592.521 255.08478
884.91 40272.645 -134.167 15862.021 252.60277
886.03 40979.145 169.833 16124.021 255.7906
887.14 41567.645 290.333 16637.521 252.50404
888.26 42223.145 330.333 16600.521 257.48203
889.38 42847.645 273.833 16755.021 258.31761
890.49 43522.645 -86.667 16621.021 261.01344
891.61 45274.145 97.333 17207.021 264.04228
892.72 45378.145 -71.167 17100.521 264.67585
893.84 45534.145 -71.667 17289.021 262.69587
894.95 45518.145 -80.667 17700.021 256.45133
896.07 45160.145 20.833 17935.021 251.9752
897.18 44726.145 147.833 18021.521 249.40746
898.3 43955.145 -53.167 17895.521 245.18957
899.41 45376.145 274.833 18195.021 251.67878
900.53 45413.145 120.333 18364.521 248.25885
901.64 45673.145 219.833 18278.521 251.69775
902.75 46029.145 53.833 18022.021 255.8706
903.87 46487.645 -10.667 17833.521 260.57958
904.98 46497.645 149.833 17740.521 263.47924
906.09 45765.645 22.833 17442.021 262.60013
907.21 45365.145 145.833 17727.021 257.20282
908.32 44159.145 28.333 17427.021 253.64447
909.43 42999.145 272.333 17324.521 250.56498
910.54 41702.145 127.833 17101.521 244.93387
911.66 41519.145 540.333 17398.021 243.08678
912.77 41310.145 -1.667 16875.521 244.77899
913.88 41454.145 150.833 16798.021 248.10984
914.99 41045.645 -48.167 16249.521 252.14505
916.1 41828.645 135.833 16502.521 254.74189
917.22 42091.145 -30.167 16246.521 258.78307
918.33 42488.145 289.833 16533.021 259.79082
919.44 41912.645 76.833 16088.021 261.29113
920.55 41938.645 358.833 16400.521 259.19848
921.66 40475.645 200.333 15967.521 255.43752
922.77 39320.645 207.333 15947.521 248.4933
923.88 38830.645 300.833 16007.021 245.31613
924.99 37628.645 142.333 15734.021 240.42498
926.1 37361.645 -86.167 15213.021 244.76994
927.21 37158.645 317.833 15502.021 242.62617
928.32 37040.145 -121.167 14935.021 246.81754
929.43 36806.145 60.833 14756.021 250.04997
930.54 36906.145 23.833 14597.021 253.08336
931.65 36864.145 82.333 14405.521 256.79907
932.76 36572.145 184.333 14277.521 258.19434
933.86 35834.145 93.333 13962.521 257.69939
934.97 34348.645 22.833 13555.521 253.65111
936.08 32215.646 4.833 12906.021 249.67325
937.19 29941.646 312.833 12296.021 247.2532
938.3 27540.646 227.833 11325.521 246.11266
939.4 25152.146 293.333 10516.521 243.16109
940.51 23081.146 69.333 9564.021 242.36515
941.62 22003.646 193.833 9042.521 246.47513
942.73 22053.146 508.833 9195.521 248.0153
943.83 21382.646 125.833 8592.521 251.06411
944.94 21325.146 151.833 8445.021 255.30972
946.05 21358.146 -150.667 8261.521 255.68634
947.15 21716.646 -68.667 8341.521 259.03482
948.26 22056.646 64.833 8432.521 262.8183
949.36 22163.646 -1.167 8590.521 257.97975
950.47 22983.646 121.333 9100.521 254.61451
951.57 23992.646 369.833 10024.021 244.68982
952.68 23939.146 229.333 10070.021 240.93656
953.79 23678.146 217.833 10104.021 237.30395
954.89 23923.146 8.833 9996.021 239.44993
955.99 24839.646 167.333 10524.521 238.21442
957.1 25470.646 40.333 10531.521 242.39691
958.2 26121.646 76.333 10740.521 244.23158
959.31 26405.146 203.333 10763.021 248.13058
960.41 26966.146 28.333 10701.521 252.38771
961.52 27603.146 -30.667 10987.521 250.80181
962.62 27706.646 175.833 11196.021 249.82165
963.72 26830.146 -80.667 10638.521 251.05274
964.83 27086.146 -124.667 10787.021 249.37311
965.93 26989.646 112.833 11027.021 246.25575
967.03 26482.646 271.333 11214.021 239.53269
968.13 26196.146 208.333 10987.521 241.09251
969.24 26024.146 8.833 11066.521 235.26903
970.34 25800.646 31.333 11033.021 234.23056
971.44 26510.646 52.333 11193.021 237.49265
972.54 26445.146 141.833 10972.521 242.85913
973.64 26467.146 5.333 10840.021 244.23237
974.75 27295.646 435.833 11194.021 249.66858
975.85 28798.646 1647.833 12404.521 252.40869
976.95 26472.146 7.333 10512.521 251.92139
978.05 26841.146 203.333 10883.521 249.41335
979.15 26812.146 433.833 10871.021 252.73393
980.25 25727.146 2.833 10386.521 247.73775
981.35 25350.146 60.333 10520.521 241.77209
982.45 25145.146 410.333 10796.521 238.15104
983.55 24569.146 186.833 10480.521 236.86666
984.65 24320.146 138.833 10459.021 234.3108
985.75 23641.146 309.833 10232.021 235.14284
986.85 23720.146 180.333 10122.021 236.77886
987.95 23749.646 14.833 9940.021 239.13718
989.05 24066.646 361.833 10201.521 240.91023
990.15 23735.646 271.833 9856.021 244.81798
991.25 23107.146 124.833 9537.521 244.16315
992.34 23025.646 347.833 9617.521 244.64486
993.44 22291.146 140.833 9195.521 244.62814
994.54 22424.646 111.833 9134.021 247.31047
995.64 22276.146 309.833 9324.521 243.6725
996.74 21769.646 351.833 9276.021 239.99735
997.83 20558.146 -49.167 8508.021 240.81877
998.93 20123.646 76.333 8520.021 237.42368
1000.03 20226.146 590.833 8878.021 236.9358
1001.12 19517.646 353.833 8577.521 233.03188
1002.22 19053.146 315.333 8394.521 231.92696
1003.32 18671.146 64.833 8046.521 233.11252
1004.41 18578.646 125.333 7921.021 236.71181
1005.51 18185.646 120.833 7732.021 237.34552
1006.6 17563.646 6.333 7254.521 242.23039
1007.7 17577.646 306.833 7382.021 244.10396
1008.8 16982.646 -47.667 6818.521 248.03157
1009.89 17262.646 235.333 7115.521 247.48327
1010.99 17245.646 114.333 7114.521 244.72648
1012.08 17028.146 -29.167 7068.021 240.33905
1013.18 17564.146 126.833 7416.521 239.20522
1014.27 18584.146 47.333 7789.021 239.4415
1015.36 18647.146 64.833 8086.521 231.65092
1016.46 18273.646 124.833 7881.021 233.99141
1017.55 17539.146 -38.167 7664.521 228.19714
1018.65 17361.146 151.833 7666.521 229.00903
1019.74 17108.146 258.833 7573.021 230.36479
1020.83 16930.146 177.833 7421.521 231.26775
1021.93 16390.146 91.833 7099.021 232.59422
1023.02 15630.146 -45.667 6536.521 238.15505
1024.11 15373.146 -60.167 6335.021 241.32696
1025.2 15467.146 -58.167 6400.521 240.37874
1026.3 15403.146 189.833 6370.521 246.14271
1027.39 14574.646 250.833 6160.521 242.3785
1028.48 14073.646 163.333 5957.521 240.07355
1029.57 13540.146 104.333 5787.521 236.41331
1030.66 12890.146 198.333 5543.021 237.46593
1031.75 13175.646 757.333 5936.021 239.79651
1032.84 11991.646 241.333 5443.521 225.87252
1033.94 11417.646 -37.167 4984.021 228.12954
1035.03 11498.646 296.333 5224.521 227.31099
1036.12 10974.146 -58.667 4769.521 228.50835
1037.21 10636.146 -21.667 4711.021 225.19576
1038.3 10457.146 213.833 4707.521 227.94891
1039.39 10195.646 16.833 4329.521 236.02016
1040.48 10379.146 156.833 4486.521 236.09814
1041.57 10134.646 235.333 4397.521 237.83916
1042.66 9649.646 153.833 4105.021 240.32805
1043.74 9647.146 184.833 4107.021 241.25088
1044.83 9274.646 192.833 3955.021 241.39712
1045.92 8742.646 -67.167 3648.521 237.09777
1047.01 8672.646 249.333 3927.521 229.00715
1048.1 7924.646 -79.167 3349.521 233.43664
1049.19 7721.646 144.833 3456.521 228.79009
1050.27 7449.646 105.333 3279.021 231.4126
1051.36 7104.146 41.833 3118.521 229.54274
1052.45 7003.146 197.333 3250.021 222.94496
1053.54 6882.646 131.333 3119.021 225.97118
1054.62 6685.146 203.333 3148.521 220.0815
1055.71 6502.646 181.833 2935.521 229.53995
1056.8 6557.146 261.833 3059.021 225.05867
1057.88 6211.146 105.333 2808.021 225.91635
1058.97 6261.646 165.833 2806.521 230.84189
1060.06 6361.146 360.833 2897.021 236.5879
1061.14 5907.146 99.333 2514.021 240.52027
1062.23 6462.146 781.333 3166.021 238.22043
1063.31 5637.146 185.333 2433.021 242.55208
1064.4 5179.646 66.333 2209.521 238.58449
1065.48 5094.146 148.333 2342.021 225.45658
1066.57 4800.646 79.833 2179.521 224.83407
1067.65 4681.646 210.833 2247.521 219.51393
1068.74 4468.646 58.333 2048.521 221.60288
1069.82 4427.646 209.833 2082.521 225.2278
1070.9 5281.146 1117.333 2964.521 225.41366
1071.99 4064.646 198.833 1952.521 220.43906
1073.07 4013.646 154.833 1851.021 227.49916
1074.15 4051.646 187.833 1929.521 221.84303
1075.24 3935.146 193.833 1857.021 224.94832
1076.32 4116.146 239.333 1887.521 235.21672
1077.4 4165.646 478.833 2117.021 225.05439
1078.49 3600.646 43.333 1595.021 229.25443
1079.57 3658.146 275.333 1770.521 226.2467
1080.65 3938.146 398.333 1899.021 235.87938
1081.73 3449.646 114.833 1561.521 230.51366
1082.81 3243.646 -13.167 1407.021 229.3227
1083.89 3376.646 227.833 1567.021 235.12856
1084.98 3328.646 212.833 1531.021 236.37095
1086.06 2962.146 48.333 1321.521 228.85964
1087.14 2850.646 25.333 1303.021 221.12702
1088.22 2914.146 168.833 1389.521 224.89886
1089.3 2612.646 -23.167 1215.021 212.87667
1090.38 3136.146 484.333 1691.521 219.66864
1091.46 2822.646 224.333 1441.021 213.55626
1092.54 2614.146 71.833 1228.521 219.7925
1093.62 2539.646 116.833 1268.021 210.46201
1094.7 2367.146 23.333 1075.021 222.86205
1095.78 2468.646 119.333 1187.021 220.03745
1096.86 2512.646 153.833 1148.521 237.14104
1097.93 2960.146 515.333 1525.021 242.13554
1099.01 2599.146 321.833 1273.521 239.29203
1100.09 2148.146 49.333 953.521 232.12138
