196.55 1360.466 972.948 0.0 387.51819
197.76 1970.964 1427.472 0.0 543.49219
198.96 1713.308 1340.45 0.0 372.85779
200.16 1173.742 796.077 0.0 377.66461
201.36 1958.106 1587.379 0.0 370.72656
202.56 1367.344 990.115 0.0 377.22839
203.76 1183.73 849.94 0.0 333.79041
204.96 1413.617 932.264 0.0 481.3526
206.16 955.869 712.367 0.0 243.50262
207.36 1682.442 1181.173 0.0 501.26978
208.56 1397.223 1052.507 0.0 344.71631
209.76 959.176 637.704 0.0 321.47156
210.96 1267.957 888.539 0.0 379.41815
212.16 2496.829 2056.997 0.0 439.83179
213.36 1557.735 1126.644 0.0 431.09058
214.56 1204.699 890.479 0.0 314.21985
215.76 2336.73 1834.94 0.0 501.79041
216.96 1911.66 1568.862 0.0 342.79736
218.16 1421.641 985.792 0.0 435.84906
219.35 1090.662 716.838 0.0 373.8233
220.55 1314.317 872.359 0.0 441.95776
221.75 1195.055 810.596 0.0 384.45953
222.95 1914.48 1461.314 0.0 453.16638
224.15 1558.062 1090.029 0.0 468.03357
225.35 1244.147 782.472 0.0 461.67499
226.55 1117.61 792.831 0.0 324.7785
227.75 1744.98 1378.814 0.0 366.16638
228.94 1544.176 1122.204 0.0 421.97144
230.14 1361.001 919.113 0.0 441.88873
231.34 1157.379 847.028 0.0 310.35083
232.54 1154.534 780.549 0.0 373.98529
233.74 1175.211 805.869 0.0 369.34216
234.93 1149.992 791.951 0.0 358.04053
236.13 1365.216 951.574 0.0 413.64227
237.33 1301.315 930.131 0.0 371.18365
238.53 1243.973 887.381 0.0 356.59229
239.72 1837.119 1373.993 0.0 463.12671
240.92 888.968 562.676 0.0 326.29224
242.12 1593.428 1152.807 0.0 440.62158
243.31 1134.131 755.63 0.0 378.50085
244.51 1021.171 627.0 0.0 394.17151
245.71 1736.402 1278.803 0.0 457.59912
246.9 2156.171 1688.0 0.0 468.17139
248.1 1299.334 950.954 0.0 348.38007
249.3 1411.926 982.33 0.0 429.5957
250.49 1305.296 893.313 0.0 411.98358
251.69 1372.949 1049.106 0.0 323.84387
252.89 1337.629 916.154 0.0 421.47491
254.08 905.176 579.204 0.0 325.97156
255.28 1338.575 976.919 0.0 361.65594
256.47 917.391 577.666 0.0 339.72498
257.67 1492.081 1159.099 0.0 332.98193
258.86 1667.603 1172.898 0.0 494.70422
260.06 1243.77 917.809 0.0 325.96106
261.26 1934.009 1459.546 0.0 474.46301
262.45 1323.138 939.063 0.0 384.07495
263.65 878.155 565.158 0.0 312.99731
264.84 1528.905 1081.531 0.0 447.37329
266.04 1129.129 804.154 0.0 324.97491
267.23 902.681 487.661 0.0 415.01974
268.42 1063.794 706.584 0.0 357.20941
269.62 1324.209 882.641 0.0 441.56805
270.81 1338.409 959.736 0.0 378.67328
272.01 1218.586 923.056 0.0 295.53015
273.2 1548.747 1164.034 0.0 384.71289
274.4 1063.582 664.852 0.0 398.73016
275.59 1499.315 1028.883 0.0 470.43188
276.78 1273.28 892.718 0.0 380.56128
277.98 1163.803 772.746 0.0 391.05768
279.17 1261.65 903.201 0.0 358.44916
280.37 1274.384 837.985 0.0 436.39905
281.56 949.549 528.915 0.0 420.63354
282.75 1010.907 617.508 0.0 393.39917
283.95 1153.863 801.186 0.0 352.6767
285.14 1234.414 863.193 0.0 371.2215
286.33 1074.459 700.267 0.0 374.19214
287.52 1351.851 948.548 0.0 403.30249
288.72 1568.125 1136.95 0.0 431.17493
289.91 1859.737 1410.373 0.0 449.36462
291.1 1437.353 1007.024 0.0 430.32849
292.29 1347.079 997.623 0.0 349.45605
293.49 1383.752 1044.239 0.0 339.51282
294.68 1039.53 729.845 0.0 309.68536
295.87 1137.424 803.102 0.0 334.32159
297.06 1364.789 940.38 0.0 424.40948
298.26 713.811 420.179 0.0 293.63181
299.45 1111.131 789.13 0.0 322.00085
300.64 1129.817 822.859 0.0 306.95776
301.83 1319.379 857.028 0.0 462.35083
303.02 1069.499 630.384 0.0 439.11462
304.21 1460.036 1123.525 0.0 336.51123
305.4 1223.791 875.356 0.0 348.4353
306.59 1333.891 920.166 0.0 413.72498
307.79 1156.06 803.053 0.0 353.00775
308.98 979.001 579.113 0.0 399.88873
310.17 1487.059 966.081 0.0 520.97815
311.36 1218.03 857.597 0.0 360.43347
312.55 1991.971 1560.657 0.0 431.31445
313.74 923.134 584.359 0.0 338.7749
314.93 1506.723 1009.007 0.0 497.71637
316.12 1231.164 787.067 0.0 444.09741
317.31 741.874 406.823 0.0 335.05081
318.5 972.134 574.859 0.0 397.2749
319.69 1285.693 830.799 0.0 454.89392
320.88 1191.332 736.225 0.0 455.10608
322.07 1013.985 607.271 0.0 406.7146
323.26 990.688 607.342 0.0 383.3457
324.45 838.049 447.415 0.0 390.63354
325.64 1324.829 766.749 0.0 558.08014
326.83 1403.853 996.024 0.0 407.82849
328.01 1211.704 738.436 0.0 473.26807
329.2 1563.06 976.053 0.0 587.00775
330.39 1283.289 727.38 0.0 555.90948
331.58 1210.497 542.908 0.0 667.58881
332.77 1995.768 1253.081 0.0 742.68713
333.96 1077.348 448.82 0.0 628.52838
335.15 1285.912 524.964 0.0 760.94739
336.33 1462.997 590.908 0.0 872.08881
337.52 1691.549 719.415 0.0 972.13361
338.71 1762.808 710.45 0.0 1052.35773
339.9 1889.995 614.932 0.0 1275.06281
341.08 2068.966 688.2 0.0 1380.76636
342.27 2476.49 879.475 0.0 1597.01471
343.46 2857.857 1063.729 0.0 1794.12842
344.65 3011.357 897.229 0.0 2114.12842
345.83 3333.565 983.257 0.0 2350.30774
347.02 2950.617 470.264 0.0 2480.35269
348.21 3995.294 1021.584 0.0 2973.70953
349.4 3894.094 462.989 0.0 3431.10434
350.58 4550.825 718.045 0.0 3832.77991
351.77 4848.211 575.369 0.0 4272.84216
352.96 4614.32 324.088 0.0 4290.2319
354.14 5497.126 619.926 0.0 4877.20081
355.33 5534.131 536.13 0.0 4998.00061
356.51 5601.714 387.098 0.0 5214.61618
357.7 6268.542 679.734 0.0 5588.80756
358.89 6208.622 511.721 0.0 5696.90094
360.07 7050.766 915.105 0.0 6135.66089
361.26 7391.273 1061.79 0.0 6329.4834
362.44 7250.517 733.483 0.0 6517.03333
363.63 7262.752 481.743 0.0 6781.009
364.81 7528.996 531.437 0.0 6997.55902
366.0 7408.092 276.518 0.0 7131.57455
367.18 8718.342 1403.392 0.0 7314.9502
368.37 7937.214 529.85 0.0 7407.36432
369.55 8372.297 737.065 0.0 7635.23169
370.74 8724.849 911.572 0.0 7813.27643
371.92 9011.585 1158.332 0.0 7853.25256
373.11 8565.217 476.078 0.0 8089.13834
374.29 8766.46 421.772 0.0 8344.68832
375.48 9175.41 531.741 0.0 8643.66943
376.66 9522.537 441.53 0.0 9081.0072
377.84 10287.215 953.85 0.0 9333.36481
379.03 10127.693 405.051 0.0 9722.6423
380.21 10616.995 332.184 0.0 10284.81085
381.39 10975.703 266.212 0.0 10709.49063
382.58 12260.167 816.548 0.0 11443.61945
383.76 13098.405 1148.784 0.0 11949.62146
384.94 14196.523 1254.164 0.0 12942.3595
386.13 13971.82 426.593 0.0 13545.22772
387.31 15148.637 618.339 0.0 14530.29724
388.49 15852.521 474.688 0.0 15377.83368
389.68 17183.467 637.952 0.0 16545.51447
390.86 18263.57 567.466 0.0 17696.10388
392.04 19774.334 982.706 0.0 18791.62775
393.22 20197.07 445.466 0.0 19751.60391
394.41 21312.125 473.202 0.0 20838.9231
395.59 22313.045 193.463 0.0 22119.58203
396.77 23954.705 552.689 0.0 23402.01648
397.95 25243.875 637.576 0.0 24606.29926
399.13 26907.627 792.678 0.0 26114.94891
400.31 27457.725 447.511 0.0 27010.21313
401.5 29168.877 626.304 0.0 28542.57275
402.68 30267.703 734.712 0.0 29532.99066
403.86 30594.914 434.445 0.0 30160.46881
405.04 31842.75 807.263 0.0 31035.48737
406.22 32598.221 367.783 0.0 32230.43768
407.4 33577.09 697.013 0.0 32880.07678
408.58 34352.852 814.301 0.0 33538.5509
409.76 34876.016 947.755 0.0 33928.2608
410.94 35028.07 624.466 0.0 34403.60388
412.12 35197.762 502.9 0.0 34694.86151
413.3 35211.004 359.093 0.0 34851.91052
414.48 35061.133 371.111 0.0 34690.02179
415.66 35390.852 445.277 0.0 34945.5748
416.84 35856.555 1233.1 0.0 34623.45422
418.02 35038.922 623.378 0.0 34415.54364
419.2 34787.953 419.586 0.0 34368.36679
420.38 34968.098 583.97 0.0 34384.12775
421.56 34340.121 427.245 0.0 33912.87607
422.74 34763.301 1081.794 0.0 33681.5072
423.92 34257.777 865.995 0.0 33391.78271
425.1 33198.633 464.111 0.0 32734.52179
426.28 32656.461 405.995 0.0 32250.46552
427.46 33279.438 1356.492 0.0 31922.94556
428.63 31834.977 571.861 0.0 31263.11517
429.81 31671.229 687.964 0.0 30983.26483
430.99 31246.404 754.784 0.0 30491.62048
432.17 31292.373 1145.347 0.0 30147.02576
433.35 30578.139 827.316 0.0 29750.82312
434.52 29382.506 155.069 0.0 29227.43637
435.7 29484.631 376.383 0.0 29108.24829
436.88 29466.582 840.104 0.0 28626.47809
438.06 29142.221 552.531 0.0 28589.69
439.23 28252.16 399.115 0.0 27853.04562
440.41 28791.422 594.126 0.0 28197.29596
441.59 28993.492 828.456 0.0 28165.03638
442.77 28553.311 276.679 0.0 28276.63174
443.94 28725.471 760.657 0.0 27964.81384
445.12 28658.768 769.833 0.0 27888.93439
446.3 28997.186 1093.118 0.0 27904.0675
447.47 28819.938 666.72 0.0 28153.21716
448.65 29014.393 720.646 0.0 28293.74628
449.82 28508.393 500.146 0.0 28008.24631
451.0 29004.887 609.213 0.0 28395.67346
452.18 29356.191 476.823 0.0 28879.3688
453.35 29594.998 530.16 0.0 29064.83765
454.53 29698.002 558.865 0.0 29139.13702
455.7 29630.568 334.238 0.0 29296.33038
456.88 30266.521 945.935 0.0 29320.586
458.05 30193.25 591.763 0.0 29601.48737
459.23 30011.904 315.784 0.0 29696.12048
460.4 30326.998 580.16 0.0 29746.83765
461.58 30950.994 719.432 0.0 30231.56219
462.75 30412.268 315.333 0.0 30096.93439
463.93 31003.256 628.696 0.0 30374.56018
465.1 31249.797 525.065 0.0 30724.73169
466.28 30855.24 218.101 0.0 30637.13901
467.45 30648.498 146.66 0.0 30501.83766
468.63 31547.646 523.249 0.0 31024.39795
469.8 31380.432 870.287 0.0 30510.14429
470.97 31033.225 405.259 0.0 30627.96548
472.15 31005.785 595.675 0.0 30410.10986
473.32 31242.24 704.601 0.0 30537.63904
474.49 31451.488 859.499 0.0 30591.98932
475.67 31098.033 507.573 0.0 30590.46021
476.84 30414.084 327.08 0.0 30087.00391
478.01 31033.873 636.347 0.0 30397.52576
479.19 30606.674 548.728 0.0 30057.94562
480.36 30760.643 309.02 0.0 30451.62247
481.53 30615.734 596.897 0.0 30018.83771
482.7 30333.947 497.129 0.0 29836.81784
483.88 29619.512 275.774 0.0 29343.73767
485.05 29558.021 361.935 0.0 29196.08603
486.22 29255.971 478.405 0.0 28777.56619
487.39 29216.371 333.595 0.0 28882.77612
488.56 29148.58 485.876 0.0 28662.70456
489.74 29048.967 897.2 0.0 28151.76685
490.91 27999.104 242.651 0.0 27756.45291
492.08 28049.58 375.876 0.0 27673.70456
493.25 27530.57 278.714 0.0 27251.85623
494.42 27226.037 476.778 0.0 26749.25955
495.59 26820.908 417.26 0.0 26403.64828
496.76 26372.697 465.756 0.0 25906.94165
497.93 26172.332 610.478 0.0 25561.85425
499.1 25883.855 572.753 0.0 25311.1026
500.27 25850.141 1040.792 0.0 24809.349
501.44 25450.746 1228.534 0.0 24222.21191
502.61 24624.5 423.137 0.0 24201.36349
503.78 24607.152 629.929 0.0 23977.22314
504.95 24809.807 1123.474 0.0 23686.3324
506.12 23805.756 696.943 0.0 23108.81256
507.29 22650.363 335.186 0.0 22315.17743
508.46 22821.707 32.165 0.0 22789.54233
509.63 23837.707 1258.165 0.0 22579.54236
510.8 23256.318 1179.612 0.0 22076.70654
511.97 22217.877 558.552 0.0 21659.32513
513.14 21639.879 258.528 0.0 21381.35095
514.31 22064.303 785.746 0.0 21278.55695
515.48 21534.75 495.01 0.0 21039.73969
516.65 21286.137 525.087 0.0 20761.04962
517.81 20912.744 355.806 0.0 20556.93835
518.98 20931.066 695.01 0.0 20236.05688
520.15 19998.131 161.13 0.0 19837.00063
521.32 20453.766 703.605 0.0 19750.16089
522.49 21162.697 1502.503 0.0 19660.19397
523.65 20683.633 1158.859 0.0 19524.77417
524.82 20003.033 638.073 0.0 19364.96021
525.99 19155.801 78.517 0.0 19077.2834
527.16 20053.014 631.25 0.0 19421.76355
528.32 19672.336 730.182 0.0 18942.15363
529.49 18836.369 411.619 0.0 18424.75027
530.66 18767.369 114.367 0.0 18653.00262
531.82 18692.176 180.957 0.0 18511.21915
532.99 18882.512 320.274 0.0 18562.23767
534.16 18935.881 444.256 0.0 18491.62445
535.32 18912.445 794.401 0.0 18118.04431
536.49 18605.996 294.408 0.0 18311.58804
537.65 19386.928 1011.059 0.0 18375.86884
538.82 18688.322 321.816 0.0 18366.50592
539.99 18818.121 642.721 0.0 18175.39996
541.15 18976.184 818.39 0.0 18157.79395
542.32 18569.516 147.979 0.0 18421.53705
543.48 19392.313 811.155 0.0 18581.15759
544.65 19429.273 992.785 0.0 18436.48804
545.81 20657.641 1483.292 0.0 19174.349
546.98 19760.449 503.106 0.0 19257.34369
548.14 20210.641 783.792 0.0 19426.84894
549.31 19757.738 402.873 0.0 19354.86551
550.47 20131.256 469.443 0.0 19661.81253
551.63 20498.744 914.806 0.0 19583.93835
552.8 19975.609 454.584 0.0 19521.02579
553.96 19796.582 459.852 0.0 19336.73041
555.13 20189.309 391.45 0.0 19797.85822
556.29 20577.293 934.084 0.0 19643.20856
557.45 19728.703 274.46 0.0 19454.24298
558.62 19917.938 523.468 0.0 19394.46948
559.78 20411.949 771.606 0.0 19640.34369
560.94 19966.041 371.982 0.0 19594.0589
562.11 19606.32 391.088 0.0 19215.23239
563.27 19539.49 157.975 0.0 19381.51518
564.43 19199.92 32.397 0.0 19167.52245
565.59 19348.162 205.838 0.0 19142.32381
566.76 19359.533 351.073 0.0 19008.46021
567.92 19498.74 571.349 0.0 18927.39136
569.08 19844.482 715.042 0.0 19129.44037
570.24 19163.17 352.024 0.0 18811.1463
571.4 18890.686 226.366 0.0 18664.31982
572.57 18756.188 367.342 0.0 18388.84567
573.73 18454.354 55.524 0.0 18398.82909
574.89 18870.123 452.697 0.0 18417.42581
576.05 18732.654 476.158 0.0 18256.49664
577.21 18473.07 157.714 0.0 18315.35623
578.37 18090.834 18.954 0.0 18071.88009
579.53 18316.234 193.644 0.0 18122.59004
580.69 18346.932 597.535 0.0 17749.39661
581.85 17825.574 351.919 0.0 17473.65558
583.01 17882.289 401.88 0.0 17480.40924
584.17 18071.426 484.83 0.0 17586.59531
585.33 17897.801 572.517 0.0 17325.28339
586.49 17215.934 377.763 0.0 16838.17014
587.65 17459.037 573.278 0.0 16885.75952
588.81 17410.826 566.521 0.0 16844.3053
589.97 17639.178 929.433 0.0 16709.745
591.13 16669.643 421.02 0.0 16248.62247
592.29 16375.716 336.574 0.0 16039.14203
593.45 15965.372 213.595 0.0 15751.7771
594.61 15987.377 134.052 0.0 15853.3251
595.77 15619.886 196.961 0.0 15422.92479
596.93 15244.662 91.091 0.0 15153.57146
598.09 15496.855 382.753 0.0 15114.1026
599.24 14889.164 138.067 0.0 14751.09731
600.4 15098.434 291.763 0.0 14806.67014
601.56 14800.867 233.39 0.0 14567.47678
602.72 14733.027 368.616 0.0 14364.41122
603.87 14570.822 473.064 0.0 14097.75824
605.03 14170.027 232.116 0.0 13937.91122
606.19 13843.775 148.514 0.0 13695.26154
607.35 13668.716 -3.926 0.0 13672.64202
608.5 13904.86 594.457 0.0 13310.40295
609.66 14318.287 989.651 0.0 13328.63574
610.82 13070.192 146.299 0.0 12923.89366
611.97 12851.294 125.084 0.0 12726.20956
613.13 13056.039 573.754 0.0 12482.2854
614.29 12888.119 496.993 0.0 12391.12646
615.44 12875.457 717.539 0.0 12157.91852
616.6 12133.709 180.141 0.0 11953.56818
617.76 12437.671 663.0 0.0 11774.67114
618.91 12345.48 726.314 0.0 11619.16687
620.07 12297.034 641.049 0.0 11655.98505
621.22 11244.664 17.567 0.0 11227.09731
622.38 12384.794 1061.084 0.0 11323.70959
623.53 10934.186 78.366 0.0 10855.81982
624.69 11023.683 112.137 0.0 10911.54533
625.84 10822.982 217.542 0.0 10605.44035
627.0 11130.229 488.964 0.0 10641.26483
628.15 10514.424 -0.398 0.0 10514.82181
629.31 10579.285 318.175 0.0 10261.10986
630.46 10051.438 -23.532 0.0 10074.9695
631.61 10407.657 374.134 0.0 10033.52347
632.77 10148.389 228.189 0.0 9920.19928
633.92 10352.289 495.38 0.0 9856.90924
635.08 10768.559 949.577 0.0 9818.98206
636.23 9975.542 308.482 0.0 9667.05988
637.38 9371.594 -74.511 0.0 9446.10458
638.54 10104.407 654.76 0.0 9449.64728
639.69 10283.109 936.831 0.0 9346.27814
640.84 9677.954 490.402 0.0 9187.55188
641.99 9322.003 97.409 0.0 9224.59406
643.15 9950.052 816.916 0.0 9133.13623
644.3 9082.601 95.422 0.0 8987.17839
645.45 8728.649 -58.071 0.0 8786.72056
646.6 9598.199 811.436 0.0 8786.76367
647.75 8891.748 161.942 0.0 8729.80586
648.91 8370.297 -136.551 0.0 8506.84804
650.06 8735.346 225.455 0.0 8509.89021
651.21 8973.395 417.462 0.0 8555.93237
652.36 8909.943 450.969 0.0 8458.97455
653.51 8420.993 101.475 0.0 8319.51768
654.66 8563.042 273.982 0.0 8289.05984
655.81 8920.591 651.989 0.0 8268.60205
656.96 8205.14 69.495 0.0 8135.64419
658.11 8483.188 365.002 0.0 8118.18637
659.27 8676.737 531.009 0.0 8145.72852
660.42 8112.287 29.015 0.0 8083.27118
661.57 8417.336 421.022 0.0 7996.31384
662.72 7772.885 -139.971 0.0 7912.856
663.87 7745.934 -99.965 0.0 7845.89818
665.01 8115.482 316.042 0.0 7799.44034
666.16 7855.532 41.049 0.0 7814.483
667.31 7999.081 95.555 0.0 7903.52517
668.46 8689.63 760.562 0.0 7929.06781
669.61 8044.179 206.069 0.0 7838.11
670.76 7957.228 4.575 0.0 7952.65216
671.91 8771.776 769.582 0.0 8002.19434
673.06 8508.825 519.589 0.0 7989.23651
674.21 7741.375 -161.405 0.0 7902.77916
675.35 8112.923 284.102 0.0 7828.82132
676.5 8020.473 167.609 0.0 7852.86398
677.65 7682.521 72.615 0.0 7609.90615
678.8 7601.57 -110.878 0.0 7712.44832
679.94 7873.62 40.629 0.0 7832.99097
681.09 8350.669 370.135 0.0 7980.53363
682.24 8462.218 363.142 0.0 8099.07581
683.39 7888.267 -1.851 0.0 7890.11797
684.53 8629.315 558.155 0.0 8071.16016
685.68 8159.364 214.662 0.0 7944.7023
686.83 8228.413 301.169 0.0 7927.24448
687.97 8093.462 298.175 0.0 7795.28714
689.12 8088.011 178.182 0.0 7909.8293
690.27 7950.561 68.189 0.0 7882.37196
691.41 8381.109 468.195 0.0 7912.91412
692.56 8052.658 358.702 0.0 7693.9563
693.7 8216.707 378.709 0.0 7837.99844
694.85 7766.256 48.215 0.0 7718.04111
695.99 8025.805 398.222 0.0 7627.58328
697.14 7876.854 184.229 0.0 7692.62593
698.28 8152.403 342.735 0.0 7809.66809
699.43 8111.952 391.242 0.0 7720.71027
700.57 7556.001 -74.251 0.0 7630.25293
701.72 7464.55 -50.745 0.0 7515.2951
702.86 7394.099 -107.738 0.0 7501.83727
704.01 7439.648 50.269 0.0 7389.37992
705.15 8000.197 433.275 0.0 7566.92209
706.29 7601.246 126.782 0.0 7474.46426
707.44 7726.795 171.288 0.0 7555.50691
708.58 7364.844 -124.205 0.0 7489.04909
709.72 8031.893 629.302 0.0 7402.59125
710.87 7154.442 -137.192 0.0 7291.63391
712.01 7271.491 0.315 0.0 7271.17608
713.15 7603.54 217.322 0.0 7386.21825
714.3 7687.089 348.828 0.0 7338.26041
715.44 7431.638 92.335 0.0 7339.30307
716.58 7566.187 277.342 0.0 7288.84525
717.72 7132.236 52.848 0.0 7079.38741
718.87 7379.785 240.855 0.0 7138.93007
720.01 7219.834 117.362 0.0 7102.47223
721.15 6962.883 -54.132 0.0 7017.0144
722.29 7439.932 345.875 0.0 7094.05707
723.43 7396.981 498.882 0.0 6898.09921
724.57 7170.03 450.388 0.0 6719.64139
725.72 7225.079 244.895 0.0 6980.18405
726.86 7586.128 678.902 0.0 6907.2262
728.0 7038.177 164.408 0.0 6873.76839
729.14 6849.726 -2.085 0.0 6851.81104
730.28 7354.775 481.422 0.0 6873.35321
731.42 6809.324 10.928 0.0 6798.39538
732.56 7465.373 722.435 0.0 6742.93805
733.7 7290.922 386.942 0.0 6903.98019
734.84 6394.971 -127.052 0.0 6522.02237
735.98 6730.02 148.955 0.0 6581.06503
737.12 6620.069 -3.038 0.0 6623.1072
738.26 6555.118 17.468 0.0 6537.64936
739.4 6808.167 228.475 0.0 6579.69202
740.53 6946.716 407.482 0.0 6539.23419
741.67 6761.265 273.488 0.0 6487.77637
742.81 6249.814 -222.505 0.0 6472.31902
743.95 6442.863 241.002 0.0 6201.86118
745.09 6338.412 19.508 0.0 6318.90335
746.23 6714.461 399.515 0.0 6314.94601
747.36 6825.01 453.522 0.0 6371.48816
748.5 6260.059 60.028 0.0 6200.03034
749.64 6184.108 25.035 0.0 6159.073
750.78 6154.157 -5.458 0.0 6159.61517
751.92 6152.206 74.548 0.0 6077.65733
753.05 6019.255 155.555 0.0 5863.7
754.19 6397.804 635.562 0.0 5762.24219
755.33 5661.853 -151.932 0.0 5813.78433
756.46 5880.402 245.075 0.0 5635.32698
757.6 5621.951 82.082 0.0 5539.86916
758.74 6277.5 562.088 0.0 5715.41132
759.87 5843.049 244.595 0.0 5598.45398
761.01 5624.098 271.102 0.0 5352.99615
762.14 5550.646 234.608 0.0 5316.03831
763.28 5861.696 408.115 0.0 5453.58096
764.41 5528.745 249.121 0.0 5279.62314
765.55 5131.293 -123.872 0.0 5255.16531
766.69 5416.842 289.635 0.0 5127.20749
767.82 5486.392 266.641 0.0 5219.75012
768.95 5049.94 26.148 0.0 5023.7923
770.09 5601.989 737.655 0.0 4864.33447
771.22 5714.539 661.661 0.0 5052.87714
772.36 5506.087 504.168 0.0 5001.91928
773.49 5398.636 489.175 0.0 4909.46146
774.63 4988.686 196.181 0.0 4792.50412
775.76 4929.234 154.688 0.0 4774.54628
776.89 5056.283 428.195 0.0 4628.08844
778.03 4999.333 360.201 0.0 4639.1311
779.16 4584.881 8.708 0.0 4576.17328
780.29 4776.93 308.215 0.0 4468.71545
781.43 5005.479 606.221 0.0 4399.25812
782.56 4758.528 315.228 0.0 4443.30026
783.69 4357.077 11.735 0.0 4345.34244
784.82 4528.126 233.241 0.0 4294.8851
785.96 4357.675 116.748 0.0 4240.92726
787.09 4331.724 204.255 0.0 4127.46944
788.22 4366.273 394.261 0.0 3972.01208
789.35 4131.322 157.768 0.0 3973.55426
790.48 4141.371 142.275 0.0 3999.09642
791.62 4529.92 580.281 0.0 3949.6391
792.75 3767.469 5.288 0.0 3762.18125
793.88 4473.518 737.795 0.0 3735.72339
795.01 4130.067 353.801 0.0 3776.26608
796.14 4124.116 404.808 0.0 3719.30823
797.27 4145.165 493.815 0.0 3651.3504
798.4 3878.714 283.321 0.0 3595.39282
799.53 3567.263 -4.672 0.0 3571.93524
800.66 3868.312 316.335 0.0 3551.97766
801.79 4888.861 1276.841 0.0 3612.02002
802.92 3595.91 199.848 0.0 3396.06223
804.05 3711.959 381.855 0.0 3330.10464
805.18 3497.008 290.861 0.0 3206.14682
806.31 3463.557 215.868 0.0 3247.68922
807.44 3218.106 -64.625 0.0 3282.73139
808.57 3580.655 400.381 0.0 3180.2738
809.69 3452.204 400.888 0.0 3051.31622
810.82 3078.753 -163.605 0.0 3242.35838
811.95 4125.302 988.401 0.0 3136.90106
813.08 3190.851 103.908 0.0 3086.94321
814.21 4108.4 1064.915 0.0 3043.48535
815.33 3261.449 282.921 0.0 2978.5278
816.46 3207.498 308.928 0.0 2898.57019
817.59 3705.047 847.435 0.0 2857.61237
818.72 3357.096 504.441 0.0 2852.65479
819.84 3800.145 896.448 0.0 2903.6972
820.97 3186.694 446.454 0.0 2740.23935
822.1 3334.743 593.961 0.0 2740.7818
823.22 2624.792 -30.532 0.0 2655.32419
824.35 2747.341 92.474 0.0 2654.86636
825.48 3105.39 574.481 0.0 2530.90875
826.6 2810.439 310.488 0.0 2499.95117
827.73 2338.988 -144.506 0.0 2483.49335
828.85 2792.037 268.501 0.0 2523.53577
829.98 3115.586 610.008 0.0 2505.57819
831.11 2524.135 70.014 0.0 2454.12034
832.23 2399.684 81.521 0.0 2318.16275
833.36 2912.233 524.528 0.0 2387.70514
834.48 2650.282 259.034 0.0 2391.24734
835.6 2687.331 482.041 0.0 2205.28973
836.73 2282.38 -7.952 0.0 2290.33191
837.85 2847.429 535.054 0.0 2312.37433
838.98 2103.478 -104.439 0.0 2207.91674
840.1 2681.027 458.568 0.0 2222.45889
841.23 2584.576 371.074 0.0 2213.50131
842.35 2985.625 720.581 0.0 2265.0437
843.47 2250.674 248.588 0.0 2002.08589
844.6 2059.723 26.594 0.0 2033.12831
845.72 2223.772 155.101 0.0 2068.67073
846.84 2229.821 134.608 0.0 2095.21289
847.96 2118.87 139.114 0.0 1979.75531
849.09 2119.919 58.121 0.0 2061.79772
850.21 2246.968 232.628 0.0 2014.33989
851.33 2408.017 385.134 0.0 2022.88229
852.45 1950.066 25.141 0.0 1924.92459
853.57 2196.115 232.148 0.0 1963.96687
854.7 1994.664 67.654 0.0 1927.00929
855.82 1919.713 -0.339 0.0 1920.05158
856.94 2425.261 485.168 0.0 1940.09387
858.06 1763.311 -64.326 0.0 1827.63628
859.18 2296.86 425.181 0.0 1871.67868
860.3 2092.408 244.688 0.0 1847.72086
861.42 1609.958 -89.306 0.0 1699.26328
862.54 1769.006 -65.799 0.0 1834.80556
863.66 1774.055 50.708 0.0 1723.34785
864.78 1951.604 186.714 0.0 1764.89027
865.9 2035.153 244.221 0.0 1790.93256
867.02 3038.202 1277.228 0.0 1760.97485
868.14 2763.751 879.234 0.0 1884.51727
869.26 2263.3 575.741 0.0 1687.55945
870.38 1543.349 -90.252 0.0 1633.60184
871.5 1524.398 -94.746 0.0 1619.14413
872.62 1591.447 69.761 0.0 1521.68655
873.74 2278.496 699.268 0.0 1579.22882
874.85 1690.521 40.271 0.0 1650.25004
875.97 1950.521 286.271 0.0 1664.25003
877.09 2008.521 373.271 0.0 1635.25003
878.21 1776.521 220.771 0.0 1555.75005
879.33 1891.021 334.771 0.0 1556.25003
880.44 1780.021 254.771 0.0 1525.25005
881.56 1564.521 111.271 0.0 1453.25004
882.68 1806.021 256.271 0.0 1549.75003
883.79 2449.521 826.771 0.0 1622.74994
884.91 1373.521 -58.229 0.0 1431.75004
886.03 1914.021 456.271 0.0 1457.75003
887.14 2076.521 659.271 0.0 1417.24994
888.26 2209.021 777.271 0.0 1431.74994
889.38 2054.021 636.271 0.0 1417.74994
890.49 1354.521 -89.729 0.0 1444.25004
891.61 1828.521 307.771 0.0 1520.75003
892.72 1432.521 -13.229 0.0 1445.75004
893.84 1428.521 -99.229 0.0 1527.75004
894.95 1467.521 -87.229 0.0 1554.75004
896.07 1673.021 152.271 0.0 1520.75005
897.18 1896.521 384.271 0.0 1512.25003
898.3 1453.521 -41.229 0.0 1494.75004
899.41 1998.521 577.271 0.0 1421.25006
900.53 1751.521 335.771 0.0 1415.75003
901.64 1826.521 462.271 0.0 1364.25003
902.75 1652.521 262.771 0.0 1389.75003
903.87 1484.021 116.771 0.0 1367.25004
904.98 1766.021 403.771 0.0 1362.25003
906.09 1624.521 235.771 0.0 1388.75005
907.21 1818.521 438.771 0.0 1379.75003
908.32 1511.021 198.271 0.0 1312.75005
909.43 1933.521 650.771 0.0 1282.75006
910.54 1591.521 280.271 0.0 1311.25003
911.66 2471.521 1160.771 0.0 1310.74988
912.77 1340.021 85.771 0.0 1254.25004
913.88 1543.521 300.271 0.0 1243.25003
914.99 1328.521 69.271 0.0 1259.25004
916.1 1483.021 349.771 0.0 1133.25003
917.22 1210.021 58.771 0.0 1151.25004
918.33 1878.521 688.771 0.0 1189.75006
919.44 1393.521 270.271 0.0 1123.25003
920.55 1905.021 660.771 0.0 1244.25006
921.66 1548.521 428.771 0.0 1119.75003
922.77 1662.521 488.271 0.0 1174.25003
923.88 1757.021 623.271 0.0 1133.75006
924.99 1521.521 373.771 0.0 1147.75003
926.1 1009.521 -11.229 0.0 1020.74998
927.21 1812.521 652.771 0.0 1159.75006
928.32 876.021 -84.729 0.0 960.74998
929.43 1270.021 251.771 0.0 1018.25005
930.54 1074.521 111.271 0.0 963.25004
931.65 1259.021 266.271 0.0 992.75003
932.76 1387.521 381.771 0.0 1005.75003
933.86 1199.521 302.271 0.0 897.25003
934.97 1017.521 113.771 0.0 903.74998
936.08 949.021 164.771 0.0 784.24998
937.19 1506.021 708.271 0.0 797.75006
938.3 1202.521 472.271 0.0 730.25003
939.4 1487.521 674.771 0.0 812.75006
940.51 951.521 305.271 0.0 646.24997
941.62 1074.021 503.771 0.0 570.25003
942.73 1770.521 1102.771 0.0 667.75
943.83 883.021 302.771 0.0 580.24997
944.94 998.521 338.271 0.0 660.24997
946.05 498.521 -35.729 0.0 534.25001
947.15 605.521 -25.729 0.0 631.24998
948.26 820.521 228.771 0.0 591.74998
949.36 655.521 98.271 0.0 557.24998
950.47 967.521 326.771 0.0 640.74997
951.57 1513.021 844.771 0.0 668.25006
952.68 1182.021 568.771 0.0 613.25006
953.79 1094.021 439.271 0.0 654.75003
954.89 738.521 121.771 0.0 616.74998
955.99 1137.521 391.271 0.0 746.25003
957.1 803.021 230.271 0.0 572.74998
958.2 967.521 271.271 0.0 696.24997
959.31 1190.021 455.771 0.0 734.25003
960.41 778.021 130.271 0.0 647.74998
961.52 762.021 10.271 0.0 751.74998
962.62 1285.521 493.771 0.0 791.75003
963.72 596.021 -50.729 0.0 646.74998
964.83 585.021 -70.729 0.0 655.74998
965.93 984.021 341.771 0.0 642.24997
967.03 1335.521 714.271 0.0 621.25006
968.13 1176.021 466.771 0.0 709.25003
969.24 793.021 175.771 0.0 617.24998
970.34 872.521 206.771 0.0 665.74998
971.44 805.021 265.771 0.0 539.24997
972.54 1004.521 346.771 0.0 657.74997
973.64 749.521 142.271 0.0 607.24998
974.75 1690.521 1069.771 0.0 620.75
975.85 4041.021 3162.271 0.0 878.75
976.95 762.021 189.771 0.0 572.24998
978.05 1158.021 525.771 0.0 632.25006
979.15 1567.021 896.271 0.0 670.75006
980.25 603.021 99.771 0.0 503.24998
981.35 780.521 179.271 0.0 601.24998
982.45 1459.521 891.771 0.0 567.75006
983.55 1037.021 462.771 0.0 574.25003
984.65 960.521 418.271 0.0 542.24997
985.75 1204.021 675.271 0.0 528.75006
986.85 1007.021 372.271 0.0 634.74997
987.95 692.521 185.271 0.0 507.24998
989.05 1362.521 783.271 0.0 579.25006
990.15 1131.021 628.271 0.0 502.75006
991.25 878.021 443.271 0.0 434.74997
992.34 1299.521 835.771 0.0 463.75006
993.44 896.521 478.271 0.0 418.24997
994.54 831.521 386.771 0.0 444.74997
995.64 1268.521 731.271 0.0 537.25006
996.74 1322.021 789.271 0.0 532.75006
997.83 507.521 73.771 0.0 433.75001
998.93 853.021 315.271 0.0 537.74997
1000.03 1742.021 1230.771 0.0 511.25
1001.12 1286.021 704.771 0.0 581.25006
1002.22 1264.021 729.271 0.0 534.75006
1003.32 696.521 272.271 0.0 424.24997
1004.41 984.521 467.271 0.0 517.24997
1005.51 853.021 402.771 0.0 450.24997
1006.6 569.021 188.771 0.0 380.24998
1007.7 991.521 624.271 0.0 367.25
1008.8 382.521 103.271 0.0 279.25001
1009.89 972.021 577.771 0.0 394.25
1010.99 834.521 384.771 0.0 449.74997
1012.08 442.521 47.271 0.0 395.25001
1013.18 807.021 394.271 0.0 412.74997
1014.27 690.521 202.271 0.0 488.24998
1015.36 760.021 334.271 0.0 425.74997
1016.46 793.521 402.771 0.0 390.74997
1017.55 558.021 148.271 0.0 409.74998
1018.65 885.021 496.771 0.0 388.24997
1019.74 985.521 586.771 0.0 398.75
1020.83 843.021 505.271 0.0 337.74997
1021.93 752.521 280.271 0.0 472.24997
1023.02 460.021 38.271 0.0 421.75001
1024.11 437.521 63.771 0.0 373.75001
1025.2 355.021 88.271 0.0 266.75001
1026.3 870.521 454.271 0.0 416.24997
1027.39 922.021 597.771 0.0 324.25
1028.48 791.021 486.771 0.0 304.24997
1029.57 568.521 312.771 0.0 255.74997
1030.66 731.021 451.771 0.0 279.24997
1031.75 1913.521 1483.271 0.0 430.25
1032.84 1019.021 652.771 0.0 366.25
1033.94 481.521 161.271 0.0 320.25002
1035.03 977.521 773.771 0.0 203.75
1036.12 308.521 90.271 0.0 218.25001
1037.21 369.521 66.771 0.0 302.75001
1038.3 820.521 522.771 0.0 297.75
1039.39 311.021 153.271 0.0 157.75002
1040.48 721.021 455.771 0.0 265.24997
1041.57 866.021 616.271 0.0 249.75
1042.66 659.521 441.771 0.0 217.74997
1043.74 782.521 508.271 0.0 274.24997
1044.83 797.521 543.271 0.0 254.25
1045.92 331.021 45.771 0.0 285.25001
1047.01 906.021 617.771 0.0 288.25
1048.1 329.021 96.771 0.0 232.25001
1049.19 649.021 502.271 0.0 146.74997
1050.27 589.021 342.271 0.0 246.74997
1051.36 588.021 305.271 0.0 282.74997
1052.45 799.521 469.771 0.0 329.74997
1053.54 644.521 466.771 0.0 177.74997
1054.62 727.521 525.271 0.0 202.25
1055.71 742.021 467.771 0.0 274.24997
1056.8 914.021 688.271 0.0 225.75
1057.88 532.021 328.771 0.0 203.24997
1058.97 690.521 458.771 0.0 231.74997
1060.06 1112.021 834.771 0.0 277.25006
1061.14 596.521 367.771 0.0 228.74997
1062.23 1939.521 1608.271 0.0 331.25
1063.31 784.021 547.271 0.0 236.75
1064.4 526.021 279.271 0.0 246.74997
1065.48 676.021 526.771 0.0 149.25
1066.57 562.021 362.771 0.0 199.24997
1067.65 775.021 543.771 0.0 231.25
1068.74 533.021 357.271 0.0 175.74997
1069.82 686.021 544.271 0.0 141.75
1070.9 2616.021 2151.771 0.0 464.25
1071.99 766.021 561.771 0.0 204.25
1073.07 703.521 491.771 0.0 211.74997
1074.15 803.521 576.771 0.0 226.75
1075.24 657.521 526.771 0.0 130.75
1076.32 771.021 625.771 0.0 145.25
1077.4 1191.021 963.771 0.0 227.25006
1078.49 473.021 218.271 0.0 254.75002
1079.57 822.021 655.271 0.0 166.75
1080.65 1088.021 866.771 0.0 221.25006
1081.73 571.021 382.771 0.0 188.24997
1082.81 391.021 238.271 0.0 152.75002
1083.89 662.521 548.771 0.0 113.75
1084.98 774.021 533.271 0.0 240.75
1086.06 361.521 267.771 0.0 93.75
1087.14 454.521 283.771 0.0 170.75
1088.22 680.021 524.771 0.0 155.25
1089.3 416.021 261.771 0.0 154.25
1090.38 1311.521 1101.771 0.0 209.75
1091.46 817.521 598.771 0.0 218.75
1092.54 539.521 405.771 0.0 133.74997
1093.62 601.521 412.771 0.0 188.74997
1094.7 296.521 186.271 0.0 110.25002
1095.78 622.521 490.771 0.0 131.74997
1096.86 726.021 545.771 0.0 180.25
1097.93 1481.021 1146.271 0.0 334.75
1099.01 991.021 802.271 0.0 188.75
1100.09 435.021 334.271 0.0 100.75
