196.55 771.543 637.312 809.19 78.09646
197.76 1070.398 939.8 1092.907 85.2985
198.96 1000.813 856.3 965.027 132.91346
200.16 682.319 561.303 735.803 69.35002
201.36 1148.539 1037.285 1194.787 70.63655
202.56 886.063 695.791 952.606 74.08925
203.76 771.021 612.799 782.088 93.46298
204.96 851.979 695.308 792.07 161.9144
206.16 567.303 490.81 587.32 79.25964
207.36 908.948 819.305 904.76 104.90107
208.56 803.371 680.301 752.872 169.58609
209.76 543.824 497.306 560.579 73.52018
210.96 705.748 620.302 695.691 113.33984
212.16 1414.406 1311.814 1432.742 84.83751
213.36 829.669 733.805 871.587 69.57641
214.56 696.919 636.813 706.009 86.86358
215.76 1253.021 1209.3 1195.088 0.0
216.96 1082.379 972.798 1085.364 97.34857
218.16 780.432 694.796 728.933 250.85866
219.35 617.024 483.31 604.647 110.20053
220.55 731.109 634.81 720.026 113.00459
221.75 668.132 581.816 654.845 118.19486
222.95 1000.843 923.809 1059.121 56.93019
224.15 829.282 746.315 819.061 114.05117
225.35 634.224 541.313 705.716 56.51443
226.55 657.83 558.809 606.854 206.1
227.75 1004.843 842.309 985.621 113.41214
228.94 841.824 687.306 826.079 111.34636
230.14 780.293 694.304 765.768 120.32352
231.34 645.456 537.802 619.751 131.36597
232.54 612.54 577.802 576.631 0.0
233.74 603.574 576.298 625.657 55.2606
234.93 671.64 566.813 639.337 144.54178
236.13 749.721 621.303 775.156 83.46804
237.33 746.606 649.817 785.81 71.1719
238.53 677.693 583.311 672.406 105.9341
239.72 1002.982 873.301 998.286 103.75719
240.92 547.545 429.306 569.406 84.39624
242.12 842.148 720.309 914.328 62.79736
243.31 592.779 461.804 654.001 68.1463
244.51 541.177 478.801 563.579 73.57521
245.71 939.051 823.809 962.682 82.98357
246.9 1136.677 1016.801 1154.079 87.32328
248.1 725.911 627.8 740.674 86.92072
249.3 720.503 643.297 746.545 74.77717
250.49 697.016 612.296 654.312 201.6373
251.69 799.098 666.304 790.475 106.94397
252.89 695.634 627.792 684.718 119.17696
254.08 514.824 415.806 457.079 239.91368
255.28 763.437 603.799 697.208 170.90141
256.47 522.753 424.305 460.967 268.53331
257.67 795.73 714.316 859.991 55.88698
258.86 896.68 748.311 843.638 155.6411
260.06 689.419 557.796 706.166 88.71259
261.26 1013.442 951.802 1008.984 107.79684
262.45 677.929 598.303 754.217 51.07084
263.65 496.232 357.292 482.364 111.08752
264.84 804.553 692.302 818.398 89.02034
266.04 596.634 487.792 555.218 161.42572
267.23 449.829 360.292 447.511 102.65793
268.42 575.514 436.803 538.596 136.26725
269.62 729.571 609.305 684.941 159.00706
270.81 705.701 585.307 675.397 133.63626
272.01 696.235 634.302 694.924 102.16237
273.2 847.324 731.789 843.235 103.66854
274.4 481.587 429.797 489.924 86.13416
275.59 812.963 677.298 795.743 114.53868
276.78 675.214 552.307 669.165 105.17627
277.98 622.666 548.295 612.028 116.69155
279.17 624.227 539.306 678.932 60.82015
280.37 649.46 532.288 594.184 189.30656
281.56 396.84 412.299 463.062 -30.45358
282.75 503.698 398.314 508.181 95.91943
283.95 593.011 536.293 631.537 59.55001
285.14 655.205 530.293 648.83 105.37861
286.33 577.75 436.295 524.407 160.54004
287.52 703.213 583.29 671.321 136.2275
288.72 739.987 681.787 795.718 51.0832
289.91 899.171 885.298 1018.303 10.4307
291.1 756.858 571.302 725.105 120.6455
292.29 672.085 610.304 688.208 79.30345
293.49 721.971 601.794 740.235 86.8076
294.68 538.892 465.297 469.631 1698.10795
295.87 593.0 525.304 591.829 101.76118
297.06 694.366 643.798 687.097 116.78919
298.26 355.316 299.293 328.244 193.51207
299.45 625.779 543.304 556.001 649.57409
300.64 619.109 483.31 601.526 114.87276
301.83 609.956 587.802 627.251 56.15742
303.02 508.29 450.311 539.552 64.96898
304.21 824.185 658.314 817.414 104.25574
305.4 622.011 540.81 611.88 114.25523
306.59 656.753 567.805 697.467 68.60016
307.79 593.637 526.802 586.277 112.37507
308.98 477.793 417.804 482.268 93.05681
310.17 800.707 614.752 795.359 102.96087
311.36 620.25 525.778 613.564 107.61611
312.55 1065.905 886.78 998.055 160.97472
313.74 455.782 364.797 502.717 65.96902
314.93 723.371 618.301 749.372 80.16285
316.12 644.027 490.803 583.363 165.53906
317.31 372.308 306.797 340.752 192.93477
318.5 429.282 348.297 402.717 148.81412
319.69 539.626 462.296 638.226 43.95526
320.88 572.908 493.807 571.458 101.86805
322.07 489.848 425.795 524.054 65.18757
323.26 518.622 402.81 509.294 108.75989
324.45 418.34 303.799 387.062 137.565
325.64 611.763 482.795 606.674 104.10796
326.83 739.858 558.302 697.605 130.332
328.01 591.924 486.299 512.941 396.46185
329.2 764.637 615.802 713.277 152.69059
330.39 548.866 433.798 539.097 109.27788
331.58 481.145 341.799 399.269 242.46716
332.77 839.416 762.303 855.45 82.78697
333.96 320.211 246.296 348.105 72.60103
335.15 432.203 361.8 466.114 67.49158
336.33 440.645 355.799 459.769 81.60635
337.52 541.34 455.799 537.562 104.62039
338.71 534.813 413.8 513.527 121.34415
339.9 500.0 422.787 459.985 207.56892
341.08 487.4 430.293 477.623 120.65796
342.27 651.995 568.8 623.553 151.94589
343.46 816.506 666.807 760.104 160.45326
344.65 691.006 581.807 629.104 230.87666
345.83 782.785 631.308 689.777 259.07201
347.02 385.479 301.808 385.07 100.49206
348.21 689.014 643.303 766.596 37.0746
349.4 400.385 298.301 403.139 97.37229
350.58 537.116 454.789 550.675 85.85907
351.77 482.574 387.798 441.157 177.61933
352.96 316.111 236.303 325.243 89.73268
354.14 496.632 412.299 515.002 82.11361
355.33 422.779 369.804 409.501 133.44921
356.51 314.576 265.291 296.873 156.05473
357.7 498.547 427.282 567.779 50.7237
358.89 417.984 339.294 441.502 76.99034
360.07 687.771 589.291 686.166 101.65675
361.26 714.778 618.77 693.315 128.7934
362.44 525.807 448.263 473.565 306.46784
363.63 417.686 364.256 375.6 471.00255
364.81 420.715 396.749 460.351 37.68083
366.0 286.454 201.751 300.721 85.58425
367.18 957.275 894.26 1026.255 47.74066
368.37 399.434 297.772 447.306 67.98578
369.55 542.373 478.777 584.245 60.29909
370.74 679.068 556.277 659.038 119.49195
371.92 784.447 718.271 792.073 89.66659
373.11 451.436 353.765 420.522 146.30865
374.29 353.965 313.257 348.773 114.61958
375.48 491.915 436.769 497.263 91.15984
376.66 289.4 291.776 354.279 -3.80279
377.84 741.434 592.272 697.806 141.34021
379.03 318.484 300.777 358.659 30.5914
380.21 264.357 226.268 329.918 36.74804
381.39 234.136 164.768 283.091 58.62621
382.58 645.386 491.777 643.512 101.23518
383.76 822.91 678.783 822.831 100.05529
384.94 856.1 730.28 866.348 92.46814
386.13 377.826 290.765 405.608 75.80822
387.31 458.142 379.272 503.866 63.30129
388.49 375.455 332.768 378.065 94.23766
389.68 508.257 448.774 505.556 104.75841
390.86 502.647 386.775 514.642 90.61932
392.04 655.268 571.281 741.607 49.30978
393.22 392.647 310.775 434.642 66.09684
394.41 406.344 325.768 385.151 135.68902
395.59 172.05 165.775 284.995 5.26319
396.77 466.281 334.78 436.874 128.80434
397.95 471.665 322.278 455.185 112.4003
399.13 583.489 503.78 570.434 119.58589
400.31 359.586 349.763 373.238 41.84476
401.5 486.668 357.271 519.401 79.81072
402.68 568.636 430.768 587.591 87.91348
403.86 385.063 304.774 387.262 97.33323
405.04 621.326 504.782 676.951 67.69146
406.22 302.584 236.27 337.521 65.49395
407.4 562.739 454.289 550.856 112.30591
408.58 659.57 535.771 657.254 101.90672
409.76 703.305 581.269 697.349 105.13059
410.94 499.647 418.275 467.642 164.83139
412.12 436.124 297.786 446.167 93.23158
413.3 361.152 282.278 426.917 54.53169
414.48 288.639 235.278 365.65 40.92967
415.66 373.216 256.783 401.038 80.71331
416.84 796.847 711.278 876.21 51.88121
418.02 488.213 370.273 513.478 82.35719
419.2 381.457 270.778 355.624 130.44718
420.38 452.244 361.775 517.788 57.98823
421.56 405.339 344.282 456.219 54.54627
422.74 740.876 626.77 736.961 103.55258
423.92 566.926 478.276 614.814 64.92698
425.1 412.639 356.778 512.65 35.83762
426.28 369.753 299.788 388.623 78.75759
427.46 972.155 769.788 947.477 113.88864
428.63 451.052 345.785 503.055 66.93444
429.81 526.376 367.787 545.804 89.08634
430.99 557.91 430.283 636.831 61.79075
432.17 803.663 655.284 839.968 80.34186
433.35 644.787 457.284 653.65 95.48653
434.52 246.797 119.79 295.701 72.1999
435.7 351.137 249.785 447.434 51.27858
436.88 591.944 480.778 626.357 76.36154
438.06 450.726 370.789 500.589 61.58507
439.23 369.736 262.779 419.797 68.11828
440.41 493.355 404.792 596.545 46.18617
441.59 615.355 501.775 676.702 64.92991
442.77 338.316 214.793 444.744 53.71716
443.94 627.405 516.78 655.555 79.71532
445.12 562.773 466.784 668.882 47.49643
446.3 794.334 645.279 838.443 77.16494
447.47 519.158 431.781 623.193 45.64841
448.65 632.613 508.779 723.115 57.77536
449.82 444.113 318.279 518.615 62.81119
451.0 441.963 320.281 557.4 51.31684
452.18 411.481 267.784 492.443 63.96258
453.35 478.002 329.28 589.202 57.21818
454.53 465.65 345.785 588.701 49.34414
455.7 350.144 218.782 493.926 47.74331
456.88 736.597 569.287 852.632 59.04827
458.05 552.326 385.282 647.951 63.59476
459.23 349.41 219.283 524.331 42.65805
460.4 511.502 328.28 623.202 62.1258
461.58 550.5 458.287 692.485 39.37391
462.75 334.273 185.284 505.882 46.47232
463.93 520.476 405.781 707.167 38.05592
465.1 505.873 307.777 631.745 61.14685
466.28 285.674 146.791 453.02 45.35264
467.45 281.002 95.78 461.202 50.68732
468.63 532.937 296.782 672.365 62.87678
469.8 689.008 480.783 868.977 53.63932
470.97 411.229 235.782 557.805 54.48266
472.15 582.219 382.293 777.597 50.57515
473.32 640.674 471.791 886.52 40.72127
474.49 712.85 534.788 943.27 43.59111
475.67 512.895 291.79 797.347 43.73483
476.84 367.089 204.29 642.14 37.18148
478.01 588.663 407.784 929.968 34.63885
479.19 555.679 344.794 818.795 44.49039
480.36 390.934 228.289 703.149 34.2512
481.53 535.026 339.786 888.02 35.61259
482.7 488.453 276.792 858.692 36.37411
483.88 416.945 217.295 769.2 36.17463
485.05 486.097 266.287 796.132 41.4858
486.22 515.548 328.799 898.122 32.8019
487.39 412.806 226.803 829.536 30.85984
488.56 471.942 361.785 933.641 19.26304
489.74 687.4 484.293 1179.123 29.23116
490.91 364.537 172.292 811.071 30.09565
492.08 456.442 286.285 938.141 26.10345
493.25 362.29 194.794 893.709 23.96511
494.42 421.542 309.795 971.847 16.87888
495.59 471.055 288.795 941.114 27.94038
496.76 446.631 292.782 992.658 21.98234
497.93 633.766 386.288 1169.891 31.58206
499.1 643.861 417.795 1133.321 31.59436
500.27 930.932 613.796 1399.933 40.34105
501.44 956.324 701.289 1434.735 34.77208
502.61 580.647 297.292 1051.485 37.57069
503.78 667.729 379.799 1220.148 34.26314
504.95 1090.668 737.788 1565.244 42.64644
506.12 750.619 404.8 1185.234 44.31108
507.29 578.011 242.793 1043.037 41.88944
508.46 442.926 62.793 892.157 45.83434
509.63 1159.426 694.793 1570.657 53.04858
510.8 1168.966 716.291 1598.459 51.31388
511.97 772.81 370.79 1235.468 46.49369
513.14 573.456 192.302 1134.251 40.46436
514.31 922.166 498.295 1374.528 48.37425
515.48 778.469 323.301 1331.019 45.16816
516.65 733.284 231.291 1273.933 48.14628
517.81 670.821 242.296 1223.519 43.67255
518.98 882.642 426.289 1435.709 45.20943
520.15 680.779 166.304 1220.001 48.82572
521.32 926.771 395.291 1484.666 48.78761
522.49 1456.774 830.801 1961.226 55.37503
523.65 1229.282 640.297 1854.717 48.49923
524.82 944.895 363.79 1484.847 51.83541
525.99 567.664 77.801 1198.812 43.69826
527.16 989.59 393.807 1632.984 48.07892
528.32 974.913 402.293 1629.89 46.64562
529.49 818.161 302.791 1494.752 43.23709
530.66 684.803 97.31 1346.32 47.03671
531.82 764.181 173.287 1461.511 45.8689
532.99 844.445 235.795 1633.7 43.54013
534.16 978.958 255.795 1684.968 50.60012
535.32 1160.45 524.799 1974.976 43.83269
536.49 872.145 160.299 1621.769 48.70755
537.65 1331.505 586.79 2169.761 47.04542
538.82 920.613 139.296 1837.959 45.99601
539.99 1142.484 390.794 2025.002 45.99723
541.15 1307.831 434.286 2110.227 52.12269
542.32 945.092 96.801 1843.2 48.57377
543.48 1361.961 475.805 2300.027 48.5772
544.65 1444.564 600.808 2482.449 44.84147
545.81 1831.432 823.796 2941.933 47.5718
546.98 1292.098 293.804 2494.975 45.35285
548.14 1497.432 476.296 2658.433 46.79523
549.31 1239.171 234.798 2508.803 44.16759
550.47 1285.119 225.3 2617.234 44.30802
551.63 1692.821 607.796 3027.019 44.85015
552.8 1298.687 271.29 2755.787 41.3523
553.96 1276.587 250.297 2767.424 40.77227
555.13 1316.813 241.8 2935.527 39.90803
556.29 1682.014 594.303 3352.096 39.44134
557.45 1235.279 153.787 3024.658 37.6712
558.62 1312.8 299.8 3296.26 33.80656
559.78 1409.598 428.304 3480.475 32.15068
560.94 1293.19 228.301 3340.346 34.2183
562.11 1322.111 219.303 3450.243 34.13273
563.27 1278.995 51.8 3378.053 36.89421
564.43 1226.353 18.298 3374.329 35.99652
565.59 1293.524 148.31 3573.147 33.43851
566.76 1280.895 198.29 3754.847 30.43968
567.92 1301.316 314.31 3935.087 27.25952
569.08 1328.345 419.802 4193.837 24.07352
570.24 1032.531 217.289 4100.295 20.99514
571.4 932.477 121.798 4056.01 20.60587
572.57 1213.622 226.81 4264.294 24.44126
573.73 1141.858 37.302 4177.605 26.67816
574.89 1524.629 213.806 4456.786 30.89393
576.05 1650.732 286.292 4674.864 31.09074
577.21 1469.79 117.294 4512.209 30.7741
578.37 1512.911 23.3 4485.174 33.38532
579.53 1801.669 130.805 4638.087 37.07032
580.69 2288.65 338.802 4960.044 42.19316
581.85 2206.937 275.799 4983.208 41.02337
583.01 2207.866 225.298 4960.597 41.86785
584.17 2318.503 250.797 5274.045 41.16273
585.33 2551.164 346.802 5374.312 43.846
586.49 2503.653 167.295 5422.261 44.46
587.65 2825.542 298.295 5634.847 47.3573
588.81 2883.261 315.302 5661.958 48.02925
589.97 3043.327 521.799 5897.795 46.90345
591.13 2744.934 219.789 5667.649 46.35114
592.29 2982.721 243.303 5733.656 49.89512
593.45 2850.806 104.803 5779.036 48.39425
594.61 2890.311 108.29 5746.468 49.34255
595.77 2883.605 92.8 5843.967 48.5259
596.93 2845.882 66.291 5865.08 47.93399
598.09 3188.861 217.795 6083.821 50.6487
599.24 3146.027 114.803 6090.363 50.72702
600.4 3246.153 160.795 6204.261 51.05279
601.56 3109.658 113.298 6318.536 48.28759
602.72 3337.39 231.804 6418.415 50.1985
603.87 3452.256 270.315 6514.026 50.96234
605.03 3371.39 101.304 6395.915 51.95056
606.19 3380.066 37.301 6542.165 51.3887
607.35 3240.721 14.303 6367.656 50.78292
608.5 3606.008 340.3 6723.82 51.15842
609.66 3939.364 510.805 7070.88 52.26401
610.82 3647.626 113.796 6724.726 53.45436
611.97 3487.013 82.803 6653.096 51.81215
613.13 3777.187 342.307 7039.63 51.28736
614.29 3739.482 237.301 6992.286 51.84587
615.44 3938.748 341.302 7114.191 53.11538
616.6 3837.072 63.305 6774.441 56.23142
617.76 4033.677 329.801 7189.579 53.9941
618.91 4032.343 361.809 7391.622 52.21382
620.07 3924.54 341.302 7325.631 51.30397
621.22 3605.527 0.303 7099.863 50.78094
622.38 4454.014 580.303 7720.596 54.25142
623.53 3962.977 33.298 7125.51 55.40836
624.69 3942.974 66.805 7172.794 54.54792
625.84 4001.345 73.302 7277.837 54.52181
627.0 4091.876 252.287 7412.804 53.62167
628.15 3974.5 21.804 7452.329 53.19539
629.31 4186.718 215.293 7546.097 54.17448
630.46 4103.3 -33.2 7456.76 55.22726
631.61 4228.877 221.304 7677.647 53.74716
632.77 4177.108 198.793 7733.183 52.80208
633.92 4376.366 282.798 7941.597 53.44922
635.08 4778.492 503.29 8301.494 54.8229
636.23 4543.69 159.301 7972.846 56.11267
637.38 4369.885 -23.699 7813.639 56.05964
638.54 4631.055 324.295 8313.614 53.90647
639.69 4793.33 502.309 8487.354 53.73821
640.84 4651.984 225.299 8338.026 54.5647
641.99 4679.168 43.799 8279.804 56.28177
643.15 5145.352 457.299 8617.58 57.44965
644.3 4687.536 57.299 8463.856 55.07887
645.45 4528.72 -54.201 8340.134 54.5954
646.6 5069.903 498.299 8915.91 54.30999
647.75 4866.087 122.3 8731.188 55.10338
648.91 4761.771 -43.2 8643.464 55.31434
650.06 5046.955 95.3 8882.24 56.35244
651.21 5146.139 258.8 9085.518 55.36983
652.36 5132.823 291.8 9210.794 54.27768
653.51 5042.507 97.8 9010.07 55.48201
654.66 5233.69 106.801 9258.848 56.01905
655.81 5696.875 338.301 9616.624 57.75369
656.96 5501.058 29.301 9397.901 58.40528
658.11 5623.742 201.301 9693.678 57.12417
659.27 5587.426 224.801 9801.954 55.99394
660.42 5423.11 23.801 9721.731 55.67485
661.57 5932.794 203.302 10014.508 58.39743
662.72 5683.978 -70.698 9721.784 58.76626
663.87 5872.162 -42.198 9928.062 59.32002
665.01 6089.845 153.802 10224.838 58.94173
666.16 6011.529 3.802 10214.115 58.83979
667.31 6013.213 69.302 10528.392 56.8301
668.46 6661.897 364.803 11167.168 58.29366
669.61 6330.581 85.803 10805.945 58.25275
670.76 6308.765 -15.197 11199.722 56.38883
671.91 6611.949 383.803 11586.998 55.59258
673.06 6614.133 292.803 11827.275 54.8038
674.21 6173.816 -86.197 11452.552 54.2521
675.35 6705.0 143.804 11977.829 55.44349
676.5 6626.184 107.304 11903.105 55.26441
677.65 6521.368 5.804 11984.382 54.39347
678.8 6389.052 -81.696 12054.159 53.31926
679.94 6397.236 20.804 12371.936 51.6263
681.09 6689.92 183.304 12968.712 50.89095
682.24 6950.604 202.305 13234.989 51.77981
683.39 6982.288 5.305 13352.266 52.27394
684.53 7540.971 205.305 13957.043 53.34356
685.68 7184.655 103.305 13729.819 51.96744
686.83 7208.839 149.805 14338.096 49.75253
687.97 6824.523 114.306 14105.373 47.96073
689.12 6851.207 72.806 14535.149 46.86931
690.27 7131.391 14.306 14401.426 49.46845
691.41 7762.075 252.306 14927.703 51.17251
692.56 8304.759 174.306 14832.979 55.46513
693.7 8757.942 173.806 15399.257 56.38018
694.85 8516.126 -17.193 15092.033 56.47754
695.99 8726.811 194.307 15823.81 54.59229
697.14 8586.494 89.807 15674.587 54.51914
698.28 8877.178 205.807 16044.363 54.74849
699.43 9296.861 115.807 16045.14 57.63615
700.57 9405.046 -75.193 15983.417 59.03524
701.72 9734.229 -61.692 16498.693 59.15274
702.86 9519.913 -99.192 16103.971 59.3656
704.01 9726.598 -16.692 16799.748 57.93907
705.15 9987.781 196.308 17168.523 57.69119
706.29 10185.465 30.308 17380.301 58.53119
707.44 10416.648 66.808 17534.078 59.25276
708.58 10561.333 -71.691 17400.854 60.85561
709.72 11188.517 315.809 18098.131 61.14335
710.87 10606.7 -109.191 17654.908 60.3233
712.01 10644.385 -56.691 17912.184 59.5534
713.15 10785.568 79.809 18370.961 58.52972
714.3 11329.752 208.309 18806.238 59.79936
715.44 11303.937 18.31 18631.514 60.63237
716.58 11822.12 111.81 19014.791 61.94954
717.72 11808.304 5.31 19133.568 61.70449
718.87 11828.487 68.31 19176.844 61.54411
720.01 11777.172 57.31 19360.621 60.71426
721.15 11498.355 -70.19 19113.398 60.30439
722.29 11935.039 172.811 19521.176 60.79185
723.43 12200.724 225.811 19856.451 61.00113
724.57 12461.907 187.311 19986.729 61.99473
725.72 12573.591 95.811 19880.506 63.06784
726.86 12994.274 355.311 20546.281 62.59711
728.0 12464.459 33.811 20311.059 61.30343
729.14 12399.143 -38.688 20669.836 60.06141
730.28 12699.326 244.812 20858.611 60.41833
731.42 12612.511 -48.688 20867.389 60.53334
732.56 13560.194 351.312 21565.666 62.26389
733.7 13465.878 203.812 21336.941 62.75486
734.84 13366.562 -91.688 21197.719 63.21571
735.98 13413.746 62.813 21752.996 61.55288
737.12 13353.93 -52.187 21573.771 61.99086
738.26 13293.113 22.813 21732.549 61.12603
739.4 13493.298 113.313 22133.326 60.76284
740.53 13927.981 146.813 22529.604 61.57038
741.67 14099.165 118.813 22277.379 63.09231
742.81 14147.349 -95.186 22174.156 63.95579
743.95 14435.533 158.814 22437.434 64.0826
745.09 14110.217 -2.686 22464.209 62.81644
746.23 14149.4 163.314 22992.486 61.2641
747.36 13850.085 212.314 23110.264 59.55892
748.5 14000.269 -6.686 22847.039 61.28959
749.64 14126.452 5.315 22528.816 62.69512
750.78 14628.637 -16.185 22733.094 64.37488
751.92 14785.82 17.315 23161.869 63.80985
753.05 14583.004 49.315 22690.646 64.19096
754.19 14818.188 323.315 23392.924 62.83103
755.33 14273.872 -118.685 22948.199 62.39489
756.46 14204.056 125.316 23062.477 61.37961
757.6 14305.239 8.816 23131.254 61.82922
758.74 14643.924 285.816 23208.031 62.6384
759.87 15051.607 83.816 23087.307 65.06748
761.01 15101.291 68.316 23176.584 65.05453
762.14 15080.975 68.817 23283.361 64.66704
763.28 15035.659 231.317 23437.637 63.79444
764.41 14516.843 96.317 22849.414 63.3783
765.55 14152.526 -118.183 22932.191 61.91097
766.69 14546.711 118.817 23382.467 62.01905
767.82 14516.895 118.317 23081.744 62.70221
768.95 14746.578 -1.182 22986.021 64.15639
770.09 15405.262 444.318 23153.297 65.88118
771.22 15368.446 352.318 23320.074 65.37917
772.36 15000.13 220.318 23147.852 64.46316
773.49 14657.813 302.818 23196.129 62.70389
774.63 14358.998 56.818 22989.904 62.36483
775.76 14128.682 36.319 22380.682 63.06899
776.89 14547.865 210.819 22652.959 63.88449
778.03 14573.049 138.819 22631.234 64.17377
779.16 14782.233 -42.681 22547.512 65.62544
780.29 14834.917 129.819 22589.289 65.47393
781.43 14934.101 297.819 22433.064 66.12207
782.56 14510.285 137.32 22054.842 65.57751
783.69 14104.469 -0.68 22051.619 63.96226
784.82 13974.152 60.32 22251.895 62.69872
785.96 13774.837 78.32 22133.672 62.10065
787.09 13889.021 99.82 21672.949 63.91841
788.22 14116.204 112.32 21983.225 64.02974
789.35 14335.888 -24.179 21838.002 65.68451
790.48 14518.072 49.821 21608.279 67.11172
791.62 14378.756 237.321 21518.557 66.45025
792.75 13589.939 -33.179 20930.332 64.98491
793.88 13975.124 345.821 21570.109 64.21559
795.01 13558.808 120.321 21295.387 63.46373
796.14 13411.991 221.822 21276.162 62.64822
797.27 13729.175 229.322 21164.939 64.48271
798.4 13702.359 100.322 20896.217 65.40732
799.53 13828.543 -69.678 20784.492 66.6448
800.66 13944.727 107.822 20992.77 66.253
801.79 14466.411 716.822 21395.047 66.49308
802.92 13534.595 70.823 20581.822 65.64172
804.05 13416.278 174.823 20779.6 64.26401
805.18 13140.962 125.823 20385.377 64.24198
806.31 13089.146 67.823 20369.152 64.14025
807.44 12993.33 -58.177 20479.93 63.54776
808.57 13429.014 159.323 20511.207 65.20129
809.69 13745.698 180.324 20368.984 67.19304
810.82 13582.382 -126.176 20398.26 66.7914
811.95 13883.565 498.324 20386.037 67.30408
813.08 13277.249 34.824 19879.314 66.73099
814.21 13449.434 518.324 20196.59 65.71265
815.33 12832.617 118.824 19702.867 64.91914
816.46 12683.301 161.825 19430.145 64.98478
817.59 12741.985 417.825 19540.42 64.44816
818.72 12768.169 234.825 19530.197 64.95518
819.84 13057.353 436.825 19383.475 66.61087
820.97 12769.537 259.825 18739.75 67.69352
822.1 12843.721 310.325 18890.027 67.45746
823.22 12401.404 -29.174 18414.305 67.39823
824.35 12186.588 26.326 18436.082 66.05336
825.48 11877.772 251.326 18507.857 63.68376
826.6 11570.456 136.326 18357.135 62.75314
827.73 11192.64 -83.674 17736.912 63.27689
828.85 11372.324 89.826 18003.688 62.98194
829.98 11964.508 303.827 18359.465 64.58194
831.11 11785.691 -22.173 17766.742 66.37765
832.23 12080.375 17.827 17927.018 67.35395
833.36 12286.56 261.327 18013.795 67.73837
834.48 11814.243 130.327 17510.072 67.2272
835.6 11519.927 192.827 17510.848 65.40643
836.73 10870.611 -37.172 17347.625 62.74323
837.85 11155.795 218.328 17522.402 63.20747
838.98 10695.479 -94.672 17294.678 62.05034
840.1 11040.662 194.328 17687.455 62.0034
841.23 11023.847 119.828 17257.732 63.62516
842.35 11517.53 350.329 17657.01 64.52538
843.47 11257.714 100.829 17090.785 65.66753
844.6 11511.398 -38.171 16920.063 68.10597
845.72 11723.082 4.829 16962.34 69.10362
846.84 11858.266 22.329 16891.115 70.16472
847.96 11663.95 16.829 16792.393 69.42909
849.09 11359.134 -3.67 16469.17 68.97902
850.21 11350.317 68.83 16711.945 67.78471
851.33 11418.501 196.33 16953.223 66.97048
852.45 11255.686 -56.17 16654.5 67.69241
853.57 11363.369 122.33 16730.775 67.68267
854.7 11613.053 -3.67 16505.553 70.36505
855.82 11431.237 18.331 16425.33 69.56121
856.94 11611.421 186.831 16592.105 69.63974
858.06 11456.604 -122.669 16323.383 70.40762
859.18 11528.288 170.331 16786.66 68.35419
860.3 11265.473 87.831 16382.437 68.59719
861.42 11032.156 -103.669 16152.713 68.50125
862.54 11197.84 -96.168 16499.49 68.05399
863.66 11239.024 -43.668 16369.267 68.74269
864.78 11343.708 71.332 16433.543 68.89274
865.9 11596.892 109.332 16517.32 70.01199
867.02 12226.075 676.832 17046.598 70.55228
868.14 11818.26 444.332 16680.873 70.05142
869.26 11492.943 226.833 16216.15 70.46023
870.38 10833.127 -115.667 15969.428 68.06795
871.5 10620.312 -77.667 15703.704 67.78865
872.62 10609.495 -52.167 15886.98 66.88979
873.74 10860.179 306.333 16160.758 66.56719
874.85 10381.271 -52.667 15654.896 66.4262
875.97 10506.771 119.333 15630.896 66.96577
877.09 10810.771 122.333 15581.396 69.14027
878.21 10965.271 63.333 15602.896 70.15601
879.33 10990.771 123.833 15565.396 70.3746
880.44 10868.771 66.333 15300.896 70.90743
881.56 10703.271 40.333 15506.396 68.9441
882.68 10746.771 92.833 15367.896 69.74726
883.79 10800.271 424.833 15543.396 68.62714
884.91 10149.271 -134.167 15177.396 67.16125
886.03 10337.771 169.833 15488.396 66.37658
887.14 10497.771 290.333 15515.896 67.04145
888.26 10657.771 330.333 15726.896 67.07625
889.38 10772.771 273.833 15700.896 68.05532
890.49 10767.271 -86.667 15604.896 69.17053
891.61 11278.271 97.333 15769.396 71.34311
892.72 11388.771 -71.167 16052.396 71.07572
893.84 11491.271 -71.667 16223.896 70.95758
894.95 11672.271 -80.667 16639.896 70.29032
896.07 11745.271 20.833 16548.896 70.93655
897.18 11580.771 147.833 16775.896 68.75688
898.3 11253.271 -53.167 16590.396 67.93279
899.41 11647.271 274.833 17242.396 67.02458
900.53 11389.771 120.333 16882.396 67.2318
901.64 11482.271 219.833 17027.396 67.00815
902.75 11452.771 53.833 16818.896 67.99221
903.87 11454.771 -10.667 16414.396 69.80452
904.98 11690.771 149.833 16538.396 70.42068
906.09 11853.771 22.833 16424.396 72.13299
907.21 11640.771 145.833 16502.396 70.27722
908.32 11339.271 28.333 16140.396 70.20167
909.43 11525.771 272.333 16198.896 70.65829
910.54 11107.771 127.833 16021.396 69.08418
911.66 11279.271 540.333 16217.396 68.50095
912.77 10509.271 -1.667 15441.396 68.06252
913.88 10457.771 150.833 15513.396 67.09126
914.99 10356.271 -48.167 15157.896 68.42296
916.1 10516.271 135.833 15271.396 68.5831
917.22 10508.771 -30.167 14807.396 71.02877
918.33 11074.771 289.833 15369.896 71.51786
919.44 10871.771 76.833 14945.396 72.60243
920.55 10843.271 358.833 15102.396 71.11197
921.66 10454.271 200.333 14444.896 71.98492
922.77 10214.771 207.333 14446.396 70.28158
923.88 10270.771 300.833 14430.396 70.56084
924.99 9641.771 142.333 14020.396 68.44931
926.1 9261.771 -86.167 13841.896 67.11585
927.21 9675.271 317.833 13998.396 68.39951
928.32 9093.771 -121.167 13398.896 68.15751
929.43 9151.271 60.833 13208.896 69.13899
930.54 9239.771 23.833 13190.396 69.99502
931.65 9172.771 82.333 12995.896 70.3945
932.76 9310.271 184.333 12781.896 72.44209
933.86 9112.771 93.333 12369.396 73.47175
934.97 8773.771 22.833 11894.896 73.71034
936.08 8325.771 4.833 11603.896 71.73802
937.19 7971.271 312.833 11024.396 71.49693
938.3 7056.771 227.833 9905.896 70.561
939.4 6753.771 293.333 9500.396 70.16829
940.51 5961.771 69.333 8660.896 68.58401
941.62 5557.771 193.833 8013.896 68.592
942.73 5868.271 508.833 8234.896 69.3683
943.83 5252.271 125.833 7535.896 69.18211
944.94 5288.271 151.833 7414.896 70.72
946.05 5132.271 -150.667 7261.896 71.27006
947.15 5297.771 -68.667 7300.896 72.81894
948.26 5581.271 64.833 7531.896 73.87694
949.36 5591.271 -1.167 7536.396 74.19424
950.47 5877.771 121.333 7957.396 73.46084
951.57 6111.271 369.833 8358.896 71.86623
952.68 6098.771 229.333 8398.396 71.84959
953.79 6156.271 217.833 8727.896 69.78137
954.89 6021.271 8.833 8520.896 70.63433
955.99 6199.771 167.333 9045.896 67.94386
957.1 6287.771 40.333 8953.896 70.08912
958.2 6493.771 76.333 9356.896 69.14923
959.31 6853.771 203.333 9547.896 71.16907
960.41 6780.271 28.333 9452.896 71.64192
961.52 6985.271 -30.667 9414.896 74.27761
962.62 7323.771 175.833 9765.896 74.53484
963.72 7020.771 -80.667 9427.396 74.68859
964.83 6834.271 -124.667 9410.396 72.98261
965.93 7027.771 112.833 9648.896 72.51355
967.03 7261.271 271.333 9840.396 73.04726
968.13 7033.271 208.333 9783.896 71.27454
969.24 6809.271 8.833 9677.896 70.33193
970.34 6741.771 31.333 9675.896 69.57742
971.44 6649.271 52.333 9737.896 68.11105
972.54 6784.771 141.833 9735.896 69.24009
973.64 6769.771 5.333 9461.396 71.53546
974.75 7268.771 435.833 10012.396 71.35063
975.85 8540.771 1647.833 11151.896 72.52622
976.95 6816.271 7.333 9252.896 73.64547
978.05 7134.271 203.333 9359.396 75.6978
979.15 7435.771 433.833 9610.896 76.29825
980.25 6667.771 2.833 8996.396 74.10787
981.35 6679.271 60.333 9060.896 73.53916
982.45 6959.271 410.333 9336.896 73.36461
983.55 6606.771 186.833 9070.896 72.26354
984.65 6389.271 138.833 8885.896 71.45757
985.75 6305.271 309.833 8916.896 69.65719
986.85 6228.771 180.333 8760.896 70.48999
987.95 6069.271 14.833 8506.396 71.29946
989.05 6369.771 361.833 8685.396 72.17989
990.15 6394.771 271.833 8545.896 74.00159
991.25 6130.271 124.833 8437.896 72.24098
992.34 6367.771 347.833 8374.396 75.0002
993.44 6228.271 140.833 8187.896 75.64795
994.54 6065.271 111.833 7935.396 76.09625
995.64 6188.771 309.833 7992.896 76.51815
996.74 6046.271 351.833 7862.896 75.81401
997.83 5330.771 -49.167 7328.396 72.92297
998.93 5380.271 76.333 7317.396 73.24806
1000.03 5892.771 590.833 7840.896 73.12954
1001.12 5421.271 353.833 7495.396 70.95699
1002.22 5289.271 315.333 7351.896 70.68704
1003.32 4919.771 64.833 6905.896 70.9676
1004.41 4950.271 125.333 6824.396 72.02407
1005.51 4856.771 120.833 6636.396 72.68655
1006.6 4595.271 6.333 6172.896 74.41646
1007.7 4907.771 306.833 6435.396 75.07368
1008.8 4477.771 -47.667 6021.896 74.55953
1009.89 4725.771 235.333 6104.896 76.50379
1010.99 4652.771 114.333 6068.896 76.21782
1012.08 4489.771 -29.167 5836.396 77.04184
1013.18 4778.271 126.833 6333.396 74.94386
1014.27 4910.771 47.333 6567.896 74.58617
1015.36 4962.771 64.833 6685.396 73.98069
1016.46 4932.771 124.833 6803.896 71.98522
1017.55 4696.271 -38.167 6532.896 72.0498
1018.65 4757.771 151.833 6482.396 72.75716
1019.74 4631.771 258.833 6437.396 70.77597
1020.83 4409.771 177.833 6159.896 70.74379
1021.93 4268.271 91.833 5880.896 72.14359
1023.02 4028.271 -45.667 5504.396 73.40345
1024.11 4057.271 -60.167 5364.896 75.89659
1025.2 3960.271 -58.167 5193.896 76.5116
1026.3 4177.771 189.833 5276.396 78.40143
1027.39 4099.771 250.833 5281.896 76.50347
1028.48 3978.771 163.333 5010.896 78.70837
1029.57 3732.271 104.333 4769.396 77.76825
1030.66 3683.271 198.333 4801.896 75.70088
1031.75 4165.271 757.333 5290.896 75.17129
1032.84 3423.771 241.333 4657.396 72.06504
1033.94 3139.271 -37.167 4252.896 74.04175
1035.03 3257.771 296.333 4418.396 71.84358
1036.12 2810.771 -58.667 4011.396 70.50107
1037.21 2706.271 -21.667 3894.396 69.66021
1038.3 2878.771 213.833 3975.896 70.83714
1039.39 2705.771 16.833 3608.896 74.85776
1040.48 2872.271 156.833 3740.396 75.7748
1041.57 2889.271 235.333 3755.896 75.3839
1042.66 2693.771 153.833 3560.896 74.54919
1043.74 2607.771 184.833 3474.396 73.65531
1044.83 2704.271 192.833 3317.896 80.36439
1045.92 2355.271 -67.167 3029.396 78.22989
1047.01 2539.271 249.333 3286.896 75.38734
1048.1 2153.271 -79.167 2833.896 76.63541
1049.19 2237.771 144.833 2989.896 73.56385
1050.27 2043.271 105.333 2809.896 71.65438
1051.36 2026.271 41.833 2691.896 74.88267
1052.45 2013.271 197.333 2719.896 71.98781
1053.54 1949.271 131.333 2600.896 73.61375
1054.62 1932.271 203.333 2626.896 71.33868
1055.71 1866.271 181.833 2650.896 68.22175
1056.8 2001.271 261.833 2600.896 74.36473
1057.88 1744.771 105.333 2311.896 74.29826
1058.97 1788.271 165.833 2337.396 74.71291
1060.06 1977.771 360.833 2489.896 75.94599
1061.14 1609.771 99.333 2068.396 76.70846
1062.23 2349.771 781.333 2730.396 80.47138
1063.31 1707.771 185.333 2084.396 80.16785
1064.4 1471.771 66.333 1901.896 76.56713
1065.48 1572.271 148.333 1942.896 79.34733
1066.57 1484.771 79.833 1808.896 81.25429
1067.65 1475.271 210.833 1857.896 76.76925
1068.74 1271.771 58.333 1726.896 72.72353
1069.82 1309.271 209.833 1716.396 72.97656
1070.9 2346.271 1117.333 2755.396 75.02384
1071.99 1275.771 198.833 1714.896 71.03517
1073.07 1275.271 154.833 1615.396 76.71274
1074.15 1276.771 187.833 1621.896 75.93376
1075.24 1174.771 193.833 1580.896 70.7205
1076.32 1205.271 239.333 1584.896 71.78689
1077.4 1439.771 478.833 1821.896 71.54823
1078.49 1103.771 43.333 1345.896 81.41164
1079.57 1293.771 275.333 1493.896 83.57696
1080.65 1444.771 398.333 1624.896 85.31465
1081.73 1084.271 114.833 1305.896 81.39266
1082.81 899.771 -13.167 1169.396 77.19993
1083.89 1096.271 227.833 1351.896 77.25883
1084.98 1079.771 212.833 1323.396 78.06292
1086.06 812.271 48.333 1083.896 73.77029
1087.14 868.771 25.333 1130.396 76.32486
1088.22 950.771 168.833 1226.396 73.93771
1089.3 788.271 -23.167 993.396 79.8217
1090.38 1293.771 484.333 1528.396 77.52769
1091.46 953.271 224.333 1222.896 72.99868
1092.54 823.271 71.833 1040.896 77.54272
1093.62 814.271 116.833 1074.396 72.83467
1094.7 693.771 23.333 953.396 72.08521
1095.78 808.771 119.333 1022.896 76.30214
1096.86 814.771 153.833 1019.896 76.31522
1097.93 1164.271 515.333 1384.396 74.67098
1099.01 953.771 321.833 1146.896 76.59268
1100.09 676.771 49.333 833.396 80.02391
