196.55 836.439 972.948 1339.379 -37.25346
197.76 1046.944 1427.472 1995.603 -66.97881
198.96 947.177 1340.45 1803.191 -84.9878
200.16 694.776 796.077 1227.164 -23.49898
201.36 1109.483 1587.379 2062.06 -100.67734
202.56 804.625 990.115 1401.163 -45.12618
203.76 731.544 849.94 1265.984 -28.45742
204.96 744.963 932.264 1411.806 -39.05831
206.16 610.585 712.367 946.298 -43.50921
207.36 955.475 1181.173 1687.519 -44.57365
208.56 797.055 1052.507 1476.29 -60.27896
209.76 597.375 637.704 982.138 -11.70886
210.96 723.454 888.539 1380.408 -33.56255
212.16 1423.894 2056.997 2537.841 -131.66501
213.36 863.787 1126.644 1600.47 -55.47561
214.56 736.339 890.479 1274.997 -40.08665
215.76 1189.544 1834.94 2402.485 -113.7171
216.96 1072.401 1568.862 2050.473 -103.0836
218.16 810.679 985.792 1447.599 -37.91901
219.35 656.396 716.838 1152.749 -13.86577
220.55 748.662 872.359 1328.661 -27.10862
221.75 708.805 810.596 1150.265 -29.96777
222.95 1049.418 1461.314 1932.768 -87.36697
224.15 910.294 1090.029 1574.459 -37.10228
225.35 755.417 782.472 1287.36 -5.3587
226.55 687.474 792.831 1188.111 -26.65387
227.75 995.918 1378.814 1879.768 -76.43318
228.94 840.875 1122.204 1555.138 -64.98211
230.14 833.887 919.113 1379.351 -18.51769
231.34 721.321 847.028 1265.702 -30.02494
232.54 646.088 780.549 1133.115 -38.13803
233.74 684.323 805.869 1171.11 -33.27845
234.93 692.65 791.951 1221.947 -23.09339
236.13 756.065 951.574 1439.095 -40.10255
237.33 791.915 930.131 1313.452 -36.05745
238.53 700.429 887.381 1239.073 -53.1577
239.72 1021.71 1373.993 1901.015 -66.84387
240.92 561.186 562.676 918.088 -0.41913
242.12 873.496 1152.807 1622.13 -59.51333
243.31 655.442 755.63 1186.695 -23.24195
244.51 611.633 627.0 952.653 -4.71889
245.71 981.285 1278.803 1722.062 -67.12062
246.9 1207.633 1688.0 2212.153 -91.6464
248.1 787.389 950.954 1448.759 -32.85729
249.3 759.501 982.33 1398.854 -53.49741
250.49 798.445 893.313 1321.511 -22.155
251.69 856.465 1049.106 1539.214 -39.30574
252.89 770.447 916.154 1388.919 -30.8202
254.08 560.875 579.204 954.138 -4.88866
255.28 738.778 976.919 1400.072 -56.27762
256.47 558.553 577.666 955.382 -5.05996
257.67 909.516 1159.099 1530.833 -67.14036
258.86 1017.484 1172.898 1590.417 -37.22327
260.06 781.734 917.809 1356.442 -31.0225
261.26 1120.877 1459.546 1914.546 -74.4327
262.45 730.432 939.063 1294.389 -58.71543
263.65 521.658 565.158 907.488 -12.70691
264.84 907.032 1081.531 1469.771 -44.94628
266.04 634.947 804.154 1217.419 -40.94397
267.23 523.369 487.661 823.556 10.63069
268.42 651.698 706.584 1015.802 -17.74998
269.62 732.076 882.641 1322.401 -34.23801
270.81 786.275 959.736 1397.256 -39.64646
272.01 761.51 923.056 1333.752 -39.33479
273.2 934.27 1164.034 1567.583 -56.93583
274.4 535.767 664.852 908.767 -52.9218
275.59 875.667 1028.883 1499.385 -32.56443
276.78 798.219 892.718 1361.913 -20.14071
277.98 724.935 772.746 1191.206 -11.42542
279.17 754.664 903.201 1285.069 -38.89737
280.37 697.315 837.985 1198.621 -39.00595
281.56 540.567 528.915 926.504 2.93057
282.75 642.028 617.508 1021.047 6.07627
283.95 646.347 801.186 1237.537 -35.48495
285.14 725.769 863.193 1247.675 -35.74265
286.33 614.701 700.267 1012.118 -27.43796
287.52 784.615 948.548 1368.358 -39.04954
288.72 847.205 1136.95 1615.434 -60.55476
289.91 1045.534 1410.373 1957.179 -66.7218
291.1 840.61 1007.024 1453.634 -37.26173
292.29 742.52 997.623 1395.057 -64.18744
293.49 866.013 1044.239 1446.568 -44.29851
294.68 643.345 729.845 997.629 -32.30182
295.87 653.254 803.102 1201.145 -37.64621
297.06 817.456 940.38 1418.817 -25.69282
298.26 453.425 420.179 733.9 10.59723
299.45 707.442 789.13 1098.195 -26.43066
300.64 687.162 822.859 1190.661 -36.89409
301.83 750.321 857.028 1294.202 -24.40828
303.02 692.14 630.384 1057.142 14.47094
304.21 809.083 1123.525 1573.39 -69.897
305.4 729.451 875.356 1160.092 -51.242
306.59 799.053 920.166 1316.882 -30.52868
307.79 729.799 803.053 1187.683 -19.04526
308.98 562.887 579.113 932.851 -4.58688
310.17 870.307 966.081 1430.275 -20.63247
311.36 707.597 857.597 1178.563 -46.73395
312.55 1101.685 1560.657 2066.731 -90.69261
313.74 526.19 584.359 957.404 -15.59305
314.93 862.555 1009.007 1474.29 -31.47589
316.12 724.643 787.067 1192.958 -15.37941
317.31 459.079 406.823 740.217 15.67376
318.5 536.69 574.859 920.404 -11.04607
319.69 659.601 830.799 1262.736 -39.63479
320.88 704.142 736.225 1134.55 -8.05472
322.07 590.413 607.271 993.686 -4.36265
323.26 608.607 607.342 935.817 0.38517
324.45 506.067 447.415 793.504 16.94701
325.64 684.646 766.749 1195.274 -19.1595
326.83 801.61 996.024 1395.634 -48.65112
328.01 680.333 738.436 1110.916 -15.599
329.2 792.799 976.053 1403.683 -42.85332
330.39 608.956 727.38 1086.817 -32.94708
331.58 583.145 542.908 969.366 9.43506
332.77 932.987 1253.081 1742.233 -65.43843
333.96 399.368 448.82 671.648 -22.19295
335.15 522.022 524.964 868.466 -0.85668
336.33 546.645 590.908 878.866 -15.37148
337.52 649.067 719.415 1040.504 -21.90935
338.71 605.177 710.45 1050.191 -30.98628
339.9 610.649 614.932 995.09 -1.12658
341.08 618.691 688.2 1067.812 -18.3105
342.27 844.155 879.475 1376.672 -7.10383
343.46 899.853 1063.729 1446.619 -42.79989
344.65 800.853 897.229 1356.119 -21.00208
345.83 828.541 983.257 1460.668 -32.40728
347.02 489.963 470.264 791.306 6.136
348.21 868.198 1021.584 1513.302 -31.19394
349.4 511.999 462.989 862.946 12.25386
350.58 647.404 718.045 1108.789 -18.07862
351.77 550.823 575.369 941.11 -6.71146
352.96 449.41 324.088 698.37 33.48316
354.14 714.7 619.926 1114.21 19.17405
355.33 577.942 536.13 920.695 10.87261
356.51 468.07 387.098 701.82 25.72813
357.7 664.829 679.734 1173.743 -3.01729
358.89 617.957 511.721 949.225 24.2824
360.07 866.492 915.105 1399.957 -10.02631
361.26 939.233 1061.79 1572.085 -24.01687
362.44 695.369 733.483 1177.108 -8.59148
363.63 585.016 481.743 950.435 22.03424
364.81 644.652 531.437 1069.458 21.04301
366.0 475.007 276.518 729.538 43.81471
367.18 1177.381 1403.392 2092.821 -32.78222
368.37 642.821 529.85 875.253 32.7071
369.55 767.697 737.065 1246.445 6.01357
370.74 864.119 911.572 1458.582 -8.67497
371.92 1026.766 1158.332 1668.41 -25.79342
373.11 671.068 476.078 1016.963 36.05022
374.29 616.705 421.772 908.985 40.0098
375.48 668.278 531.741 1060.623 25.81618
376.66 661.586 441.53 902.257 47.76282
377.84 980.821 953.85 1582.253 4.29205
379.03 631.853 405.051 908.67 45.03441
380.21 563.901 332.184 747.024 55.85688
381.39 495.589 266.212 675.074 56.10142
382.58 917.142 816.548 1409.101 16.97639
383.76 1113.784 1148.784 1715.705 -6.17368
384.94 1206.607 1254.164 1936.868 -6.96592
386.13 773.913 426.593 963.237 64.72067
387.31 872.688 618.339 1185.047 44.88182
388.49 732.112 474.688 1029.093 46.4325
389.68 901.443 637.952 1263.246 42.13866
390.86 944.787 567.466 1204.521 59.22894
392.04 1236.14 982.706 1677.693 36.466
393.22 941.787 445.466 1111.021 74.5725
394.41 922.956 473.202 1085.367 73.46939
395.59 764.076 193.463 865.952 84.85089
396.77 1050.585 552.689 1295.349 67.04222
397.95 1101.83 637.576 1375.151 62.94337
399.13 1286.452 792.678 1560.643 64.29633
400.31 1218.558 447.511 1233.657 98.07933
401.5 1287.577 626.304 1514.36 74.46301
402.68 1330.589 734.712 1616.074 67.60871
403.86 1202.521 434.445 1296.108 89.13869
405.04 1445.017 807.263 1861.292 60.50634
406.22 1304.311 367.783 1341.448 96.18587
407.4 1564.004 697.013 1747.671 82.51888
408.58 1713.866 814.301 1875.791 84.74551
409.76 1756.622 947.755 2029.398 74.78136
410.94 1566.287 624.466 1721.521 85.84995
412.12 1482.249 502.9 1505.972 97.63501
413.3 1441.386 359.093 1500.994 94.77989
414.48 1404.941 371.111 1363.838 104.14045
415.66 1592.862 445.277 1491.567 109.6813
416.84 2143.808 1233.1 2392.132 78.57489
418.02 1854.01 623.378 1795.303 105.00945
419.2 1689.964 419.586 1512.357 116.25289
420.38 1713.498 583.97 1792.589 93.45606
421.56 1652.462 427.245 1581.949 106.10661
422.74 1993.444 1081.794 2295.154 75.13436
423.92 1963.476 865.995 2097.57 89.11194
425.1 1898.441 464.111 1706.838 115.41798
426.28 1979.448 405.995 1712.327 120.4482
427.46 2539.738 1356.492 2799.259 82.01227
428.63 2103.927 571.861 2000.716 107.22336
429.81 2097.049 687.964 1968.209 110.06371
430.99 2075.284 754.784 2180.705 92.60684
432.17 2305.583 1145.347 2523.941 84.16081
433.35 2151.684 827.316 2288.823 90.61658
434.52 1914.881 155.069 1442.77 136.66311
435.7 2187.194 376.383 1827.128 124.81935
436.88 2569.519 840.104 2306.7 117.92031
438.06 2486.559 552.531 2072.014 127.28198
439.23 2380.652 399.115 1956.406 127.24252
440.41 2499.758 594.126 2298.869 111.78411
441.59 2561.654 828.456 2548.315 100.77559
442.77 2457.925 276.679 1951.4 130.2453
443.94 2774.685 760.657 2663.231 105.85807
445.12 2965.739 769.833 2568.167 122.10783
446.3 3384.863 1093.118 2946.475 123.65374
447.47 3269.985 666.72 2632.968 132.39759
448.65 3402.052 720.646 2715.525 134.41448
449.82 3162.552 500.146 2418.525 138.78416
451.0 3351.062 609.213 2599.83 137.73865
452.18 3260.606 476.823 2644.96 128.39512
453.35 3437.396 530.16 2753.3 130.77164
454.53 3551.639 558.865 2819.285 132.39901
455.7 3678.04 334.238 2713.311 140.5506
456.88 4284.36 945.935 3424.159 134.71039
458.05 4364.518 591.763 3040.792 154.05101
459.23 4405.784 315.784 2806.205 164.22927
460.4 4696.396 580.16 3298.8 151.40793
461.58 4835.649 719.432 3462.09 150.08129
462.75 4577.739 315.333 3204.667 147.52211
463.93 4767.007 628.696 3520.987 143.08073
465.1 4874.697 525.065 3629.945 140.09021
466.28 4849.281 218.101 3243.888 153.05701
467.45 5072.396 146.66 3291.8 156.61422
468.63 5672.673 523.249 3846.018 154.9739
469.8 6160.495 870.287 4222.273 157.82308
470.97 6209.306 405.259 3823.724 169.78521
472.15 6482.213 595.675 4138.332 166.16171
473.32 6581.781 704.601 4322.388 162.45234
474.49 6690.66 859.499 4671.896 152.95261
475.67 6372.592 507.573 4177.839 159.79821
476.84 6339.514 327.08 4088.476 159.84581
478.01 6503.083 636.347 4688.941 144.76496
479.19 6724.879 548.728 4557.862 154.05202
480.36 6908.926 309.02 4472.808 158.50726
481.53 7419.539 596.897 4836.903 160.91111
482.7 7705.469 497.129 4733.938 170.13608
483.88 7885.624 275.774 4583.755 176.64537
485.05 8111.36 361.935 4823.659 173.68679
486.22 8106.934 478.405 4938.797 171.02819
487.39 8029.832 333.595 4795.508 172.48738
488.56 8050.772 485.876 5021.991 166.77036
489.74 8058.691 897.2 5619.313 151.65863
490.91 7853.236 242.651 4990.851 160.28359
492.08 7969.272 375.876 5230.491 156.41602
493.25 8039.535 278.714 5092.587 161.21782
494.42 8499.835 476.778 5228.824 168.83374
495.59 8675.779 417.26 5317.48 168.53363
496.76 9050.596 465.756 5367.155 175.1508
497.93 9457.894 610.478 5616.483 176.73603
499.1 9499.857 572.753 5591.843 177.86301
500.27 9658.679 1040.792 6267.099 164.89439
501.44 9527.771 1228.534 6296.083 163.7722
502.61 8843.392 423.137 5408.076 168.9139
503.78 8891.411 629.929 5761.278 161.00019
504.95 9183.682 1123.474 6516.415 149.45848
506.12 8889.755 696.943 5888.053 157.82389
507.29 8919.847 335.186 5433.538 168.3811
508.46 9213.58 32.165 5307.125 174.05658
509.63 10132.58 1258.165 6645.125 164.73883
510.8 10457.414 1179.612 6671.095 168.94894
511.97 10370.326 558.552 5824.426 186.32754
513.14 10584.821 258.528 5792.702 186.5914
514.31 10867.935 785.746 6241.206 184.80915
515.48 10397.766 495.01 6045.359 178.41682
516.65 10449.437 525.087 6124.614 177.23551
517.81 10130.023 355.806 5922.374 175.58787
518.98 10315.793 695.01 6349.102 170.1561
520.15 9932.942 161.13 5858.695 171.50858
521.32 10400.992 703.605 6464.457 168.33251
522.49 11043.844 1502.503 7468.221 159.93617
523.65 11261.689 1158.859 7184.404 167.66665
524.82 11429.092 638.073 6545.839 182.6582
525.99 11331.188 78.517 6017.496 189.47147
527.16 12040.619 631.25 6882.031 182.52711
528.32 12560.636 730.182 7018.969 188.11982
529.49 12613.836 411.619 6654.732 195.45084
530.66 12639.585 114.367 6539.298 194.9471
531.82 12579.627 180.957 6592.071 193.39336
532.99 12729.624 320.274 6997.255 185.8527
534.16 12731.068 444.256 7148.912 183.25792
535.32 13111.723 794.401 7641.229 179.89823
536.49 12921.645 294.408 7207.866 182.64718
537.65 13844.248 1011.059 8080.564 181.52882
538.82 13655.656 321.816 7430.58 187.56905
539.99 14265.957 642.721 8076.725 183.25571
541.15 14857.616 818.39 8357.766 186.21205
542.32 15249.866 147.979 7854.74 195.95633
543.48 16464.92 811.155 8785.676 196.29725
544.65 17049.23 992.785 8917.718 202.60671
545.81 18056.68 1483.292 10133.099 191.60414
546.98 18234.465 503.106 9285.714 201.89172
548.14 18855.18 783.792 9857.099 199.17091
549.31 18715.533 402.873 9415.179 203.19617
550.47 19228.756 469.443 9763.554 201.84086
551.63 19462.023 914.806 10766.874 188.2571
552.8 19383.725 454.584 10034.545 197.591
553.96 19648.268 459.852 10240.767 196.18222
555.13 19959.678 391.45 10690.69 189.99681
556.29 20893.199 934.084 11394.302 190.80975
557.45 20893.338 274.46 10552.64 200.60827
558.62 21863.732 523.468 11224.534 199.42185
559.78 22789.465 771.606 11627.214 202.82474
560.94 22862.578 371.982 11276.809 206.24442
562.11 23977.41 391.088 11510.37 212.12091
563.27 24484.654 157.975 11361.672 217.13082
564.43 25066.012 32.397 11656.66 215.35658
565.59 25384.896 205.838 12004.749 213.40155
566.76 25712.092 351.073 12192.839 214.16585
567.92 26077.529 571.349 12448.455 214.7508
569.08 26468.666 715.042 13216.978 205.9971
570.24 26027.637 352.024 12896.877 204.67049
571.4 26512.111 226.366 12819.042 208.73836
572.57 26341.107 367.342 13100.317 203.98818
573.73 26495.109 55.524 13072.134 203.12191
574.89 27231.953 452.697 13544.0 204.55761
576.05 27803.658 476.158 13770.987 205.54984
577.21 27798.035 157.714 13514.587 206.93707
578.37 28612.889 18.954 13640.76 209.91295
579.53 29975.787 193.644 13978.47 216.0502
580.69 30221.244 597.535 14724.34 209.69858
581.85 30571.777 351.919 14327.072 216.2399
583.01 31309.455 401.88 14435.816 220.23454
584.17 32005.0 484.83 14656.854 222.41121
585.33 32158.188 572.517 14948.496 219.71144
586.49 32765.99 377.763 14735.049 225.5874
587.65 32377.334 573.278 15187.824 217.61918
588.81 32116.398 566.521 15553.064 210.52137
589.97 32496.623 929.433 15628.847 214.75135
591.13 32146.926 421.02 15287.808 213.40122
592.29 31733.064 336.574 15254.096 210.4672
593.45 31851.332 213.595 14965.508 214.46532
594.61 32020.826 134.052 15178.927 211.94443
595.77 31742.311 196.961 15395.896 207.54973
596.93 32040.148 91.091 14998.683 214.31401
598.09 32642.857 382.753 15545.343 212.76118
599.24 32928.645 138.067 15446.458 214.20002
600.4 33727.992 291.763 15433.549 220.82091
601.56 33383.09 233.39 15322.522 219.69255
602.72 34108.598 368.616 15465.42 223.49089
603.87 34594.406 473.064 15310.146 229.97339
605.03 34322.098 232.116 15238.92 227.16351
606.19 34660.977 148.514 14826.428 235.13193
607.35 34151.566 -3.926 15131.096 225.67191
608.5 34145.102 594.457 15492.328 225.20429
609.66 34503.207 989.651 15859.107 225.38522
610.82 33550.602 146.299 15137.236 222.82998
611.97 32965.699 125.084 14915.802 222.03531
613.13 33310.832 573.754 15514.6 219.11128
614.29 32813.711 496.993 15383.016 217.09437
615.44 32794.953 717.539 15456.908 217.63084
616.6 32494.576 180.141 14843.401 220.37687
617.76 32625.633 663.0 15414.652 216.67154
618.91 32913.918 726.314 15170.268 222.84483
620.07 32547.088 641.049 15204.114 219.08876
621.22 32568.143 17.567 14577.958 223.55564
622.38 33745.199 1061.084 15637.302 224.22906
623.53 33309.113 78.366 14625.542 228.43435
624.69 33657.363 112.137 14268.832 236.95662
625.84 33672.164 217.542 14299.978 237.56276
627.0 33970.051 488.964 14831.709 233.43569
628.15 34081.254 -0.398 14734.646 231.29658
629.31 33742.215 318.175 14728.331 231.9478
630.46 33685.734 -23.532 14344.034 234.62057
631.61 33854.652 374.134 14629.264 234.86646
632.77 34059.059 228.189 14833.106 231.64027
633.92 33298.457 495.38 14691.816 231.06557
635.08 33722.805 949.577 15177.407 230.34592
636.23 33624.578 308.482 14744.809 230.7796
637.38 32812.5 -74.511 14334.446 228.24005
638.54 33159.281 654.76 15135.48 224.46757
639.69 32973.473 936.831 15459.111 220.60338
640.84 33265.297 490.402 14738.753 230.02588
641.99 32781.195 97.409 14039.882 234.41886
643.15 33301.594 816.916 14835.512 231.72561
644.3 33362.992 95.422 14179.142 236.21296
645.45 33327.891 -58.071 14110.771 235.62942
646.6 33999.789 811.436 15075.401 232.67269
647.75 33619.688 161.942 14418.031 234.69091
648.91 34466.086 -136.551 13971.661 245.26592
650.06 34430.484 225.455 14825.291 234.28366
651.21 35400.383 417.462 14565.42 247.26481
652.36 35253.281 450.969 14709.05 244.08833
653.51 34920.68 101.475 14213.68 246.73115
654.66 35227.078 273.982 14861.81 239.60453
655.81 35646.977 651.989 15048.939 243.07222
656.96 35313.375 69.495 14402.569 245.89198
658.11 35501.273 365.002 14800.199 243.40694
659.27 35422.672 531.009 14925.328 242.39884
660.42 35168.57 29.015 14459.958 243.50145
661.57 35611.469 421.022 14835.088 244.13963
662.72 34110.367 -139.971 14611.718 232.1791
663.87 35382.77 -99.965 14122.848 249.47762
665.01 34925.668 316.042 14693.978 240.71346
666.16 35835.066 41.049 14739.607 243.5206
667.31 36155.465 95.555 14982.237 242.22933
668.46 36662.863 760.562 15722.366 239.95971
669.61 36571.762 206.069 15547.996 237.03471
670.76 37774.16 4.575 15214.626 248.31992
671.91 37831.059 769.582 16378.756 237.43394
673.06 39708.957 519.589 16014.886 252.91137
674.21 37872.855 -161.405 15583.016 241.57295
675.35 39065.754 284.102 15720.146 251.24088
676.5 38835.152 167.609 15849.774 246.57018
677.65 39663.051 72.615 15783.904 251.98719
678.8 39402.449 -110.878 15727.034 249.48571
679.94 41382.348 40.629 16048.164 258.26411
681.09 41993.746 370.135 17049.793 249.54715
682.24 42747.145 363.142 17513.924 247.12577
683.39 42442.043 -1.851 17222.553 246.4172
684.53 43544.941 558.155 17196.684 258.3569
685.68 43562.84 214.662 17614.813 249.1253
686.83 43769.238 301.169 17607.443 251.16942
687.97 43373.137 298.175 17622.072 248.64476
689.12 44122.035 178.182 17514.703 253.47561
690.27 43310.434 68.189 17408.832 249.36932
691.41 44131.336 468.195 17969.961 249.47849
692.56 43313.734 358.702 17742.592 247.09678
693.7 44700.633 378.709 17681.721 256.1515
694.85 43959.531 48.215 17192.852 256.12276
695.99 44747.93 398.222 17794.98 254.93087
697.14 44322.828 184.229 17551.111 254.15384
698.28 45040.227 342.735 18251.74 249.5811
699.43 45147.125 391.242 18390.369 248.65585
700.57 44765.523 -74.251 17710.5 252.12483
701.72 45085.422 -50.745 17219.129 261.35783
702.86 45214.82 -107.738 17549.26 256.68326
704.01 45894.719 50.269 17415.389 264.00307
705.15 46269.617 433.275 18332.02 256.08691
706.29 46720.516 126.782 17723.648 264.78426
707.44 46842.914 171.288 18374.777 256.38835
708.58 47516.313 -124.205 17936.408 263.78129
709.72 48219.211 629.302 18731.037 262.90247
710.87 46977.109 -137.192 17783.168 262.90935
712.01 47041.008 0.315 17644.297 266.61041
713.15 47252.406 217.322 18427.928 258.28402
714.3 47547.805 348.828 17921.557 268.59219
715.44 47382.203 92.335 18611.186 255.36071
716.58 48590.602 277.342 18420.816 266.28449
717.72 47143.5 52.848 18398.945 256.6794
718.87 48266.402 240.855 18262.076 266.49441
720.01 47251.801 117.362 18078.205 262.42887
721.15 47678.199 -54.132 17879.836 266.156
722.29 47577.598 345.875 18022.965 267.19173
723.43 47793.496 498.882 18553.596 261.95161
724.57 48050.395 450.388 18287.225 266.8635
725.72 47464.293 244.895 18067.354 264.94323
726.86 48268.191 678.902 18459.484 267.64753
728.0 47774.09 164.408 17772.113 270.39118
729.14 48383.988 -2.085 17477.244 276.81882
730.28 47478.387 481.422 17805.373 271.28317
731.42 48226.285 10.928 17753.004 271.75714
732.56 48583.184 722.435 18545.133 268.53818
733.7 48495.082 386.942 18597.262 264.18064
734.84 48416.48 -127.052 17331.393 278.05188
735.98 48215.379 148.955 17932.521 270.28563
737.12 49490.277 -3.038 17789.152 278.17438
738.26 48496.176 17.468 17486.281 277.51575
739.4 49014.074 228.475 17917.912 275.78944
740.53 48396.973 407.482 18162.541 270.28629
741.67 48380.371 273.488 17733.67 275.52338
742.81 49825.27 -222.505 17185.301 287.50191
743.95 48539.168 241.002 17969.93 272.42576
745.09 48596.57 19.508 17370.561 279.96609
746.23 48566.469 399.515 17605.189 279.94807
747.36 49069.367 453.522 17477.32 285.57578
748.5 48997.266 60.028 17069.949 287.69821
749.64 47201.164 25.035 17006.078 277.81644
750.78 47378.063 -5.458 16833.209 281.39709
751.92 47564.461 74.548 16909.838 282.08551
753.05 46786.859 155.555 16258.969 289.57403
754.19 47974.258 635.562 16783.098 293.16359
755.33 46493.156 -151.932 16117.228 286.70866
756.46 45403.555 245.075 16057.357 285.59115
757.6 45298.953 82.082 15697.487 289.56578
758.74 45080.852 562.088 16315.617 282.5955
759.87 45169.75 244.595 16092.247 283.48146
761.01 44025.148 271.102 15563.377 286.11862
762.14 45285.547 234.608 15825.006 288.96594
763.28 45127.445 408.115 15272.136 300.85621
764.41 44297.844 249.121 15157.766 295.4576
765.55 44110.242 -123.872 14748.896 297.41684
766.69 43255.141 289.635 15202.025 288.1195
767.82 43350.539 266.641 15014.155 292.14346
768.95 42311.938 26.148 14525.285 291.64349
770.09 42612.336 737.655 15281.915 287.91207
771.22 43159.734 661.661 15275.044 290.81613
772.36 42641.137 504.168 14678.674 297.27293
773.49 42754.035 489.175 14838.804 294.53626
774.63 42159.434 196.181 14003.434 303.92182
775.76 40234.832 154.688 13969.563 290.12309
776.89 41505.73 428.195 14067.693 301.16602
778.03 41364.629 360.201 13450.823 313.23514
779.16 40176.527 8.708 13358.952 300.87704
780.29 39874.426 308.215 13035.582 310.87506
781.43 39783.824 606.221 13093.712 313.73479
782.56 39055.223 315.228 13181.842 301.08928
783.69 38801.621 11.735 12475.972 311.20947
784.82 37729.52 233.241 12821.602 297.86467
785.96 37875.918 116.748 12587.731 302.7762
787.09 36712.816 204.255 12186.361 304.69235
788.22 36723.215 394.261 12237.99 306.73577
789.35 37014.613 157.768 11739.62 318.22929
790.48 36477.012 142.275 12009.25 306.18364
791.62 35642.41 580.281 11944.38 308.53418
792.75 35071.809 5.288 11194.01 313.40953
793.88 34391.207 737.795 11788.14 304.54626
795.01 34300.105 353.801 11355.77 308.54756
796.14 34634.504 404.808 11514.898 308.09556
797.27 32930.902 493.815 11487.528 295.05123
798.4 33574.801 283.321 10909.158 313.30689
799.53 32570.201 -4.672 10310.788 315.78691
800.66 32066.6 316.335 10739.418 304.6149
801.79 33004.0 1276.841 11846.548 300.17067
802.92 32112.896 199.848 10216.178 318.6102
804.05 31401.795 381.855 10327.308 311.90073
805.18 31815.193 290.861 10017.937 324.0885
806.31 31612.094 215.868 9756.066 329.09405
807.44 30654.992 -64.625 9580.196 318.50892
808.57 31258.891 400.381 10089.826 318.47551
809.69 30409.789 400.888 9940.456 314.57295
810.82 29464.188 -163.605 9102.586 319.74078
811.95 30712.086 988.401 10112.216 325.78133
813.08 29737.984 103.908 8928.345 335.81833
814.21 29394.383 1064.915 10169.975 311.13983
815.33 29393.281 282.921 9203.104 326.34262
816.46 28594.68 308.928 9013.734 324.94406
817.59 28517.078 847.435 9490.864 320.12343
818.72 28306.477 504.441 8670.494 340.45867
819.84 27655.377 896.448 9116.124 325.54724
820.97 26585.775 446.454 8550.754 322.53647
822.1 26603.174 593.961 8538.383 327.38963
823.22 25670.572 -30.532 7767.513 329.58395
824.35 25930.971 92.474 7844.143 333.32821
825.48 25899.369 574.481 7850.272 348.07057
826.6 24888.268 310.488 7455.902 343.96576
827.73 24852.166 -144.506 7245.032 338.27113
828.85 24401.064 268.501 7361.662 340.223
829.98 24517.463 610.008 7638.292 340.16064
831.11 24280.861 70.014 6945.921 352.11132
832.23 23915.262 81.521 6962.051 346.39398
833.36 23775.16 524.528 7592.181 328.97247
834.48 23318.559 259.034 6894.811 347.50305
835.6 23513.457 482.041 7014.94 352.54509
836.73 22710.855 -7.952 6711.07 338.1267
837.85 22206.254 535.054 6989.7 335.74578
838.98 22368.652 -104.439 6228.33 354.86993
840.1 22628.051 458.568 6766.959 351.42847
841.23 21767.949 371.074 6570.589 345.13791
842.35 22614.348 720.581 7111.219 342.59127
843.47 21411.246 248.588 6354.849 346.57311
844.6 21036.145 26.594 6149.978 343.10361
845.72 21360.545 155.101 6077.608 358.04845
846.84 21064.943 134.608 5955.738 359.55794
847.96 20995.842 139.114 5813.368 367.56779
849.09 21116.24 58.121 5820.497 365.4416
850.21 20770.639 232.628 5935.127 360.15806
851.33 20380.537 385.134 5976.757 357.59572
852.45 20058.436 25.141 5610.387 358.68242
853.57 19775.334 232.148 5832.016 348.99367
854.7 19307.232 67.654 5477.146 355.66333
855.82 19088.131 -0.339 5659.776 337.24527
856.94 19745.029 485.168 5827.405 360.52049
858.06 18891.928 -64.326 5132.035 364.79863
859.18 18843.328 425.181 5653.165 352.29922
860.3 19426.227 244.688 5345.295 376.06382
861.42 18923.125 -89.306 5013.424 372.59331
862.54 18165.523 -65.799 4962.554 362.57044
863.66 18128.422 50.708 4975.184 367.09921
864.78 18464.82 186.714 5073.814 374.00722
865.9 18521.719 244.221 5222.943 367.11221
867.02 18298.117 1277.228 6443.073 329.48893
868.14 18392.016 879.234 5701.203 363.18736
869.26 17814.414 575.741 5163.833 375.72639
870.38 17310.813 -90.252 4456.962 382.67523
871.5 17515.711 -94.746 4453.592 387.18443
872.62 17250.111 69.761 4578.222 381.06904
873.74 16944.51 699.268 5511.852 337.55758
874.85 16431.709 40.271 4430.417 373.36889
875.97 17046.709 286.271 4564.417 391.76876
877.09 16915.209 373.271 4811.917 372.67985
878.21 16153.708 220.771 4370.917 383.91272
879.33 16352.708 334.771 4641.417 371.93534
880.44 16172.708 254.771 4375.417 386.29716
881.56 15548.708 111.271 4114.417 385.63266
882.68 15627.708 256.271 4367.917 373.85121
883.79 16399.209 826.771 4988.417 374.18943
884.91 15508.208 -58.229 3702.917 413.87485
886.03 15297.208 456.271 4455.417 371.10269
887.14 15171.208 659.271 4800.417 350.43291
888.26 15551.208 777.271 4809.917 366.35842
889.38 16146.708 636.271 4577.417 393.55148
890.49 15578.208 -89.729 4014.417 381.75878
891.61 16113.708 307.771 4176.917 408.51233
892.72 15600.208 -13.229 4058.417 383.46746
893.84 15745.708 -99.229 3906.917 395.51573
894.95 15989.708 -87.229 3941.917 399.01601
896.07 16181.708 152.271 4075.417 408.58631
897.18 16103.708 384.271 4307.417 400.68452
898.3 15949.708 -41.229 3881.917 407.60496
899.41 15973.208 577.271 4446.917 397.86426
900.53 16319.208 335.771 4029.417 432.72792
901.64 15592.708 462.271 4350.417 389.14276
902.75 15120.208 262.771 4055.917 391.69169
903.87 15181.208 116.771 3876.417 400.68766
904.98 15200.708 403.771 4044.917 406.38133
906.09 15000.208 235.771 3943.917 398.16225
907.21 14492.208 438.771 3919.917 403.70147
908.32 14798.708 198.271 3488.417 443.7626
909.43 14344.708 650.771 3977.917 411.5821
910.54 13943.708 280.271 3820.917 385.90239
911.66 14304.208 1160.771 4581.417 384.23849
912.77 13455.208 85.771 3214.417 427.32343
913.88 13510.708 300.271 3645.417 394.91363
914.99 12899.208 69.271 3371.417 388.53332
916.1 13474.708 349.771 3617.417 401.66339
917.22 13106.708 58.771 2918.417 456.27807
918.33 12810.708 688.771 3724.917 399.2541
919.44 12648.208 270.271 3384.417 397.47454
920.55 13095.708 660.771 3674.417 412.62104
921.66 12380.208 428.771 3272.917 420.21182
922.77 12104.208 488.271 3282.417 415.72407
923.88 12512.708 623.271 3542.917 407.22188
924.99 11875.708 373.771 3227.417 403.06112
926.1 11033.208 -11.229 2623.917 419.12052
927.21 11533.208 652.771 3484.417 384.24427
928.32 10504.208 -84.729 2456.417 416.6993
929.43 10729.208 251.771 2756.917 418.2366
930.54 10526.208 111.271 2439.417 447.34899
931.65 10219.208 266.271 2607.917 425.04023
932.76 10082.208 381.771 2750.917 409.4487
933.86 9769.708 302.271 2464.417 437.87226
934.97 9446.708 113.771 2305.417 425.84147
936.08 8971.708 164.771 2138.417 446.22681
937.19 8385.708 708.271 2768.917 372.5743
938.3 7659.208 472.271 2273.917 398.90955
939.4 7111.208 674.771 2431.417 366.40495
940.51 6559.708 305.271 1864.417 401.14515
941.62 6251.208 503.771 1984.417 388.17101
942.73 6276.708 1102.771 2513.917 366.64796
943.83 5638.708 302.771 1592.417 413.75219
944.94 5856.208 338.271 1721.417 398.94115
946.05 5570.708 -35.729 1180.417 461.00046
947.15 5688.208 -25.729 1255.417 446.00214
948.26 5887.208 228.771 1623.917 405.58038
949.36 6003.708 98.271 1469.917 430.53664
950.47 6147.208 326.771 1819.917 389.81041
951.57 6511.708 844.771 2349.917 376.5042
952.68 6353.708 568.771 1976.417 410.96543
953.79 6514.208 439.271 2026.417 382.75864
954.89 6193.208 121.771 1668.417 392.55515
955.99 6469.208 391.271 2152.917 345.01472
957.1 6451.208 230.271 1637.417 442.09617
958.2 6810.708 271.271 1806.417 425.98154
959.31 6919.708 455.771 2090.917 395.31259
960.41 6401.708 130.271 1642.917 414.60054
961.52 6633.208 10.271 1452.917 459.08273
962.62 6643.708 493.771 1946.917 423.21546
963.72 6436.708 -50.729 1492.417 420.40342
964.83 6596.208 -70.729 1396.917 454.26067
965.93 6848.208 341.771 1883.917 421.90808
967.03 6961.708 714.271 2232.917 411.38211
968.13 6681.208 466.771 1975.417 411.92159
969.24 6545.208 175.771 1604.417 445.83743
970.34 6577.208 206.771 1605.917 455.30907
971.44 6480.708 265.771 1650.417 448.84675
972.54 6553.208 346.771 1881.917 404.28979
973.64 6119.208 142.271 1643.917 398.0258
974.75 6905.208 1069.771 2472.917 415.88246
975.85 7578.708 3162.271 4867.417 259.00647
976.95 6048.208 189.771 1479.917 454.09113
978.05 6379.208 525.771 1934.917 415.38907
979.15 6355.708 896.271 2298.917 389.22422
980.25 5740.708 99.771 1282.917 476.77452
981.35 5685.208 179.271 1406.417 448.67836
982.45 6420.708 891.771 2297.417 393.33786
983.55 5908.708 462.771 1760.417 419.67829
984.65 5909.708 418.271 1628.917 453.59574
985.75 5556.708 675.271 1828.917 423.1314
986.85 5500.208 372.271 1638.417 405.00373
987.95 5259.208 185.271 1345.917 437.16504
989.05 5443.208 783.271 2071.417 361.75542
990.15 5338.708 628.271 1710.417 435.28678
991.25 5054.208 443.271 1513.917 430.66883
992.34 5195.208 835.771 1982.917 380.02472
993.44 5109.208 478.271 1473.917 465.11899
994.54 4651.708 386.771 1334.417 450.0561
995.64 4749.708 731.271 1754.417 392.75318
996.74 4764.208 789.271 1829.917 381.96835
997.83 4466.208 73.771 1008.417 469.95743
998.93 4571.708 315.271 1299.917 432.2811
1000.03 4934.708 1230.771 2285.917 351.0356
1001.12 4507.208 704.771 1735.417 368.93738
1002.22 4382.208 729.271 1828.417 332.34332
1003.32 4038.208 272.271 1190.917 409.94445
1004.41 3978.708 467.271 1408.417 373.10239
1005.51 3872.208 402.771 1217.917 425.62171
1006.6 3521.208 188.771 987.917 416.9999
1007.7 3809.208 624.271 1470.917 376.18298
1008.8 3380.708 103.271 755.917 502.17701
1009.89 3540.208 577.771 1331.917 392.82025
1010.99 3744.708 384.771 1149.417 439.41096
1012.08 3520.708 47.271 826.417 445.80067
1013.18 3538.708 394.271 1240.917 371.39941
1014.27 3842.708 202.271 1009.417 451.02597
1015.36 3837.208 334.271 1124.417 443.32799
1016.46 3708.208 402.771 1194.917 417.2764
1017.55 3520.708 148.271 862.917 471.9033
1018.65 3610.708 496.771 1208.917 437.26123
1019.74 3648.708 586.771 1441.917 358.06027
1020.83 3333.208 505.271 1239.417 385.20107
1021.93 3136.708 280.271 1081.417 356.54402
1023.02 2896.208 38.271 740.917 406.73938
1024.11 2771.708 63.771 754.417 392.0877
1025.2 2733.208 88.271 722.417 417.08661
1026.3 2872.708 454.271 1131.917 356.88814
1027.39 2873.708 597.771 1268.417 339.36504
1028.48 2857.708 486.771 1072.417 404.84154
1029.57 2566.208 312.771 901.917 382.49229
1030.66 2549.208 451.771 1035.417 359.36821
1031.75 3070.708 1483.271 2155.917 235.99898
1032.84 2567.708 652.771 1237.417 327.53804
1033.94 2293.208 161.271 678.417 412.2507
1035.03 2520.708 773.771 1262.917 357.14043
1036.12 1918.208 90.271 614.917 348.41361
1037.21 1950.708 66.771 609.417 347.17625
1038.3 2371.208 522.771 1049.417 350.98303
1039.39 1898.708 153.271 549.417 440.60477
1040.48 2017.708 455.771 904.417 348.14488
1041.57 2037.208 616.271 1021.917 350.29016
1042.66 1886.708 441.771 862.917 343.09671
1043.74 1957.708 508.271 928.417 344.98438
1044.83 1803.708 543.271 974.917 292.00732
1045.92 1578.208 45.771 481.917 351.35899
1047.01 1860.708 617.771 1054.417 284.65578
1048.1 1350.708 96.771 402.417 410.25836
1049.19 1558.708 502.271 822.417 329.98633
1050.27 1446.708 342.271 705.417 304.13057
1051.36 1392.208 305.271 681.417 288.96705
1052.45 1539.708 469.771 875.417 263.76149
1053.54 1406.708 466.771 758.417 322.28731
1054.62 1395.708 525.271 900.417 232.02643
1055.71 1414.208 467.771 822.917 266.49264
1056.8 1533.708 688.271 1055.917 229.9598
1057.88 1210.208 328.771 652.417 272.34632
1058.97 1327.208 458.771 804.417 251.25068
1060.06 1529.708 834.771 1296.917 150.37193
1061.14 1167.708 367.771 664.417 269.66079
1062.23 1846.708 1608.271 2089.917 49.50473
1063.31 1138.708 547.271 887.917 173.62241
1064.4 962.208 279.271 610.417 206.23465
1065.48 1114.208 526.771 738.917 276.90266
1066.57 1106.208 362.771 691.917 225.86873
1067.65 1140.208 543.771 885.417 174.57772
1068.74 1031.708 357.271 635.417 242.47622
1069.82 1074.708 544.271 856.417 169.93259
1070.9 1962.208 2151.771 2635.417 -39.19445
1071.99 1032.208 561.771 908.917 135.51582
1073.07 958.708 491.771 826.917 139.32366
1074.15 1009.208 576.771 914.417 128.07427
1075.24 920.708 526.771 764.417 165.76661
1076.32 1032.208 625.771 880.417 159.60893
1077.4 1254.208 963.771 1324.417 80.53263
1078.49 783.708 218.271 494.417 204.76047
1079.57 982.708 655.271 905.917 130.6375
1080.65 1136.208 866.771 1207.917 78.98018
1081.73 784.708 382.771 651.417 149.61611
1082.81 625.208 238.271 479.917 160.12587
1083.89 810.208 548.771 799.417 104.30553
1084.98 850.708 533.271 847.417 101.0478
1086.06 642.708 267.771 470.917 184.56569
1087.14 667.208 283.771 487.417 188.28645
1088.22 758.708 524.771 765.417 97.21235
1089.3 550.708 261.771 458.417 146.93294
1090.38 1136.708 1101.771 1433.417 10.53458
1091.46 814.208 598.771 838.417 89.89827
1092.54 629.708 405.771 657.917 88.81268
1093.62 708.708 412.771 674.917 112.89039
1094.7 520.208 186.271 429.417 137.34041
1095.78 662.708 490.771 699.917 82.20936
1096.86 724.208 545.771 843.917 59.84906
1097.93 1059.208 1146.271 1458.417 -27.89162
1099.01 845.708 802.271 1099.917 14.59369
1100.09 565.708 334.271 492.917 145.88312
