196.55 752.306 637.312 786.812 76.91884
197.76 1041.504 939.8 1007.398 150.45512
198.96 916.402 856.3 947.424 65.95634
200.16 626.016 561.303 696.767 47.77082
201.36 1056.14 1037.285 1083.627 40.68646
202.56 794.449 695.791 778.669 119.03946
203.76 658.851 612.799 639.437 172.8824
204.96 760.752 695.308 762.704 97.10411
206.16 557.58 490.81 557.245 100.50456
207.36 862.976 819.305 896.15 56.82925
208.56 744.341 680.301 776.688 66.44094
209.76 549.129 497.306 507.611 502.89333
210.96 669.495 620.302 695.649 65.28846
212.16 1386.378 1311.814 1376.918 114.53056
213.36 859.506 733.805 811.518 161.74957
214.56 681.959 636.813 743.273 42.40648
215.76 1199.351 1209.3 1193.437 0.0
216.96 988.309 972.798 1001.699 53.67017
218.16 746.635 694.796 742.119 109.54209
219.35 604.61 483.31 595.113 108.49478
220.55 710.213 634.81 695.587 124.06469
221.75 657.021 581.816 649.629 110.90056
222.95 1001.324 923.809 1004.31 96.29115
224.15 793.531 746.315 839.879 50.4643
225.35 659.091 541.313 656.115 102.593
226.55 602.243 558.809 616.455 75.3458
227.75 922.824 842.309 995.81 52.45264
228.94 784.129 687.306 816.611 74.87954
230.14 775.853 694.304 744.057 163.90566
231.34 592.943 537.802 609.162 77.27281
232.54 559.546 577.802 580.135 -782.47051
233.74 593.176 576.298 619.857 38.74884
234.93 638.489 566.813 711.141 49.66234
236.13 691.832 621.303 718.438 72.6087
237.33 714.359 649.817 807.919 40.82266
238.53 676.315 583.311 677.061 99.20436
239.72 934.106 873.301 965.872 65.68544
240.92 498.66 429.306 521.979 74.83673
242.12 899.957 720.309 849.152 139.43155
243.31 586.271 461.804 578.702 106.4748
244.51 483.474 478.801 496.03 27.12197
245.71 899.273 823.809 941.823 63.94524
246.9 1155.974 1016.801 1087.53 196.76998
248.1 690.086 627.8 667.253 157.87375
249.3 687.156 643.297 691.738 90.54017
250.49 660.737 612.296 638.093 187.77883
251.69 768.985 666.304 806.899 73.03318
252.89 637.97 627.792 675.288 21.42808
254.08 464.129 415.806 524.111 44.6175
255.28 656.748 603.799 711.963 48.95294
256.47 483.608 424.305 524.492 59.19239
257.67 781.205 714.316 898.958 36.22624
258.86 914.234 748.311 943.206 85.13438
260.06 672.053 557.796 664.764 106.81443
261.26 976.862 951.802 1040.807 28.15574
262.45 714.281 598.303 696.951 117.56652
263.65 433.654 357.292 430.117 104.85574
264.84 781.127 692.302 784.491 96.35167
266.04 518.47 487.792 533.788 66.69597
267.23 389.337 360.292 453.946 31.0129
268.42 530.883 436.803 571.925 69.62563
269.62 685.322 609.305 708.189 76.87515
270.81 687.283 585.307 734.572 68.31845
272.01 608.413 634.302 688.294 -47.95108
273.2 809.224 731.789 765.603 229.00539
274.4 489.258 429.797 514.712 70.02389
275.59 752.411 677.298 770.173 80.87575
276.78 661.864 552.307 701.427 73.46905
277.98 559.746 548.295 575.842 41.57084
279.17 640.445 539.306 668.782 78.11431
280.37 629.151 532.288 609.497 125.45678
281.56 406.065 412.299 413.634 -467.02026
282.75 475.429 398.314 518.905 63.9475
283.95 580.123 536.293 607.749 61.33849
285.14 586.491 530.293 622.907 60.67918
286.33 514.849 436.295 590.816 50.83679
287.52 651.958 583.29 658.419 91.40125
288.72 788.814 681.787 738.707 188.03222
289.91 921.86 885.298 1013.686 28.47794
291.1 777.26 571.302 771.333 102.96313
292.29 662.904 610.304 691.544 64.74581
293.49 763.879 601.794 700.184 164.73722
294.68 506.89 465.297 524.054 70.78883
295.87 602.802 525.304 631.57 72.92765
297.06 659.728 643.798 714.844 22.42145
298.26 334.256 299.293 388.091 39.37336
299.45 589.271 543.304 587.202 104.713
300.64 616.713 483.31 675.587 69.38045
301.83 655.443 587.802 737.662 45.13667
303.02 535.999 450.311 566.89 73.50194
304.21 813.347 658.314 837.05 86.73885
305.4 634.029 540.81 611.258 132.32321
306.59 640.108 567.805 700.992 54.28688
307.79 558.229 526.802 604.965 40.20759
308.98 506.853 417.804 430.057 726.72207
310.17 689.533 614.752 820.557 36.33578
311.36 578.943 525.778 621.807 55.36313
312.55 960.066 886.78 989.4 71.41487
313.74 423.625 364.797 477.37 52.25769
314.93 752.341 618.301 728.188 121.98054
316.12 579.964 490.803 620.281 68.86248
317.31 341.288 306.797 397.08 38.20361
318.5 459.625 348.297 475.87 87.2663
319.69 554.502 462.296 635.277 53.30416
320.88 504.732 493.807 570.585 14.2289
322.07 473.032 425.795 499.645 63.96373
323.26 511.294 402.81 567.442 65.89495
324.45 361.565 303.799 394.634 63.59422
325.64 594.93 482.795 624.671 79.03737
326.83 639.26 558.302 725.333 48.46892
328.01 557.667 486.299 560.108 96.69306
329.2 704.229 615.802 741.965 70.09005
330.39 541.728 433.798 499.844 163.41603
331.58 441.697 341.799 477.476 73.62961
332.77 904.699 762.303 868.096 134.59838
333.96 328.104 246.296 326.251 102.31806
335.15 457.637 361.8 454.24 103.67481
336.33 411.197 355.799 444.476 62.47218
337.52 489.065 455.799 505.134 67.42843
338.71 522.402 413.8 477.924 169.36273
339.9 462.896 422.787 465.062 94.87653
341.08 480.358 430.293 495.565 76.70184
342.27 638.188 568.8 724.727 44.50013
343.46 733.415 666.807 760.414 71.1572
344.65 708.915 581.807 745.914 77.45441
345.83 720.885 631.308 723.046 97.64425
347.02 380.252 301.808 460.704 49.36842
348.21 692.383 643.303 792.925 32.80241
349.4 399.923 298.301 463.543 61.49886
350.58 511.275 454.789 565.59 50.97937
351.77 428.176 387.798 447.857 67.23145
352.96 257.067 236.303 372.754 15.2167
354.14 495.116 412.299 498.621 95.93963
355.33 441.271 369.804 470.202 71.18357
356.51 335.03 265.291 343.524 89.14271
357.7 522.608 427.282 473.638 205.63709
358.89 381.46 339.294 402.539 66.6713
360.07 615.898 589.291 704.182 23.15818
361.26 679.96 618.77 697.685 77.53875
362.44 491.477 448.263 489.063 105.91666
363.63 380.484 364.256 381.191 95.82495
364.81 439.001 396.749 440.569 96.42223
366.0 295.226 201.751 303.136 92.19882
367.18 1000.7 894.26 985.509 116.64824
368.37 436.583 297.772 489.278 72.48391
369.55 556.289 478.777 604.846 61.48387
370.74 654.657 556.277 681.504 78.5609
371.92 820.164 718.271 808.133 113.38886
373.11 379.937 353.765 403.445 52.68052
374.29 330.954 313.257 356.323 41.09186
375.48 442.388 436.769 487.079 11.16811
376.66 335.952 291.776 430.557 31.83159
377.84 741.083 592.272 782.778 78.11355
379.03 373.555 300.777 381.53 90.12321
380.21 293.448 226.268 291.815 102.49155
381.39 185.418 164.768 212.947 42.86051
382.58 626.871 491.777 631.701 96.54774
383.76 825.18 678.783 860.744 80.45505
384.94 825.933 730.28 864.558 71.23528
386.13 381.172 290.765 387.761 93.20626
387.31 425.032 379.272 440.291 74.99292
388.49 369.132 332.768 344.644 306.18807
389.68 507.911 448.774 479.319 193.60829
390.86 467.645 386.775 503.135 69.50048
392.04 685.638 571.281 781.506 54.39744
393.22 380.645 310.775 402.135 76.47851
394.41 414.367 325.768 358.46 271.0098
395.59 179.462 165.775 242.306 17.88432
396.77 413.219 334.78 470.861 57.64152
397.95 416.341 322.278 556.333 40.18829
399.13 590.168 503.78 630.374 68.24028
400.31 350.446 349.763 369.695 3.4273
401.5 470.695 357.271 533.001 64.54434
402.68 516.418 430.768 535.947 81.43246
403.86 339.043 304.774 428.161 27.77368
405.04 616.578 504.782 661.77 71.21268
406.22 329.092 236.27 344.027 86.14041
407.4 533.121 454.289 616.629 48.56016
408.58 650.011 535.771 654.672 96.07989
409.76 629.623 581.269 669.895 54.55892
410.94 503.145 418.275 530.135 75.87233
412.12 397.742 297.786 474.601 56.53172
413.3 354.759 282.278 400.478 61.32061
414.48 319.678 235.278 327.623 91.39572
415.66 394.312 256.783 417.586 85.5266
416.84 808.127 711.278 899.136 51.55401
418.02 457.053 370.273 516.91 59.18006
419.2 336.392 270.778 400.32 50.65047
420.38 427.829 361.775 479.964 55.88881
421.56 404.159 344.282 458.125 52.59604
422.74 742.143 626.77 725.514 116.84112
423.92 546.115 478.276 577.267 68.53114
425.1 419.178 356.778 460.123 60.37965
426.28 408.203 299.788 468.984 64.07646
427.46 903.019 769.788 1014.655 54.40955
428.63 516.221 345.785 548.482 84.08444
429.81 502.049 367.787 595.023 59.08491
430.99 510.68 430.283 621.244 42.10119
432.17 753.987 655.284 850.666 50.51768
433.35 572.833 457.284 685.705 50.58615
434.52 267.061 119.79 327.892 70.76832
435.7 391.824 249.785 448.956 71.315
436.88 578.81 480.778 711.965 42.40378
438.06 498.04 370.789 600.274 55.45067
439.23 369.361 262.779 427.452 64.72366
440.41 501.5 404.792 636.156 41.79914
441.59 558.594 501.775 672.148 33.35022
442.77 340.256 214.793 501.091 43.82243
443.94 615.566 516.78 746.4 43.02156
445.12 615.252 466.784 706.35 61.97364
446.3 749.545 645.279 825.781 57.76454
447.47 547.373 431.781 704.322 42.4126
448.65 588.515 508.779 737.913 34.79864
449.82 449.515 318.279 536.413 60.16282
451.0 465.005 320.281 641.164 45.10191
452.18 378.201 267.784 553.863 38.59659
453.35 437.25 329.28 615.729 37.69252
454.53 459.905 345.785 636.811 39.2131
455.7 341.792 218.782 582.967 33.7767
456.88 710.079 569.287 920.391 40.10001
458.05 516.078 385.282 675.77 45.02606
459.23 340.18 219.283 554.744 36.03902
460.4 483.75 328.28 668.729 45.6661
461.58 580.396 458.287 760.062 40.46361
462.75 328.252 185.284 601.85 34.32054
463.93 524.087 405.781 780.019 31.61253
465.1 488.789 307.777 695.346 46.70449
466.28 301.714 146.791 592.353 34.77024
467.45 256.75 95.78 541.229 36.13654
468.63 495.343 296.782 831.954 37.10221
469.8 689.364 480.783 970.573 42.58571
470.97 426.394 235.782 732.941 38.34016
472.15 603.572 382.293 961.762 38.18653
473.32 628.714 471.791 1011.853 29.05648
474.49 690.886 534.788 1139.313 25.82163
475.67 490.244 291.79 941.221 30.55815
476.84 372.112 204.29 832.379 26.71936
478.01 584.487 407.784 1020.666 28.83138
479.19 558.828 344.794 999.697 32.68173
480.36 357.989 228.289 888.787 19.63667
481.53 527.559 339.786 1107.772 24.45004
482.7 481.184 276.792 1067.485 25.84972
483.88 424.716 217.295 956.474 28.06097
485.05 468.579 266.287 1002.891 27.46289
486.22 556.013 328.799 1176.147 26.81481
487.39 404.434 226.803 1092.412 20.52088
488.56 503.956 361.785 1131.298 18.47548
489.74 670.858 484.293 1461.065 19.10013
490.91 330.286 172.292 1090.959 17.19816
492.08 382.956 286.285 1179.298 10.82529
493.25 340.593 194.794 1080.881 16.45426
494.42 467.4 309.795 1247.803 16.80203
495.59 481.481 288.795 1286.158 19.31957
496.76 553.71 292.782 1273.112 26.61634
497.93 628.784 386.288 1406.339 23.77296
499.1 634.114 417.795 1404.0 21.93448
500.27 993.135 613.796 1779.619 32.53828
501.44 966.724 701.289 1728.603 25.83771
502.61 648.551 297.292 1333.643 33.89385
503.78 763.799 379.799 1565.95 32.37365
504.95 1101.1 737.788 1932.01 30.42254
506.12 814.034 404.8 1650.766 32.84477
507.29 680.123 242.793 1464.249 35.804
508.46 441.021 62.793 1302.775 30.50271
509.63 1233.021 694.793 2091.775 38.52791
510.8 1220.765 716.291 2035.34 38.24528
511.97 851.142 370.79 1692.248 36.35019
513.14 740.443 192.302 1556.662 40.17574
514.31 1039.246 498.295 1935.342 37.64327
515.48 901.025 323.301 1840.017 38.09044
516.65 829.479 231.291 1812.537 37.83019
517.81 789.87 242.296 1777.935 35.65769
518.98 1003.438 426.289 2005.8 36.53972
520.15 764.271 166.304 1814.202 36.28664
521.32 964.898 395.291 2019.182 35.07665
522.49 1483.157 830.801 2646.359 35.93146
523.65 1347.625 640.297 2458.37 38.90537
524.82 1042.744 363.79 2115.721 38.75461
525.99 734.392 77.801 1942.175 35.21778
527.16 1206.017 393.807 2333.388 41.87555
528.32 1187.939 402.293 2408.92 39.15259
529.49 1034.633 302.791 2284.998 36.92053
530.66 795.58 97.31 2176.245 33.58786
531.82 987.182 173.287 2282.865 38.58092
532.99 1058.216 235.795 2325.974 39.34691
534.16 1132.297 255.795 2515.329 38.7913
535.32 1415.33 524.799 2882.818 37.76607
536.49 1075.697 160.299 2617.476 37.25407
537.65 1545.01 586.79 3077.906 38.46548
538.82 1157.921 139.296 2788.922 38.44408
539.99 1427.96 390.794 3119.539 38.00891
541.15 1556.191 434.286 3229.114 40.1422
542.32 1268.871 96.801 3054.056 39.63374
543.48 1711.557 475.805 3560.505 40.06069
544.65 1798.355 600.808 3700.178 38.63838
545.81 2187.635 823.796 4248.619 39.82217
546.98 1689.985 293.804 3874.899 38.98755
548.14 1877.135 476.296 4179.119 37.83164
549.31 1605.86 234.798 4024.686 36.17686
550.47 1765.534 225.3 4293.266 37.86253
551.63 1996.37 607.796 4723.435 33.73895
552.8 1596.296 271.29 4366.708 32.35335
553.96 1681.758 250.297 4622.212 32.74219
555.13 1714.402 241.8 4853.424 31.9324
556.29 1956.883 594.303 5412.925 28.27737
557.45 1491.865 153.787 5053.694 27.30824
558.62 1657.82 299.8 5358.569 26.84487
559.78 1833.985 428.304 5788.899 26.22249
560.94 1826.055 228.301 5637.885 29.53563
562.11 1864.067 219.303 5692.254 30.05259
563.27 1735.688 51.8 5799.727 29.29556
564.43 1636.646 18.298 5993.489 27.08445
565.59 1665.61 148.31 6245.113 24.88682
566.76 1529.744 198.29 6390.222 21.50305
567.92 1623.661 314.31 6725.6 20.42259
569.08 1517.178 419.802 7051.478 16.5475
570.24 1402.672 217.289 6984.116 17.51757
571.4 1467.493 121.798 7094.528 19.2994
572.57 1789.794 226.81 7483.942 21.53722
573.73 1848.76 37.302 7426.333 24.5155
574.89 2174.262 213.806 7847.953 25.68009
576.05 2325.154 286.292 8029.617 26.33057
577.21 2197.593 117.294 8039.381 26.25948
578.37 2365.085 23.3 8054.753 29.15768
579.53 2900.506 130.805 8437.019 33.34493
580.69 3319.311 338.802 8902.819 34.8027
581.85 3253.248 275.799 8910.963 34.48052
583.01 3288.228 225.298 9113.844 34.45929
584.17 3479.656 250.797 9301.738 35.67429
585.33 3818.892 346.802 9616.675 37.45564
586.49 3796.665 167.295 9590.487 38.51529
587.65 4167.4 298.295 10089.803 39.5149
588.81 4049.576 315.302 10218.004 37.70965
589.97 4499.483 521.799 10615.278 39.40845
591.13 4342.489 219.789 10313.786 40.84309
592.29 4488.832 243.303 10551.938 41.1842
593.45 4487.434 104.803 10655.912 41.53716
594.61 4291.642 108.29 10713.247 39.44714
595.77 4431.453 92.8 10935.911 40.01299
596.93 4568.663 66.291 10966.866 41.30399
598.09 4884.114 217.795 11187.5 42.53824
599.24 4889.464 114.803 11435.78 42.17535
600.4 4892.165 160.795 11628.487 41.25826
601.56 4913.279 113.298 11662.331 41.56175
602.72 5205.036 231.804 11967.887 42.37557
603.87 5448.868 270.315 12095.169 43.7938
605.03 5224.036 101.304 12100.887 42.69092
606.19 5313.708 37.301 12161.846 43.5184
607.35 5200.832 14.303 12196.438 42.57488
608.5 5575.269 340.3 12797.582 42.02336
609.66 6073.874 510.805 13099.177 44.19212
610.82 5661.002 113.796 12634.777 44.30328
611.97 5566.883 82.803 12888.426 42.82556
613.13 5809.701 342.307 13128.717 42.75941
614.29 5920.106 237.301 13115.372 44.12777
615.44 6131.995 341.302 13545.648 43.85444
616.6 6052.822 63.305 13354.189 45.06485
617.76 6146.474 329.801 13648.029 43.67452
618.91 6112.824 361.809 13814.81 42.74894
620.07 6283.046 341.302 13815.136 44.09839
621.22 6078.964 0.303 13783.78 44.10107
622.38 6879.883 580.303 14550.926 45.09162
623.53 6146.993 33.298 13968.028 43.87379
624.69 6312.639 66.805 14207.86 44.16809
625.84 6311.678 73.302 14285.478 43.89459
627.0 6674.049 252.287 14652.022 44.59639
628.15 6608.301 21.804 14519.07 45.43269
629.31 6883.072 215.293 14894.763 45.42248
630.46 6715.32 -33.2 14821.568 45.42999
631.61 6742.955 221.304 14963.031 44.23939
632.77 6935.307 198.793 15299.078 44.61183
633.92 7220.228 282.798 15514.344 45.54646
635.08 7576.928 503.29 15909.051 45.91554
636.23 7224.555 159.301 15739.385 45.34799
637.38 7177.423 -23.699 15808.043 45.48534
638.54 7414.981 324.295 16392.658 44.12824
639.69 7672.243 502.309 16554.455 44.66651
640.84 7821.394 225.299 16610.432 46.35968
641.99 7605.24 43.799 16462.553 46.05369
643.15 8066.587 457.299 17139.174 45.61411
644.3 7612.434 57.299 16769.295 45.20786
645.45 7656.281 -54.201 16717.918 45.97202
646.6 8277.628 498.299 17518.539 45.70634
647.75 8301.975 122.3 17449.16 47.20806
648.91 8066.822 -43.2 17428.281 46.41863
650.06 8438.669 95.3 17969.402 46.67853
651.21 8474.016 258.8 18139.023 45.94582
652.36 8438.363 291.8 18513.645 44.70768
653.51 8563.21 97.8 18511.266 45.97402
654.66 8999.557 106.801 18713.887 47.79231
655.81 9372.403 338.301 19291.508 47.6653
656.96 8974.751 29.301 19066.629 46.989
658.11 9386.598 201.301 19768.252 46.94291
659.27 9418.944 224.801 19963.873 46.5784
660.42 9403.791 23.801 20056.494 46.82341
661.57 10012.139 203.302 20446.115 48.4559
662.72 9922.985 -70.698 20387.236 48.84991
663.87 9933.332 -42.198 20518.857 48.51662
665.01 10412.679 153.802 21189.479 48.76894
666.16 10426.026 3.802 21443.1 48.61271
667.31 10485.373 69.302 22030.221 47.43003
668.46 11119.22 364.803 22584.342 48.40072
669.61 10639.566 85.803 22682.463 46.70497
670.76 10805.914 -15.197 23458.586 46.09871
671.91 11124.261 383.803 23855.207 45.75976
673.06 10860.107 292.803 24016.328 44.54357
674.21 11039.454 -86.197 24243.449 45.72878
675.35 11323.302 143.804 24499.57 45.90083
676.5 11570.648 107.304 24922.191 46.19543
677.65 10985.495 5.804 24847.313 44.19897
678.8 11042.842 -81.696 25238.434 43.93555
679.94 11135.189 20.804 26057.055 42.68812
681.09 11804.036 183.304 27397.676 42.70072
682.24 12270.883 202.305 27849.797 43.65162
683.39 12262.729 5.305 28278.42 43.35364
684.53 12635.577 205.305 28918.041 43.29184
685.68 12384.424 103.305 29660.162 41.55083
686.83 12113.271 149.805 29932.783 40.1688
687.97 12016.117 114.306 30277.904 39.45753
689.12 12484.965 72.806 30580.525 40.68531
690.27 13410.312 14.306 31086.146 43.11301
691.41 14498.158 252.306 31339.268 45.82581
692.56 14949.505 174.306 31676.389 46.90229
693.7 15188.353 173.806 31890.51 47.33955
694.85 14762.699 -17.193 32231.633 45.83079
695.99 15010.046 194.307 32802.254 45.43598
697.14 15425.893 89.807 33371.375 46.07982
698.28 16171.74 205.807 33858.996 47.44256
699.43 16779.086 115.807 34221.617 48.8576
700.57 16884.934 -75.193 34261.738 49.39325
701.72 17109.781 -61.692 34582.859 49.56472
702.86 17187.627 -99.192 35186.48 48.99104
704.01 17283.475 -16.692 35521.102 48.68104
705.15 18161.822 196.308 36909.723 48.93447
706.29 18227.168 30.308 36566.844 49.80456
707.44 19021.016 66.808 37279.465 50.93484
708.58 18985.863 -71.691 37047.086 51.34209
709.72 19586.209 315.809 38219.707 50.84015
710.87 18758.557 -109.191 37748.328 49.83884
712.01 19172.902 -56.691 38429.949 49.96433
713.15 19745.25 79.809 39302.074 50.13846
714.3 20261.598 208.309 39567.195 50.94984
715.44 21033.443 18.31 40557.816 51.83865
716.58 21380.791 111.81 40493.438 52.66995
717.72 21464.639 5.31 41119.559 52.19438
718.87 20973.484 68.31 41004.68 51.06748
720.01 20920.332 57.31 41645.301 50.16598
721.15 20654.678 -70.19 41052.422 50.39774
722.29 21631.025 172.811 42203.043 51.05424
723.43 22584.873 225.811 42608.164 52.75559
724.57 22630.219 187.311 42470.785 53.07726
725.72 22708.566 95.811 43220.406 52.43587
726.86 22801.914 355.311 43864.527 51.59046
728.0 22516.76 33.811 44052.148 51.07632
729.14 22423.107 -38.688 44322.27 50.63415
730.28 23425.953 244.812 44887.391 51.92608
731.42 23569.801 -48.688 44784.512 52.6808
732.56 24535.148 351.312 45598.133 53.4487
733.7 24720.994 203.812 46227.754 53.2705
734.84 24062.342 -91.688 45686.875 52.76275
735.98 24353.189 62.813 46867.496 51.89732
737.12 23994.035 -52.187 46692.117 51.44204
738.26 24234.383 22.813 46661.242 51.91335
739.4 25315.729 113.313 48017.363 52.6102
740.53 25527.576 146.813 47545.984 53.54685
741.67 26034.924 118.813 48219.105 53.87932
742.81 25834.77 -95.186 47892.727 54.03435
743.95 25781.117 158.814 48583.848 52.91128
745.09 25408.965 -2.686 48563.469 52.32379
746.23 25604.811 163.314 49352.09 51.72216
747.36 25899.658 212.314 49672.211 51.9357
748.5 26055.004 -6.686 49270.332 52.88812
749.64 26801.352 5.315 49776.453 53.83851
750.78 27067.699 -16.185 49686.074 54.49226
751.92 27114.545 17.315 49652.695 54.59257
753.05 26868.393 49.315 50249.316 53.42446
754.19 26580.74 323.315 50323.438 52.51472
755.33 25980.586 -118.685 49811.059 52.27199
756.46 26506.934 125.316 50277.18 52.60346
757.6 26678.281 8.816 49865.301 53.49247
758.74 27562.627 285.816 50412.422 54.41583
759.87 27660.475 83.816 50353.043 54.85793
761.01 27691.32 68.316 50854.664 54.39061
762.14 27415.668 68.817 50612.289 54.1056
763.28 26809.016 231.317 50073.91 53.32327
764.41 26727.861 96.317 50503.031 52.83333
765.55 26633.209 -118.183 50527.652 52.82052
766.69 27142.557 118.817 50587.273 53.5458
767.82 27477.402 118.317 50413.395 54.39714
768.95 27343.25 -1.182 49897.516 54.79989
770.09 28055.096 444.318 50104.637 55.59928
771.22 28245.443 352.318 50846.258 55.24054
772.36 27378.291 220.318 50252.879 54.2806
773.49 26739.137 302.818 50191.0 52.99114
774.63 26719.984 56.818 49718.121 53.69003
775.76 26654.832 36.319 49901.242 53.38124
776.89 27042.678 210.819 49461.363 54.48033
778.03 27357.525 138.819 49556.484 55.0789
779.16 28092.871 -42.681 49967.605 56.25953
780.29 27528.219 129.819 49408.227 55.5992
781.43 26901.066 297.819 48718.348 54.94208
782.56 26612.412 137.32 49144.969 54.02237
783.69 25889.26 -0.68 48346.09 53.55051
784.82 25868.107 60.32 48487.211 53.29227
785.96 26240.953 78.32 48738.332 53.76619
787.09 26279.301 99.82 48076.457 54.56714
788.22 26755.146 112.32 48170.078 55.43918
789.35 26862.494 -24.179 47768.199 56.25724
790.48 26573.842 49.821 47618.82 55.75905
791.62 26300.188 237.321 47567.441 55.06613
792.75 25390.535 -33.179 46713.063 54.38665
793.88 25510.383 345.821 47215.184 53.69086
795.01 25484.229 120.321 47260.305 53.80551
796.14 25707.076 221.822 47061.426 54.40963
797.27 25939.422 229.322 46795.547 55.21191
798.4 26157.77 100.322 46593.168 56.04614
799.53 25704.617 -69.678 45696.289 56.3176
800.66 25597.963 107.822 45310.41 56.39089
801.79 26245.311 716.822 46604.031 55.63312
802.92 25346.658 70.823 45934.652 55.11061
804.05 24725.504 174.823 45343.273 54.3536
805.18 24578.352 125.823 45276.395 54.15774
806.31 24624.699 67.823 44760.016 54.94668
807.44 24842.045 -58.177 45163.137 55.06302
808.57 25861.893 159.323 45746.258 56.38144
809.69 25856.238 180.324 45656.879 56.45967
810.82 25947.086 -126.176 45742.004 56.8439
811.95 25879.934 498.324 45463.625 56.4471
813.08 24439.279 34.824 44124.746 55.35155
814.21 24810.127 518.324 44700.367 54.98117
815.33 23894.475 118.824 44090.488 54.07039
816.46 23525.32 161.825 43306.109 54.15201
817.59 24234.668 417.825 43397.23 55.41455
818.72 24145.514 234.825 43112.352 55.76508
819.84 24481.361 436.825 42483.473 57.18538
820.97 24128.209 259.825 42205.594 56.90296
822.1 24046.055 310.325 42877.215 55.76101
823.22 22916.902 -29.174 41967.336 54.63806
824.35 22463.25 26.326 41628.957 53.9315
825.48 22253.596 251.326 41672.578 53.11831
826.6 21782.943 136.326 40828.199 53.19641
827.73 21701.789 -83.674 40656.32 53.47439
828.85 21933.637 89.826 40436.441 54.14038
829.98 22621.484 303.827 40210.563 55.92454
831.11 22438.83 -22.173 40017.184 56.09731
832.23 22878.678 17.827 40270.305 56.79365
833.36 22740.025 261.327 40222.926 56.25075
834.48 21805.371 130.327 39556.551 54.97621
835.6 21326.219 192.827 39531.172 53.72212
836.73 20389.564 -37.172 38763.293 52.6456
837.85 20430.912 218.328 38851.414 52.31936
838.98 20046.26 -94.672 38747.535 51.85321
840.1 20789.105 194.328 39022.656 53.0406
841.23 21366.953 119.828 39104.777 54.50084
842.35 22219.801 350.329 39630.898 55.67504
843.47 22321.646 100.829 39279.52 56.71659
844.6 22095.994 -38.171 38078.641 58.0693
845.72 22170.84 4.829 38458.262 57.64378
846.84 22075.188 22.329 38640.383 57.10505
847.96 21801.535 16.829 38593.004 56.47192
849.09 21508.381 -3.67 38040.125 56.54549
850.21 21498.229 68.83 37915.746 56.62125
851.33 21543.076 196.33 37767.867 56.81627
852.45 21516.922 -56.17 37868.988 56.88333
853.57 21767.77 122.33 38144.109 56.92905
854.7 21769.617 -3.67 37551.23 57.97722
855.82 21868.463 18.331 37559.352 58.20335
856.94 22225.811 186.831 38093.973 58.13939
858.06 21653.656 -122.669 37377.094 58.07057
859.18 21488.004 170.331 37395.719 57.26649
860.3 21783.352 87.831 37606.84 57.82541
861.42 21670.697 -103.669 37597.961 57.75444
862.54 21412.045 -96.168 37026.082 57.93887
863.66 21785.893 -43.668 37458.203 58.20926
864.78 22162.738 71.332 37623.824 58.82807
865.9 21700.586 109.332 36705.445 58.99876
867.02 22273.432 676.832 37388.066 58.82831
868.14 22063.779 444.332 37193.188 58.83026
869.26 21470.627 226.833 37167.809 57.5074
870.38 20657.973 -115.667 36392.93 56.90068
871.5 20650.82 -77.667 36881.051 56.08552
872.62 20592.168 -52.167 36904.172 55.86142
873.74 20839.514 306.333 36679.293 56.45177
874.85 20573.188 -52.667 36316.105 56.71309
875.97 20946.688 119.333 36502.605 57.24431
877.09 20991.688 122.333 35951.605 58.24666
878.21 20856.688 63.333 35209.105 59.16317
879.33 21160.688 123.833 35604.105 59.29169
880.44 20637.688 66.333 35076.105 58.75889
881.56 20461.188 40.333 35173.605 58.12397
882.68 20312.188 92.833 35226.605 57.54963
883.79 20320.688 424.833 35601.105 56.56044
884.91 19261.688 -134.167 34988.605 55.22302
886.03 19616.188 169.833 35275.605 55.39361
887.14 20012.188 290.333 35176.105 56.53266
888.26 20493.688 330.333 35595.105 57.17704
889.38 20685.188 273.833 35575.605 57.81963
890.49 21137.688 -86.667 35854.105 59.0537
891.61 21719.688 97.333 36729.605 59.02542
892.72 22010.188 -71.167 36672.105 60.09632
893.84 21801.188 -71.667 37220.105 58.6533
894.95 21953.688 -80.667 37950.605 57.93746
896.07 22004.188 20.833 38481.605 57.15786
897.18 21627.688 147.833 38023.105 56.71208
898.3 21505.688 -53.167 38379.105 56.09571
899.41 22261.688 274.833 39083.105 56.65507
900.53 22461.188 120.333 38827.105 57.71821
901.64 22268.188 219.833 38547.605 57.52579
902.75 22456.688 53.833 37893.605 59.20452
903.87 22721.188 -10.667 38104.105 59.64054
904.98 23008.188 149.833 37949.105 60.473
906.09 22369.688 22.833 37534.105 59.5737
907.21 22143.688 145.833 37452.105 58.96557
908.32 21721.188 28.333 36973.605 58.71618
909.43 21312.688 272.333 36504.605 58.07076
910.54 20436.188 127.833 35982.605 56.64059
911.66 20661.688 540.333 36000.605 56.74337
912.77 19972.188 -1.667 35551.105 56.18086
913.88 20317.188 150.833 35423.605 57.17258
914.99 20124.688 -48.167 35018.605 57.52698
916.1 20483.188 135.833 34853.105 58.60874
917.22 20565.188 -30.167 34494.105 59.65471
918.33 21104.688 289.833 35035.605 59.90615
919.44 20534.188 76.833 34128.605 60.07721
920.55 20546.188 358.833 34206.105 59.64248
921.66 19948.688 200.333 33540.605 59.23273
922.77 19300.188 207.333 33220.105 57.83475
923.88 19075.688 300.833 32971.105 57.4677
924.99 18531.688 142.333 32683.604 56.51087
926.1 18219.688 -86.167 31982.104 57.08401
927.21 18422.188 317.833 31868.104 57.38256
928.32 18026.188 -121.167 31451.604 57.47786
929.43 18162.188 60.833 31048.104 58.41545
930.54 18126.188 23.833 30377.104 59.63889
931.65 18185.688 82.333 30159.604 60.18949
932.76 18057.188 184.333 29662.104 60.63164
933.86 17634.188 93.333 29123.104 60.42368
934.97 16962.688 22.833 28341.104 59.81952
936.08 15652.688 4.833 26724.604 58.56283
937.19 14950.688 312.833 25068.104 59.13025
938.3 13515.188 227.833 23666.604 56.68964
939.4 12413.188 293.333 21811.604 56.32355
940.51 11345.188 69.333 19846.604 57.01421
941.62 10852.188 193.833 18889.104 57.01097
942.73 11035.188 508.833 18562.604 58.30557
943.83 10407.188 125.833 17778.104 58.24381
944.94 10329.188 151.833 17505.604 58.64636
946.05 10349.188 -150.667 17298.604 60.1736
947.15 10568.188 -68.667 17517.104 60.48557
948.26 10821.688 64.833 17687.604 61.03952
949.36 10870.188 -1.167 18160.604 59.85845
950.47 11341.688 121.333 19056.604 59.25637
951.57 11906.688 369.833 20197.604 58.18533
952.68 11867.688 229.333 20481.604 57.46691
953.79 11761.688 217.833 20448.604 57.06087
954.89 11686.188 8.833 20562.604 56.81368
955.99 12329.688 167.333 21535.604 56.91782
957.1 12447.188 40.333 21647.604 57.41981
958.2 12848.188 76.333 21826.604 58.72044
959.31 13211.188 203.333 21969.104 59.76289
960.41 13443.688 28.333 21930.104 61.25237
961.52 13679.688 -30.667 22319.604 61.34312
962.62 13714.688 175.833 22383.104 60.96586
963.72 13409.688 -80.667 22094.604 60.83513
964.83 13282.688 -124.667 22386.104 59.55973
965.93 13597.188 112.833 22511.104 60.20266
967.03 13286.188 271.333 22580.604 58.33832
968.13 13180.188 208.333 22356.104 58.56957
969.24 12941.188 8.833 22445.104 57.64039
970.34 12878.188 31.333 22387.604 57.46421
971.44 13195.188 52.333 22906.604 57.50721
972.54 13236.688 141.833 22631.604 58.22582
973.64 13389.188 5.333 22547.604 59.37226
974.75 13867.688 435.833 22415.104 61.11147
975.85 14852.188 1647.833 23483.604 60.47121
976.95 13154.688 7.333 21392.604 61.47855
978.05 13488.188 203.333 21803.604 61.50319
979.15 13532.688 433.833 21820.604 61.24746
980.25 12858.188 2.833 21309.604 60.3346
981.35 12824.688 60.333 21304.604 60.08375
982.45 12844.188 410.333 21391.604 59.26168
983.55 12354.688 186.833 21294.104 57.64769
984.65 12214.688 138.833 21018.104 57.83657
985.75 11985.688 309.833 20370.604 58.20242
986.85 11903.688 180.333 20330.604 58.17964
987.95 11820.188 14.833 20189.104 58.51688
989.05 12165.188 361.833 20275.104 59.27381
990.15 11924.688 271.833 19754.604 59.81107
991.25 11766.688 124.833 19047.604 61.52299
992.34 11812.688 347.833 18764.604 62.25225
993.44 11444.188 140.833 18180.604 62.65797
994.54 11196.188 111.833 18320.604 60.87371
995.64 11325.188 309.833 18295.104 61.24653
996.74 11209.688 351.833 17998.104 61.53059
997.83 10347.188 -49.167 17397.604 59.58899
998.93 10177.688 76.333 17142.104 59.19073
1000.03 10365.688 590.833 17437.604 58.02213
1001.12 9887.688 353.833 16834.604 57.84835
1002.22 9705.688 315.333 16405.104 58.36226
1003.32 9327.688 64.833 16076.604 57.85028
1004.41 9428.688 125.333 15634.604 59.98576
1005.51 9402.688 120.833 15208.604 61.51905
1006.6 8932.688 6.333 14482.604 61.66197
1007.7 9030.688 306.833 14398.104 61.90963
1008.8 8650.188 -47.667 13750.104 63.03811
1009.89 8835.688 235.333 13930.604 62.79798
1010.99 8742.188 114.333 13824.104 62.93215
1012.08 8638.688 -29.167 13906.604 62.1986
1013.18 8940.688 126.833 14570.104 61.02395
1014.27 9462.188 47.333 15621.604 60.45133
1015.36 9564.688 64.833 15875.104 60.0866
1016.46 9401.688 124.833 15763.104 59.32148
1017.55 9033.688 -38.167 15321.604 59.06243
1018.65 8851.688 151.833 14832.604 59.2602
1019.74 8798.688 258.833 14789.104 58.77285
1020.83 8630.688 177.833 14508.104 58.986
1021.93 8475.188 91.833 13816.604 61.08192
1023.02 7923.688 -45.667 13044.604 60.87998
1024.11 7839.188 -60.167 12667.104 62.06636
1025.2 7812.688 -58.167 12666.604 61.85458
1026.3 7939.188 189.833 12516.604 62.86605
1027.39 7533.188 250.833 12090.604 61.50756
1028.48 7167.188 163.333 11401.604 62.32146
1029.57 6921.188 104.333 11279.104 61.00218
1030.66 6810.188 198.333 10939.604 61.5556
1031.75 7043.188 757.333 11206.104 60.15879
1032.84 6326.688 241.333 10320.104 60.37794
1033.94 5814.188 -37.167 9945.604 58.61453
1035.03 5993.688 296.333 9994.604 58.74608
1036.12 5606.688 -58.667 9499.104 59.27485
1037.21 5529.188 -21.667 9286.104 59.63677
1038.3 5452.188 213.833 9104.104 58.92232
1039.39 5247.188 16.833 8508.104 61.59683
1040.48 5459.188 156.833 8625.604 62.61067
1041.57 5252.688 235.333 8351.604 61.81846
1042.66 5098.188 153.833 7927.104 63.60713
1043.74 5034.188 184.833 7819.604 63.5167
1044.83 4848.188 192.833 7568.104 63.12113
1045.92 4547.688 -67.167 7039.604 64.93602
1047.01 4596.188 249.333 7140.104 63.08226
1048.1 4026.688 -79.167 6634.604 61.15571
1049.19 4042.688 144.833 6583.604 60.53724
1050.27 3805.688 105.333 6251.604 60.20487
1051.36 3694.188 41.833 6110.104 60.18773
1052.45 3765.688 197.333 6116.604 60.28368
1053.54 3634.188 131.333 5930.104 60.40684
1054.62 3641.188 203.333 5800.604 61.42019
1055.71 3408.188 181.833 5554.104 60.05569
1056.8 3559.688 261.833 5661.604 61.07397
1057.88 3266.188 105.333 5219.604 61.80459
1058.97 3265.688 165.833 5094.104 62.89943
1060.06 3436.188 360.833 5153.604 64.16652
1061.14 3103.188 99.333 4855.104 63.1623
1062.23 3657.688 781.333 5268.104 64.10745
1063.31 3056.688 185.333 4585.604 65.25404
1064.4 2766.188 66.333 4119.104 66.61749
1065.48 2708.688 148.333 4254.104 62.35989
1066.57 2503.188 79.833 4023.604 61.44764
1067.65 2483.188 210.833 3963.604 60.55137
1068.74 2321.688 58.333 3872.104 59.34688
1069.82 2318.688 209.833 3796.104 58.80354
1070.9 3254.188 1117.333 4696.104 59.70917
1071.99 2259.688 198.833 3629.104 60.07847
1073.07 2165.188 154.833 3555.604 59.11466
1074.15 2222.688 187.833 3574.104 60.0913
1075.24 2116.688 193.833 3393.104 60.10289
1076.32 2222.188 239.333 3406.604 62.6045
1077.4 2426.688 478.833 3508.104 64.30109
1078.49 1893.188 43.333 2996.104 62.64808
1079.57 2094.688 275.333 3149.104 63.30895
1080.65 2250.688 398.333 3245.104 65.06861
1081.73 1861.188 114.833 2784.604 65.41214
1082.81 1774.688 -13.167 2686.604 66.22244
1083.89 1891.688 227.833 2791.604 64.89871
1084.98 1811.188 212.833 2747.104 63.06959
1086.06 1523.188 48.333 2463.604 61.06372
1087.14 1538.688 25.333 2473.604 61.81318
1088.22 1551.188 168.833 2459.604 60.3445
1089.3 1390.188 -23.167 2242.604 62.37851
1090.38 1815.688 484.333 2745.604 58.87637
1091.46 1547.188 224.333 2436.104 59.80973
1092.54 1406.188 71.833 2222.604 62.04074
1093.62 1393.688 116.833 2203.104 61.2027
1094.7 1321.188 23.333 1981.104 66.29245
1095.78 1379.188 119.333 2072.604 64.49971
1096.86 1395.688 153.833 2093.104 64.03717
1097.93 1762.688 515.333 2423.604 65.36568
1099.01 1504.188 321.833 2187.604 63.37081
1100.09 1195.188 49.333 1832.604 64.25576
