196.55 1489.878 972.948 1305.458 516.93079
197.76 2067.203 1427.472 1901.878 639.73157
198.96 1922.929 1340.45 1787.586 582.47839
200.16 1288.575 796.077 1153.34 492.49811
201.36 2159.518 1587.379 1972.691 572.13928
202.56 1584.25 990.115 1397.456 594.1344
203.76 1333.791 849.94 1213.94 483.85156
204.96 1531.333 932.264 1422.923 599.06891
206.16 1058.493 712.367 977.337 346.12653
207.36 1875.31 1181.173 1603.656 694.13782
208.56 1550.827 1052.507 1449.866 498.32043
209.76 1068.222 637.704 911.595 430.51788
210.96 1412.739 888.539 1295.804 524.20038
212.16 2713.852 2056.997 2580.14 656.85498
213.36 1683.111 1126.644 1607.266 556.46692
214.56 1429.29 890.479 1255.396 538.81067
215.76 2431.292 1834.94 2331.939 596.35168
216.96 2149.618 1568.862 1964.867 580.75623
218.16 1500.37 985.792 1351.393 514.57855
219.35 1174.794 716.838 1117.447 457.95538
220.55 1365.568 872.359 1246.239 493.20862
221.75 1332.3 810.596 1233.505 521.7038
222.95 2096.807 1461.314 1955.606 635.49329
224.15 1610.764 1090.029 1515.578 520.73499
225.35 1351.865 782.472 1142.299 569.39288
226.55 1250.869 792.831 1195.349 458.03766
227.75 1922.807 1378.814 1878.106 543.99329
228.94 1598.722 1122.204 1481.095 476.51782
230.14 1533.199 919.113 1330.828 614.08685
231.34 1287.102 847.028 1110.158 440.07373
232.54 1227.876 780.549 1090.95 447.32697
233.74 1264.543 805.869 1136.465 458.67395
234.93 1331.091 791.951 1162.506 539.13965
236.13 1445.863 951.574 1303.292 494.28925
237.33 1447.424 930.131 1299.492 517.29266
238.53 1314.343 887.381 1167.532 426.96204
239.72 1906.978 1373.993 1807.171 532.98486
240.92 1077.523 562.676 950.705 514.84674
242.12 1753.382 1152.807 1673.508 600.57556
243.31 1257.262 755.63 1087.071 501.63135
244.51 1103.402 627.0 929.268 476.40259
245.71 1909.67 1278.803 1672.959 630.86646
246.9 2257.902 1688.0 2215.268 569.90259
248.1 1444.641 950.954 1335.135 493.68719
249.3 1396.207 982.33 1303.929 413.87634
250.49 1449.645 893.313 1244.185 556.33185
251.69 1519.275 1049.106 1448.73 470.16907
252.89 1444.086 916.154 1339.492 527.93219
254.08 1007.222 579.204 842.095 428.01788
255.28 1503.017 976.919 1381.147 526.09833
256.47 976.386 577.666 908.559 398.72009
257.67 1684.512 1159.099 1549.053 525.41272
258.86 1729.405 1172.898 1666.275 556.50635
260.06 1383.432 917.809 1234.136 465.62292
261.26 2069.164 1459.546 1936.902 609.61829
262.45 1404.226 939.063 1353.645 465.16248
263.65 907.299 565.158 799.541 342.14099
264.84 1640.314 1081.531 1540.207 558.78259
266.04 1194.086 804.154 1152.992 389.93219
267.23 895.011 487.661 827.589 407.34988
268.42 1192.5 706.584 1038.938 485.91583
269.62 1478.399 882.641 1298.718 595.758
270.81 1445.634 959.736 1317.033 485.89777
272.01 1398.801 923.056 1171.048 475.74475
273.2 1652.364 1164.034 1603.335 488.3302
274.4 1077.981 664.852 930.221 413.12958
275.59 1579.893 1028.883 1465.66 551.00952
276.78 1438.072 892.718 1315.29 545.35339
277.98 1285.109 772.746 1154.759 512.3631
279.17 1324.51 903.201 1185.546 421.30902
280.37 1304.891 837.985 1241.153 466.90576
281.56 925.805 528.915 853.598 396.88947
282.75 1098.989 617.508 971.786 481.48181
283.95 1251.498 801.186 1133.931 450.31207
285.14 1295.923 863.193 1248.028 432.7298
286.33 1162.383 700.267 1044.052 462.11646
287.52 1474.714 948.548 1327.03 526.16565
288.72 1685.766 1136.95 1547.165 548.81689
289.91 2027.256 1410.373 1875.514 616.88281
291.1 1552.389 1007.024 1404.609 545.36487
292.29 1453.837 997.623 1315.474 456.2135
293.49 1476.684 1044.239 1397.162 432.44531
294.68 1067.556 729.845 1000.624 337.71185
295.87 1193.062 803.102 1047.181 389.96027
297.06 1433.68 940.38 1387.611 493.3006
298.26 721.573 420.179 708.833 301.39432
299.45 1220.262 789.13 1091.571 431.13135
300.64 1271.068 822.859 1184.239 448.20862
301.83 1344.102 857.028 1220.158 487.07373
303.02 1141.555 630.384 1099.58 511.1709
304.21 1608.051 1123.525 1528.03 484.52612
305.4 1314.856 875.356 1156.19 439.49976
306.59 1412.886 920.166 1312.059 492.72009
307.79 1307.589 803.053 1093.999 504.53583
308.98 956.7 579.113 902.328 377.58691
310.17 1659.852 966.081 1384.256 693.77039
311.36 1300.026 857.597 1162.792 442.42859
312.55 2115.136 1560.657 1889.62 554.47961
313.74 1045.906 584.359 891.819 461.5473
314.93 1617.827 1009.007 1398.366 608.8205
316.12 1285.438 787.067 1133.694 498.37146
317.31 884.282 406.823 755.331 477.45853
318.5 1016.906 574.859 905.819 442.0473
319.69 1293.295 830.799 1198.49 462.49634
320.88 1221.497 736.225 1126.387 485.27112
322.07 1006.596 607.271 935.6 399.32526
323.26 1075.006 607.342 945.995 467.66425
324.45 810.805 447.415 665.098 363.38947
325.64 1269.321 766.749 1163.308 502.57196
326.83 1508.889 996.024 1353.109 512.86487
328.01 1240.579 738.436 1169.391 502.1427
329.2 1546.089 976.053 1412.999 570.03583
330.39 1203.68 727.38 1011.611 476.3006
331.58 1069.38 542.908 913.001 526.47174
332.77 1840.288 1253.081 1677.389 587.20703
333.96 777.07 448.82 718.783 328.24963
335.15 927.278 524.964 844.781 402.31384
336.33 1060.88 590.908 848.501 469.97174
337.52 1208.805 719.415 1062.598 489.38947
338.71 1260.929 710.45 1038.586 550.47833
339.9 1055.704 614.932 995.922 440.77252
341.08 1261.848 688.2 1046.625 573.64758
342.27 1481.916 879.475 1290.927 602.44049
343.46 1614.209 1063.729 1571.936 550.47998
344.65 1519.709 897.229 1288.436 622.47998
345.83 1735.408 983.257 1394.826 752.15112
347.02 1044.833 470.264 751.923 574.56888
348.21 1677.0 1021.584 1472.938 655.41583
349.4 1101.265 462.989 799.622 638.27597
350.58 1414.502 718.045 1093.481 696.45679
351.77 1259.043 575.369 898.965 683.67395
352.96 1025.213 324.088 570.486 701.12473
354.14 1408.942 619.926 1018.745 789.01611
355.33 1302.262 536.13 849.071 766.13135
356.51 1114.188 387.098 665.712 727.09006
357.7 1579.31 679.734 1106.192 899.57513
358.89 1398.622 511.721 882.918 886.90094
360.07 1925.113 915.105 1296.31 1010.00781
361.26 2147.546 1061.79 1517.052 1085.75586
362.44 1703.566 733.483 1097.312 970.08301
363.63 1530.122 481.743 900.998 1048.379
364.81 1601.143 531.437 1026.258 1069.70624
366.0 1304.028 276.518 649.378 1027.51047
367.18 2665.044 1403.392 1947.544 1261.6521
368.37 1590.157 529.85 812.88 1060.30682
369.55 1831.114 737.065 1192.853 1094.04871
370.74 2052.039 911.572 1357.451 1140.46637
371.92 2295.095 1158.332 1748.636 1136.76233
373.11 1701.801 476.078 946.628 1225.72293
374.29 1521.822 421.772 854.387 1100.05002
375.48 1782.072 531.741 1001.869 1250.33142
376.66 1706.49 441.53 821.866 1264.95984
377.84 2301.657 953.85 1449.88 1347.80695
379.03 1638.764 405.051 790.158 1233.7131
380.21 1628.174 332.184 694.59 1295.98932
381.39 1536.873 266.212 580.479 1270.66043
382.58 2400.052 816.548 1303.609 1583.50421
383.76 2761.783 1148.784 1601.875 1612.99939
384.94 2906.561 1254.164 1799.718 1652.39734
386.13 2064.651 426.593 917.822 1638.05829
387.31 2456.02 618.339 1085.734 1837.68005
388.49 2195.386 474.688 860.138 1720.69818
389.68 2607.817 637.952 1180.793 1969.86432
390.86 2770.667 567.466 1077.488 2203.20007
392.04 3216.61 982.706 1522.302 2233.90411
393.22 2799.667 445.466 1017.988 2354.2001
394.41 2873.736 473.202 952.833 2400.53369
395.59 2723.454 193.463 645.44 2529.99097
396.77 3319.048 552.689 1168.059 2766.3595
397.95 3548.251 637.576 1211.999 2910.67523
399.13 3979.411 792.678 1479.913 3186.73285
400.31 3608.266 447.511 1109.202 3160.75415
401.5 4038.396 626.304 1410.747 3412.09131
402.68 4244.873 734.712 1423.979 3510.16058
403.86 3959.392 434.445 1097.696 3524.94659
405.04 4639.509 807.263 1745.582 3832.24615
406.22 4303.121 367.783 1097.454 3935.33807
407.4 4784.09 697.013 1527.542 4087.07678
408.58 5023.183 814.301 1718.698 4208.88245
409.76 5288.422 947.755 1806.564 4340.66705
410.94 5101.167 624.466 1476.488 4476.70007
412.12 4908.793 502.9 1378.983 4405.89276
413.3 4908.313 359.093 1236.243 4549.2196
414.48 4919.875 371.111 1183.487 4548.76398
415.66 5158.858 445.277 1288.777 4713.58163
416.84 6096.738 1233.1 2176.34 4863.63733
418.02 5512.356 623.378 1525.27 4888.97772
419.2 5333.888 419.586 1282.146 4914.30185
420.38 5584.879 583.97 1595.537 5000.909
421.56 5614.947 427.245 1426.839 5187.70175
422.74 6235.258 1081.794 2079.1 5153.46472
423.92 6105.366 865.995 1804.878 5239.37109
425.1 5793.375 464.111 1428.987 5329.26398
426.28 5775.528 405.995 1334.299 5369.53241
427.46 6925.815 1356.492 2596.25 5569.32349
428.63 6089.956 571.861 1689.447 5518.09467
429.81 6270.616 687.964 1608.86 5582.65253
430.99 6406.283 754.784 1793.375 5651.49939
432.17 6968.606 1145.347 2282.252 5823.25916
433.35 6604.195 827.316 1950.313 5776.87927
434.52 5992.488 155.069 1165.322 5837.41879
435.7 6298.73 376.383 1526.739 5922.3479
436.88 6907.95 840.104 1992.889 6067.84625
438.06 6869.152 552.531 1706.286 6316.62115
439.23 6827.087 399.115 1669.535 6427.97287
440.41 7434.387 594.126 1892.602 6840.26129
441.59 7669.529 828.456 2134.842 6841.07349
442.77 7276.573 276.679 1612.333 6999.89444
443.94 8068.637 760.657 2300.12 7307.97986
445.12 8150.257 769.833 2193.557 7380.42365
446.3 8690.8 1093.118 2589.584 7597.68176
447.47 8645.46 666.72 2223.497 7978.73962
448.65 8991.499 720.646 2417.974 8270.85272
449.82 8789.499 500.146 2029.974 8289.35275
451.0 9335.035 609.213 2177.9 8725.8219
452.18 9591.12 476.823 2184.911 9114.29752
453.35 10083.849 530.16 2267.669 9553.68823
454.53 10360.169 558.865 2293.996 9801.30402
455.7 10569.021 334.238 2183.241 10234.78351
456.88 11865.917 945.935 2847.97 10919.98151
458.05 11404.009 591.763 2450.582 10812.24615
459.23 11482.283 315.784 2314.375 11166.49939
460.4 12248.349 580.16 2718.169 11668.18823
461.58 12725.704 719.432 2832.922 12006.27216
462.75 12853.257 315.333 2446.057 12537.92365
463.93 13562.473 628.696 2792.156 12933.77698
465.1 13595.114 525.065 2814.353 13070.04907
466.28 13840.9 218.101 2469.761 13622.79916
467.45 14003.349 146.66 2593.669 13856.68825
468.63 14894.159 523.249 3087.387 14370.91064
469.8 15550.496 870.287 3440.923 14680.20874
470.97 15461.296 405.259 3016.033 15056.03677
472.15 15948.36 595.675 3303.284 15352.68506
473.32 16356.9 704.601 3572.761 15652.29919
474.49 17289.24 859.499 3760.848 16429.74127
475.67 16813.201 507.573 3316.871 16305.62817
476.84 17135.625 327.08 3120.469 16808.54492
478.01 17819.607 636.347 3731.252 17183.26013
479.19 18053.047 548.728 3626.515 17504.31866
480.36 17953.016 309.02 3386.14 17643.99551
481.53 18674.58 596.897 3748.934 18077.68341
482.7 18931.1 497.129 3714.151 18433.97018
483.88 19183.309 275.774 3563.649 18907.53455
485.05 19283.416 361.935 3683.47 18921.48056
486.22 19525.168 478.405 3805.452 19046.76346
487.39 19625.137 333.595 3562.084 19291.54175
488.56 20107.307 485.876 3942.142 19621.43112
489.74 20549.848 897.2 4455.125 19652.64771
490.91 20049.373 242.651 3714.443 19806.72244
492.08 20529.807 375.876 3922.142 20153.93112
493.25 20535.697 278.714 3861.821 20256.98318
494.42 20700.521 476.778 4009.198 20223.74393
495.59 20862.959 417.26 4017.954 20445.69907
496.76 21019.084 465.756 4056.485 20553.32837
497.93 21119.965 610.478 4359.555 20509.48706
499.1 21421.533 572.753 4256.856 20848.78033
500.27 22112.871 1040.792 4868.393 21072.07947
501.44 22072.865 1228.534 5027.335 20844.33105
502.61 21074.023 423.137 4088.748 20650.88693
503.78 21575.154 629.929 4402.293 20945.2251
504.95 22515.754 1123.474 5017.006 21392.27966
506.12 21891.504 696.943 4464.488 21194.56061
507.29 21420.998 335.186 4096.431 21085.81219
508.46 21986.723 32.165 3752.138 21954.55795
509.63 22898.723 1258.165 5220.138 21640.55798
510.8 23235.037 1179.612 5164.407 22055.42529
511.97 22336.426 558.552 4419.079 21777.87396
513.14 22445.102 258.528 4257.158 22186.57361
514.31 23152.109 785.746 4886.759 22366.36359
515.48 22743.539 495.01 4601.414 22248.52875
516.65 23113.051 525.087 4362.566 22587.96368
517.81 23253.721 355.806 4412.087 22897.91492
518.98 23539.377 695.01 4736.494 22844.36743
520.15 23022.262 161.13 4121.571 22861.13148
521.32 23619.113 703.605 4909.81 22915.50854
522.49 25239.115 1502.503 5913.817 23736.61194
523.65 24948.906 1158.859 5519.319 23790.04761
524.82 24586.201 638.073 5009.871 23948.12817
525.99 23941.465 78.517 4282.512 23862.94746
527.16 25278.484 631.25 5219.229 24647.23425
528.32 25630.285 730.182 5261.882 24900.10284
529.49 25523.963 411.619 4981.504 25112.34402
530.66 25123.492 114.367 4665.336 25009.12566
531.82 25922.191 180.957 4853.763 25741.23477
532.99 26474.809 320.274 5041.149 26154.53455
534.16 26916.746 444.256 5211.905 26472.48969
535.32 27383.955 794.401 5778.903 26589.55408
536.49 27313.879 294.408 5130.501 27019.47086
537.65 28746.852 1011.059 6144.176 27735.79266
538.82 28880.357 321.816 5412.234 28558.54108
539.99 29635.121 642.721 5912.418 28992.39996
541.15 30188.656 818.39 6236.337 29370.2666
542.32 30189.129 147.979 5612.976 30041.15033
543.48 31692.248 811.155 6461.413 30881.09314
544.65 32621.107 992.785 6563.716 31628.32202
545.81 34700.871 1483.292 7712.393 33217.57947
546.98 34607.773 503.106 6743.73 34104.66791
548.14 35479.371 783.792 7331.393 34695.57941
549.31 35454.254 402.873 6774.514 35051.38113
550.47 36823.504 469.443 7177.488 36354.06058
551.63 38103.719 914.806 7860.587 37188.91296
552.8 37485.84 454.584 7388.517 37031.25626
553.96 38687.48 459.852 7389.221 38227.62885
555.13 39723.43 391.45 7547.586 39331.97931
556.29 40813.0 934.084 8300.438 39878.91559
557.45 40091.902 274.46 7698.312 39817.4422
558.62 40854.492 523.468 8035.83 40331.02417
559.78 42454.273 771.606 8401.23 41682.66791
560.94 42057.84 371.982 8213.524 41685.85773
562.11 42947.211 391.088 8310.486 42556.12302
563.27 43217.414 157.975 8096.427 43059.43901
564.43 43793.242 32.397 8170.854 43760.84472
565.59 44824.793 205.838 8247.946 44618.95467
566.76 44936.199 351.073 8652.371 44585.12622
567.92 45899.93 571.349 8916.093 45328.58081
569.08 46827.453 715.042 9176.353 46112.41107
570.24 46704.727 352.024 9025.188 46352.70294
571.4 46770.832 226.366 8969.916 46544.46631
572.57 47986.008 367.342 9084.495 47618.66599
573.73 47977.391 55.524 8808.609 47921.8662
574.89 48852.297 452.697 9444.497 48399.59964
576.05 49675.797 476.158 9687.041 49199.63922
577.21 49689.195 157.714 9240.82 49531.48123
578.37 49630.141 18.954 9342.135 49611.18673
579.53 50632.109 193.644 9602.767 50438.46504
580.69 51280.027 597.535 10018.256 50682.49231
581.85 51230.016 351.919 9896.647 50878.09698
583.01 51339.68 401.88 10082.611 50937.79987
584.17 52112.707 484.83 10248.429 51627.87656
585.33 52330.965 572.517 10212.512 51758.44745
586.49 52811.172 377.763 10113.503 52433.40842
587.65 53214.02 573.278 10398.697 52640.74194
588.81 54022.176 566.521 10636.061 53455.65491
589.97 53864.367 929.433 10938.342 52934.93445
591.13 53538.516 421.02 10245.14 53117.49551
592.29 53363.363 336.574 10384.292 53026.78949
593.45 53494.137 213.595 10125.084 53280.54175
594.61 53510.426 134.052 10114.078 53376.37393
595.77 53137.066 196.961 10111.732 52940.10545
596.93 52357.262 91.091 10023.614 52266.17107
598.09 54171.535 382.753 10269.356 53788.78229
599.24 54250.438 138.067 9991.194 54112.37074
600.4 53303.172 291.763 10205.503 53011.40842
601.56 53631.316 233.39 9977.257 53397.92599
602.72 53562.41 368.616 10506.876 53193.79404
603.87 52689.387 473.064 10253.565 52216.32269
605.03 53225.91 232.116 9935.376 52993.79404
606.19 52086.254 148.514 9953.963 51937.74005
607.35 52826.363 -3.926 9868.792 52830.28948
608.5 53002.852 594.457 10534.684 52408.39417
609.66 52916.035 989.651 10967.863 51926.38379
610.82 52080.797 146.299 9760.49 51934.49815
611.97 52200.5 125.084 9717.438 52075.41562
613.13 51540.695 573.754 10227.277 50966.94165
614.29 52346.477 496.993 10052.171 51849.48389
615.44 50926.238 717.539 10387.804 50208.69977
616.6 50747.398 180.141 9510.718 50567.25763
617.76 51489.902 663.0 10237.269 50826.90259
618.91 50216.809 726.314 10110.605 49490.495
620.07 51629.875 641.049 10108.95 50988.82587
621.22 50389.438 17.567 9394.694 50371.87075
622.38 50931.5 1061.084 10545.438 49870.41565
623.53 49840.832 78.366 9352.416 49762.4663
624.69 49364.188 112.137 9465.669 49252.05022
625.84 49131.953 217.542 9428.853 48914.41106
627.0 49541.117 488.964 9717.36 49052.1535
628.15 50000.063 -0.398 9101.182 50000.46048
629.31 49038.359 318.175 9591.284 48720.18408
630.46 48704.992 -23.532 9041.329 48728.52419
631.61 49239.973 374.134 9389.12 48865.8389
632.77 49179.711 228.189 9572.479 48951.52155
633.92 49643.18 495.38 9548.611 49147.79987
635.08 49230.914 949.577 10202.92 48281.33752
636.23 48923.84 308.482 9306.024 48615.35773
637.38 48894.266 -74.511 9026.622 48968.77646
638.54 48709.957 654.76 9719.454 48055.19708
639.69 49303.867 936.831 10161.35 48367.03595
640.84 49020.527 490.402 9628.42 48530.12512
641.99 48241.93 97.409 9062.513 48144.52081
643.15 48201.832 816.916 9900.604 47384.9165
644.3 48259.23 95.422 9090.696 48163.80827
645.45 47937.633 -58.071 8858.288 47995.70396
646.6 48565.535 811.436 9821.381 47754.09961
647.75 48274.934 161.942 9242.973 48112.99141
648.91 47688.836 -136.551 8893.064 47825.3871
650.06 49477.738 225.455 9264.156 49252.28279
651.21 47775.637 417.462 9403.249 47358.17456
652.36 48414.539 450.969 9518.841 47963.57025
653.51 48108.441 101.475 9268.433 48006.96593
654.66 49162.344 273.982 9138.024 48888.3616
655.81 48420.742 651.989 9721.617 47768.75342
656.96 48061.645 69.495 8970.209 47992.14907
658.11 48394.547 365.002 9585.801 48029.54477
659.27 49104.945 531.009 9642.393 48573.93652
660.42 48479.348 29.015 9138.485 48450.33222
661.57 49196.75 421.022 9596.577 48775.72791
662.72 48190.148 -139.971 8989.669 48330.11967
663.87 47680.051 -99.965 9031.261 47780.01537
665.01 48067.453 316.042 9397.854 47751.41104
666.16 48727.352 41.049 9190.445 48686.30283
667.31 49817.254 95.555 9394.537 49721.69851
668.46 49760.656 760.562 10262.629 49000.09418
669.61 50321.555 206.069 9537.722 50115.48598
670.76 50811.957 4.575 9612.313 50807.38166
671.91 52088.359 769.582 10456.405 51318.77734
673.06 51020.762 519.589 10297.997 50501.17303
674.21 51173.66 -161.405 9686.589 51335.0648
675.35 50500.063 284.102 10094.682 50215.96048
676.5 51661.965 167.609 9700.273 51494.35617
677.65 51152.363 72.615 9924.865 51079.74795
678.8 51459.766 -110.878 9512.457 51570.64363
679.94 52524.168 40.629 10014.05 52483.53931
681.09 54310.066 370.135 10708.142 53939.93109
682.24 55116.469 363.142 10867.233 54753.32678
683.39 54896.871 -1.851 10242.325 54898.72246
684.53 54237.27 558.155 11203.418 53679.11426
685.68 55241.172 214.662 10782.01 55026.50992
686.83 55091.074 301.169 11064.602 54789.90561
687.97 55454.473 298.175 10940.193 55156.29739
689.12 55805.375 178.182 10847.786 55627.19307
690.27 55679.777 68.189 10745.378 55611.58875
691.41 55965.68 468.195 11347.97 55497.48444
692.56 55146.078 358.702 11254.562 54787.37622
693.7 56878.48 378.709 11242.154 56499.77188
694.85 55439.883 48.215 10860.746 55391.66758
695.99 56519.781 398.222 11352.338 56121.55936
697.14 55863.184 184.229 11106.43 55678.95503
698.28 57193.086 342.735 11174.022 56850.35071
699.43 56680.984 391.242 11346.114 56289.74249
700.57 56335.387 -74.251 10693.206 56409.63818
701.72 55359.289 -50.745 10946.298 55410.03387
702.86 56368.188 -107.738 10579.391 56475.92564
704.01 55735.59 50.269 11118.982 55685.32133
705.15 56772.492 433.275 11558.074 56339.21701
706.29 55767.391 126.782 11208.666 55640.60879
707.44 57060.793 171.288 11257.259 56889.50447
708.58 57167.195 -124.205 11028.851 57291.40016
709.72 57596.094 629.302 11870.942 56966.79193
710.87 56194.996 -137.192 11001.534 56332.18762
712.01 56105.898 0.315 11291.127 56105.5833
713.15 57195.301 217.322 11654.719 56977.97899
714.3 55865.699 348.828 11587.811 55516.87076
715.44 57503.602 92.335 11343.902 57411.26645
716.58 57074.504 277.342 11716.994 56797.16214
717.72 57392.402 52.848 11303.087 57339.55391
718.87 56450.805 240.855 11549.179 56209.9496
720.01 56302.707 117.362 11384.271 56185.34528
721.15 56791.605 -54.132 11125.362 56845.73706
722.29 56027.008 345.875 11453.955 55681.13275
723.43 57012.91 498.882 11729.047 56514.02841
724.57 56267.309 450.388 11886.639 55816.9202
725.72 56738.711 244.895 11394.73 56493.81589
726.86 56263.113 678.902 12200.323 55584.21155
728.0 55870.512 164.408 11371.415 55706.10335
729.14 55703.914 -2.085 11183.007 55705.99903
730.28 55649.316 481.422 11823.099 55167.89471
731.42 56195.719 10.928 11257.691 56184.7904
732.56 56612.117 722.435 11963.783 55889.68219
733.7 56151.02 386.942 11628.375 55764.07785
734.84 55301.422 -127.052 10990.967 55428.47354
735.98 55433.32 148.955 11344.06 55284.36533
737.12 55503.223 -3.038 11103.151 55506.261
738.26 54370.125 17.468 11227.743 54352.65669
739.4 55476.023 228.475 11392.335 55247.54846
740.53 55376.426 407.482 11545.928 54968.94415
741.67 54429.328 273.488 11372.52 54155.83984
742.81 54002.227 -222.505 10969.611 54224.73161
743.95 55367.129 241.002 11131.703 55126.12729
745.09 54241.531 19.508 10937.796 54222.02298
746.23 54502.93 399.515 11478.888 54103.41476
747.36 53919.332 453.522 11463.479 53465.81042
748.5 53928.734 60.028 11003.571 53868.70612
749.64 52925.637 25.035 10637.164 52900.60181
750.78 52816.035 -5.458 10740.756 52821.49359
751.92 52851.938 74.548 10603.348 52777.38927
753.05 51865.34 155.555 10530.939 51709.78496
754.19 51743.738 635.562 11202.531 51108.17676
755.33 49987.141 -151.932 10401.124 50139.07242
756.46 49970.543 245.075 10700.716 49725.46809
757.6 48905.941 82.082 10431.308 48823.85988
758.74 50302.844 562.088 10920.899 49740.75555
759.87 49414.246 244.595 10389.992 49169.65125
761.01 48884.145 271.102 10353.084 48613.04303
762.14 48447.547 234.608 10234.676 48212.93871
763.28 46680.449 408.115 10491.768 46272.33438
764.41 47717.848 249.121 9969.36 47468.72617
765.55 47388.75 -123.872 9821.952 47512.62185
766.69 47018.152 289.635 9980.044 46728.51755
767.82 47604.551 266.641 9972.636 47337.9093
768.95 45752.453 26.148 9433.229 45726.30499
770.09 46074.355 737.655 9928.82 45336.70068
771.22 46850.258 661.661 10010.912 46188.59637
772.36 45627.156 504.168 10156.504 45122.98813
773.49 44404.559 489.175 9660.597 43915.38382
774.63 43734.461 196.181 9328.188 43538.27951
775.76 42725.859 154.688 9225.28 42571.17128
776.89 43383.762 428.195 9546.872 42955.56696
778.03 41543.664 360.201 9365.965 41183.46265
779.16 41830.063 8.708 8891.057 41821.35443
780.29 41160.965 308.215 9078.148 40852.75012
781.43 40471.367 606.221 9296.24 39865.14581
782.56 40428.766 315.228 8645.333 40113.53757
783.69 39858.668 11.735 8198.425 39846.93326
784.82 39401.07 233.241 8502.017 39167.82895
785.96 39583.969 116.748 8397.608 39467.22072
787.09 38021.871 204.255 8575.701 37817.61641
788.22 37785.773 394.261 8216.793 37391.51208
789.35 37435.676 157.768 8081.385 37277.90778
790.48 36826.574 142.275 8017.477 36684.29955
791.62 36540.477 580.281 8332.568 35960.19525
792.75 35566.879 5.288 7532.661 35561.59092
793.88 35673.277 737.795 8331.753 34935.48267
795.01 35289.18 353.801 7723.345 34935.37839
796.14 34496.082 404.808 7791.937 34091.27405
797.27 34777.48 493.815 7986.029 34283.66583
798.4 33670.383 283.321 7471.621 33387.06152
799.53 32057.783 -4.672 7141.213 32062.45526
800.66 32969.684 316.335 7355.805 32653.349
801.79 33568.586 1276.841 8509.397 32291.74463
802.92 31738.988 199.848 7150.989 31539.14035
804.05 31223.389 381.855 7202.081 30841.53409
805.18 30991.789 290.861 7040.673 30700.92783
806.31 30185.691 215.868 6861.765 29969.8235
807.44 29921.092 -64.625 6629.857 29985.71723
808.57 30263.492 400.381 7083.949 29863.11096
809.69 30381.895 400.888 6996.542 29981.00665
810.82 29079.795 -163.605 6337.133 29243.40038
811.95 29666.195 988.401 7453.226 28677.79413
813.08 27854.098 103.908 6682.817 27750.18979
814.21 28938.498 1064.915 7577.91 27873.5835
815.33 28754.9 282.921 6443.001 28471.97922
816.46 26596.301 308.928 6461.094 26287.37292
817.59 27320.201 847.435 6846.686 26472.76666
818.72 25675.104 504.441 6327.778 25170.66235
819.84 26506.504 896.448 6673.37 25610.05609
820.97 25779.404 446.454 6272.962 25332.9498
822.1 25271.807 593.961 6356.054 24677.84552
823.22 24258.207 -30.532 5535.146 24288.73923
824.35 24223.109 92.474 5615.238 24130.63491
825.48 23273.01 574.481 6006.83 22698.52863
826.6 22936.41 310.488 5665.922 22625.92236
827.73 23011.813 -144.506 5247.014 23156.31805
828.85 22750.713 268.501 5589.606 22482.21179
829.98 22852.613 610.008 6033.698 22242.60553
831.11 22612.516 70.014 5201.29 22542.5012
832.23 21950.916 81.521 5150.382 21869.39493
833.36 22155.318 524.528 5701.974 21630.79059
834.48 20896.219 259.034 5338.566 20637.18436
835.6 21206.119 482.041 5394.158 20724.07806
836.73 20365.521 -7.952 4986.25 20373.47376
837.85 20471.422 535.054 5348.342 19936.36749
838.98 19786.322 -104.439 4709.934 19890.76122
840.1 19915.725 458.568 5242.026 19457.15689
841.23 19752.625 371.074 5117.618 19381.55063
842.35 20110.527 720.581 5471.21 19389.94629
843.47 19066.428 248.588 5001.302 18817.84004
844.6 19226.828 26.594 4606.895 19200.23378
845.72 18630.23 155.101 4589.986 18475.12947
846.84 18084.131 134.608 4596.079 17949.52319
847.96 17817.531 139.114 4483.67 17678.41693
849.09 17849.934 58.121 4338.263 17791.81261
850.21 17829.834 232.628 4624.854 17597.20634
851.33 17207.236 385.134 4667.947 16822.10202
852.45 17016.137 25.141 4297.039 16990.99575
853.57 16968.537 232.148 4531.131 16736.38948
854.7 16736.439 67.654 4363.223 16668.78517
855.82 17266.34 -0.339 4242.815 17266.6789
856.94 17084.24 485.168 4676.407 16599.07263
858.06 16019.143 -64.326 4060.999 16083.46832
859.18 16289.543 425.181 4637.091 15864.36203
860.3 16033.444 244.688 4400.683 15788.75674
861.42 16017.846 -89.306 3813.275 16107.15146
862.54 15056.247 -65.799 3818.867 15122.04617
863.66 15705.647 50.708 3849.959 15654.9399
864.78 15605.049 186.714 4035.051 15418.33461
865.9 15475.45 244.221 4368.643 15231.22931
867.02 16535.852 1277.228 5276.735 15258.62402
868.14 15806.752 879.234 4765.827 14927.51776
869.26 14729.653 575.741 4362.919 14153.91248
870.38 14226.555 -90.252 3643.511 14316.80717
871.5 13967.955 -94.746 3553.603 14062.7009
872.62 13515.356 69.761 3857.695 13445.5956
873.74 15150.758 699.268 4398.287 14451.4903
874.85 13359.958 40.271 3514.833 13319.68718
875.97 13298.958 286.271 3843.333 13012.68716
877.09 13226.458 373.271 3983.833 12853.18716
878.21 12773.958 220.771 3779.333 12553.18718
879.33 13346.458 334.771 3798.333 13011.68716
880.44 12898.458 254.771 3684.833 12643.68718
881.56 12782.958 111.271 3602.333 12671.68717
882.68 12658.958 256.271 3726.833 12402.68716
883.79 13054.458 826.771 4258.333 12227.68719
884.91 11860.458 -58.229 3216.333 11918.68718
886.03 12543.958 456.271 3862.333 12087.68716
887.14 13456.958 659.271 4014.833 12797.68719
888.26 13053.458 777.271 4265.333 12276.18719
889.38 12354.458 636.271 4019.833 11718.18719
890.49 12510.458 -89.729 3275.833 12600.18717
891.61 12081.458 307.771 3653.833 11773.68716
892.72 12137.958 -13.229 3418.833 12151.18717
893.84 11777.458 -99.229 3384.333 11876.68717
894.95 12268.958 -87.229 3324.833 12356.18717
896.07 11797.458 152.271 3726.833 11645.18718
897.18 12051.958 384.271 3891.833 11667.68716
898.3 11885.458 -41.229 3522.833 11926.68718
899.41 12277.458 577.271 4089.333 11700.18719
900.53 11618.458 335.771 3735.833 11282.68716
901.64 11729.958 462.271 3906.833 11267.68716
902.75 11536.458 262.771 3616.833 11273.68716
903.87 11418.958 116.771 3411.333 11302.18717
904.98 11396.458 403.771 3722.333 10992.68716
906.09 11110.458 235.771 3425.333 10874.68718
907.21 11150.958 438.771 3655.833 10712.18716
908.32 10360.458 198.271 3315.833 10162.18718
909.43 10793.958 650.771 3894.333 10143.18719
910.54 10519.458 280.271 3244.833 10239.18716
911.66 11054.958 1160.771 4269.833 9894.18713
912.77 9499.458 85.771 3089.333 9413.68717
913.88 10065.958 300.271 3323.833 9765.68716
914.99 9670.958 69.271 3025.333 9601.68717
916.1 9898.458 349.771 3204.833 9548.68716
917.22 8797.958 58.771 2762.333 8739.18718
918.33 9489.458 688.771 3487.833 8800.68719
919.44 9322.958 270.271 2972.333 9052.68716
920.55 9449.958 660.771 3649.333 8789.18719
921.66 8691.958 428.771 3223.833 8263.18716
922.77 8617.958 488.271 3149.333 8129.68716
923.88 9194.458 623.271 3313.833 8571.18719
924.99 8728.958 373.771 3036.333 8355.18716
926.1 8046.958 -11.229 2546.333 8058.18766
927.21 8721.458 652.771 3305.833 8068.68719
928.32 7463.958 -84.729 2396.833 7548.68766
929.43 7655.958 251.771 2805.833 7404.18767
930.54 7038.458 111.271 2609.833 6927.18766
931.65 7056.458 266.271 2592.833 6790.18765
932.76 7234.458 381.771 2722.833 6852.68765
933.86 6692.958 302.271 2561.333 6390.68765
934.97 6365.958 113.771 2282.333 6252.18766
936.08 6199.958 164.771 2124.333 6035.18767
937.19 6419.958 708.271 2603.333 5711.68768
938.3 5522.958 472.271 2192.333 5050.68765
939.4 5242.458 674.771 2340.833 4567.68768
940.51 4795.458 305.271 1759.833 4490.18765
941.62 4731.458 503.771 1834.833 4227.68765
942.73 5280.958 1102.771 2576.833 4178.18762
943.83 4017.958 302.771 1671.833 3715.18741
944.94 4061.458 338.271 1693.333 3723.18741
946.05 3703.958 -35.729 1294.333 3739.68742
947.15 3560.458 -25.729 1263.333 3586.18742
948.26 3968.958 228.771 1643.833 3740.18742
949.36 4057.458 98.271 1449.833 3959.18742
950.47 4565.458 326.771 1827.333 4238.68765
951.57 4873.458 844.771 2422.333 4028.68768
952.68 4601.458 568.771 2068.833 4032.68768
953.79 4779.458 439.271 2035.833 4340.18765
954.89 4565.458 121.771 1630.333 4443.68766
955.99 4857.958 391.271 2083.333 4466.68765
957.1 4294.958 230.271 1776.333 4064.68767
958.2 4533.958 271.271 1965.833 4262.68765
959.31 4861.958 455.771 2161.833 4406.18765
960.41 4450.958 130.271 1688.833 4320.68767
961.52 4207.458 10.271 1684.333 4197.18766
962.62 4703.458 493.771 2130.333 4209.68765
963.72 4163.958 -50.729 1576.833 4214.68766
964.83 4136.958 -70.729 1499.833 4207.68766
965.93 4470.958 341.771 2017.833 4129.18765
967.03 4698.958 714.271 2333.333 3984.68768
968.13 4618.958 466.771 2145.333 4152.18765
969.24 4224.458 175.771 1655.833 4048.68767
970.34 4202.458 206.771 1810.833 3995.68767
971.44 4208.958 265.771 1790.833 3943.18765
972.54 4486.958 346.771 1918.833 4140.18765
973.64 4176.958 142.271 1659.833 4034.68767
974.75 5003.458 1069.771 2704.333 3933.68762
975.85 7190.958 3162.271 5073.833 4028.68774
976.95 3804.458 189.771 1587.333 3614.68742
978.05 4316.458 525.771 2095.833 3790.68768
979.15 4536.458 896.271 2476.333 3640.18768
980.25 3466.958 99.771 1494.833 3367.18742
981.35 3693.958 179.271 1546.833 3514.68742
982.45 4551.958 891.771 2337.833 3660.18768
983.55 4027.458 462.771 1919.833 3564.68741
984.65 3734.458 418.271 1831.833 3316.18741
985.75 3896.958 675.271 1949.833 3221.68744
986.85 3566.958 372.271 1745.833 3194.68741
987.95 3478.458 185.271 1521.333 3293.18742
989.05 3991.958 783.271 2211.833 3208.68744
990.15 3755.958 628.271 1967.833 3127.68744
991.25 3499.458 443.271 1684.833 3056.18741
992.34 3759.458 835.771 2151.833 2923.68744
993.44 3226.958 478.271 1563.333 2748.68741
994.54 3109.958 386.771 1536.833 2723.18741
995.64 3349.458 731.271 1912.833 2618.18744
996.74 3568.958 789.271 2033.333 2779.68744
997.83 2641.958 73.771 1137.333 2568.18742
998.93 2764.958 315.271 1389.833 2449.68741
1000.03 3798.458 1230.771 2533.333 2567.68738
1001.12 3314.958 704.771 1946.833 2610.18744
1002.22 3303.458 729.271 1894.833 2574.18744
1003.32 2594.958 272.271 1281.833 2322.68741
1004.41 2804.958 467.271 1487.833 2337.68741
1005.51 2603.958 402.771 1355.333 2201.18741
1006.6 2303.958 188.771 1101.833 2115.18742
1007.7 2780.958 624.271 1549.333 2156.68744
1008.8 1939.958 103.271 864.333 1836.68754
1009.89 2496.458 577.771 1528.333 1918.68744
1010.99 2448.958 384.771 1327.333 2064.18741
1012.08 2128.458 47.271 1003.833 2081.18742
1013.18 2590.458 394.271 1359.333 2196.18741
1014.27 2420.458 202.271 1183.333 2218.18742
1015.36 2555.458 334.271 1272.833 2221.18741
1016.46 2661.958 402.771 1395.333 2259.18741
1017.55 2179.458 148.271 1113.833 2031.18742
1018.65 2496.958 496.771 1439.333 2000.18741
1019.74 2516.458 586.771 1647.333 1929.68744
1020.83 2335.458 505.271 1456.333 1830.18741
1021.93 2195.458 280.271 1197.833 1915.18741
1023.02 1800.958 38.271 869.333 1762.68754
1024.11 1776.958 63.771 926.333 1713.18754
1025.2 1754.458 88.271 847.833 1666.18754
1026.3 2076.958 454.271 1324.333 1622.68741
1027.39 2158.958 597.771 1384.833 1561.18744
1028.48 1957.458 486.771 1198.333 1470.68753
1029.57 1629.958 312.771 1067.833 1317.18753
1030.66 1873.458 451.771 1162.333 1421.68753
1031.75 3013.458 1483.271 2362.833 1530.18738
1032.84 1950.458 652.771 1303.333 1297.68756
1033.94 1450.958 161.271 745.833 1289.68755
1035.03 1937.458 773.771 1392.333 1163.68756
1036.12 1296.958 90.271 676.833 1206.68754
1037.21 1218.458 66.771 679.333 1151.68754
1038.3 1721.958 522.771 1192.333 1199.18756
1039.39 1207.458 153.271 648.333 1054.18755
1040.48 1546.958 455.771 1000.333 1091.18753
1041.57 1683.458 616.271 1179.833 1067.18756
1042.66 1404.958 441.771 944.833 963.18753
1043.74 1545.958 508.271 1098.333 1037.68753
1044.83 1542.458 543.271 1050.833 999.18756
1045.92 954.958 45.771 565.833 909.18748
1047.01 1598.958 617.771 1186.333 981.18756
1048.1 954.958 96.771 560.333 858.18748
1049.19 1287.458 502.271 897.333 785.18753
1050.27 1232.458 342.271 769.333 890.18753
1051.36 1126.458 305.271 792.833 821.18753
1052.45 1281.458 469.771 1000.833 811.68753
1053.54 1176.458 466.771 832.833 709.68753
1054.62 1235.958 525.271 986.833 710.68756
1055.71 1208.458 467.771 883.833 740.68753
1056.8 1469.958 688.271 1175.833 781.68756
1057.88 1001.958 328.771 733.833 673.18747
1058.97 1138.458 458.771 857.833 679.68753
1060.06 1674.958 834.771 1390.833 840.18756
1061.14 908.958 367.771 759.833 541.18747
1062.23 2391.958 1608.271 2094.333 783.68738
1063.31 1155.958 547.271 941.833 608.68756
1064.4 870.958 279.271 607.333 591.68747
1065.48 1031.958 526.771 785.833 505.18756
1066.57 863.958 362.771 687.833 501.18747
1067.65 1086.458 543.771 840.333 542.68756
1068.74 825.458 357.271 721.333 468.18747
1069.82 1016.458 544.271 891.333 472.1875
1070.9 2938.458 2151.771 2744.333 786.6875
1071.99 1189.958 561.771 931.833 628.18756
1073.07 981.958 491.771 815.833 490.18747
1074.15 1054.958 576.771 909.333 478.18756
1075.24 1054.958 526.771 793.833 528.18756
1076.32 1122.458 625.771 934.833 496.68756
1077.4 1588.458 963.771 1358.833 624.68756
1078.49 743.958 218.271 536.333 525.68748
1079.57 1055.458 655.271 1002.333 400.18756
1080.65 1374.958 866.771 1281.333 508.18756
1081.73 897.458 382.771 675.333 514.68747
1082.81 636.458 238.271 562.333 398.18748
1083.89 1005.458 548.771 825.333 456.6875
1084.98 989.458 533.271 867.333 456.1875
1086.06 609.958 267.771 464.833 342.18747
1087.14 701.458 283.771 567.333 417.68747
1088.22 869.458 524.771 763.833 344.6875
1089.3 600.458 261.771 460.833 338.68747
1090.38 1634.458 1101.771 1395.333 532.6875
1091.46 1019.958 598.771 893.333 421.1875
1092.54 752.958 405.771 616.833 347.18747
1093.62 789.958 412.771 680.833 377.18747
1094.7 570.458 186.271 392.333 384.18748
1095.78 842.958 490.771 710.833 352.18747
1096.86 917.958 545.771 790.833 372.1875
1097.93 1623.958 1146.271 1539.333 477.6875
1099.01 1166.458 802.271 1113.333 364.18756
1100.09 587.958 334.271 534.333 253.68747
