196.55 1403.47 972.948 0.0 430.52283
197.76 2004.354 1427.472 0.0 576.88232
198.96 1815.838 1340.45 0.0 475.38733
200.16 1213.435 796.077 0.0 417.35809
201.36 2154.898 1587.379 0.0 567.51868
202.56 1567.33 990.115 0.0 577.21436
203.76 1240.579 849.94 0.0 390.63965
204.96 1460.329 932.264 0.0 528.065
206.16 1058.658 712.367 0.0 346.29144
207.36 1696.259 1181.173 0.0 515.08606
208.56 1431.881 1052.507 0.0 379.37427
209.76 1061.533 637.704 0.0 423.8288
210.96 1284.156 888.539 0.0 395.617
212.16 2651.009 2056.997 0.0 594.01147
213.36 1577.237 1126.644 0.0 450.59265
214.56 1321.245 890.479 0.0 430.7655
215.76 2369.58 1834.94 0.0 534.63977
216.96 1984.52 1568.862 0.0 415.65759
218.16 1525.465 985.792 0.0 539.67377
219.35 1151.136 716.838 0.0 434.29791
220.55 1327.653 872.359 0.0 455.29309
221.75 1230.584 810.596 0.0 419.98871
222.95 1999.867 1461.314 0.0 538.55371
224.15 1620.283 1090.029 0.0 530.25403
225.35 1266.74 782.472 0.0 484.26715
226.55 1139.131 792.831 0.0 346.29962
227.75 1994.367 1378.814 0.0 615.55371
228.94 1598.033 1122.204 0.0 475.82874
230.14 1433.963 919.113 0.0 514.84991
231.34 1282.897 847.028 0.0 435.86938
232.54 1181.914 780.549 0.0 401.36456
233.74 1230.525 805.869 0.0 424.65588
234.93 1287.223 791.951 0.0 495.27197
236.13 1407.683 951.574 0.0 456.10883
237.33 1407.612 930.131 0.0 477.48053
238.53 1229.169 887.381 0.0 341.78821
239.72 1860.37 1373.993 0.0 486.37756
240.92 1047.011 562.676 0.0 484.33527
242.12 1725.362 1152.807 0.0 572.5553
243.31 1110.726 755.63 0.0 355.09583
244.51 1039.376 627.0 0.0 412.37585
245.71 1791.609 1278.803 0.0 512.80603
246.9 2266.376 1688.0 0.0 578.37598
248.1 1500.09 950.954 0.0 549.13641
249.3 1411.245 982.33 0.0 428.91492
250.49 1304.982 893.313 0.0 411.66888
251.69 1551.457 1049.106 0.0 502.35156
252.89 1389.11 916.154 0.0 472.95551
254.08 966.033 579.204 0.0 386.82886
255.28 1470.563 976.919 0.0 493.64459
256.47 962.253 577.666 0.0 384.58771
257.67 1554.837 1159.099 0.0 395.73792
258.86 1689.432 1172.898 0.0 516.53418
260.06 1285.229 917.809 0.0 367.41968
261.26 2026.161 1459.546 0.0 566.61536
262.45 1393.425 939.063 0.0 454.36133
263.65 863.862 565.158 0.0 298.70465
264.84 1700.15 1081.531 0.0 618.61853
266.04 1102.61 804.154 0.0 298.45551
267.23 973.615 487.661 0.0 485.95383
268.42 1157.441 706.584 0.0 450.85638
269.62 1408.484 882.641 0.0 525.84344
270.81 1420.807 959.736 0.0 461.07147
272.01 1363.419 923.056 0.0 440.36292
273.2 1698.517 1164.034 0.0 534.48303
274.4 1087.262 664.852 0.0 422.40997
275.59 1517.036 1028.883 0.0 488.15271
276.78 1473.544 892.718 0.0 580.82556
277.98 1205.18 772.746 0.0 432.43439
279.17 1309.78 903.201 0.0 406.57965
280.37 1207.979 837.985 0.0 369.99438
281.56 934.31 528.915 0.0 405.39539
282.75 1054.767 617.508 0.0 437.25903
283.95 1189.884 801.186 0.0 388.69818
285.14 1323.389 863.193 0.0 460.19647
286.33 1114.696 700.267 0.0 414.42944
287.52 1427.528 948.548 0.0 478.97974
288.72 1657.452 1136.95 0.0 520.50256
289.91 1934.278 1410.373 0.0 523.90515
291.1 1541.645 1007.024 0.0 534.62024
292.29 1460.221 997.623 0.0 462.59753
293.49 1453.675 1044.239 0.0 409.43591
294.68 1052.256 729.845 0.0 322.41168
295.87 1171.204 803.102 0.0 368.10236
297.06 1424.283 940.38 0.0 483.9035
298.26 807.879 420.179 0.0 387.6998
299.45 1182.726 789.13 0.0 393.59583
300.64 1252.653 822.859 0.0 429.79309
301.83 1281.897 857.028 0.0 424.86938
303.02 1110.422 630.384 0.0 480.03748
304.21 1645.03 1123.525 0.0 521.50488
305.4 1314.4 875.356 0.0 439.04395
306.59 1413.753 920.166 0.0 493.58777
307.79 1186.666 803.053 0.0 383.61371
308.98 1006.963 579.113 0.0 427.84991
310.17 1677.899 966.081 0.0 711.8175
311.36 1283.181 857.597 0.0 425.58374
312.55 1999.477 1560.657 0.0 438.81995
313.74 917.267 584.359 0.0 332.90833
314.93 1458.881 1009.007 0.0 449.87433
316.12 1179.677 787.067 0.0 392.61047
317.31 808.24 406.823 0.0 401.41653
318.5 1034.267 574.859 0.0 459.40839
319.69 1203.471 830.799 0.0 372.67224
320.88 1133.549 736.225 0.0 397.32397
322.07 1015.949 607.271 0.0 408.67865
323.26 1031.889 607.342 0.0 424.54718
324.45 849.31 447.415 0.0 401.89539
325.64 1222.433 766.749 0.0 455.68353
326.83 1488.645 996.024 0.0 492.62024
328.01 1193.327 738.436 0.0 454.8905
329.2 1446.166 976.053 0.0 470.11371
330.39 1169.783 727.38 0.0 442.4035
331.58 933.305 542.908 0.0 390.39703
332.77 1827.688 1253.081 0.0 574.6073
333.96 733.487 448.82 0.0 284.6673
335.15 972.349 524.964 0.0 447.38403
336.33 945.805 590.908 0.0 354.89703
337.52 1185.811 719.415 0.0 466.39545
338.71 1094.338 710.45 0.0 383.88727
339.9 1047.188 614.932 0.0 432.25653
341.08 1091.895 688.2 0.0 403.69495
342.27 1438.107 879.475 0.0 558.63165
343.46 1558.802 1063.729 0.0 495.07312
344.65 1429.302 897.229 0.0 532.07312
345.83 1486.324 983.257 0.0 503.06665
347.02 903.329 470.264 0.0 433.06503
348.21 1579.941 1021.584 0.0 558.35638
349.4 981.617 462.989 0.0 518.62833
350.58 1151.275 718.045 0.0 433.23059
351.77 999.525 575.369 0.0 424.15594
352.96 755.694 324.088 0.0 431.60562
354.14 1156.069 619.926 0.0 536.14294
355.33 989.226 536.13 0.0 453.09583
356.51 851.566 387.098 0.0 464.46848
357.7 1190.036 679.734 0.0 510.30206
358.89 994.411 511.721 0.0 482.69
360.07 1448.572 915.105 0.0 533.4668
361.26 1617.194 1061.79 0.0 555.40442
362.44 1273.708 733.483 0.0 540.22498
363.63 1024.524 481.743 0.0 542.78012
364.81 1068.037 531.437 0.0 536.60077
366.0 802.35 276.518 0.0 525.83212
367.18 2112.138 1403.392 0.0 708.74609
368.37 948.491 529.85 0.0 418.6405
369.55 1349.406 737.065 0.0 612.34094
370.74 1536.912 911.572 0.0 625.33942
371.92 1789.227 1158.332 0.0 630.89465
373.11 1008.031 476.078 0.0 531.95303
374.29 908.045 421.772 0.0 486.27365
375.48 1083.156 531.741 0.0 551.41565
376.66 890.879 441.53 0.0 449.34912
377.84 1631.491 953.85 0.0 677.64056
379.03 911.895 405.051 0.0 506.84427
380.21 783.113 332.184 0.0 450.92871
381.39 745.635 266.212 0.0 479.42215
382.58 1463.643 816.548 0.0 647.09503
383.76 1838.074 1148.784 0.0 689.29065
384.94 1898.482 1254.164 0.0 644.31824
386.13 967.542 426.593 0.0 540.94977
387.31 1278.732 618.339 0.0 660.39294
388.49 1087.866 474.688 0.0 613.17792
389.68 1359.319 637.952 0.0 721.367
390.86 1332.83 567.466 0.0 765.36377
392.04 1762.015 982.706 0.0 779.30853
393.22 1207.83 445.466 0.0 762.3638
394.41 1232.877 473.202 0.0 759.67468
395.59 876.577 193.463 0.0 683.11456
396.77 1387.751 552.689 0.0 835.06262
397.95 1410.664 637.576 0.0 773.08856
399.13 1757.493 792.678 0.0 964.815
400.31 1346.73 447.511 0.0 899.21838
401.5 1549.705 626.304 0.0 923.40112
402.68 1720.135 734.712 0.0 985.42218
403.86 1355.314 434.445 0.0 920.86859
405.04 1931.558 807.263 0.0 1124.29559
406.22 1417.689 367.783 0.0 1049.90594
407.4 1856.001 697.013 0.0 1158.98792
408.58 1928.953 814.301 0.0 1114.65186
409.76 2138.667 947.755 0.0 1190.91241
410.94 1840.33 624.466 0.0 1215.86377
412.12 1664.414 502.9 0.0 1161.51385
413.3 1615.428 359.093 0.0 1256.33447
414.48 1480.692 371.111 0.0 1109.58051
415.66 1752.069 445.277 0.0 1306.79233
416.84 2573.433 1233.1 0.0 1340.33289
418.02 1935.512 623.378 0.0 1312.13409
419.2 1733.922 419.586 0.0 1314.33615
420.38 1950.083 583.97 0.0 1366.11298
421.56 1830.795 427.245 0.0 1403.54965
422.74 2552.447 1081.794 0.0 1470.65344
423.92 2185.852 865.995 0.0 1319.85718
425.1 1974.692 464.111 0.0 1510.58051
426.28 1823.237 405.995 0.0 1417.242
427.46 3071.985 1356.492 0.0 1715.49268
428.63 2138.134 571.861 0.0 1566.27289
429.81 2250.963 687.964 0.0 1562.99921
430.99 2386.574 754.784 0.0 1631.79065
432.17 2840.623 1145.347 0.0 1695.276
433.35 2529.849 827.316 0.0 1702.53333
434.52 1789.544 155.069 0.0 1634.47495
435.7 2107.651 376.383 0.0 1731.26807
436.88 2606.186 840.104 0.0 1766.08209
438.06 2441.765 552.531 0.0 1889.23395
439.23 2412.944 399.115 0.0 2013.82956
440.41 2680.088 594.126 0.0 2085.96198
441.59 2956.572 828.456 0.0 2128.11621
442.77 2544.379 276.679 0.0 2267.69986
443.94 3159.977 760.657 0.0 2399.31995
445.12 3213.613 769.833 0.0 2443.77936
446.3 3573.697 1093.118 0.0 2480.57874
447.47 3188.026 666.72 0.0 2521.3053
448.65 3393.219 720.646 0.0 2672.5722
449.82 3029.719 500.146 0.0 2529.57224
451.0 3374.02 609.213 0.0 2764.80701
452.18 3247.854 476.823 0.0 2771.03165
453.35 3513.229 530.16 0.0 2983.06909
454.53 3470.887 558.865 0.0 2912.02203
455.7 3381.289 334.238 0.0 3047.05133
456.88 4144.941 945.935 0.0 3199.00592
458.05 3864.558 591.763 0.0 3272.79547
459.23 3708.074 315.784 0.0 3392.29065
460.4 4025.229 580.16 0.0 3445.06909
461.58 4265.688 719.432 0.0 3546.25653
462.75 3956.613 315.333 0.0 3641.27936
463.93 4426.257 628.696 0.0 3797.56116
465.1 4538.406 525.065 0.0 4013.34106
466.28 4251.819 218.101 0.0 4033.71762
467.45 4231.729 146.66 0.0 4085.06911
468.63 4751.047 523.249 0.0 4227.79883
469.8 5301.327 870.287 0.0 4431.03979
470.97 4856.806 405.259 0.0 4451.54654
472.15 5147.126 595.675 0.0 4551.45068
473.32 5577.819 704.601 0.0 4873.21765
474.49 5833.99 859.499 0.0 4974.49127
475.67 5398.297 507.573 0.0 4890.72437
476.84 5498.303 327.08 0.0 5171.22266
478.01 5967.124 636.347 0.0 5330.77625
479.19 5918.917 548.728 0.0 5370.18829
480.36 5913.506 309.02 0.0 5604.48624
481.53 6237.162 596.897 0.0 5640.26495
482.7 6168.34 497.129 0.0 5671.21091
483.88 6005.702 275.774 0.0 5729.92761
485.05 6320.941 361.935 0.0 5959.00595
486.22 6449.052 478.405 0.0 5970.64774
487.39 6513.699 333.595 0.0 6180.10376
488.56 6827.145 485.876 0.0 6341.2695
489.74 7352.895 897.2 0.0 6455.69507
490.91 6725.857 242.651 0.0 6483.20633
492.08 6846.145 375.876 0.0 6470.2695
493.25 6850.406 278.714 0.0 6571.69168
494.42 7124.455 476.778 0.0 6647.67703
495.59 7110.691 417.26 0.0 6693.431
496.76 7273.553 465.756 0.0 6807.79712
497.93 7525.974 610.478 0.0 6915.49585
499.1 7736.186 572.753 0.0 7163.43268
500.27 8219.966 1040.792 0.0 7179.17419
501.44 8329.018 1228.534 0.0 7100.4834
502.61 7599.846 423.137 0.0 7176.70969
503.78 7891.821 629.929 0.0 7261.89209
504.95 8634.721 1123.474 0.0 7511.24646
506.12 8162.332 696.943 0.0 7465.38873
507.29 7717.884 335.186 0.0 7382.69794
508.46 7548.368 32.165 0.0 7516.20297
509.63 9070.868 1258.165 0.0 7812.70349
510.8 9166.077 1179.612 0.0 7986.46533
511.97 8265.781 558.552 0.0 7707.22943
513.14 8269.897 258.528 0.0 8011.36951
514.31 8926.18 785.746 0.0 8140.4339
515.48 8685.134 495.01 0.0 8190.12347
516.65 8823.308 525.087 0.0 8298.22052
517.81 8791.977 355.806 0.0 8436.17078
518.98 9012.248 695.01 0.0 8317.23853
520.15 8518.727 161.13 0.0 8357.59633
521.32 9497.571 703.605 0.0 8793.96655
522.49 10461.128 1502.503 0.0 8958.62463
523.65 10121.767 1158.859 0.0 8962.90796
524.82 9826.297 638.073 0.0 9188.22388
525.99 9276.14 78.517 0.0 9197.62227
527.16 10170.818 631.25 0.0 9539.56824
528.32 10350.131 730.182 0.0 9619.94855
529.49 10159.582 411.619 0.0 9747.96317
530.66 9875.158 114.367 0.0 9760.79168
531.82 10291.458 180.957 0.0 10110.50137
532.99 10607.202 320.274 0.0 10286.9281
534.16 10835.438 444.256 0.0 10391.18207
535.32 11546.3 794.401 0.0 10751.8988
536.49 11348.805 294.408 0.0 11054.39664
537.65 12298.786 1011.059 0.0 11287.72723
538.82 11764.734 321.816 0.0 11442.91803
539.99 12497.411 642.721 0.0 11854.69
541.15 12808.656 818.39 0.0 11990.2666
542.32 12474.359 147.979 0.0 12326.3808
543.48 13656.495 811.155 0.0 12845.34021
544.65 13968.346 992.785 0.0 12975.5603
545.81 15352.466 1483.292 0.0 13869.17419
546.98 14512.457 503.106 0.0 14009.3515
548.14 15523.466 783.792 0.0 14739.67413
549.31 15353.278 402.873 0.0 14950.40555
550.47 16203.832 469.443 0.0 15734.3887
551.63 16882.977 914.806 0.0 15968.17078
552.8 16434.055 454.584 0.0 15979.4711
553.96 16742.262 459.852 0.0 16282.4101
555.13 17475.338 391.45 0.0 17083.88751
556.29 18538.941 934.084 0.0 17604.85699
557.45 17699.711 274.46 0.0 17425.25079
558.62 18517.102 523.468 0.0 17993.63354
559.78 19150.457 771.606 0.0 18378.8515
560.94 19172.611 371.982 0.0 18800.62921
562.11 19464.193 391.088 0.0 19073.10544
563.27 19770.607 157.975 0.0 19612.63237
564.43 20053.047 32.397 0.0 20020.64941
565.59 20522.137 205.838 0.0 20316.29842
566.76 21105.297 351.073 0.0 20754.22388
567.92 21497.895 571.349 0.0 20926.54565
569.08 22131.908 715.042 0.0 21416.86615
570.24 21751.26 352.024 0.0 21399.23615
571.4 22337.773 226.366 0.0 22111.40771
572.57 22884.889 367.342 0.0 22517.54684
573.73 22581.145 55.524 0.0 22525.6201
574.89 23610.027 452.697 0.0 23157.33011
576.05 24107.361 476.158 0.0 23631.20367
577.21 23801.906 157.714 0.0 23644.19217
578.37 23879.09 18.954 0.0 23860.13595
579.53 24708.236 193.644 0.0 24514.592
580.69 25389.402 597.535 0.0 24791.86731
581.85 25344.063 351.919 0.0 24992.14386
583.01 25817.783 401.88 0.0 25415.90338
584.17 26332.246 484.83 0.0 25847.41562
585.33 26844.139 572.517 0.0 26271.62128
586.49 26850.443 377.763 0.0 26472.6799
587.65 27543.455 573.278 0.0 26970.17749
588.81 27955.893 566.521 0.0 27389.3717
589.97 28192.574 929.433 0.0 27263.14148
591.13 27992.506 421.02 0.0 27571.48575
592.29 27989.684 336.574 0.0 27653.1098
593.45 28090.199 213.595 0.0 27876.60425
594.61 28011.781 134.052 0.0 27877.7294
595.77 28014.596 196.961 0.0 27817.63475
596.93 28137.061 91.091 0.0 28045.9699
598.09 28658.686 382.753 0.0 28275.93268
599.24 28269.678 138.067 0.0 28131.61098
600.4 28913.443 291.763 0.0 28621.6799
601.56 29061.541 233.39 0.0 28828.1506
602.72 29322.215 368.616 0.0 28953.59872
603.87 28879.811 473.064 0.0 28406.74652
605.03 29029.215 232.116 0.0 28797.09872
606.19 28828.387 148.514 0.0 28679.87286
607.35 28930.684 -3.926 0.0 28934.60979
608.5 29349.344 594.457 0.0 28754.88635
609.66 30134.242 989.651 0.0 29144.59082
610.82 29165.471 146.299 0.0 29019.17198
611.97 29301.941 125.084 0.0 29176.85703
613.13 29652.07 573.754 0.0 29078.31665
614.29 29826.871 496.993 0.0 29329.87842
615.44 30113.656 717.539 0.0 29396.11774
616.6 29481.484 180.141 0.0 29301.34357
617.76 29785.875 663.0 0.0 29122.87524
618.91 29982.367 726.314 0.0 29256.05359
620.07 30137.414 641.049 0.0 29496.36493
621.22 28783.678 17.567 0.0 28766.11098
622.38 30614.941 1061.084 0.0 29553.85706
623.53 29656.773 78.366 0.0 29578.40771
624.69 29701.232 112.137 0.0 29589.09514
625.84 29614.908 217.542 0.0 29397.36613
627.0 29745.463 488.964 0.0 29256.49921
628.15 29897.205 -0.398 0.0 29897.60306
629.31 29530.625 318.175 0.0 29212.44971
630.46 29612.102 -23.532 0.0 29635.63356
631.61 30327.979 374.134 0.0 29953.84476
632.77 30124.637 228.189 0.0 29896.44733
633.92 30160.783 495.38 0.0 29665.40338
635.08 31209.551 949.577 0.0 30259.97424
636.23 30458.111 308.482 0.0 30149.62921
637.38 30202.617 -74.511 0.0 30277.12802
638.54 31137.191 654.76 0.0 30482.43146
639.69 31155.131 936.831 0.0 30218.29962
640.84 30632.887 490.402 0.0 30142.4845
641.99 30649.865 97.409 0.0 30552.45636
643.15 31085.342 816.916 0.0 30268.42627
644.3 30770.318 95.422 0.0 30674.89616
645.45 30516.297 -58.071 0.0 30574.36802
646.6 31649.273 811.436 0.0 30837.83789
647.75 31163.75 161.942 0.0 31001.80782
648.91 30974.729 -136.551 0.0 31111.27968
650.06 31293.205 225.455 0.0 31067.74959
651.21 31503.182 417.462 0.0 31085.71948
652.36 32253.16 450.969 0.0 31802.19135
653.51 31730.637 101.475 0.0 31629.16124
654.66 32347.613 273.982 0.0 32073.63113
655.81 32750.592 651.989 0.0 32098.60303
656.96 32401.068 69.495 0.0 32331.5729
658.11 32376.045 365.002 0.0 32011.04282
659.27 32914.523 531.009 0.0 32383.51465
660.42 32747.5 29.015 0.0 32718.48456
661.57 33446.977 421.022 0.0 33025.95447
662.72 33141.953 -139.971 0.0 33281.92436
663.87 33036.934 -99.965 0.0 33136.89818
665.01 34214.91 316.042 0.0 33898.86807
666.16 34223.887 41.049 0.0 34182.83798
667.31 34477.863 95.555 0.0 34382.30788
668.46 35109.34 760.562 0.0 34348.77777
669.61 35241.816 206.069 0.0 35035.7477
670.76 35332.297 4.575 0.0 35327.7215
671.91 36892.273 769.582 0.0 36122.69141
673.06 37235.25 519.589 0.0 36715.66132
674.21 36291.727 -161.405 0.0 36453.13121
675.35 36402.703 284.102 0.0 36118.6011
676.5 37434.68 167.609 0.0 37267.07101
677.65 36893.16 72.615 0.0 36820.54482
678.8 37114.637 -110.878 0.0 37225.51472
679.94 38043.113 40.629 0.0 38002.48463
681.09 38809.59 370.135 0.0 38439.45453
682.24 38966.066 363.142 0.0 38602.92444
683.39 38705.043 -1.851 0.0 38706.89433
684.53 39007.523 558.155 0.0 38449.36816
685.68 39006.0 214.662 0.0 38791.33804
686.83 39199.477 301.169 0.0 38898.30795
687.97 39058.953 298.175 0.0 38760.77786
689.12 39181.43 178.182 0.0 39003.24776
690.27 39102.41 68.189 0.0 39034.22157
691.41 39518.387 468.195 0.0 39050.19147
692.56 39429.863 358.702 0.0 39071.16138
693.7 39580.34 378.709 0.0 39201.63126
694.85 39185.816 48.215 0.0 39137.60117
695.99 39647.793 398.222 0.0 39249.57108
697.14 39426.273 184.229 0.0 39242.04488
698.28 39708.75 342.735 0.0 39366.01477
699.43 39774.227 391.242 0.0 39382.98468
700.57 39485.203 -74.251 0.0 39559.45459
701.72 39604.68 -50.745 0.0 39655.42449
702.86 39724.656 -107.738 0.0 39832.39439
704.01 39743.137 50.269 0.0 39692.86821
705.15 39918.113 433.275 0.0 39484.8381
706.29 39786.59 126.782 0.0 39659.80801
707.44 40009.066 171.288 0.0 39837.77791
708.58 39933.043 -124.205 0.0 40057.24782
709.72 40369.02 629.302 0.0 39739.71771
710.87 39869.5 -137.192 0.0 40006.69153
712.01 40156.477 0.315 0.0 40156.16143
713.15 40249.953 217.322 0.0 40032.63133
714.3 40256.43 348.828 0.0 39907.60123
715.44 40313.406 92.335 0.0 40221.07114
716.58 40465.383 277.342 0.0 40188.04105
717.72 40230.863 52.848 0.0 40178.01485
718.87 40498.84 240.855 0.0 40257.98476
720.01 40396.816 117.362 0.0 40279.45465
721.15 40440.793 -54.132 0.0 40494.92456
722.29 40603.27 345.875 0.0 40257.39447
723.43 40776.746 498.882 0.0 40277.86435
724.57 40551.727 450.388 0.0 40101.33817
725.72 40578.703 244.895 0.0 40333.80807
726.86 40896.18 678.902 0.0 40217.27795
728.0 40763.156 164.408 0.0 40598.74788
729.14 40822.133 -2.085 0.0 40824.21778
730.28 41079.109 481.422 0.0 40597.68768
731.42 40614.09 10.928 0.0 40603.16149
732.56 41166.566 722.435 0.0 40444.13141
733.7 41049.043 386.942 0.0 40662.10129
734.84 40718.02 -127.052 0.0 40845.0712
735.98 40828.496 148.955 0.0 40679.54111
737.12 40887.977 -3.038 0.0 40891.01491
738.26 40780.953 17.468 0.0 40763.48481
739.4 40995.43 228.475 0.0 40766.95471
740.53 41174.906 407.482 0.0 40767.42462
741.67 40943.883 273.488 0.0 40670.39453
742.81 40973.359 -222.505 0.0 41195.86443
743.95 41012.84 241.002 0.0 40771.83823
745.09 40961.316 19.508 0.0 40941.80813
746.23 40982.293 399.515 0.0 40582.77805
747.36 41159.27 453.522 0.0 40705.74792
748.5 40953.246 60.028 0.0 40893.21784
749.64 40945.723 25.035 0.0 40920.68774
750.78 40831.703 -5.458 0.0 40837.16155
751.92 40704.18 74.548 0.0 40629.63145
753.05 40956.656 155.555 0.0 40801.10136
754.19 41133.133 635.562 0.0 40497.57129
755.33 40820.109 -151.932 0.0 40972.04117
756.46 41067.586 245.075 0.0 40822.51106
757.6 40721.566 82.082 0.0 40639.48488
758.74 41079.543 562.088 0.0 40517.45477
759.87 40809.02 244.595 0.0 40564.42468
761.01 40693.496 271.102 0.0 40422.39459
762.14 40804.973 234.608 0.0 40570.36449
763.28 40620.449 408.115 0.0 40212.33438
764.41 40828.93 249.121 0.0 40579.8082
765.55 40413.406 -123.872 0.0 40537.2781
766.69 40510.883 289.635 0.0 40221.24802
767.82 40658.359 266.641 0.0 40391.7179
768.95 40370.836 26.148 0.0 40344.68781
770.09 40317.813 737.655 0.0 39580.15771
771.22 40807.793 661.661 0.0 40146.13153
772.36 40517.77 504.168 0.0 40013.60141
773.49 40473.746 489.175 0.0 39984.57132
774.63 40325.723 196.181 0.0 40129.54123
775.76 40055.199 154.688 0.0 39900.51112
776.89 40295.18 428.195 0.0 39866.98492
778.03 40011.656 360.201 0.0 39651.45483
779.16 39883.633 8.708 0.0 39874.92474
780.29 40132.609 308.215 0.0 39824.39465
781.43 39984.086 606.221 0.0 39377.86456
782.56 39652.063 315.228 0.0 39336.83444
783.69 39655.543 11.735 0.0 39643.80826
784.82 39514.02 233.241 0.0 39280.77817
785.96 39566.996 116.748 0.0 39450.24806
787.09 39574.973 204.255 0.0 39370.71797
788.22 39619.449 394.261 0.0 39225.18787
789.35 39521.926 157.768 0.0 39364.15778
790.48 39125.406 142.275 0.0 38983.13158
791.62 39487.883 580.281 0.0 38907.6015
792.75 39443.359 5.288 0.0 39438.07139
793.88 39415.836 737.795 0.0 38678.04126
795.01 39296.813 353.801 0.0 38943.0112
796.14 39274.789 404.808 0.0 38869.98108
797.27 39121.77 493.815 0.0 38627.9549
798.4 39126.246 283.321 0.0 38842.9248
799.53 38725.723 -4.672 0.0 38730.39471
800.66 38944.699 316.335 0.0 38628.36462
801.79 39479.176 1276.841 0.0 38202.33447
802.92 38816.152 199.848 0.0 38616.30441
804.05 38543.133 381.855 0.0 38161.27823
805.18 38726.609 290.861 0.0 38435.74814
806.31 38618.086 215.868 0.0 38402.21803
807.44 38562.563 -64.625 0.0 38627.18793
808.57 38774.539 400.381 0.0 38374.15784
809.69 38544.016 400.888 0.0 38143.12775
810.82 38432.496 -163.605 0.0 38596.10155
811.95 39021.473 988.401 0.0 38033.07147
813.08 37036.449 103.908 0.0 36932.54135
814.21 37897.426 1064.915 0.0 36832.51123
815.33 37050.902 282.921 0.0 36767.98117
816.46 36343.883 308.928 0.0 36034.95496
817.59 36636.859 847.435 0.0 35789.42487
818.72 35934.836 504.441 0.0 35430.39478
819.84 36655.813 896.448 0.0 35759.36469
820.97 35138.789 446.454 0.0 34692.33456
822.1 35519.266 593.961 0.0 34925.3045
823.22 33899.246 -30.532 0.0 33929.77829
824.35 35046.723 92.474 0.0 34954.24819
825.48 34751.199 574.481 0.0 34176.71808
826.6 33063.176 310.488 0.0 32752.68799
827.73 33883.152 -144.506 0.0 34027.6579
828.85 33441.129 268.501 0.0 33172.62781
829.98 33356.609 610.008 0.0 32746.60162
831.11 32528.084 70.014 0.0 32458.06956
832.23 32483.063 81.521 0.0 32401.54141
833.36 32454.539 524.528 0.0 31930.01129
834.48 32730.018 259.034 0.0 32470.98318
835.6 32273.994 482.041 0.0 31791.95306
836.73 31179.971 -7.952 0.0 31187.92298
837.85 31271.449 535.054 0.0 30736.39484
838.98 31496.426 -104.439 0.0 31600.86474
840.1 31388.902 458.568 0.0 30930.33463
841.23 30439.881 371.074 0.0 30068.80649
842.35 31566.357 720.581 0.0 30845.77637
843.47 30995.334 248.588 0.0 30746.74629
844.6 30171.813 26.594 0.0 30145.21815
845.72 30094.289 155.101 0.0 29939.18806
846.84 30402.266 134.608 0.0 30267.65796
847.96 29630.744 139.114 0.0 29491.62982
849.09 29681.721 58.121 0.0 29623.59972
850.21 29884.197 232.628 0.0 29651.56963
851.33 29082.676 385.134 0.0 28697.54147
852.45 28707.652 25.141 0.0 28682.51138
853.57 28938.629 232.148 0.0 28706.48128
854.7 28714.607 67.654 0.0 28646.95314
855.82 28099.584 -0.339 0.0 28099.92304
856.94 28824.061 485.168 0.0 28338.89294
858.06 27855.539 -64.326 0.0 27919.8648
859.18 28252.016 425.181 0.0 27826.83469
860.3 28983.492 244.688 0.0 28738.8046
861.42 28048.471 -89.306 0.0 28137.77646
862.54 27376.947 -65.799 0.0 27442.74636
863.66 26943.424 50.708 0.0 26892.71626
864.78 27844.402 186.714 0.0 27657.68813
865.9 27737.379 244.221 0.0 27493.15802
867.02 28123.355 1277.228 0.0 26846.12793
868.14 27998.334 879.234 0.0 27119.09979
869.26 27124.311 575.741 0.0 26548.5697
870.38 26783.787 -90.252 0.0 26874.03959
871.5 26600.266 -94.746 0.0 26695.01144
872.62 27032.742 69.761 0.0 26962.98135
873.74 26634.719 699.268 0.0 25935.45123
874.85 25373.459 40.271 0.0 25333.18815
875.97 25959.459 286.271 0.0 25673.18814
877.09 25296.459 373.271 0.0 24923.18814
878.21 25281.959 220.771 0.0 25061.18816
879.33 25652.459 334.771 0.0 25317.68814
880.44 24841.459 254.771 0.0 24586.68816
881.56 24956.959 111.271 0.0 24845.68815
882.68 25126.459 256.271 0.0 24870.18814
883.79 25963.959 826.771 0.0 25137.18817
884.91 24592.959 -58.229 0.0 24651.18815
886.03 24850.459 456.271 0.0 24394.18814
887.14 25080.459 659.271 0.0 24421.18817
888.26 24966.459 777.271 0.0 24189.18817
889.38 25396.459 636.271 0.0 24760.18817
890.49 25300.959 -89.729 0.0 25390.68815
891.61 25557.459 307.771 0.0 25249.68814
892.72 25225.459 -13.229 0.0 25238.68815
893.84 25740.459 -99.229 0.0 25839.68815
894.95 25676.959 -87.229 0.0 25764.18815
896.07 26812.459 152.271 0.0 26660.18816
897.18 26875.959 384.271 0.0 26491.68814
898.3 26371.459 -41.229 0.0 26412.68815
899.41 27175.959 577.271 0.0 26598.68817
900.53 26341.959 335.771 0.0 26006.18814
901.64 25610.459 462.271 0.0 25148.18814
902.75 25504.459 262.771 0.0 25241.68814
903.87 26414.959 116.771 0.0 26298.18815
904.98 25464.959 403.771 0.0 25061.18814
906.09 25580.959 235.771 0.0 25345.18816
907.21 25761.959 438.771 0.0 25323.18814
908.32 24544.459 198.271 0.0 24346.18816
909.43 24889.959 650.771 0.0 24239.18817
910.54 24386.959 280.271 0.0 24106.68814
911.66 25397.459 1160.771 0.0 24236.68811
912.77 23220.459 85.771 0.0 23134.68815
913.88 23137.959 300.271 0.0 22837.68814
914.99 22956.459 69.271 0.0 22887.18815
916.1 22682.959 349.771 0.0 22333.18814
917.22 22174.959 58.771 0.0 22116.18815
918.33 22652.459 688.771 0.0 21963.68817
919.44 21982.459 270.271 0.0 21712.18814
920.55 22704.959 660.771 0.0 22044.18817
921.66 21649.459 428.771 0.0 21220.68814
922.77 21826.459 488.271 0.0 21338.18814
923.88 21944.459 623.271 0.0 21321.18817
924.99 20857.959 373.771 0.0 20484.18814
926.1 20037.959 -11.229 0.0 20049.18815
927.21 20584.459 652.771 0.0 19931.68817
928.32 19956.959 -84.729 0.0 20041.68815
929.43 19321.459 251.771 0.0 19069.68816
930.54 19133.459 111.271 0.0 19022.18815
931.65 18536.959 266.271 0.0 18270.68814
932.76 19785.459 381.771 0.0 19403.68814
933.86 18106.959 302.271 0.0 17804.68814
934.97 17140.959 113.771 0.0 17027.18815
936.08 16348.958 164.771 0.0 16184.18718
937.19 15960.458 708.271 0.0 15252.18719
938.3 14528.958 472.271 0.0 14056.68716
939.4 13518.958 674.771 0.0 12844.18719
940.51 12359.458 305.271 0.0 12054.18716
941.62 11752.958 503.771 0.0 11249.18716
942.73 12187.958 1102.771 0.0 11085.18713
943.83 10969.458 302.771 0.0 10666.68716
944.94 10707.958 338.271 0.0 10369.68716
946.05 11040.958 -35.729 0.0 11076.68718
947.15 10763.958 -25.729 0.0 10789.68717
948.26 11107.458 228.771 0.0 10878.68718
949.36 11054.458 98.271 0.0 10956.18717
950.47 12067.458 326.771 0.0 11740.68716
951.57 12528.958 844.771 0.0 11684.18719
952.68 12450.958 568.771 0.0 11882.18719
953.79 13272.458 439.271 0.0 12833.18716
954.89 12698.958 121.771 0.0 12577.18717
955.99 13521.958 391.271 0.0 13130.68716
957.1 12923.958 230.271 0.0 12693.68718
958.2 13452.458 271.271 0.0 13181.18716
959.31 13965.958 455.771 0.0 13510.18716
960.41 13552.458 130.271 0.0 13422.18718
961.52 13461.458 10.271 0.0 13451.18717
962.62 13831.958 493.771 0.0 13338.18716
963.72 13403.958 -50.729 0.0 13454.68718
964.83 12916.958 -70.729 0.0 12987.68717
965.93 13779.958 341.771 0.0 13438.18716
967.03 13874.958 714.271 0.0 13160.68719
968.13 13778.958 466.771 0.0 13312.18716
969.24 13192.958 175.771 0.0 13017.18718
970.34 13142.958 206.771 0.0 12936.18718
971.44 13305.458 265.771 0.0 13039.68716
972.54 13417.458 346.771 0.0 13070.68716
973.64 12993.458 142.271 0.0 12851.18718
974.75 13731.458 1069.771 0.0 12661.68713
975.85 16129.458 3162.271 0.0 12967.18726
976.95 12806.458 189.771 0.0 12616.68718
978.05 12829.958 525.771 0.0 12304.18719
979.15 13141.958 896.271 0.0 12245.68719
980.25 11874.958 99.771 0.0 11775.18717
981.35 12310.458 179.271 0.0 12131.18718
982.45 12885.458 891.771 0.0 11993.68719
983.55 12679.958 462.771 0.0 12217.18716
984.65 12312.458 418.271 0.0 11894.18716
985.75 12017.958 675.271 0.0 11342.68719
986.85 11681.958 372.271 0.0 11309.68716
987.95 11624.458 185.271 0.0 11439.18718
989.05 12242.458 783.271 0.0 11459.18719
990.15 11161.958 628.271 0.0 10533.68719
991.25 10820.958 443.271 0.0 10377.68716
992.34 11799.958 835.771 0.0 10964.18719
993.44 10932.958 478.271 0.0 10454.68716
994.54 10515.958 386.771 0.0 10129.18716
995.64 10833.458 731.271 0.0 10102.18719
996.74 10638.458 789.271 0.0 9849.18719
997.83 9692.458 73.771 0.0 9618.68717
998.93 9880.958 315.271 0.0 9565.68716
1000.03 10474.958 1230.771 0.0 9244.18713
1001.12 10153.958 704.771 0.0 9449.18719
1002.22 9770.458 729.271 0.0 9041.18719
1003.32 9086.458 272.271 0.0 8814.18716
1004.41 8936.458 467.271 0.0 8469.18716
1005.51 8749.458 402.771 0.0 8346.68716
1006.6 8198.458 188.771 0.0 8009.68718
1007.7 8512.958 624.271 0.0 7888.68719
1008.8 7698.958 103.271 0.0 7595.68766
1009.89 8078.458 577.771 0.0 7500.68768
1010.99 8265.958 384.771 0.0 7881.18716
1012.08 8095.958 47.271 0.0 8048.68766
1013.18 8935.458 394.271 0.0 8541.18716
1014.27 8897.958 202.271 0.0 8695.68718
1015.36 8965.458 334.271 0.0 8631.18716
1016.46 9117.458 402.771 0.0 8714.68716
1017.55 8562.958 148.271 0.0 8414.68718
1018.65 8752.958 496.771 0.0 8256.18716
1019.74 8230.458 586.771 0.0 7643.68719
1020.83 7984.458 505.271 0.0 7479.18765
1021.93 7614.458 280.271 0.0 7334.18765
1023.02 7197.458 38.271 0.0 7159.18766
1024.11 7044.458 63.771 0.0 6980.68766
1025.2 6515.458 88.271 0.0 6427.18766
1026.3 6762.458 454.271 0.0 6308.18765
1027.39 6844.458 597.771 0.0 6246.68768
1028.48 6791.458 486.771 0.0 6304.68765
1029.57 6295.958 312.771 0.0 5983.18765
1030.66 6389.958 451.771 0.0 5938.18765
1031.75 7377.458 1483.271 0.0 5894.18762
1032.84 6087.458 652.771 0.0 5434.68768
1033.94 5679.958 161.271 0.0 5518.68767
1035.03 6000.958 773.771 0.0 5227.18768
1036.12 5260.958 90.271 0.0 5170.68766
1037.21 5015.958 66.771 0.0 4949.18766
1038.3 5267.958 522.771 0.0 4745.18768
1039.39 4655.458 153.271 0.0 4502.18767
1040.48 4827.958 455.771 0.0 4372.18765
1041.57 4902.958 616.271 0.0 4286.68768
1042.66 4658.458 441.771 0.0 4216.68765
1043.74 4724.958 508.271 0.0 4216.68765
1044.83 4577.458 543.271 0.0 4034.18768
1045.92 3897.458 45.771 0.0 3851.68742
1047.01 4380.958 617.771 0.0 3763.18768
1048.1 3671.958 96.771 0.0 3575.18742
1049.19 4019.958 502.271 0.0 3517.68741
1050.27 3787.958 342.271 0.0 3445.68741
1051.36 3633.958 305.271 0.0 3328.68741
1052.45 3713.958 469.771 0.0 3244.18741
1053.54 3523.458 466.771 0.0 3056.68741
1054.62 3704.458 525.271 0.0 3179.18744
1055.71 3546.958 467.771 0.0 3079.18741
1056.8 3722.458 688.271 0.0 3034.18744
1057.88 3057.958 328.771 0.0 2729.18741
1058.97 3222.458 458.771 0.0 2763.68741
1060.06 3661.458 834.771 0.0 2826.68744
1061.14 2935.958 367.771 0.0 2568.18741
1062.23 4186.958 1608.271 0.0 2578.68762
1063.31 2897.458 547.271 0.0 2350.18744
1064.4 2597.958 279.271 0.0 2318.68741
1065.48 2712.958 526.771 0.0 2186.18744
1066.57 2520.958 362.771 0.0 2158.18741
1067.65 2622.958 543.771 0.0 2079.18744
1068.74 2406.458 357.271 0.0 2049.18741
1069.82 2481.958 544.271 0.0 1937.68744
1070.9 4303.958 2151.771 0.0 2152.18774
1071.99 2577.458 561.771 0.0 2015.68744
1073.07 2358.458 491.771 0.0 1866.68741
1074.15 2552.958 576.771 0.0 1976.18744
1075.24 2213.958 526.771 0.0 1687.18744
1076.32 2299.958 625.771 0.0 1674.18744
1077.4 2728.458 963.771 0.0 1764.68744
1078.49 1934.458 218.271 0.0 1716.18755
1079.57 2308.958 655.271 0.0 1653.68744
1080.65 2535.958 866.771 0.0 1669.18744
1081.73 1956.458 382.771 0.0 1573.68753
1082.81 1702.458 238.271 0.0 1464.18755
1083.89 2068.958 548.771 0.0 1520.18744
1084.98 1951.958 533.271 0.0 1418.68756
1086.06 1585.458 267.771 0.0 1317.68753
1087.14 1674.958 283.771 0.0 1391.18753
1088.22 1823.958 524.771 0.0 1299.18756
1089.3 1567.958 261.771 0.0 1306.18753
1090.38 2462.458 1101.771 0.0 1360.68738
1091.46 1828.958 598.771 0.0 1230.18756
1092.54 1567.458 405.771 0.0 1161.68753
1093.62 1656.958 412.771 0.0 1244.18753
1094.7 1374.958 186.271 0.0 1188.68755
1095.78 1640.958 490.771 0.0 1150.18753
1096.86 1661.458 545.771 0.0 1115.68756
1097.93 2396.958 1146.271 0.0 1250.68738
1099.01 1799.458 802.271 0.0 997.18756
1100.09 1329.458 334.271 0.0 995.18753
