196.55 732.475 637.312 786.812 63.6541
197.76 1010.687 939.8 1007.398 104.86603
198.96 888.585 856.3 947.424 35.43036
200.16 635.195 561.303 696.767 54.54746
201.36 1090.34 1037.285 1083.627 114.48621
202.56 753.642 695.791 778.669 69.8023
203.76 652.034 612.799 639.437 147.29358
204.96 761.927 695.308 762.704 98.84688
206.16 509.252 490.81 557.245 27.75878
207.36 916.653 819.305 896.15 126.6807
208.56 778.523 680.301 776.688 101.90439
209.76 500.806 497.306 507.611 33.95741
210.96 589.176 620.302 695.649 -41.31094
212.16 1394.045 1311.814 1376.918 126.30843
213.36 827.184 733.805 811.518 120.15835
214.56 672.127 636.813 743.273 33.17147
215.76 1200.535 1209.3 1193.437 0.0
216.96 1033.495 972.798 1001.699 210.01584
218.16 743.823 694.796 742.119 103.60021
219.35 578.283 483.31 595.113 84.9467
220.55 665.385 634.81 695.587 50.306
221.75 657.687 581.816 649.629 111.88143
222.95 1029.498 923.809 1004.31 131.28852
224.15 825.698 746.315 839.879 84.84402
225.35 662.76 541.313 656.115 105.78863
226.55 601.916 558.809 616.455 74.77797
227.75 933.498 842.309 995.81 59.40584
228.94 795.806 687.306 816.611 83.90961
230.14 775.532 694.304 744.057 163.26026
231.34 630.625 537.802 609.162 130.0776
232.54 582.727 577.802 580.135 211.0524
233.74 610.362 576.298 619.857 78.2029
234.93 657.159 566.813 711.141 62.59762
236.13 726.512 621.303 718.438 108.31144
237.33 658.023 649.817 807.919 5.19011
238.53 655.486 583.311 677.061 76.98707
239.72 918.789 873.301 965.872 49.13845
240.92 517.837 429.306 521.979 95.52987
242.12 849.13 720.309 849.152 99.98314
243.31 578.45 461.804 578.702 99.78384
244.51 478.156 478.801 496.03 -3.74442
245.71 877.447 823.809 941.823 45.4504
246.9 1154.656 1016.801 1087.53 194.90688
248.1 706.269 627.8 667.253 198.89356
249.3 624.342 643.297 691.738 -39.12842
250.49 685.424 612.296 638.093 283.47932
251.69 766.664 666.304 806.899 71.38245
252.89 691.162 627.792 675.288 133.42063
254.08 476.306 415.806 524.111 55.86014
255.28 701.433 603.799 711.963 90.26485
256.47 476.286 424.305 524.492 51.88346
257.67 841.87 714.316 898.958 69.08171
258.86 865.404 748.311 943.206 60.08022
260.06 737.241 557.796 664.764 167.75574
261.26 1015.543 951.802 1040.807 71.61528
262.45 667.461 598.303 696.951 70.10559
263.65 425.845 357.292 430.117 94.13404
264.84 768.308 692.302 784.491 82.44679
266.04 537.162 487.792 533.788 107.33427
267.23 439.529 360.292 453.946 84.60582
268.42 545.563 436.803 571.925 80.48968
269.62 685.5 609.305 708.189 77.05526
270.81 692.458 585.307 734.572 71.78571
272.01 669.094 634.302 688.294 64.43897
273.2 787.419 731.789 765.603 164.5202
274.4 432.444 429.797 514.712 3.11711
275.59 702.097 677.298 770.173 26.7011
276.78 695.54 552.307 701.427 96.05205
277.98 583.936 548.295 575.842 129.38086
279.17 613.122 539.306 668.782 57.01115
280.37 621.348 532.288 609.497 115.35028
281.56 443.749 412.299 413.634 2356.00567
282.75 495.596 398.314 518.905 80.67154
283.95 527.314 536.293 607.749 -12.56541
285.14 615.682 530.293 622.907 92.1981
286.33 487.037 436.295 590.816 32.83846
287.52 665.653 583.29 658.419 109.62993
288.72 768.512 681.787 738.707 152.36416
289.91 952.546 885.298 1013.686 52.37872
291.1 734.441 571.302 771.333 81.55717
292.29 729.082 610.304 691.544 146.20623
293.49 659.569 601.794 700.184 58.71967
294.68 519.077 465.297 524.054 91.52961
295.87 540.981 525.304 631.57 14.75255
297.06 705.413 643.798 714.844 86.72577
298.26 327.947 299.293 388.091 32.26885
299.45 598.95 543.304 587.202 126.76051
300.64 593.385 483.31 675.587 57.24787
301.83 633.125 587.802 737.662 30.24368
303.02 494.17 450.311 566.89 37.6217
304.21 735.014 658.314 837.05 42.91262
305.4 628.701 540.81 611.258 124.76016
306.59 682.286 567.805 700.992 85.95469
307.79 590.41 526.802 604.965 81.37925
308.98 441.032 417.804 430.057 189.55973
310.17 751.27 614.752 820.557 66.33354
311.36 633.151 525.778 621.807 111.81255
312.55 984.772 886.78 989.4 95.49019
313.74 426.811 364.797 477.37 55.08803
314.93 751.523 618.301 728.188 121.23608
316.12 622.145 490.803 620.281 101.43969
317.31 321.475 306.797 397.08 16.25849
318.5 476.811 348.297 475.87 100.73801
319.69 616.19 462.296 635.277 88.96579
320.88 571.407 493.807 570.585 101.07072
322.07 481.721 425.795 499.645 75.72912
323.26 469.966 402.81 567.442 40.79196
324.45 403.749 303.799 394.634 110.03515
325.64 524.119 482.795 624.671 29.12726
326.83 670.941 558.302 725.333 67.43635
328.01 490.351 486.299 560.108 5.48916
329.2 738.41 615.802 741.965 97.18269
330.39 503.413 433.798 499.844 105.40414
331.58 459.382 341.799 477.476 86.66406
332.77 860.379 762.303 868.096 92.7052
333.96 331.292 246.296 326.251 106.30444
335.15 416.82 361.8 454.24 59.51959
336.33 462.382 355.799 444.476 120.19258
337.52 574.749 455.799 505.134 241.10785
338.71 508.585 413.8 477.924 147.81626
339.9 442.094 422.787 465.062 45.67114
341.08 545.049 430.293 495.565 175.81154
342.27 633.371 568.8 724.727 41.41076
343.46 730.091 666.807 760.414 67.60577
344.65 685.591 581.807 745.914 63.24151
345.83 696.06 631.308 723.046 70.58341
347.02 355.427 301.808 460.704 33.74477
348.21 716.563 643.303 792.925 48.96294
349.4 375.605 298.301 463.543 46.78253
350.58 504.47 454.789 565.59 44.83779
351.77 456.362 387.798 447.857 114.16166
352.96 301.746 236.303 372.754 47.96074
354.14 471.3 412.299 498.621 68.35009
355.33 409.95 369.804 470.202 39.98615
356.51 285.724 265.291 343.524 26.11815
357.7 497.312 427.282 473.638 151.06872
358.89 401.65 339.294 402.539 98.59488
360.07 697.091 589.291 704.182 93.82797
361.26 648.177 618.77 697.685 37.26327
362.44 490.702 448.263 489.063 104.01836
363.63 433.716 364.256 381.191 410.16426
364.81 434.742 396.749 440.569 86.70314
366.0 278.965 201.751 303.136 76.15973
367.18 1012.428 894.26 985.509 129.50114
368.37 437.298 297.772 489.278 72.85726
369.55 582.498 478.777 604.846 82.27315
370.74 687.366 556.277 681.504 104.68037
371.92 779.88 718.271 808.133 68.55927
373.11 404.16 353.765 403.445 101.43765
374.29 363.185 313.257 356.323 115.9343
375.48 496.606 436.769 487.079 118.9361
376.66 371.662 291.776 430.557 57.56285
377.84 683.798 592.272 782.778 48.04365
379.03 318.264 300.777 381.53 21.6547
380.21 272.168 226.268 291.815 70.02616
381.39 207.637 164.768 212.947 88.97815
382.58 589.58 491.777 631.701 69.89721
383.76 799.382 678.783 860.744 66.27761
384.94 826.14 730.28 864.558 71.38873
386.13 362.394 290.765 387.761 73.84711
387.31 437.247 379.272 440.291 95.01166
388.49 394.852 332.768 344.644 522.74776
389.68 525.623 448.774 479.319 251.5964
390.86 495.857 386.775 503.135 93.74567
392.04 665.843 571.281 781.506 44.98128
393.22 402.857 310.775 402.135 100.7908
394.41 361.086 325.768 358.46 108.03235
395.59 186.674 165.775 242.306 27.30769
396.77 483.925 334.78 470.861 109.59986
397.95 505.049 322.278 556.333 78.08889
399.13 527.874 503.78 630.374 19.03231
400.31 373.671 349.763 369.695 119.95088
401.5 463.911 357.271 533.001 60.68405
402.68 536.637 430.768 535.947 100.65585
403.86 299.255 304.774 428.161 -4.47278
405.04 590.781 504.782 661.77 54.78031
406.22 319.809 236.27 344.027 77.52557
407.4 526.317 454.289 616.629 44.36898
408.58 603.727 535.771 654.672 57.15383
409.76 633.84 581.269 669.895 59.31794
410.94 463.857 418.275 530.135 40.74951
412.12 380.942 297.786 474.601 47.02984
413.3 330.467 282.278 400.478 40.76909
414.48 315.885 235.278 327.623 87.28888
415.66 341.515 256.783 417.586 52.69322
416.84 815.834 711.278 899.136 55.65701
418.02 433.267 370.273 516.91 42.95922
419.2 323.6 270.778 400.32 40.7759
420.38 474.041 361.775 479.964 94.98862
421.56 370.863 344.282 458.125 23.34856
422.74 686.36 626.77 725.514 60.34791
423.92 601.826 478.276 577.267 124.80976
425.1 426.385 356.778 460.123 67.35391
426.28 374.399 299.788 468.984 44.09752
427.46 937.216 769.788 1014.655 68.37498
428.63 448.422 345.785 548.482 50.63568
429.81 498.747 367.787 595.023 57.63156
430.99 604.382 430.283 621.244 91.17012
432.17 763.187 655.284 850.666 55.22683
433.35 581.535 457.284 685.705 54.39565
434.52 299.255 119.79 327.892 86.23881
435.7 366.024 249.785 448.956 58.36116
436.88 596.018 480.778 711.965 49.84697
438.06 456.235 370.789 600.274 37.23399
439.23 345.569 262.779 427.452 50.27538
440.41 523.693 404.792 636.156 51.39129
441.59 613.306 501.775 672.148 65.46324
442.77 326.947 214.793 501.091 39.17389
443.94 638.272 516.78 746.4 52.91015
445.12 570.953 466.784 706.35 43.48234
446.3 761.753 645.279 825.781 64.5275
447.47 603.577 431.781 704.322 63.03497
448.65 610.221 508.779 737.913 44.27194
449.82 453.721 318.279 536.413 62.09123
451.0 453.21 320.281 641.164 41.426
452.18 418.902 267.784 553.863 52.82395
453.35 443.456 329.28 615.729 39.85908
454.53 482.605 345.785 636.811 47.01319
455.7 360.995 218.782 582.967 39.0498
456.88 759.278 569.287 920.391 54.11246
458.05 551.781 385.282 675.77 57.31683
459.23 324.882 219.283 554.744 31.47891
460.4 478.956 328.28 668.729 44.258
461.58 614.094 458.287 760.062 51.63035
462.75 378.453 185.284 601.85 46.37175
463.93 533.792 405.781 780.019 34.20583
465.1 508.498 307.777 695.346 51.78973
466.28 326.408 146.791 592.353 40.31234
467.45 307.956 95.78 541.229 47.63192
468.63 503.546 296.782 831.954 38.63509
469.8 663.566 480.783 970.573 37.31865
470.97 422.097 235.782 732.941 37.47592
472.15 595.763 382.293 961.762 36.83899
473.32 655.908 471.791 1011.853 34.09174
474.49 709.583 534.788 1139.313 28.91439
475.67 502.939 291.79 941.221 32.51283
476.84 331.806 204.29 832.379 20.30214
478.01 606.187 407.784 1020.666 32.37216
479.19 500.518 344.794 999.697 23.77811
480.36 388.184 228.289 888.787 24.20835
481.53 564.758 339.786 1107.772 29.29379
482.7 433.877 276.792 1067.485 19.86672
483.88 435.405 217.295 956.474 29.50698
485.05 486.778 266.287 1002.891 29.93346
486.22 569.698 328.799 1176.147 28.42984
487.39 360.114 226.803 1092.412 15.40072
488.56 500.156 361.785 1131.298 17.98166
489.74 666.049 484.293 1461.065 18.60776
490.91 329.978 172.292 1090.959 17.16465
492.08 414.156 286.285 1179.298 14.31908
493.25 405.783 194.794 1080.881 23.81136
494.42 411.588 309.795 1247.803 10.85203
495.59 499.67 288.795 1286.158 21.14328
496.76 524.913 292.782 1273.112 23.6789
497.93 679.481 386.288 1406.339 28.74301
499.1 651.803 417.795 1404.0 23.72814
500.27 936.823 613.796 1779.619 27.70806
501.44 1024.919 701.289 1728.603 31.50253
502.61 646.744 297.292 1333.643 33.71944
503.78 808.484 379.799 1565.95 36.14081
504.95 1090.797 737.788 1932.01 29.55981
506.12 884.218 404.8 1650.766 38.47765
507.29 622.314 242.793 1464.249 31.07121
508.46 478.713 62.793 1302.775 33.54241
509.63 1189.213 694.793 2091.775 35.392
510.8 1201.458 716.291 2035.34 36.78159
511.97 853.837 370.79 1692.248 36.55412
513.14 666.125 192.302 1556.662 34.7286
514.31 997.936 498.295 1935.342 34.76859
515.48 910.207 323.301 1840.017 38.69582
516.65 816.173 231.291 1812.537 36.98869
517.81 782.557 242.296 1777.935 35.18152
518.98 990.134 426.289 2005.8 35.69745
520.15 728.45 166.304 1814.202 34.11287
521.32 993.591 395.291 2019.182 36.84361
522.49 1441.84 830.801 2646.359 33.65569
523.65 1293.811 640.297 2458.37 35.94543
524.82 988.939 363.79 2115.721 35.68339
525.99 751.574 77.801 1942.175 36.13936
527.16 1170.193 393.807 2333.388 40.0285
528.32 1119.131 402.293 2408.92 35.72351
529.49 1023.326 302.791 2284.998 36.35011
530.66 893.752 97.31 2176.245 38.31008
531.82 974.879 173.287 2282.865 37.99776
532.99 1074.405 235.795 2325.974 40.12142
534.16 1150.987 255.795 2515.329 39.61842
535.32 1434.015 524.799 2882.818 38.55847
536.49 1120.882 160.299 2617.476 39.09296
537.65 1565.704 586.79 3077.906 39.29622
538.82 1177.108 139.296 2788.922 39.16824
539.99 1400.651 390.794 3119.539 37.00809
541.15 1538.391 434.286 3229.114 39.5053
542.32 1244.554 96.801 3054.056 38.81146
543.48 1652.235 475.805 3560.505 38.13758
544.65 1861.529 600.808 3700.178 40.67667
545.81 2123.823 823.796 4248.619 37.95895
546.98 1650.664 293.804 3874.899 37.88954
548.14 1825.823 476.296 4179.119 36.44589
549.31 1567.546 234.798 4024.686 35.1659
550.47 1781.718 225.3 4293.266 38.26036
551.63 1979.557 607.796 4723.435 33.33045
552.8 1658.99 271.29 4366.708 33.88418
553.96 1656.444 250.297 4622.212 32.16318
555.13 1745.585 241.8 4853.424 32.60859
556.29 2036.563 594.303 5412.925 29.93095
557.45 1484.063 153.787 5053.694 27.149
558.62 1610.003 299.8 5358.569 25.89965
559.78 1773.164 428.304 5788.899 25.08789
560.94 1722.738 228.301 5637.885 27.62573
562.11 1814.746 219.303 5692.254 29.15142
563.27 1748.371 51.8 5799.727 29.51621
564.43 1647.831 18.298 5993.489 27.27165
565.59 1706.783 148.31 6245.113 25.56214
566.76 1568.939 198.29 6390.222 22.13604
567.92 1557.834 314.31 6725.6 19.39584
569.08 1575.859 419.802 7051.478 17.43235
570.24 1337.368 217.289 6984.116 16.5525
571.4 1438.679 121.798 7094.528 18.88616
572.57 1780.466 226.81 7483.942 21.40869
573.73 1815.941 37.302 7426.333 24.07135
574.89 2212.438 213.806 7847.953 26.18016
576.05 2310.345 286.292 8029.617 26.13933
577.21 2292.783 117.294 8039.381 27.46106
578.37 2435.769 23.3 8054.753 30.03777
579.53 2890.684 130.805 8437.019 33.22668
580.69 3276.992 338.802 8902.819 34.30855
581.85 3255.933 275.799 8910.963 34.51161
583.01 3284.413 225.298 9113.844 34.41637
584.17 3520.343 250.797 9301.738 36.12382
585.33 3924.074 346.802 9616.675 38.59031
586.49 3825.854 167.295 9590.487 38.82505
587.65 4065.588 298.295 10089.803 38.47511
588.81 4121.758 315.302 10218.004 38.43856
589.97 4493.667 521.799 10615.278 39.35083
591.13 4264.685 219.789 10313.786 40.07229
592.29 4420.012 243.303 10551.938 40.5166
593.45 4499.113 104.803 10655.912 41.64785
594.61 4346.837 108.29 10713.247 39.9676
595.77 4438.636 92.8 10935.911 40.07924
596.93 4515.357 66.291 10966.866 40.81497
598.09 4854.803 217.795 11187.5 42.27104
599.24 4956.645 114.803 11435.78 42.76876
600.4 4846.854 160.795 11628.487 40.86314
601.56 4859.464 113.298 11662.331 41.09578
602.72 5187.715 231.804 11967.887 42.22799
603.87 5420.034 270.315 12095.169 43.54996
605.03 5337.715 101.304 12100.887 43.63828
606.19 5233.891 37.301 12161.846 42.86008
607.35 5389.512 14.303 12196.438 44.1237
608.5 5666.953 340.3 12797.582 42.75935
609.66 6070.551 510.805 13099.177 44.16573
610.82 5609.19 113.796 12634.777 43.88948
611.97 5580.563 82.803 12888.426 42.93239
613.13 5771.876 342.307 13128.717 42.46359
614.29 5818.789 237.301 13115.372 43.34102
615.44 6136.676 341.302 13545.648 43.88989
616.6 5977.5 63.305 13354.189 44.49813
617.76 6214.156 329.801 13648.029 44.18271
618.91 6204.998 361.809 13814.81 43.43409
620.07 6299.727 341.302 13815.136 44.22219
621.22 6090.645 0.303 13783.78 44.18581
622.38 6792.563 580.303 14550.926 44.46659
623.53 6315.179 33.298 13968.028 45.08075
624.69 6299.317 66.805 14207.86 44.07388
625.84 6339.359 73.302 14285.478 44.08936
627.0 6735.247 252.287 14652.022 45.02138
628.15 6613.481 21.804 14519.07 45.46841
629.31 6736.264 215.293 14894.763 44.42239
630.46 6556.503 -33.2 14821.568 44.36086
631.61 6767.133 221.304 14963.031 44.40341
632.77 6825.498 198.793 15299.078 43.88463
633.92 7219.913 282.798 15514.344 45.54439
635.08 7539.122 503.29 15909.051 45.67014
636.23 7249.738 159.301 15739.385 45.50962
637.38 7069.105 -23.699 15808.043 44.80116
638.54 7476.17 324.295 16392.658 44.50905
639.69 7775.416 502.309 16554.455 45.30925
640.84 7682.079 225.299 16610.432 45.50943
641.99 7643.425 43.799 16462.553 46.28626
643.15 8096.272 457.299 17139.174 45.79205
644.3 7586.619 57.299 16769.295 45.05338
645.45 7573.965 -54.201 16717.918 45.48123
646.6 8297.313 498.299 17518.539 45.82199
647.75 8238.159 122.3 17449.16 46.83976
648.91 8098.005 -43.2 17428.281 46.59711
650.06 8403.353 95.3 17969.402 46.48095
651.21 8416.699 258.8 18139.023 45.62526
652.36 8636.046 291.8 18513.645 45.79254
653.51 8786.393 97.8 18511.266 47.18608
654.66 8973.739 106.801 18713.887 47.65356
655.81 9426.086 338.301 19291.508 47.94854
656.96 9069.433 29.301 19066.629 47.48635
658.11 9377.279 201.301 19768.252 46.89529
659.27 9340.126 224.801 19963.873 46.17909
660.42 9380.473 23.801 20056.494 46.70701
661.57 9914.819 203.302 20446.115 47.97514
662.72 10092.666 -70.698 20387.236 49.67933
663.87 10005.014 -42.198 20518.857 48.86525
665.01 10461.36 153.802 21189.479 49.00037
666.16 10284.707 3.802 21443.1 47.95355
667.31 10713.054 69.302 22030.221 48.46679
668.46 10946.4 364.803 22584.342 47.62294
669.61 10718.747 85.803 22682.463 47.05538
670.76 10801.094 -15.197 23458.586 46.07817
671.91 11082.94 383.803 23855.207 45.58371
673.06 10857.787 292.803 24016.328 44.53379
674.21 10986.634 -86.197 24243.449 45.51168
675.35 11322.98 143.804 24499.57 45.89951
676.5 11495.827 107.304 24922.191 45.89391
677.65 11093.674 5.804 24847.313 44.63445
678.8 10995.021 -81.696 25238.434 43.74668
679.94 11191.367 20.804 26057.055 42.90388
681.09 11804.714 183.304 27397.676 42.70321
682.24 12262.062 202.305 27849.797 43.61971
683.39 12316.908 5.305 28278.42 43.54527
684.53 12661.755 205.305 28918.041 43.38301
685.68 12397.102 103.305 29660.162 41.59372
686.83 11926.948 149.805 29932.783 39.5432
687.97 11958.295 114.306 30277.904 39.26584
689.12 12517.642 72.806 30580.525 40.79242
690.27 13313.988 14.306 31086.146 42.80301
691.41 14336.835 252.306 31339.268 45.30687
692.56 15029.182 174.306 31676.389 47.15522
693.7 15225.528 173.806 31890.51 47.45677
694.85 14710.875 -17.193 32231.633 45.67009
695.99 15073.222 194.307 32802.254 45.62972
697.14 15461.068 89.807 33371.375 46.18551
698.28 16198.915 205.807 33858.996 47.52331
699.43 16767.762 115.807 34221.617 48.82439
700.57 17010.609 -75.193 34261.738 49.75926
701.72 17077.955 -61.692 34582.859 49.47285
702.86 17082.303 -99.192 35186.48 48.69255
704.01 17217.648 -16.692 35521.102 48.49581
705.15 18095.496 196.308 36909.723 48.75381
706.29 18339.342 30.308 36566.844 50.11158
707.44 19153.689 66.808 37279.465 51.29137
708.58 19121.535 -71.691 37047.086 51.70759
709.72 19688.383 315.809 38219.707 51.10971
710.87 18746.73 -109.191 37748.328 49.8076
712.01 18976.076 -56.691 38429.949 49.45292
713.15 19680.924 79.809 39302.074 49.97446
714.3 20264.27 208.309 39567.195 50.95663
715.44 20851.117 18.31 40557.816 51.3889
716.58 21325.963 111.81 40493.438 52.53417
717.72 21129.311 5.31 41119.559 51.37878
718.87 20918.656 68.31 41004.68 50.93355
720.01 20888.504 57.31 41645.301 50.08945
721.15 20704.85 -70.19 41052.422 50.51975
722.29 21720.697 172.811 42203.043 51.26759
723.43 22525.543 225.811 42608.164 52.61561
724.57 22686.391 187.311 42470.785 53.2101
725.72 22559.736 95.811 43220.406 52.09075
726.86 22727.584 355.311 43864.527 51.41962
728.0 22622.43 33.811 44052.148 51.31638
729.14 22594.277 -38.688 44322.27 51.02001
730.28 23284.125 244.812 44887.391 51.60838
731.42 23478.971 -48.688 44784.512 52.47821
732.56 24624.318 351.312 45598.133 53.64577
733.7 24702.664 203.812 46227.754 53.23067
734.84 23984.012 -91.688 45686.875 52.59165
735.98 24334.357 62.813 46867.496 51.85709
737.12 23839.205 -52.187 46692.117 51.11081
738.26 23967.551 22.813 46661.242 51.34122
739.4 25042.898 113.313 48017.363 52.04066
740.53 25491.744 146.813 47545.984 53.47125
741.67 25775.092 118.813 48219.105 53.33913
742.81 25592.438 -95.186 47892.727 53.52936
743.95 25788.285 158.814 48583.848 52.92608
745.09 25456.631 -2.686 48563.469 52.42193
746.23 25451.979 163.314 49352.09 51.41145
747.36 25894.824 212.314 49672.211 51.92593
748.5 26254.172 -6.686 49270.332 53.2923
749.64 27046.02 5.315 49776.453 54.33009
750.78 26911.865 -16.185 49686.074 54.17872
751.92 26984.213 17.315 49652.695 54.32999
753.05 27092.559 49.315 50249.316 53.871
754.19 26561.406 323.315 50323.438 52.47605
755.33 25838.752 -118.685 49811.059 51.98792
756.46 26497.1 125.316 50277.18 52.58386
757.6 26745.945 8.816 49865.301 53.62819
758.74 27495.793 285.816 50412.422 54.2825
759.87 27725.639 83.816 50353.043 54.98756
761.01 27674.986 68.316 50854.664 54.35845
762.14 27247.832 68.817 50612.289 53.77354
763.28 26760.18 231.317 50073.91 53.22529
764.41 26828.525 96.317 50503.031 53.03303
765.55 26670.873 -118.183 50527.652 52.89488
766.69 27104.221 118.817 50587.273 53.46984
767.82 27439.566 118.317 50413.395 54.32191
768.95 27326.914 -1.182 49897.516 54.76715
770.09 27778.26 444.318 50104.637 55.04182
771.22 28319.607 352.318 50846.258 55.38742
772.36 27365.953 220.318 50252.879 54.25594
773.49 26950.301 302.818 50191.0 53.41442
774.63 26674.146 56.818 49718.121 53.59772
775.76 26744.494 36.319 49901.242 53.56105
776.89 27009.84 210.819 49461.363 54.41365
778.03 27535.688 138.819 49556.484 55.43942
779.16 27695.033 -42.681 49967.605 55.46402
780.29 27452.381 129.819 49408.227 55.4453
781.43 26951.727 297.819 48718.348 55.04671
782.56 26673.074 137.32 49144.969 54.14615
783.69 25623.92 -0.68 48346.09 53.00168
784.82 25932.768 60.32 48487.211 53.42579
785.96 26189.615 78.32 48738.332 53.66068
787.09 26381.961 99.82 48076.457 54.78112
788.22 26874.809 112.32 48170.078 55.68817
789.35 27014.154 -24.179 47768.199 56.57457
790.48 26470.002 49.821 47618.82 55.54075
791.62 26390.348 237.321 47567.441 55.25662
792.75 25339.695 -33.179 46713.063 54.27789
793.88 25392.041 345.821 47215.184 53.43836
795.01 25468.389 120.321 47260.305 53.77191
796.14 25779.734 221.822 47061.426 54.56475
797.27 25596.082 229.322 46795.547 54.47459
798.4 26174.428 100.322 46593.168 56.08197
799.53 25729.275 -69.678 45696.289 56.37148
800.66 25513.621 107.822 45310.41 56.2043
801.79 26419.969 716.822 46604.031 56.01375
802.92 25038.314 70.823 45934.652 54.43831
804.05 24611.662 174.823 45343.273 54.10157
805.18 24339.01 125.823 45276.395 53.62764
806.31 24327.855 67.823 44760.016 54.28248
807.44 24904.203 -58.177 45163.137 55.20048
808.57 25895.049 159.323 45746.258 56.45417
809.69 26069.896 180.324 45656.879 56.92949
810.82 25972.742 -126.176 45742.004 56.89983
811.95 25698.59 498.324 45463.625 56.04381
813.08 24425.936 34.824 44124.746 55.32129
814.21 24724.783 518.324 44700.367 54.788
815.33 23773.629 118.824 44090.488 53.79556
816.46 23656.477 161.825 43306.109 54.456
817.59 24162.822 417.825 43397.23 55.24738
818.72 24060.67 234.825 43112.352 55.56721
819.84 24225.016 436.825 42483.473 56.57571
820.97 24131.363 259.825 42205.594 56.91048
822.1 24089.711 310.325 42877.215 55.86357
823.22 23196.057 -29.174 41967.336 55.30276
824.35 22569.904 26.326 41628.957 54.18787
825.48 22099.25 251.326 41672.578 52.74569
826.6 21896.598 136.326 40828.199 53.47572
827.73 21497.443 -83.674 40656.32 52.9728
828.85 22129.791 89.826 40436.441 54.62655
829.98 22503.137 303.827 40210.563 55.62798
831.11 22527.984 -22.173 40017.184 56.31998
832.23 22829.33 17.827 40270.305 56.67105
833.36 22682.178 261.327 40222.926 56.10599
834.48 21685.523 130.327 39556.551 54.67223
835.6 21191.371 192.827 39531.172 53.37933
836.73 20210.717 -37.172 38763.293 52.18466
837.85 20258.564 218.328 38851.414 51.87325
838.98 20230.91 -94.672 38747.535 52.3286
840.1 20774.258 194.328 39022.656 53.00236
841.23 21077.105 119.828 39104.777 53.75735
842.35 22024.951 350.329 39630.898 55.17899
843.47 22117.299 100.829 39279.52 56.19501
844.6 22013.145 -38.171 38078.641 57.85194
845.72 22178.492 4.829 38458.262 57.66368
846.84 22100.338 22.329 38640.383 57.17017
847.96 21882.686 16.829 38593.004 56.68228
849.09 21502.531 -3.67 38040.125 56.53012
850.21 21387.879 68.83 37915.746 56.32969
851.33 21550.225 196.33 37767.867 56.8353
852.45 21642.572 -56.17 37868.988 57.21464
853.57 22044.918 122.33 38144.109 57.65797
854.7 21809.266 -3.67 37551.23 58.08279
855.82 21969.611 18.331 37559.352 58.47279
856.94 22213.959 186.831 38093.973 58.10812
858.06 21711.805 -122.669 37377.094 58.22563
859.18 21641.652 170.331 37395.719 57.67924
860.3 21736.5 87.831 37606.84 57.70054
861.42 21553.346 -103.669 37597.961 57.44318
862.54 21399.193 -96.168 37026.082 57.90425
863.66 21695.039 -43.668 37458.203 57.96699
864.78 22169.387 71.332 37623.824 58.84577
865.9 21701.732 109.332 36705.445 59.0019
867.02 22257.58 676.832 37388.066 58.78513
868.14 22010.926 444.332 37193.188 58.68644
869.26 21500.273 226.833 37167.809 57.58765
870.38 20639.119 -115.667 36392.93 56.84904
871.5 20797.967 -77.667 36881.051 56.48365
872.62 20699.813 -52.167 36904.172 56.15269
873.74 20781.66 306.333 36679.293 56.29272
874.85 20375.334 -52.667 36316.105 56.16907
875.97 20871.334 119.333 36502.605 57.0372
877.09 21162.834 122.333 35951.605 58.72433
878.21 20830.834 63.333 35209.105 59.08961
879.33 20983.834 123.833 35604.105 58.79324
880.44 20716.834 66.333 35076.105 58.98496
881.56 20426.834 40.333 35173.605 58.02619
882.68 20212.334 92.833 35226.605 57.26542
883.79 20282.834 424.833 35601.105 56.45283
884.91 19286.334 -134.167 34988.605 55.29319
886.03 19572.334 169.833 35275.605 55.26869
887.14 20058.334 290.333 35176.105 56.66494
888.26 20467.334 330.333 35595.105 57.10231
889.38 20608.834 273.833 35575.605 57.60334
890.49 21126.334 -86.667 35854.105 59.02211
891.61 21946.334 97.333 36729.605 59.64413
892.72 21854.334 -71.167 36672.105 59.67215
893.84 21981.334 -71.667 37220.105 59.13637
894.95 22008.334 -80.667 37950.605 58.08115
896.07 21996.834 20.833 38481.605 57.13874
897.18 21653.334 147.833 38023.105 56.77979
898.3 21513.334 -53.167 38379.105 56.1156
899.41 22179.334 274.833 39083.105 56.44286
900.53 22077.834 120.333 38827.105 56.7278
901.64 22185.834 219.833 38547.605 57.31092
902.75 22457.334 53.833 37893.605 59.20623
903.87 22757.334 -10.667 38104.105 59.73537
904.98 22780.834 149.833 37949.105 59.87152
906.09 22380.834 22.833 37534.105 59.60342
907.21 21992.334 145.833 37452.105 58.55986
908.32 21482.834 28.333 36973.605 58.07103
909.43 21062.334 272.333 36504.605 57.37979
910.54 20554.834 127.833 35982.605 56.9715
911.66 20575.334 540.333 36000.605 56.49985
912.77 20220.834 -1.667 35551.105 56.88024
913.88 20311.334 150.833 35423.605 57.15599
914.99 19948.834 -48.167 35018.605 57.0255
916.1 20443.834 135.833 34853.105 58.49538
917.22 20333.334 -30.167 34494.105 58.98314
918.33 21155.834 289.833 35035.605 60.05335
919.44 20761.834 76.833 34128.605 60.74574
920.55 20688.334 358.833 34206.105 60.06245
921.66 20038.834 200.333 33540.605 59.50312
922.77 19572.834 207.333 33220.105 58.66063
923.88 19017.334 300.833 32971.105 57.28909
924.99 18586.334 142.333 32683.604 56.6788
926.1 18049.334 -86.167 31982.104 56.55279
927.21 18386.834 317.833 31868.104 57.27051
928.32 18054.334 -121.167 31451.604 57.56701
929.43 18007.834 60.833 31048.104 57.91733
930.54 18251.334 23.833 30377.104 60.05119
931.65 18187.834 82.333 30159.604 60.19662
932.76 17980.834 184.333 29662.104 60.37261
933.86 17648.334 93.333 29123.104 60.47241
934.97 16984.334 22.833 28341.104 59.89596
936.08 15764.333 4.833 26724.604 58.98067
937.19 14755.333 312.833 25068.104 58.34111
938.3 13481.333 227.833 23666.604 56.5452
939.4 12553.333 293.333 21811.604 56.97484
940.51 11481.833 69.333 19846.604 57.70513
941.62 10848.833 193.833 18889.104 56.99302
942.73 11129.833 508.833 18562.604 58.82982
943.83 10488.833 125.833 17778.104 58.70633
944.94 10496.833 151.833 17505.604 59.6124
946.05 10419.833 -150.667 17298.604 60.57846
947.15 10429.833 -68.667 17517.104 59.69883
948.26 10740.833 64.833 17687.604 60.58071
949.36 10922.333 -1.167 18160.604 60.14557
950.47 11376.333 121.333 19056.604 59.43934
951.57 11853.333 369.833 20197.604 57.91624
952.68 11811.833 229.333 20481.604 57.19112
953.79 11766.333 217.833 20448.604 57.08384
954.89 11809.333 8.833 20562.604 57.41282
955.99 12301.333 167.333 21535.604 56.78513
957.1 12457.833 40.333 21647.604 57.46908
958.2 12892.833 76.333 21826.604 58.9257
959.31 13265.333 203.333 21969.104 60.01166
960.41 13196.333 28.333 21930.104 60.12299
961.52 13696.833 -30.667 22319.604 61.41984
962.62 13773.833 175.833 22383.104 61.2322
963.72 13422.833 -80.667 22094.604 60.89441
964.83 13421.333 -124.667 22386.104 60.17564
965.93 13433.333 112.833 22511.104 59.47111
967.03 13332.333 271.333 22580.604 58.54517
968.13 13149.833 208.333 22356.104 58.43252
969.24 12944.833 8.833 22445.104 57.65664
970.34 12980.833 31.333 22387.604 57.92335
971.44 13297.833 52.333 22906.604 57.95635
972.54 13308.833 141.833 22631.604 58.54662
973.64 13353.333 5.333 22547.604 59.2132
974.75 13849.333 435.833 22415.104 61.02796
975.85 14974.333 1647.833 23483.604 61.03059
976.95 13242.333 7.333 21392.604 61.88839
978.05 13391.833 203.333 21803.604 61.05711
979.15 13778.833 433.833 21820.604 62.39839
980.25 12893.333 2.833 21309.604 60.49955
981.35 12791.333 60.333 21304.604 59.92675
982.45 12756.333 410.333 21391.604 58.84296
983.55 12372.833 186.833 21294.104 57.73366
984.65 12383.333 138.833 21018.104 58.64429
985.75 11968.833 309.833 20370.604 58.11841
986.85 11836.333 180.333 20330.604 57.84538
987.95 11735.333 14.833 20189.104 58.09628
989.05 12164.333 361.833 20275.104 59.26952
990.15 12032.333 271.833 19754.604 60.36359
991.25 11677.333 124.833 19047.604 61.05078
992.34 11764.333 347.833 18764.604 61.9897
993.44 11256.333 140.833 18180.604 61.61664
994.54 11404.333 111.833 18320.604 62.01682
995.64 11406.833 309.833 18295.104 61.70049
996.74 11164.833 351.833 17998.104 61.2764
997.83 10293.333 -49.167 17397.604 59.28031
998.93 10041.333 76.333 17142.104 58.39174
1000.03 10524.333 590.833 17437.604 58.96382
1001.12 10072.833 353.833 16834.604 58.97176
1002.22 9583.333 315.333 16405.104 57.60182
1003.32 9446.333 64.833 16076.604 58.59127
1004.41 9382.833 125.333 15634.604 59.6901
1005.51 9279.333 120.833 15208.604 60.70148
1006.6 9022.333 6.333 14482.604 62.28123
1007.7 8975.333 306.833 14398.104 61.5168
1008.8 8564.833 -47.667 13750.104 62.4195
1009.89 8770.333 235.333 13930.604 62.32078
1010.99 8800.333 114.333 13824.104 63.35627
1012.08 8583.833 -29.167 13906.604 61.80497
1013.18 8950.333 126.833 14570.104 61.09073
1014.27 9436.833 47.333 15621.604 60.28853
1015.36 9565.833 64.833 15875.104 60.09384
1016.46 9297.833 124.833 15763.104 58.65738
1017.55 8913.833 -38.167 15321.604 58.28212
1018.65 8800.833 151.833 14832.604 58.9138
1019.74 8807.333 258.833 14789.104 58.83235
1020.83 8669.333 177.833 14508.104 59.25568
1021.93 8350.833 91.833 13816.604 60.17586
1023.02 7986.333 -45.667 13044.604 61.35855
1024.11 7951.333 -60.167 12667.104 62.94751
1025.2 7930.333 -58.167 12666.604 62.77913
1026.3 7942.833 189.833 12516.604 62.89563
1027.39 7630.833 250.833 12090.604 62.33229
1028.48 7222.833 163.333 11401.604 62.8166
1029.57 7025.833 104.333 11279.104 61.93863
1030.66 6702.833 198.333 10939.604 60.55615
1031.75 7102.333 757.333 11206.104 60.72485
1032.84 6239.333 241.333 10320.104 59.51122
1033.94 5836.833 -37.167 9945.604 58.84138
1035.03 5914.833 296.333 9994.604 57.93301
1036.12 5587.833 -58.667 9499.104 59.07758
1037.21 5397.833 -21.667 9286.104 58.22554
1038.3 5558.333 213.833 9104.104 60.11628
1039.39 5244.833 16.833 8508.104 61.56911
1040.48 5270.333 156.833 8625.604 60.38066
1041.57 5265.833 235.333 8351.604 61.98043
1042.66 5007.833 153.833 7927.104 62.44476
1043.74 5077.333 184.833 7819.604 64.08182
1044.83 4887.333 192.833 7568.104 63.6519
1045.92 4468.833 -67.167 7039.604 63.82646
1047.01 4523.833 249.333 7140.104 62.03225
1048.1 4030.833 -79.167 6634.604 61.21746
1049.19 4097.333 144.833 6583.604 61.38594
1050.27 3882.333 105.333 6251.604 61.4519
1051.36 3659.333 41.833 6110.104 59.61336
1052.45 3746.333 197.333 6116.604 59.95671
1053.54 3569.833 131.333 5930.104 59.29705
1054.62 3606.833 203.333 5800.604 60.80642
1055.71 3502.333 181.833 5554.104 61.80813
1056.8 3435.333 261.833 5661.604 58.77101
1057.88 3194.833 105.333 5219.604 60.40939
1058.97 3279.333 165.833 5094.104 63.17632
1060.06 3439.333 360.833 5153.604 64.23216
1061.14 3039.833 99.333 4855.104 61.83015
1062.23 3641.333 781.333 5268.104 63.74295
1063.31 3019.833 185.333 4585.604 64.41649
1064.4 2654.333 66.333 4119.104 63.85755
1065.48 2744.333 148.333 4254.104 63.22808
1066.57 2485.833 79.833 4023.604 61.0076
1067.65 2545.833 210.833 3963.604 62.22069
1068.74 2365.333 58.333 3872.104 60.49131
1069.82 2345.833 209.833 3796.104 59.56047
1070.9 3270.333 1117.333 4696.104 60.16032
1071.99 2199.333 198.833 3629.104 58.31901
1073.07 2155.333 154.833 3555.604 58.8249
1074.15 2321.333 187.833 3574.104 63.00441
1075.24 2137.333 193.833 3393.104 60.74821
1076.32 2230.833 239.333 3406.604 62.87747
1077.4 2352.333 478.833 3508.104 61.84656
1078.49 1927.333 43.333 2996.104 63.80448
1079.57 2046.833 275.333 3149.104 61.64375
1080.65 2187.333 398.333 3245.104 62.84313
1081.73 1822.833 114.833 2784.604 63.97553
1082.81 1704.833 -13.167 2686.604 63.63503
1083.89 1844.833 227.833 2791.604 63.07116
1084.98 1799.833 212.833 2747.104 62.62156
1086.06 1550.833 48.333 2463.604 62.20834
1087.14 1535.333 25.333 2473.604 61.67618
1088.22 1564.333 168.833 2459.604 60.91836
1089.3 1431.833 -23.167 2242.604 64.21656
1090.38 1878.833 484.333 2745.604 61.66886
1091.46 1577.333 224.333 2436.104 61.1727
1092.54 1368.833 71.833 2222.604 60.30396
1093.62 1406.833 116.833 2203.104 61.83282
1094.7 1257.333 23.333 1981.104 63.03087
1095.78 1367.833 119.333 2072.604 63.91843
1096.86 1396.333 153.833 2093.104 64.07047
1097.93 1750.833 515.333 2423.604 64.74448
1099.01 1491.833 321.833 2187.604 62.70867
1100.09 1268.333 49.333 1832.604 68.35754
