196.55 764.86 637.312 809.19 74.2081
197.76 1073.56 939.8 1092.907 87.36413
198.96 977.969 856.3 965.027 111.90293
200.16 725.516 561.303 735.803 94.1047
201.36 1174.01 1037.285 1194.787 86.80821
202.56 877.61 695.791 952.606 70.79789
203.76 725.174 612.799 782.088 66.38035
204.96 871.737 695.308 792.07 182.33292
206.16 570.094 490.81 587.32 82.1511
207.36 912.176 819.305 904.76 108.67821
208.56 779.045 680.301 752.872 136.06579
209.76 496.562 497.306 560.579 -1.17604
210.96 720.432 620.302 695.691 132.81786
212.16 1442.739 1311.814 1432.742 108.26696
213.36 833.887 733.805 871.587 72.63816
214.56 720.246 636.813 706.009 120.57523
215.76 1298.174 1209.3 1195.088 0.0
216.96 1039.006 972.798 1085.364 58.81764
218.16 826.536 694.796 728.933 385.91497
219.35 617.306 483.31 604.647 110.43242
220.55 718.897 634.81 720.026 98.67424
221.75 685.997 581.816 654.845 142.65748
222.95 1061.116 923.809 1059.121 101.47409
224.15 843.625 746.315 819.061 133.7678
225.35 690.049 541.313 705.716 90.47051
226.55 638.109 558.809 606.854 165.05303
227.75 974.616 842.309 985.621 92.32071
228.94 804.562 687.306 826.079 84.49516
230.14 801.501 694.304 765.768 150.00013
231.34 654.636 537.802 619.751 142.56902
232.54 602.728 577.802 576.631 0.0
233.74 632.703 576.298 625.657 114.27586
234.93 668.958 566.813 639.337 140.8436
236.13 736.917 621.303 775.156 75.14567
237.33 745.482 649.817 785.81 70.3455
238.53 668.488 583.311 672.406 95.60248
239.72 988.651 873.301 998.286 92.29142
240.92 513.274 429.306 569.406 59.93442
242.12 873.419 720.309 914.328 78.91485
243.31 596.493 461.804 654.001 70.07868
244.51 577.348 478.801 563.579 116.24166
245.71 1002.32 823.809 962.682 128.54316
246.9 1099.848 1016.801 1154.079 60.49578
248.1 747.568 627.8 740.674 106.10746
249.3 721.62 643.297 746.545 75.85897
250.49 706.627 612.296 654.312 224.51248
251.69 807.304 666.304 790.475 113.55256
252.89 729.694 627.792 684.718 179.00931
254.08 474.562 415.806 457.079 142.36153
255.28 763.583 603.799 697.208 171.05711
256.47 511.979 424.305 460.967 239.14376
257.67 860.596 714.316 859.991 100.41475
258.86 885.48 748.311 843.638 143.89292
260.06 674.529 557.796 706.166 78.6769
261.26 1010.629 951.802 1008.984 102.87672
262.45 678.122 598.303 754.217 51.19419
263.65 438.793 357.292 482.364 65.16271
264.84 794.235 692.302 818.398 80.83769
266.04 564.194 487.792 555.218 113.31304
267.23 468.891 360.292 447.511 124.51354
268.42 579.213 436.803 538.596 139.90126
269.62 735.789 609.305 684.941 167.22729
270.81 710.449 585.307 675.397 138.90685
272.01 664.425 634.302 694.924 49.68909
273.2 807.845 731.789 843.235 68.2442
274.4 538.211 429.797 489.924 180.30795
275.59 816.097 677.298 795.743 117.18472
276.78 713.956 552.307 669.165 138.32975
277.98 604.255 548.295 612.028 87.80479
279.17 640.464 539.306 678.932 72.44895
280.37 614.465 532.288 594.184 132.76784
281.56 413.984 412.299 463.062 3.3197
282.75 549.034 398.314 508.181 137.18392
283.95 624.081 536.293 631.537 92.17172
285.14 723.778 530.293 648.83 163.22781
286.33 574.846 436.295 524.407 157.24465
287.52 648.739 583.29 671.321 74.34711
288.72 790.48 681.787 795.718 95.40261
289.91 1060.802 885.298 1018.303 131.95241
291.1 758.538 571.302 725.105 121.73764
292.29 709.796 610.304 688.208 127.71141
293.49 682.558 601.794 740.235 58.33846
294.68 542.014 465.297 469.631 1770.13132
295.87 598.705 525.304 591.829 110.33664
297.06 695.999 643.798 687.097 120.56053
298.26 428.884 299.293 328.244 447.62695
299.45 604.493 543.304 556.001 481.92516
300.64 641.397 483.31 601.526 133.72651
301.83 643.136 587.802 627.251 140.26692
303.02 493.586 450.311 539.552 48.49256
304.21 785.527 658.314 817.414 79.95772
305.4 626.298 540.81 611.88 120.28748
306.59 655.479 567.805 697.467 67.61714
307.79 648.326 526.802 586.277 204.32805
308.98 481.001 417.804 482.268 98.03363
310.17 732.257 614.752 795.359 65.06114
311.36 644.629 525.778 613.564 135.38762
312.55 1059.804 886.78 998.055 155.49175
313.74 420.408 364.797 502.717 40.32083
314.93 708.545 618.301 749.372 68.85143
316.12 566.72 490.803 583.363 82.01914
317.31 336.423 306.797 340.752 87.25057
318.5 442.408 348.297 402.717 172.93414
319.69 586.733 462.296 638.226 70.73106
320.88 562.653 493.807 571.458 88.66129
322.07 519.945 425.795 524.054 95.81853
323.26 484.904 402.81 509.294 77.09551
324.45 401.984 303.799 387.062 117.92166
325.64 595.854 482.795 606.674 91.26537
326.83 707.538 558.302 697.605 107.13061
328.01 554.575 486.299 512.941 256.27298
329.2 729.326 615.802 713.277 116.46466
330.39 550.999 433.798 539.097 111.30348
331.58 471.287 341.799 399.269 225.31402
332.77 934.114 762.303 855.45 184.4527
333.96 372.824 246.296 348.105 124.27976
335.15 470.363 361.8 466.114 104.07394
336.33 470.287 355.799 459.769 110.11652
337.52 540.484 455.799 537.562 103.57389
338.71 538.969 413.8 513.527 125.51127
339.9 456.488 422.787 459.985 90.59726
341.08 521.975 430.293 477.623 193.70922
342.27 703.659 568.8 623.553 246.30408
343.46 733.252 666.807 760.104 71.21824
344.65 744.252 581.807 629.104 343.45341
345.83 768.54 631.308 689.777 234.70893
347.02 386.237 301.808 385.07 101.4017
348.21 758.213 643.303 766.596 93.20045
349.4 419.553 298.301 403.139 115.65595
350.58 489.14 454.789 550.675 35.82476
351.77 459.703 387.798 441.157 134.75787
352.96 327.811 236.303 325.243 102.88804
354.14 525.78 412.299 515.002 110.49441
355.33 420.493 369.804 409.501 127.69053
356.51 347.118 265.291 296.873 259.09246
357.7 520.971 427.282 567.779 66.68409
358.89 410.066 339.294 441.502 69.24295
360.07 665.315 589.291 686.166 78.4762
361.26 701.558 618.77 693.315 111.05899
362.44 560.488 448.263 473.565 443.53149
363.63 385.789 364.256 375.6 189.81712
364.81 462.218 396.749 460.351 102.93587
366.0 313.984 201.751 300.721 113.40051
367.18 1000.426 894.26 1026.255 80.4321
368.37 414.733 297.772 447.306 78.21722
369.55 529.242 478.777 584.245 47.84889
370.74 686.439 556.277 659.038 126.66533
371.92 833.241 718.271 792.073 155.78139
373.11 380.148 353.765 420.522 39.52045
374.29 401.577 313.257 348.773 248.68032
375.48 479.179 436.769 497.263 70.10656
376.66 361.757 291.776 354.279 111.96387
377.84 697.233 592.272 697.806 99.4574
379.03 327.848 300.777 358.659 46.77013
380.21 317.103 226.268 329.918 87.63613
381.39 258.391 164.768 283.091 79.12527
382.58 661.25 491.777 643.512 111.68983
383.76 790.35 678.783 822.831 77.45164
384.94 807.501 730.28 866.348 56.75156
386.13 361.542 290.765 405.608 61.62891
387.31 475.438 379.272 503.866 77.18316
388.49 388.201 332.768 378.065 122.37841
389.68 522.09 448.774 505.556 129.11966
390.86 475.484 386.775 514.642 69.37625
392.04 660.183 571.281 741.607 52.1953
393.22 401.484 310.775 434.642 73.23124
394.41 362.596 325.768 385.151 62.01702
395.59 210.886 165.775 284.995 37.83814
396.77 466.19 334.78 436.874 128.71529
397.95 515.038 322.278 455.185 145.03403
399.13 570.395 503.78 570.434 99.94075
400.31 388.776 349.763 373.238 166.19289
401.5 525.952 357.271 519.401 104.04101
402.68 544.891 430.768 587.591 72.77204
403.86 365.893 304.774 387.262 74.09389
405.04 579.259 504.782 676.951 43.25797
406.22 324.861 236.27 337.521 87.49639
407.4 593.254 454.289 550.856 143.90472
408.58 655.854 535.771 657.254 98.84741
409.76 661.573 581.269 697.349 69.17994
410.94 514.484 418.275 467.642 194.88623
412.12 426.101 297.786 446.167 86.47707
413.3 354.03 282.278 426.917 49.60787
414.48 323.023 235.278 365.65 67.30351
415.66 411.153 256.783 401.038 107.01235
416.84 834.228 711.278 876.21 74.54542
418.02 518.021 370.273 513.478 103.17243
419.2 346.333 270.778 355.624 89.04995
420.38 420.583 361.775 517.788 37.694
421.56 391.267 344.282 456.219 41.97432
422.74 699.657 626.77 736.961 66.14576
423.92 647.772 478.276 614.814 124.13834
425.1 380.523 356.778 512.65 15.23345
426.28 405.261 299.788 388.623 118.72883
427.46 916.162 769.788 947.477 82.37691
428.63 488.517 345.785 503.055 90.75659
429.81 523.874 367.787 545.804 87.68095
430.99 553.35 430.283 636.831 59.583
432.17 795.623 655.284 839.968 75.98875
433.35 625.237 457.284 653.65 85.53072
434.52 237.33 119.79 295.701 66.81785
435.7 366.109 249.785 447.434 58.85359
436.88 589.326 480.778 626.357 74.563
438.06 487.246 370.789 500.589 89.72064
439.23 349.122 262.779 419.797 54.98927
440.41 502.906 404.792 596.545 51.16687
441.59 619.188 501.775 676.702 67.12149
442.77 330.884 214.793 444.744 50.48509
443.94 643.804 516.78 655.555 91.53211
445.12 585.729 466.784 668.882 58.85521
446.3 788.22 645.279 838.443 73.99988
447.47 521.077 431.781 623.193 46.65116
448.65 596.508 508.779 723.115 40.93049
449.82 415.508 318.279 518.615 48.53285
451.0 514.88 320.281 557.4 82.06814
452.18 438.934 267.784 492.443 76.18221
453.35 528.902 329.28 589.202 76.80096
454.53 473.116 345.785 588.701 52.41769
455.7 383.07 218.782 493.926 59.7098
456.88 755.086 569.287 852.632 65.57355
458.05 537.759 385.282 647.951 58.04903
459.23 381.35 219.283 524.331 53.12852
460.4 506.402 328.28 623.202 60.39651
461.58 629.488 458.287 692.485 73.10075
462.75 363.229 185.284 505.882 55.50416
463.93 530.387 405.781 707.167 41.34451
465.1 496.242 307.777 631.745 58.17406
466.28 313.716 146.791 453.02 54.51008
467.45 289.402 95.78 461.202 52.98602
468.63 532.865 296.782 672.365 62.85773
469.8 706.949 480.783 868.977 58.26098
470.97 406.161 235.782 557.805 52.90883
472.15 619.785 382.293 777.597 60.07838
473.32 621.216 471.791 886.52 36.02969
474.49 775.859 534.788 943.27 59.01643
475.67 513.428 291.79 797.347 43.84037
476.84 416.125 204.29 642.14 48.38071
478.01 596.123 407.784 929.968 36.06756
479.19 503.263 344.794 818.795 33.43215
480.36 466.451 228.289 703.149 50.15407
481.53 501.503 339.786 888.02 29.49777
482.7 473.004 276.792 858.692 33.71932
483.88 379.044 217.295 769.2 29.30727
485.05 465.086 266.287 796.132 37.5203
486.22 560.189 328.799 898.122 40.64294
487.39 387.508 226.803 829.536 26.66271
488.56 545.912 361.785 933.641 32.19806
489.74 728.475 484.293 1179.123 35.14264
490.91 320.096 172.292 811.071 23.13842
492.08 409.412 286.285 938.141 18.8886
493.25 397.869 194.794 893.709 29.05574
494.42 429.142 309.795 971.847 18.0268
495.59 487.149 288.795 941.114 30.40759
496.76 467.062 292.782 992.658 24.90154
497.93 662.268 386.288 1169.891 35.21946
499.1 701.452 417.795 1133.321 39.64323
500.27 937.036 613.796 1399.933 41.11755
501.44 998.345 701.289 1434.735 40.50134
502.61 632.202 297.292 1051.485 44.40636
503.78 708.378 379.799 1220.148 39.10029
504.95 1043.67 737.788 1565.244 36.96657
506.12 792.272 404.8 1185.234 49.64829
507.29 584.081 242.793 1043.037 42.64797
508.46 436.99 62.793 892.157 45.11851
509.63 1127.99 694.793 1570.657 49.45935
510.8 1176.512 716.291 1598.459 52.16929
511.97 759.837 370.79 1235.468 44.99333
513.14 631.136 192.302 1134.251 46.58792
514.31 907.255 498.295 1374.528 46.6726
515.48 794.144 323.301 1331.019 46.72368
516.65 719.322 231.291 1273.933 46.80719
517.81 700.93 242.296 1223.519 46.74106
518.98 883.155 426.289 1435.709 45.26025
520.15 657.993 166.304 1220.001 46.66323
521.32 877.815 395.291 1484.666 44.29364
522.49 1453.947 830.801 1961.226 55.12494
523.65 1230.408 640.297 1854.717 48.59196
524.82 931.428 363.79 1484.847 50.63419
525.99 573.341 77.801 1198.812 44.20472
527.16 1041.343 393.807 1632.984 52.25531
528.32 1055.982 402.293 1629.89 53.24949
529.49 861.709 302.791 1494.752 46.8906
530.66 696.094 97.31 1346.32 47.94067
531.82 763.177 173.287 1461.511 45.79096
532.99 866.044 235.795 1633.7 45.0852
534.16 996.051 255.795 1684.968 51.79613
535.32 1236.59 524.799 1974.976 49.08306
536.49 862.787 160.299 1621.769 48.06724
537.65 1315.534 586.79 2169.761 46.03649
538.82 949.726 139.296 1837.959 47.70985
539.99 1219.066 390.794 2025.002 50.68338
541.15 1339.306 434.286 2110.227 54.00069
542.32 957.757 96.801 1843.2 49.29897
543.48 1420.183 475.805 2300.027 51.76881
544.65 1534.828 600.808 2482.449 49.63858
545.81 1826.536 823.796 2941.933 47.34067
546.98 1383.304 293.804 2494.975 49.49637
548.14 1531.036 476.296 2658.433 48.3352
549.31 1237.302 234.798 2508.803 44.08538
550.47 1359.772 225.3 2617.234 47.42908
551.63 1753.43 607.796 3027.019 47.35546
552.8 1338.224 271.29 2755.787 42.94365
553.96 1355.211 250.297 2767.424 43.89582
555.13 1332.969 241.8 2935.527 40.50779
556.29 1685.713 594.303 3352.096 39.57547
557.45 1191.276 153.787 3024.658 36.13847
558.62 1354.962 299.8 3296.26 35.21361
559.78 1429.804 428.304 3480.475 32.81271
560.94 1240.356 228.301 3340.346 32.52058
562.11 1316.311 219.303 3450.243 33.95322
563.27 1252.159 51.8 3378.053 36.08741
564.43 1245.491 18.298 3374.329 36.5668
565.59 1323.806 148.31 3573.147 34.32268
566.76 1300.428 198.29 3754.847 30.98891
567.92 1401.101 314.31 3935.087 30.01542
569.08 1332.031 419.802 4193.837 24.17117
570.24 1025.049 217.289 4100.295 20.80244
571.4 1021.105 121.798 4056.01 22.85863
572.57 1183.904 226.81 4264.294 23.70522
573.73 1226.538 37.302 4177.605 28.72341
574.89 1593.865 213.806 4456.786 32.52571
576.05 1704.293 286.292 4674.864 32.3112
577.21 1533.869 117.294 4512.209 32.23213
578.37 1501.568 23.3 4485.174 33.1311
579.53 1791.887 130.805 4638.087 36.85331
580.69 2296.333 338.802 4960.044 42.35942
581.85 2283.083 275.799 4983.208 42.64094
583.01 2279.499 225.298 4960.597 43.3806
584.17 2417.62 250.797 5274.045 43.1359
585.33 2562.841 346.802 5374.312 44.07827
586.49 2522.748 167.295 5422.261 44.82338
587.65 2883.642 298.295 5634.847 48.44602
588.81 2972.439 315.302 5661.958 49.69718
589.97 3159.477 521.799 5897.795 49.06398
591.13 2813.951 219.789 5667.649 47.618
592.29 2954.417 243.303 5733.656 49.3796
593.45 3016.508 104.803 5779.036 51.31452
594.61 3002.837 108.29 5746.468 51.33835
595.77 2989.765 92.8 5843.967 50.37177
596.93 2915.921 66.291 5865.08 49.14181
598.09 3228.452 217.795 6083.821 51.32363
599.24 3237.22 114.803 6090.363 52.25313
600.4 3343.748 160.795 6204.261 52.66768
601.56 3206.294 113.298 6318.536 49.84493
602.72 3383.099 231.804 6418.415 50.93734
603.87 3558.111 270.315 6514.026 52.65771
605.03 3413.099 101.304 6395.915 52.61319
606.19 3465.742 37.301 6542.165 52.70581
607.35 3373.417 14.303 6367.656 52.87152
608.5 3647.666 340.3 6723.82 51.81101
609.66 3989.084 510.805 7070.88 53.02194
610.82 3641.233 113.796 6724.726 53.35765
611.97 3584.713 82.803 6653.096 53.29914
613.13 3916.441 342.307 7039.63 53.36661
614.29 3729.151 237.301 6992.286 51.69294
615.44 3933.932 341.302 7114.191 53.04428
616.6 3838.289 63.305 6774.441 56.24955
617.76 4147.348 329.801 7189.579 55.65118
618.91 4111.116 361.809 7391.622 53.33438
620.07 4064.228 341.302 7325.631 53.30398
621.22 3740.22 0.303 7099.863 52.67815
622.38 4448.713 580.303 7720.596 54.17718
623.53 3966.105 33.298 7125.51 55.45247
624.69 4107.19 66.805 7172.794 56.85887
625.84 4000.031 73.302 7277.837 54.50356
627.0 4187.875 252.287 7412.804 54.96233
628.15 4071.205 21.804 7452.329 54.49685
629.31 4308.785 215.293 7546.097 55.83961
630.46 4181.462 -33.2 7456.76 56.27082
631.61 4284.092 221.304 7677.647 54.48767
632.77 4270.179 198.793 7733.183 54.03737
633.92 4481.499 282.798 7941.597 54.82193
635.08 4854.527 503.29 8301.494 55.79793
636.23 4629.856 159.301 7972.846 57.21545
637.38 4353.053 -23.699 7813.639 55.84488
638.54 4749.649 324.295 8313.614 55.39088
639.69 4933.608 502.309 8487.354 55.49498
640.84 4773.624 225.299 8338.026 56.06407
641.99 4697.31 43.799 8279.804 56.50205
643.15 5179.496 457.299 8617.58 57.86807
644.3 4832.182 57.299 8463.856 56.79951
645.45 4658.368 -54.201 8340.134 56.13987
646.6 5221.054 498.299 8915.91 56.10564
647.75 4926.24 122.3 8731.188 55.8021
648.91 4963.426 -43.2 8643.464 57.63578
650.06 5268.612 95.3 8882.24 58.87501
651.21 5282.298 258.8 9085.518 56.91242
652.36 5231.984 291.8 9210.794 55.38948
653.51 5074.17 97.8 9010.07 55.83729
654.66 5346.356 106.801 9258.848 57.2501
655.81 5712.042 338.301 9616.624 57.91716
656.96 5539.729 29.301 9397.901 58.81804
658.11 5806.915 201.301 9693.678 59.05385
659.27 5754.601 224.801 9801.954 57.73949
660.42 5461.287 23.801 9721.731 56.06851
661.57 5839.973 203.302 10014.508 57.45136
662.72 5780.159 -70.698 9721.784 59.74845
663.87 5967.845 -42.198 9928.062 60.2797
665.01 6233.031 153.802 10224.838 60.36349
666.16 6081.217 3.802 10214.115 59.52231
667.31 6204.903 69.302 10528.392 58.66286
668.46 6778.089 364.803 11167.168 59.36928
669.61 6405.775 85.803 10805.945 58.95418
670.76 6529.461 -15.197 11199.722 58.35671
671.91 6825.147 383.803 11586.998 57.4956
673.06 6722.833 292.803 11827.275 55.7462
674.21 6293.019 -86.197 11452.552 55.28516
675.35 6799.705 143.804 11977.829 56.24376
676.5 6852.391 107.304 11903.105 57.1821
677.65 6845.077 5.804 11984.382 57.09587
678.8 6624.263 -81.696 12054.159 55.25741
679.94 6579.949 20.804 12371.936 53.10562
681.09 6776.135 183.304 12968.712 51.56528
682.24 7012.821 202.305 13234.989 52.2572
683.39 6858.007 5.305 13352.266 51.34279
684.53 7638.193 205.305 13957.043 54.05054
685.68 7405.379 103.305 13729.819 53.58725
686.83 7391.065 149.805 14338.096 51.03688
687.97 7068.751 114.306 14105.373 49.70633
689.12 6984.938 72.806 14535.149 47.79399
690.27 7040.624 14.306 14401.426 48.83756
691.41 7717.81 252.306 14927.703 50.87088
692.56 8258.996 174.306 14832.979 55.15294
693.7 8912.182 173.806 15399.257 57.39321
694.85 8757.868 -17.193 15092.033 58.0775
695.99 8882.054 194.307 15823.81 55.58556
697.14 8767.74 89.807 15674.587 55.6821
698.28 9028.926 205.807 16044.363 55.70658
699.43 9429.612 115.807 16045.14 58.46953
700.57 9438.798 -75.193 15983.417 59.24542
701.72 9914.984 -61.692 16498.693 60.24423
702.86 9949.67 -99.192 16103.971 62.0179
704.01 9987.356 -16.692 16799.748 59.48969
705.15 10182.542 196.308 17168.523 58.83872
706.29 10232.229 30.308 17380.301 58.80072
707.44 10503.914 66.808 17534.078 59.75236
708.58 10802.601 -71.691 17400.854 62.23645
709.72 11300.786 315.809 18098.131 61.77471
710.87 10936.473 -109.191 17654.908 62.1797
712.01 10937.158 -56.691 17912.184 61.18274
713.15 10980.845 79.809 18370.961 59.59732
714.3 11348.03 208.309 18806.238 59.89764
715.44 11436.217 18.31 18631.514 61.34305
716.58 12012.902 111.81 19014.791 62.95881
717.72 11905.089 5.31 19133.568 62.21047
718.87 12134.774 68.31 19176.844 63.14699
720.01 12043.461 57.31 19360.621 62.09376
721.15 11725.646 -70.19 19113.398 61.48921
722.29 11955.333 172.811 19521.176 60.89673
723.43 12314.019 225.811 19856.451 61.57827
724.57 12725.705 187.311 19986.729 63.32709
725.72 12647.391 95.811 19880.506 63.44086
726.86 13262.577 355.311 20546.281 63.92593
728.0 12770.763 33.811 20311.059 62.81401
729.14 12661.449 -38.688 20669.836 61.32807
730.28 12840.635 244.812 20858.611 61.10384
731.42 12725.821 -48.688 20867.389 61.07507
732.56 13684.007 351.312 21565.666 62.84752
733.7 13503.693 203.812 21336.941 62.9338
734.84 13530.379 -91.688 21197.719 63.98519
735.98 13822.565 62.813 21752.996 63.4377
737.12 13635.751 -52.187 21573.771 63.29402
738.26 13470.438 22.813 21732.549 61.94283
739.4 13620.123 113.313 22133.326 61.33879
740.53 14160.81 146.813 22529.604 62.61059
741.67 14069.995 118.813 22277.379 62.96067
742.81 14293.182 -95.186 22174.156 64.61065
743.95 14781.867 158.814 22437.434 65.63716
745.09 14444.054 -2.686 22464.209 64.30234
746.23 14482.239 163.314 22992.486 62.72205
747.36 14198.426 212.314 23110.264 61.08019
748.5 14115.611 -6.686 22847.039 61.79429
749.64 14231.298 5.315 22528.816 63.16062
750.78 14594.483 -16.185 22733.094 64.22475
751.92 15079.17 17.315 23161.869 65.07732
753.05 14703.855 49.315 22690.646 64.72473
754.19 15181.042 323.315 23392.924 64.4039
755.33 14467.228 -118.685 22948.199 63.23313
756.46 14559.414 125.316 23062.477 62.92888
757.6 14524.1 8.816 23131.254 62.77575
758.74 14785.786 285.816 23208.031 63.25728
759.87 15044.472 83.816 23087.307 65.03646
761.01 15306.658 68.316 23176.584 65.94325
762.14 15188.344 68.817 23283.361 65.12954
763.28 15374.53 231.317 23437.637 65.2547
764.41 14796.216 96.317 22849.414 64.60614
765.55 14332.902 -118.183 22932.191 62.6935
766.69 14638.588 118.817 23382.467 62.41398
767.82 14634.274 118.317 23081.744 63.21337
768.95 14931.46 -1.182 22986.021 64.96067
770.09 15446.646 444.318 23153.297 66.06342
771.22 15519.832 352.318 23320.074 66.03829
772.36 15492.519 220.318 23147.852 66.61074
773.49 15153.704 302.818 23196.129 64.86998
774.63 14641.391 56.818 22989.904 63.5962
775.76 14280.576 36.319 22380.682 63.74877
776.89 14552.263 210.819 22652.959 63.90408
778.03 14708.448 138.819 22631.234 64.77574
779.16 14810.635 -42.681 22547.512 65.75117
780.29 14839.32 129.819 22589.289 65.49354
781.43 15171.007 297.819 22433.064 67.19233
782.56 14685.692 137.32 22054.842 66.37782
783.69 14236.379 -0.68 22051.619 64.56043
784.82 14220.064 60.32 22251.895 63.80685
785.96 13976.751 78.32 22133.672 63.01614
787.09 14032.937 99.82 21672.949 64.58551
788.22 14324.623 112.32 21983.225 64.98269
789.35 14572.309 -24.179 21838.002 66.76593
790.48 14638.495 49.821 21608.279 67.6703
791.62 14764.181 237.321 21518.557 68.26135
792.75 13893.367 -33.179 20930.332 66.43232
793.88 14199.053 345.821 21570.109 65.27065
795.01 13703.738 120.321 21295.387 64.14817
796.14 13649.425 221.822 21276.162 63.77594
797.27 13658.11 229.322 21164.939 64.14326
798.4 13743.297 100.322 20896.217 65.60417
799.53 13830.982 -69.678 20784.492 66.6565
800.66 14242.669 107.822 20992.77 67.67959
801.79 14699.354 716.822 21395.047 67.6196
802.92 13786.041 70.823 20581.822 66.86763
804.05 13725.227 174.823 20779.6 65.76341
805.18 13117.413 125.823 20385.377 64.12575
806.31 13330.099 67.823 20369.152 65.32713
807.44 13249.785 -58.177 20479.93 64.79644
808.57 13495.971 159.323 20511.207 65.53028
809.69 13655.157 180.324 20368.984 66.74456
810.82 13797.343 -126.176 20398.26 67.83874
811.95 14043.029 498.324 20386.037 68.1059
813.08 13544.215 34.824 19879.314 68.07628
814.21 13682.401 518.324 20196.59 66.89653
815.33 12958.587 118.824 19702.867 65.56237
816.46 12742.773 161.825 19430.145 65.29344
817.59 12799.459 417.825 19540.42 64.74871
818.72 12824.146 234.825 19530.197 65.24528
819.84 13111.331 436.825 19383.475 66.89576
820.97 12991.018 259.825 18739.75 68.89201
822.1 12940.203 310.325 18890.027 67.97675
823.22 12536.89 -29.174 18414.305 68.13283
824.35 12514.075 26.326 18436.082 67.83224
825.48 12208.262 251.326 18507.857 65.49402
826.6 11771.947 136.326 18357.135 63.85897
827.73 11285.134 -83.674 17736.912 63.79592
828.85 11600.819 89.826 18003.688 64.25746
829.98 12033.506 303.827 18359.465 64.96408
831.11 11853.691 -22.173 17766.742 66.75991
832.23 12157.378 17.827 17927.018 67.78392
833.36 12395.563 261.327 18013.795 68.35239
834.48 12110.25 130.327 17510.072 68.93037
835.6 11725.936 192.827 17510.848 66.596
836.73 11184.622 -37.172 17347.625 64.54947
837.85 11245.808 218.328 17522.402 63.72765
838.98 10684.994 -94.672 17294.678 61.99005
840.1 11092.68 194.328 17687.455 62.30076
841.23 10977.866 119.828 17257.732 63.35686
842.35 11372.552 350.329 17657.01 63.68768
843.47 11393.238 100.829 17090.785 66.46521
844.6 11540.424 -38.171 16920.063 68.27713
845.72 11800.61 4.829 16962.34 69.56081
846.84 12054.296 22.329 16891.115 71.32681
847.96 11817.982 16.829 16792.393 70.34728
849.09 11501.668 -3.67 16469.17 69.84429
850.21 11554.854 68.83 16711.945 69.01367
851.33 11651.04 196.33 16953.223 68.3582
852.45 11391.227 -56.17 16654.5 68.50352
853.57 11581.912 122.33 16730.775 68.99852
854.7 11602.099 -3.67 16505.553 70.2987
855.82 11662.284 18.331 16425.33 70.96943
856.94 11824.471 186.831 16592.105 70.9384
858.06 11616.156 -122.669 16323.383 71.37777
859.18 11874.843 170.331 16786.66 70.43982
860.3 11489.028 87.831 16382.437 69.96915
861.42 11252.715 -103.669 16152.713 69.858
862.54 11110.4 -96.168 16499.49 67.52711
863.66 11230.087 -43.668 16369.267 68.68823
864.78 11333.272 71.332 16433.543 68.82897
865.9 11617.459 109.332 16517.32 70.13734
867.02 12273.145 676.832 17046.598 70.83982
868.14 12006.331 444.332 16680.873 71.20974
869.26 11672.517 226.833 16216.15 71.58332
870.38 11024.203 -115.667 15969.428 69.25586
871.5 10916.389 -77.667 15703.704 69.66477
872.62 10736.075 -52.167 15886.98 67.68393
873.74 11050.761 306.333 16160.758 67.76927
874.85 10450.354 -52.667 15654.896 66.86602
875.97 10484.854 119.333 15630.896 66.82448
877.09 10763.354 122.333 15581.396 68.83355
878.21 11030.854 63.333 15602.896 70.57806
879.33 10979.854 123.833 15565.396 70.3039
880.44 10962.854 66.333 15300.896 71.525
881.56 11113.354 40.333 15506.396 71.59561
882.68 11073.854 92.833 15367.896 71.88855
883.79 10989.354 424.833 15543.396 69.87782
884.91 10223.354 -134.167 15177.396 67.6451
886.03 10500.354 169.833 15488.396 67.43793
887.14 10558.354 290.333 15515.896 67.43936
888.26 10800.854 330.333 15726.896 68.00558
889.38 10929.354 273.833 15700.896 69.07032
890.49 10787.854 -86.667 15604.896 69.30171
891.61 11240.854 97.333 15769.396 71.10437
892.72 11406.854 -71.167 16052.396 71.18787
893.84 11727.854 -71.667 16223.896 72.40941
894.95 11779.854 -80.667 16639.896 70.93374
896.07 11832.854 20.833 16548.896 71.46646
897.18 11828.354 147.833 16775.896 70.24583
898.3 11663.354 -53.167 16590.396 70.39671
899.41 11800.854 274.833 17242.396 67.92974
900.53 11414.854 120.333 16882.396 67.38145
901.64 11461.854 219.833 17027.396 66.88668
902.75 11546.854 53.833 16818.896 68.5534
903.87 11550.354 -10.667 16414.396 70.38646
904.98 11733.854 149.833 16538.396 70.68357
906.09 11958.854 22.833 16424.396 72.77368
907.21 11976.354 145.833 16502.396 72.32889
908.32 11734.854 28.333 16140.396 72.65688
909.43 11625.354 272.333 16198.896 71.28356
910.54 11279.854 127.833 16021.396 70.16691
911.66 11240.354 540.333 16217.396 68.25272
912.77 10473.854 -1.667 15441.396 67.83319
913.88 10614.354 150.833 15513.396 68.11052
914.99 10434.854 -48.167 15157.896 68.93975
916.1 10636.354 135.833 15271.396 69.37649
917.22 10514.854 -30.167 14807.396 71.06977
918.33 11162.354 289.833 15369.896 72.09865
919.44 10801.354 76.833 14945.396 72.12884
920.55 11092.354 358.833 15102.396 72.80141
921.66 10662.854 200.333 14444.896 73.44923
922.77 10549.854 207.333 14446.396 72.63485
923.88 10456.354 300.833 14430.396 71.87428
924.99 9913.854 142.333 14020.396 70.40984
926.1 9509.854 -86.167 13841.896 68.89703
927.21 9849.354 317.833 13998.396 69.672
928.32 9253.854 -121.167 13398.896 69.34155
929.43 9169.354 60.833 13208.896 69.27653
930.54 9208.354 23.833 13190.396 69.75641
931.65 9265.354 82.333 12995.896 71.11145
932.76 9435.354 184.333 12781.896 73.43501
933.86 9141.854 93.333 12369.396 73.70866
934.97 8721.854 22.833 11894.896 73.27304
936.08 8513.854 4.833 11603.896 73.35956
937.19 8060.854 312.833 11024.396 72.33325
938.3 7273.854 227.833 9905.896 72.80404
939.4 6783.854 293.333 9500.396 70.49502
940.51 6019.854 69.333 8660.896 69.26005
941.62 5606.854 193.833 8013.896 69.21966
942.73 5878.854 508.833 8234.896 69.50527
943.83 5172.354 125.833 7535.896 68.10362
944.94 5334.854 151.833 7414.896 71.36137
946.05 5184.854 -150.667 7261.896 71.97943
947.15 5366.854 -68.667 7300.896 73.75635
948.26 5663.354 64.833 7531.896 74.97621
949.36 5624.354 -1.167 7536.396 74.63315
950.47 6058.354 121.333 7957.396 75.76535
951.57 6442.354 369.833 8358.896 76.01043
952.68 6287.354 229.333 8398.396 74.15809
953.79 6237.854 217.833 8727.896 70.74003
954.89 6064.354 8.833 8520.896 71.14047
955.99 6356.854 167.333 9045.896 69.7131
957.1 6303.354 40.333 8953.896 70.26395
958.2 6547.854 76.333 9356.896 69.73199
959.31 6786.854 203.333 9547.896 70.45296
960.41 6682.854 28.333 9452.896 70.60827
961.52 6819.354 -30.667 9414.896 72.52105
962.62 7331.354 175.833 9765.896 74.61391
963.72 7147.354 -80.667 9427.396 76.01991
964.83 6982.354 -124.667 9410.396 74.53565
965.93 7279.354 112.833 9648.896 75.15178
967.03 7325.354 271.333 9840.396 73.71695
968.13 7148.854 208.333 9783.896 72.4816
969.24 6959.354 8.833 9677.896 71.88412
970.34 6808.354 31.333 9675.896 70.26779
971.44 6763.854 52.333 9737.896 69.29407
972.54 6944.854 141.833 9735.896 70.90866
973.64 6683.854 5.333 9461.396 70.62687
974.75 7308.854 435.833 10012.396 71.76919
975.85 8402.354 1647.833 11151.896 71.06983
976.95 6810.354 7.333 9252.896 73.58147
978.05 7145.854 203.333 9359.396 75.82431
979.15 7381.354 433.833 9610.896 75.70528
980.25 6784.854 2.833 8996.396 75.40973
981.35 6786.854 60.333 9060.896 74.73445
982.45 7067.854 410.333 9336.896 74.58101
983.55 6647.354 186.833 9070.896 72.72035
984.65 6537.854 138.833 8885.896 73.15623
985.75 6398.854 309.833 8916.896 70.74447
986.85 6270.854 180.333 8760.896 70.98044
987.95 5948.854 14.833 8506.396 69.88138
989.05 6270.354 361.833 8685.396 70.98548
990.15 6235.354 271.833 8545.896 72.07488
991.25 6165.354 124.833 8437.896 72.663
992.34 6321.854 347.833 8374.396 74.42814
993.44 6227.354 140.833 8187.896 75.63655
994.54 6084.354 111.833 7935.396 76.34017
995.64 6189.354 309.833 7992.896 76.52574
996.74 6132.854 351.833 7862.896 76.96675
997.83 5613.854 -49.167 7328.396 76.76005
998.93 5487.354 76.333 7317.396 74.72689
1000.03 5930.854 590.833 7840.896 73.65482
1001.12 5466.854 353.833 7495.396 71.59526
1002.22 5398.354 315.333 7351.896 72.23727
1003.32 4974.354 64.833 6905.896 71.76547
1004.41 4947.854 125.333 6824.396 71.98799
1005.51 4722.354 120.833 6636.396 70.62353
1006.6 4565.854 6.333 6172.896 73.93942
1007.7 4834.854 306.833 6435.396 73.88389
1008.8 4488.354 -47.667 6021.896 74.7339
1009.89 4638.354 235.333 6104.896 75.01446
1010.99 4606.854 114.333 6068.896 75.44669
1012.08 4585.354 -29.167 5836.396 78.67141
1013.18 4836.854 126.833 6333.396 75.88775
1014.27 4997.854 47.333 6567.896 75.92168
1015.36 5009.854 64.833 6685.396 74.69185
1016.46 5051.854 124.833 6803.896 73.76815
1017.55 4811.354 -38.167 6532.896 73.80116
1018.65 4650.354 151.833 6482.396 71.06036
1019.74 4646.854 258.833 6437.396 71.02009
1020.83 4453.854 177.833 6159.896 71.48071
1021.93 4242.854 91.833 5880.896 71.70454
1023.02 4089.354 -45.667 5504.396 74.50404
1024.11 3952.354 -60.167 5364.896 73.96266
1025.2 3979.354 -58.167 5193.896 76.87496
1026.3 4154.354 189.833 5276.396 77.94106
1027.39 4106.854 250.833 5281.896 76.64426
1028.48 3966.354 163.333 5010.896 78.45223
1029.57 3723.354 104.333 4769.396 77.57711
1030.66 3725.854 198.333 4801.896 76.62589
1031.75 4172.354 757.333 5290.896 75.32753
1032.84 3591.354 241.333 4657.396 75.8599
1033.94 3182.854 -37.167 4252.896 75.05767
1035.03 3279.354 296.333 4418.396 72.36719
1036.12 2880.354 -58.667 4011.396 72.21071
1037.21 2689.854 -21.667 3894.396 69.241
1038.3 2893.354 213.833 3975.896 71.22479
1039.39 2712.854 16.833 3608.896 75.05496
1040.48 2853.354 156.833 3740.396 75.24694
1041.57 2841.854 235.333 3755.896 74.03706
1042.66 2667.854 153.833 3560.896 73.78852
1043.74 2626.354 184.833 3474.396 74.22023
1044.83 2675.854 192.833 3317.896 79.45508
1045.92 2400.854 -67.167 3029.396 79.70196
1047.01 2504.854 249.333 3286.896 74.25431
1048.1 2189.854 -79.167 2833.896 77.89126
1049.19 2261.854 144.833 2989.896 74.41035
1050.27 2148.354 105.333 2809.896 75.5398
1051.36 2008.854 41.833 2691.896 74.22545
1052.45 2076.354 197.333 2719.896 74.48858
1053.54 1948.354 131.333 2600.896 73.57663
1054.62 1978.354 203.333 2626.896 73.24015
1055.71 1899.354 181.833 2650.896 69.56166
1056.8 2017.354 261.833 2600.896 75.05233
1057.88 1773.354 105.333 2311.896 75.59364
1058.97 1834.354 165.833 2337.396 76.83504
1060.06 1894.354 360.833 2489.896 72.02799
1061.14 1641.354 99.333 2068.396 78.31244
1062.23 2339.354 781.333 2730.396 79.93694
1063.31 1730.854 185.333 2084.396 81.38336
1064.4 1516.854 66.333 1901.896 79.02323
1065.48 1532.854 148.333 1942.896 77.15088
1066.57 1434.354 79.833 1808.896 78.33845
1067.65 1486.354 210.833 1857.896 77.44216
1068.74 1365.354 58.333 1726.896 78.33214
1069.82 1363.354 209.833 1716.396 76.56641
1070.9 2339.854 1117.333 2755.396 74.63213
1071.99 1352.354 198.833 1714.896 76.08662
1073.07 1252.354 154.833 1615.396 75.1437
1074.15 1296.854 187.833 1621.896 77.3342
1075.24 1177.354 193.833 1580.896 70.90674
1076.32 1229.854 239.333 1584.896 73.61388
1077.4 1525.354 478.833 1821.896 77.92048
1078.49 1007.854 43.333 1345.896 74.04795
1079.57 1234.354 275.333 1493.896 78.70099
1080.65 1418.354 398.333 1624.896 83.16093
1081.73 1106.354 114.833 1305.896 83.24674
1082.81 964.354 -13.167 1169.396 82.66124
1083.89 1088.354 227.833 1351.896 76.55453
1084.98 1103.354 212.833 1323.396 80.18646
1086.06 882.354 48.333 1083.896 80.53795
1087.14 904.854 25.333 1130.396 79.59014
1088.22 953.854 168.833 1226.396 74.22926
1089.3 837.854 -23.167 993.396 84.69926
1090.38 1227.854 484.333 1528.396 71.2142
1091.46 972.854 224.333 1222.896 74.95984
1092.54 790.854 71.833 1040.896 74.19757
1093.62 818.354 116.833 1074.396 73.2611
1094.7 677.854 23.333 953.396 70.37386
1095.78 788.354 119.333 1022.896 74.04257
1096.86 858.354 153.833 1019.896 81.34758
1097.93 1195.354 515.333 1384.396 78.24762
1099.01 988.354 321.833 1146.896 80.78428
1100.09 626.854 49.333 833.396 73.6575
