196.55 1370.201 972.948 0.0 397.25293
197.76 1855.84 1427.472 0.0 428.3689
198.96 1696.802 1340.45 0.0 356.35193
200.16 1144.532 796.077 0.0 348.45428
201.36 1989.27 1587.379 0.0 401.89124
202.56 1396.197 990.115 0.0 406.08179
203.76 1183.283 849.94 0.0 333.34338
204.96 1324.369 932.264 0.0 392.10504
206.16 981.054 712.367 0.0 268.6875
207.36 1615.204 1181.173 0.0 434.03101
208.56 1439.904 1052.507 0.0 387.39734
209.76 887.761 637.704 0.0 250.0567
210.96 1257.462 888.539 0.0 368.92303
212.16 2517.29 2056.997 0.0 460.29272
213.36 1583.653 1126.644 0.0 457.00842
214.56 1251.258 890.479 0.0 360.77844
215.76 2301.783 1834.94 0.0 466.84338
216.96 1999.143 1568.862 0.0 430.28088
218.16 1394.016 985.792 0.0 408.22394
219.35 1078.503 716.838 0.0 361.66473
220.55 1241.041 872.359 0.0 368.68176
221.75 1154.968 810.596 0.0 344.37238
222.95 1968.958 1461.314 0.0 507.6449
224.15 1543.847 1090.029 0.0 453.81824
225.35 1196.745 782.472 0.0 414.27277
226.55 1138.49 792.831 0.0 345.659
227.75 1770.958 1378.814 0.0 392.1449
228.94 1470.261 1122.204 0.0 348.05664
230.14 1360.095 919.113 0.0 440.98273
231.34 1130.442 847.028 0.0 283.41443
232.54 1089.481 780.549 0.0 308.93158
233.74 1110.156 805.869 0.0 304.2865
234.93 1070.707 791.951 0.0 278.75574
236.13 1306.025 951.574 0.0 354.45148
237.33 1315.532 930.131 0.0 385.4007
238.53 1080.079 887.381 0.0 192.69885
239.72 1820.879 1373.993 0.0 446.88611
240.92 870.21 562.676 0.0 307.53394
242.12 1530.946 1152.807 0.0 378.13916
243.31 1095.127 755.63 0.0 339.49695
244.51 877.891 627.0 0.0 250.89172
245.71 1734.439 1278.803 0.0 455.63623
246.9 2085.891 1688.0 0.0 397.8916
248.1 1330.309 950.954 0.0 379.35468
249.3 1207.086 982.33 0.0 224.75525
250.49 1219.054 893.313 0.0 325.74103
251.69 1424.083 1049.106 0.0 374.97705
252.89 1348.767 916.154 0.0 432.6131
254.08 821.761 579.204 0.0 242.5567
255.28 1347.745 976.919 0.0 370.82635
256.47 872.191 577.666 0.0 294.52533
257.67 1502.974 1159.099 0.0 343.87524
258.86 1629.111 1172.898 0.0 456.21301
260.06 1259.047 917.809 0.0 341.23816
261.26 1843.474 1459.546 0.0 383.92871
262.45 1278.506 939.063 0.0 339.44287
263.65 865.274 565.158 0.0 300.11591
264.84 1436.449 1081.531 0.0 354.91736
266.04 1098.267 804.154 0.0 294.1131
267.23 802.78 487.661 0.0 315.11874
268.42 1002.044 706.584 0.0 295.45996
269.62 1280.146 882.641 0.0 397.50543
270.81 1274.318 959.736 0.0 314.58221
272.01 1255.493 923.056 0.0 332.43726
273.2 1562.051 1164.034 0.0 398.01636
274.4 978.124 664.852 0.0 313.27228
275.59 1436.181 1028.883 0.0 407.29797
276.78 1252.786 892.718 0.0 360.06812
277.98 1137.933 772.746 0.0 365.18695
279.17 1216.255 903.201 0.0 313.05389
280.37 1154.961 837.985 0.0 316.97656
281.56 871.739 528.915 0.0 342.82349
282.75 932.309 617.508 0.0 314.80127
283.95 1118.824 801.186 0.0 317.63861
285.14 1240.837 863.193 0.0 377.64435
286.33 984.971 700.267 0.0 284.70404
287.52 1304.576 948.548 0.0 356.02771
288.72 1532.898 1136.95 0.0 395.94812
289.91 1837.162 1410.373 0.0 426.78931
291.1 1350.936 1007.024 0.0 343.91162
292.29 1271.614 997.623 0.0 273.99121
293.49 1354.92 1044.239 0.0 310.68127
294.68 1085.111 729.845 0.0 355.26666
295.87 1109.076 803.102 0.0 305.97418
297.06 1344.175 940.38 0.0 403.7951
298.26 691.812 420.179 0.0 271.63297
299.45 1161.127 789.13 0.0 371.99695
300.64 1182.041 822.859 0.0 359.18176
301.83 1167.942 857.028 0.0 310.91443
303.02 1002.086 630.384 0.0 371.70172
304.21 1450.841 1123.525 0.0 327.31543
305.4 1225.035 875.356 0.0 349.67896
306.59 1306.691 920.166 0.0 386.52539
307.79 1095.487 803.053 0.0 292.43439
308.98 881.595 579.113 0.0 302.48273
310.17 1317.926 966.081 0.0 351.84473
311.36 1206.761 857.597 0.0 349.1637
312.55 1905.369 1560.657 0.0 344.71204
313.74 892.637 584.359 0.0 308.27795
314.93 1475.404 1009.007 0.0 466.3974
316.12 1080.012 787.067 0.0 292.94568
317.31 702.073 406.823 0.0 295.24954
318.5 835.137 574.859 0.0 260.27795
319.69 1169.528 830.799 0.0 338.72961
320.88 1080.799 736.225 0.0 344.57373
322.07 903.977 607.271 0.0 296.70685
323.26 948.509 607.342 0.0 341.16754
324.45 713.739 447.415 0.0 266.32349
325.64 1167.439 766.749 0.0 400.68988
326.83 1340.936 996.024 0.0 344.91162
328.01 1147.277 738.436 0.0 408.84058
329.2 1408.487 976.053 0.0 432.43439
330.39 1085.175 727.38 0.0 357.7951
331.58 951.226 542.908 0.0 408.31781
332.77 1769.038 1253.081 0.0 515.95715
333.96 829.067 448.82 0.0 380.2467
335.15 941.828 524.964 0.0 416.86328
336.33 943.726 590.908 0.0 352.81781
337.52 1111.739 719.415 0.0 392.32343
338.71 1089.302 710.45 0.0 378.85187
339.9 1100.366 614.932 0.0 485.4339
341.08 1145.35 688.2 0.0 457.15002
342.27 1330.847 879.475 0.0 451.37189
343.46 1556.806 1063.729 0.0 493.07654
344.65 1433.306 897.229 0.0 536.07654
345.83 1566.357 983.257 0.0 583.09937
347.02 845.369 470.264 0.0 375.10501
348.21 1579.044 1021.584 0.0 557.4599
349.4 885.872 462.989 0.0 422.88321
350.58 1194.57 718.045 0.0 476.5249
351.77 1060.156 575.369 0.0 484.7865
352.96 665.051 324.088 0.0 340.9628
354.14 1100.258 619.926 0.0 480.33203
355.33 932.627 536.13 0.0 396.49695
356.51 759.665 387.098 0.0 372.56754
357.7 1162.509 679.734 0.0 482.7746
358.89 830.888 511.721 0.0 319.16705
360.07 1431.178 915.105 0.0 516.07324
361.26 1512.206 1061.79 0.0 450.41638
362.44 1158.152 733.483 0.0 424.66882
363.63 877.219 481.743 0.0 395.47549
364.81 956.665 531.437 0.0 425.22815
366.0 678.811 276.518 0.0 402.29355
367.18 1952.987 1403.392 0.0 549.59497
368.37 839.315 529.85 0.0 309.46466
369.55 1158.203 737.065 0.0 421.13806
370.74 1405.216 911.572 0.0 493.64386
371.92 1564.783 1158.332 0.0 406.45044
373.11 929.824 476.078 0.0 453.7457
374.29 732.77 421.772 0.0 310.99826
375.48 895.617 531.741 0.0 363.87646
376.66 723.64 441.53 0.0 282.10968
377.84 1455.315 953.85 0.0 501.46466
379.03 819.178 405.051 0.0 414.12674
380.21 684.515 332.184 0.0 352.33099
381.39 569.566 266.212 0.0 303.35373
382.58 1292.671 816.548 0.0 476.12384
383.76 1577.098 1148.784 0.0 428.31445
384.94 1713.382 1254.164 0.0 459.21777
386.13 881.85 426.593 0.0 455.25702
387.31 1104.296 618.339 0.0 485.95605
388.49 825.022 474.688 0.0 350.33386
389.68 1122.499 637.952 0.0 484.54706
390.86 1079.025 567.466 0.0 511.55847
392.04 1442.958 982.706 0.0 460.25189
393.22 904.525 445.466 0.0 459.0585
394.41 876.547 473.202 0.0 403.34521
395.59 525.519 193.463 0.0 332.05566
396.77 977.426 552.689 0.0 424.73767
397.95 1049.722 637.576 0.0 412.14667
399.13 1285.907 792.678 0.0 493.22906
400.31 950.203 447.511 0.0 502.69165
401.5 1184.732 626.304 0.0 558.42761
402.68 1287.566 734.712 0.0 552.85382
403.86 898.487 434.445 0.0 464.04144
405.04 1445.56 807.263 0.0 638.29742
406.22 896.194 367.783 0.0 528.41064
407.4 1312.512 697.013 0.0 615.49927
408.58 1449.225 814.301 0.0 634.9248
409.76 1547.143 947.755 0.0 599.38788
410.94 1233.025 624.466 0.0 608.55847
412.12 1099.808 502.9 0.0 596.90826
413.3 932.254 359.093 0.0 573.16089
414.48 874.786 371.111 0.0 503.67511
415.66 975.586 445.277 0.0 530.30875
416.84 1850.767 1233.1 0.0 617.6665
418.02 1169.866 623.378 0.0 546.48737
419.2 988.242 419.586 0.0 568.65518
420.38 1220.031 583.97 0.0 636.06134
421.56 989.528 427.245 0.0 562.28317
422.74 1705.213 1081.794 0.0 623.41919
423.92 1458.576 865.995 0.0 592.5813
425.1 997.286 464.111 0.0 533.17511
426.28 986.98 405.995 0.0 580.98505
427.46 1959.474 1356.492 0.0 602.98218
428.63 1177.238 571.861 0.0 605.37701
429.81 1169.423 687.964 0.0 481.45941
430.99 1368.598 754.784 0.0 613.81445
432.17 1770.213 1145.347 0.0 624.8656
433.35 1454.656 827.316 0.0 627.34009
434.52 720.614 155.069 0.0 565.54477
435.7 988.777 376.383 0.0 612.39404
436.88 1476.773 840.104 0.0 636.66937
438.06 1200.544 552.531 0.0 648.01349
439.23 1081.792 399.115 0.0 682.67795
440.41 1278.716 594.126 0.0 684.59027
441.59 1462.006 828.456 0.0 633.55005
442.77 1075.812 276.679 0.0 799.13297
443.94 1639.869 760.657 0.0 879.21204
445.12 1655.688 769.833 0.0 885.85431
446.3 1917.799 1093.118 0.0 824.68079
447.47 1495.484 666.72 0.0 828.76331
448.65 1579.85 720.646 0.0 859.20355
449.82 1241.85 500.146 0.0 741.70358
451.0 1362.471 609.213 0.0 753.25757
452.18 1241.168 476.823 0.0 764.34573
453.35 1300.375 530.16 0.0 770.21484
454.53 1323.245 558.865 0.0 764.37982
455.7 1150.015 334.238 0.0 815.7774
456.88 1854.372 945.935 0.0 908.43671
458.05 1429.56 591.763 0.0 837.79742
459.23 1108.098 315.784 0.0 792.31445
460.4 1464.875 580.16 0.0 884.71484
461.58 1555.366 719.432 0.0 835.9339
462.75 1136.188 315.333 0.0 820.85431
463.93 1468.439 628.696 0.0 839.74329
465.1 1336.703 525.065 0.0 811.63806
466.28 1031.172 218.101 0.0 813.0704
467.45 915.875 146.66 0.0 769.21492
468.63 1338.535 523.249 0.0 815.28601
469.8 1817.605 870.287 0.0 947.31726
470.97 1229.554 405.259 0.0 824.29459
472.15 1483.305 595.675 0.0 887.63013
473.32 1588.672 704.601 0.0 884.07043
474.49 1740.487 859.499 0.0 880.98785
475.67 1484.121 507.573 0.0 976.54761
476.84 1208.133 327.08 0.0 881.05334
478.01 1638.713 636.347 0.0 1002.3656
479.19 1456.901 548.728 0.0 908.17267
480.36 1272.525 309.02 0.0 963.50491
481.53 1559.802 596.897 0.0 962.90546
482.7 1430.723 497.129 0.0 933.59311
483.88 1202.984 275.774 0.0 927.20972
485.05 1308.872 361.935 0.0 946.93674
486.22 1451.719 478.405 0.0 973.31497
487.39 1241.563 333.595 0.0 907.96851
488.56 1474.764 485.876 0.0 988.8884
489.74 1903.85 897.2 0.0 1006.65002
490.91 1181.261 242.651 0.0 938.61014
492.08 1373.264 375.876 0.0 997.3884
493.25 1356.875 278.714 0.0 1078.16141
494.42 1436.99 476.778 0.0 960.21255
495.59 1394.458 417.26 0.0 977.19833
496.76 1488.047 465.756 0.0 1022.29163
497.93 1604.949 610.478 0.0 994.47083
499.1 1576.946 572.753 0.0 1004.19269
500.27 2057.016 1040.792 0.0 1016.224
501.44 2236.051 1228.534 0.0 1007.51636
502.61 1351.735 423.137 0.0 928.59885
503.78 1532.264 629.929 0.0 902.33484
504.95 2226.442 1123.474 0.0 1102.96814
506.12 1680.29 696.943 0.0 983.34625
507.29 1310.324 335.186 0.0 975.13861
508.46 1005.286 32.165 0.0 973.12155
509.63 2356.286 1258.165 0.0 1098.1217
510.8 2258.191 1179.612 0.0 1078.57886
511.97 1557.582 558.552 0.0 999.03058
513.14 1263.942 258.528 0.0 1005.41443
514.31 1815.433 785.746 0.0 1029.68695
515.48 1521.411 495.01 0.0 1026.40021
516.65 1456.646 525.087 0.0 931.55902
517.81 1366.041 355.806 0.0 1010.23535
518.98 1677.006 695.01 0.0 981.99646
520.15 1117.627 161.13 0.0 956.49696
521.32 1682.678 703.605 0.0 979.07324
522.49 2564.898 1502.503 0.0 1062.39465
523.65 2225.137 1158.859 0.0 1066.27808
524.82 1679.621 638.073 0.0 1041.54761
525.99 1041.923 78.517 0.0 963.40596
527.16 1781.344 631.25 0.0 1150.09363
528.32 1805.318 730.182 0.0 1075.1358
529.49 1516.203 411.619 0.0 1104.58463
530.66 1065.054 114.367 0.0 950.68743
531.82 1247.91 180.957 0.0 1066.95377
532.99 1399.984 320.274 0.0 1079.70972
534.16 1608.952 444.256 0.0 1164.6955
535.32 2046.213 794.401 0.0 1251.81213
536.49 1299.726 294.408 0.0 1005.31778
537.65 2165.595 1011.059 0.0 1154.53632
538.82 1374.56 321.816 0.0 1052.74384
539.99 1720.388 642.721 0.0 1077.66705
541.15 1942.789 818.39 0.0 1124.39978
542.32 1243.353 147.979 0.0 1095.37469
543.48 1940.672 811.155 0.0 1129.51685
544.65 2082.907 992.785 0.0 1090.12207
545.81 2816.516 1483.292 0.0 1333.224
546.98 1709.083 503.106 0.0 1205.97711
548.14 2146.516 783.792 0.0 1362.72394
549.31 1641.662 402.873 0.0 1238.78934
550.47 1702.79 469.443 0.0 1233.34622
551.63 2344.541 914.806 0.0 1429.73523
552.8 1811.64 454.584 0.0 1357.05618
553.96 1713.124 459.852 0.0 1253.27228
555.13 1686.802 391.45 0.0 1295.35187
556.29 2417.544 934.084 0.0 1483.46002
557.45 1555.917 274.46 0.0 1281.4566
558.62 2001.334 523.468 0.0 1477.86609
559.78 2169.083 771.606 0.0 1397.47699
560.94 1788.36 371.982 0.0 1416.3775
562.11 1723.551 391.088 0.0 1332.46286
563.27 1370.847 157.975 0.0 1212.87187
564.43 1336.207 32.397 0.0 1303.8092
565.59 1531.503 205.838 0.0 1325.66475
566.76 1776.621 351.073 0.0 1425.54761
567.92 1958.022 571.349 0.0 1386.67322
569.08 2247.468 715.042 0.0 1532.42596
570.24 1848.531 352.024 0.0 1496.50787
571.4 1605.149 226.366 0.0 1378.78369
572.57 1784.009 367.342 0.0 1416.66757
573.73 1341.436 55.524 0.0 1285.91161
574.89 1853.248 452.697 0.0 1400.55093
576.05 2089.273 476.158 0.0 1613.11578
577.21 1611.375 157.714 0.0 1453.66141
578.37 1364.309 18.954 0.0 1345.3547
579.53 1660.653 193.644 0.0 1467.00838
580.69 2201.955 597.535 0.0 1604.42004
581.85 1872.745 351.919 0.0 1520.82635
583.01 1940.175 401.88 0.0 1538.2951
584.17 2062.086 484.83 0.0 1577.25522
585.33 2256.423 572.517 0.0 1683.90594
586.49 1858.965 377.763 0.0 1481.20114
587.65 2110.49 573.278 0.0 1537.21265
588.81 2177.93 566.521 0.0 1611.40881
589.97 2587.771 929.433 0.0 1658.33777
591.13 1906.525 421.02 0.0 1485.50491
592.29 1894.525 336.574 0.0 1557.95148
593.45 1677.063 213.595 0.0 1463.46851
594.61 1680.582 134.052 0.0 1546.53055
595.77 1673.821 196.961 0.0 1476.86046
596.93 1577.152 91.091 0.0 1486.06182
598.09 1947.446 382.753 0.0 1564.69269
599.24 1657.012 138.067 0.0 1518.94569
600.4 1906.965 291.763 0.0 1615.20114
601.56 1783.194 233.39 0.0 1549.80356
602.72 2002.602 368.616 0.0 1633.98557
603.87 1977.411 473.064 0.0 1504.34674
605.03 1740.602 232.116 0.0 1508.48557
606.19 1689.917 148.514 0.0 1541.40314
607.35 1499.525 -3.926 0.0 1503.45146
608.5 2177.815 594.457 0.0 1583.35754
609.66 2495.665 989.651 0.0 1506.01392
610.82 1607.028 146.299 0.0 1460.7296
611.97 1538.044 125.084 0.0 1412.95993
613.13 2110.85 573.754 0.0 1537.09644
614.29 2026.379 496.993 0.0 1529.38611
615.44 2163.461 717.539 0.0 1445.92291
616.6 1599.646 180.141 0.0 1419.50543
617.76 2054.391 663.0 0.0 1391.3916
618.91 2123.458 726.314 0.0 1397.1449
620.07 2113.981 641.049 0.0 1472.93158
621.22 1344.512 17.567 0.0 1326.9457
622.38 2553.044 1061.084 0.0 1491.96008
623.53 1371.149 78.366 0.0 1292.78368
624.69 1479.14 112.137 0.0 1367.00261
625.84 1537.468 217.542 0.0 1319.92583
627.0 1890.423 488.964 0.0 1401.45941
628.15 1280.576 -0.398 0.0 1280.97415
629.31 1704.305 318.175 0.0 1386.13013
630.46 1273.834 -23.532 0.0 1297.3661
631.61 1676.634 374.134 0.0 1302.49979
632.77 1617.331 228.189 0.0 1389.14142
633.92 1814.175 495.38 0.0 1318.7951
635.08 2348.627 949.577 0.0 1399.05042
636.23 1617.86 308.482 0.0 1309.3775
637.38 1165.872 -74.511 0.0 1240.38315
638.54 1950.458 654.76 0.0 1295.6983
639.69 2285.49 936.831 0.0 1348.659
640.84 1744.215 490.402 0.0 1253.81311
641.99 1382.727 97.409 0.0 1285.31842
643.15 2150.739 816.916 0.0 1333.82373
644.3 1404.251 95.422 0.0 1308.82915
645.45 1131.263 -58.071 0.0 1189.33457
646.6 2107.775 811.436 0.0 1296.33984
647.75 1425.787 161.942 0.0 1263.84529
648.91 1065.3 -136.551 0.0 1201.85072
650.06 1422.312 225.455 0.0 1196.85603
651.21 1682.324 417.462 0.0 1264.86145
652.36 1724.836 450.969 0.0 1273.86676
653.51 1276.348 101.475 0.0 1174.87218
654.66 1534.36 273.982 0.0 1260.37747
655.81 1872.372 651.989 0.0 1220.38293
656.96 1262.884 69.495 0.0 1193.38821
658.11 1606.896 365.002 0.0 1241.89365
659.27 1675.408 531.009 0.0 1144.39905
660.42 1299.92 29.015 0.0 1270.90436
661.57 1651.932 421.022 0.0 1230.90979
662.72 1037.444 -139.971 0.0 1177.41508
663.87 1076.456 -99.965 0.0 1176.42052
665.01 1554.968 316.042 0.0 1238.92581
666.16 1239.48 41.049 0.0 1198.43124
667.31 1277.992 95.555 0.0 1182.43655
668.46 1982.004 760.562 0.0 1221.44196
669.61 1365.016 206.069 0.0 1158.9474
670.76 1212.528 4.575 0.0 1207.9527
671.91 2031.04 769.582 0.0 1261.45813
673.06 1758.552 519.589 0.0 1238.96344
674.21 1069.064 -161.405 0.0 1230.46886
675.35 1552.576 284.102 0.0 1268.47415
676.5 1456.588 167.609 0.0 1288.97958
677.65 1209.6 72.615 0.0 1136.98489
678.8 1097.112 -110.878 0.0 1207.99031
679.94 1286.124 40.629 0.0 1245.49561
681.09 1608.636 370.135 0.0 1238.50104
682.24 1776.648 363.142 0.0 1413.50647
683.39 1206.66 -1.851 0.0 1208.51177
684.53 1898.172 558.155 0.0 1340.01721
685.68 1595.184 214.662 0.0 1380.52249
686.83 1701.197 301.169 0.0 1400.02792
687.97 1562.208 298.175 0.0 1264.03323
689.12 1461.721 178.182 0.0 1283.53865
690.27 1381.233 68.189 0.0 1313.04395
691.41 1832.245 468.195 0.0 1364.04938
692.56 1706.757 358.702 0.0 1348.05481
693.7 1663.269 378.709 0.0 1284.56009
694.85 1269.781 48.215 0.0 1221.56553
695.99 1666.793 398.222 0.0 1268.57083
697.14 1613.305 184.229 0.0 1429.07625
698.28 1696.817 342.735 0.0 1354.08154
699.43 1706.829 391.242 0.0 1315.58698
700.57 1178.841 -74.251 0.0 1253.09229
701.72 1267.353 -50.745 0.0 1318.09771
702.86 1123.865 -107.738 0.0 1231.60313
704.01 1310.877 50.269 0.0 1260.60844
705.15 1750.889 433.275 0.0 1317.61386
706.29 1463.401 126.782 0.0 1336.61916
707.44 1450.913 171.288 0.0 1279.62459
708.58 1198.925 -124.205 0.0 1323.1299
709.72 1967.937 629.302 0.0 1338.63531
710.87 1085.949 -137.192 0.0 1223.14063
712.01 1295.961 0.315 0.0 1295.64605
713.15 1572.473 217.322 0.0 1355.15135
714.3 1654.985 348.828 0.0 1306.15677
715.44 1314.497 92.335 0.0 1222.1622
716.58 1582.509 277.342 0.0 1305.16751
717.72 1286.521 52.848 0.0 1233.67293
718.87 1454.533 240.855 0.0 1213.67824
720.01 1456.045 117.362 0.0 1338.68365
721.15 1228.557 -54.132 0.0 1282.68896
722.29 1672.569 345.875 0.0 1326.6944
723.43 1801.581 498.882 0.0 1302.69968
724.57 1695.594 450.388 0.0 1245.20511
725.72 1466.106 244.895 0.0 1221.21054
726.86 2037.118 678.902 0.0 1358.21582
728.0 1425.63 164.408 0.0 1261.22127
729.14 1316.642 -2.085 0.0 1318.72657
730.28 1841.154 481.422 0.0 1359.73199
731.42 1219.166 10.928 0.0 1208.2373
732.56 2030.678 722.435 0.0 1308.24274
733.7 1687.69 386.942 0.0 1300.74802
734.84 1045.202 -127.052 0.0 1172.25345
735.98 1430.714 148.955 0.0 1281.75876
737.12 1229.726 -3.038 0.0 1232.76418
738.26 1261.238 17.468 0.0 1243.7696
739.4 1542.75 228.475 0.0 1314.2749
740.53 1717.262 407.482 0.0 1309.78033
741.67 1548.774 273.488 0.0 1275.28564
742.81 1010.286 -222.505 0.0 1232.79106
743.95 1548.798 241.002 0.0 1307.79636
745.09 1166.31 19.508 0.0 1146.80179
746.23 1652.822 399.515 0.0 1253.3071
747.36 1756.834 453.522 0.0 1303.3125
748.5 1199.346 60.028 0.0 1139.31794
749.64 1211.858 25.035 0.0 1186.82324
750.78 1241.37 -5.458 0.0 1246.82867
751.92 1274.382 74.548 0.0 1199.83397
753.05 1332.894 155.555 0.0 1177.3394
754.19 1766.406 635.562 0.0 1130.84473
755.33 1016.918 -151.932 0.0 1168.85013
756.46 1396.43 245.075 0.0 1151.35542
757.6 1192.942 82.082 0.0 1110.86086
758.74 1787.454 562.088 0.0 1225.36627
759.87 1506.966 244.595 0.0 1262.37158
761.01 1258.979 271.102 0.0 987.87701
762.14 1360.99 234.608 0.0 1126.38231
763.28 1654.003 408.115 0.0 1245.88773
764.41 1355.015 249.121 0.0 1105.89304
765.55 920.527 -123.872 0.0 1044.39846
766.69 1344.539 289.635 0.0 1054.90378
767.82 1419.551 266.641 0.0 1152.90918
768.95 1014.563 26.148 0.0 988.41455
770.09 1847.575 737.655 0.0 1109.91992
771.22 1819.587 661.661 0.0 1157.92535
772.36 1597.099 504.168 0.0 1092.93063
773.49 1636.111 489.175 0.0 1146.93607
774.63 1242.123 196.181 0.0 1045.94138
775.76 1206.635 154.688 0.0 1051.94679
776.89 1461.147 428.195 0.0 1032.95209
778.03 1332.159 360.201 0.0 971.95752
779.16 989.171 8.708 0.0 980.46289
780.29 1378.683 308.215 0.0 1070.46826
781.43 1697.695 606.221 0.0 1091.47369
782.56 1358.707 315.228 0.0 1043.47897
783.69 1005.719 11.735 0.0 993.98435
784.82 1156.731 233.241 0.0 923.48972
785.96 1139.243 116.748 0.0 1022.49513
787.09 1168.755 204.255 0.0 964.50044
788.22 1250.267 394.261 0.0 856.00586
789.35 983.279 157.768 0.0 825.51123
790.48 1043.791 142.275 0.0 901.51659
791.62 1450.803 580.281 0.0 870.52191
792.75 889.815 5.288 0.0 884.52732
793.88 1590.327 737.795 0.0 852.53271
795.01 1263.339 353.801 0.0 909.53806
796.14 1289.351 404.808 0.0 884.54346
797.27 1420.863 493.815 0.0 927.04877
798.4 1118.875 283.321 0.0 835.5542
799.53 814.888 -4.672 0.0 819.55956
800.66 1128.9 316.335 0.0 812.56494
801.79 2270.412 1276.841 0.0 993.57031
802.92 983.424 199.848 0.0 783.57565
804.05 1213.936 381.855 0.0 832.08109
805.18 1047.948 290.861 0.0 757.0864
806.31 996.96 215.868 0.0 781.09175
807.44 777.972 -64.625 0.0 842.59711
808.57 1213.484 400.381 0.0 813.10254
809.69 1131.496 400.888 0.0 730.60785
810.82 610.008 -163.605 0.0 773.61327
811.95 1817.52 988.401 0.0 829.11859
813.08 893.032 103.908 0.0 789.12399
814.21 1865.544 1064.915 0.0 800.62939
815.33 982.556 282.921 0.0 699.63474
816.46 1125.068 308.928 0.0 816.14014
817.59 1619.08 847.435 0.0 771.64545
818.72 1228.092 504.441 0.0 723.65088
819.84 1706.104 896.448 0.0 809.65619
820.97 1232.116 446.454 0.0 785.66159
822.1 1419.128 593.961 0.0 825.16693
823.22 646.14 -30.532 0.0 676.67233
824.35 745.152 92.474 0.0 652.6777
825.48 1240.664 574.481 0.0 666.18304
826.6 983.176 310.488 0.0 672.68842
827.73 507.188 -144.506 0.0 651.69382
828.85 925.7 268.501 0.0 657.19916
829.98 1266.212 610.008 0.0 656.20453
831.11 671.224 70.014 0.0 601.20994
832.23 655.736 81.521 0.0 574.2153
833.36 1239.248 524.528 0.0 714.72064
834.48 948.26 259.034 0.0 689.22604
835.6 1069.772 482.041 0.0 587.73138
836.73 569.784 -7.952 0.0 577.73676
837.85 1170.297 535.054 0.0 635.24213
838.98 472.309 -104.439 0.0 576.74752
840.1 1066.821 458.568 0.0 608.25284
841.23 954.833 371.074 0.0 583.75821
842.35 1371.345 720.581 0.0 650.76355
843.47 795.357 248.588 0.0 546.769
844.6 622.869 26.594 0.0 596.27437
845.72 695.881 155.101 0.0 540.77974
846.84 724.893 134.608 0.0 590.2851
847.96 683.905 139.114 0.0 544.79047
849.09 586.917 58.121 0.0 528.79583
850.21 771.429 232.628 0.0 538.80119
851.33 914.941 385.134 0.0 529.80655
852.45 525.953 25.141 0.0 500.81198
853.57 820.965 232.148 0.0 588.81734
854.7 629.977 67.654 0.0 562.32271
855.82 578.989 -0.339 0.0 579.32807
856.94 1052.001 485.168 0.0 566.83337
858.06 341.013 -64.326 0.0 405.3388
859.18 924.025 425.181 0.0 498.84415
860.3 780.037 244.688 0.0 535.34952
861.42 373.549 -89.306 0.0 462.85492
862.54 434.061 -65.799 0.0 499.86028
863.66 566.573 50.708 0.0 515.86568
864.78 657.085 186.714 0.0 470.37105
865.9 838.597 244.221 0.0 594.3764
867.02 1921.109 1277.228 0.0 643.88171
868.14 1381.621 879.234 0.0 502.38715
869.26 1056.133 575.741 0.0 480.39258
870.38 360.645 -90.252 0.0 450.89787
871.5 378.657 -94.746 0.0 473.40323
872.62 433.169 69.761 0.0 363.40862
873.74 1171.182 699.268 0.0 471.914
874.85 422.688 40.271 0.0 382.41667
875.97 805.188 286.271 0.0 518.91666
877.09 921.188 373.271 0.0 547.91666
878.21 692.688 220.771 0.0 471.91667
879.33 731.188 334.771 0.0 396.41666
880.44 667.188 254.771 0.0 412.41667
881.56 627.188 111.271 0.0 515.91666
882.68 739.188 256.271 0.0 482.91666
883.79 1401.188 826.771 0.0 574.41669
884.91 336.188 -58.229 0.0 394.41667
886.03 870.688 456.271 0.0 414.41666
887.14 1182.188 659.271 0.0 522.91669
888.26 1260.688 777.271 0.0 483.41669
889.38 1007.688 636.271 0.0 371.41669
890.49 312.688 -89.729 0.0 402.41666
891.61 769.688 307.771 0.0 461.91666
892.72 453.688 -13.229 0.0 466.91667
893.84 315.688 -99.229 0.0 414.91666
894.95 357.688 -87.229 0.0 444.91666
896.07 568.188 152.271 0.0 415.91667
897.18 839.188 384.271 0.0 454.91666
898.3 338.688 -41.229 0.0 379.91667
899.41 1067.188 577.271 0.0 489.91669
900.53 796.188 335.771 0.0 460.41666
901.64 964.188 462.271 0.0 501.91666
902.75 688.188 262.771 0.0 425.41666
903.87 522.188 116.771 0.0 405.41666
904.98 846.188 403.771 0.0 442.41666
906.09 640.688 235.771 0.0 404.91667
907.21 768.188 438.771 0.0 329.41666
908.32 592.188 198.271 0.0 393.91667
909.43 1091.188 650.771 0.0 440.41669
910.54 724.688 280.271 0.0 444.41666
911.66 1579.188 1160.771 0.0 418.41663
912.77 479.688 85.771 0.0 393.91666
913.88 748.188 300.271 0.0 447.91666
914.99 407.688 69.271 0.0 338.41666
916.1 629.188 349.771 0.0 279.41666
917.22 402.188 58.771 0.0 343.41667
918.33 1054.188 688.771 0.0 365.41669
919.44 583.188 270.271 0.0 312.91666
920.55 1104.688 660.771 0.0 443.91669
921.66 829.688 428.771 0.0 400.91666
922.77 872.188 488.271 0.0 383.91666
923.88 1057.188 623.271 0.0 433.91669
924.99 787.188 373.771 0.0 413.41666
926.1 285.688 -11.229 0.0 296.91667
927.21 1031.188 652.771 0.0 378.41669
928.32 270.188 -84.729 0.0 354.91666
929.43 594.188 251.771 0.0 342.41667
930.54 524.688 111.271 0.0 413.41666
931.65 568.188 266.271 0.0 301.91666
932.76 732.188 381.771 0.0 350.41666
933.86 701.688 302.271 0.0 399.41666
934.97 442.688 113.771 0.0 328.91666
936.08 469.188 164.771 0.0 304.41667
937.19 1060.688 708.271 0.0 352.41669
938.3 789.688 472.271 0.0 317.41666
939.4 985.688 674.771 0.0 310.91669
940.51 500.688 305.271 0.0 195.41666
941.62 766.188 503.771 0.0 262.41666
942.73 1454.688 1102.771 0.0 351.91663
943.83 558.188 302.771 0.0 255.41666
944.94 626.688 338.271 0.0 288.41666
946.05 144.688 -35.729 0.0 180.41667
947.15 175.188 -25.729 0.0 200.91667
948.26 427.688 228.771 0.0 198.91667
949.36 331.688 98.271 0.0 233.41666
950.47 658.688 326.771 0.0 331.91666
951.57 1122.188 844.771 0.0 277.41669
952.68 841.188 568.771 0.0 272.41669
953.79 779.688 439.271 0.0 340.41666
954.89 360.688 121.771 0.0 238.91666
955.99 710.188 391.271 0.0 318.91666
957.1 442.188 230.271 0.0 211.91667
958.2 641.188 271.271 0.0 369.91666
959.31 717.688 455.771 0.0 261.91666
960.41 393.188 130.271 0.0 262.91667
961.52 277.188 10.271 0.0 266.91667
962.62 758.188 493.771 0.0 264.41666
963.72 186.688 -50.729 0.0 237.41667
964.83 120.188 -70.729 0.0 190.91666
965.93 622.688 341.771 0.0 280.91666
967.03 979.188 714.271 0.0 264.91669
968.13 739.688 466.771 0.0 272.91666
969.24 415.688 175.771 0.0 239.91667
970.34 445.188 206.771 0.0 238.41667
971.44 507.188 265.771 0.0 241.41666
972.54 683.188 346.771 0.0 336.41666
973.64 375.188 142.271 0.0 232.91667
974.75 1351.688 1069.771 0.0 281.91663
975.85 3806.688 3162.271 0.0 644.41675
976.95 372.688 189.771 0.0 182.91667
978.05 828.188 525.771 0.0 302.41669
979.15 1267.688 896.271 0.0 371.41669
980.25 331.188 99.771 0.0 231.41666
981.35 425.688 179.271 0.0 246.41667
982.45 1197.688 891.771 0.0 305.91669
983.55 775.688 462.771 0.0 312.91666
984.65 613.188 418.271 0.0 194.91666
985.75 896.188 675.271 0.0 220.91669
986.85 694.688 372.271 0.0 322.41666
987.95 423.688 185.271 0.0 238.41667
989.05 1031.188 783.271 0.0 247.91669
990.15 793.688 628.271 0.0 165.41669
991.25 561.688 443.271 0.0 118.41666
992.34 1119.688 835.771 0.0 283.91669
993.44 647.188 478.271 0.0 168.91666
994.54 650.188 386.771 0.0 263.41666
995.64 1017.688 731.271 0.0 286.41669
996.74 1114.688 789.271 0.0 325.41669
997.83 266.188 73.771 0.0 192.41666
998.93 489.688 315.271 0.0 174.41666
1000.03 1537.688 1230.771 0.0 306.91663
1001.12 1073.688 704.771 0.0 368.91669
1002.22 1086.688 729.271 0.0 357.41669
1003.32 431.188 272.271 0.0 158.91666
1004.41 685.688 467.271 0.0 218.41666
1005.51 592.688 402.771 0.0 189.91666
1006.6 371.188 188.771 0.0 182.41667
1007.7 866.688 624.271 0.0 242.41669
1008.8 150.688 103.271 0.0 47.41666
1009.89 751.688 577.771 0.0 173.91669
1010.99 628.188 384.771 0.0 243.41666
1012.08 218.688 47.271 0.0 171.41667
1013.18 615.188 394.271 0.0 220.91666
1014.27 440.188 202.271 0.0 237.91667
1015.36 548.188 334.271 0.0 213.91666
1016.46 600.688 402.771 0.0 197.91666
1017.55 356.688 148.271 0.0 208.41667
1018.65 680.688 496.771 0.0 183.91666
1019.74 841.188 586.771 0.0 254.41669
1020.83 715.688 505.271 0.0 210.41666
1021.93 562.188 280.271 0.0 281.91666
1023.02 252.188 38.271 0.0 213.91667
1024.11 285.188 63.771 0.0 221.41667
1025.2 202.688 88.271 0.0 114.41666
1026.3 675.188 454.271 0.0 220.91666
1027.39 850.688 597.771 0.0 252.91669
1028.48 684.188 486.771 0.0 197.41666
1029.57 539.188 312.771 0.0 226.41666
1030.66 650.188 451.771 0.0 198.41666
1031.75 1798.188 1483.271 0.0 314.91663
1032.84 819.188 652.771 0.0 166.41669
1033.94 327.688 161.271 0.0 166.41667
1035.03 923.688 773.771 0.0 149.91669
1036.12 251.188 90.271 0.0 160.91666
1037.21 248.688 66.771 0.0 181.91666
1038.3 714.188 522.771 0.0 191.41669
1039.39 258.688 153.271 0.0 105.41667
1040.48 661.688 455.771 0.0 205.91666
1041.57 759.688 616.271 0.0 143.41669
1042.66 584.688 441.771 0.0 142.91666
1043.74 686.688 508.271 0.0 178.41666
1044.83 708.188 543.271 0.0 164.91669
1045.92 194.688 45.771 0.0 148.91667
1047.01 803.188 617.771 0.0 185.41669
1048.1 212.688 96.771 0.0 115.91666
1049.19 658.688 502.271 0.0 156.41666
1050.27 509.188 342.271 0.0 166.91666
1051.36 493.688 305.271 0.0 188.41666
1052.45 672.688 469.771 0.0 202.91666
1053.54 548.188 466.771 0.0 81.41666
1054.62 675.688 525.271 0.0 150.41669
1055.71 706.188 467.771 0.0 238.41666
1056.8 848.188 688.271 0.0 159.91669
1057.88 486.688 328.771 0.0 157.91666
1058.97 628.688 458.771 0.0 169.91666
1060.06 1094.188 834.771 0.0 259.41669
1061.14 566.188 367.771 0.0 198.41666
1062.23 1901.688 1608.271 0.0 293.41663
1063.31 756.688 547.271 0.0 209.41669
1064.4 473.188 279.271 0.0 193.91666
1065.48 673.688 526.771 0.0 146.91669
1066.57 557.188 362.771 0.0 194.41666
1067.65 610.188 543.771 0.0 66.41669
1068.74 478.688 357.271 0.0 121.41666
1069.82 748.188 544.271 0.0 203.91669
1070.9 2546.688 2151.771 0.0 394.91675
1071.99 769.688 561.771 0.0 207.91669
1073.07 689.188 491.771 0.0 197.41666
1074.15 768.188 576.771 0.0 191.41669
1075.24 631.188 526.771 0.0 104.41669
1076.32 758.188 625.771 0.0 132.41669
1077.4 1233.188 963.771 0.0 269.41669
1078.49 349.188 218.271 0.0 130.91667
1079.57 811.688 655.271 0.0 156.41669
1080.65 1126.188 866.771 0.0 259.41669
1081.73 583.188 382.771 0.0 200.41666
1082.81 409.688 238.271 0.0 171.41667
1083.89 662.188 548.771 0.0 113.41669
1084.98 793.688 533.271 0.0 260.41669
1086.06 350.188 267.771 0.0 82.41666
1087.14 422.688 283.771 0.0 138.91666
1088.22 683.188 524.771 0.0 158.41669
1089.3 362.188 261.771 0.0 100.41666
1090.38 1306.688 1101.771 0.0 204.91663
1091.46 803.188 598.771 0.0 204.41669
1092.54 550.188 405.771 0.0 144.41666
1093.62 557.188 412.771 0.0 144.41666
1094.7 357.688 186.271 0.0 171.41667
1095.78 643.188 490.771 0.0 152.41666
1096.86 669.188 545.771 0.0 123.41669
1097.93 1433.688 1146.271 0.0 287.41663
1099.01 1012.688 802.271 0.0 210.41669
1100.09 511.188 334.271 0.0 176.91666
