196.55 744.727 637.312 809.19 62.49454
197.76 958.936 939.8 1092.907 12.49814
198.96 911.878 856.3 965.027 51.1173
200.16 612.223 561.303 735.803 29.18027
201.36 1097.329 1037.285 1194.787 38.12279
202.56 730.47 695.791 952.606 13.50346
203.76 618.35 612.799 782.088 3.27857
204.96 753.729 695.308 792.07 60.37657
206.16 550.507 490.81 587.32 61.85553
207.36 863.981 819.305 904.76 52.27987
208.56 794.531 680.301 752.872 157.40487
209.76 537.567 497.306 560.579 63.63066
210.96 629.117 620.302 695.691 11.69319
212.16 1372.36 1311.814 1432.742 50.06844
213.36 798.404 733.805 871.587 46.88515
214.56 669.313 636.813 706.009 46.96733
215.76 1210.85 1209.3 1195.088 0.0
216.96 1021.639 972.798 1085.364 43.38944
218.16 792.448 694.796 728.933 286.0589
219.35 585.43 483.31 604.647 84.16233
220.55 683.488 634.81 720.026 57.12213
221.75 658.628 581.816 654.845 105.18043
222.95 990.363 923.809 1059.121 49.18557
224.15 810.446 746.315 819.061 88.15863
225.35 641.293 541.313 705.716 60.81429
226.55 608.411 558.809 606.854 103.24049
227.75 936.863 842.309 985.621 65.97769
228.94 809.067 687.306 826.079 87.74127
230.14 686.818 694.304 765.768 -10.47465
231.34 598.089 537.802 619.751 73.56595
232.54 537.146 577.802 576.631 0.0
233.74 637.659 576.298 625.657 124.3148
234.93 596.736 566.813 639.337 41.26027
236.13 715.713 621.303 775.156 61.36367
237.33 704.224 649.817 785.81 40.00688
238.53 624.545 583.311 672.406 46.28113
239.72 916.993 873.301 998.286 34.95802
240.92 443.49 429.306 569.406 10.12471
242.12 858.844 720.309 914.328 71.40277
243.31 578.366 461.804 654.001 60.64704
244.51 525.012 478.801 563.579 54.50851
245.71 870.335 823.809 962.682 33.50238
246.9 1069.512 1016.801 1154.079 38.39741
248.1 725.888 627.8 740.674 86.90044
249.3 680.553 643.297 746.545 36.08451
250.49 697.005 612.296 654.312 201.61232
251.69 725.299 666.304 790.475 47.51119
252.89 670.075 627.792 684.718 74.27782
254.08 445.567 415.806 457.079 72.10789
255.28 673.292 603.799 697.208 74.39646
256.47 456.462 424.305 460.967 87.712
257.67 773.638 714.316 859.991 40.7217
258.86 805.593 748.311 843.638 60.08937
260.06 642.996 557.796 706.166 57.42407
261.26 992.637 951.802 1008.984 71.41131
262.45 701.684 598.303 754.217 66.30683
263.65 454.585 357.292 482.364 77.78922
264.84 764.098 692.302 818.398 56.93792
266.04 558.575 487.792 555.218 104.97964
267.23 399.594 360.292 447.511 45.06155
268.42 493.742 436.803 538.596 55.93568
269.62 687.395 609.305 684.941 103.24437
270.81 604.653 585.307 675.397 21.47379
272.01 673.665 634.302 694.924 64.93227
273.2 763.25 731.789 843.235 28.22976
274.4 476.611 429.797 489.924 77.85769
275.59 754.197 677.298 795.743 64.92351
276.78 649.605 552.307 669.165 83.26202
277.98 598.324 548.295 612.028 78.4979
279.17 612.557 539.306 678.932 52.46242
280.37 650.116 532.288 594.184 190.36622
281.56 419.283 412.299 463.062 13.75787
282.75 480.389 398.314 508.181 74.70386
283.95 568.161 536.293 631.537 33.45973
285.14 598.18 530.293 648.83 57.27112
286.33 461.881 436.295 524.407 29.03815
287.52 655.288 583.29 671.321 81.78724
288.72 756.521 681.787 795.718 65.59542
289.91 954.668 885.298 1018.303 52.15585
291.1 688.579 571.302 725.105 76.25173
292.29 612.347 610.304 688.208 2.62211
293.49 688.305 601.794 740.235 62.48923
294.68 501.092 465.297 469.631 825.90712
295.87 558.79 525.304 591.829 50.3357
297.06 689.187 643.798 687.097 104.82843
298.26 365.142 299.293 328.244 227.45374
299.45 533.866 543.304 556.001 -74.33662
300.64 563.988 483.31 601.526 68.24555
301.83 633.089 587.802 627.251 114.79712
303.02 523.554 450.311 539.552 82.07351
304.21 731.437 658.314 817.414 45.96018
305.4 600.478 540.81 611.88 83.95665
306.59 637.962 567.805 697.467 54.10745
307.79 542.656 526.802 586.277 26.65555
308.98 401.318 417.804 482.268 -25.57329
310.17 628.311 614.752 795.359 7.50724
311.36 552.065 525.778 613.564 29.94389
312.55 983.227 886.78 998.055 86.67455
313.74 418.13 364.797 502.717 38.66912
314.93 723.031 618.301 749.372 79.90343
316.12 570.694 490.803 583.363 86.31228
317.31 331.534 306.797 340.752 72.85363
318.5 443.63 348.297 402.717 175.17956
319.69 593.467 462.296 638.226 74.55879
320.88 530.624 493.807 571.458 47.41394
322.07 461.891 425.795 524.054 36.73532
323.26 435.44 402.81 509.294 30.64307
324.45 317.283 303.799 387.062 16.19436
325.64 544.333 482.795 606.674 49.67622
326.83 668.579 558.302 697.605 79.16373
328.01 480.84 486.299 512.941 -20.49146
329.2 676.156 615.802 713.277 61.91686
330.39 486.687 433.798 539.097 50.22784
331.58 438.264 341.799 399.269 167.85223
332.77 858.232 762.303 855.45 102.9874
333.96 317.025 246.296 348.105 69.47154
335.15 407.417 361.8 466.114 43.73022
336.33 425.764 355.799 459.769 67.29329
337.52 571.783 455.799 537.562 141.85365
338.71 511.378 413.8 513.527 97.84514
339.9 503.473 422.787 459.985 216.90529
341.08 501.7 430.293 477.623 150.87063
342.27 629.945 568.8 623.553 111.67445
343.46 717.134 666.807 760.104 53.94234
344.65 651.634 581.807 629.104 147.63331
345.83 646.21 631.308 689.777 25.48807
347.02 360.729 301.808 385.07 70.76648
348.21 731.742 643.303 766.596 71.73047
349.4 371.484 298.301 403.139 69.80521
350.58 565.279 454.789 550.675 115.23069
351.77 385.159 387.798 441.157 -4.94614
352.96 284.251 236.303 325.243 53.91094
354.14 448.311 412.299 515.002 35.06473
355.33 395.366 369.804 409.501 64.39232
356.51 273.422 265.291 296.873 25.74692
357.7 469.437 427.282 567.779 30.00473
358.89 415.257 339.294 441.502 74.32187
360.07 638.441 589.291 686.166 50.73586
361.26 682.733 618.77 693.315 85.80468
362.44 515.901 448.263 473.565 267.31728
363.63 384.751 364.256 375.6 180.66595
364.81 457.419 396.749 460.351 95.39009
366.0 263.639 201.751 300.721 62.53172
367.18 934.152 894.26 1026.255 30.22247
368.37 319.395 297.772 447.306 14.46054
369.55 490.979 478.777 584.245 11.56868
370.74 610.998 556.277 659.038 53.25018
371.92 737.347 718.271 792.073 25.84775
373.11 365.659 353.765 420.522 17.81704
374.29 327.827 313.257 348.773 41.02459
375.48 402.599 436.769 497.263 -56.48545
376.66 326.883 291.776 354.279 56.16762
377.84 663.895 592.272 697.806 67.8677
379.03 316.94 300.777 358.659 27.92473
380.21 249.446 226.268 329.918 22.36192
381.39 200.022 164.768 283.091 29.79494
382.58 549.931 491.777 643.512 38.32585
383.76 768.071 678.783 822.831 61.98528
384.94 738.746 730.28 866.348 6.22215
386.13 365.197 290.765 405.608 64.8121
387.31 401.367 379.272 503.866 17.73353
388.49 376.455 332.768 378.065 96.44726
389.68 496.173 448.774 505.556 83.47519
390.86 434.211 386.775 514.642 37.09794
392.04 622.861 571.281 741.607 30.2832
393.22 380.211 310.775 434.642 56.05695
394.41 342.994 325.768 385.151 29.0077
395.59 185.701 165.775 284.995 16.71401
396.77 368.813 334.78 436.874 33.33486
397.95 440.507 322.278 455.185 88.95668
399.13 528.784 503.78 570.434 37.5135
400.31 394.977 349.763 373.238 192.61146
401.5 501.271 357.271 519.401 88.81778
402.68 505.522 430.768 587.591 47.66801
403.86 333.653 304.774 387.262 35.01006
405.04 605.514 504.782 676.951 58.50738
406.22 290.214 236.27 337.521 53.27682
407.4 514.193 454.289 550.856 62.03356
408.58 615.761 535.771 657.254 65.84502
409.76 647.637 581.269 697.349 57.17426
410.94 398.711 418.275 467.642 -39.62988
412.12 343.887 297.786 446.167 31.06941
413.3 327.055 282.278 426.917 30.95768
414.48 226.603 235.278 365.65 -6.65458
415.66 354.052 256.783 401.038 67.42893
416.84 785.074 711.278 876.21 44.74319
418.02 417.972 370.273 513.478 33.30821
419.2 321.536 270.778 355.624 59.82349
420.38 444.72 361.775 517.788 53.16564
421.56 346.466 344.282 456.219 1.95131
422.74 708.742 626.77 736.961 74.39097
423.92 557.787 478.276 614.814 58.23396
425.1 386.103 356.778 512.65 18.81315
426.28 304.645 299.788 388.623 5.46716
427.46 863.135 769.788 947.477 52.53422
428.63 402.282 345.785 503.055 35.92353
429.81 392.059 367.787 545.804 13.63437
430.99 486.071 430.283 636.831 27.00995
432.17 701.743 655.284 839.968 25.15591
433.35 549.157 457.284 653.65 46.78699
434.52 147.346 119.79 295.701 15.66458
435.7 340.839 249.785 447.434 46.06848
436.88 575.584 480.778 626.357 65.12317
438.06 411.241 370.789 500.589 31.16456
439.23 364.112 262.779 419.797 64.53645
440.41 421.499 404.792 596.545 8.71285
441.59 555.682 501.775 676.702 30.81711
442.77 236.142 214.793 444.744 9.28429
443.94 607.727 516.78 655.555 65.53572
445.12 544.205 466.784 668.882 38.30867
446.3 712.622 645.279 838.443 34.86319
447.47 489.399 431.781 623.193 30.1016
448.65 551.698 508.779 723.115 20.02418
449.82 369.698 318.279 518.615 25.6664
451.0 393.88 320.281 557.4 31.0389
452.18 346.176 267.784 492.443 34.8941
453.35 437.737 329.28 589.202 41.72675
454.53 462.791 345.785 588.701 48.16735
455.7 275.447 218.782 493.926 20.5948
456.88 617.982 569.287 852.632 17.18599
458.05 487.514 385.282 647.951 38.92032
459.23 242.571 219.283 524.331 7.63436
460.4 449.237 328.28 623.202 41.01321
461.58 444.473 458.287 692.485 -5.89829
462.75 225.205 185.284 505.882 12.45205
463.93 429.832 405.781 707.167 7.98033
465.1 377.479 307.777 631.745 21.51487
466.28 233.432 146.791 453.02 28.29288
467.45 144.737 95.78 461.202 13.39737
468.63 388.476 296.782 672.365 24.41369
469.8 614.581 480.783 868.977 34.46675
470.97 310.504 235.782 557.805 23.20401
472.15 455.133 382.293 777.597 18.42627
473.32 480.432 471.791 886.52 2.08351
474.49 628.655 534.788 943.27 22.97931
475.67 371.855 291.79 797.347 15.83701
476.84 242.374 204.29 642.14 8.69797
478.01 446.243 407.784 929.968 7.36502
479.19 373.276 344.794 818.795 6.00882
480.36 249.212 228.289 703.149 4.40615
481.53 455.877 339.786 888.02 21.17554
482.7 358.508 276.792 858.692 14.04307
483.88 233.4 217.295 769.2 2.91808
485.05 335.482 266.287 796.132 13.05961
486.22 395.754 328.799 898.122 11.76053
487.39 208.77 226.803 829.536 -2.99188
488.56 427.82 361.785 933.641 11.54745
489.74 612.7 484.293 1179.123 18.48023
490.91 219.066 172.292 811.071 7.32233
492.08 311.82 286.285 938.141 3.91724
493.25 220.238 194.794 893.709 3.6405
494.42 317.91 309.795 971.847 1.22566
495.59 341.362 288.795 941.114 8.0585
496.76 330.495 292.782 992.658 5.38847
497.93 449.097 386.288 1169.891 8.01547
499.1 439.343 417.795 1133.321 3.01152
500.27 694.948 613.796 1399.933 10.32292
501.44 775.75 701.289 1434.735 10.1522
502.61 379.027 297.292 1051.485 10.83749
503.78 441.821 379.799 1220.148 7.38048
504.95 805.588 737.788 1565.244 8.19378
506.12 498.859 404.8 1185.234 12.05221
507.29 277.661 242.793 1043.037 4.3572
508.46 139.604 62.793 892.157 9.26147
509.63 840.604 694.793 1570.657 16.64771
510.8 765.461 716.291 1598.459 5.57369
511.97 460.298 370.79 1235.468 10.35163
513.14 251.589 192.302 1134.251 6.29407
514.31 551.824 498.295 1374.528 6.10902
515.48 427.541 323.301 1331.019 10.34413
516.65 362.394 231.291 1273.933 12.57411
517.81 313.486 242.296 1223.519 7.25526
518.98 504.183 426.289 1435.709 7.71676
520.15 235.866 166.304 1220.001 6.60168
521.32 504.441 395.291 1484.666 10.01954
522.49 1014.522 830.801 1961.226 16.25236
523.65 749.63 640.297 1854.717 9.00285
524.82 464.855 363.79 1484.847 9.01516
525.99 113.06 77.801 1198.812 3.14525
527.16 516.191 393.807 1632.984 9.87621
528.32 531.152 402.293 1629.89 10.49683
529.49 344.48 302.791 1494.752 3.49745
530.66 137.007 97.31 1346.32 3.17822
531.82 307.54 173.287 1461.511 10.42152
532.99 359.9 235.795 1633.7 8.87793
534.16 407.853 255.795 1684.968 10.63956
535.32 638.245 524.799 1974.976 7.82291
536.49 298.764 160.299 1621.769 9.47436
537.65 724.817 586.79 2169.761 8.7195
538.82 295.515 139.296 1837.959 9.19657
539.99 513.257 390.794 2025.002 7.49372
541.15 590.358 434.286 2110.227 9.31253
542.32 231.955 96.801 1843.2 7.73903
543.48 576.933 475.805 2300.027 5.54362
544.65 753.787 600.808 2482.449 8.13006
545.81 1078.448 823.796 2941.933 12.02247
546.98 481.799 293.804 2494.975 8.5407
548.14 607.448 476.296 2658.433 6.01027
549.31 367.168 234.798 2508.803 5.82102
550.47 424.359 225.3 2617.234 8.32212
551.63 768.986 607.796 3027.019 6.66289
552.8 396.384 271.29 2755.787 5.03497
553.96 419.611 250.297 2767.424 6.72645
555.13 424.378 241.8 2935.527 6.77792
556.29 746.742 594.303 3352.096 5.52756
557.45 315.549 153.787 3024.658 5.6346
558.62 461.926 299.8 3296.26 5.41058
559.78 599.799 428.304 3480.475 5.6188
560.94 405.464 228.301 3340.346 5.69284
562.11 378.751 219.303 3450.243 4.93504
563.27 233.445 51.8 3378.053 5.46095
564.43 200.235 18.298 3374.329 5.42118
565.59 289.93 148.31 3573.147 4.1351
566.76 354.855 198.29 3754.847 4.40215
567.92 422.959 314.31 3935.087 3.00071
569.08 588.627 419.802 4193.837 4.47333
570.24 337.721 217.289 4100.295 3.10153
571.4 272.649 121.798 4056.01 3.83434
572.57 407.94 226.81 4264.294 4.48621
573.73 183.079 37.302 4177.605 3.52094
574.89 396.048 213.806 4456.786 4.29513
576.05 547.085 286.292 4674.864 5.94254
577.21 353.738 117.294 4512.209 5.37994
578.37 212.888 23.3 4485.174 4.24907
579.53 352.904 130.805 4638.087 4.92757
580.69 624.108 338.802 4960.044 6.17379
581.85 505.792 275.799 4983.208 4.88577
583.01 518.687 225.298 4960.597 6.19579
584.17 563.053 250.797 5274.045 6.21623
585.33 604.06 346.802 5374.312 5.11702
586.49 508.872 167.295 5422.261 6.50007
587.65 672.91 298.295 5634.847 7.01979
588.81 668.07 315.302 5661.958 6.59792
589.97 878.831 521.799 5897.795 6.64121
591.13 555.212 219.789 5667.649 6.15697
592.29 584.713 243.303 5733.656 6.21836
593.45 490.77 104.803 5779.036 6.8021
594.61 411.298 108.29 5746.468 5.37422
595.77 494.907 92.8 5843.967 6.99175
596.93 417.903 66.291 5865.08 6.06355
598.09 640.843 217.795 6083.821 7.21184
599.24 460.194 114.803 6090.363 5.78006
600.4 558.872 160.795 6204.261 6.58689
601.56 512.716 113.298 6318.536 6.43678
602.72 641.828 231.804 6418.415 6.6276
603.87 679.042 270.315 6514.026 6.54621
605.03 519.828 101.304 6395.915 6.64892
606.19 477.551 37.301 6542.165 6.768
607.35 429.213 14.303 6367.656 6.53057
608.5 780.398 340.3 6723.82 6.89428
609.66 1002.923 510.805 7070.88 7.50172
610.82 553.467 113.796 6724.726 6.65067
611.97 541.742 82.803 6653.096 6.98505
613.13 810.701 342.307 7039.63 6.99374
614.29 695.993 237.301 6992.286 6.79043
615.44 826.617 341.302 7114.191 7.16556
616.6 547.395 63.305 6774.441 7.21324
617.76 786.512 329.801 7189.579 6.65781
618.91 868.363 361.809 7391.622 7.2058
620.07 826.146 341.302 7325.631 6.94188
621.22 457.694 0.303 7099.863 6.44253
622.38 1104.742 580.303 7720.596 7.34478
623.53 487.649 33.298 7125.51 6.40634
624.69 543.385 66.805 7172.794 6.70674
625.84 549.627 73.302 7277.837 6.61146
627.0 754.059 252.287 7412.804 7.00748
628.15 442.79 21.804 7452.329 5.66563
629.31 695.133 215.293 7546.097 6.54553
630.46 473.426 -33.2 7456.76 6.76407
631.61 751.376 221.304 7677.647 7.109
632.77 651.671 198.793 7733.183 6.01081
633.92 734.687 282.798 7941.597 5.90026
635.08 1026.865 503.29 8301.494 6.71404
636.23 676.964 159.301 7972.846 6.62521
637.38 514.984 -23.699 7813.639 6.87329
638.54 871.862 324.295 8313.614 6.85374
639.69 1028.911 502.309 8487.354 6.59485
640.84 833.748 225.299 8338.026 7.49993
641.99 630.766 43.799 8279.804 7.12684
643.15 975.284 457.299 8617.58 6.34764
644.3 611.802 57.299 8463.856 6.59608
645.45 518.82 -54.201 8340.134 6.82628
646.6 1034.838 498.299 8915.91 6.374
647.75 651.856 122.3 8731.188 6.15128
648.91 477.874 -43.2 8643.464 5.99856
650.06 673.392 95.3 8882.24 6.579
651.21 827.91 258.8 9085.518 6.44759
652.36 808.428 291.8 9210.794 5.79245
653.51 648.446 97.8 9010.07 6.17852
654.66 743.465 106.801 9258.848 6.95652
655.81 919.983 338.301 9616.624 6.26926
656.96 694.501 29.301 9397.901 7.10031
658.11 776.519 201.301 9693.678 6.05978
659.27 856.537 224.801 9801.954 6.59628
660.42 617.055 23.801 9721.731 6.11732
661.57 877.573 203.302 10014.508 6.87246
662.72 554.091 -70.698 9721.784 6.38029
663.87 619.609 -42.198 9928.062 6.63781
665.01 861.127 153.802 10224.838 7.02336
666.16 715.145 3.802 10214.115 6.9669
667.31 711.663 69.302 10528.392 6.14165
668.46 1074.681 364.803 11167.168 6.57151
669.61 774.199 85.803 10805.945 6.42152
670.76 706.217 -15.197 11199.722 6.43263
671.91 1098.735 383.803 11586.998 6.3815
673.06 996.253 292.803 11827.275 6.09868
674.21 543.271 -86.197 11452.552 5.45525
675.35 884.79 143.804 11977.829 6.26149
676.5 842.308 107.304 11903.105 6.23106
677.65 707.826 5.804 11984.382 5.86064
678.8 613.344 -81.696 12054.159 5.72716
679.94 766.862 20.804 12371.936 6.0404
681.09 846.88 183.304 12968.712 5.1901
682.24 966.398 202.305 13234.989 5.8629
683.39 732.416 5.305 13352.266 5.44777
684.53 1040.934 205.305 13957.043 6.07653
685.68 915.952 103.305 13729.819 5.96372
686.83 949.47 149.805 14338.096 5.63609
687.97 872.988 114.306 14105.373 5.42262
689.12 813.006 72.806 14535.149 5.11812
690.27 822.024 14.306 14401.426 5.61418
691.41 1035.542 252.306 14927.703 5.33707
692.56 1071.56 174.306 14832.979 6.12098
693.7 1135.078 173.806 15399.257 6.31359
694.85 863.596 -17.193 15092.033 5.82948
695.99 1050.115 194.307 15823.81 5.47559
697.14 1013.633 89.807 15674.587 5.92774
698.28 1096.651 205.807 16044.363 5.62453
699.43 1153.669 115.807 16045.14 6.51541
700.57 878.687 -75.193 15983.417 5.93999
701.72 1036.705 -61.692 16498.693 6.63268
702.86 916.223 -99.192 16103.971 6.26677
704.01 1038.241 -16.692 16799.748 6.27322
705.15 1237.259 196.308 17168.523 6.13327
706.29 1116.777 30.308 17380.301 6.26207
707.44 1189.795 66.808 17534.078 6.42909
708.58 1068.313 -71.691 17400.854 6.52455
709.72 1477.831 315.809 18098.131 6.53471
710.87 1020.349 -109.191 17654.908 6.35856
712.01 1071.867 -56.691 17912.184 6.28063
713.15 1202.885 79.809 18370.961 6.14
714.3 1312.903 208.309 18806.238 5.93934
715.44 1227.422 18.31 18631.514 6.49599
716.58 1293.44 111.81 19014.791 6.25102
717.72 1173.458 5.31 19133.568 6.10692
718.87 1397.976 68.31 19176.844 6.95849
720.01 1286.994 57.31 19360.621 6.37032
721.15 1116.512 -70.19 19113.398 6.18602
722.29 1431.53 172.811 19521.176 6.50556
723.43 1520.048 225.811 19856.451 6.59294
724.57 1420.566 187.311 19986.729 6.22874
725.72 1350.084 95.811 19880.506 6.33961
726.86 1585.102 355.311 20546.281 6.0908
728.0 1348.62 33.811 20311.059 6.48416
729.14 1230.638 -38.688 20669.836 6.12949
730.28 1555.656 244.812 20858.611 6.35906
731.42 1255.674 -48.688 20867.389 6.23617
732.56 1719.692 351.312 21565.666 6.45026
733.7 1519.21 203.812 21336.941 6.22434
734.84 1248.228 -91.688 21197.719 6.29382
735.98 1387.746 62.813 21752.996 6.10845
737.12 1258.765 -52.187 21573.771 6.06194
738.26 1330.283 22.813 21732.549 6.0225
739.4 1445.801 113.313 22133.326 6.05126
740.53 1547.819 146.813 22529.604 6.2593
741.67 1499.837 118.813 22277.379 6.23246
742.81 1294.855 -95.186 22174.156 6.24195
743.95 1540.873 158.814 22437.434 6.20352
745.09 1367.891 -2.686 22464.209 6.10043
746.23 1597.409 163.314 22992.486 6.28185
747.36 1572.927 212.314 23110.264 5.94207
748.5 1416.445 -6.686 22847.039 6.22713
749.64 1421.463 5.315 22528.816 6.28743
750.78 1361.981 -16.185 22733.094 6.05807
751.92 1544.499 17.315 23161.869 6.59846
753.05 1507.517 49.315 22690.646 6.44044
754.19 1767.035 323.315 23392.924 6.2581
755.33 1296.053 -118.685 22948.199 6.1332
756.46 1466.572 125.316 23062.477 5.84752
757.6 1386.59 8.816 23131.254 5.9586
758.74 1781.108 285.816 23208.031 6.52333
759.87 1513.126 83.816 23087.307 6.21345
761.01 1485.644 68.316 23176.584 6.13342
762.14 1526.162 68.817 23283.361 6.27772
763.28 1673.68 231.317 23437.637 6.21539
764.41 1522.698 96.317 22849.414 6.26895
765.55 1352.716 -118.183 22932.191 6.38124
766.69 1526.234 118.817 23382.467 6.04985
767.82 1558.752 118.317 23081.744 6.27273
768.95 1397.77 -1.182 22986.021 6.08579
770.09 1861.788 444.318 23153.297 6.24189
771.22 1826.306 352.318 23320.074 6.41764
772.36 1654.824 220.318 23147.852 6.2567
773.49 1690.342 302.818 23196.129 6.06083
774.63 1437.86 56.818 22989.904 6.02205
775.76 1473.878 36.319 22380.682 6.43366
776.89 1573.896 210.819 22652.959 6.07374
778.03 1499.915 138.819 22631.234 6.05135
779.16 1427.933 -42.681 22547.512 6.50996
780.29 1534.451 129.819 22589.289 6.25407
781.43 1738.969 297.819 22433.064 6.51065
782.56 1520.487 137.32 22054.842 6.31078
783.69 1332.005 -0.68 22051.619 6.04329
784.82 1392.523 60.32 22251.895 6.00319
785.96 1449.041 78.32 22133.672 6.21491
787.09 1435.059 99.82 21672.949 6.18936
788.22 1524.577 112.32 21983.225 6.45724
789.35 1353.095 -24.179 21838.002 6.2998
790.48 1393.613 49.821 21608.279 6.23325
791.62 1643.631 237.321 21518.557 6.60822
792.75 1292.149 -33.179 20930.332 6.32207
793.88 1625.167 345.821 21570.109 6.02775
795.01 1444.685 120.321 21295.387 6.25436
796.14 1531.703 221.822 21276.162 6.22143
797.27 1607.222 229.322 21164.939 6.58161
798.4 1408.74 100.322 20896.217 6.29171
799.53 1247.758 -69.678 20784.492 6.31737
800.66 1435.276 107.822 20992.77 6.35603
801.79 2114.794 716.822 21395.047 6.7606
802.92 1370.312 70.823 20581.822 6.33557
804.05 1502.33 174.823 20779.6 6.44272
805.18 1386.848 125.823 20385.377 6.22435
806.31 1333.366 67.823 20369.152 6.23379
807.44 1179.884 -58.177 20479.93 6.02812
808.57 1445.902 159.323 20511.207 6.32167
809.69 1505.92 180.324 20368.984 6.56605
810.82 1209.938 -126.176 20398.26 6.50987
811.95 1839.456 498.324 20386.037 6.74352
813.08 1337.474 34.824 19879.314 6.56429
814.21 1806.492 518.324 20196.59 6.54615
815.33 1393.01 118.824 19702.867 6.50625
816.46 1341.528 161.825 19430.145 6.1225
817.59 1679.547 417.825 19540.42 6.59807
818.72 1404.065 234.825 19530.197 6.05969
819.84 1708.583 436.825 19383.475 6.71231
820.97 1407.101 259.825 18739.75 6.20823
822.1 1590.619 310.325 18890.027 6.89082
823.22 1164.637 -29.174 18414.305 6.47281
824.35 1181.655 26.326 18436.082 6.27563
825.48 1374.673 251.326 18507.857 6.15312
826.6 1208.691 136.326 18357.135 5.88539
827.73 991.209 -83.674 17736.912 6.03169
828.85 1257.727 89.826 18003.688 6.51954
829.98 1459.745 303.827 18359.465 6.40198
831.11 1181.763 -22.173 17766.742 6.7679
832.23 1114.281 17.827 17927.018 6.1223
833.36 1358.799 261.327 18013.795 6.18208
834.48 1215.317 130.327 17510.072 6.24284
835.6 1309.835 192.827 17510.848 6.44997
836.73 972.353 -37.172 17347.625 5.80695
837.85 1282.371 218.328 17522.402 6.14909
838.98 929.39 -94.672 17294.678 5.88902
840.1 1219.408 194.328 17687.455 5.8599
841.23 1162.926 119.828 17257.732 6.08649
842.35 1465.944 350.329 17657.01 6.44615
843.47 1170.962 100.829 17090.785 6.29862
844.6 1085.98 -38.171 16920.063 6.62894
845.72 1086.498 4.829 16962.34 6.3787
846.84 1187.516 22.329 16891.115 6.90735
847.96 1141.034 16.829 16792.393 6.70144
849.09 1051.552 -3.67 16469.17 6.40583
850.21 1137.07 68.83 16711.945 6.41851
851.33 1189.088 196.33 16953.223 5.92448
852.45 1057.606 -56.17 16654.5 6.66506
853.57 1150.124 122.33 16730.775 6.18838
854.7 1088.142 -3.67 16505.553 6.61335
855.82 1037.66 18.331 16425.33 6.21277
856.94 1315.678 186.831 16592.105 6.881
858.06 982.197 -122.669 16323.383 6.71812
859.18 1265.715 170.331 16786.66 6.59221
860.3 1132.733 87.831 16382.437 6.41256
861.42 907.751 -103.669 16152.713 6.22168
862.54 921.269 -96.168 16499.49 6.13074
863.66 1037.787 -43.668 16369.267 6.58904
864.78 1151.305 71.332 16433.543 6.60041
865.9 1233.823 109.332 16517.32 6.85331
867.02 1789.841 676.832 17046.598 6.79917
868.14 1528.859 444.332 16680.873 6.67954
869.26 1248.377 226.833 16216.15 6.38892
870.38 902.895 -115.667 15969.428 6.33234
871.5 914.913 -77.667 15703.704 6.28957
872.62 960.431 -52.167 15886.98 6.3529
873.74 1385.449 306.333 16160.758 6.8064
874.85 882.958 -52.667 15654.896 5.95653
875.97 1089.458 119.333 15630.896 6.25421
877.09 1166.458 122.333 15581.396 6.75413
878.21 1064.458 63.333 15602.896 6.44243
879.33 1122.458 123.833 15565.396 6.46712
880.44 1057.458 66.333 15300.896 6.50577
881.56 1080.958 40.333 15506.396 6.72844
882.68 1071.458 92.833 15367.896 6.40668
883.79 1410.458 424.833 15543.396 6.5193
884.91 835.458 -134.167 15177.396 6.33263
886.03 1168.958 169.833 15488.396 6.52232
887.14 1266.958 290.333 15515.896 6.41438
888.26 1382.458 330.333 15726.896 6.83351
889.38 1286.958 273.833 15700.896 6.56719
890.49 896.958 -86.667 15604.896 6.2685
891.61 1137.458 97.333 15769.396 6.63681
892.72 1025.958 -71.167 16052.396 6.80448
893.84 964.958 -71.667 16223.896 6.36139
894.95 1007.458 -80.667 16639.896 6.50771
896.07 1080.458 20.833 16548.896 6.41107
897.18 1189.458 147.833 16775.896 6.26426
898.3 987.958 -53.167 16590.396 6.25542
899.41 1319.458 274.833 17242.396 6.1566
900.53 1214.458 120.333 16882.396 6.52739
901.64 1254.458 219.833 17027.396 6.15571
902.75 1180.958 53.833 16818.896 6.72306
903.87 1086.458 -10.667 16414.396 6.67958
904.98 1238.458 149.833 16538.396 6.64259
906.09 1176.958 22.833 16424.396 7.03668
907.21 1228.458 145.833 16502.396 6.6189
908.32 1094.458 28.333 16140.396 6.61694
909.43 1309.958 272.333 16198.896 6.51506
910.54 1103.958 127.833 16021.396 6.14164
911.66 1614.958 540.333 16217.396 6.85476
912.77 978.458 -1.667 15441.396 6.3467
913.88 1048.458 150.833 15513.396 5.84294
914.99 948.458 -48.167 15157.896 6.55413
916.1 1154.458 135.833 15271.396 6.73001
917.22 915.458 -30.167 14807.396 6.37318
918.33 1320.458 289.833 15369.896 6.83436
919.44 1071.458 76.833 14945.396 6.68945
920.55 1381.958 358.833 15102.396 6.93947
921.66 1162.958 200.333 14444.896 6.75784
922.77 1140.958 207.333 14446.396 6.55679
923.88 1252.458 300.833 14430.396 6.73499
924.99 1038.458 142.333 14020.396 6.45713
926.1 826.958 -86.167 13841.896 6.55601
927.21 1242.958 317.833 13998.396 6.76233
928.32 761.458 -121.167 13398.896 6.52826
929.43 1037.458 60.833 13208.896 7.4279
930.54 914.458 23.833 13190.396 6.76429
931.65 969.458 82.333 12995.896 6.86972
932.76 1029.458 184.333 12781.896 6.70864
933.86 986.458 93.333 12369.396 7.27534
934.97 820.958 22.833 11894.896 6.72272
936.08 806.958 4.833 11603.896 6.91543
937.19 1075.958 312.833 11024.396 7.12431
938.3 901.958 227.833 9905.896 6.9655
939.4 990.958 293.333 9500.396 7.57706
940.51 703.458 69.333 8660.896 7.38079
941.62 726.458 193.833 8013.896 6.81101
942.73 1101.458 508.833 8234.896 7.67047
943.83 670.458 125.833 7535.896 7.3498
944.94 656.958 151.833 7414.896 6.95471
946.05 442.958 -150.667 7261.896 8.00836
947.15 425.958 -68.667 7300.896 6.71173
948.26 619.958 64.833 7531.896 7.43432
949.36 502.958 -1.167 7536.396 6.68817
950.47 762.458 121.333 7957.396 8.18172
951.57 986.958 369.833 8358.896 7.72462
952.68 792.458 229.333 8398.396 6.89339
953.79 827.958 217.833 8727.896 7.16945
954.89 620.958 8.833 8520.896 7.19127
955.99 791.458 167.333 9045.896 7.02957
957.1 609.458 40.333 8953.896 6.38493
958.2 765.458 76.333 9356.896 7.42547
959.31 862.958 203.333 9547.896 7.05892
960.41 636.958 28.333 9452.896 6.45786
961.52 628.958 -30.667 9414.896 6.98344
962.62 891.458 175.833 9765.896 7.46215
963.72 539.458 -80.667 9427.396 6.5221
964.83 578.958 -124.667 9410.396 7.37934
965.93 854.958 112.833 9648.896 7.7823
967.03 1008.958 271.333 9840.396 7.70844
968.13 870.458 208.333 9783.896 6.91474
969.24 723.958 8.833 9677.896 7.39601
970.34 710.958 31.333 9675.896 7.04672
971.44 691.958 52.333 9737.896 6.6039
972.54 796.458 141.833 9735.896 6.82323
973.64 667.458 5.333 9461.396 7.00212
974.75 1259.958 435.833 10012.396 8.60565
975.85 2410.458 1647.833 11151.896 8.0242
976.95 685.958 7.333 9252.896 7.34001
978.05 833.958 203.333 9359.396 6.88751
979.15 1063.458 433.833 9610.896 6.86086
980.25 646.458 2.833 8996.396 7.15651
981.35 710.958 60.333 9060.896 7.22871
982.45 1017.958 410.333 9336.896 6.80693
983.55 827.958 186.833 9070.896 7.21657
984.65 797.958 138.833 8885.896 7.53539
985.75 867.958 309.833 8916.896 6.4845
986.85 823.958 180.333 8760.896 7.50097
987.95 664.958 14.833 8506.396 7.65613
989.05 922.458 361.833 8685.396 6.7354
990.15 875.958 271.833 8545.896 7.30143
991.25 726.958 124.833 8437.896 7.24312
992.34 931.958 347.833 8374.396 7.2774
993.44 738.458 140.833 8187.896 7.42662
994.54 686.458 111.833 7935.396 7.3448
995.64 914.958 309.833 7992.896 7.87609
996.74 1024.958 351.833 7862.896 8.96178
997.83 514.958 -49.167 7328.396 7.6465
998.93 613.458 76.333 7317.396 7.41776
1000.03 1165.458 590.833 7840.896 7.92579
1001.12 811.958 353.833 7495.396 6.41491
1002.22 880.458 315.333 7351.896 8.03126
1003.32 518.458 64.833 6905.896 6.63091
1004.41 663.958 125.333 6824.396 8.0403
1005.51 604.458 120.833 6636.396 7.42261
1006.6 491.958 6.333 6172.896 7.87513
1007.7 727.958 306.833 6435.396 6.87151
1008.8 347.458 -47.667 6021.896 6.50994
1009.89 634.458 235.333 6104.896 6.79991
1010.99 591.458 114.333 6068.896 8.01276
1012.08 365.458 -29.167 5836.396 6.72783
1013.18 581.958 126.833 6333.396 7.33296
1014.27 466.458 47.333 6567.896 6.42774
1015.36 565.458 64.833 6685.396 7.56167
1016.46 637.958 124.833 6803.896 7.68259
1017.55 414.958 -38.167 6532.896 6.89576
1018.65 598.958 151.833 6482.396 7.06296
1019.74 745.458 258.833 6437.396 7.87602
1020.83 567.958 177.833 6159.896 6.52158
1021.93 514.958 91.833 5880.896 7.30904
1023.02 360.958 -45.667 5504.396 7.32649
1024.11 326.958 -60.167 5364.896 7.13586
1025.2 352.458 -58.167 5193.896 7.81836
1026.3 572.458 189.833 5276.396 7.52227
1027.39 644.458 250.833 5281.896 7.82389
1028.48 534.458 163.333 5010.896 7.65591
1029.57 499.458 104.333 4769.396 8.46988
1030.66 520.958 198.333 4801.896 7.00816
1031.75 1132.458 757.333 5290.896 8.2744
1032.84 562.458 241.333 4657.396 7.27175
1033.94 333.958 -37.167 4252.896 8.65081
1035.03 585.958 296.333 4418.396 7.02621
1036.12 217.458 -58.667 4011.396 6.78429
1037.21 253.958 -21.667 3894.396 7.03832
1038.3 476.458 213.833 3975.896 6.98088
1039.39 211.458 16.833 3608.896 5.4182
1040.48 429.458 156.833 3740.396 7.60765
1041.57 500.958 235.333 3755.896 7.54496
1042.66 366.958 153.833 3560.896 6.25539
1043.74 452.958 184.833 3474.396 8.15078
1044.83 453.458 192.833 3317.896 8.33983
1045.92 190.458 -67.167 3029.396 8.31971
1047.01 447.958 249.333 3286.896 6.53896
1048.1 158.458 -79.167 2833.896 8.15722
1049.19 397.958 144.833 2989.896 8.89699
1050.27 334.958 105.333 2809.896 8.49028
1051.36 233.958 41.833 2691.896 7.24983
1052.45 397.458 197.333 2719.896 7.9334
1053.54 290.458 131.333 2600.896 6.44345
1054.62 391.958 203.333 2626.896 7.78297
1055.71 315.458 181.833 2650.896 5.41197
1056.8 486.458 261.833 2600.896 9.60321
1057.88 239.458 105.333 2311.896 6.07846
1058.97 321.958 165.833 2337.396 7.18952
1060.06 552.458 360.833 2489.896 9.00044
1061.14 235.458 99.333 2068.396 6.91319
1062.23 941.958 781.333 2730.396 8.24114
1063.31 341.458 185.333 2084.396 8.22116
1064.4 211.958 66.333 1901.896 7.93353
1065.48 304.958 148.333 1942.896 8.72775
1066.57 249.958 79.833 1808.896 9.83915
1067.65 324.958 210.833 1857.896 6.929
1068.74 227.958 58.333 1726.896 10.16594
1069.82 316.958 209.833 1716.396 7.11056
1070.9 1304.458 1117.333 2755.396 11.42356
1071.99 338.458 198.833 1714.896 9.20971
1073.07 299.958 154.833 1615.396 9.93624
1074.15 332.458 187.833 1621.896 10.08499
1075.24 312.958 193.833 1580.896 8.58829
1076.32 312.958 239.333 1584.896 5.47169
1077.4 549.958 478.833 1821.896 5.29573
1078.49 144.458 43.333 1345.896 7.76354
1079.57 331.458 275.333 1493.896 4.60584
1080.65 497.458 398.333 1624.896 8.08153
1081.73 220.958 114.833 1305.896 8.91011
1082.81 115.958 -13.167 1169.396 10.91908
1083.89 329.458 227.833 1351.896 9.04087
1084.98 345.458 212.833 1323.396 11.94215
1086.06 103.458 48.333 1083.896 5.32319
1087.14 140.458 25.333 1130.396 10.41796
1088.22 205.958 168.833 1226.396 3.51043
1089.3 95.458 -23.167 993.396 11.66923
1090.38 584.958 484.333 1528.396 9.63783
1091.46 320.458 224.333 1222.896 9.62634
1092.54 204.458 71.833 1040.896 13.68591
1093.62 220.458 116.833 1074.396 10.82175
1094.7 119.958 23.333 953.396 10.38909
1095.78 213.958 119.333 1022.896 10.47243
1096.86 243.458 153.833 1019.896 10.34856
1097.93 627.458 515.333 1384.396 12.90183
1099.01 402.958 321.833 1146.896 9.83259
1100.09 126.458 49.333 833.396 9.83659
