196.55 1371.445 2496.717 2886.567 -288.64222
197.76 1853.359 3800.704 4436.287 -306.38759
198.96 1705.244 3596.637 3977.441 -496.6848
200.16 1108.434 2217.541 2638.016 -263.77464
201.36 2055.641 4129.822 4611.604 -430.52294
202.56 1329.924 2681.073 3184.465 -268.40842
203.76 1136.187 2135.104 2536.268 -249.00439
204.96 1386.449 2509.135 3166.07 -170.89728
206.16 917.005 1681.46 2228.742 -139.68206
207.36 1596.951 3287.843 3808.572 -324.71665
208.56 1456.051 2790.816 3250.863 -290.13718
209.76 948.123 1640.444 2060.091 -164.9771
210.96 1235.723 2473.917 2848.882 -330.21676
212.16 2495.213 5252.875 5767.875 -535.46818
213.36 1558.298 3010.754 3486.111 -305.55057
214.56 1230.118 2391.318 2802.586 -282.34659
215.76 2335.687 4838.104 5375.768 -465.42384
216.96 1963.265 4114.857 4511.5 -542.45098
218.16 1386.882 2745.633 3194.347 -302.80987
219.35 1078.351 2041.87 2376.781 -287.69411
220.55 1310.966 2530.937 2941.626 -297.05454
221.75 1137.75 2156.188 2581.488 -239.4633
222.95 1975.217 3955.792 4442.877 -406.617
224.15 1444.886 3057.475 3442.893 -418.40012
225.35 1171.079 2274.796 2723.971 -245.72081
226.55 1107.313 2166.348 2552.666 -274.13553
227.75 1782.717 3635.292 4039.877 -457.89415
228.94 1504.124 3080.444 3441.591 -436.47678
230.14 1385.625 2645.653 3001.092 -354.49869
231.34 1167.666 2205.884 2526.209 -324.11404
232.54 1088.781 2053.451 2332.554 -345.63172
233.74 1098.304 2198.879 2504.115 -360.56601
234.93 1202.964 2144.229 2552.125 -230.76052
236.13 1386.915 2606.03 3054.958 -271.56105
237.33 1239.441 2551.8 2751.564 -656.9532
238.53 1104.081 2304.004 2734.972 -278.42509
239.72 1843.974 3724.772 4236.632 -367.44333
240.92 879.47 1571.854 1948.129 -184.01022
242.12 1559.679 3173.269 3673.762 -322.40016
243.31 1153.721 2086.709 2491.88 -230.26985
244.51 976.012 1743.794 2002.748 -296.49402
245.71 1673.66 3250.758 3703.204 -348.57111
246.9 2072.512 4376.794 4973.748 -386.00679
248.1 1294.763 2589.148 3066.998 -270.87693
249.3 1254.593 2533.756 2941.481 -313.73197
250.49 1208.497 2339.7 2750.193 -275.57203
251.69 1463.087 2706.63 3336.977 -197.27933
252.89 1330.635 2611.696 3014.599 -317.95734
254.08 856.623 1535.444 1814.591 -243.1772
255.28 1318.572 2489.536 2954.422 -251.88237
256.47 848.913 1633.821 2015.457 -205.66942
257.67 1488.269 2988.699 3400.546 -364.31766
258.86 1620.177 3304.061 3672.76 -456.70834
260.06 1264.478 2428.689 2933.635 -230.56134
261.26 1861.761 3935.44 4351.497 -498.4116
262.45 1266.857 2398.996 2822.785 -267.14656
263.65 863.654 1365.707 1799.157 -115.82718
264.84 1477.185 2898.395 3396.266 -285.45733
266.04 1110.135 1970.196 2451.099 -178.84274
267.23 842.173 1512.718 1745.214 -288.41109
268.42 987.972 1904.063 2275.131 -246.8797
269.62 1252.279 2459.242 2803.053 -351.05489
270.81 1267.296 2474.545 2968.109 -244.59817
272.01 1230.819 2432.973 2909.17 -252.44935
273.2 1557.484 3105.315 3586.14 -321.91152
274.4 984.708 1768.323 2216.327 -174.91279
275.59 1488.38 2897.424 3232.845 -420.08207
276.78 1278.7 2479.489 2941.821 -259.72437
277.98 1204.633 2193.487 2570.098 -262.56667
279.17 1232.604 2297.433 2707.033 -259.96783
280.37 1227.716 2245.158 2712.333 -217.78634
281.56 845.553 1526.525 1861.864 -203.0698
282.75 920.771 1731.408 2138.547 -199.10552
283.95 1148.307 2307.297 2542.118 -493.56221
285.14 1224.846 2366.319 2815.233 -254.27434
286.33 1038.748 1992.554 2221.944 -415.80268
287.52 1323.56 2536.36 3024.37 -248.51908
288.72 1522.024 3159.546 3695.256 -305.67275
289.91 1795.823 3798.391 4221.673 -473.10464
291.1 1362.146 2732.373 3183.151 -303.96877
292.29 1267.683 2588.186 2972.765 -343.36372
293.49 1401.595 2760.465 3181.482 -322.75849
294.68 978.17 1941.301 2177.212 -408.26113
295.87 1085.568 2132.119 2479.419 -301.3394
297.06 1352.861 2601.913 3054.288 -276.11001
298.26 677.769 1255.274 1427.003 -336.2898
299.45 1091.721 2023.709 2450.88 -218.17649
300.64 1084.966 2208.437 2584.126 -299.04264
301.83 1213.166 2369.384 2748.709 -304.80941
303.02 1042.1 1826.516 2165.53 -231.38107
304.21 1445.867 2868.464 3270.835 -353.55309
305.4 1215.947 2276.426 2646.569 -286.50529
306.59 1284.413 2563.821 2900.957 -379.49346
307.79 1068.8 2192.962 2560.612 -305.7698
308.98 929.625 1664.653 2044.092 -193.71411
310.17 1467.591 2640.698 3111.893 -248.96361
311.36 1144.108 2176.925 2700.993 -197.07698
312.55 1946.934 3882.115 4453.472 -338.69935
313.74 849.746 1523.346 1940.942 -161.30403
314.93 1444.051 2807.316 3359.863 -246.7242
316.12 1187.376 2160.007 2656.843 -195.76507
317.31 648.555 1166.234 1479.866 -165.05944
318.5 913.746 1553.346 1911.942 -178.36203
319.69 1186.921 2309.155 2706.462 -282.46026
320.88 1057.738 1925.511 2534.436 -142.50902
322.07 930.267 1737.566 2085.001 -232.35918
323.26 970.871 1705.381 2074.838 -198.80807
324.45 680.553 1142.525 1465.864 -142.87553
325.64 1100.152 2124.998 2568.655 -230.99962
326.83 1353.146 2560.373 3100.151 -223.6521
328.01 1026.668 1950.092 2391.71 -209.10045
329.2 1338.8 2597.462 3199.112 -209.20179
330.39 1020.861 1859.413 2350.788 -170.65426
331.58 941.014 1561.003 2048.749 -127.11286
332.77 1708.453 3265.552 3842.073 -270.08512
333.96 732.035 1141.723 1498.308 -114.89166
335.15 865.321 1434.182 1861.671 -133.07028
336.33 907.514 1532.503 2022.249 -127.6147
337.52 1044.553 1892.025 2372.364 -176.43211
338.71 1062.744 1937.637 2292.941 -246.23822
339.9 956.928 1745.49 2297.468 -142.86096
341.08 1142.884 1919.841 2312.848 -197.69555
342.27 1376.878 2526.216 3119.844 -193.61216
343.46 1514.758 2680.022 3237.994 -208.83952
344.65 1297.258 2637.522 3133.994 -269.95811
345.83 1530.911 2724.112 3359.955 -187.65668
347.02 776.949 1284.135 1654.07 -137.101
348.21 1485.972 2798.063 3437.631 -205.15271
349.4 917.455 1372.76 2004.075 -72.12027
350.58 1181.541 1941.848 2655.813 -106.49094
351.77 1021.804 1479.379 2169.615 -66.29269
352.96 779.991 917.574 1612.688 -19.79286
354.14 1069.11 1794.559 2536.037 -97.83813
355.33 962.221 1388.209 2177.38 -53.97909
356.51 812.829 1053.516 1710.177 -36.65332
357.7 1177.855 1917.862 2633.74 -103.37046
358.89 967.499 1294.409 2244.694 -34.40119
360.07 1518.867 2468.539 3274.792 -117.78826
361.26 1703.942 2822.45 3719.978 -124.62093
362.44 1218.275 1883.975 2685.964 -83.0061
363.63 1011.973 1437.713 2258.544 -51.86695
364.81 1120.806 1481.238 2377.53 -40.21366
366.0 792.747 869.496 1706.356 -9.17108
367.18 2117.277 4002.684 4925.465 -204.31771
368.37 970.267 1289.141 2138.458 -37.54462
369.55 1276.936 1992.324 2972.974 -72.95043
370.74 1531.974 2569.347 3556.089 -105.13101
371.92 1755.672 2932.584 3829.17 -131.2661
373.11 1026.792 1572.778 2366.02 -68.82954
374.29 922.626 1228.803 2118.506 -34.41337
375.48 1145.674 1604.793 2543.671 -48.90085
376.66 951.744 1304.212 2230.397 -38.05585
377.84 1627.267 2698.641 3682.458 -108.8996
379.03 973.359 1197.779 2106.243 -24.70324
380.21 878.867 908.614 1826.249 -3.24167
381.39 802.52 768.203 1653.21 3.87759
382.58 1489.84 2249.768 3191.686 -80.67881
383.76 1812.124 2792.519 3928.047 -86.33826
384.94 1933.472 3275.138 4444.088 -114.77528
386.13 1070.869 1312.822 2390.25 -22.45657
387.31 1297.71 1667.607 2813.285 -32.28629
388.49 1101.886 1310.625 2427.807 -18.6844
389.68 1435.323 1823.466 3113.629 -30.08475
390.86 1410.4 1738.51 3032.36 -25.35926
392.04 1789.202 2622.772 4102.779 -56.32205
393.22 1208.4 1267.51 2711.36 -4.09397
394.41 1160.963 1355.17 2657.537 -14.91185
395.59 906.38 602.499 2046.302 21.04728
396.77 1420.106 1571.216 3240.991 -9.04972
397.95 1462.994 1634.858 3244.647 -10.6762
399.13 1732.549 2148.683 3967.318 -22.88165
400.31 1443.428 1344.565 3154.925 5.461
401.5 1621.518 1827.995 3855.209 -10.18523
402.68 1801.02 2013.203 4170.71 -9.83465
403.86 1460.285 1103.943 3188.014 17.09834
405.04 1964.509 2394.952 4569.202 -19.79732
406.22 1455.904 1116.928 3278.363 15.68291
407.4 1875.869 1933.748 4309.794 -2.43592
408.58 2051.499 2269.484 4582.651 -9.42363
409.76 2183.75 2452.338 4997.402 -10.55328
410.94 1813.4 1770.51 4115.36 1.82908
412.12 1661.756 1289.889 3749.949 15.11617
413.3 1576.589 1039.914 3670.435 20.40187
414.48 1472.685 947.47 3378.723 21.60265
415.66 1655.085 1217.497 3723.432 17.4621
416.84 2511.628 3106.936 5778.05 -22.2869
418.02 1784.921 1772.23 4367.919 0.48891
419.2 1635.551 1166.391 3607.32 19.22053
420.38 1784.919 1557.522 4244.417 8.46319
421.56 1801.913 1362.396 4031.913 16.46429
422.74 2394.461 2946.461 5620.036 -20.64653
423.92 2109.053 2131.6 4890.321 -0.8173
425.1 1774.685 1499.97 4065.723 10.707
426.28 1674.773 1165.192 3856.506 18.9343
427.46 2657.754 3589.68 6422.448 -32.89808
428.63 1919.045 1619.266 4308.315 11.14816
429.81 1986.101 1713.591 4375.987 10.23552
430.99 2015.124 2003.519 4743.547 0.42352
432.17 2501.469 2927.721 5826.585 -14.70411
433.35 2087.296 2125.12 4965.066 -1.33185
434.52 1342.675 427.927 3245.716 32.46335
435.7 1751.16 1092.833 3793.161 24.37952
436.88 2173.147 1984.948 4888.608 6.48145
438.06 1841.965 1466.304 4456.582 12.56274
439.23 1846.704 1177.981 4051.781 23.26965
440.41 2093.982 1601.606 4678.638 16.00165
441.59 2314.842 2193.977 5398.187 3.77208
442.77 1833.769 963.274 3957.003 29.07728
443.94 2375.434 2184.115 5537.972 5.70444
445.12 2404.392 2037.676 5450.854 10.74412
446.3 2721.723 2830.492 6339.838 -3.0994
447.47 2347.279 1996.817 5529.01 9.92193
448.65 2495.377 1981.582 5756.299 13.61148
449.82 2223.877 1192.582 4896.299 27.84486
451.0 2380.74 1628.795 5361.895 20.14266
452.18 2239.334 1347.642 5281.681 22.66607
453.35 2451.953 1508.127 5548.03 23.3626
454.53 2408.064 1500.777 5517.873 22.58565
455.7 2278.875 938.373 5313.298 30.64056
456.88 2945.948 2478.001 7091.026 10.14403
458.05 2580.009 1621.452 6037.202 21.70768
459.23 2397.624 923.019 5558.547 31.81093
460.4 2868.953 1717.127 6638.53 23.40443
461.58 2938.928 1870.49 7088.468 20.4761
462.75 2487.892 902.676 6107.854 30.45459
463.93 2895.645 1645.239 6890.106 23.84056
465.1 2934.436 1483.324 6766.474 27.46679
466.28 2597.348 647.028 6071.735 35.95254
467.45 2609.953 483.127 5941.03 38.96783
468.63 3050.432 1443.407 7088.471 28.46779
469.8 3551.643 2273.03 8151.105 21.75223
470.97 3015.99 1065.441 6890.144 33.48752
472.15 3301.75 1621.263 7446.445 28.84866
473.32 3540.848 1868.528 7969.235 27.4119
474.49 3729.792 2223.203 8539.063 23.85407
475.67 3294.195 1299.938 7688.773 31.21471
476.84 3245.733 883.96 7141.889 37.74048
478.01 3621.969 1752.721 8442.585 27.94149
479.19 3451.037 1409.931 8063.81 30.67544
480.36 3474.407 915.27 7532.409 38.67438
481.53 3581.237 1726.378 8416.892 27.72372
482.7 3537.001 1276.117 8456.195 31.48829
483.88 3434.786 873.577 7709.059 37.46933
485.05 3449.948 1198.001 8010.026 33.0584
486.22 3500.495 1352.991 8186.191 31.4275
487.39 3463.03 877.097 7722.804 37.77452
488.56 3609.122 1501.81 8619.046 29.60857
489.74 4020.384 2389.342 9412.849 23.22262
490.91 3427.116 892.185 7826.042 36.55875
492.08 3563.122 1265.81 8351.046 32.42392
493.25 3489.461 930.386 8051.579 35.93604
494.42 3748.306 1369.088 8493.116 33.39708
495.59 3695.21 1247.532 8254.328 34.93291
496.76 3730.97 1336.929 8779.086 32.16865
497.93 3916.677 1718.135 8874.218 30.7227
499.1 3847.671 1605.01 8686.713 31.66839
500.27 4314.882 2773.633 9994.347 21.34484
501.44 4456.984 3078.815 10340.14 18.97958
502.61 3573.539 1235.64 8292.811 33.128
503.78 3755.129 1679.07 8997.595 28.36718
504.95 4457.658 3086.124 10109.66 19.52768
506.12 3808.206 1873.615 8827.325 27.82099
507.29 3409.808 930.797 8134.118 34.41483
508.46 3265.193 252.729 7064.272 44.22586
509.63 4487.692 3146.729 10463.772 18.32657
510.8 4516.905 3257.561 10580.907 17.19629
511.97 3825.08 1395.871 8452.928 34.42241
513.14 3490.166 771.884 8008.708 37.56181
514.31 4016.633 2169.487 9502.598 25.18912
515.48 3731.57 1332.328 8695.921 32.58249
516.65 3790.771 1206.483 8477.504 35.5423
517.81 3665.459 997.678 8375.577 36.15909
518.98 3952.85 1822.736 9187.236 28.92407
520.15 3372.721 485.209 7758.88 39.69814
521.32 3986.367 1739.539 9169.292 30.24095
522.49 4860.532 3869.305 11735.806 12.6006
523.65 4637.746 3152.846 10589.442 19.96747
524.82 4030.695 1597.438 9160.273 32.17387
525.99 3398.608 298.35 7696.536 41.90565
527.16 4091.873 1845.59 9410.84 29.69211
528.32 4170.289 1856.285 9654.561 29.67327
529.49 4042.944 1269.084 9050.522 35.64713
530.66 3595.505 237.96 7952.242 43.52375
531.82 3840.562 604.568 8380.371 41.6162
532.99 3989.286 1143.077 9051.559 35.98933
534.16 3949.691 1260.521 9238.271 33.70838
535.32 4530.976 2115.98 10496.134 28.81804
536.49 3917.514 789.003 9031.249 37.95703
537.65 4840.618 2601.393 11115.043 26.30158
538.82 4198.016 820.711 9142.75 40.58266
539.99 4438.999 1661.909 10484.694 31.47634
541.15 4671.198 2098.355 10995.276 28.91835
542.32 4158.397 502.227 9480.401 40.72287
543.48 4916.855 1999.787 11516.283 30.65276
544.65 5158.064 1990.202 11206.916 34.37084
545.81 6020.382 3837.633 13952.847 21.57888
546.98 4939.087 1447.13 11648.477 34.23035
548.14 5552.382 2101.633 12558.847 32.99875
549.31 4970.323 958.391 11704.673 37.33321
550.47 5117.706 1167.115 11823.325 37.07314
551.63 6165.459 2475.678 13360.077 33.89972
552.8 5462.252 1129.472 12063.946 39.62495
553.96 5210.708 947.323 11854.827 39.08671
555.13 5295.744 1023.137 12524.44 37.14889
556.29 6029.972 2505.563 14429.631 29.5571
557.45 5307.082 696.579 11942.429 40.99737
558.62 5868.84 1466.693 13019.729 38.10381
559.78 6169.587 1969.13 13975.477 34.9853
560.94 5770.417 1215.238 13337.959 37.57555
562.11 5822.491 1055.074 13142.688 39.44051
563.27 5659.378 262.716 12451.344 44.27621
564.43 5188.457 55.969 12440.076 41.44415
565.59 5686.852 320.87 12474.78 44.15025
566.76 6051.694 1010.438 13526.773 40.27741
567.92 6123.909 1477.404 14710.454 35.11288
569.08 6433.242 1880.929 14975.939 34.76373
570.24 6051.926 1088.781 14294.967 37.58197
571.4 5958.785 472.868 13934.058 40.75358
572.57 6042.871 945.881 14806.338 36.7736
573.73 6119.646 168.373 13756.151 43.79873
574.89 6377.085 1054.422 14808.476 38.69887
576.05 6529.154 1449.707 14947.657 37.63125
577.21 6213.961 620.386 14037.079 41.69116
578.37 6537.763 16.148 14368.998 45.43777
579.53 6341.798 648.254 14684.11 40.56428
580.69 6965.204 1744.406 16907.324 34.43135
581.85 6655.072 1062.536 15333.922 39.18705
583.01 6632.361 1031.413 15150.788 39.66853
584.17 6761.593 1324.256 15526.981 38.28376
585.33 6985.108 1508.85 16502.535 36.52377
586.49 6762.729 911.543 15139.886 41.12345
587.65 6813.306 1585.588 15770.116 36.85507
588.81 7059.127 1454.361 16620.094 36.95678
589.97 7770.648 2468.081 17353.152 35.62339
591.13 6791.907 1144.77 16272.909 37.3287
592.29 7010.415 974.529 16274.958 39.44912
593.45 6814.03 623.597 15068.304 42.85607
594.61 6371.08 509.871 14565.428 41.7003
595.77 6838.802 398.671 15600.113 42.36526
596.93 6533.791 352.994 14982.562 42.24866
598.09 6667.171 994.51 16096.213 37.56306
599.24 6567.876 453.507 15481.843 40.68561
600.4 6564.729 1022.043 15271.886 38.89647
601.56 6571.918 652.947 14886.461 41.58475
602.72 6503.145 1034.664 15405.649 38.05223
603.87 6480.578 1147.587 15940.47 36.05106
605.03 6866.145 538.664 15530.149 42.20716
606.19 6105.089 524.339 14650.979 39.50515
607.35 6049.415 91.029 14074.458 42.61033
608.5 6726.283 1534.16 16068.056 35.72423
609.66 7154.836 2418.276 16947.227 32.60084
610.82 6484.92 428.655 13941.462 44.81871
611.97 6319.972 429.063 15284.131 39.65589
613.13 6559.892 1601.601 15041.897 36.89123
614.29 6690.474 1286.772 15624.132 37.68966
615.44 6485.723 1823.417 15499.882 34.08999
616.6 6083.279 461.742 14483.053 40.0928
617.76 6462.512 1709.294 14965.748 35.85588
618.91 6573.717 1751.292 14364.377 38.23351
620.07 6789.781 1762.451 15394.555 36.87861
621.22 5711.876 12.007 13149.843 43.38515
622.38 7033.472 2654.563 15989.631 32.83755
623.53 6052.785 158.868 13188.058 45.23625
624.69 5699.76 384.231 13439.995 40.71404
625.84 5739.742 531.929 13202.939 41.10022
627.0 6239.601 1371.591 14228.986 37.86156
628.15 5558.068 114.619 12578.419 43.67407
629.31 5910.25 1007.263 14042.945 37.61205
630.46 5369.34 54.193 13046.229 40.91081
631.61 6012.74 929.72 13696.938 39.81306
632.77 5729.327 810.308 13448.676 38.92131
633.92 5810.861 1138.913 14331.288 35.414
635.08 6675.214 2566.449 15674.831 31.34456
636.23 6057.417 888.738 12713.959 43.70894
637.38 5345.455 -113.24 12221.574 44.25437
638.54 6166.71 1722.532 14108.828 35.8798
639.69 6597.813 2381.848 15304.665 32.6242
640.84 6361.983 1380.484 13396.653 41.45663
641.99 5340.019 269.505 12355.263 41.95446
643.15 6442.055 2251.527 14847.871 33.26781
644.3 5470.591 424.048 12033.48 43.46934
645.45 5307.127 -101.931 11883.589 45.12995
646.6 5997.164 2262.59 13837.698 32.26383
647.75 5780.2 607.111 12667.807 42.89212
648.91 5136.236 -149.868 11873.416 43.96556
650.06 5557.772 568.154 12924.024 40.38257
651.21 5724.808 1234.675 13884.134 35.49664
652.36 5827.344 1167.196 13647.742 37.3393
653.51 5601.881 471.717 12946.351 41.12477
654.66 5773.917 760.738 13928.46 38.07172
655.81 5963.453 1710.259 13956.568 34.73041
656.96 5452.989 208.28 11655.678 45.81573
658.11 5835.525 976.302 13026.286 40.32556
659.27 5702.562 1342.323 13119.396 37.02311
660.42 5407.098 294.844 12097.004 43.31625
661.57 5772.134 1029.865 13292.613 38.67215
662.72 5180.67 -180.114 11759.722 44.8983
663.87 4937.206 -173.093 12221.331 41.23063
665.01 5969.242 891.429 13287.439 40.96329
666.16 5529.778 252.45 12741.048 42.25717
667.31 5586.315 428.971 12492.657 42.75098
668.46 6271.351 1921.492 14423.766 34.79254
669.61 5809.387 594.013 13009.375 42.00743
670.76 5905.923 69.034 12190.983 48.15141
671.91 6657.959 1986.556 14678.593 36.80578
673.06 6410.496 1294.577 13963.201 40.38259
674.21 5564.032 -152.402 12580.811 44.89388
675.35 6026.568 921.119 14043.419 38.90666
676.5 5978.604 695.14 13457.528 41.39871
677.65 5684.14 130.661 13839.637 40.5098
678.8 5567.176 -167.817 12917.745 43.82688
679.94 5608.213 341.704 13183.854 41.00956
681.09 6065.249 1144.725 14808.463 36.01155
682.24 6200.285 1245.246 14909.072 36.26392
683.39 6313.821 87.267 14166.681 44.22453
684.53 6508.357 1283.788 14885.79 38.4103
685.68 6495.394 696.31 14367.398 42.4186
686.83 6931.93 970.331 14569.508 43.83794
687.97 6503.466 858.352 13805.616 43.60082
689.12 6140.502 551.873 14120.726 41.18719
690.27 6397.538 354.394 14816.334 41.78654
691.41 6556.574 1406.415 14506.942 39.31261
692.56 6374.61 1082.937 16352.052 34.65606
693.7 6674.647 1119.958 15615.16 38.32088
694.85 6105.183 194.479 14490.27 41.34577
695.99 6018.219 1253.0 15089.378 34.43979
697.14 6261.255 771.021 14628.987 39.61789
698.28 6589.792 1041.542 15243.096 39.0679
699.43 6589.828 1135.563 14681.205 40.26582
700.57 5734.364 -141.415 13427.313 43.30383
701.72 6139.9 110.606 13995.923 43.42208
702.86 6201.936 -264.873 13259.531 47.81585
704.01 6813.472 194.148 14476.14 46.34735
705.15 6620.508 1163.669 15626.249 37.73074
706.29 6237.044 338.191 13608.857 44.45032
707.44 6629.081 630.212 14229.467 44.11175
708.58 6105.617 -106.267 13695.075 45.00928
709.72 6805.153 1851.254 16852.684 33.02285
710.87 5801.189 -294.725 13516.793 44.13645
712.01 6165.226 159.296 13861.402 43.83216
713.15 6623.262 757.818 14662.511 42.1832
714.3 6893.298 1016.839 14706.12 42.92745
715.44 6285.834 245.36 14690.729 41.81599
716.58 6627.37 754.381 15552.337 39.68784
717.72 6110.406 161.402 14636.446 41.09835
718.87 6339.442 633.923 15330.055 38.82327
720.01 6703.979 420.444 16054.664 40.19091
721.15 6010.015 -115.534 13882.772 43.75922
722.29 6858.051 1021.487 14374.382 43.71011
723.43 6333.087 1412.508 15841.49 34.10205
724.57 6516.124 1132.029 14727.6 39.60183
725.72 6507.66 677.05 14369.208 42.58357
726.86 6642.696 1909.571 14417.817 37.84003
728.0 6294.732 556.093 14380.426 41.51115
729.14 6071.768 218.114 13303.034 44.73588
730.28 6809.304 1451.635 14596.644 40.7582
731.42 6349.84 161.656 13138.752 47.68543
732.56 7273.376 2064.677 15369.861 39.14789
733.7 6490.913 1011.698 14814.47 39.69648
734.84 5742.949 -294.28 13002.579 45.40342
735.98 6294.985 627.741 13972.188 42.46894
737.12 5906.521 113.262 13786.297 42.36996
738.26 6245.058 149.283 14333.905 42.97453
739.4 6539.094 656.304 15338.515 40.06746
740.53 6716.63 1114.825 14728.623 41.14799
741.67 6755.166 788.347 13910.231 45.47227
742.81 5644.202 -224.632 12929.841 44.61474
743.95 6431.738 678.389 13862.949 43.63702
745.09 5947.774 154.91 13480.059 43.47317
746.23 6523.811 1219.931 14948.167 38.63482
747.36 6291.847 1273.452 14981.276 36.60971
748.5 5892.383 150.974 13084.885 44.39036
749.64 6334.419 232.495 13546.994 45.82917
750.78 5779.956 144.516 12781.103 44.59622
751.92 5862.992 332.037 13095.712 43.33356
753.05 6289.028 363.058 13274.32 45.89768
754.19 6265.564 1546.079 13911.429 38.16701
755.33 5911.1 -270.899 12687.538 47.70637
756.46 5678.636 724.622 12953.146 40.51196
757.6 5119.172 16.643 12968.756 39.39534
758.74 5987.208 1561.164 14233.864 34.92582
759.87 5790.745 755.185 14133.974 37.63839
761.01 5486.281 606.206 12603.582 40.67619
762.14 5822.317 641.728 12811.191 42.5704
763.28 5645.854 1166.749 12534.8 39.40082
764.41 5297.89 724.77 12183.909 39.90806
765.55 4975.926 -237.209 11384.018 44.85873
766.69 6043.962 750.312 12319.126 45.75793
767.82 5490.998 953.333 12841.235 38.17044
768.95 5296.034 139.855 11144.344 46.85524
770.09 5716.57 1518.876 12756.953 37.35243
771.22 5617.606 1835.897 13038.562 33.75723
772.36 5958.143 1423.418 12540.671 40.78998
773.49 5707.679 1409.439 13055.279 36.90794
774.63 4932.715 572.96 11390.389 40.30306
775.76 5016.251 487.482 11425.497 41.40395
776.89 5324.788 1196.503 12047.606 38.04484
778.03 5015.824 955.024 11702.215 37.78476
779.16 4896.86 234.045 11350.323 41.94583
780.29 5080.396 912.566 11263.933 40.26357
781.43 5361.932 1591.087 11674.041 37.39822
782.56 4633.968 944.108 11725.65 34.22386
783.69 4576.504 191.63 10068.759 44.39422
784.82 4984.541 554.151 11165.368 41.75195
785.96 4443.577 571.172 10081.477 40.71799
787.09 4061.613 581.193 9815.086 37.69179
788.22 4521.649 974.214 10803.694 36.08975
789.35 4228.186 297.235 9664.304 41.96564
790.48 4279.222 550.757 9442.912 41.92982
791.62 4558.758 1464.278 10710.521 33.46743
792.75 3589.794 150.299 9027.63 38.7447
793.88 4564.83 1845.82 10836.738 30.24174
795.01 4448.366 1012.341 9681.348 39.63574
796.14 4580.402 1161.362 9669.956 40.18337
797.27 4572.938 1363.384 10103.065 36.72393
798.4 4149.975 658.405 8814.174 42.81104
799.53 3797.011 106.926 7920.783 47.22489
800.66 4101.047 887.947 9714.892 36.40105
801.79 5321.083 3492.968 11640.501 22.43765
802.92 4032.12 670.989 8506.109 42.89826
804.05 4095.656 1137.511 9490.218 35.41541
805.18 3877.692 712.032 9415.827 36.37103
806.31 3791.228 693.053 8287.436 40.79562
807.44 3737.264 10.074 8029.045 46.47966
808.57 3813.301 1061.095 8028.653 39.50029
809.69 3675.837 932.116 8612.263 35.72484
810.82 3275.873 -309.862 6966.871 49.27671
811.95 4312.409 2776.659 10190.48 20.71469
813.08 3666.445 371.18 8155.589 42.3316
814.21 4519.981 2834.201 10741.198 21.32011
815.33 3391.018 640.722 7666.307 39.14686
816.46 3568.554 897.243 8077.416 37.20399
817.59 3868.09 2031.265 9024.024 26.26753
818.72 3753.126 1309.286 8154.633 35.70075
819.84 4538.162 2504.307 9108.742 30.79529
820.97 3598.198 1316.328 8395.351 32.23426
822.1 3587.735 1648.849 8675.46 27.59347
823.22 2806.271 69.37 6292.068 43.98254
824.35 3132.307 312.892 7032.177 41.96005
825.48 3417.843 1487.913 7442.286 32.41198
826.6 2812.879 912.934 7259.895 29.93472
827.73 2582.915 -189.545 6337.004 42.47973
828.85 2916.452 653.976 6923.113 36.08911
829.98 3291.488 1615.497 7863.222 26.82561
831.11 2837.024 214.519 6495.331 41.75424
832.23 2885.56 246.04 6477.939 42.35499
833.36 3276.596 1437.561 7361.048 31.0465
834.48 2780.633 859.582 6749.157 32.61781
835.6 3119.669 1350.603 6884.266 31.96916
836.73 2515.205 130.124 5894.375 41.37712
837.85 3148.741 1415.646 7515.983 28.40983
838.98 2643.277 -203.333 5561.092 49.38238
840.1 3154.813 1153.688 6953.701 34.50208
841.23 2894.35 1016.709 6811.81 32.40048
842.35 3408.386 1991.73 8074.919 23.28804
843.47 2735.422 643.251 5934.528 39.54
844.6 2424.958 175.772 5347.637 43.48887
845.72 2559.494 385.794 5760.745 40.4413
846.84 2498.03 409.315 5733.354 39.23178
847.96 2535.567 333.836 6072.963 38.36351
849.09 2393.603 312.357 5663.572 38.89296
850.21 2402.639 638.878 5764.681 34.40945
851.33 2717.175 1103.4 6528.79 29.74488
852.45 2365.211 228.421 5257.898 42.48534
853.57 2468.247 815.942 5672.007 34.0256
854.7 2402.284 292.463 5545.616 40.16294
855.82 2254.82 250.984 5604.725 37.4287
856.94 2834.856 1359.005 6401.334 29.26923
858.06 2036.892 -150.974 4755.442 44.59193
859.18 2770.428 1080.048 5734.551 36.3171
860.3 2473.965 685.569 5356.16 38.29056
861.42 1874.501 -205.41 4107.269 48.22781
862.54 1956.037 -138.889 4662.878 43.62823
863.66 2114.573 207.132 4728.987 42.18271
864.78 2138.609 378.653 4574.596 41.94423
865.9 2381.645 970.175 5307.205 32.54464
867.02 3308.182 3268.196 8203.313 0.81023
868.14 3015.718 2295.717 6758.422 16.13373
869.26 2557.754 1418.238 5515.531 27.81143
870.38 1938.29 -114.741 4571.64 43.80845
871.5 1980.826 -88.72 4033.749 50.20162
872.62 1933.862 119.302 4331.357 43.08017
873.74 2521.399 1744.823 6251.966 17.22989
874.85 1889.917 124.833 4517.521 40.18231
875.97 2273.917 757.833 5010.021 35.6542
877.09 2225.917 1107.333 5359.521 26.30607
878.21 2051.917 690.333 4427.521 36.43337
879.33 2179.417 765.333 4705.021 35.89329
880.44 2086.917 751.833 5068.021 30.93201
881.56 1977.917 388.333 4358.521 40.03799
882.68 2061.917 781.833 4309.021 36.2919
883.79 2637.917 2228.333 6274.021 10.12395
884.91 1568.417 -118.167 4007.021 40.88501
886.03 2129.917 1161.833 5196.021 23.99698
887.14 2314.917 1814.333 5684.521 12.93434
888.26 2404.917 1999.833 5994.021 10.14182
889.38 2491.417 1485.333 5125.521 27.63823
890.49 1575.917 -47.667 3685.521 43.49054
891.61 1976.917 808.333 4448.521 32.10228
892.72 1729.417 114.333 4032.021 41.22543
893.84 1838.417 -138.667 4255.521 44.99315
894.95 1569.417 -153.667 3717.521 44.51046
896.07 1797.417 413.833 4113.521 37.3973
897.18 2284.417 1036.333 4540.021 35.62199
898.3 1662.417 35.833 3481.521 47.20635
899.41 2204.417 1322.833 5193.021 22.77883
900.53 1972.417 943.833 4236.021 31.24316
901.64 2219.917 1230.833 5402.021 23.71227
902.75 1867.417 709.833 4430.521 31.11208
903.87 1664.917 346.833 3898.521 37.11147
904.98 2070.417 1111.833 4832.021 25.76707
906.09 2027.417 521.333 4227.521 40.637
907.21 2100.917 1032.833 4594.521 29.98813
908.32 1831.417 375.833 3893.521 41.37898
909.43 2266.917 1633.833 5382.021 16.89039
910.54 1929.417 856.333 4521.521 29.27772
911.66 2768.417 2737.333 6120.021 0.9189
912.77 1521.917 277.333 3654.521 36.85266
913.88 1709.917 899.833 4292.021 23.88085
914.99 1531.417 269.333 3331.521 41.21509
916.1 1723.417 823.833 3662.021 31.6957
917.22 1311.417 108.333 3132.021 39.78861
918.33 2027.917 1602.333 4594.521 14.22315
919.44 1732.917 709.333 3807.521 33.03813
920.55 2165.417 1790.833 4739.021 12.70555
921.66 1745.417 1114.333 3962.021 22.16125
922.77 1850.417 1230.833 4176.521 21.03357
923.88 2020.417 1684.333 4666.021 11.27158
924.99 1603.417 1005.833 4039.521 19.69825
926.1 1229.917 -10.667 2708.021 45.6317
927.21 2108.417 1730.333 4719.021 12.65048
928.32 1112.917 -128.667 2431.021 48.50527
929.43 1366.917 732.333 3350.521 24.23751
930.54 1251.417 508.833 2813.521 32.22056
931.65 1330.417 742.333 3320.521 22.80995
932.76 1618.417 1108.333 3496.021 21.36307
933.86 1506.917 938.833 3258.021 24.49493
934.97 1078.917 286.833 2585.521 34.45807
936.08 1110.417 452.833 2316.021 35.29346
937.19 1606.417 1885.833 4027.021 -13.04962
938.3 1419.917 1201.833 3249.021 10.65282
939.4 1532.417 1749.333 3612.021 -11.64537
940.51 1037.917 687.833 2239.021 22.56873
941.62 1214.917 1240.833 2734.521 -1.73509
942.73 1896.917 2750.333 4271.521 -56.10199
943.83 1102.917 898.833 2278.021 14.79736
944.94 1017.417 983.833 2278.521 2.59394
946.05 591.917 -16.667 1296.021 46.36163
947.15 618.917 29.833 1459.521 41.20364
948.26 916.417 669.833 2117.521 17.03292
949.36 705.417 366.833 1708.021 25.24504
950.47 1061.917 953.833 2416.021 7.39189
951.57 1665.417 2269.333 3791.521 -39.67426
952.68 1256.917 1332.833 3147.021 -4.18461
953.79 1283.417 1336.333 2958.021 -3.26307
954.89 838.417 431.833 1915.021 27.41281
955.99 1182.917 1138.333 2826.021 2.64168
957.1 1074.917 593.333 2420.021 26.36375
958.2 1108.917 883.333 2674.021 12.59758
959.31 1266.917 1304.833 3095.521 -2.11744
960.41 943.417 430.833 1994.521 32.78042
961.52 757.917 81.333 1587.521 44.92026
962.62 1299.417 1338.333 3120.021 -2.18426
963.72 755.417 81.833 1686.521 41.97598
964.83 654.917 -96.667 1420.521 49.53793
965.93 1135.417 867.333 2607.021 15.40986
967.03 1472.917 1632.333 3674.021 -7.80809
968.13 1258.417 1295.333 3037.521 -2.11899
969.24 941.917 373.333 2056.521 33.78016
970.34 1053.417 506.333 2134.021 33.61108
971.44 984.417 658.333 2470.021 17.99888
972.54 1116.417 991.333 2613.521 7.71078
973.64 907.917 395.833 1967.521 32.58175
974.75 1809.417 2727.333 4342.021 -56.84793
975.85 4220.417 8233.833 10100.521 -215.00206
976.95 952.917 446.333 2116.521 30.33093
978.05 1376.917 1431.833 3190.521 -3.1226
979.15 1754.417 2417.833 4142.021 -38.47705
980.25 748.417 77.833 1583.521 44.53669
981.35 883.917 478.333 1934.521 27.85241
982.45 1597.917 2239.833 3786.521 -41.50267
983.55 1179.417 1277.833 2662.021 -7.11007
984.65 1094.917 1081.833 2426.021 0.97332
985.75 1298.417 1673.333 3141.021 -25.54473
986.85 1199.917 1033.833 2548.021 10.96847
987.95 863.417 552.333 2026.521 21.10202
989.05 1488.417 2063.333 3463.521 -41.05997
990.15 1221.417 1504.333 2865.521 -20.78456
991.25 982.917 932.833 2296.021 3.67399
992.34 1557.917 2071.333 3339.521 -40.48428
993.44 1028.917 1067.333 2262.021 -3.21563
994.54 973.917 997.333 2025.521 -2.27747
995.64 1301.417 1752.333 2989.021 -36.46166
996.74 1500.917 2127.333 3291.521 -53.80719
997.83 608.917 168.833 1256.021 40.47907
998.93 830.417 838.333 1994.521 -0.68472
1000.03 1849.417 3115.833 4377.521 -100.37481
1001.12 1433.417 2129.833 3121.521 -70.22541
1002.22 1357.917 2073.833 3210.021 -63.01043
1003.32 753.417 728.333 1728.021 2.50912
1004.41 996.917 1275.833 2219.521 -29.55605
1005.51 921.417 1044.833 2034.521 -12.47027
1006.6 789.917 449.333 1515.021 31.95902
1007.7 1158.417 1579.333 2663.021 -38.84116
1008.8 495.417 116.833 990.021 43.35648
1009.89 1050.917 1304.833 2322.021 -24.96263
1010.99 901.917 1035.333 1889.521 -15.61913
1012.08 564.917 146.833 1118.021 43.04867
1013.18 905.417 989.333 2030.021 -8.06358
1014.27 671.917 673.833 1647.021 -0.19694
1015.36 780.917 901.833 1832.021 -12.99917
1016.46 920.917 1099.333 2024.521 -19.28438
1017.55 574.917 424.333 1331.021 16.60807
1018.65 851.417 1194.833 2030.021 -41.11851
1019.74 1068.917 1510.333 2428.021 -48.10099
1020.83 980.417 1173.333 2163.021 -19.49269
1021.93 808.417 882.833 1780.021 -8.29443
1023.02 460.417 345.333 1073.021 15.81494
1024.11 434.917 202.833 944.521 31.29126
1025.2 487.917 91.333 929.021 47.34263
1026.3 896.917 1142.833 1980.021 -29.37415
1027.39 1019.417 1531.833 2318.021 -65.17742
1028.48 913.917 1191.333 1910.521 -38.57362
1029.57 680.917 690.333 1436.021 -1.26281
1030.66 864.917 1056.333 1742.521 -27.89568
1031.75 1936.917 3911.833 4641.021 -270.83788
1032.84 969.417 1514.333 2226.021 -76.56686
1033.94 493.417 272.833 974.521 31.43612
1035.03 997.917 1659.333 2341.021 -97.02639
1036.12 415.917 271.333 912.521 22.5493
1037.21 478.917 342.833 823.521 28.31014
1038.3 895.417 1383.833 2031.021 -75.46757
1039.39 421.417 299.333 829.521 23.02644
1040.48 754.917 1089.333 1770.021 -49.12925
1041.57 904.417 1523.833 2000.521 -129.94188
1042.66 713.917 1086.333 1789.521 -52.96122
1043.74 838.417 1264.333 1828.021 -75.55901
1044.83 820.917 1388.333 1874.521 -116.70738
1045.92 378.417 288.333 762.521 18.9974
1047.01 912.917 1598.333 2203.521 -113.25694
1048.1 286.917 253.833 664.021 8.06542
1049.19 802.917 1079.833 1614.521 -51.79038
1050.27 642.917 897.833 1357.521 -55.45432
1051.36 583.917 886.333 1321.021 -69.57103
1052.45 812.417 1311.333 1738.021 -116.92789
1053.54 654.417 1093.833 1594.521 -87.76266
1054.62 765.917 1313.833 1787.021 -115.79272
1055.71 768.417 1319.833 1666.021 -159.28267
1056.8 936.917 1821.333 2145.521 -272.81034
1057.88 491.917 914.833 1288.521 -113.17387
1058.97 725.417 1253.833 1744.521 -107.68905
1060.06 1133.917 2294.333 2766.021 -246.01386
1061.14 535.917 831.333 1225.521 -74.94316
1062.23 1975.917 4077.833 4601.521 -401.36831
1063.31 767.917 1347.333 1665.521 -182.09914
1064.4 523.417 816.833 1162.021 -85.00209
1065.48 704.417 1190.333 1585.021 -123.11428
1066.57 559.917 834.333 1196.521 -75.76644
1067.65 780.917 1296.333 1630.521 -154.22979
1068.74 531.917 894.833 1316.521 -86.06292
1069.82 701.917 1335.333 1655.521 -197.8268
1070.9 2552.917 5377.333 6085.021 -399.10508
1071.99 774.417 1434.833 1816.021 -173.25245
1073.07 686.917 1297.833 1656.521 -170.32004
1074.15 878.417 1459.833 1788.521 -176.89042
1075.24 672.417 1138.833 1373.521 -198.73947
1076.32 770.917 1408.833 1789.021 -167.79002
1077.4 1282.917 2520.333 2787.521 -463.12669
1078.49 430.417 600.833 910.521 -55.02859
1079.57 865.417 1624.833 1998.521 -203.22239
1080.65 1164.917 2142.833 2561.521 -233.56719
1081.73 611.417 1129.333 1313.021 -281.95532
1082.81 446.417 553.333 800.021 -43.34093
1083.89 751.417 1458.333 1720.021 -270.13774
1084.98 715.417 1350.833 1773.521 -150.32777
1086.06 384.917 651.333 851.521 -133.08356
1087.14 469.417 740.333 974.021 -115.93117
1088.22 679.917 1238.833 1529.021 -192.60536
1089.3 458.917 585.833 987.021 -31.63525
1090.38 1343.417 2794.333 3151.521 -406.20588
1091.46 806.917 1523.833 1736.021 -337.86943
1092.54 566.917 988.833 1251.021 -160.92168
1093.62 644.417 1072.333 1371.521 -143.02626
1094.7 401.417 600.333 689.021 -224.28939
1095.78 639.917 1264.333 1534.021 -231.53342
1096.86 687.417 1326.833 1527.521 -318.61311
1097.93 1450.917 3004.833 3433.021 -362.90565
1099.01 1019.417 1981.333 2345.021 -264.48998
1100.09 495.417 754.333 996.021 -107.12869
