196.55 647.148 674.642 0.0 -27.49353
197.76 908.15 840.435 0.0 67.71509
198.96 846.15 872.426 0.0 -26.2757
200.16 559.65 607.981 0.0 -48.3313
201.36 955.652 953.677 0.0 1.97461
202.56 657.151 666.78 0.0 -9.62891
203.76 573.65 570.421 0.0 3.229
204.96 588.149 635.062 0.0 -46.91315
206.16 454.649 483.607 0.0 -28.95798
207.36 790.149 807.522 0.0 -17.37305
208.56 674.15 656.95 0.0 17.19958
209.76 444.649 431.036 0.0 13.6131
210.96 571.15 604.964 0.0 -33.81433
212.16 1278.148 1260.663 0.0 17.48486
213.36 691.649 765.51 0.0 -73.86066
214.56 586.648 642.656 0.0 -56.00745
215.76 1098.65 1100.421 0.0 -1.77112
216.96 940.15 956.387 0.0 -16.237
218.16 665.651 676.857 0.0 -11.20618
219.35 485.649 520.594 0.0 -34.94562
220.55 619.149 651.104 0.0 -31.9549
221.75 570.148 533.706 0.0 36.44153
222.95 915.149 919.584 0.0 -4.43481
224.15 704.148 687.177 0.0 16.97095
225.35 586.648 576.653 0.0 9.99567
226.55 504.149 527.091 0.0 -22.94257
227.75 896.149 863.084 0.0 33.06519
228.94 768.649 767.036 0.0 1.6131
230.14 701.65 634.996 0.0 66.65326
231.34 530.15 594.459 0.0 -64.30969
232.54 541.15 524.969 0.0 16.18109
233.74 532.15 531.39 0.0 0.75983
234.93 448.648 542.643 0.0 -93.99506
236.13 669.65 670.979 0.0 -1.32971
237.33 571.648 653.222 0.0 -81.57385
238.53 540.649 548.113 0.0 -7.46417
239.72 852.65 883.944 0.0 -31.29419
240.92 392.149 380.024 0.0 12.12546
242.12 694.149 796.581 0.0 -102.43176
243.31 469.149 523.504 0.0 -54.35446
244.51 432.65 479.947 0.0 -47.2973
245.71 784.649 848.579 0.0 -63.93018
246.9 1045.65 1022.947 0.0 22.7027
248.1 631.15 624.927 0.0 6.22278
249.3 586.15 595.374 0.0 -9.22314
250.49 614.65 591.366 0.0 23.28455
251.69 699.15 711.493 0.0 -12.34363
252.89 591.651 612.797 0.0 -21.14594
254.08 402.649 397.536 0.0 5.1131
255.28 633.65 585.912 0.0 47.73822
256.47 393.149 404.519 0.0 -11.3699
257.67 715.648 682.208 0.0 33.44
258.86 766.149 757.62 0.0 8.52814
260.06 559.15 619.864 0.0 -60.71387
261.26 864.15 862.467 0.0 1.68262
262.45 584.15 608.475 0.0 -24.32513
263.65 361.151 363.798 0.0 -2.64746
264.84 635.65 703.961 0.0 -68.31122
266.04 462.651 552.297 0.0 -89.6459
267.23 349.151 389.3 0.0 -40.14899
268.42 462.15 459.984 0.0 2.16562
269.62 565.149 589.009 0.0 -23.85913
270.81 600.149 577.55 0.0 22.59918
272.01 541.15 602.472 0.0 -61.32202
273.2 714.151 747.745 0.0 -33.59332
274.4 393.15 405.383 0.0 -12.23242
275.59 693.15 681.397 0.0 11.75366
276.78 564.649 555.042 0.0 9.60687
277.98 486.651 547.837 0.0 -61.18607
279.17 515.149 525.035 0.0 -9.88538
280.37 521.651 574.223 0.0 -52.57172
281.56 361.15 316.91 0.0 44.23978
282.75 372.148 379.168 0.0 -7.01981
283.95 480.651 521.811 0.0 -41.15979
285.14 528.151 551.814 0.0 -23.6629
286.33 449.651 415.846 0.0 33.80466
287.52 564.151 584.751 0.0 -20.59955
288.72 722.652 735.208 0.0 -12.55627
289.91 865.65 803.392 0.0 62.2583
291.1 626.15 620.958 0.0 5.19189
292.29 545.149 554.501 0.0 -9.35138
293.49 622.651 588.834 0.0 33.81702
294.68 424.15 408.38 0.0 15.77066
295.87 438.15 501.992 0.0 -63.84213
297.06 602.65 588.395 0.0 14.25525
298.26 311.651 270.808 0.0 40.84329
299.45 490.649 489.504 0.0 1.14551
300.64 535.649 528.604 0.0 7.0451
301.83 548.65 577.459 0.0 -28.80969
303.02 422.149 452.614 0.0 -30.46573
304.21 637.148 631.176 0.0 5.97247
305.4 492.649 516.102 0.0 -23.45337
306.59 572.649 535.019 0.0 37.63007
307.79 507.15 503.47 0.0 3.6795
308.98 393.65 397.496 0.0 -3.84674
310.17 604.656 589.113 0.0 15.54315
311.36 523.653 534.055 0.0 -10.40179
312.55 908.153 874.081 0.0 34.07196
313.74 358.15 369.386 0.0 -11.2355
314.93 622.15 633.95 0.0 -11.80042
316.12 509.65 487.976 0.0 21.67334
317.31 297.65 286.37 0.0 11.27994
318.5 367.15 331.386 0.0 35.7645
319.69 510.651 474.86 0.0 35.79077
320.88 454.649 507.045 0.0 -52.39621
322.07 411.651 390.847 0.0 20.80313
323.26 349.649 374.096 0.0 -24.44717
324.45 305.15 298.91 0.0 6.23978
325.64 471.151 470.838 0.0 0.31238
326.83 618.65 606.458 0.0 12.19189
328.01 446.65 494.92 0.0 -48.2695
329.2 591.15 605.47 0.0 -14.3205
330.39 434.15 425.895 0.0 8.25522
331.58 341.65 347.907 0.0 -6.25714
332.77 703.15 711.982 0.0 -8.83289
333.96 269.65 267.869 0.0 1.78149
335.15 306.65 319.932 0.0 -13.28183
336.33 353.65 392.407 0.0 -38.75714
337.52 408.15 417.41 0.0 -9.26022
338.71 393.15 429.426 0.0 -36.27567
339.9 405.152 394.7 0.0 10.45145
341.08 459.151 436.817 0.0 22.33401
342.27 524.15 552.936 0.0 -28.7865
343.46 632.149 713.547 0.0 -81.39771
344.65 553.649 579.047 0.0 -25.39771
345.83 584.649 588.559 0.0 -3.9101
347.02 322.649 323.062 0.0 -0.41321
348.21 648.15 635.984 0.0 12.16559
349.4 286.65 303.443 0.0 -16.79266
350.58 459.151 490.249 0.0 -31.09799
351.77 368.15 385.39 0.0 -17.24014
352.96 200.65 209.986 0.0 -9.33594
354.14 358.15 421.415 0.0 -63.26486
355.33 318.649 277.004 0.0 41.64551
356.51 240.151 253.772 0.0 -13.62119
357.7 462.652 478.114 0.0 -15.46201
358.89 343.651 333.826 0.0 9.82477
360.07 520.151 561.275 0.0 -41.12427
361.26 626.654 591.921 0.0 34.7326
362.44 419.155 404.288 0.0 14.86707
363.63 302.155 307.183 0.0 -5.02786
364.81 374.156 394.05 0.0 -19.89343
366.0 183.156 189.085 0.0 -5.929
367.18 843.655 812.248 0.0 31.40723
368.37 293.654 315.447 0.0 -21.79364
369.55 454.653 435.541 0.0 19.11212
370.74 562.153 541.044 0.0 21.10907
371.92 710.154 679.439 0.0 30.71411
373.11 286.154 329.329 0.0 -43.17465
374.29 297.155 277.696 0.0 19.45978
375.48 355.654 400.9 0.0 -45.24573
376.66 265.153 252.525 0.0 12.62758
377.84 579.654 607.447 0.0 -27.79364
379.03 269.653 260.535 0.0 9.11832
380.21 225.654 208.875 0.0 16.77899
381.39 152.154 180.387 0.0 -28.23337
382.58 495.153 513.033 0.0 -17.88013
383.76 675.152 665.136 0.0 10.01636
384.94 670.653 698.084 0.0 -27.43115
386.13 252.654 275.335 0.0 -22.68083
387.31 361.654 365.943 0.0 -4.28897
388.49 265.154 274.877 0.0 -9.72256
389.68 387.653 409.492 0.0 -21.83844
390.86 369.153 364.498 0.0 4.65536
392.04 564.652 583.102 0.0 -18.44965
393.22 289.153 317.998 0.0 -28.84464
394.41 277.154 321.883 0.0 -44.72873
395.59 146.153 146.996 0.0 -0.84306
396.77 345.152 324.594 0.0 20.55804
397.95 347.153 379.045 0.0 -31.89252
399.13 427.152 428.09 0.0 -0.93732
400.31 301.655 312.8 0.0 -11.14529
401.5 429.154 393.427 0.0 35.72644
402.68 366.654 458.887 0.0 -92.23337
403.86 233.153 282.489 0.0 -49.33534
405.04 479.652 514.627 0.0 -34.97437
406.22 256.154 240.418 0.0 15.73572
407.4 408.151 401.236 0.0 6.91592
408.58 529.154 540.426 0.0 -11.27197
409.76 520.154 557.906 0.0 -37.75189
410.94 392.153 377.498 0.0 14.65536
412.12 315.152 313.686 0.0 1.46533
413.3 265.153 293.053 0.0 -27.90024
414.48 197.153 223.061 0.0 -25.90796
415.66 238.652 240.133 0.0 -1.48058
416.84 683.153 715.556 0.0 -32.40332
418.02 383.153 363.959 0.0 19.19403
419.2 247.153 256.55 0.0 -9.39713
420.38 338.653 359.499 0.0 -20.84616
421.56 284.152 282.119 0.0 2.03333
422.74 641.654 597.423 0.0 44.23108
423.92 519.653 469.01 0.0 50.64304
425.1 313.653 375.061 0.0 -61.40796
426.28 266.151 247.728 0.0 18.42361
427.46 731.651 765.726 0.0 -34.07483
428.63 354.152 399.17 0.0 -45.01767
429.81 340.152 371.714 0.0 -31.56244
430.99 436.152 430.136 0.0 6.01633
432.17 675.152 669.663 0.0 5.48853
433.35 422.652 455.65 0.0 -32.99756
434.52 108.151 152.26 0.0 -44.1088
435.7 277.652 249.679 0.0 27.97307
436.88 464.653 484.558 0.0 -19.90488
438.06 294.651 331.243 0.0 -36.5918
439.23 231.653 323.062 0.0 -91.40952
440.41 367.651 373.785 0.0 -6.13351
441.59 437.153 463.493 0.0 -26.34
442.77 165.651 233.808 0.0 -68.15671
443.94 459.653 499.081 0.0 -39.42804
445.12 437.152 408.657 0.0 28.49469
446.3 619.153 624.064 0.0 -4.91107
447.47 391.652 432.108 0.0 -40.45584
448.65 407.153 462.076 0.0 -54.9234
449.82 282.653 306.576 0.0 -23.9234
451.0 337.152 337.105 0.0 0.04724
452.18 284.152 291.153 0.0 -7.00067
453.35 299.653 350.582 0.0 -50.9296
454.53 309.152 384.171 0.0 -75.0192
455.7 207.652 202.116 0.0 5.53642
456.88 542.152 524.702 0.0 17.44989
458.05 405.652 356.627 0.0 49.0256
459.23 191.152 250.136 0.0 -58.98366
460.4 371.653 332.082 0.0 39.5704
461.58 399.152 385.2 0.0 13.95145
462.75 165.652 201.157 0.0 -35.50529
463.93 338.152 353.097 0.0 -14.94504
465.1 263.653 314.541 0.0 -50.88788
466.28 134.651 134.274 0.0 0.37729
467.45 111.153 138.582 0.0 -27.42959
468.63 289.652 328.62 0.0 -38.9682
469.8 477.652 499.637 0.0 -21.9852
470.97 210.652 177.125 0.0 33.52715
472.15 357.151 361.806 0.0 -4.65515
473.32 387.651 387.274 0.0 0.37726
474.49 460.651 491.729 0.0 -31.07791
475.67 313.151 306.762 0.0 6.38962
476.84 146.151 217.265 0.0 -71.11345
478.01 423.652 367.163 0.0 56.48853
479.19 304.651 333.329 0.0 -28.67834
480.36 171.651 211.239 0.0 -39.58717
481.53 336.152 347.185 0.0 -11.03308
482.7 238.151 279.286 0.0 -41.13509
483.88 178.151 179.849 0.0 -1.69843
485.05 203.152 238.202 0.0 -35.05011
486.22 302.15 283.906 0.0 18.24442
487.39 154.15 178.989 0.0 -24.83902
488.56 314.152 313.176 0.0 0.97617
489.74 480.151 505.317 0.0 -25.16599
490.91 138.151 164.795 0.0 -26.64435
492.08 294.652 275.176 0.0 19.47617
493.25 193.651 179.823 0.0 13.82784
494.42 245.651 274.351 0.0 -28.69998
495.59 270.651 274.843 0.0 -4.19223
496.76 245.152 261.624 0.0 -16.4713
497.93 372.152 361.22 0.0 10.93137
499.1 351.651 364.84 0.0 -13.18915
500.27 615.651 638.857 0.0 -23.20618
501.44 638.651 674.245 0.0 -35.59332
502.61 283.151 280.289 0.0 2.86185
503.78 326.65 402.917 0.0 -76.26642
504.95 661.152 672.719 0.0 -11.56708
506.12 370.15 404.423 0.0 -34.27258
507.29 181.151 198.311 0.0 -17.15981
508.46 46.151 76.301 0.0 -30.15053
509.63 704.151 699.801 0.0 4.34949
510.8 662.651 701.278 0.0 -38.62732
511.97 333.651 363.752 0.0 -30.1011
513.14 145.65 155.459 0.0 -9.80966
514.31 451.651 447.337 0.0 4.31393
515.48 290.65 299.952 0.0 -9.30194
516.65 259.651 227.268 0.0 32.38347
517.81 152.15 218.363 0.0 -66.21233
518.98 391.151 369.734 0.0 21.41745
520.15 154.149 131.004 0.0 23.14554
521.32 361.651 362.775 0.0 -1.12427
522.49 826.15 830.449 0.0 -4.29889
523.65 598.15 597.386 0.0 0.76453
524.82 330.651 347.262 0.0 -16.61038
525.99 45.15 38.455 0.0 6.69497
527.16 400.149 437.556 0.0 -37.40701
528.32 445.151 383.809 0.0 61.34174
529.49 232.651 260.282 0.0 -27.63045
530.66 29.149 50.107 0.0 -20.95799
531.82 141.652 120.211 0.0 21.44063
532.99 196.151 181.849 0.0 14.30157
534.16 234.651 260.841 0.0 -26.1907
535.32 489.65 487.904 0.0 1.74594
536.49 118.15 161.407 0.0 -43.25714
537.65 528.151 581.755 0.0 -53.60419
538.82 186.15 170.867 0.0 15.28304
539.99 380.651 372.326 0.0 8.32477
541.15 486.652 426.182 0.0 60.46997
542.32 95.65 56.438 0.0 39.21196
543.48 441.149 451.515 0.0 -10.3653
544.65 577.149 574.571 0.0 2.57758
545.81 854.151 862.857 0.0 -8.70618
546.98 308.15 283.993 0.0 24.15634
548.14 446.651 453.857 0.0 -7.20615
549.31 219.65 219.892 0.0 -0.24168
550.47 244.65 244.923 0.0 -0.27258
551.63 573.651 600.363 0.0 -26.71228
552.8 214.651 250.266 0.0 -35.61501
553.96 207.15 239.883 0.0 -32.73241
555.13 230.15 240.426 0.0 -10.27568
556.29 519.65 505.984 0.0 13.66562
557.45 182.152 170.712 0.0 11.43909
558.62 301.15 309.933 0.0 -8.78342
559.78 410.15 432.493 0.0 -22.34366
560.94 241.65 218.94 0.0 22.7104
562.11 163.65 202.986 0.0 -39.33594
563.27 59.15 56.436 0.0 2.71351
564.43 14.15 13.403 0.0 0.7475
565.59 106.149 171.594 0.0 -65.44563
566.76 170.151 199.762 0.0 -29.61035
567.92 304.149 356.099 0.0 -51.95026
569.08 421.15 459.466 0.0 -38.31586
570.24 217.151 220.24 0.0 -3.08873
571.4 122.15 143.889 0.0 -21.73859
572.57 183.649 218.096 0.0 -34.44717
573.73 16.15 7.958 0.0 8.19188
574.89 192.149 228.533 0.0 -36.38382
576.05 260.151 291.298 0.0 -31.14746
577.21 84.651 138.823 0.0 -54.17216
578.37 -31.35 12.927 0.0 -44.27722
579.53 145.149 124.51 0.0 20.63935
580.69 349.15 326.463 0.0 22.68723
581.85 194.65 222.912 0.0 -28.26176
583.01 204.65 217.395 0.0 -12.74477
584.17 244.65 262.874 0.0 -18.22316
585.33 279.15 328.955 0.0 -49.80502
586.49 169.151 148.344 0.0 20.80621
587.65 323.151 323.351 0.0 -0.19998
588.81 345.65 286.456 0.0 59.19342
589.97 549.15 523.918 0.0 25.23206
591.13 188.151 196.739 0.0 -8.58717
592.29 145.65 192.979 0.0 -47.32976
593.45 103.65 84.989 0.0 18.66097
594.61 114.651 74.252 0.0 40.39891
595.77 76.65 91.93 0.0 -15.28031
596.93 65.651 27.269 0.0 38.38192
598.09 202.151 168.84 0.0 33.31084
599.24 131.65 97.976 0.0 33.67334
600.4 163.651 198.844 0.0 -35.19379
601.56 95.15 74.9 0.0 20.25059
602.72 200.15 256.498 0.0 -56.3483
603.87 252.148 276.193 0.0 -24.04453
605.03 62.649 75.498 0.0 -12.8483
606.19 81.15 76.953 0.0 4.19651
607.35 -34.35 -48.521 0.0 14.17025
608.5 304.15 303.429 0.0 0.72122
609.66 490.149 493.013 0.0 -2.86374
610.82 60.151 98.36 0.0 -38.20924
611.97 82.15 83.484 0.0 -1.33439
613.13 320.149 302.058 0.0 18.09143
614.29 236.15 274.944 0.0 -38.79424
615.44 313.65 297.964 0.0 15.6857
616.6 27.649 78.009 0.0 -50.35911
617.76 325.65 362.947 0.0 -37.2973
618.91 339.149 327.584 0.0 11.56519
620.07 339.15 369.969 0.0 -30.81894
621.22 14.65 -19.524 0.0 34.17334
622.38 579.65 600.984 0.0 -21.33441
623.53 33.15 19.889 0.0 13.2614
624.69 52.649 80.507 0.0 -27.85756
625.84 75.65 100.966 0.0 -25.31585
627.0 207.652 288.214 0.0 -80.56245
628.15 15.15 30.992 0.0 -15.84211
629.31 220.151 220.306 0.0 -0.15517
630.46 0.15 -35.067 0.0 35.2166
631.61 223.649 200.005 0.0 23.64398
632.77 113.151 149.812 0.0 -36.66134
633.92 283.15 266.395 0.0 16.75522
635.08 493.651 515.263 0.0 -21.61191
636.23 171.15 165.44 0.0 5.7104
637.38 -12.35 -5.557 0.0 -6.79267
638.54 340.651 341.343 0.0 -0.69223
639.69 478.649 455.091 0.0 23.55743
640.84 280.15 284.905 0.0 -4.75458
641.99 49.15 76.408 0.0 -27.2575
643.15 440.15 457.411 0.0 -17.26041
644.3 55.15 58.913 0.0 -3.76334
645.45 -35.85 -62.584 0.0 26.73375
646.6 478.65 477.919 0.0 0.73083
647.75 123.15 93.922 0.0 29.22791
648.91 -107.35 -102.575 0.0 -4.775
650.06 107.65 130.428 0.0 -22.77792
651.21 201.65 218.431 0.0 -16.78084
652.36 222.15 223.934 0.0 -1.78377
653.51 57.15 34.937 0.0 22.21332
654.66 148.15 163.94 0.0 -15.7896
655.81 285.15 318.942 0.0 -33.79251
656.96 30.15 30.445 0.0 -0.29543
658.11 197.65 224.948 0.0 -27.29836
659.27 239.65 248.951 0.0 -9.30127
660.42 35.65 -20.046 0.0 55.69582
661.57 183.65 199.957 0.0 -16.3071
662.72 -38.85 -97.54 0.0 58.68998
663.87 -47.35 -17.537 0.0 -29.81294
665.01 177.15 182.966 0.0 -5.81586
666.16 32.15 33.968 0.0 -1.81877
667.31 -12.85 19.471 0.0 -32.32169
668.46 414.15 390.974 0.0 23.17538
669.61 24.65 62.477 0.0 -37.82752
670.76 -28.35 -0.52 0.0 -27.83044
671.91 408.15 417.983 0.0 -9.83337
673.06 261.65 240.486 0.0 21.16373
674.21 -83.85 -87.511 0.0 3.6608
675.35 140.65 114.992 0.0 25.6579
676.5 59.15 73.995 0.0 -14.84503
677.65 -41.85 33.997 0.0 -75.84795
678.8 -60.851 -86.0 0.0 25.14914
679.94 0.149 54.003 0.0 -53.85378
681.09 195.649 175.506 0.0 20.14331
682.24 212.649 190.009 0.0 22.64038
683.39 -28.851 -67.488 0.0 38.63746
684.53 230.149 250.515 0.0 -20.36546
685.68 78.149 83.018 0.0 -4.86837
686.83 165.649 147.521 0.0 18.12871
687.97 76.149 114.024 0.0 -37.87421
689.12 96.649 111.026 0.0 -14.37712
690.27 35.149 -3.471 0.0 38.61996
691.41 246.649 239.032 0.0 7.61703
692.56 144.149 153.535 0.0 -9.38588
693.7 152.649 182.538 0.0 -29.88879
694.85 11.149 -3.959 0.0 15.10829
695.99 168.149 174.544 0.0 -6.39462
697.14 109.649 109.547 0.0 0.10245
698.28 148.649 190.55 0.0 -41.90047
699.43 185.149 189.552 0.0 -4.4034
700.57 -77.851 -108.445 0.0 30.5937
701.72 -50.851 -50.942 0.0 0.09078
702.86 -89.351 -109.939 0.0 20.58787
704.01 -44.851 4.564 0.0 -49.41506
705.15 200.649 209.567 0.0 -8.91798
706.29 67.149 13.07 0.0 54.07911
707.44 114.149 78.573 0.0 35.57619
708.58 -114.351 -108.924 0.0 -5.42672
709.72 331.149 335.579 0.0 -4.42966
710.87 -128.851 -92.419 0.0 -36.43256
712.01 -67.851 -78.416 0.0 10.56452
713.15 99.649 118.087 0.0 -18.43839
714.3 189.149 162.59 0.0 26.55869
715.44 26.149 -38.407 0.0 64.55577
716.58 105.149 111.596 0.0 -6.44715
717.72 5.149 13.099 0.0 -7.95007
718.87 70.149 74.602 0.0 -4.45298
720.01 52.149 36.605 0.0 15.5441
721.15 -57.351 -80.392 0.0 23.04118
722.29 136.649 145.61 0.0 -8.96173
723.43 242.149 215.113 0.0 27.03534
724.57 195.649 161.616 0.0 34.03242
725.72 112.149 100.619 0.0 11.52951
726.86 386.149 378.122 0.0 8.02658
728.0 57.149 60.125 0.0 -2.97633
729.14 -8.351 15.628 0.0 -23.97924
730.28 230.149 217.131 0.0 13.01784
731.42 -30.851 -30.366 0.0 -0.48508
732.56 367.648 354.636 0.0 13.01202
733.7 176.648 139.139 0.0 37.50909
734.84 -85.352 -73.858 0.0 -11.49384
735.98 82.648 45.645 0.0 37.00325
737.12 -54.852 -68.852 0.0 14.00033
738.26 -38.852 -22.849 0.0 -16.00259
739.4 89.648 87.654 0.0 1.9945
740.53 154.648 150.657 0.0 3.99159
741.67 75.148 135.16 0.0 -60.01134
742.81 -135.352 -132.837 0.0 -2.51425
743.95 102.648 139.665 0.0 -37.01717
745.09 -58.352 -36.332 0.0 -22.02009
746.23 165.148 198.171 0.0 -33.02301
747.36 223.148 207.674 0.0 15.47408
748.5 -46.352 -53.823 0.0 7.47115
749.64 -7.352 -13.32 0.0 5.96824
750.78 -20.852 -20.317 0.0 -0.53468
751.92 11.648 18.686 0.0 -7.0376
753.05 44.148 15.189 0.0 28.95948
754.19 315.148 279.692 0.0 35.45654
755.33 -118.352 -106.306 0.0 -12.04635
756.46 40.648 75.197 0.0 -34.54927
757.6 -20.352 -44.3 0.0 23.94781
758.74 288.148 267.703 0.0 20.44492
759.87 105.148 93.206 0.0 11.94198
761.01 94.648 61.709 0.0 32.93906
762.14 47.148 80.712 0.0 -33.56385
763.28 187.148 183.715 0.0 3.43323
764.41 84.648 94.718 0.0 -10.06969
765.55 -116.852 -162.78 0.0 45.92738
766.69 94.648 86.723 0.0 7.92447
767.82 116.648 112.226 0.0 4.42155
768.95 -24.352 -36.271 0.0 11.91864
770.09 388.148 413.232 0.0 -25.08426
771.22 345.148 265.735 0.0 79.41281
772.36 229.148 264.738 0.0 -35.5901
773.49 227.648 192.241 0.0 35.40697
774.63 60.148 42.244 0.0 17.90405
775.76 28.648 12.747 0.0 15.90113
776.89 167.648 137.249 0.0 30.39821
778.03 139.148 127.252 0.0 11.8953
779.16 10.648 2.755 0.0 7.89238
780.29 127.648 129.758 0.0 -2.11053
781.43 226.148 298.761 0.0 -72.61346
782.56 91.148 144.764 0.0 -53.61637
783.69 -11.852 -11.233 0.0 -0.61929
784.82 63.148 67.77 0.0 -4.62221
785.96 22.647 4.773 0.0 17.87487
787.09 59.647 59.776 0.0 -0.12804
788.22 111.647 116.278 0.0 -4.63096
789.35 -18.353 17.781 0.0 -36.13388
790.48 67.647 51.284 0.0 16.3632
791.62 279.147 261.787 0.0 17.36029
792.75 -32.353 -17.71 0.0 -14.64264
793.88 303.147 316.293 0.0 -13.14557
795.01 132.147 147.296 0.0 -15.14847
796.14 199.147 219.299 0.0 -20.15138
797.27 191.147 217.802 0.0 -26.65431
798.4 89.147 74.804 0.0 14.34278
799.53 -56.353 -30.693 0.0 -25.66014
800.66 105.147 102.81 0.0 2.33694
801.79 681.647 731.813 0.0 -50.16595
802.92 29.647 74.816 0.0 -45.16889
804.05 123.647 142.819 0.0 -19.17181
805.18 65.647 97.322 0.0 -31.67473
806.31 55.647 73.325 0.0 -17.67765
807.44 -76.853 -97.172 0.0 20.31944
808.57 150.147 199.831 0.0 -49.68349
809.69 171.647 145.833 0.0 25.8136
810.82 -144.853 -105.164 0.0 -39.68931
811.95 499.147 503.839 0.0 -4.69223
813.08 9.147 40.342 0.0 -31.19515
814.21 526.647 517.845 0.0 8.80194
815.33 107.647 129.348 0.0 -21.70099
816.46 93.147 111.351 0.0 -18.20391
817.59 355.647 406.354 0.0 -50.70682
818.72 203.147 197.857 0.0 5.29025
819.84 439.647 428.36 0.0 11.28732
820.97 200.147 253.862 0.0 -53.71558
822.1 262.647 336.365 0.0 -73.71851
823.22 -53.353 -19.632 0.0 -33.72141
824.35 -1.853 70.871 0.0 -72.72433
825.48 226.647 203.874 0.0 22.77277
826.6 138.147 115.877 0.0 22.26983
827.73 -102.353 -89.62 0.0 -12.73308
828.85 141.147 78.883 0.0 62.26399
829.98 301.647 272.386 0.0 29.26108
831.11 -32.353 18.388 0.0 -50.74183
832.23 -8.853 2.891 0.0 -11.74475
833.36 242.147 232.394 0.0 9.75233
834.48 103.647 83.397 0.0 20.24941
835.6 219.647 220.9 0.0 -1.25351
836.73 -40.353 -41.097 0.0 0.74358
837.85 250.147 256.406 0.0 -6.25934
838.98 -105.854 -60.091 0.0 -45.76226
840.1 188.146 158.412 0.0 29.73483
841.23 125.646 144.915 0.0 -19.2681
842.35 356.646 361.417 0.0 -4.77103
843.47 72.146 62.42 0.0 9.72607
844.6 -73.854 -53.077 0.0 -20.77685
845.72 -5.854 1.426 0.0 -7.27977
846.84 39.146 33.429 0.0 5.71732
847.96 8.646 -18.068 0.0 26.7144
849.09 -36.354 -26.065 0.0 -10.28852
850.21 79.646 52.438 0.0 27.20856
851.33 147.146 146.441 0.0 0.70564
852.45 -37.854 -57.556 0.0 19.70273
853.57 113.146 95.946 0.0 17.19981
854.7 -42.854 -27.551 0.0 -15.30311
855.82 3.646 -26.048 0.0 29.69397
856.94 204.646 176.955 0.0 27.69106
858.06 -112.854 -79.042 0.0 -33.81186
859.18 183.646 211.961 0.0 -28.31477
860.3 87.146 104.964 0.0 -17.8177
861.42 -110.854 -115.533 0.0 4.67939
862.54 -115.854 -86.03 0.0 -29.82353
863.66 -53.854 -28.028 0.0 -25.82645
864.78 61.146 40.475 0.0 20.67063
865.9 94.146 117.478 0.0 -23.33229
867.02 619.146 614.481 0.0 4.66479
868.14 417.646 348.984 0.0 68.66187
869.26 220.146 176.987 0.0 43.15897
870.38 -78.854 -103.01 0.0 24.15604
871.5 -101.354 -118.007 0.0 16.65313
872.62 -59.854 -26.004 0.0 -33.84979
873.74 326.146 292.499 0.0 33.64728
874.85 -42.854 -37.0 0.0 -5.85417
875.97 87.146 104.5 0.0 -17.35416
877.09 140.146 143.5 0.0 -3.35417
878.21 37.146 38.5 0.0 -1.35417
879.33 108.646 132.0 0.0 -23.35416
880.44 78.146 82.5 0.0 -4.35416
881.56 13.146 20.0 0.0 -6.85417
882.68 106.646 86.5 0.0 20.14584
883.79 419.646 431.0 0.0 -11.35416
884.91 -108.854 -133.0 0.0 24.14584
886.03 185.646 168.5 0.0 17.14583
887.14 284.146 279.0 0.0 5.14584
888.26 314.646 336.0 0.0 -21.35416
889.38 243.646 239.0 0.0 4.64583
890.49 -104.354 -129.5 0.0 25.14584
891.61 98.646 99.5 0.0 -0.85416
892.72 -100.854 -53.5 0.0 -47.35416
893.84 -84.354 -78.5 0.0 -5.85416
894.95 -95.354 -95.5 0.0 0.14584
896.07 28.646 28.0 0.0 0.64583
897.18 148.646 160.0 0.0 -11.35417
898.3 -107.354 -115.5 0.0 8.14584
899.41 240.146 264.0 0.0 -23.85417
900.53 107.646 135.5 0.0 -27.85416
901.64 207.646 164.0 0.0 43.64583
902.75 71.646 49.5 0.0 22.14584
903.87 -2.854 -33.5 0.0 30.64583
904.98 145.646 121.0 0.0 24.64583
906.09 34.646 54.5 0.0 -19.85417
907.21 127.646 160.5 0.0 -32.85416
908.32 52.146 13.5 0.0 38.64583
909.43 309.646 292.0 0.0 17.64584
910.54 70.646 94.0 0.0 -23.35416
911.66 562.146 537.0 0.0 25.14581
912.77 -27.854 -26.0 0.0 -1.85417
913.88 131.646 122.5 0.0 9.14583
914.99 -11.854 -5.5 0.0 -6.35417
916.1 91.646 96.5 0.0 -4.85416
917.22 -36.854 -75.5 0.0 38.64583
918.33 317.646 268.0 0.0 49.64584
919.44 15.646 48.0 0.0 -32.35417
920.55 350.146 313.5 0.0 36.64584
921.66 154.646 166.5 0.0 -11.85417
922.77 215.646 169.0 0.0 46.64583
923.88 309.146 279.0 0.0 30.14584
924.99 132.646 134.5 0.0 -1.85417
926.1 -89.354 -70.5 0.0 -18.85416
927.21 306.146 315.5 0.0 -9.35416
928.32 -131.854 -119.0 0.0 -12.85417
929.43 73.646 48.0 0.0 25.64584
930.54 0.646 -8.0 0.0 8.64583
931.65 67.146 53.0 0.0 14.14584
932.76 136.146 154.5 0.0 -18.35417
933.86 86.646 90.5 0.0 -3.85416
934.97 -1.354 -3.5 0.0 2.14583
936.08 38.646 32.5 0.0 6.14583
937.19 280.146 329.0 0.0 -48.85416
938.3 162.646 160.5 0.0 2.14583
939.4 301.646 325.5 0.0 -23.85416
940.51 78.146 83.5 0.0 -5.35416
941.62 177.146 165.0 0.0 12.14583
942.73 556.146 521.5 0.0 34.64581
943.83 109.646 115.5 0.0 -5.85416
944.94 92.646 100.0 0.0 -7.35416
946.05 -117.354 -114.5 0.0 -2.85416
947.15 -130.354 -108.0 0.0 -22.35417
948.26 43.646 60.5 0.0 -16.85417
949.36 -20.354 -36.0 0.0 15.64583
950.47 112.646 137.5 0.0 -24.85416
951.57 394.646 350.5 0.0 44.14584
952.68 213.146 165.5 0.0 47.64583
953.79 166.646 189.5 0.0 -22.85417
954.89 -1.854 20.5 0.0 -22.35417
955.99 163.646 159.0 0.0 4.64583
957.1 16.146 20.5 0.0 -4.35417
958.2 93.646 111.5 0.0 -17.85416
959.31 205.146 192.5 0.0 12.64583
960.41 4.146 25.0 0.0 -20.85417
961.52 -81.854 -38.5 0.0 -43.35416
962.62 203.646 201.0 0.0 2.64583
963.72 -93.354 -104.0 0.0 10.64584
964.83 -100.354 -151.5 0.0 51.14584
965.93 125.146 118.5 0.0 6.64584
967.03 262.146 272.0 0.0 -9.85416
968.13 171.146 203.0 0.0 -31.85417
969.24 -17.854 8.0 0.0 -25.85417
970.34 28.146 7.0 0.0 21.14583
971.44 19.646 64.5 0.0 -44.85417
972.54 128.646 117.5 0.0 11.14583
973.64 0.646 15.5 0.0 -14.85417
974.75 460.646 494.5 0.0 -33.85416
975.85 1606.646 1623.0 0.0 -16.35413
976.95 30.146 -6.5 0.0 36.64583
978.05 211.646 168.0 0.0 43.64583
979.15 469.146 416.0 0.0 53.14584
980.25 -15.854 -41.5 0.0 25.64583
981.35 -20.854 -23.0 0.0 2.14583
982.45 384.146 436.0 0.0 -51.85416
983.55 160.146 213.5 0.0 -53.35417
984.65 144.646 156.5 0.0 -11.85417
985.75 268.146 286.0 0.0 -17.85416
986.85 109.146 158.5 0.0 -49.35416
987.95 66.146 36.0 0.0 30.14584
989.05 352.146 318.0 0.0 34.14584
990.15 267.146 258.5 0.0 8.64584
991.25 156.146 131.0 0.0 25.14583
992.34 335.146 334.5 0.0 0.64584
993.44 139.646 155.5 0.0 -15.85417
994.54 102.646 124.0 0.0 -21.35416
995.64 320.146 332.5 0.0 -12.35416
996.74 336.146 428.5 0.0 -92.35416
997.83 -56.854 -70.5 0.0 13.64583
998.93 50.646 67.0 0.0 -16.35417
1000.03 595.646 579.5 0.0 16.14581
1001.12 313.146 365.0 0.0 -51.85416
1002.22 342.646 398.5 0.0 -55.85416
1003.32 31.146 68.0 0.0 -36.85417
1004.41 141.646 156.0 0.0 -14.35417
1005.51 136.146 138.0 0.0 -1.85417
1006.6 6.646 31.0 0.0 -24.35417
1007.7 275.646 249.0 0.0 26.64584
1008.8 -56.854 -64.5 0.0 7.64583
1009.89 192.646 181.0 0.0 11.64583
1010.99 153.646 103.0 0.0 50.64583
1012.08 -59.854 -64.5 0.0 4.64583
1013.18 115.646 131.0 0.0 -15.35416
1014.27 39.646 51.0 0.0 -11.35417
1015.36 71.646 116.0 0.0 -44.35416
1016.46 130.646 139.5 0.0 -8.85417
1017.55 -35.854 -18.0 0.0 -17.85417
1018.65 132.146 126.0 0.0 6.14583
1019.74 249.646 246.0 0.0 3.64583
1020.83 191.146 152.0 0.0 39.14583
1021.93 103.146 79.5 0.0 23.64584
1023.02 -62.854 -57.5 0.0 -5.35417
1024.11 -13.854 -54.0 0.0 40.14583
1025.2 -88.354 -32.5 0.0 -55.85416
1026.3 169.646 146.5 0.0 23.14583
1027.39 245.146 273.5 0.0 -28.35417
1028.48 135.146 174.0 0.0 -38.85417
1029.57 113.146 119.5 0.0 -6.35416
1030.66 176.146 98.0 0.0 78.14583
1031.75 725.646 696.0 0.0 29.64581
1032.84 220.646 192.5 0.0 28.14583
1033.94 -24.354 -25.0 0.0 0.64583
1035.03 275.646 279.0 0.0 -3.35416
1036.12 -49.354 -60.0 0.0 10.64583
1037.21 16.646 -33.0 0.0 49.64583
1038.3 179.646 167.0 0.0 12.64583
1039.39 -71.854 -26.5 0.0 -45.35416
1040.48 156.646 166.5 0.0 -9.85417
1041.57 210.146 214.0 0.0 -3.85417
1042.66 114.146 135.0 0.0 -20.85416
1043.74 168.646 185.5 0.0 -16.85417
1044.83 220.646 175.0 0.0 45.64583
1045.92 -71.354 -33.5 0.0 -37.85416
1047.01 220.146 220.5 0.0 -0.35417
1048.1 -90.354 -21.0 0.0 -69.35416
1049.19 127.146 152.0 0.0 -24.85416
1050.27 57.146 72.0 0.0 -14.85417
1051.36 46.646 50.5 0.0 -3.85417
1052.45 171.146 182.5 0.0 -11.35417
1053.54 125.146 140.0 0.0 -14.85416
1054.62 200.646 152.5 0.0 48.14583
1055.71 159.146 55.0 0.0 104.14583
1056.8 284.146 272.0 0.0 12.14584
1057.88 39.146 68.0 0.0 -28.85417
1058.97 129.646 132.0 0.0 -2.35417
1060.06 357.646 334.5 0.0 23.14584
1061.14 94.646 97.0 0.0 -2.35416
1062.23 779.646 783.0 0.0 -3.35419
1063.31 213.146 183.5 0.0 29.64583
1064.4 53.646 40.5 0.0 13.14583
1065.48 177.146 174.0 0.0 3.14583
1066.57 63.646 124.5 0.0 -60.85417
1067.65 175.646 202.0 0.0 -26.35417
1068.74 87.146 42.0 0.0 45.14584
1069.82 167.146 161.5 0.0 5.64583
1070.9 1124.146 1117.0 0.0 7.14587
1071.99 194.646 225.0 0.0 -30.35417
1073.07 156.146 184.5 0.0 -28.35417
1074.15 243.646 216.5 0.0 27.14583
1075.24 152.646 154.5 0.0 -1.85417
1076.32 234.646 204.5 0.0 30.14583
1077.4 442.646 445.0 0.0 -2.35416
1078.49 29.646 33.0 0.0 -3.35417
1079.57 199.646 239.5 0.0 -39.85417
1080.65 374.646 381.0 0.0 -6.35416
1081.73 102.146 113.5 0.0 -11.35416
1082.81 -3.854 -8.0 0.0 4.14583
1083.89 178.146 167.5 0.0 10.64583
1084.98 178.146 196.0 0.0 -17.85417
1086.06 13.646 -2.0 0.0 15.64583
1087.14 45.146 32.0 0.0 13.14583
1088.22 136.646 140.5 0.0 -3.85417
1089.3 9.146 -16.0 0.0 25.14583
1090.38 515.146 456.0 0.0 59.14581
1091.46 243.646 201.5 0.0 42.14583
1092.54 106.646 99.0 0.0 7.64584
1093.62 121.146 107.0 0.0 14.14584
1094.7 -12.854 30.0 0.0 -42.85417
1095.78 131.146 106.0 0.0 25.14583
1096.86 190.646 190.0 0.0 0.64583
1097.93 507.146 517.5 0.0 -10.35416
1099.01 335.646 274.5 0.0 61.14584
1100.09 26.146 66.0 0.0 -39.85417
