196.55 828.135 972.948 1339.379 -39.51963
197.76 1097.766 1427.472 1995.603 -58.03342
198.96 991.505 1340.45 1803.191 -75.40854
200.16 666.07 796.077 1227.164 -30.15805
201.36 1100.961 1587.379 2062.06 -102.47275
202.56 808.041 990.115 1401.163 -44.29529
203.76 708.874 849.94 1265.984 -33.90638
204.96 824.708 932.264 1411.806 -22.42902
206.16 593.302 712.367 946.298 -50.89706
207.36 941.744 1181.173 1687.519 -47.28552
208.56 833.867 1052.507 1476.29 -51.59239
209.76 566.135 637.704 982.138 -20.77877
210.96 760.758 888.539 1380.408 -25.97846
212.16 1463.078 2056.997 2537.841 -123.51619
213.36 932.063 1126.644 1600.47 -41.06608
214.56 789.027 890.479 1274.997 -26.38437
215.76 1213.874 1834.94 2402.485 -109.43025
216.96 1080.251 1568.862 2050.473 -101.45358
218.16 784.048 985.792 1447.599 -43.68571
219.35 684.621 716.838 1152.749 -7.39085
220.55 739.882 872.359 1328.661 -29.03294
221.75 674.962 810.596 1150.265 -39.93128
222.95 1072.15 1461.314 1932.768 -82.54543
224.15 876.469 1090.029 1574.459 -44.08477
225.35 707.107 782.472 1287.36 -14.92726
226.55 678.701 792.831 1188.111 -28.87337
227.75 1036.15 1378.814 1879.768 -68.40224
228.94 868.635 1122.204 1555.138 -58.56999
230.14 800.671 919.113 1379.351 -25.73474
231.34 707.628 847.028 1265.702 -33.29559
232.54 686.389 780.549 1133.115 -26.70722
233.74 679.171 805.869 1171.11 -34.68888
234.93 725.346 791.951 1221.947 -15.48981
236.13 805.86 951.574 1439.095 -29.88872
237.33 776.563 930.131 1313.452 -40.06251
238.53 718.643 887.381 1239.073 -47.97882
239.72 1069.026 1373.993 1901.015 -57.8659
240.92 568.454 562.676 918.088 1.62572
242.12 919.23 1152.807 1622.13 -49.76882
243.31 674.722 755.63 1186.695 -18.76936
244.51 637.947 627.0 952.653 3.36152
245.71 1006.019 1278.803 1722.062 -61.54054
246.9 1164.947 1688.0 2212.153 -99.79019
248.1 780.215 950.954 1448.759 -34.29838
249.3 754.86 982.33 1398.854 -54.61171
250.49 712.309 893.313 1321.511 -42.27107
251.69 909.751 1049.106 1539.214 -28.43341
252.89 726.852 916.154 1388.919 -40.04145
254.08 534.635 579.204 954.138 -11.88718
255.28 813.613 976.919 1400.072 -38.59245
256.47 559.824 577.666 955.382 -4.72363
257.67 878.172 1159.099 1530.833 -75.57216
258.86 983.693 1172.898 1590.417 -45.31655
260.06 736.599 917.809 1356.442 -41.31259
261.26 1066.179 1459.546 1914.546 -86.45423
262.45 803.729 939.063 1294.389 -38.08724
263.65 556.562 565.158 907.488 -2.51083
264.84 858.338 1081.531 1469.771 -57.48861
266.04 650.352 804.154 1217.419 -37.2163
267.23 517.772 487.661 823.556 8.96449
268.42 636.99 706.584 1015.802 -22.50657
269.62 772.853 882.641 1322.401 -24.96547
270.81 789.027 959.736 1397.256 -39.0175
272.01 795.309 923.056 1333.752 -31.10505
273.2 839.207 1164.034 1567.583 -80.49264
274.4 605.12 664.852 908.767 -24.48849
275.59 861.012 1028.883 1499.385 -35.67925
276.78 774.476 892.718 1361.913 -25.2012
277.98 713.316 772.746 1191.206 -14.20202
279.17 722.425 903.201 1285.069 -47.33978
280.37 675.265 837.985 1198.621 -45.12022
281.56 507.903 528.915 926.504 -5.28485
282.75 592.708 617.508 1021.047 -6.14551
283.95 677.244 801.186 1237.537 -28.40423
285.14 717.164 863.193 1247.675 -37.98074
286.33 615.077 700.267 1012.118 -27.31757
287.52 728.048 948.548 1368.358 -52.52398
288.72 864.164 1136.95 1615.434 -57.01043
289.91 1096.381 1410.373 1957.179 -57.4228
291.1 792.418 1007.024 1453.634 -48.05246
292.29 801.302 997.623 1395.057 -49.39716
293.49 778.396 1044.239 1446.568 -66.07597
294.68 583.2 729.845 997.629 -54.76203
295.87 714.541 803.102 1201.145 -22.2491
297.06 822.802 940.38 1418.817 -24.57549
298.26 435.823 420.179 733.9 4.98672
299.45 673.222 789.13 1098.195 -37.50287
300.64 717.382 822.859 1190.661 -28.67789
301.83 782.628 857.028 1294.202 -17.0184
303.02 643.353 630.384 1057.142 3.03887
304.21 916.759 1123.525 1573.39 -45.9619
305.4 707.672 875.356 1160.092 -58.89109
306.59 834.324 920.166 1316.882 -21.63811
307.79 672.599 803.053 1187.683 -33.91665
308.98 620.671 579.113 932.851 11.74844
310.17 868.626 966.081 1430.275 -20.99448
311.36 752.649 857.597 1178.563 -32.69758
312.55 1081.221 1560.657 2066.731 -94.73624
313.74 521.541 584.359 957.404 -16.83921
314.93 824.867 1009.007 1474.29 -39.57586
316.12 715.939 787.067 1192.958 -17.52373
317.31 450.439 406.823 740.217 13.08239
318.5 551.541 574.859 920.404 -6.74815
319.69 682.968 830.799 1262.736 -34.22496
320.88 708.896 736.225 1134.55 -6.86107
322.07 562.787 607.271 993.686 -11.51181
323.26 607.331 607.342 935.817 -0.00329
324.45 456.403 447.415 793.504 2.59703
325.64 678.026 766.749 1195.274 -20.70432
326.83 800.418 996.024 1395.634 -48.9495
328.01 637.164 738.436 1110.916 -27.18869
329.2 809.099 976.053 1403.683 -39.0416
330.39 629.302 727.38 1086.817 -27.28664
331.58 557.983 542.908 969.366 3.53489
332.77 956.78 1253.081 1742.233 -60.57435
333.96 435.229 448.82 671.648 -6.0992
335.15 554.345 524.964 868.466 8.55332
336.33 549.983 590.908 878.866 -14.21219
337.52 644.903 719.415 1040.504 -23.20606
338.71 618.505 710.45 1050.191 -27.06355
339.9 554.113 614.932 995.09 -15.99835
341.08 579.084 688.2 1067.812 -28.74402
342.27 750.976 879.475 1376.672 -25.84478
343.46 871.606 1063.729 1446.619 -50.17704
344.65 781.106 897.229 1356.119 -25.30515
345.83 873.287 983.257 1460.668 -23.03459
347.02 549.208 470.264 791.306 24.58981
348.21 908.49 1021.584 1513.302 -22.99984
349.4 506.316 462.989 862.946 10.83292
350.58 633.838 718.045 1108.789 -21.55047
351.77 599.671 575.369 941.11 6.64457
352.96 430.2 324.088 698.37 28.3509
354.14 643.034 619.926 1114.21 4.67503
355.33 623.722 536.13 920.695 22.7769
356.51 484.49 387.098 701.82 30.94544
357.7 665.845 679.734 1173.743 -2.81167
358.89 642.345 511.721 949.225 29.85664
360.07 840.91 915.105 1399.957 -15.30252
361.26 891.866 1061.79 1572.085 -33.29919
362.44 705.083 733.483 1177.108 -6.40187
363.63 624.293 481.743 950.435 30.41434
364.81 652.01 531.437 1069.458 22.41057
366.0 495.344 276.518 729.538 48.30377
367.18 1188.119 1403.392 2092.821 -31.22473
368.37 650.438 529.85 875.253 34.91235
369.55 761.257 737.065 1246.445 4.74936
370.74 896.178 911.572 1458.582 -2.8143
371.92 1062.888 1158.332 1668.41 -18.71181
373.11 635.757 476.078 1016.963 29.52177
374.29 641.974 421.772 908.985 45.19632
375.48 732.924 531.741 1060.623 38.03928
376.66 569.656 441.53 902.257 27.80952
377.84 989.438 953.85 1582.253 5.6633
379.03 610.417 405.051 908.67 40.77804
380.21 555.061 332.184 747.024 53.72611
381.39 528.743 266.212 675.074 64.21011
382.58 885.707 816.548 1409.101 11.67138
383.76 1131.287 1148.784 1715.705 -3.08636
384.94 1160.142 1254.164 1936.868 -13.77204
386.13 772.098 426.593 963.237 64.38243
387.31 891.308 618.339 1185.047 48.16743
388.49 736.272 474.688 1029.093 47.18281
389.68 927.033 637.952 1263.246 46.23115
390.86 984.373 567.466 1204.521 65.44291
392.04 1201.663 982.706 1677.693 31.50522
393.22 902.373 445.466 1111.021 68.65058
394.41 929.612 473.202 1085.367 74.55668
395.59 758.663 193.463 865.952 84.04601
396.77 984.113 552.689 1295.349 58.09167
397.95 1090.388 637.576 1375.151 61.39202
399.13 1242.482 792.678 1560.643 58.5709
400.31 1168.764 447.511 1233.657 91.74542
401.5 1360.207 626.304 1514.36 82.64146
402.68 1335.243 734.712 1616.074 68.13668
403.86 1189.112 434.445 1296.108 87.58262
405.04 1436.026 807.263 1861.292 59.65326
406.22 1242.446 367.783 1341.448 89.832
407.4 1548.446 697.013 1747.671 81.03813
408.58 1665.996 814.301 1875.791 80.23581
409.76 1755.264 947.755 2029.398 74.65581
410.94 1574.873 624.466 1721.521 86.63262
412.12 1538.722 502.9 1505.972 103.26493
413.3 1436.439 359.093 1500.994 94.34665
414.48 1456.489 371.111 1363.838 109.33304
415.66 1646.366 445.277 1491.567 114.79505
416.84 2130.859 1233.1 2392.132 77.45766
418.02 1901.62 623.378 1795.303 109.07197
419.2 1657.018 419.586 1512.357 113.23805
420.38 1754.583 583.97 1792.589 96.85543
421.56 1717.475 427.245 1581.949 111.73688
422.74 2040.576 1081.794 2295.154 79.01877
423.92 1927.554 865.995 2097.57 86.19526
425.1 1881.989 464.111 1706.838 114.09414
426.28 1949.896 405.995 1712.327 118.18591
427.46 2503.685 1356.492 2799.259 79.51344
428.63 2102.41 571.861 2000.716 107.11715
429.81 2065.504 687.964 1968.209 107.59975
430.99 2022.787 754.784 2180.705 88.92519
432.17 2351.069 1145.347 2523.941 87.46026
433.35 2208.678 827.316 2288.823 94.51628
434.52 2015.809 155.069 1442.77 144.50092
435.7 2232.671 376.383 1827.128 127.95405
436.88 2555.569 840.104 2306.7 116.96913
438.06 2415.997 552.531 2072.014 122.63815
439.23 2394.199 399.115 1956.406 128.11245
440.41 2473.671 594.126 2298.869 110.25383
441.59 2633.743 828.456 2548.315 104.96716
442.77 2433.823 276.679 1951.4 128.80618
443.94 2723.721 760.657 2663.231 103.17939
445.12 3003.229 769.833 2568.167 124.19253
446.3 3231.91 1093.118 2946.475 115.40095
447.47 3246.504 666.72 2632.968 131.2034
448.65 3432.091 720.646 2715.525 135.92028
449.82 3266.591 500.146 2418.525 144.20743
451.0 3336.584 609.213 2599.83 137.01131
452.18 3233.098 476.823 2644.96 127.1264
453.35 3449.431 530.16 2753.3 131.313
454.53 3543.62 558.865 2819.285 132.04428
455.7 3647.055 334.238 2713.311 139.2482
456.88 4329.823 945.935 3424.159 136.54487
458.05 4253.526 591.763 3040.792 149.51895
459.23 4413.287 315.784 2806.205 164.53054
460.4 4732.932 580.16 3298.8 152.75182
461.58 4822.613 719.432 3462.09 149.60598
462.75 4584.729 315.333 3204.667 147.76403
463.93 4758.533 628.696 3520.987 142.78774
465.1 4884.757 525.065 3629.945 140.41422
466.28 4862.2 218.101 3243.888 153.48399
467.45 5054.932 146.66 3291.8 156.05894
468.63 5592.185 523.249 3846.018 152.55158
469.8 6212.497 870.287 4222.273 159.37445
470.97 6143.815 405.259 3823.724 167.86941
472.15 6389.113 595.675 4138.332 163.53373
473.32 6532.2 704.601 4322.388 161.08187
474.49 6683.105 859.499 4671.896 152.75446
475.67 6261.519 507.573 4177.839 156.7719
476.84 6212.439 327.08 4088.476 156.46741
478.01 6563.569 636.347 4688.941 146.25748
479.19 6674.765 548.728 4557.862 152.80201
480.36 6851.367 309.02 4472.808 157.12487
481.53 7408.011 596.897 4836.903 160.63924
482.7 7648.881 497.129 4733.938 168.80045
483.88 7894.497 275.774 4583.755 176.85135
485.05 8016.823 361.935 4823.659 171.56794
486.22 8135.772 478.405 4938.797 171.67474
487.39 7927.621 333.595 4795.508 170.19664
488.56 7995.25 485.876 5021.991 165.54637
489.74 8144.584 897.2 5619.313 153.47758
490.91 7783.142 242.651 4990.851 158.80737
492.08 7941.25 375.876 5230.491 155.8388
493.25 7951.425 278.714 5092.587 159.38748
494.42 8310.207 476.778 5228.824 164.84329
495.59 8765.656 417.26 5317.48 170.36777
496.76 8939.605 465.756 5367.155 172.88634
497.93 9254.345 610.478 5616.483 172.66994
499.1 9381.236 572.753 5591.843 175.49962
500.27 9629.548 1040.792 6267.099 164.337
501.44 9553.707 1228.534 6296.083 164.28402
502.61 8804.802 423.137 5408.076 168.13977
503.78 8989.244 629.929 5761.278 162.90677
504.95 9163.635 1123.474 6516.415 149.08676
506.12 8884.084 696.943 5888.053 157.71465
507.29 8860.743 335.186 5433.538 167.22183
508.46 9136.982 32.165 5307.125 172.60448
509.63 10148.982 1258.165 6645.125 165.04331
510.8 10478.33 1179.612 6671.095 169.32982
511.97 10278.758 558.552 5824.426 184.58864
513.14 10406.628 258.528 5792.702 183.37153
514.31 10767.816 785.746 6241.206 182.97396
515.48 10503.577 495.01 6045.359 180.32321
516.65 10468.359 525.087 6124.614 177.57344
517.81 10193.389 355.806 5922.374 176.72619
518.98 10271.736 695.01 6349.102 169.3769
520.15 9995.222 161.13 5858.695 172.60167
521.32 10308.91 703.605 6464.457 166.7341
522.49 10987.657 1502.503 7468.221 158.99434
523.65 11097.541 1158.859 7184.404 164.94245
524.82 11291.519 638.073 6545.839 180.32952
525.99 11331.997 78.517 6017.496 189.4851
527.16 12157.867 631.25 6882.031 184.40284
528.32 12426.533 730.182 7018.969 185.98741
529.49 12550.751 411.619 6654.732 194.44037
530.66 12604.302 114.367 6539.298 194.39794
531.82 12650.584 180.957 6592.071 194.50015
532.99 12738.497 320.274 6997.255 185.98559
534.16 12616.446 444.256 7148.912 181.54833
535.32 13067.563 794.401 7641.229 179.25326
536.49 13079.482 294.408 7207.866 184.93023
537.65 13829.178 1011.059 8080.564 181.31565
538.82 13574.019 321.816 7430.58 186.42064
539.99 14230.845 642.721 8076.725 182.78339
541.15 14664.091 818.39 8357.766 183.64519
542.32 15401.686 147.979 7854.74 197.92628
543.48 16560.193 811.155 8785.676 197.49197
544.65 17031.969 992.785 8917.718 202.3889
545.81 18268.049 1483.292 10133.099 194.04777
546.98 18070.752 503.106 9285.714 200.02767
548.14 18977.049 783.792 9857.099 200.51407
549.31 18589.881 402.873 9415.179 201.80194
550.47 18964.084 469.443 9763.554 198.99312
551.63 19442.889 914.806 10766.874 188.06288
552.8 19319.148 454.584 10034.545 196.91692
553.96 19409.621 459.852 10240.767 193.7423
555.13 19783.504 391.45 10690.69 188.28626
556.29 20801.49 934.084 11394.302 189.93301
557.45 20920.295 274.46 10552.64 200.87054
558.62 22005.555 523.468 11224.534 200.74716
559.78 22525.752 771.606 11627.214 200.39546
560.94 22937.396 371.982 11276.809 206.93052
562.11 23957.201 391.088 11510.37 211.93916
563.27 24586.977 157.975 11361.672 218.04411
564.43 24848.352 32.397 11656.66 213.48411
565.59 25125.621 205.838 12004.749 211.2041
566.76 25651.52 351.073 12192.839 213.65434
567.92 26059.752 571.349 12448.455 214.60112
569.08 26361.969 715.042 13216.978 205.14365
570.24 26105.076 352.024 12896.877 205.28779
571.4 26334.461 226.366 12819.042 207.32761
572.57 26218.83 367.342 13100.317 203.02786
573.73 26287.918 55.524 13072.134 201.53016
574.89 27269.715 452.697 13544.0 204.84606
576.05 27538.563 476.158 13770.987 203.55586
577.21 27719.924 157.714 13514.587 206.35227
578.37 28426.715 18.954 13640.76 208.54622
579.53 29830.563 193.644 13978.47 214.99669
580.69 30040.049 597.535 14724.34 208.41595
581.85 30605.613 351.919 14327.072 216.48202
583.01 31531.801 401.88 14435.816 221.81888
584.17 31735.859 484.83 14656.854 220.51211
585.33 31919.998 572.517 14948.496 218.05458
586.49 32435.867 377.763 14735.049 223.28806
587.65 32406.207 573.278 15187.824 217.81674
588.81 31992.207 566.521 15553.064 209.69269
589.97 32688.953 929.433 15628.847 216.05977
591.13 31846.867 421.02 15287.808 211.3829
592.29 31509.859 336.574 15254.096 208.97094
593.45 31555.121 213.595 14965.508 212.45737
594.61 32112.258 134.052 15178.927 212.55216
595.77 31648.135 196.961 15395.896 206.93011
596.93 32097.07 91.091 14998.683 214.69584
598.09 32554.236 382.753 15545.343 212.1767
599.24 32871.941 138.067 15446.458 213.82962
600.4 33507.367 291.763 15433.549 219.36385
601.56 33184.934 233.39 15322.522 218.37931
602.72 34106.383 368.616 15465.42 223.47622
603.87 34816.07 473.064 15310.146 231.46738
605.03 34236.883 232.116 15238.92 226.59566
606.19 34548.789 148.514 14826.428 234.3676
607.35 34186.359 -3.926 15131.096 225.90179
608.5 34141.426 594.457 15492.328 225.17962
609.66 34241.984 989.651 15859.107 223.62844
610.82 33391.469 146.299 15137.236 221.76845
611.97 32834.988 125.084 14915.802 221.15157
613.13 32963.578 573.754 15514.6 216.78709
614.29 32324.527 496.993 15383.016 213.80818
615.44 32482.258 717.539 15456.908 215.50935
616.6 32338.354 180.141 14843.401 219.31147
617.76 32700.447 663.0 15414.652 217.1787
618.91 32744.15 726.314 15170.268 221.66947
620.07 32382.389 641.049 15204.114 217.95782
621.22 32598.939 17.567 14577.958 223.76715
622.38 33553.988 1061.084 15637.302 222.91726
623.53 33204.961 78.366 14625.542 227.71839
624.69 33783.641 112.137 14268.832 237.84862
625.84 33336.469 217.542 14299.978 235.17897
627.0 33784.504 488.964 14831.709 232.14203
628.15 34116.539 -0.398 14734.646 231.53605
629.31 33819.613 318.175 14728.331 232.48491
630.46 33525.555 -23.532 14344.034 233.5057
631.61 33526.434 374.134 14629.264 232.564
632.77 34080.953 228.189 14833.106 231.79018
633.92 33475.801 495.38 14691.816 232.31478
635.08 33466.73 949.577 15177.407 228.54611
636.23 33457.395 308.482 14744.809 229.62152
637.38 32646.316 -74.511 14334.446 227.08671
638.54 33127.156 654.76 15135.48 224.24572
639.69 32925.199 936.831 15459.111 220.27098
640.84 33083.137 490.402 14738.753 228.74742
641.99 32699.033 97.409 14039.882 233.82957
643.15 33511.43 816.916 14835.512 233.22245
644.3 33284.824 95.422 14179.142 235.65793
645.45 32951.223 -58.071 14110.771 232.971
646.6 33821.621 811.436 15075.401 231.42362
647.75 33870.016 161.942 14418.031 236.44685
648.91 34423.414 -136.551 13971.661 244.96346
650.06 34291.809 225.455 14825.291 233.33381
651.21 35229.707 417.462 14565.42 246.05845
652.36 35051.605 450.969 14709.05 242.67387
653.51 34808.5 101.475 14213.68 245.93624
654.66 35076.898 273.982 14861.81 238.57505
655.81 35337.293 651.989 15048.939 240.92119
656.96 35154.691 69.495 14402.569 244.78487
658.11 35352.59 365.002 14800.199 242.37693
659.27 35112.984 531.009 14925.328 240.24738
660.42 35221.383 29.015 14459.958 243.86742
661.57 35586.277 421.022 14835.088 243.96486
662.72 34224.676 -139.971 14611.718 232.95398
663.87 35035.574 -99.965 14122.848 247.03651
665.01 34904.469 316.042 14693.978 240.56602
666.16 35473.867 41.049 14739.607 241.06322
667.31 36265.262 95.555 14982.237 242.96688
668.46 36715.66 760.562 15722.366 240.31258
669.61 36425.555 206.069 15547.996 236.08172
670.76 37651.453 4.575 15214.626 247.51317
671.91 37645.852 769.582 16378.756 236.24741
673.06 39343.246 519.589 16014.886 250.55123
674.21 38225.645 -161.405 15583.016 243.81367
675.35 38886.039 284.102 15720.146 250.07663
676.5 38967.938 167.609 15849.774 247.4169
677.65 39656.836 72.615 15783.904 251.94763
678.8 39326.73 -110.878 15727.034 249.00762
679.94 41044.629 40.629 16048.164 256.15436
681.09 41722.523 370.135 17049.793 247.92108
682.24 42788.422 363.142 17513.924 247.36645
683.39 42328.32 -1.851 17222.553 245.75696
684.53 43514.715 558.155 17196.684 258.17523
685.68 43330.113 214.662 17614.813 247.78781
686.83 43627.508 301.169 17607.443 250.35046
687.97 43262.906 298.175 17622.072 248.00846
689.12 44056.805 178.182 17514.703 253.09935
690.27 42887.199 68.189 17408.832 246.92861
691.41 43982.598 468.195 17969.961 248.62864
692.56 43100.492 358.702 17742.592 245.87012
693.7 44679.391 378.709 17681.721 256.02873
694.85 43609.289 48.215 17192.852 254.07989
695.99 44805.184 398.222 17794.98 255.25998
697.14 44181.582 184.229 17551.111 253.34053
698.28 44807.477 342.735 18251.74 248.28147
699.43 44870.375 391.242 18390.369 247.11828
700.57 44546.77 -74.251 17710.5 250.89482
701.72 44856.668 -50.745 17219.129 260.03324
702.86 44786.566 -107.738 17549.26 254.25786
704.01 45728.461 50.269 17415.389 263.04565
705.15 45980.859 433.275 18332.02 254.47363
706.29 46570.254 126.782 17723.648 263.93035
707.44 47055.652 171.288 18374.777 257.55702
708.58 47262.051 -124.205 17936.408 262.37346
709.72 48073.945 629.302 18731.037 262.09997
710.87 46883.844 -137.192 17783.168 262.38891
712.01 46998.738 0.315 17644.297 266.37084
713.15 47385.137 217.322 18427.928 259.01288
714.3 47367.035 348.828 17921.557 267.5635
715.44 47595.43 92.335 18611.186 256.51211
716.58 48385.828 277.342 18420.816 265.15586
717.72 46754.223 52.848 18398.945 254.55755
718.87 48063.121 240.855 18262.076 265.3664
720.01 46917.02 117.362 18078.205 260.56492
721.15 47242.414 -54.132 17879.836 263.72606
722.29 47262.313 345.875 18022.965 265.40815
723.43 47786.707 498.882 18553.596 261.91401
724.57 47810.105 450.388 18287.225 265.51635
725.72 47208.504 244.895 18067.354 263.50803
726.86 48198.898 678.902 18459.484 267.25782
728.0 47536.297 164.408 17772.113 269.04068
729.14 48305.191 -2.085 17477.244 276.36802
730.28 47337.09 481.422 17805.373 270.46756
731.42 47930.984 10.928 17753.004 270.09273
732.56 48486.883 722.435 18545.133 267.99785
733.7 48249.281 386.942 18597.262 262.83085
734.84 48445.176 -127.052 17331.393 278.21624
735.98 48109.074 148.955 17932.521 269.68786
737.12 49455.969 -3.038 17789.152 277.98155
738.26 48000.867 17.468 17486.281 274.68036
739.4 49015.266 228.475 17917.912 275.79617
740.53 47910.16 407.482 18162.541 267.54446
741.67 47997.559 273.488 17733.67 273.33089
742.81 49582.453 -222.505 17185.301 286.10704
743.95 48189.352 241.002 17969.93 270.45262
745.09 48359.25 19.508 17370.561 278.59833
746.23 48173.645 399.515 17605.189 277.66496
747.36 48916.043 453.522 17477.32 284.67513
748.5 48889.938 60.028 17069.949 287.06723
749.64 47128.336 25.035 17006.078 277.38756
750.78 47434.234 -5.458 16833.209 281.73068
751.92 47442.629 74.548 16909.838 281.36184
753.05 46819.027 155.555 16258.969 289.77379
754.19 47731.922 635.562 16783.098 291.66283
755.33 46309.82 -151.932 16117.228 285.58176
756.46 45299.719 245.075 16057.357 284.93447
757.6 44857.113 82.082 15697.487 286.73627
758.74 45179.012 562.088 16315.617 283.2186
759.87 45141.406 244.595 16092.247 283.3026
761.01 43611.805 271.102 15563.377 283.41566
762.14 45150.703 234.608 15825.006 288.10102
763.28 45037.098 408.115 15272.136 300.24839
764.41 44076.996 249.121 15157.766 293.97626
765.55 44166.391 -123.872 14748.896 297.79436
766.69 42878.289 289.635 15202.025 285.5924
767.82 43053.184 266.641 15014.155 290.12715
768.95 42175.582 26.148 14525.285 290.70305
770.09 42379.48 737.655 15281.915 286.31106
771.22 43214.375 661.661 15275.044 291.19003
772.36 42373.273 504.168 14678.674 295.38318
773.49 42376.668 489.175 14838.804 291.90646
774.63 41618.066 196.181 14003.434 300.00093
775.76 40076.965 154.688 13969.563 288.98036
776.89 41216.859 428.195 14067.693 299.04812
778.03 41276.258 360.201 13450.823 312.56007
779.16 39972.652 8.708 13358.952 299.34991
780.29 39595.551 308.215 13035.582 308.68392
781.43 39630.449 606.221 13093.712 312.50657
782.56 38938.344 315.228 13181.842 300.18089
783.69 38536.742 11.735 12475.972 309.08436
784.82 37626.637 233.241 12821.602 297.04739
785.96 37566.035 116.748 12587.731 300.29137
787.09 36750.434 204.255 12186.361 305.00629
788.22 36738.828 394.261 12237.99 306.8676
789.35 36780.727 157.768 11739.62 316.20986
790.48 36395.621 142.275 12009.25 305.49778
791.62 35208.52 580.281 11944.38 304.7161
792.75 34628.918 5.288 11194.01 309.45117
793.88 34372.313 737.795 11788.14 304.37527
795.01 33878.711 353.801 11355.77 304.71738
796.14 34559.105 404.808 11514.898 307.41692
797.27 32910.004 493.815 11487.528 294.86114
798.4 33507.898 283.321 10909.158 312.67727
799.53 32205.797 -4.672 10310.788 312.25431
800.66 31891.193 316.335 10739.418 302.93204
801.79 32800.09 1276.841 11846.548 298.24147
802.92 32130.488 199.848 10216.178 318.78583
804.05 31175.385 381.855 10327.308 309.62421
805.18 31758.781 290.861 10017.937 323.50855
806.31 31687.678 215.868 9756.066 329.88632
807.44 30562.574 -64.625 9580.196 317.55071
808.57 30949.473 400.381 10089.826 315.28216
809.69 30421.869 400.888 9940.456 314.69958
810.82 29246.766 -163.605 9102.586 317.39438
811.95 30517.162 988.401 10112.216 323.6449
813.08 29637.059 103.908 8928.345 334.67462
814.21 29325.957 1064.915 10169.975 310.38831
815.33 29502.854 282.921 9203.104 327.57098
816.46 28374.75 308.928 9013.734 322.41753
817.59 28245.646 847.435 9490.864 316.9831
818.72 28282.543 504.441 8670.494 340.16558
819.84 27594.439 896.448 9116.124 324.80588
820.97 26472.838 446.454 8550.754 321.14292
822.1 26713.734 593.961 8538.383 328.7813
823.22 25622.631 -30.532 7767.513 328.96916
824.35 26025.527 92.474 7844.143 334.54803
825.48 25892.424 574.481 7850.272 347.97511
826.6 24880.822 310.488 7455.902 343.86157
827.73 24720.719 -144.506 7245.032 336.4923
828.85 24357.615 268.501 7361.662 339.61045
829.98 24524.512 610.008 7638.292 340.26093
831.11 24133.408 70.014 6945.921 349.96683
832.23 23682.807 81.521 6962.051 343.01553
833.36 23562.703 524.528 7592.181 325.96642
834.48 23133.6 259.034 6894.811 344.71575
835.6 23128.996 482.041 7014.94 346.66009
836.73 22661.893 -7.952 6711.07 337.39798
837.85 21913.789 535.054 6989.7 331.21471
838.98 22186.188 -104.439 6228.33 351.98865
840.1 22611.084 458.568 6766.959 351.15952
841.23 21706.48 371.074 6570.589 344.1464
842.35 22614.877 720.581 7111.219 342.59955
843.47 21609.273 248.588 6354.849 349.81613
844.6 20816.672 26.594 6149.978 339.51943
845.72 21468.568 155.101 6077.608 359.87239
846.84 21094.965 134.608 5955.738 360.07368
847.96 20820.361 139.114 5813.368 364.47521
849.09 20936.258 58.121 5820.497 362.31819
850.21 20697.656 232.628 5935.127 358.87823
851.33 20481.553 385.134 5976.757 359.40227
852.45 19929.949 25.141 5610.387 356.38196
853.57 19585.346 232.148 5832.016 345.60094
854.7 19220.242 67.654 5477.146 354.05522
855.82 18858.639 -0.339 5659.776 333.19072
856.94 19680.537 485.168 5827.405 359.31328
858.06 18821.934 -64.326 5132.035 363.45165
859.18 18634.33 425.181 5653.165 348.30154
860.3 19462.727 244.688 5345.295 376.77943
861.42 18794.123 -89.306 5013.424 370.06521
862.54 18179.521 -65.799 4962.554 362.84882
863.66 18004.918 50.708 4975.184 364.59125
864.78 18524.314 186.714 5073.814 375.2246
865.9 18285.211 244.221 5222.943 362.36183
867.02 18305.607 1277.228 6443.073 329.63392
868.14 18279.504 879.234 5701.203 360.85404
869.26 17715.902 575.741 5163.833 373.57928
870.38 17091.799 -90.252 4456.962 377.85879
871.5 17211.195 -94.746 4453.592 380.48933
872.62 17212.592 69.761 4578.222 380.23684
873.74 16967.988 699.268 5511.852 338.04544
874.85 16482.188 40.271 4430.417 374.5187
875.97 16854.688 286.271 4564.417 387.28033
877.09 16967.188 373.271 4811.917 373.8509
878.21 15997.188 220.771 4370.917 380.14127
879.33 16200.188 334.771 4641.417 368.39382
880.44 16243.188 254.771 4375.417 388.00756
881.56 15340.688 111.271 4114.417 380.43624
882.68 15714.188 256.271 4367.917 375.95449
883.79 16239.188 826.771 4988.417 370.34428
884.91 15333.688 -58.229 3702.917 409.23477
886.03 15223.688 456.271 4455.417 369.26429
887.14 15128.688 659.271 4800.417 349.40612
888.26 15521.688 777.271 4809.917 365.62639
889.38 15963.688 636.271 4577.417 388.90764
890.49 15518.188 -89.729 4014.417 380.29634
891.61 16171.188 307.771 4176.917 409.99792
892.72 15504.688 -13.229 4058.417 381.12147
893.84 15783.188 -99.229 3906.917 396.45128
894.95 15838.688 -87.229 3941.917 395.26781
896.07 16267.188 152.271 4075.417 410.76516
897.18 16008.188 384.271 4307.417 398.24972
898.3 15635.688 -41.229 3881.917 399.60065
899.41 16082.688 577.271 4446.917 400.69345
900.53 16222.188 335.771 4029.417 430.10124
901.64 15425.688 462.271 4350.417 384.84712
902.75 14978.688 262.771 4055.917 387.96073
903.87 14975.188 116.771 3876.417 395.20787
904.98 15196.688 403.771 4044.917 406.27091
906.09 14959.188 235.771 3943.917 397.05602
907.21 14524.688 438.771 3919.917 404.63448
908.32 14564.688 198.271 3488.417 436.64983
909.43 14249.688 650.771 3977.917 408.72619
910.54 13749.188 280.271 3820.917 380.40846
911.66 14365.188 1160.771 4581.417 386.02118
912.77 13318.688 85.771 3214.417 422.95987
913.88 13384.688 300.271 3645.417 391.14637
914.99 12828.188 69.271 3371.417 386.38258
916.1 13403.188 349.771 3617.417 399.47464
917.22 12899.688 58.771 2918.417 449.03869
918.33 12638.688 688.771 3724.917 393.58835
919.44 12456.188 270.271 3384.417 391.30847
920.55 12842.188 660.771 3674.417 404.20862
921.66 12306.688 428.771 3272.917 417.62684
922.77 12147.688 488.271 3282.417 417.28017
923.88 12403.188 623.271 3542.917 403.47073
924.99 11889.688 373.771 3227.417 403.551
926.1 11008.688 -11.229 2623.917 418.19
927.21 11420.688 652.771 3484.417 380.27059
928.32 10485.688 -84.729 2456.417 415.97047
929.43 10537.688 251.771 2756.917 410.59152
930.54 10446.188 111.271 2439.417 443.9119
931.65 10069.188 266.271 2607.917 418.6336
932.76 10058.688 381.771 2750.917 408.45592
933.86 9857.188 302.271 2464.417 441.91822
934.97 9463.188 113.771 2305.417 426.59339
936.08 8945.188 164.771 2138.417 444.88308
937.19 8287.688 708.271 2768.917 367.81752
938.3 7596.188 472.271 2273.917 395.41159
939.4 7078.688 674.771 2431.417 364.55364
940.51 6499.188 305.271 1864.417 397.26347
941.62 6157.688 503.771 1984.417 381.85478
942.73 6287.188 1102.771 2513.917 367.39055
943.83 5641.688 302.771 1592.417 413.98318
944.94 5903.188 338.271 1721.417 402.33768
946.05 5480.688 -35.729 1180.417 453.5983
947.15 5692.188 -25.729 1255.417 446.31272
948.26 5846.688 228.771 1623.917 402.67596
949.36 6087.688 98.271 1469.917 436.65914
950.47 6001.688 326.771 1819.917 380.06447
951.57 6486.188 844.771 2349.917 374.80862
952.68 6308.688 568.771 1976.417 407.76711
953.79 6403.688 439.271 2026.417 375.79514
954.89 6175.188 121.771 1668.417 391.38998
955.99 6474.188 391.271 2152.917 345.29735
957.1 6407.688 230.271 1637.417 439.00331
958.2 6731.688 271.271 1806.417 420.83408
959.31 6779.688 455.771 2090.917 386.74938
960.41 6397.188 130.271 1642.917 414.30166
961.52 6615.188 10.271 1452.917 457.83357
962.62 6632.688 493.771 1946.917 422.45704
963.72 6336.188 -50.729 1492.417 413.88939
964.83 6593.188 -70.729 1396.917 454.05483
965.93 6902.188 341.771 1883.917 425.40833
967.03 7004.188 714.271 2232.917 414.17927
968.13 6660.188 466.771 1975.417 410.52822
969.24 6523.188 175.771 1604.417 444.29604
970.34 6343.188 206.771 1605.917 438.58308
971.44 6301.188 265.771 1650.417 435.88163
972.54 6564.188 346.771 1881.917 405.00497
973.64 6139.688 142.271 1643.917 399.38957
974.75 6890.188 1069.771 2472.917 414.81194
975.85 7495.188 3162.271 4867.417 254.10829
976.95 6033.688 189.771 1479.917 452.9656
978.05 6368.688 525.771 1934.917 414.64245
979.15 6341.688 896.271 2298.917 388.22461
980.25 5635.188 99.771 1282.917 467.85584
981.35 5706.688 179.271 1406.417 450.42868
982.45 6280.188 891.771 2297.417 383.34096
983.55 5806.188 462.771 1760.417 411.77775
984.65 5894.188 418.271 1628.917 452.31369
985.75 5576.188 675.271 1828.917 424.81987
986.85 5593.688 372.271 1638.417 412.38669
987.95 5238.688 185.271 1345.917 435.39697
989.05 5447.688 783.271 2071.417 362.10313
990.15 5349.188 628.271 1710.417 436.25514
991.25 5002.688 443.271 1513.917 425.85669
992.34 5246.688 835.771 1982.917 384.51229
993.44 4988.688 478.271 1473.917 453.01419
994.54 4702.688 386.771 1334.417 455.43564
995.64 4678.688 731.271 1754.417 385.81174
996.74 4691.688 789.271 1829.917 374.99951
997.83 4358.188 73.771 1008.417 458.40001
998.93 4498.688 315.271 1299.917 424.86514
1000.03 4847.688 1230.771 2285.917 342.7883
1001.12 4486.688 704.771 1735.417 366.9463
1002.22 4255.188 729.271 1828.417 320.78698
1003.32 3956.188 272.271 1190.917 401.01601
1004.41 3863.188 467.271 1408.417 360.82791
1005.51 3860.688 402.771 1217.917 424.20837
1006.6 3523.188 188.771 987.917 417.24757
1007.7 3747.688 624.271 1470.917 368.91657
1008.8 3404.188 103.271 755.917 505.77456
1009.89 3536.688 577.771 1331.917 392.35339
1010.99 3757.188 384.771 1149.417 441.04299
1012.08 3559.188 47.271 826.417 450.73931
1013.18 3502.188 394.271 1240.917 367.08583
1014.27 3788.188 202.271 1009.417 444.27121
1015.36 3762.688 334.271 1124.417 433.89672
1016.46 3709.688 402.771 1194.917 417.46314
1017.55 3506.188 148.271 862.917 469.87142
1018.65 3496.688 496.771 1208.917 421.25036
1019.74 3516.688 586.771 1441.917 342.62188
1020.83 3373.688 505.271 1239.417 390.71486
1021.93 3127.188 280.271 1081.417 355.35563
1023.02 2820.688 38.271 740.917 395.99133
1024.11 2804.688 63.771 754.417 396.86283
1025.2 2777.188 88.271 722.417 424.0218
1026.3 2858.188 454.271 1131.917 354.74531
1027.39 2801.188 597.771 1268.417 328.55147
1028.48 2768.188 486.771 1072.417 389.55572
1029.57 2614.188 312.771 901.917 390.63615
1030.66 2550.688 451.771 1035.417 359.62166
1031.75 3030.188 1483.271 2155.917 229.97489
1032.84 2547.188 652.771 1237.417 324.02809
1033.94 2209.188 161.271 678.417 396.00369
1035.03 2482.188 773.771 1262.917 349.26532
1036.12 1988.688 90.271 614.917 361.84727
1037.21 1940.188 66.771 609.417 345.23744
1038.3 2326.688 522.771 1049.417 342.52939
1039.39 1932.188 153.271 549.417 449.05598
1040.48 1979.188 455.771 904.417 339.55885
1041.57 2109.688 616.271 1021.917 368.15774
1042.66 1868.688 441.771 862.917 338.8177
1043.74 2027.688 508.271 928.417 361.64029
1044.83 1832.188 543.271 974.917 298.60512
1045.92 1538.188 45.771 481.917 342.18295
1047.01 1822.688 617.771 1054.417 275.9483
1048.1 1373.688 96.771 402.417 417.77658
1049.19 1576.688 502.271 822.417 335.60225
1050.27 1568.188 342.271 705.417 337.58246
1051.36 1365.188 305.271 681.417 281.78343
1052.45 1535.688 469.771 875.417 262.77026
1053.54 1406.688 466.771 758.417 322.28015
1054.62 1446.188 525.271 900.417 245.48229
1055.71 1321.688 467.771 822.917 240.44112
1056.8 1483.688 688.271 1055.917 216.35407
1057.88 1238.188 328.771 652.417 280.9913
1058.97 1305.688 458.771 804.417 245.0244
1060.06 1502.188 834.771 1296.917 144.41691
1061.14 1188.688 367.771 664.417 276.7329
1062.23 1831.188 1608.271 2089.917 46.28227
1063.31 1229.188 547.271 887.917 200.18346
1064.4 991.688 279.271 610.417 215.13683
1065.48 1137.688 526.771 738.917 287.9701
1066.57 1084.188 362.771 691.917 219.17842
1067.65 1130.188 543.771 885.417 171.6446
1068.74 1024.188 357.271 635.417 239.77229
1069.82 1116.188 544.271 856.417 183.22097
1070.9 1959.688 2151.771 2635.417 -39.71567
1071.99 1010.188 561.771 908.917 129.17241
1073.07 996.188 491.771 826.917 150.50661
1074.15 1010.188 576.771 914.417 128.36428
1075.24 945.188 526.771 764.417 176.06731
1076.32 1009.688 625.771 880.417 150.76494
1077.4 1176.188 963.771 1324.417 58.89897
1078.49 764.688 218.271 494.417 197.87251
1079.57 940.688 655.271 905.917 113.87249
1080.65 1117.688 866.771 1207.917 73.55116
1081.73 743.688 382.771 651.417 134.34664
1082.81 644.688 238.271 479.917 168.18692
1083.89 863.188 548.771 799.417 125.44259
1084.98 827.188 533.271 847.417 93.56058
1086.06 639.188 267.771 470.917 182.83254
1087.14 696.688 283.771 487.417 202.76216
1088.22 777.688 524.771 765.417 105.09912
1089.3 636.188 261.771 458.417 190.40154
1090.38 1138.688 1101.771 1433.417 11.13134
1091.46 851.188 598.771 838.417 105.32904
1092.54 617.188 405.771 657.917 83.84697
1093.62 682.688 412.771 674.917 102.96431
1094.7 573.188 186.271 429.417 159.12947
1095.78 648.688 490.771 699.917 75.50552
1096.86 714.688 545.771 843.917 56.65572
1097.93 1065.188 1146.271 1458.417 -25.97613
1099.01 839.688 802.271 1099.917 12.57088
1100.09 581.188 334.271 492.917 155.6402
