196.55 725.811 637.312 784.191 60.25294
197.76 1013.37 939.8 1026.126 85.2237
198.96 941.884 856.3 897.256 208.96417
200.16 622.801 561.303 603.974 144.12356
201.36 1048.754 1037.285 1124.277 13.18357
202.56 740.684 695.791 767.988 62.1817
203.76 621.641 612.799 638.321 34.64108
204.96 733.097 695.308 690.155 0.0
206.16 566.947 490.81 550.358 127.85888
207.36 867.99 819.305 936.887 41.40472
208.56 767.18 680.301 740.575 144.14106
209.76 482.219 497.306 459.691 0.0
210.96 638.91 620.302 687.879 27.53557
212.16 1394.446 1311.814 1359.72 172.48581
213.36 796.841 733.805 804.727 88.88076
214.56 687.041 636.813 689.496 95.33998
215.76 1236.141 1209.3 1180.821 0.0
216.96 1029.857 972.798 1064.633 62.13286
218.16 760.237 694.796 735.734 159.85189
219.35 564.299 483.31 591.198 75.0673
220.55 668.285 634.81 762.068 26.30482
221.75 603.715 581.816 639.279 38.11047
222.95 962.232 923.809 1021.684 39.25669
224.15 839.675 746.315 842.525 97.03834
225.35 661.379 541.313 654.706 105.88461
226.55 595.137 558.809 583.409 147.67699
227.75 942.232 842.309 968.184 79.38231
228.94 780.219 687.306 800.691 81.94463
230.14 712.612 694.304 759.423 28.11456
231.34 606.667 537.802 644.445 64.57534
232.54 576.153 577.802 594.314 -9.98891
233.74 588.02 576.298 618.423 27.82632
234.93 652.392 566.813 598.336 271.47706
236.13 645.72 621.303 751.829 18.70693
237.33 700.526 649.817 710.228 83.93991
238.53 642.771 583.311 663.438 74.2081
239.72 930.856 873.301 990.995 48.90238
240.92 462.071 429.306 469.532 81.45242
242.12 846.569 720.309 913.394 65.39112
243.31 572.517 461.804 607.648 75.91219
244.51 489.018 478.801 536.285 17.77407
245.71 891.988 823.809 883.249 114.70245
246.9 1075.018 1016.801 1099.785 70.15482
248.1 671.965 627.8 737.401 40.29593
249.3 688.628 643.297 716.328 62.07079
250.49 664.223 612.296 682.604 73.85634
251.69 719.95 666.304 760.633 56.87095
252.89 685.576 627.792 699.582 80.48995
254.08 478.219 415.806 504.691 70.2176
255.28 696.154 603.799 709.452 87.41402
256.47 481.328 424.305 454.597 188.24455
257.67 800.796 714.316 860.423 59.1895
258.86 817.677 748.311 868.162 57.87638
260.06 632.642 557.796 657.959 74.72402
261.26 1013.072 951.802 1046.169 64.92703
262.45 640.477 598.303 684.894 48.7053
263.65 451.157 357.292 469.227 83.8566
264.84 778.748 692.302 772.089 108.34499
266.04 619.076 487.792 581.082 140.7268
267.23 394.238 360.292 408.872 69.87617
268.42 513.463 436.803 563.263 60.62004
269.62 598.76 609.305 688.582 -13.30063
270.81 660.448 585.307 700.495 65.23349
272.01 641.815 634.302 679.104 16.76857
273.2 789.82 731.789 786.154 106.74313
274.4 456.614 429.797 445.698 168.65343
275.59 766.844 677.298 756.502 113.05667
276.78 618.543 552.307 662.271 60.23476
277.98 556.683 548.295 601.35 15.81034
279.17 624.638 539.306 677.546 61.7273
280.37 605.185 532.288 585.625 136.67298
281.56 404.573 412.299 493.807 -9.47848
282.75 478.689 398.314 485.655 92.02432
283.95 551.305 536.293 629.386 16.12576
285.14 618.467 530.293 631.176 87.40234
286.33 463.169 436.295 477.22 65.66737
287.52 622.644 583.29 663.734 48.92162
288.72 739.875 681.787 795.676 51.00402
289.91 893.101 885.298 930.068 17.4286
291.1 744.586 571.302 755.3 94.17711
292.29 640.855 610.304 718.858 28.14353
293.49 683.021 601.794 710.56 74.68015
294.68 552.952 465.297 531.408 132.58783
295.87 610.869 525.304 520.488 0.0
297.06 666.263 643.798 687.857 50.98723
298.26 323.643 299.293 380.596 29.94963
299.45 591.017 543.304 569.648 181.12005
300.64 583.285 483.31 594.568 89.85874
301.83 661.667 587.802 644.445 130.40489
303.02 481.852 450.311 571.583 26.00906
304.21 788.594 658.314 740.38 158.75122
305.4 618.704 540.81 616.423 103.0166
306.59 654.328 567.805 712.097 59.96348
307.79 562.234 526.802 592.459 53.96502
308.98 471.612 417.804 488.923 75.659
310.17 733.428 614.752 693.442 150.81477
311.36 624.27 525.778 607.183 120.99089
312.55 1037.148 886.78 972.146 176.14384
313.74 444.276 364.797 404.988 197.75619
314.93 707.18 618.301 747.575 68.75272
316.12 521.058 490.803 581.039 33.52926
317.31 370.966 306.797 364.539 111.1313
318.5 422.276 348.297 455.488 69.01641
319.69 546.399 462.296 579.524 71.74279
320.88 516.705 493.807 528.561 65.88758
322.07 454.25 425.795 517.865 30.90606
323.26 453.88 402.81 477.343 68.51956
324.45 357.573 303.799 393.307 60.07774
325.64 507.764 482.795 587.495 23.84834
326.83 660.586 558.302 706.8 68.87903
328.01 524.559 486.299 559.676 52.14177
329.2 704.234 615.802 702.459 102.04827
330.39 507.763 433.798 510.857 95.98397
331.58 373.411 341.799 401.517 52.9359
332.77 833.382 762.303 842.619 88.50016
333.96 328.385 246.296 378.894 61.90815
335.15 380.708 361.8 408.836 40.19862
336.33 412.911 355.799 449.017 61.26741
337.52 514.073 455.799 509.307 108.90794
338.71 500.384 413.8 506.256 93.64845
339.9 492.97 422.787 476.951 129.5739
341.08 523.129 430.293 514.466 110.29243
342.27 628.451 568.8 617.271 123.06661
343.46 742.786 666.807 721.206 139.67141
344.65 673.786 581.807 712.206 70.5371
345.83 706.435 631.308 714.865 89.91071
347.02 367.597 301.808 430.155 51.2587
348.21 721.963 643.303 730.263 90.45542
349.4 422.775 298.301 410.85 110.59525
350.58 524.563 454.789 526.589 97.17859
351.77 439.02 387.798 409.923 231.51238
352.96 288.044 236.303 321.908 60.44174
354.14 453.816 412.299 475.242 65.9606
355.33 404.517 369.804 383.648 250.75637
356.51 291.279 265.291 286.263 123.91766
357.7 497.931 427.282 483.335 126.03962
358.89 381.116 339.294 424.335 49.17783
360.07 660.941 589.291 649.053 119.89274
361.26 690.219 618.77 740.074 58.90088
362.44 413.668 448.263 481.965 -102.64881
363.63 397.157 364.256 356.109 0.0
364.81 428.606 396.749 447.0 63.39491
366.0 291.47 201.751 269.834 131.77911
367.18 963.061 894.26 948.696 126.3876
368.37 422.097 297.772 403.537 117.54773
369.55 576.041 478.777 561.878 117.0425
370.74 597.203 556.277 634.668 52.20695
371.92 768.692 718.271 819.813 49.65483
373.11 367.356 353.765 402.878 27.67353
374.29 326.805 313.257 311.769 0.0
375.48 476.584 436.769 444.045 547.25506
376.66 315.23 291.776 353.929 37.73596
377.84 667.597 592.272 650.037 130.39767
379.03 329.217 300.777 369.798 41.20391
380.21 283.288 226.268 300.726 76.58005
381.39 237.936 164.768 184.885 363.71582
382.58 596.635 491.777 615.154 84.99063
383.76 769.566 678.783 765.864 104.25089
384.94 782.81 730.28 876.936 35.81855
386.13 356.18 290.765 383.457 70.57244
387.31 492.854 379.272 448.103 165.01584
388.49 319.869 332.768 367.371 -37.27754
389.68 467.447 448.774 514.74 28.30665
390.86 406.271 386.775 484.32 19.9872
392.04 683.283 571.281 691.175 93.41681
393.22 360.771 310.775 374.82 78.06438
394.41 366.693 325.768 378.45 77.68236
395.59 174.69 165.775 217.175 17.3454
396.77 432.877 334.78 425.451 108.19074
397.95 451.784 322.278 429.813 120.43127
399.13 544.634 503.78 598.016 43.35298
400.31 357.816 349.763 345.624 0.0
401.5 454.543 357.271 495.653 70.29245
402.68 531.936 430.768 508.385 130.34262
403.86 306.285 304.774 365.951 2.46964
405.04 603.579 504.782 597.494 106.56335
406.22 228.057 236.27 285.784 -16.58787
407.4 472.334 454.289 548.285 19.1977
408.58 609.962 535.771 600.008 115.49523
409.76 638.909 581.269 657.124 75.98618
410.94 455.771 418.275 461.82 86.10933
412.12 360.24 297.786 414.147 53.67303
413.3 296.689 282.278 364.038 17.62611
414.48 265.594 235.278 260.262 121.3418
415.66 347.404 256.783 394.574 65.76671
416.84 836.851 711.278 848.828 91.29307
418.02 456.745 370.273 478.197 80.12344
419.2 325.027 270.778 358.748 61.66782
420.38 398.852 361.775 441.465 46.52713
421.56 386.674 344.282 371.77 154.2219
422.74 737.3 626.77 749.719 89.89943
423.92 574.42 478.276 633.48 61.94703
425.1 406.594 356.778 388.262 158.22667
426.28 353.929 299.788 362.06 86.94213
427.46 863.347 769.788 908.915 67.24754
428.63 456.349 345.785 414.052 161.95652
429.81 454.199 367.787 484.255 74.19344
430.99 506.066 430.283 586.364 48.55349
432.17 738.525 655.284 761.473 78.38915
433.35 502.295 457.284 597.668 32.06293
434.52 177.131 119.79 241.603 47.07235
435.7 311.335 249.785 357.922 56.91835
436.88 567.432 480.778 599.972 72.69982
438.06 398.739 370.789 475.009 26.8181
439.23 286.675 262.779 353.407 26.36783
440.41 467.927 404.792 486.922 76.87218
441.59 514.028 501.775 600.385 12.42635
442.77 256.643 214.793 307.096 45.33968
443.94 548.148 516.78 621.646 29.91252
445.12 534.7 466.784 540.393 92.2663
446.3 710.756 645.279 758.552 57.80498
447.47 503.607 431.781 532.255 71.48676
448.65 571.405 508.779 564.712 111.96658
449.82 373.405 318.279 412.712 58.37564
451.0 412.945 320.281 440.465 77.1013
452.18 400.957 267.784 434.458 79.90031
453.35 407.229 329.28 421.291 84.71677
454.53 415.43 345.785 440.197 73.76655
455.7 292.512 218.782 321.98 71.44541
456.88 638.551 569.287 719.596 46.08098
458.05 436.579 385.282 524.494 36.84814
459.23 283.066 219.283 361.864 44.7344
460.4 448.229 328.28 499.791 69.93653
461.58 508.97 458.287 518.451 84.24079
462.75 226.7 185.284 308.393 33.64194
463.93 424.039 405.781 458.741 34.47665
465.1 414.041 307.777 439.878 80.44109
466.28 217.36 146.791 309.908 43.26285
467.45 141.229 95.78 275.291 25.31829
468.63 455.755 296.782 488.415 82.95726
469.8 580.647 480.783 687.509 48.30732
470.97 278.998 235.782 378.849 30.20684
472.15 511.562 382.293 580.951 65.07102
473.32 560.86 471.791 582.408 80.52024
474.49 589.51 534.788 692.205 34.76209
475.67 382.212 291.79 510.248 41.39069
476.84 255.874 204.29 345.038 36.64943
478.01 481.525 407.784 570.473 45.32597
479.19 411.278 344.794 505.625 41.33744
480.36 259.996 228.289 424.574 16.1535
481.53 465.659 339.786 545.002 61.33704
482.7 328.508 276.792 524.567 20.87238
483.88 309.331 217.295 441.009 41.13998
485.05 313.551 266.287 466.596 23.59551
486.22 411.83 328.799 542.372 38.87722
487.39 249.707 226.803 433.698 11.06994
488.56 366.173 361.785 588.632 1.93422
489.74 642.129 484.293 816.966 47.44482
490.91 253.495 172.292 452.937 28.93424
492.08 355.173 286.285 523.632 29.02405
493.25 260.453 194.794 475.046 23.42881
494.42 368.412 309.795 584.654 21.32617
495.59 366.007 288.795 546.43 29.9696
496.76 394.417 292.782 573.705 36.17908
497.93 506.023 386.288 662.335 43.37498
499.1 517.345 417.795 698.64 35.44665
500.27 754.237 613.796 971.734 39.23601
501.44 846.32 701.289 996.154 49.1855
502.61 383.17 297.292 609.357 27.51943
503.78 506.897 379.799 677.386 42.70953
504.95 849.442 737.788 1086.19 32.04756
506.12 547.222 404.8 733.466 43.33326
507.29 355.805 242.793 573.386 34.18462
508.46 152.819 62.793 392.017 27.34498
509.63 861.819 694.793 1085.017 42.80265
510.8 866.103 716.291 1104.843 38.55651
511.97 452.725 370.79 732.879 22.62858
513.14 344.667 192.302 598.445 37.51511
514.31 624.183 498.295 899.85 31.35015
515.48 519.261 323.301 734.22 47.68832
516.65 438.536 231.291 685.328 45.64494
517.81 451.561 242.296 682.814 47.50424
518.98 558.753 426.289 885.14 28.86865
520.15 298.017 166.304 577.648 32.02015
521.32 613.941 395.291 841.553 48.9959
522.49 1089.599 830.801 1388.43 46.41047
523.65 887.276 640.297 1176.988 46.01889
524.82 622.712 363.79 948.748 44.26322
525.99 262.924 77.801 598.51 35.55197
527.16 658.773 393.807 992.575 44.25176
528.32 613.224 402.293 985.241 36.1835
529.49 508.765 302.791 831.132 38.985
530.66 308.947 97.31 677.358 36.48612
531.82 342.537 173.287 719.966 30.95965
532.99 468.331 235.795 836.509 38.70992
534.16 559.426 255.795 930.785 44.98306
535.32 789.749 524.799 1185.727 40.08761
536.49 461.911 160.299 823.517 45.4771
537.65 843.387 586.79 1290.169 36.48071
538.82 466.304 139.296 911.749 42.33368
539.99 746.616 390.794 1115.835 49.07603
541.15 815.997 434.286 1229.212 48.01848
542.32 439.532 96.801 950.915 40.12709
543.48 797.584 475.805 1331.662 37.59733
544.65 975.583 600.808 1536.025 40.0736
545.81 1282.236 823.796 1832.234 45.46046
546.98 707.45 293.804 1336.133 39.68477
548.14 901.737 476.296 1582.234 38.46876
549.31 657.601 234.798 1313.068 39.21123
550.47 709.222 225.3 1430.966 40.13729
551.63 1035.561 607.796 1798.314 35.93097
552.8 662.955 271.29 1443.183 33.42151
553.96 689.614 250.297 1466.698 36.11614
555.13 705.884 241.8 1555.756 35.31958
556.29 1034.464 594.303 1940.263 32.70232
557.45 587.118 153.787 1521.611 31.68031
558.62 719.289 299.8 1860.481 26.87857
559.78 873.95 428.304 1960.633 29.08291
560.94 726.613 228.301 1847.56 30.77409
562.11 687.544 219.303 1826.908 29.12663
563.27 569.951 51.8 1725.271 30.96264
564.43 535.168 18.298 1747.082 29.89787
565.59 644.799 148.31 1876.698 28.72555
566.76 643.712 198.29 2027.248 24.35383
567.92 791.542 314.31 2298.633 24.05012
569.08 805.991 419.802 2446.524 19.05485
570.24 618.077 217.289 2235.219 19.86134
571.4 501.939 121.798 2220.278 18.11506
572.57 680.88 226.81 2365.344 21.23278
573.73 539.086 37.302 2190.3 23.30629
574.89 797.057 213.806 2492.401 25.59695
576.05 945.657 286.292 2661.227 27.76347
577.21 780.953 117.294 2489.546 27.97593
578.37 696.965 23.3 2464.901 27.59111
579.53 951.841 130.805 2657.227 32.49799
580.69 1287.829 338.802 2923.734 36.71379
581.85 1186.154 275.799 2796.952 36.10869
583.01 1168.763 225.298 2964.857 34.43856
584.17 1255.128 250.797 3099.828 35.25167
585.33 1440.424 346.802 3171.01 38.72314
586.49 1312.088 167.295 3068.575 39.45821
587.65 1448.412 298.295 3348.154 37.7105
588.81 1545.505 315.302 3349.655 40.54251
589.97 1799.978 521.799 3577.031 41.83574
591.13 1481.496 219.789 3411.574 39.52982
592.29 1556.72 243.303 3407.329 41.51096
593.45 1524.207 104.803 3434.698 42.62606
594.61 1441.725 108.29 3294.379 41.8518
595.77 1492.627 92.8 3441.191 41.80595
596.93 1473.117 66.291 3410.473 42.06787
598.09 1716.345 217.795 3689.14 43.16915
599.24 1600.058 114.803 3618.039 42.39667
600.4 1732.088 160.795 3699.575 44.40212
601.56 1623.006 113.298 3677.292 42.35999
602.72 1839.693 231.804 3953.568 43.20233
603.87 1947.486 270.315 3971.474 45.31474
605.03 1782.693 101.304 3872.568 44.58423
606.19 1779.843 37.301 3954.365 44.48591
607.35 1707.72 14.303 3889.329 43.7008
608.5 2060.046 340.3 4245.546 44.03681
609.66 2339.503 510.805 4468.517 46.20595
610.82 1877.399 113.796 4064.524 44.63994
611.97 1897.964 82.803 4115.764 45.00814
613.13 2138.354 342.307 4445.72 43.76957
614.29 2058.856 237.301 4377.995 43.99154
615.44 2257.91 341.302 4630.879 44.68058
616.6 2068.26 63.305 4329.583 46.99543
617.76 2342.018 329.801 4634.285 46.747
618.91 2286.731 361.809 4662.684 44.75653
620.07 2302.653 341.302 4653.314 45.48575
621.22 1994.058 0.303 4391.039 45.40823
622.38 2610.463 580.303 5017.764 45.7505
623.53 2098.938 33.298 4593.778 45.29437
624.69 2117.179 66.805 4666.938 44.57207
625.84 2208.991 73.302 4848.524 44.72439
627.0 2359.199 252.287 5003.255 44.347
628.15 2255.869 21.804 4789.488 46.85849
629.31 2467.562 215.293 5094.451 46.16102
630.46 2261.789 -33.2 4837.48 47.11844
631.61 2357.598 221.304 5155.292 43.2975
632.77 2419.386 198.793 5068.031 45.60453
633.92 2580.263 282.798 5326.357 45.55245
635.08 2910.793 503.29 5601.893 47.21887
636.23 2557.613 159.301 5251.561 47.09721
637.38 2424.775 -23.699 5196.35 46.9052
638.54 2856.007 324.295 5716.93 46.94759
639.69 3006.637 502.309 5919.909 46.22578
640.84 2832.777 225.299 5724.777 47.41319
641.99 2603.43 43.799 5535.551 46.60865
643.15 3097.083 457.299 6031.325 47.35867
644.3 2699.736 57.299 5648.098 47.26404
645.45 2610.889 -54.201 5666.372 46.58782
646.6 3121.042 498.299 6356.146 44.77316
647.75 2850.695 122.3 6053.919 45.99748
648.91 2761.348 -43.2 5896.693 47.21547
650.06 3008.501 95.3 6104.967 48.47526
651.21 3096.655 258.8 6486.74 45.5665
652.36 3139.808 291.8 6522.514 45.70917
653.51 3119.961 97.8 6303.788 48.69749
654.66 3212.614 106.801 6517.062 48.45065
655.81 3499.767 338.301 6872.835 48.38089
656.96 3222.92 29.301 6660.109 48.16335
658.11 3407.573 201.301 7031.883 46.93995
659.27 3460.726 224.801 7047.656 47.42772
660.42 3391.379 23.801 7002.93 48.25212
661.57 3572.032 203.302 7231.204 47.93366
662.72 3410.685 -70.698 7041.478 48.94962
663.87 3553.838 -42.198 7165.751 49.88987
665.01 3749.991 153.802 7552.525 48.60554
666.16 3701.144 3.802 7302.798 50.65549
667.31 3896.297 69.302 7748.572 49.8354
668.46 4337.45 364.803 8218.846 50.58092
669.61 3925.103 85.803 8133.12 47.70908
670.76 3927.756 -15.197 8192.894 48.0374
671.91 4368.41 383.803 8852.167 47.05285
673.06 4128.563 292.803 8704.44 45.60063
674.21 3891.216 -86.197 8625.214 45.6575
675.35 4238.369 143.804 8696.988 47.87182
676.5 4195.021 107.304 8960.262 46.17347
677.65 4136.675 5.804 8980.535 46.02779
678.8 3980.828 -81.696 9047.809 44.49884
679.94 4074.481 20.804 9334.583 43.52343
681.09 4388.634 183.304 9974.856 42.94855
682.24 4538.787 202.305 10238.13 43.21002
683.39 4576.94 5.305 10168.904 44.98047
684.53 4899.093 205.305 10680.178 44.80998
685.68 4743.746 103.305 10857.451 43.15025
686.83 4610.899 149.805 11004.225 41.09933
687.97 4555.552 114.306 11071.999 40.53085
689.12 4592.205 72.806 11315.272 40.19936
690.27 4677.858 14.306 11274.046 41.41794
691.41 5328.511 252.306 11700.319 44.34136
692.56 5604.665 174.306 11797.094 46.72165
693.7 5673.817 173.806 11924.867 46.80438
694.85 5577.471 -17.193 11851.141 47.13942
695.99 5698.124 194.307 12337.414 45.32462
697.14 5682.776 89.807 12533.688 44.94554
698.28 5948.43 205.807 12608.962 46.29969
699.43 6256.583 115.807 12545.235 49.40513
700.57 6331.236 -75.193 12643.009 50.37213
701.72 6410.889 -61.692 12816.283 50.26086
702.86 6555.042 -99.192 12984.057 50.86072
704.01 6604.195 -16.692 13435.83 49.2167
705.15 6841.348 196.308 13878.604 48.56671
706.29 6796.001 30.308 13804.878 49.11727
707.44 7247.154 66.808 14121.151 51.08987
708.58 7156.807 -71.691 14087.425 51.0519
709.72 7771.96 315.809 14831.699 51.36544
710.87 7223.613 -109.191 14264.973 51.01378
712.01 7244.766 -56.691 14516.246 50.10285
713.15 7575.419 79.809 15163.02 49.69506
714.3 7693.572 208.309 15113.294 50.21986
715.44 7925.226 18.31 15359.567 51.54021
716.58 8289.379 111.81 15553.341 52.95828
717.72 8276.031 5.31 15678.114 52.77116
718.87 8222.685 68.31 15879.389 51.5738
720.01 8190.837 57.31 16093.662 50.71931
721.15 7903.491 -70.19 15793.436 50.26392
722.29 8475.144 172.811 16468.209 50.94894
723.43 8762.297 225.811 16748.482 51.66529
724.57 8812.95 187.311 16671.756 52.32593
725.72 8999.103 95.811 16993.531 52.68931
726.86 9155.256 355.311 17002.805 52.86048
728.0 8879.409 33.811 17141.578 51.70516
729.14 8685.063 -38.688 17211.852 50.57089
730.28 9181.715 244.812 17751.625 51.04814
731.42 9141.368 -48.688 17619.398 52.01501
732.56 9666.521 351.312 18129.172 52.39781
733.7 9803.174 203.812 18323.945 52.97622
734.84 9287.827 -91.688 18077.221 51.62399
735.98 9760.48 62.813 18537.494 52.49166
737.12 9392.134 -52.187 18588.768 50.66436
738.26 9381.786 22.813 18737.541 50.0086
739.4 9863.439 113.313 19299.814 50.81764
740.53 10086.093 146.813 19140.088 52.33052
741.67 10272.746 118.813 19408.361 52.63956
742.81 10197.398 -95.186 19243.137 53.22377
743.95 10437.552 158.814 19426.41 53.34728
745.09 10293.705 -2.686 19422.184 53.00623
746.23 10346.857 163.314 19837.457 51.76105
747.36 10361.011 212.314 20136.23 50.93726
748.5 10151.164 -6.686 19742.504 51.43426
749.64 10673.317 5.315 20219.277 52.77542
750.78 10790.97 -16.185 20203.551 53.44855
751.92 10843.123 17.315 20237.826 53.53875
753.05 11148.776 49.315 20320.6 54.7546
754.19 10942.429 323.315 20479.373 52.68448
755.33 10363.082 -118.685 20275.146 51.39675
756.46 10779.735 125.316 20781.42 51.58001
757.6 10521.389 8.816 20320.193 51.75706
758.74 11262.541 285.816 20974.467 53.05675
759.87 11247.694 83.816 20582.24 54.46213
761.01 11302.348 68.316 20903.016 53.91982
762.14 11304.501 68.817 20837.789 54.09841
763.28 11115.653 231.317 20895.563 52.67231
764.41 11090.807 96.317 20980.836 52.64421
765.55 10721.96 -118.183 20814.109 51.7867
766.69 11032.112 118.817 20793.883 52.78481
767.82 11191.266 118.317 20800.656 53.53818
768.95 11037.919 -1.182 20581.932 53.63183
770.09 11683.572 444.318 20882.705 54.99091
771.22 11798.225 352.318 21385.479 54.41839
772.36 11440.378 220.318 20991.252 54.01808
773.49 11278.531 302.818 21116.025 52.73437
774.63 10957.685 56.818 20900.799 52.29743
775.76 10832.337 36.319 21013.572 51.46536
776.89 11087.49 210.819 20756.846 52.93808
778.03 11237.144 138.819 20719.121 53.92693
779.16 11459.296 -42.681 20723.895 55.38697
780.29 11434.949 129.819 20908.668 54.40691
781.43 11408.103 297.819 20588.441 54.75575
782.56 11287.256 137.32 20687.715 54.25655
783.69 10747.908 -0.68 20196.488 53.21829
784.82 10807.562 60.32 20393.262 52.8563
785.96 10840.715 78.32 20505.535 52.68655
787.09 10933.867 99.82 20453.311 53.22943
788.22 11313.021 112.32 20499.584 54.93969
789.35 11217.674 -24.179 20483.357 54.81815
790.48 11421.827 49.821 20368.131 55.96925
791.62 11283.979 237.321 20444.404 54.66726
792.75 10730.133 -33.179 19987.178 53.76184
793.88 10856.786 345.821 20153.451 53.06523
795.01 10769.439 120.321 20121.727 53.24185
796.14 10869.092 221.822 20278.0 53.08723
797.27 10946.745 229.322 19759.773 54.87545
798.4 11019.398 100.322 20093.047 54.61525
799.53 10804.051 -69.678 19343.32 56.01262
800.66 10764.704 107.822 19516.594 54.90755
801.79 11646.857 716.822 20288.367 55.84656
802.92 10866.511 70.823 19606.141 55.26241
804.05 10659.163 174.823 19523.416 54.18658
805.18 10294.816 125.823 19437.189 52.65807
806.31 10460.47 67.823 19198.963 54.3232
807.44 10477.623 -58.177 19203.736 54.69758
808.57 10912.775 159.323 19985.01 54.24
809.69 11052.429 180.324 19799.283 55.41632
810.82 11066.582 -126.176 19596.557 56.75054
811.95 11363.234 498.324 19998.83 55.71604
813.08 10613.888 34.824 19121.605 55.42613
814.21 10974.541 518.324 19863.379 54.05111
815.33 10300.694 118.824 19114.652 53.60056
816.46 10154.847 161.825 18712.926 53.86754
817.59 10575.5 417.825 18868.199 55.05403
818.72 10425.153 234.825 18819.973 54.83049
819.84 10638.807 436.825 18696.246 55.87243
820.97 10562.459 259.825 18356.02 56.9326
822.1 10612.612 310.325 18748.795 55.87387
823.22 9987.766 -29.174 18138.068 55.13737
824.35 9914.918 26.326 18345.342 53.97993
825.48 9682.071 251.326 18140.115 52.71875
826.6 9478.725 136.326 17963.889 52.40424
827.73 9252.878 -83.674 17596.662 52.80755
828.85 9543.03 89.826 17820.936 53.31423
829.98 9953.684 303.827 18008.211 54.50546
831.11 9726.837 -22.173 17508.484 55.61121
832.23 9967.489 17.827 17873.258 55.72345
833.36 10059.143 261.327 17914.031 55.5032
834.48 9773.296 130.327 17510.805 55.48161
835.6 9664.449 192.827 17511.578 54.68998
836.73 8981.102 -37.172 17082.852 52.67676
837.85 9021.255 218.328 17306.625 51.51436
838.98 8700.908 -94.672 16900.4 51.75371
840.1 9163.562 194.328 17479.674 51.88923
841.23 9281.214 119.828 17148.447 53.79993
842.35 9874.367 350.329 17855.221 54.40787
843.47 9731.021 100.829 17375.994 55.74587
844.6 9649.673 -38.171 17120.268 56.4611
845.72 9833.826 4.829 16961.041 57.96694
846.84 9759.479 22.329 17055.314 57.16643
847.96 9828.133 16.829 17166.59 57.20957
849.09 9638.785 -3.67 17074.363 56.46116
850.21 9581.938 68.83 17183.637 55.58408
851.33 9706.592 196.33 16716.41 57.56789
852.45 9555.745 -56.17 16874.184 56.77327
853.57 9927.897 122.33 17019.957 58.02926
854.7 9662.051 -3.67 16521.73 58.49008
855.82 9839.204 18.331 16829.506 58.41872
856.94 10110.856 186.831 17127.279 58.58184
858.06 9768.01 -122.669 16716.053 58.73771
859.18 9840.163 170.331 16926.826 57.70796
860.3 9715.816 87.831 17049.1 56.76454
861.42 9572.969 -103.669 16831.873 57.13804
862.54 9487.122 -96.168 16676.146 57.13755
863.66 9716.775 -43.668 16690.42 58.32671
864.78 9923.929 71.332 17034.695 58.08162
865.9 9908.581 109.332 16724.969 58.97607
867.02 10538.234 676.832 17307.242 59.29741
868.14 10307.388 444.332 17198.016 58.87097
869.26 9886.54 226.833 16961.789 57.72174
870.38 9365.693 -115.667 16441.063 57.2659
871.5 9376.847 -77.667 16530.836 56.92574
872.62 9266.0 -52.167 16666.109 55.73641
873.74 9519.652 306.333 16925.385 55.4383
874.85 9119.229 -52.667 16573.521 55.16536
875.97 9422.229 119.333 16590.021 56.48153
877.09 9662.729 122.333 16584.021 57.95515
878.21 9539.729 63.333 16111.521 59.04964
879.33 9649.229 123.833 16197.521 59.2608
880.44 9500.229 66.333 16025.521 59.11264
881.56 9484.729 40.333 16105.521 58.78796
882.68 9445.729 92.833 16215.521 58.01078
883.79 9537.729 424.833 16592.521 56.36487
884.91 8851.729 -134.167 15862.021 56.17524
886.03 9205.729 169.833 16124.021 56.63652
887.14 9402.729 290.333 16637.521 55.7429
888.26 9627.729 330.333 16600.521 57.14375
889.38 9751.729 273.833 16755.021 57.50736
890.49 9554.229 -86.667 16621.021 57.70335
891.61 10184.229 97.333 17207.021 58.9543
892.72 10104.229 -71.167 17100.521 59.25682
893.84 10217.729 -71.667 17289.021 59.26837
894.95 10354.229 -80.667 17700.021 58.68668
896.07 10298.229 20.833 17935.021 57.37015
897.18 10290.229 147.833 18021.521 56.74484
898.3 9852.729 -53.167 17895.521 55.19008
899.41 10511.229 274.833 18195.021 57.12215
900.53 10327.229 120.333 18364.521 55.94601
901.64 10450.229 219.833 18278.521 56.65083
902.75 10469.729 53.833 18022.021 57.96854
903.87 10522.229 -10.667 17833.521 59.02704
904.98 10721.729 149.833 17740.521 60.09939
906.09 10569.229 22.833 17442.021 60.54471
907.21 10544.729 145.833 17727.021 59.14786
908.32 10328.729 28.333 17427.021 59.20214
909.43 10333.229 272.333 17324.521 59.00062
910.54 9855.229 127.833 17101.521 57.30868
911.66 10029.229 540.333 17398.021 56.28824
912.77 9508.229 -1.667 16875.521 56.34763
913.88 9550.229 150.833 16798.021 56.46237
914.99 9379.729 -48.167 16249.521 57.84806
916.1 9658.729 135.833 16502.521 58.18463
917.22 9557.729 -30.167 16246.521 58.9057
918.33 10072.729 289.833 16533.021 60.22768
919.44 9809.229 76.833 16088.021 60.78498
920.55 10105.229 358.833 16400.521 60.75667
921.66 9641.729 200.333 15967.521 59.88003
922.77 9372.729 207.333 15947.521 58.22927
923.88 9304.229 300.833 16007.021 57.32388
924.99 8966.229 142.333 15734.021 56.59359
926.1 8579.729 -86.167 15213.021 56.64285
927.21 8886.729 317.833 15502.021 56.43303
928.32 8366.229 -121.167 14935.021 56.37148
929.43 8624.729 60.833 14756.021 58.27688
930.54 8630.729 23.833 14597.021 59.05981
931.65 8653.729 82.333 14405.521 59.8428
932.76 8686.229 184.333 14277.521 60.32628
933.86 8537.229 93.333 13962.521 60.88242
934.97 8184.729 22.833 13555.521 60.31245
936.08 7555.729 4.833 12906.021 58.52869
937.19 7312.229 312.833 12296.021 58.41013
938.3 6678.229 227.833 11325.521 58.12378
939.4 6196.729 293.333 10516.521 57.74516
940.51 5454.729 69.333 9564.021 56.7201
941.62 5363.729 193.833 9042.521 58.42557
942.73 5491.229 508.833 9195.521 57.35668
943.83 5021.729 125.833 8592.521 57.8254
944.94 5005.729 151.833 8445.021 58.52871
946.05 4947.229 -150.667 8261.521 60.60131
947.15 5075.729 -68.667 8341.521 61.16862
948.26 5172.229 64.833 8432.521 61.03712
949.36 5255.729 -1.167 8590.521 61.18584
950.47 5603.229 121.333 9100.521 61.05113
951.57 6023.729 369.833 10024.021 58.56418
952.68 6009.229 229.333 10070.021 58.73468
953.79 5848.229 217.833 10104.021 56.95215
954.89 5801.229 8.833 9996.021 57.99827
955.99 6232.729 167.333 10524.521 58.56219
957.1 6083.729 40.333 10531.521 57.6045
958.2 6312.729 76.333 10740.521 58.4798
959.31 6550.229 203.333 10763.021 60.10496
960.41 6474.729 28.333 10701.521 60.39804
961.52 6688.229 -30.667 10987.521 60.98005
962.62 6846.729 175.833 11196.021 60.53342
963.72 6489.229 -80.667 10638.521 61.29099
964.83 6495.729 -124.667 10787.021 60.67252
965.93 6741.729 112.833 11027.021 60.7365
967.03 6753.729 271.333 11214.021 59.23952
968.13 6478.229 208.333 10987.521 58.16668
969.24 6322.229 8.833 11066.521 57.09508
970.34 6397.229 31.333 11033.021 57.8629
971.44 6472.229 52.333 11193.021 57.62567
972.54 6588.729 141.833 10972.521 59.52435
973.64 6438.729 5.333 10840.021 59.37777
974.75 7010.729 435.833 11194.021 61.11527
975.85 8310.729 1647.833 12404.521 61.9419
976.95 6594.729 7.333 10512.521 62.70612
978.05 6778.229 203.333 10883.521 61.56161
979.15 7023.729 433.833 10871.021 63.13862
980.25 6363.729 2.833 10386.521 61.25854
981.35 6422.729 60.333 10520.521 60.82487
982.45 6632.729 410.333 10796.521 59.9103
983.55 6227.729 186.833 10480.521 58.68544
984.65 6169.229 138.833 10459.021 58.43301
985.75 6033.729 309.833 10232.021 57.68784
986.85 5919.729 180.333 10122.021 57.7306
987.95 5931.729 14.833 9940.021 59.61495
989.05 6176.729 361.833 10201.521 59.09635
990.15 6006.229 271.833 9856.021 59.83184
991.25 5884.729 124.833 9537.521 61.19289
992.34 6060.729 347.833 9617.521 61.62986
993.44 5793.729 140.833 9195.521 62.4306
994.54 5839.729 111.833 9134.021 63.48677
995.64 5885.229 309.833 9324.521 61.84791
996.74 5782.729 351.833 9276.021 60.85591
997.83 5324.729 -49.167 8508.021 62.79979
998.93 5164.729 76.333 8520.021 60.26272
1000.03 5623.229 590.833 8878.021 60.72502
1001.12 5225.229 353.833 8577.521 59.23615
1002.22 5068.729 315.333 8394.521 58.83507
1003.32 4770.229 64.833 8046.521 58.95239
1004.41 4797.229 125.333 7921.021 59.92923
1005.51 4660.729 120.833 7732.021 59.64766
1006.6 4424.229 6.333 7254.521 60.95173
1007.7 4710.229 306.833 7382.021 62.23716
1008.8 4295.729 -47.667 6818.521 63.25775
1009.89 4612.229 235.333 7115.521 63.61593
1010.99 4474.229 114.333 7114.521 62.28255
1012.08 4348.729 -29.167 7068.021 61.68494
1013.18 4637.229 126.833 7416.521 61.87365
1014.27 4832.729 47.333 7789.021 61.81334
1015.36 4914.229 64.833 8086.521 60.45356
1016.46 4853.229 124.833 7881.021 60.96288
1017.55 4576.729 -38.167 7664.521 59.9128
1018.65 4573.229 151.833 7666.521 58.83672
1019.74 4595.729 258.833 7573.021 59.29429
1020.83 4470.229 177.833 7421.521 59.25705
1021.93 4236.229 91.833 7099.021 59.14492
1023.02 3987.729 -45.667 6536.521 61.27744
1024.11 3838.729 -60.167 6335.021 60.96609
1025.2 3948.729 -58.167 6400.521 62.03886
1026.3 4109.229 189.833 6370.521 63.41359
1027.39 4050.229 250.833 6160.521 64.29098
1028.48 3837.229 163.333 5957.521 63.40657
1029.57 3604.229 104.333 5787.521 61.58332
1030.66 3517.229 198.333 5543.021 62.0971
1031.75 3968.229 757.333 5936.021 62.00212
1032.84 3292.229 241.333 5443.521 58.6464
1033.94 2989.229 -37.167 4984.021 60.27251
1035.03 3233.229 296.333 5224.521 59.59383
1036.12 2862.229 -58.667 4769.521 60.49674
1037.21 2762.229 -21.667 4711.021 58.82273
1038.3 2884.729 213.833 4707.521 59.43662
1039.39 2635.729 16.833 4329.521 60.72538
1040.48 2787.229 156.833 4486.521 60.75256
1041.57 2896.229 235.333 4397.521 63.93022
1042.66 2722.229 153.833 4105.021 65.00314
1043.74 2701.729 184.833 4107.021 64.17072
1044.83 2587.729 192.833 3955.021 63.65701
1045.92 2324.229 -67.167 3648.521 64.35945
1047.01 2488.229 249.333 3927.521 60.86954
1048.1 2113.729 -79.167 3349.521 63.9573
1049.19 2201.729 144.833 3456.521 62.11021
1050.27 2021.729 105.333 3279.021 60.38389
1051.36 1981.729 41.833 3118.521 63.05144
1052.45 2047.729 197.333 3250.021 60.61531
1053.54 1988.229 131.333 3119.021 62.15161
1054.62 1914.229 203.333 3148.521 58.09124
1055.71 1834.229 181.833 2935.521 60.00666
1056.8 1965.229 261.833 3059.021 60.89673
1057.88 1711.229 105.333 2808.021 59.41848
1058.97 1752.229 165.833 2806.521 60.07511
1060.06 1967.229 360.833 2897.021 63.339
1061.14 1642.229 99.333 2514.021 63.89629
1062.23 2294.729 781.333 3166.021 63.46307
1063.31 1682.729 185.333 2433.021 66.6194
1064.4 1476.229 66.333 2209.521 65.785
1065.48 1494.729 148.333 2342.021 61.37592
1066.57 1411.729 79.833 2179.521 63.43305
1067.65 1440.729 210.833 2247.521 60.38707
1068.74 1307.729 58.333 2048.521 62.7778
1069.82 1355.229 209.833 2082.521 61.16321
1070.9 2289.729 1117.333 2964.521 63.46924
1071.99 1291.229 198.833 1952.521 62.29136
1073.07 1219.729 154.833 1851.021 62.78172
1074.15 1265.729 187.833 1929.521 61.88801
1075.24 1185.229 193.833 1857.021 59.60818
1076.32 1258.229 239.333 1887.521 61.81917
1077.4 1433.729 478.833 2117.021 58.28978
1078.49 968.729 43.333 1595.021 59.63803
1079.57 1181.729 275.333 1770.521 60.62088
1080.65 1378.229 398.333 1899.021 65.29646
1081.73 1030.229 114.833 1561.521 63.27529
1082.81 903.229 -13.167 1407.021 64.5264
1083.89 1085.229 227.833 1567.021 64.02358
1084.98 1070.229 212.833 1531.021 65.04354
1086.06 873.729 48.333 1321.521 64.82909
1087.14 854.729 25.333 1303.021 64.91382
1088.22 919.229 168.833 1389.521 61.47321
1089.3 768.229 -23.167 1215.021 63.91567
1090.38 1157.229 484.333 1691.521 55.74078
1091.46 945.729 224.333 1441.021 59.29179
1092.54 788.229 71.833 1228.521 61.93512
1093.62 773.729 116.833 1268.021 57.06245
1094.7 658.229 23.333 1075.021 60.36925
1095.78 791.729 119.333 1187.021 62.97684
1096.86 797.729 153.833 1148.521 64.73348
1097.93 1210.229 515.333 1525.021 68.82286
1099.01 985.229 321.833 1273.521 69.70732
1100.09 619.729 49.333 953.521 63.0838
