196.55 741.166 972.948 1339.379 -63.25383
197.76 1063.983 1427.472 1995.603 -63.97969
198.96 994.042 1340.45 1803.191 -74.8603
200.16 691.19 796.077 1227.164 -24.33083
201.36 1133.122 1587.379 2062.06 -95.69741
202.56 735.635 990.115 1401.163 -61.91017
203.76 694.071 849.94 1265.984 -37.46451
204.96 814.007 932.264 1411.806 -24.66056
206.16 612.557 712.367 946.298 -42.66606
207.36 920.927 1181.173 1687.519 -51.39674
208.56 805.052 1052.507 1476.29 -58.39183
209.76 555.339 637.704 982.138 -23.91323
210.96 701.964 888.539 1380.408 -37.93162
212.16 1388.863 2056.997 2537.841 -138.95049
213.36 819.672 1126.644 1600.47 -64.78602
214.56 765.078 890.479 1274.997 -32.61259
215.76 1263.071 1834.94 2402.485 -100.76192
216.96 1116.119 1568.862 2050.473 -94.00612
218.16 815.98 985.792 1447.599 -36.77103
219.35 637.802 716.838 1152.749 -18.13139
220.55 765.243 872.359 1328.661 -23.4749
221.75 733.256 810.596 1150.265 -22.76911
222.95 1097.703 1461.314 1932.768 -77.12527
224.15 852.275 1090.029 1574.459 -49.07909
225.35 683.764 782.472 1287.36 -19.5505
226.55 687.988 792.831 1188.111 -26.52381
227.75 990.203 1378.814 1879.768 -77.57402
228.94 843.339 1122.204 1555.138 -64.41295
230.14 771.759 919.113 1379.351 -32.01669
231.34 668.494 847.028 1265.702 -42.64279
232.54 676.435 780.549 1133.115 -29.53045
233.74 671.433 805.869 1171.11 -36.80766
234.93 718.323 791.951 1221.947 -17.12301
236.13 797.033 951.574 1439.095 -31.69919
237.33 772.825 930.131 1313.452 -41.03762
238.53 680.685 887.381 1239.073 -58.77177
239.72 1014.424 1373.993 1901.015 -68.22636
240.92 585.084 562.676 918.088 6.30472
242.12 940.39 1152.807 1622.13 -45.26022
243.31 697.544 755.63 1186.695 -13.47508
244.51 572.238 627.0 952.653 -16.81592
245.71 1008.233 1278.803 1722.062 -61.04124
246.9 1144.738 1688.0 2212.153 -103.64562
248.1 772.198 950.954 1448.759 -35.9087
249.3 729.206 982.33 1398.854 -60.77055
250.49 739.922 893.313 1321.511 -35.8224
251.69 814.446 1049.106 1539.214 -47.87922
252.89 777.861 916.154 1388.919 -29.25199
254.08 534.339 579.204 954.138 -11.96617
255.28 788.629 976.919 1400.072 -44.49669
256.47 546.613 577.666 955.382 -8.2211
257.67 914.413 1159.099 1530.833 -65.8229
258.86 937.469 1172.898 1590.417 -56.38771
260.06 724.765 917.809 1356.442 -44.01045
261.26 1049.778 1459.546 1914.546 -90.05873
262.45 745.063 939.063 1294.389 -54.5979
263.65 505.018 565.158 907.488 -17.56778
264.84 856.65 1081.531 1469.771 -57.92328
266.04 639.361 804.154 1217.419 -39.87591
267.23 543.175 487.661 823.556 16.52705
268.42 632.504 706.584 1015.802 -23.95737
269.62 751.015 882.641 1322.401 -29.93134
270.81 762.251 959.736 1397.256 -45.1373
272.01 774.249 923.056 1333.752 -36.23298
273.2 882.026 1164.034 1567.583 -69.88208
274.4 600.148 664.852 908.767 -26.52712
275.59 858.56 1028.883 1499.385 -36.20031
276.78 718.967 892.718 1361.913 -37.03192
277.98 711.941 772.746 1191.206 -14.53071
279.17 728.182 903.201 1285.069 -45.83217
280.37 739.829 837.985 1198.621 -27.21736
281.56 523.472 528.915 926.504 -1.36894
282.75 609.333 617.508 1021.047 -2.02561
283.95 732.273 801.186 1237.537 -15.79293
285.14 740.587 863.193 1247.675 -31.88861
286.33 535.382 700.267 1012.118 -52.873
287.52 761.654 948.548 1368.358 -44.51894
288.72 841.76 1136.95 1615.434 -61.69261
289.91 1044.089 1410.373 1957.179 -66.98594
291.1 819.337 1007.024 1453.634 -42.02507
292.29 790.73 997.623 1395.057 -52.05716
293.49 794.127 1044.239 1446.568 -62.16597
294.68 588.334 729.845 997.629 -52.8448
295.87 676.289 803.102 1201.145 -31.85918
297.06 797.903 940.38 1418.817 -29.77961
298.26 422.459 420.179 733.9 0.72692
299.45 703.544 789.13 1098.195 -27.69205
300.64 722.743 822.859 1190.661 -27.22021
301.83 776.994 857.028 1294.202 -18.30721
303.02 594.342 630.384 1057.142 -8.44568
304.21 814.618 1123.525 1573.39 -68.66663
305.4 731.086 875.356 1160.092 -50.66781
306.59 793.613 920.166 1316.882 -31.89997
307.79 663.092 803.053 1187.683 -36.38836
308.98 536.259 579.113 932.851 -12.11437
310.17 883.879 966.081 1430.275 -17.7087
311.36 753.569 857.597 1178.563 -32.41089
312.55 1091.236 1560.657 2066.731 -92.75725
313.74 529.962 584.359 957.404 -14.58184
314.93 863.052 1009.007 1474.29 -31.369
316.12 674.72 787.067 1192.958 -27.67914
317.31 484.393 406.823 740.217 23.26658
318.5 510.462 574.859 920.404 -18.6363
319.69 736.794 830.799 1262.736 -21.76343
320.88 692.781 736.225 1134.55 -10.90691
322.07 588.039 607.271 993.686 -4.97689
323.26 618.459 607.342 935.817 3.38435
324.45 470.472 447.415 793.504 6.66225
325.64 662.598 766.749 1195.274 -24.30473
326.83 805.337 996.024 1395.634 -47.71858
328.01 653.914 738.436 1110.916 -22.69184
329.2 737.592 976.053 1403.683 -55.76326
330.39 630.903 727.38 1086.817 -26.84104
331.58 560.159 542.908 969.366 4.04507
332.77 1009.347 1253.081 1742.233 -49.82777
333.96 455.236 448.82 671.648 2.8793
335.15 495.169 524.964 868.466 -8.67402
336.33 527.659 590.908 878.866 -21.96481
337.52 630.972 719.415 1040.504 -27.54467
338.71 553.042 710.45 1050.191 -46.33212
339.9 553.476 614.932 995.09 -16.166
341.08 617.401 688.2 1067.812 -18.65038
342.27 775.64 879.475 1376.672 -20.88412
343.46 848.938 1063.729 1446.619 -56.09748
344.65 803.938 897.229 1356.119 -20.32983
345.83 823.193 983.257 1460.668 -33.52758
347.02 485.007 470.264 791.306 4.59203
348.21 825.004 1021.584 1513.302 -39.97833
349.4 551.768 462.989 862.946 22.19696
350.58 642.997 718.045 1108.789 -19.20645
351.77 559.433 575.369 941.11 -4.35737
352.96 422.661 324.088 698.37 26.33655
354.14 662.943 619.926 1114.21 8.70298
355.33 512.044 536.13 920.695 -6.26327
356.51 438.85 387.098 701.82 16.44394
357.7 660.188 679.734 1173.743 -3.95661
358.89 555.842 511.721 949.225 10.08476
360.07 830.164 915.105 1399.957 -17.51885
361.26 874.418 1061.79 1572.085 -36.71843
362.44 700.266 733.483 1177.108 -7.48761
363.63 638.096 481.743 950.435 33.35945
364.81 665.445 531.437 1069.458 24.90769
366.0 444.554 276.518 729.538 37.09248
367.18 1174.187 1403.392 2092.821 -33.24558
368.37 605.085 529.85 875.253 21.78184
369.55 760.157 737.065 1246.445 4.53327
370.74 879.471 911.572 1458.582 -5.86856
371.92 986.801 1158.332 1668.41 -33.62858
373.11 630.003 476.078 1016.963 28.45795
374.29 589.352 421.772 908.985 34.39564
375.48 642.221 531.741 1060.623 20.88937
376.66 528.588 441.53 902.257 18.89571
377.84 935.585 953.85 1582.253 -2.90655
379.03 623.029 405.051 908.67 43.28236
380.21 539.21 332.184 747.024 49.90508
381.39 487.466 266.212 675.074 54.1145
382.58 895.372 816.548 1409.101 13.30254
383.76 1117.885 1148.784 1715.705 -5.45024
384.94 1154.55 1254.164 1936.868 -14.59103
386.13 636.131 426.593 963.237 39.04595
387.31 840.114 618.339 1185.047 39.13393
388.49 729.867 474.688 1029.093 46.02764
389.68 964.636 637.952 1263.246 52.24479
390.86 899.763 567.466 1204.521 52.16146
392.04 1155.433 982.706 1677.693 24.85328
393.22 888.263 445.466 1111.021 66.53053
394.41 891.995 473.202 1085.367 68.41173
395.59 750.606 193.463 865.952 82.84795
396.77 1004.649 552.689 1295.349 60.85687
397.95 1052.127 637.576 1375.151 56.20468
399.13 1227.678 792.678 1560.643 56.64318
400.31 1048.022 447.511 1233.657 76.38663
401.5 1256.045 626.304 1514.36 70.91232
402.68 1353.966 734.712 1616.074 70.26101
403.86 1247.322 434.445 1296.108 94.33809
405.04 1525.944 807.263 1861.292 68.18415
406.22 1161.604 367.783 1341.448 81.52918
407.4 1360.084 697.013 1747.671 63.11013
408.58 1492.888 814.301 1875.791 63.92781
409.76 1628.349 947.755 2029.398 62.92221
410.94 1472.763 624.466 1721.521 77.32497
412.12 1494.063 502.9 1505.972 98.81279
413.3 1407.412 359.093 1500.994 91.8047
414.48 1416.697 371.111 1363.838 105.32462
415.66 1406.071 445.277 1491.567 91.82868
416.84 1899.726 1233.1 2392.132 57.51574
418.02 1640.34 623.378 1795.303 86.77709
419.2 1555.098 419.586 1512.357 103.91129
420.38 1683.92 583.97 1792.589 91.00882
421.56 1730.159 427.245 1581.949 112.83537
422.74 2012.575 1081.794 2295.154 76.711
423.92 1871.519 865.995 2097.57 81.64532
425.1 1671.697 464.111 1706.838 97.17226
426.28 1641.8 405.995 1712.327 94.60112
427.46 2224.143 1356.492 2799.259 60.13801
428.63 1837.337 571.861 2000.716 88.56574
429.81 1979.888 687.964 1968.209 100.91224
430.99 2128.385 754.784 2180.705 96.33084
432.17 2281.21 1145.347 2523.941 82.39281
433.35 2076.797 827.316 2288.823 85.49268
434.52 1738.095 155.069 1442.77 122.9343
435.7 1844.279 376.383 1827.128 101.18218
436.88 2150.883 840.104 2306.7 89.37556
438.06 2113.369 552.531 2072.014 102.72165
439.23 2206.354 399.115 1956.406 116.05011
440.41 2420.606 594.126 2298.869 107.14104
441.59 2625.792 828.456 2548.315 104.50489
442.77 2295.459 276.679 1951.4 120.54427
443.94 2565.237 760.657 2663.231 94.84938
445.12 2569.582 769.833 2568.167 100.07871
446.3 2824.51 1093.118 2946.475 93.41926
447.47 2730.561 666.72 2632.968 104.96341
448.65 2913.266 720.646 2715.525 109.91242
449.82 2850.266 500.146 2418.525 122.5055
451.0 3093.247 609.213 2599.83 124.78713
452.18 3191.611 476.823 2644.96 125.21292
453.35 3288.893 530.16 2753.3 124.09176
454.53 3297.994 558.865 2819.285 121.17789
455.7 3292.345 334.238 2713.311 124.33864
456.88 3643.132 945.935 3424.159 108.83589
458.05 3662.444 591.763 3040.792 125.38359
459.23 3587.385 315.784 2806.205 131.36742
460.4 4054.393 580.16 3298.8 127.79308
461.58 4374.976 719.432 3462.09 133.28469
462.75 4279.582 315.333 3204.667 137.20289
463.93 4623.962 628.696 3520.987 138.13501
465.1 4656.157 525.065 3629.945 133.05159
466.28 4445.507 218.101 3243.888 139.7126
467.45 4377.394 146.66 3291.8 134.51655
468.63 4694.316 523.249 3846.018 125.52986
469.8 4943.542 870.287 4222.273 121.51765
470.97 4853.787 405.259 3823.724 130.13234
472.15 5359.302 595.675 4138.332 134.46484
473.32 5695.507 704.601 4322.388 137.95467
474.49 6165.457 859.499 4671.896 139.17643
475.67 6098.252 507.573 4177.839 152.32354
476.84 5877.066 327.08 4088.476 147.55122
478.01 6256.209 636.347 4688.941 138.67321
479.19 6248.656 548.728 4557.862 142.17356
480.36 6060.398 309.02 4472.808 138.12851
481.53 6087.406 596.897 4836.903 129.49295
482.7 6155.263 497.129 4733.938 133.54706
483.88 6298.696 275.774 4583.755 139.80845
485.05 6603.632 361.935 4823.659 139.89429
486.22 7035.001 478.405 4938.797 146.99595
487.39 7083.975 333.595 4795.508 151.28892
488.56 7450.965 485.876 5021.991 153.54744
489.74 7706.401 897.2 5619.313 144.19819
490.91 7299.704 242.651 4990.851 148.62587
492.08 7309.965 375.876 5230.491 142.83498
493.25 7160.028 278.714 5092.587 142.94757
494.42 7129.853 476.778 5228.824 140.00444
495.59 7065.068 417.26 5317.48 135.66345
496.76 7278.63 465.756 5367.155 138.99856
497.93 7644.516 610.478 5616.483 140.51198
499.1 7796.754 572.753 5591.843 143.93051
500.27 8505.48 1040.792 6267.099 142.82913
501.44 8740.526 1228.534 6296.083 148.23719
502.61 8258.076 423.137 5408.076 157.17222
503.78 8438.1 629.929 5761.278 152.16603
504.95 8663.858 1123.474 6516.415 139.81952
506.12 8285.228 696.943 5888.053 146.17845
507.29 8061.773 335.186 5433.538 151.55069
508.46 7869.832 32.165 5307.125 148.58248
509.63 8599.832 1258.165 6645.125 136.2859
510.8 8535.978 1179.612 6671.095 133.95955
511.97 8309.311 558.552 5824.426 147.18845
513.14 8565.993 258.528 5792.702 150.1121
514.31 8972.44 785.746 6241.206 150.06425
515.48 9203.709 495.01 6045.359 156.90364
516.65 9317.88 525.087 6124.614 157.02743
517.81 9342.108 355.806 5922.374 161.43345
518.98 9716.928 695.01 6349.102 159.56439
520.15 9462.044 161.13 5858.695 163.24367
521.32 9518.164 703.605 6464.457 153.0079
522.49 10262.896 1502.503 7468.221 146.84557
523.65 10029.462 1158.859 7184.404 147.2166
524.82 9672.752 638.073 6545.839 152.92886
525.99 9453.522 78.517 6017.496 157.85551
527.16 10110.379 631.25 6882.031 151.64712
528.32 10138.116 730.182 7018.969 149.59856
529.49 10503.292 411.619 6654.732 161.64489
530.66 10949.057 114.367 6539.298 168.6351
531.82 11271.074 180.957 6592.071 172.98267
532.99 11540.196 320.274 6997.255 168.03884
534.16 11956.411 444.256 7148.912 171.7039
535.32 12076.345 794.401 7641.229 164.77622
536.49 12026.158 294.408 7207.866 169.69438
537.65 12601.624 1011.059 8080.564 163.95158
538.82 12179.579 321.816 7430.58 166.80486
539.99 12367.842 642.721 8076.725 157.72283
541.15 12504.593 818.39 8357.766 155.00226
542.32 12469.297 147.979 7854.74 159.87673
543.48 13521.643 811.155 8785.676 159.38873
544.65 13986.948 992.785 8917.718 163.9656
545.81 15022.48 1483.292 10133.099 156.52591
546.98 15137.445 503.106 9285.714 166.62863
548.14 16344.48 783.792 9857.099 171.49964
549.31 16705.59 402.873 9415.179 180.89396
550.47 17093.229 469.443 9763.554 178.86365
551.63 17921.107 914.806 10766.874 172.61656
552.8 17913.723 454.584 10034.545 182.24645
553.96 18249.648 459.852 10240.767 181.88275
555.13 18120.041 391.45 10690.69 172.13494
556.29 18759.004 934.084 11394.302 170.40678
557.45 18341.73 274.46 10552.64 175.78279
558.62 18961.326 523.468 11224.534 172.29926
559.78 18993.945 771.606 11627.214 167.86107
560.94 18892.453 371.982 11276.809 169.83737
562.11 20146.66 391.088 11510.37 177.66949
563.27 20216.641 157.975 11361.672 179.03613
564.43 20706.188 32.397 11656.66 177.85033
565.59 21498.801 205.838 12004.749 180.46549
566.76 22134.252 351.073 12192.839 183.95212
567.92 23036.771 571.349 12448.455 189.14896
569.08 23549.121 715.042 13216.978 182.64435
570.24 23765.055 352.024 12896.877 186.63455
571.4 23922.275 226.366 12819.042 188.17215
572.57 23928.959 367.342 13100.317 185.04408
573.73 23788.336 55.524 13072.134 182.32714
574.89 24214.025 452.697 13544.0 181.50469
576.05 24281.518 476.158 13770.987 179.05728
577.21 23857.029 157.714 13514.587 177.43162
578.37 24067.699 18.954 13640.76 176.54594
579.53 24862.672 193.644 13978.47 178.95785
580.69 25369.807 597.535 14724.34 175.35651
581.85 25219.129 351.919 14327.072 177.93873
583.01 26171.902 401.88 14435.816 183.62647
584.17 26940.707 484.83 14656.854 186.67677
585.33 27276.523 572.517 14948.496 185.75435
586.49 27903.725 377.763 14735.049 191.72121
587.65 28313.854 573.278 15187.824 189.81482
588.81 28620.18 566.521 15553.064 187.19232
589.97 29201.258 929.433 15628.847 192.33301
591.13 28503.398 421.02 15287.808 188.89339
592.29 28360.533 336.574 15254.096 187.85935
593.45 28512.475 213.595 14965.508 191.83193
594.61 28307.311 134.052 15178.927 187.2615
595.77 27890.012 196.961 15395.896 182.20388
596.93 27593.537 91.091 14998.683 184.48618
598.09 27721.254 382.753 15545.343 180.30232
599.24 27514.719 138.067 15446.458 178.83428
600.4 27422.225 291.763 15433.549 179.1761
601.56 27819.873 233.39 15322.522 182.82352
602.72 27905.416 368.616 15465.42 182.40152
603.87 28789.344 473.064 15310.146 190.84803
605.03 28339.416 232.116 15238.92 187.29704
606.19 28783.865 148.514 14826.428 195.09143
607.35 28538.033 -3.926 15131.096 188.58221
608.5 29197.855 594.457 15492.328 191.99655
609.66 29703.486 989.651 15859.107 193.10616
610.82 29261.795 146.299 15137.236 194.22065
611.97 29274.504 125.084 14915.802 197.07915
613.13 29581.535 573.754 15514.6 194.15086
614.29 28758.924 496.993 15383.016 189.85549
615.44 28904.465 717.539 15456.908 191.23563
616.6 28835.016 180.141 14843.401 195.41953
617.76 28568.738 663.0 15414.652 189.17025
618.91 28509.703 726.314 15170.268 192.35307
620.07 28027.436 641.049 15204.114 188.05372
621.22 27653.219 17.567 14577.958 189.8002
622.38 28553.004 1061.084 15637.302 188.60805
623.53 27437.775 78.366 14625.542 188.07368
624.69 27903.857 112.137 14268.832 196.31503
625.84 27606.621 217.542 14299.978 194.49107
627.0 27719.389 488.964 14831.709 189.85504
628.15 28177.789 -0.398 14734.646 191.23247
629.31 27844.803 318.175 14728.331 191.02241
630.46 28453.826 -23.532 14344.034 198.20586
631.61 28195.701 374.134 14629.264 195.16881
632.77 28950.43 228.189 14833.106 196.66144
633.92 28783.902 495.38 14691.816 199.26495
635.08 29056.408 949.577 15177.407 197.54826
636.23 28860.953 308.482 14744.809 197.78211
637.38 28244.268 -74.511 14334.446 196.53593
638.54 28559.568 654.76 15135.48 192.70318
639.69 28326.988 936.831 15459.111 188.60783
640.84 28405.398 490.402 14738.753 195.91739
641.99 27752.195 97.409 14039.882 198.34922
643.15 28305.492 816.916 14835.512 196.08651
644.3 27455.287 95.422 14179.142 194.2659
645.45 27164.084 -58.071 14110.771 192.12688
646.6 27991.381 811.436 15075.401 190.54971
647.75 27676.678 161.942 14418.031 193.00339
648.91 27919.973 -136.551 13971.661 198.86661
650.06 28010.27 225.455 14825.291 190.30909
651.21 28737.566 417.462 14565.42 200.17097
652.36 28666.861 450.969 14709.05 197.89404
653.51 28480.158 101.475 14213.68 201.0932
654.66 28482.455 273.982 14861.81 193.36994
655.81 29464.252 651.989 15048.939 200.12754
656.96 29138.047 69.495 14402.569 202.80752
658.11 29415.844 365.002 14800.199 201.25005
659.27 29797.141 531.009 14925.328 203.31723
660.42 29406.936 29.015 14459.958 203.57589
661.57 29992.232 421.022 14835.088 205.15523
662.72 28884.529 -139.971 14611.718 196.75374
663.87 29734.326 -99.965 14122.848 209.76365
665.01 29375.121 316.042 14693.978 202.10884
666.16 30414.918 41.049 14739.607 206.64522
667.31 30358.215 95.555 14982.237 203.2868
668.46 30800.51 760.562 15722.366 200.77758
669.61 30147.807 206.069 15547.996 195.16282
670.76 30961.104 4.575 15214.626 203.52679
671.91 31402.4 769.582 16378.756 196.24881
673.06 31887.195 519.589 16014.886 202.43308
674.21 30574.992 -161.405 15583.016 195.22089
675.35 31389.289 284.102 15720.146 201.5101
676.5 31571.584 167.609 15849.774 200.2528
677.65 31832.881 72.615 15783.904 202.14933
678.8 31711.178 -110.878 15727.034 200.9233
679.94 32944.473 40.629 16048.164 205.55222
681.09 33982.27 370.135 17049.793 201.51573
682.24 34778.066 363.142 17513.924 200.66097
683.39 34252.863 -1.851 17222.553 198.87315
684.53 35770.66 558.155 17196.684 211.63233
685.68 35367.957 214.662 17614.813 202.02868
686.83 35823.75 301.169 17607.443 205.25839
687.97 36129.047 298.175 17622.072 206.82917
689.12 36309.344 178.182 17514.703 208.41068
690.27 35357.141 68.189 17408.832 203.50428
691.41 36930.938 468.195 17969.961 208.33751
692.56 36131.734 358.702 17742.592 205.78267
693.7 37173.531 378.709 17681.721 212.64981
694.85 36595.324 48.215 17192.852 213.16935
695.99 36637.621 398.222 17794.98 208.31122
697.14 36106.918 184.229 17551.111 206.84593
698.28 35970.715 342.735 18251.74 198.93891
699.43 35873.512 391.242 18390.369 197.13328
700.57 36502.809 -74.251 17710.5 205.66529
701.72 36112.605 -50.745 17219.129 209.40136
702.86 36226.398 -107.738 17549.26 205.77754
704.01 37334.695 50.269 17415.389 214.70872
705.15 37175.992 433.275 18332.02 205.28098
706.29 37210.789 126.782 17723.648 210.74211
707.44 37290.586 171.288 18374.777 203.91309
708.58 37455.383 -124.205 17936.408 208.07482
709.72 37863.68 629.302 18731.037 205.69507
710.87 38322.473 -137.192 17783.168 214.61436
712.01 37780.77 0.315 17644.297 214.12658
713.15 38973.566 217.322 18427.928 212.82238
714.3 38539.863 348.828 17921.557 217.33128
715.44 38725.16 92.335 18611.186 208.61352
716.58 38444.957 277.342 18420.816 210.36552
717.72 38693.754 52.848 18398.945 210.62194
718.87 39834.047 240.855 18262.076 219.70316
720.01 38046.344 117.362 18078.205 211.17595
721.15 38233.141 -54.132 17879.836 213.49025
722.29 38236.938 345.875 18022.965 214.35125
723.43 39095.234 498.882 18553.596 213.77438
724.57 38708.031 450.388 18287.225 214.48671
725.72 37816.328 244.895 18067.354 210.80949
726.86 38663.621 678.902 18459.484 213.63034
728.0 37777.918 164.408 17772.113 213.6196
729.14 38077.215 -2.085 17477.244 217.85333
730.28 37336.012 481.422 17805.373 212.73778
731.42 38354.309 10.928 17753.004 216.11553
732.56 38754.105 722.435 18545.133 213.38897
733.7 38041.902 386.942 18597.262 206.77814
734.84 38209.695 -127.052 17331.393 219.58856
735.98 37652.992 148.955 17932.521 210.89154
737.12 38314.789 -3.038 17789.152 215.36318
738.26 37809.586 17.468 17486.281 216.3405
739.4 38539.383 228.475 17917.912 216.57505
740.53 38383.68 407.482 18162.541 213.88945
741.67 37959.977 273.488 17733.67 215.84248
742.81 38255.77 -222.505 17185.301 221.04035
743.95 37715.066 241.002 17969.93 211.37242
745.09 38303.863 19.508 17370.561 220.64572
746.23 38509.16 399.515 17605.189 221.49463
747.36 38218.957 453.522 17477.32 221.83906
748.5 37880.254 60.028 17069.949 222.34216
749.64 37167.551 25.035 17006.078 218.72929
750.78 37957.344 -5.458 16833.209 225.45016
751.92 37443.641 74.548 16909.838 221.96881
753.05 37107.438 155.555 16258.969 229.46614
754.19 38258.734 635.562 16783.098 232.99637
755.33 36625.531 -151.932 16117.228 226.05632
756.46 36559.828 245.075 16057.357 229.66168
757.6 36295.625 82.082 15697.487 231.90908
758.74 35686.918 562.088 16315.617 222.96483
759.87 35425.715 244.595 16092.247 221.99579
761.01 34592.512 271.102 15563.377 224.43625
762.14 35001.809 234.608 15825.006 223.00394
763.28 35256.105 408.115 15272.136 234.44525
764.41 34228.902 249.121 15157.766 227.91999
765.55 34286.699 -123.872 14748.896 231.3663
766.69 33469.492 289.635 15202.025 222.49858
767.82 34013.789 266.641 15014.155 228.83279
768.95 33229.086 26.148 14525.285 228.99941
770.09 32156.883 737.655 15281.915 216.02493
771.22 33590.68 661.661 15275.044 225.33468
772.36 32954.477 504.168 14678.674 228.93432
773.49 32199.271 489.175 14838.804 220.982
774.63 31803.568 196.181 14003.434 228.91873
775.76 31159.863 154.688 13969.563 224.43326
776.89 31652.16 428.195 14067.693 228.92312
778.03 31605.957 360.201 13450.823 238.68809
779.16 31129.754 8.708 13358.952 233.11219
780.29 30419.549 308.215 13035.582 236.5873
781.43 30796.346 606.221 13093.712 241.76294
782.56 29508.143 315.228 13181.842 226.88887
783.69 29477.938 11.735 12475.972 236.40599
784.82 29130.734 233.241 12821.602 229.55725
785.96 28263.031 116.748 12587.731 225.69418
787.09 28179.328 204.255 12186.361 233.47375
788.22 28096.123 394.261 12237.99 233.89476
789.35 28071.42 157.768 11739.62 241.01199
790.48 27612.217 142.275 12009.25 231.48226
791.62 26909.012 580.281 11944.38 231.6834
792.75 26957.809 5.288 11194.01 240.89008
793.88 26155.605 737.795 11788.14 230.01826
795.01 26131.902 353.801 11355.77 234.30445
796.14 26245.697 404.808 11514.898 232.58937
797.27 25312.494 493.815 11487.528 225.75337
798.4 25408.791 283.321 10909.158 236.45638
799.53 24802.586 -4.672 10310.788 240.4862
800.66 23962.383 316.335 10739.418 226.86231
801.79 25146.18 1276.841 11846.548 225.82782
802.92 24177.977 199.848 10216.178 239.39037
804.05 23435.771 381.855 10327.308 231.80359
805.18 23632.568 290.861 10017.937 239.96635
806.31 23721.865 215.868 9756.066 246.38898
807.44 23157.16 -64.625 9580.196 240.76946
808.57 23369.457 400.381 10089.826 237.05254
809.69 22892.754 400.888 9940.456 235.77447
810.82 21497.551 -163.605 9102.586 233.76547
811.95 23258.346 988.401 10112.216 244.08589
813.08 21727.643 103.908 8928.345 245.04379
814.21 21502.939 1064.915 10169.975 224.46886
815.33 21676.734 282.921 9203.104 239.83603
816.46 20834.031 308.928 9013.734 235.79046
817.59 20592.828 847.435 9490.864 228.44396
818.72 20772.125 504.441 8670.494 248.19437
819.84 20886.92 896.448 9116.124 243.20267
820.97 19701.217 446.454 8550.754 237.58701
822.1 19602.514 593.961 8538.383 239.26918
823.22 18964.809 -30.532 7767.513 243.59107
824.35 19259.105 92.474 7844.143 247.25815
825.48 19003.402 574.481 7850.272 253.29095
826.6 18182.199 310.488 7455.902 250.11441
827.73 18000.494 -144.506 7245.032 245.54988
828.85 18274.791 268.501 7361.662 253.85426
829.98 18037.088 610.008 7638.292 247.95641
831.11 17766.883 70.014 6945.921 257.37504
832.23 17244.68 81.521 6962.051 249.44531
833.36 17563.477 524.528 7592.181 241.08355
834.48 16648.773 259.034 6894.811 246.99054
835.6 17245.568 482.041 7014.94 256.60165
836.73 16728.365 -7.952 6711.07 249.08859
837.85 16126.661 535.054 6989.7 241.55637
838.98 16490.457 -104.439 6228.33 262.04804
840.1 16242.754 458.568 6766.959 250.20937
841.23 15677.051 371.074 6570.589 246.88992
842.35 16072.847 720.581 7111.219 240.23057
843.47 15669.643 248.588 6354.849 252.54497
844.6 14998.439 26.594 6149.978 244.50281
845.72 15306.235 155.101 6077.608 255.82299
846.84 15519.532 134.608 5955.738 264.29446
847.96 15074.328 139.114 5813.368 263.2102
849.09 14936.625 58.121 5820.497 258.20085
850.21 14869.921 232.628 5935.127 256.68207
851.33 14614.717 385.134 5976.757 254.48038
852.45 14121.014 25.141 5610.387 252.37695
853.57 13990.31 232.148 5832.016 245.68723
854.7 13718.106 67.654 5477.146 252.3426
855.82 13550.902 -0.339 5659.776 239.41636
856.94 13878.699 485.168 5827.405 250.71014
858.06 13140.495 -64.326 5132.035 254.1167
859.18 13487.291 425.181 5653.165 249.84984
860.3 13660.588 244.688 5345.295 263.02555
861.42 13010.884 -89.306 5013.424 256.72903
862.54 12374.181 -65.799 4962.554 247.39669
863.66 12642.477 50.708 4975.184 255.69761
864.78 13013.273 186.714 5073.814 262.45749
865.9 12837.569 244.221 5222.943 252.94337
867.02 13540.865 1277.228 6443.073 237.39845
868.14 13164.662 879.234 5701.203 254.78032
869.26 12474.458 575.741 5163.833 259.33911
870.38 11823.755 -90.252 4456.962 262.00669
871.5 11587.551 -94.746 4453.592 256.84759
872.62 11884.848 69.761 4578.222 262.06473
873.74 11903.644 699.268 5511.852 232.81414
874.85 11327.792 40.271 4430.417 257.1104
875.97 11452.792 286.271 4564.417 261.01311
877.09 11516.792 373.271 4811.917 251.05679
878.21 11160.792 220.771 4370.917 263.60571
879.33 11158.792 334.771 4641.417 251.33299
880.44 10798.292 254.771 4375.417 255.87061
881.56 10552.792 111.271 4114.417 260.83291
882.68 10684.792 256.271 4367.917 253.63375
883.79 11018.792 826.771 4988.417 244.90363
884.91 10785.292 -58.229 3702.917 288.30366
886.03 10556.792 456.271 4455.417 252.56697
887.14 10804.292 659.271 4800.417 244.98103
888.26 10777.292 777.271 4809.917 247.97669
889.38 11123.792 636.271 4577.417 266.10336
890.49 10433.792 -89.729 4014.417 256.41196
891.61 11260.792 307.771 4176.917 283.0863
892.72 10549.792 -13.229 4058.417 259.42878
893.84 10926.292 -99.229 3906.917 275.21517
894.95 10512.292 -87.229 3941.917 263.07117
896.07 11136.292 152.271 4075.417 279.97993
897.18 10789.792 384.271 4307.417 265.23413
898.3 10440.292 -41.229 3881.917 267.17133
899.41 10922.792 577.271 4446.917 267.35061
900.53 10504.792 335.771 4029.417 275.31121
901.64 10402.292 462.271 4350.417 255.6494
902.75 10130.292 262.771 4055.917 260.14083
903.87 10134.292 116.771 3876.417 266.44853
904.98 10369.792 403.771 4044.917 273.70562
906.09 9889.292 235.771 3943.917 260.33283
907.21 9931.292 438.771 3919.917 272.68381
908.32 9349.792 198.271 3488.417 278.1494
909.43 9377.792 650.771 3977.917 262.29752
910.54 9225.292 280.271 3820.917 252.63812
911.66 9441.792 1160.771 4581.417 242.08942
912.77 8806.292 85.771 3214.417 278.73148
913.88 8805.292 300.271 3645.417 254.24963
914.99 8194.792 69.271 3371.417 246.0679
916.1 8942.792 349.771 3617.417 262.97284
917.22 8362.292 58.771 2918.417 290.36886
918.33 8549.792 688.771 3724.917 258.91447
919.44 8282.792 270.271 3384.417 257.29434
920.55 8582.792 660.771 3674.417 262.87166
921.66 7887.792 428.771 3272.917 262.25872
922.77 7892.292 488.271 3282.417 264.98332
923.88 8265.792 623.271 3542.917 261.76192
924.99 7641.292 373.771 3227.417 254.67493
926.1 7134.292 -11.229 2623.917 271.16224
927.21 7285.792 652.771 3484.417 234.24612
928.32 6920.792 -84.729 2456.417 275.68353
929.43 6960.792 251.771 2756.917 267.80958
930.54 6499.292 111.271 2439.417 274.38232
931.65 6535.292 266.271 2607.917 267.71856
932.76 6464.292 381.771 2750.917 256.73896
933.86 6283.792 302.271 2464.417 276.64741
934.97 6046.292 113.771 2305.417 270.68792
936.08 5732.292 164.771 2138.417 282.09319
937.19 5594.792 708.271 2768.917 237.13539
938.3 5096.292 472.271 2273.917 256.65535
939.4 4762.292 674.771 2431.417 232.68893
940.51 4273.792 305.271 1864.417 254.53173
941.62 4173.292 503.771 1984.417 247.83245
942.73 4332.292 1102.771 2513.917 228.85803
943.83 3743.292 302.771 1592.417 266.7803
944.94 3618.792 338.271 1721.417 237.17825
946.05 3398.292 -35.729 1180.417 282.36918
947.15 3687.792 -25.729 1255.417 289.85935
948.26 3568.292 228.771 1623.917 239.36716
949.36 3922.792 98.271 1469.917 278.82715
950.47 3916.292 326.771 1819.917 240.3999
951.57 4308.292 844.771 2349.917 230.11195
952.68 4319.792 568.771 1976.417 266.47475
953.79 4072.792 439.271 2026.417 228.93429
954.89 4034.792 121.771 1668.417 253.00046
955.99 4188.792 391.271 2152.917 215.56663
957.1 4208.792 230.271 1637.417 282.73692
958.2 4178.792 271.271 1806.417 254.53743
959.31 4303.292 455.771 2090.917 235.30137
960.41 4090.292 130.271 1642.917 261.79433
961.52 4071.292 10.271 1452.917 281.49813
962.62 4300.292 493.771 1946.917 261.95036
963.72 3918.292 -50.729 1492.417 257.20324
964.83 4081.292 -70.729 1396.917 282.90347
965.93 4425.292 341.771 1883.917 264.79472
967.03 4410.292 714.271 2232.917 243.37606
968.13 4301.792 466.771 1975.417 254.20286
969.24 4009.792 175.771 1604.417 268.36749
970.34 4068.292 206.771 1605.917 275.99132
971.44 4161.792 265.771 1650.417 281.37309
972.54 4061.792 346.771 1881.917 241.99792
973.64 3696.792 142.271 1643.917 236.70835
974.75 4350.792 1069.771 2472.917 233.83318
975.85 5316.292 3162.271 4867.417 126.32473
976.95 3609.292 189.771 1479.917 265.04918
978.05 3901.792 525.771 1934.917 239.57925
979.15 4092.792 896.271 2298.917 227.89222
980.25 3552.292 99.771 1282.917 291.80858
981.35 3516.292 179.271 1406.417 271.93353
982.45 4031.292 891.771 2297.417 223.35076
983.55 3706.792 462.771 1760.417 249.99279
984.65 3722.792 418.271 1628.917 272.95522
985.75 3489.792 675.271 1828.917 243.96751
986.85 3361.292 372.271 1638.417 236.07241
987.95 3146.292 185.271 1345.917 255.11839
989.05 3410.292 783.271 2071.417 203.93815
990.15 3211.292 628.271 1710.417 238.69435
991.25 3002.292 443.271 1513.917 239.01658
992.34 3374.792 835.771 1982.917 221.33376
993.44 3047.792 478.271 1473.917 258.07581
994.54 2862.292 386.771 1334.417 261.2285
995.64 3025.292 731.271 1754.417 224.21251
996.74 2973.292 789.271 1829.917 209.87169
997.83 2509.792 73.771 1008.417 260.63572
998.93 2619.292 315.271 1299.917 233.9949
1000.03 3068.792 1230.771 2285.917 174.1959
1001.12 2835.792 704.771 1735.417 206.76559
1002.22 2693.292 729.271 1828.417 178.68611
1003.32 2385.792 272.271 1190.917 230.06919
1004.41 2449.292 467.271 1408.417 210.59659
1005.51 2351.792 402.771 1217.917 239.1009
1006.6 2062.792 188.771 987.917 234.50299
1007.7 2357.792 624.271 1470.917 204.75161
1008.8 1980.792 103.271 755.917 287.67835
1009.89 2173.792 577.771 1331.917 211.63294
1010.99 2271.792 384.771 1149.417 246.78367
1012.08 2175.792 47.271 826.417 273.18645
1013.18 2177.792 394.271 1240.917 210.65727
1014.27 2302.292 202.271 1009.417 260.17862
1015.36 2370.292 334.271 1124.417 257.67661
1016.46 2242.792 402.771 1194.917 232.28312
1017.55 2020.792 148.271 862.917 262.0208
1018.65 2182.292 496.771 1208.917 236.682
1019.74 2200.792 586.771 1441.917 188.74219
1020.83 2117.792 505.271 1239.417 219.64587
1021.93 1984.792 280.271 1081.417 212.76038
1023.02 1654.292 38.271 740.917 229.9908
1024.11 1724.792 63.771 754.417 240.50254
1025.2 1601.292 88.271 722.417 238.59192
1026.3 1896.292 454.271 1131.917 212.79861
1027.39 1819.292 597.771 1268.417 182.14097
1028.48 1737.792 486.771 1072.417 213.6139
1029.57 1598.792 312.771 901.917 218.28564
1030.66 1491.292 451.771 1035.417 178.10816
1031.75 2157.792 1483.271 2155.917 100.27875
1032.84 1640.292 652.771 1237.417 168.90924
1033.94 1352.292 161.271 678.417 230.30655
1035.03 1549.292 773.771 1262.917 158.54594
1036.12 1124.292 90.271 614.917 197.08929
1037.21 1213.292 66.771 609.417 211.28343
1038.3 1473.792 522.771 1049.417 180.58072
1039.39 1063.792 153.271 549.417 229.84484
1040.48 1214.292 455.771 904.417 169.06894
1041.57 1326.792 616.271 1021.917 175.1579
1042.66 1268.292 441.771 862.917 196.25524
1043.74 1209.292 508.271 928.417 166.85177
1044.83 1132.292 543.271 974.917 136.45927
1045.92 954.792 45.771 481.917 208.42131
1047.01 1175.792 617.771 1054.417 127.79713
1048.1 738.292 96.771 402.417 209.89027
1049.19 1060.792 502.271 822.417 174.45823
1050.27 990.292 342.271 705.417 178.44644
1051.36 873.792 305.271 681.417 151.14373
1052.45 981.792 469.771 875.417 126.22361
1053.54 834.792 466.771 758.417 126.18758
1054.62 962.292 525.271 900.417 116.49358
1055.71 927.292 467.771 822.917 129.38933
1056.8 1011.792 688.271 1055.917 87.99798
1057.88 761.292 328.771 652.417 133.64017
1058.97 867.792 458.771 804.417 118.33524
1060.06 1052.292 834.771 1296.917 47.06757
1061.14 775.292 367.771 664.417 137.37622
1062.23 1493.792 1608.271 2089.917 -23.76834
1063.31 836.792 547.271 887.917 84.99175
1064.4 675.292 279.271 610.417 119.59107
1065.48 820.292 526.771 738.917 138.35804
1066.57 673.792 362.771 691.917 94.49332
1067.65 759.292 543.771 885.417 63.08312
1068.74 693.792 357.271 635.417 120.98719
1069.82 792.792 544.271 856.417 79.6169
1070.9 1725.792 2151.771 2635.417 -88.07664
1071.99 758.292 561.771 908.917 56.61046
1073.07 669.292 491.771 826.917 52.96824
1074.15 800.792 576.771 914.417 66.34788
1075.24 668.792 526.771 764.417 59.76156
1076.32 732.292 625.771 880.417 41.83098
1077.4 967.792 963.771 1324.417 1.11491
1078.49 503.792 218.271 494.417 103.39495
1079.57 751.792 655.271 905.917 38.50886
1080.65 924.292 866.771 1207.917 16.86108
1081.73 557.292 382.771 651.417 64.96317
1082.81 451.792 238.271 479.917 88.36107
1083.89 679.792 548.771 799.417 52.2733
1084.98 614.292 533.271 847.417 25.79084
1086.06 426.292 267.771 470.917 78.03302
1087.14 498.792 283.771 487.417 105.58568
1088.22 592.292 524.771 765.417 28.05819
1089.3 390.792 261.771 458.417 65.61076
1090.38 882.292 1101.771 1433.417 -66.1788
1091.46 604.292 598.771 838.417 2.30376
1092.54 466.792 405.771 657.917 24.2006
1093.62 489.292 412.771 674.917 29.19017
1094.7 416.792 186.271 429.417 94.80764
1095.78 511.792 490.771 699.917 10.05079
1096.86 560.792 545.771 843.917 5.0381
1097.93 903.292 1146.271 1458.417 -77.84158
1099.01 676.792 802.271 1099.917 -42.1572
1100.09 413.292 334.271 492.917 49.80958
