196.55 767.818 972.948 1339.379 -55.98037
197.76 1088.394 1427.472 1995.603 -59.68299
198.96 995.397 1340.45 1803.191 -74.56735
200.16 620.377 796.077 1227.164 -40.75754
201.36 1105.988 1587.379 2062.06 -101.41368
202.56 764.95 990.115 1401.163 -54.77832
203.76 684.399 849.94 1265.984 -39.78924
204.96 753.847 932.264 1411.806 -37.20573
206.16 514.331 712.367 946.298 -84.65518
207.36 854.862 1181.173 1687.519 -64.44413
208.56 771.388 1052.507 1476.29 -66.3355
209.76 502.357 637.704 982.138 -39.29569
210.96 665.383 888.539 1380.408 -45.36878
212.16 1398.81 2056.997 2537.841 -136.8817
213.36 837.866 1126.644 1600.47 -60.94606
214.56 712.813 890.479 1274.997 -46.20496
215.76 1248.399 1834.94 2402.485 -103.34709
216.96 1063.911 1568.862 2050.473 -104.84631
218.16 780.422 985.792 1447.599 -44.47082
219.35 621.336 716.838 1152.749 -21.90881
220.55 688.332 872.359 1328.661 -40.33021
221.75 671.795 810.596 1150.265 -40.86366
222.95 1043.339 1461.314 1932.768 -88.65638
224.15 811.805 1090.029 1574.459 -57.43315
225.35 656.314 782.472 1287.36 -24.98737
226.55 674.837 792.831 1188.111 -29.85089
227.75 984.839 1378.814 1879.768 -78.64477
228.94 835.857 1122.204 1555.138 -66.14123
230.14 772.371 919.113 1379.351 -31.88373
231.34 670.385 847.028 1265.702 -42.19107
232.54 587.881 780.549 1133.115 -54.64738
233.74 659.91 805.869 1171.11 -39.96245
234.93 697.818 791.951 1221.947 -21.89171
236.13 762.378 951.574 1439.095 -38.80777
237.33 709.789 930.131 1313.452 -57.48242
238.53 670.829 887.381 1239.073 -61.57417
239.72 1017.89 1373.993 1901.015 -67.56871
240.92 509.861 562.676 918.088 -14.86017
242.12 885.841 1152.807 1622.13 -56.8831
243.31 625.369 755.63 1186.695 -30.21861
244.51 570.889 627.0 952.653 -17.23015
245.71 997.341 1278.803 1722.062 -63.49838
246.9 1136.889 1688.0 2212.153 -105.14309
248.1 747.897 950.954 1448.759 -40.79051
249.3 698.416 982.33 1398.854 -68.16276
250.49 682.919 893.313 1321.511 -49.13469
251.69 829.872 1049.106 1539.214 -44.73158
252.89 730.944 916.154 1388.919 -39.17592
254.08 483.357 579.204 954.138 -25.56387
255.28 765.902 976.919 1400.072 -49.86758
256.47 536.863 577.666 955.382 -10.80243
257.67 830.794 1159.099 1530.833 -88.31723
258.86 899.326 1172.898 1590.417 -65.52341
260.06 675.919 917.809 1356.442 -55.1463
261.26 1037.882 1459.546 1914.546 -92.67326
262.45 684.879 939.063 1294.389 -71.53541
263.65 465.444 565.158 907.488 -29.12805
264.84 853.384 1081.531 1469.771 -58.76457
266.04 640.944 804.154 1217.419 -39.49283
267.23 527.443 487.661 823.556 11.84352
268.42 587.376 706.584 1015.802 -38.55172
269.62 737.867 882.641 1322.401 -32.92111
270.81 717.352 959.736 1397.256 -55.39958
272.01 700.88 923.056 1333.752 -54.09742
273.2 866.963 1164.034 1567.583 -73.61467
274.4 589.413 664.852 908.767 -30.92831
275.59 821.408 1028.883 1499.385 -44.09666
276.78 686.355 892.718 1361.913 -43.9826
277.98 630.43 772.746 1191.206 -34.00953
279.17 656.857 903.201 1285.069 -64.51003
280.37 665.971 837.985 1198.621 -47.69735
281.56 551.403 528.915 926.504 5.656
282.75 533.309 617.508 1021.047 -20.86511
283.95 631.939 801.186 1237.537 -38.78678
285.14 663.938 863.193 1247.675 -51.82426
286.33 580.426 700.267 1012.118 -38.42887
287.52 721.461 948.548 1368.358 -54.09297
288.72 810.977 1136.95 1615.434 -68.12616
289.91 993.909 1410.373 1957.179 -76.16287
291.1 738.885 1007.024 1453.634 -60.03888
292.29 728.37 997.623 1395.057 -67.74792
293.49 732.431 1044.239 1446.568 -77.50071
294.68 566.414 729.845 997.629 -61.03059
295.87 695.373 803.102 1201.145 -27.06464
297.06 778.408 940.38 1418.817 -33.85433
298.26 399.94 420.179 733.9 -6.45114
299.45 613.369 789.13 1098.195 -56.86893
300.64 622.332 822.859 1190.661 -54.52053
301.83 729.885 857.028 1294.202 -29.08295
303.02 596.828 630.384 1057.142 -7.86299
304.21 821.306 1123.525 1573.39 -67.18001
305.4 673.833 875.356 1160.092 -70.77539
306.59 703.863 920.166 1316.882 -54.52321
307.79 621.381 803.053 1187.683 -47.23281
308.98 502.871 579.113 932.851 -21.55299
310.17 767.694 966.081 1430.275 -42.73808
311.36 732.033 857.597 1178.563 -39.12075
312.55 1123.523 1560.657 2066.731 -86.37743
313.74 498.912 584.359 957.404 -22.90526
314.93 777.388 1009.007 1474.29 -49.78014
316.12 612.879 787.067 1192.958 -42.91497
317.31 431.917 406.823 740.217 7.52679
318.5 486.912 574.859 920.404 -25.45165
319.69 619.921 830.799 1262.736 -48.82131
320.88 620.853 736.225 1134.55 -28.96432
322.07 527.426 607.271 993.686 -20.66293
323.26 554.335 607.342 935.817 -16.13724
324.45 421.903 447.415 793.504 -7.37164
325.64 660.429 766.749 1195.274 -24.81077
326.83 764.385 996.024 1395.634 -57.96642
328.01 624.399 738.436 1110.916 -30.61563
329.2 785.881 976.053 1403.683 -44.47105
330.39 609.408 727.38 1086.817 -32.82123
331.58 473.404 542.908 969.366 -16.29802
332.77 894.376 1253.081 1742.233 -73.33188
333.96 410.418 448.82 671.648 -17.23391
335.15 464.395 524.964 868.466 -17.63302
336.33 517.904 590.908 878.866 -25.35237
337.52 585.903 719.415 1040.504 -41.58119
338.71 545.897 710.45 1050.191 -48.43502
339.9 568.979 614.932 995.09 -12.08774
341.08 594.937 688.2 1067.812 -24.56799
342.27 683.893 879.475 1376.672 -39.33692
343.46 805.353 1063.729 1446.619 -67.48056
344.65 733.853 897.229 1356.119 -35.60248
345.83 786.348 983.257 1460.668 -41.24511
347.02 441.347 470.264 791.306 -9.00723
348.21 817.876 1021.584 1513.302 -41.42799
349.4 426.891 462.989 862.946 -9.02552
350.58 621.461 718.045 1108.789 -24.71778
351.77 499.41 575.369 941.11 -20.7686
352.96 380.375 324.088 698.37 15.03874
354.14 601.901 619.926 1114.21 -3.64662
355.33 461.869 536.13 920.695 -19.31059
356.51 369.453 387.098 701.82 -5.60642
357.7 545.511 679.734 1173.743 -27.17034
358.89 452.933 511.721 949.225 -13.43707
360.07 729.452 915.105 1399.957 -38.29057
361.26 803.581 1061.79 1572.085 -50.59988
362.44 589.13 733.483 1177.108 -32.53955
363.63 475.168 481.743 950.435 -1.40293
364.81 521.217 531.437 1069.458 -1.89953
366.0 326.704 276.518 729.538 11.07812
367.18 1030.645 1403.392 2092.821 -54.06602
368.37 415.572 529.85 875.253 -33.08547
369.55 574.038 737.065 1246.445 -32.00514
370.74 678.536 911.572 1458.582 -42.60174
371.92 983.075 1158.332 1668.41 -34.35907
373.11 488.615 476.078 1016.963 2.31776
374.29 434.664 421.772 908.985 2.64606
375.48 536.089 531.741 1060.623 0.82218
376.66 394.543 441.53 902.257 -10.19837
377.84 755.072 953.85 1582.253 -31.63228
379.03 429.04 405.051 908.67 4.76329
380.21 357.098 332.184 747.024 6.00564
381.39 341.094 266.212 675.074 18.31456
382.58 669.54 816.548 1409.101 -24.80909
383.76 862.003 1148.784 1715.705 -50.58571
384.94 890.522 1254.164 1936.868 -53.26493
386.13 462.613 426.593 963.237 6.71208
387.31 546.573 618.339 1185.047 -12.66368
388.49 412.598 474.688 1029.093 -11.19945
389.68 575.056 637.952 1263.246 -10.05876
390.86 554.053 567.466 1204.521 -2.1055
392.04 728.015 982.706 1677.693 -36.64689
393.22 452.053 445.466 1111.021 0.98968
394.41 413.095 473.202 1085.367 -9.81869
395.59 245.054 193.463 865.952 7.67164
396.77 480.518 552.689 1295.349 -9.71784
397.95 551.036 637.576 1375.151 -11.73302
399.13 598.02 792.678 1560.643 -25.34728
400.31 412.625 447.511 1233.657 -4.4376
401.5 533.579 626.304 1514.36 -10.44136
402.68 608.594 734.712 1616.074 -14.30956
403.86 387.057 434.445 1296.108 -5.49967
405.04 646.506 807.263 1861.292 -15.2516
406.22 385.082 367.783 1341.448 1.77673
407.4 611.466 697.013 1747.671 -8.14219
408.58 687.08 814.301 1875.791 -11.98513
409.76 716.587 947.755 2029.398 -21.37192
410.94 518.053 624.466 1721.521 -9.6999
412.12 413.484 502.9 1505.972 -8.9142
413.3 419.033 359.093 1500.994 5.24912
414.48 364.53 371.111 1363.838 -0.66289
415.66 421.004 445.277 1491.567 -2.31989
416.84 821.032 1233.1 2392.132 -35.55284
418.02 536.067 623.378 1795.303 -7.45022
419.2 429.534 419.586 1512.357 0.91034
420.38 500.553 583.97 1792.589 -6.90186
421.56 433.509 427.245 1581.949 0.54248
422.74 798.081 1081.794 2295.154 -23.38241
423.92 685.549 865.995 2097.57 -14.65162
425.1 444.53 464.111 1706.838 -1.57562
426.28 426.469 405.995 1712.327 1.56728
427.46 939.97 1356.492 2799.259 -28.86968
428.63 531.991 571.861 2000.716 -2.7904
429.81 593.974 687.964 1968.209 -7.34151
430.99 583.503 754.784 2180.705 -12.01195
432.17 800.993 1145.347 2523.941 -24.97867
433.35 648.998 827.316 2288.823 -12.20094
434.52 257.958 155.069 1442.77 7.99006
435.7 399.987 376.383 1827.128 1.62707
436.88 596.031 840.104 2306.7 -16.6421
438.06 512.964 552.531 2072.014 -2.60398
439.23 456.03 399.115 1956.406 3.65476
440.41 558.949 594.126 2298.869 -2.0635
441.59 633.055 828.456 2548.315 -11.36145
442.77 374.44 276.679 1951.4 5.83747
443.94 721.023 760.657 2663.231 -2.08317
445.12 685.995 769.833 2568.167 -4.66199
446.3 854.029 1093.118 2946.475 -12.90031
447.47 617.013 666.72 2632.968 -2.52803
448.65 727.025 720.646 2715.525 0.31974
449.82 495.525 500.146 2418.525 -0.24091
451.0 503.514 609.213 2599.83 -5.30987
452.18 434.997 476.823 2644.96 -1.92911
453.35 502.022 530.16 2753.3 -1.26568
454.53 526.99 558.865 2819.285 -1.41013
455.7 401.01 334.238 2713.311 2.80665
456.88 715.979 945.935 3424.159 -9.27909
458.05 584.506 591.763 3040.792 -0.29629
459.23 369.503 315.784 2806.205 2.15703
460.4 526.023 580.16 3298.8 -1.99136
461.58 594.479 719.432 3462.09 -4.55589
462.75 347.495 315.333 3204.667 1.11312
463.93 521.517 628.696 3520.987 -3.70567
465.1 466.538 525.065 3629.945 -1.88502
466.28 293.453 218.101 3243.888 2.4903
467.45 251.522 146.66 3291.8 3.3341
468.63 470.008 523.249 3846.018 -1.60228
469.8 663.502 870.287 4222.273 -6.16903
470.97 390.507 405.259 3823.724 -0.43155
472.15 585.941 595.675 4138.332 -0.27478
473.32 593.453 704.601 4322.388 -3.07228
474.49 701.469 859.499 4671.896 -4.14517
475.67 476.957 507.573 4177.839 -0.83416
476.84 312.956 327.08 4088.476 -0.3755
478.01 591.493 636.347 4688.941 -1.10681
479.19 468.932 548.728 4557.862 -1.99035
480.36 384.965 309.02 4472.808 1.82395
481.53 535.485 596.897 4836.903 -1.44839
482.7 472.448 497.129 4733.938 -0.58255
483.88 367.925 275.774 4583.755 2.13908
485.05 419.979 361.935 4823.659 1.30092
486.22 466.404 478.405 4938.797 -0.26904
487.39 310.374 333.595 4795.508 -0.52042
488.56 490.488 485.876 5021.991 0.10169
489.74 706.937 897.2 5619.313 -4.02919
490.91 374.445 242.651 4990.851 2.77566
492.08 414.488 375.876 5230.491 0.79538
493.25 394.435 278.714 5092.587 2.4039
494.42 453.925 476.778 5228.824 -0.48091
495.59 434.427 417.26 5317.48 0.35034
496.76 431.507 465.756 5367.155 -0.69874
497.93 574.472 610.478 5616.483 -0.71925
499.1 528.428 572.753 5591.843 -0.88312
500.27 791.422 1040.792 6267.099 -4.77143
501.44 909.463 1228.534 6296.083 -6.29636
502.61 454.947 423.137 5408.076 0.63813
503.78 564.4 629.929 5761.278 -1.27703
504.95 849.473 1123.474 6516.415 -5.08075
506.12 572.398 696.943 5888.053 -2.3992
507.29 398.439 335.186 5433.538 1.24066
508.46 170.942 32.165 5307.125 2.63088
509.63 863.442 1258.165 6645.125 -7.32736
510.8 885.951 1179.612 6671.095 -5.34757
511.97 584.46 558.552 5824.426 0.49201
513.14 315.885 258.528 5792.702 1.03641
514.31 721.93 785.746 6241.206 -1.16977
515.48 546.888 495.01 6045.359 0.93467
516.65 478.455 525.087 6124.614 -0.83279
517.81 434.42 355.806 5922.374 1.41226
518.98 585.967 695.01 6349.102 -1.92856
520.15 330.869 161.13 5858.695 2.97914
521.32 622.452 703.605 6464.457 -1.40869
522.49 1089.389 1502.503 7468.221 -6.92481
523.65 855.912 1158.859 7184.404 -5.02771
524.82 602.457 638.073 6545.839 -0.60287
525.99 202.386 78.517 6017.496 2.0857
527.16 587.349 631.25 6882.031 -0.70232
528.32 622.94 730.182 7018.969 -1.7053
529.49 385.45 411.619 6654.732 -0.41917
530.66 260.331 114.367 6539.298 2.27185
531.82 336.975 180.957 6592.071 2.43357
532.99 412.425 320.274 6997.255 1.38013
534.16 480.928 444.256 7148.912 0.54696
535.32 727.405 794.401 7641.229 -0.9785
536.49 385.904 294.408 7207.866 1.32344
537.65 796.959 1011.059 8080.564 -3.0285
538.82 350.918 321.816 7430.58 0.40938
539.99 593.433 642.721 8076.725 -0.663
541.15 626.986 818.39 8357.766 -2.53872
542.32 320.893 147.979 7854.74 2.24367
543.48 661.865 811.155 8785.676 -1.87209
544.65 804.344 992.785 8917.718 -2.37783
545.81 1093.922 1483.292 10133.099 -4.50148
546.98 514.372 503.106 9285.714 0.12829
548.14 657.922 783.792 9857.099 -1.38725
549.31 452.409 402.873 9415.179 0.54966
550.47 442.398 469.443 9763.554 -0.29099
551.63 819.42 914.806 10766.874 -0.96818
552.8 474.955 454.584 10034.545 0.21265
553.96 475.913 459.852 10240.767 0.16421
555.13 477.397 391.45 10690.69 0.8345
556.29 775.376 934.084 11394.302 -1.51726
557.45 352.475 274.46 10552.64 0.75903
558.62 557.394 523.468 11224.534 0.31704
559.78 649.872 771.606 11627.214 -1.12138
560.94 433.892 371.982 11276.809 0.56773
562.11 442.875 391.088 11510.37 0.46574
563.27 215.393 157.975 11361.672 0.51249
564.43 149.905 32.397 11656.66 1.01089
565.59 303.836 205.838 12004.749 0.83056
566.76 418.457 351.073 12192.839 0.56904
567.92 585.334 571.349 12448.455 0.11775
569.08 685.883 715.042 13216.978 -0.23324
570.24 433.965 352.024 12896.877 0.65319
571.4 354.411 226.366 12819.042 1.01682
572.57 482.835 367.342 13100.317 0.90704
573.73 236.885 55.524 13072.134 1.3933
574.89 382.858 452.697 13544.0 -0.53348
576.05 558.444 476.158 13770.987 0.61893
577.21 328.935 157.714 13514.587 1.28189
578.37 173.897 18.954 13640.76 1.13746
579.53 323.866 193.644 13978.47 0.94468
580.69 526.384 597.535 14724.34 -0.50366
581.85 416.902 351.919 14327.072 0.46499
583.01 473.908 401.88 14435.816 0.51324
584.17 470.416 484.83 14656.854 -0.10171
585.33 537.886 572.517 14948.496 -0.24089
586.49 391.927 377.763 14735.049 0.09865
587.65 552.924 573.278 15187.824 -0.13927
588.81 509.886 566.521 15553.064 -0.37791
589.97 739.4 929.433 15628.847 -1.29279
591.13 413.465 421.02 15287.808 -0.05082
592.29 397.378 336.574 15254.096 0.4076
593.45 363.874 213.595 14965.508 1.01871
594.61 315.46 134.052 15178.927 1.20578
595.77 297.895 196.961 15395.896 0.66409
596.93 297.454 91.091 14998.683 1.38428
598.09 455.428 382.753 15545.343 0.47931
599.24 357.379 138.067 15446.458 1.43263
600.4 399.927 291.763 15433.549 0.71434
601.56 359.907 233.39 15322.522 0.83846
602.72 453.371 368.616 15465.42 0.56141
603.87 515.3 473.064 15310.146 0.28466
605.03 318.871 232.116 15238.92 0.5781
606.19 279.887 148.514 14826.428 0.89504
607.35 245.378 -3.926 15131.096 1.6472
608.5 618.396 594.457 15492.328 0.16068
609.66 786.365 989.651 15859.107 -1.36714
610.82 352.421 146.299 15137.236 1.37498
611.97 285.376 125.084 14915.802 1.08373
613.13 604.849 573.754 15514.6 0.20812
614.29 530.39 496.993 15383.016 0.22436
615.44 611.883 717.539 15456.908 -0.71682
616.6 297.867 180.141 14843.401 0.80286
617.76 563.889 663.0 15414.652 -0.67186
618.91 641.839 726.314 15170.268 -0.58484
620.07 588.381 641.049 15204.114 -0.36165
621.22 209.879 17.567 14577.958 1.32079
622.38 800.876 1061.084 15637.302 -1.78516
623.53 262.411 78.366 14625.542 1.26516
624.69 314.867 112.137 14268.832 1.43204
625.84 294.883 217.542 14299.978 0.5492
627.0 464.974 488.964 14831.709 -0.16726
628.15 254.373 -0.398 14734.646 1.72901
629.31 404.941 318.175 14728.331 0.60211
630.46 180.394 -23.532 14344.034 1.41935
631.61 435.868 374.134 14629.264 0.43307
632.77 390.439 228.189 14833.106 1.11092
633.92 522.908 495.38 14691.816 0.19391
635.08 706.956 949.577 15177.407 -1.70525
636.23 347.392 308.482 14744.809 0.26953
637.38 177.391 -74.511 14334.446 1.74823
638.54 583.927 654.76 15135.48 -0.48915
639.69 726.337 936.831 15459.111 -1.44946
640.84 539.905 490.402 14738.753 0.34743
641.99 231.404 97.409 14039.882 0.96105
643.15 697.903 816.916 14835.512 -0.84896
644.3 276.402 95.422 14179.142 1.28503
645.45 144.901 -58.071 14110.771 1.43252
646.6 718.399 811.436 15075.401 -0.65225
647.75 308.398 161.942 14418.031 1.02732
648.91 118.397 -136.551 13971.661 1.80709
650.06 326.396 225.455 14825.291 0.69138
651.21 451.395 417.462 14565.42 0.23984
652.36 453.894 450.969 14709.05 0.02052
653.51 227.893 101.475 14213.68 0.8958
654.66 340.392 273.982 14861.81 0.45524
655.81 499.891 651.989 15048.939 -1.05646
656.96 198.89 69.495 14402.569 0.90277
658.11 356.889 365.002 14800.199 -0.0562
659.27 447.888 531.009 14925.328 -0.57746
660.42 215.387 29.015 14459.958 1.29147
661.57 413.386 421.022 14835.088 -0.05298
662.72 88.885 -139.971 14611.718 1.55139
663.87 80.384 -99.965 14122.848 1.26802
665.01 339.383 316.042 14693.978 0.16234
666.16 175.881 41.049 14739.607 0.91732
667.31 202.88 95.555 14982.237 0.72095
668.46 542.879 760.562 15722.366 -1.45492
669.61 267.878 206.069 15547.996 0.40288
670.76 151.877 4.575 15214.626 0.96845
671.91 621.876 769.582 16378.756 -0.94628
673.06 420.375 519.589 16014.886 -0.64028
674.21 8.874 -161.405 15583.016 1.08152
675.35 338.373 284.102 15720.146 0.35159
676.5 281.372 167.609 15849.774 0.72543
677.65 163.871 72.615 15783.904 0.58083
678.8 80.87 -110.878 15727.034 1.21069
679.94 233.369 40.629 16048.164 1.20406
681.09 358.368 370.135 17049.793 -0.07055
682.24 426.367 363.142 17513.924 0.36864
683.39 144.866 -1.851 17222.553 0.8518
684.53 445.365 558.155 17196.684 -0.67789
685.68 275.864 214.662 17614.813 0.35173
686.83 310.862 301.169 17607.443 0.05601
687.97 261.361 298.175 17622.072 -0.2125
689.12 261.36 178.182 17514.703 0.47979
690.27 190.359 68.189 17408.832 0.70453
691.41 457.358 468.195 17969.961 -0.06192
692.56 353.857 358.702 17742.592 -0.02787
693.7 353.856 378.709 17681.721 -0.14363
694.85 155.355 48.215 17192.852 0.62492
695.99 385.354 398.222 17794.98 -0.07397
697.14 268.353 184.229 17551.111 0.4844
698.28 422.852 342.735 18251.74 0.44735
699.43 357.351 391.242 18390.369 -0.18829
700.57 44.85 -74.251 17710.5 0.66968
701.72 131.349 -50.745 17219.129 1.0544
702.86 16.348 -107.738 17549.26 0.70276
704.01 167.847 50.269 17415.389 0.67709
705.15 404.346 433.275 18332.02 -0.16163
706.29 221.844 126.782 17723.648 0.54022
707.44 233.843 171.288 18374.777 0.34364
708.58 62.842 -124.205 17936.408 1.03566
709.72 521.341 629.302 18731.037 -0.59641
710.87 52.84 -137.192 17783.168 1.06042
712.01 135.339 0.315 17644.297 0.76527
713.15 274.338 217.322 18427.928 0.31309
714.3 323.837 348.828 17921.557 -0.14222
715.44 133.836 92.335 18611.186 0.2241
716.58 298.335 277.342 18420.816 0.11571
717.72 157.834 52.848 18398.945 0.57225
718.87 260.833 240.855 18262.076 0.11086
720.01 278.332 117.362 18078.205 0.89623
721.15 38.831 -54.132 17879.836 0.51836
722.29 374.83 345.875 18022.965 0.1638
723.43 466.829 498.882 18553.596 -0.17753
724.57 372.328 450.388 18287.225 -0.43764
725.72 279.827 244.895 18067.354 0.196
726.86 588.825 678.902 18459.484 -0.5066
728.0 239.324 164.408 17772.113 0.42547
729.14 118.323 -2.085 17477.244 0.68886
730.28 413.322 481.422 17805.373 -0.39309
731.42 152.821 10.928 17753.004 0.79975
732.56 560.32 722.435 18545.133 -0.9096
733.7 305.819 386.942 18597.262 -0.44548
734.84 85.818 -127.052 17331.393 1.21929
735.98 259.317 148.955 17932.521 0.62058
737.12 76.816 -3.038 17789.152 0.44882
738.26 135.315 17.468 17486.281 0.67461
739.4 251.314 228.475 17917.912 0.12911
740.53 365.813 407.482 18162.541 -0.23469
741.67 310.312 273.488 17733.67 0.2109
742.81 71.311 -222.505 17185.301 1.68784
743.95 302.31 241.002 17969.93 0.34581
745.09 154.309 19.508 17370.561 0.7769
746.23 374.307 399.515 17605.189 -0.14651
747.36 422.306 453.522 17477.32 -0.18336
748.5 83.805 60.028 17069.949 0.13978
749.64 156.804 25.035 17006.078 0.77598
750.78 149.303 -5.458 16833.209 0.91909
751.92 158.302 74.548 16909.838 0.49749
753.05 269.301 155.555 16258.969 0.70635
754.19 484.8 635.562 16783.098 -0.93365
755.33 7.799 -151.932 16117.228 0.9818
756.46 232.798 245.075 16057.357 -0.07764
757.6 170.297 82.082 15697.487 0.56493
758.74 490.796 562.088 16315.617 -0.45255
759.87 305.295 244.595 16092.247 0.38302
761.01 289.294 271.102 15563.377 0.11896
762.14 251.293 234.608 15825.006 0.10702
763.28 404.792 408.115 15272.136 -0.02236
764.41 238.291 249.121 15157.766 -0.07265
765.55 54.29 -123.872 14748.896 1.1979
766.69 311.288 289.635 15202.025 0.14521
767.82 216.287 266.641 15014.155 -0.34144
768.95 154.786 26.148 14525.285 0.88721
770.09 570.285 737.655 15281.915 -1.15076
771.22 567.284 661.661 15275.044 -0.64583
772.36 460.283 504.168 14678.674 -0.3096
773.49 428.782 489.175 14838.804 -0.42087
774.63 233.781 196.181 14003.434 0.27232
775.76 195.28 154.688 13969.563 0.29383
776.89 369.779 428.195 14067.693 -0.42828
778.03 312.778 360.201 13450.823 -0.36227
779.16 183.777 8.708 13358.952 1.31135
780.29 277.776 308.215 13035.582 -0.23916
781.43 472.775 606.221 13093.712 -1.06864
782.56 323.774 315.228 13181.842 0.06642
783.69 162.273 11.735 12475.972 1.20776
784.82 239.772 233.241 12821.602 0.05187
785.96 203.27 116.748 12587.731 0.69379
787.09 277.769 204.255 12186.361 0.61354
788.22 303.768 394.261 12237.99 -0.76406
789.35 143.267 157.768 11739.62 -0.1252
790.48 265.266 142.275 12009.25 1.03642
791.62 432.765 580.281 11944.38 -1.29809
792.75 118.264 5.288 11194.01 1.00973
793.88 517.763 737.795 11788.14 -1.99117
795.01 361.262 353.801 11355.77 0.06781
796.14 365.261 404.808 11514.898 -0.35596
797.27 391.76 493.815 11487.528 -0.9283
798.4 230.759 283.321 10909.158 -0.49467
799.53 130.758 -4.672 10310.788 1.31288
800.66 287.257 316.335 10739.418 -0.27898
801.79 858.256 1276.841 11846.548 -3.96024
802.92 253.255 199.848 10216.178 0.5332
804.05 344.754 381.855 10327.308 -0.37304
805.18 263.253 290.861 10017.937 -0.28383
806.31 252.251 215.868 9756.066 0.38137
807.44 115.25 -64.625 9580.196 1.865
808.57 356.749 400.381 10089.826 -0.4503
809.69 346.248 400.888 9940.456 -0.57277
810.82 21.747 -163.605 9102.586 2.00031
811.95 722.746 988.401 10112.216 -2.91167
813.08 255.245 103.908 8928.345 1.71498
814.21 690.244 1064.915 10169.975 -4.11497
815.33 277.743 282.921 9203.104 -0.05805
816.46 334.242 308.928 9013.734 0.29081
817.59 539.241 847.435 9490.864 -3.56564
818.72 401.74 504.441 8670.494 -1.25766
819.84 608.739 896.448 9116.124 -3.50025
820.97 417.238 446.454 8550.754 -0.36051
822.1 486.237 593.961 8538.383 -1.35598
823.22 154.736 -30.532 7767.513 2.37582
824.35 204.735 92.474 7844.143 1.44821
825.48 423.733 574.481 7850.272 -2.07191
826.6 293.732 310.488 7455.902 -0.23449
827.73 53.731 -144.506 7245.032 2.68267
828.85 224.73 268.501 7361.662 -0.61708
829.98 459.229 610.008 7638.292 -2.14531
831.11 133.228 70.014 6945.921 0.91935
832.23 120.727 81.521 6962.051 0.56981
833.36 450.726 524.528 7592.181 -1.04422
834.48 264.225 259.034 6894.811 0.07822
835.6 401.724 482.041 7014.94 -1.22943
836.73 107.223 -7.952 6711.07 1.71417
837.85 435.222 535.054 6989.7 -1.54668
838.98 46.721 -104.439 6228.33 2.38695
840.1 395.22 458.568 6766.959 -1.00419
841.23 305.219 371.074 6570.589 -1.06227
842.35 577.218 720.581 7111.219 -2.24333
843.47 215.217 248.588 6354.849 -0.54651
844.6 131.716 26.594 6149.978 1.71672
845.72 166.214 155.101 6077.608 0.18765
846.84 193.713 134.608 5955.738 1.01537
847.96 174.212 139.114 5813.368 0.61855
849.09 167.711 58.121 5820.497 1.90182
850.21 225.71 232.628 5935.127 -0.1213
851.33 317.209 385.134 5976.757 -1.21477
852.45 90.208 25.141 5610.387 1.16498
853.57 218.207 232.148 5832.016 -0.24894
854.7 204.706 67.654 5477.146 2.53354
855.82 114.705 -0.339 5659.776 2.03254
856.94 328.204 485.168 5827.405 -2.93816
858.06 47.703 -64.326 5132.035 2.1559
859.18 409.202 425.181 5653.165 -0.30565
860.3 219.201 244.688 5345.295 -0.49968
861.42 38.7 -89.306 5013.424 2.50857
862.54 85.199 -65.799 4962.554 3.00293
863.66 131.198 50.708 4975.184 1.63449
864.78 218.196 186.714 5073.814 0.64419
865.9 268.195 244.221 5222.943 0.48154
867.02 813.694 1277.228 6443.073 -8.97303
868.14 612.193 879.234 5701.203 -5.53801
869.26 406.692 575.741 5163.833 -3.68451
870.38 83.191 -90.252 4456.962 3.81428
871.5 77.69 -94.746 4453.592 3.79119
872.62 139.689 69.761 4578.222 1.55104
873.74 474.688 699.268 5511.852 -4.66651
874.85 152.188 40.271 4430.417 2.54927
875.97 269.188 286.271 4564.417 -0.39932
877.09 320.688 373.271 4811.917 -1.18467
878.21 244.688 220.771 4370.917 0.57629
879.33 313.688 334.771 4641.417 -0.48955
880.44 207.688 254.771 4375.417 -1.14262
881.56 210.188 111.271 4114.417 2.47097
882.68 262.188 256.271 4367.917 0.1439
883.79 580.688 826.771 4988.417 -5.91313
884.91 69.188 -58.229 3702.917 3.38771
886.03 334.188 456.271 4455.417 -3.05274
887.14 458.188 659.271 4800.417 -4.85574
888.26 506.188 777.271 4809.917 -6.72222
889.38 421.688 636.271 4577.417 -5.44469
890.49 47.188 -89.729 4014.417 3.33606
891.61 286.688 307.771 4176.917 -0.54491
892.72 108.188 -13.229 4058.417 2.982
893.84 90.688 -99.229 3906.917 4.74063
894.95 65.688 -87.229 3941.917 3.79526
896.07 184.688 152.271 4075.417 0.82629
897.18 267.188 384.271 4307.417 -2.98443
898.3 82.688 -41.229 3881.917 3.1586
899.41 433.688 577.271 4446.917 -3.7105
900.53 326.688 335.771 4029.417 -0.24592
901.64 348.188 462.271 4350.417 -2.93413
902.75 310.688 262.771 4055.917 1.26324
903.87 164.688 116.771 3876.417 1.2745
904.98 288.188 403.771 4044.917 -3.17437
906.09 215.688 235.771 3943.917 -0.5416
907.21 326.688 438.771 3919.917 -3.21973
908.32 215.188 198.271 3488.417 0.51416
909.43 445.188 650.771 3977.917 -6.17897
910.54 298.188 280.271 3820.917 0.50603
911.66 760.688 1160.771 4581.417 -11.69614
912.77 135.188 85.771 3214.417 1.57949
913.88 272.688 300.271 3645.417 -0.82458
914.99 145.188 69.271 3371.417 2.29901
916.1 280.688 349.771 3617.417 -2.11416
917.22 89.688 58.771 2918.417 1.08114
918.33 432.688 688.771 3724.917 -8.43449
919.44 240.188 270.271 3384.417 -0.96602
920.55 492.688 660.771 3674.417 -5.57741
921.66 339.688 428.771 3272.917 -3.13217
922.77 362.188 488.271 3282.417 -4.51241
923.88 456.188 623.271 3542.917 -5.72273
924.99 317.688 373.771 3227.417 -1.96532
926.1 100.688 -11.229 2623.917 4.24708
927.21 567.188 652.771 3484.417 -3.02239
928.32 17.188 -84.729 2456.417 4.01066
929.43 232.188 251.771 2756.917 -0.78172
930.54 204.188 111.271 2439.417 3.99102
931.65 207.188 266.271 2607.917 -2.52315
932.76 347.188 381.771 2750.917 -1.45974
933.86 283.688 302.271 2464.417 -0.85949
934.97 134.688 113.771 2305.417 0.95438
936.08 209.688 164.771 2138.417 2.27582
937.19 518.188 708.271 2768.917 -9.22445
938.3 360.688 472.271 2273.917 -6.19341
939.4 436.688 674.771 2431.417 -13.55329
940.51 231.688 305.271 1864.417 -4.71947
941.62 320.188 503.771 1984.417 -12.39887
942.73 692.688 1102.771 2513.917 -29.06031
943.83 249.688 302.771 1592.417 -4.11612
944.94 272.188 338.271 1721.417 -4.77776
946.05 46.188 -35.729 1180.417 6.73576
947.15 48.188 -25.729 1255.417 5.76957
948.26 243.688 228.771 1623.917 1.06918
949.36 118.188 98.271 1469.917 1.45203
950.47 275.688 326.771 1819.917 -3.42119
951.57 551.188 844.771 2349.917 -19.50531
952.68 405.688 568.771 1976.417 -11.58554
953.79 341.688 439.271 2026.417 -6.14835
954.89 197.188 121.771 1668.417 4.87614
955.99 400.188 391.271 2152.917 0.50615
957.1 187.188 230.271 1637.417 -3.06175
958.2 298.688 271.271 1806.417 1.78593
959.31 310.688 455.771 2090.917 -8.87281
960.41 175.688 130.271 1642.917 3.00247
961.52 104.688 10.271 1452.917 6.54469
962.62 355.188 493.771 1946.917 -9.53678
963.72 62.188 -50.729 1492.417 7.3173
964.83 78.688 -70.729 1396.917 10.1807
965.93 265.688 341.771 1883.917 -4.9336
967.03 479.188 714.271 2232.917 -15.4798
968.13 323.188 466.771 1975.417 -9.51737
969.24 188.188 175.771 1604.417 0.86912
970.34 191.688 206.771 1605.917 -1.07804
971.44 223.688 265.771 1650.417 -3.03929
972.54 260.688 346.771 1881.917 -5.6075
973.64 212.188 142.271 1643.917 4.656
974.75 717.688 1069.771 2472.917 -25.09243
975.85 1855.688 3162.271 4867.417 -76.6259
976.95 187.688 189.771 1479.917 -0.16148
978.05 390.188 525.771 1934.917 -9.62167
979.15 632.188 896.271 2298.917 -18.82751
980.25 155.688 99.771 1282.917 4.7261
981.35 148.688 179.271 1406.417 -2.49223
982.45 586.688 891.771 2297.417 -21.70414
983.55 348.688 462.771 1760.417 -8.79156
984.65 308.688 418.271 1628.917 -9.05164
985.75 498.188 675.271 1828.917 -15.34989
986.85 340.688 372.271 1638.417 -2.49445
987.95 240.688 185.271 1345.917 4.77464
989.05 554.188 783.271 2071.417 -17.78396
990.15 463.688 628.271 1710.417 -15.20898
991.25 311.188 443.271 1513.917 -12.33679
992.34 498.688 835.771 1982.917 -29.38452
993.44 317.688 478.271 1473.917 -16.12856
994.54 313.688 386.771 1334.417 -7.7121
995.64 539.688 731.271 1754.417 -18.72493
996.74 540.688 789.271 1829.917 -23.88741
997.83 104.688 73.771 1008.417 3.30785
998.93 246.188 315.271 1299.917 -7.01606
1000.03 759.188 1230.771 2285.917 -44.69367
1001.12 484.688 704.771 1735.417 -21.35392
1002.22 573.688 729.271 1828.417 -14.15493
1003.32 235.688 272.271 1190.917 -3.98231
1004.41 348.188 467.271 1408.417 -12.65302
1005.51 356.688 402.771 1217.917 -5.65339
1006.6 184.688 188.771 987.917 -0.51096
1007.7 453.188 624.271 1470.917 -20.20719
1008.8 112.188 103.271 755.917 1.36623
1009.89 388.688 577.771 1331.917 -25.07251
1010.99 301.188 384.771 1149.417 -10.93099
1012.08 101.188 47.271 826.417 6.91997
1013.18 288.188 394.271 1240.917 -12.52984
1014.27 228.188 202.271 1009.417 3.2109
1015.36 281.688 334.271 1124.417 -6.65489
1016.46 338.688 402.771 1194.917 -8.08984
1017.55 199.188 148.271 862.917 7.12474
1018.65 316.688 496.771 1208.917 -25.28743
1019.74 451.188 586.771 1441.917 -15.85499
1020.83 354.188 505.271 1239.417 -20.57947
1021.93 265.188 280.271 1081.417 -1.88272
1023.02 153.688 38.271 740.917 16.42601
1024.11 179.688 63.771 754.417 16.78381
1025.2 138.188 88.271 722.417 7.87148
1026.3 365.688 454.271 1131.917 -13.07222
1027.39 462.688 597.771 1268.417 -20.14227
1028.48 392.688 486.771 1072.417 -16.06489
1029.57 313.188 312.771 901.917 0.07072
1030.66 354.188 451.771 1035.417 -16.71962
1031.75 921.188 1483.271 2155.917 -83.56304
1032.84 412.688 652.771 1237.417 -41.06475
1033.94 238.188 161.271 678.417 14.8733
1035.03 472.188 773.771 1262.917 -61.65509
1036.12 191.188 90.271 614.917 19.2352
1037.21 178.688 66.771 609.417 20.62426
1038.3 405.188 522.771 1049.417 -22.32683
1039.39 173.688 153.271 549.417 5.15383
1040.48 380.688 455.771 904.417 -16.73555
1041.57 459.188 616.271 1021.917 -38.72425
1042.66 323.188 441.771 862.917 -28.15731
1043.74 389.688 508.271 928.417 -28.22433
1044.83 373.188 543.271 974.917 -39.40344
1045.92 139.688 45.771 481.917 21.53332
1047.01 384.688 617.771 1054.417 -53.38041
1048.1 124.688 96.771 402.417 9.13366
1049.19 343.188 502.271 822.417 -49.6909
1050.27 227.188 342.271 705.417 -31.69067
1051.36 249.188 305.271 681.417 -14.91
1052.45 390.688 469.771 875.417 -19.49566
1053.54 322.688 466.771 758.417 -49.40353
1054.62 355.688 525.271 900.417 -45.20463
1055.71 333.688 467.771 822.917 -37.75445
1056.8 489.688 688.271 1055.917 -54.01484
1057.88 260.188 328.771 652.417 -21.19086
1058.97 385.188 458.771 804.417 -21.28865
1060.06 566.688 834.771 1296.917 -58.00838
1061.14 286.688 367.771 664.417 -27.33338
1062.23 991.188 1608.271 2089.917 -128.11973
1063.31 437.688 547.271 887.917 -32.16928
1064.4 286.188 279.271 610.417 2.0887
1065.48 418.188 526.771 738.917 -51.18333
1066.57 216.688 362.771 691.917 -44.38256
1067.65 377.188 543.771 885.417 -48.75906
1068.74 320.188 357.271 635.417 -13.33234
1069.82 394.688 544.271 856.417 -47.92096
1070.9 1345.188 2151.771 2635.417 -166.77141
1071.99 425.688 561.771 908.917 -39.20061
1073.07 410.688 491.771 826.917 -24.19345
1074.15 460.688 576.771 914.417 -34.3802
1075.24 383.688 526.771 764.417 -60.20862
1076.32 435.688 625.771 880.417 -74.64614
1077.4 692.688 963.771 1324.417 -75.16608
1078.49 264.688 218.271 494.417 16.80875
1079.57 473.188 655.271 905.917 -72.64565
1080.65 617.188 866.771 1207.917 -73.1603
1081.73 336.688 382.771 651.417 -17.15394
1082.81 223.688 238.271 479.917 -6.035
1083.89 456.188 548.771 799.417 -36.9379
1084.98 399.688 533.271 847.417 -42.5227
1086.06 210.188 267.771 470.917 -28.34582
1087.14 179.188 283.771 487.417 -51.35551
1088.22 370.688 524.771 765.417 -64.02907
1089.3 211.188 261.771 458.417 -25.72307
1090.38 686.188 1101.771 1433.417 -125.30942
1091.46 451.188 598.771 838.417 -61.58392
1092.54 298.188 405.771 657.917 -42.66711
1093.62 349.188 412.771 674.917 -24.25495
1094.7 276.188 186.271 429.417 36.98055
1095.78 345.688 490.771 699.917 -69.36946
1096.86 420.188 545.771 843.917 -42.12143
1097.93 767.688 1146.271 1458.417 -121.28417
1099.01 502.188 802.271 1099.917 -100.81893
1100.09 291.188 334.271 492.917 -27.15694
