196.55 262.915 972.948 1339.379 -193.76969
197.76 300.751 1427.472 1995.603 -198.32037
198.96 291.955 1340.45 1803.191 -226.58389
200.16 230.232 796.077 1227.164 -131.26011
201.36 302.958 1587.379 2062.06 -270.58618
202.56 245.266 990.115 1401.163 -181.20753
203.76 280.307 849.94 1265.984 -136.91624
204.96 262.348 932.264 1411.806 -139.6992
206.16 212.78 712.367 946.298 -213.56067
207.36 277.565 1181.173 1687.519 -178.45626
208.56 255.245 1052.507 1476.29 -188.12965
209.76 210.009 637.704 982.138 -124.17346
210.96 242.189 888.539 1380.408 -131.40654
212.16 428.606 2056.997 2537.841 -338.65293
213.36 259.67 1126.644 1600.47 -182.97332
214.56 260.36 890.479 1274.997 -163.87276
215.76 358.307 1834.94 2402.485 -260.17906
216.96 333.221 1568.862 2050.473 -256.56428
218.16 280.234 985.792 1447.599 -152.78195
219.35 202.385 716.838 1152.749 -118.01809
220.55 219.181 872.359 1328.661 -143.14618
221.75 208.989 810.596 1150.265 -177.11583
222.95 296.04 1461.314 1932.768 -247.16595
224.15 276.051 1090.029 1574.459 -168.02795
225.35 265.761 782.472 1287.36 -102.34192
226.55 235.786 792.831 1188.111 -140.92408
227.75 311.54 1378.814 1879.768 -213.04826
228.94 253.509 1122.204 1555.138 -200.65324
230.14 252.226 919.113 1379.351 -144.90018
231.34 264.041 847.028 1265.702 -139.24589
232.54 234.337 780.549 1133.115 -154.92497
233.74 193.82 805.869 1171.11 -167.57409
234.93 236.465 791.951 1221.947 -129.18403
236.13 238.183 951.574 1439.095 -146.33009
237.33 210.982 930.131 1313.452 -187.61026
238.53 245.477 887.381 1239.073 -182.51822
239.72 312.048 1373.993 1901.015 -201.49903
240.92 221.114 562.676 918.088 -96.10302
242.12 290.441 1152.807 1622.13 -183.7464
243.31 209.973 755.63 1186.695 -126.58371
244.51 251.146 627.0 952.653 -115.41539
245.71 318.391 1278.803 1722.062 -216.67075
246.9 328.646 1688.0 2212.153 -259.34296
248.1 252.505 950.954 1448.759 -140.30568
249.3 248.277 982.33 1398.854 -176.23318
250.49 250.53 893.313 1321.511 -150.11338
251.69 262.627 1049.106 1539.214 -160.47034
252.89 251.309 916.154 1388.919 -140.62917
254.08 221.009 579.204 954.138 -95.53561
255.28 272.011 976.919 1400.072 -166.58435
256.47 187.466 577.666 955.382 -103.3048
257.67 250.538 1159.099 1530.833 -244.41166
258.86 317.224 1172.898 1590.417 -204.94282
260.06 264.981 917.809 1356.442 -148.83256
261.26 313.788 1459.546 1914.546 -251.81471
262.45 246.035 939.063 1294.389 -195.04007
263.65 231.358 565.158 907.488 -97.50809
264.84 304.091 1081.531 1469.771 -200.24777
266.04 235.809 804.154 1217.419 -137.52567
267.23 214.407 487.661 823.556 -81.35087
268.42 205.831 706.584 1015.802 -161.94228
269.62 260.621 882.641 1322.401 -141.44528
270.81 243.454 959.736 1397.256 -163.71419
272.01 265.436 923.056 1333.752 -160.12339
273.2 284.63 1164.034 1567.583 -217.91764
274.4 161.573 664.852 908.767 -206.33346
275.59 256.517 1028.883 1499.385 -164.15792
276.78 239.207 892.718 1361.913 -139.28382
277.98 206.092 772.746 1191.206 -135.41412
279.17 204.96 903.201 1285.069 -182.84856
280.37 225.439 837.985 1198.621 -169.85143
281.56 173.462 528.915 926.504 -89.40237
282.75 216.755 617.508 1021.047 -99.30957
283.95 209.253 801.186 1237.537 -135.65502
285.14 252.852 863.193 1247.675 -158.74377
286.33 221.888 700.267 1012.118 -153.39983
287.52 208.328 948.548 1368.358 -176.32298
288.72 259.446 1136.95 1615.434 -183.39239
289.91 288.369 1410.373 1957.179 -205.19216
291.1 249.492 1007.024 1453.634 -169.6187
292.29 247.874 997.623 1395.057 -188.64732
293.49 243.993 1044.239 1446.568 -198.90306
294.68 189.474 729.845 997.629 -201.79268
295.87 228.078 803.102 1201.145 -144.46278
297.06 242.968 940.38 1418.817 -145.76889
298.26 156.154 420.179 733.9 -84.15897
299.45 248.973 789.13 1098.195 -174.77174
300.64 221.181 822.859 1190.661 -163.58775
301.83 278.541 857.028 1294.202 -132.32406
303.02 215.027 630.384 1057.142 -97.32858
304.21 250.001 1123.525 1573.39 -194.17463
305.4 234.632 875.356 1160.092 -225.02363
306.59 233.466 920.166 1316.882 -173.09573
307.79 226.387 803.053 1187.683 -149.92723
308.98 202.726 579.113 932.851 -106.40247
310.17 264.793 966.081 1430.275 -151.07673
311.36 282.509 857.597 1178.563 -179.17394
312.55 322.349 1560.657 2066.731 -244.68913
313.74 181.672 584.359 957.404 -107.94579
314.93 289.745 1009.007 1474.29 -154.58578
316.12 214.584 787.067 1192.958 -141.04331
317.31 195.678 406.823 740.217 -63.33211
318.5 191.672 574.859 920.404 -110.89333
319.69 206.333 830.799 1262.736 -144.57326
320.88 216.305 736.225 1134.55 -130.52671
322.07 201.938 607.271 993.686 -104.89547
323.26 226.434 607.342 935.817 -115.96216
324.45 168.462 447.415 793.504 -80.60179
325.64 190.642 766.749 1195.274 -134.43977
326.83 261.492 996.024 1395.634 -183.81277
328.01 203.258 738.436 1110.916 -143.68
329.2 260.887 976.053 1403.683 -167.23921
330.39 180.468 727.38 1086.817 -152.15805
331.58 198.863 542.908 969.366 -80.67502
332.77 297.282 1253.081 1742.233 -195.39918
333.96 187.129 448.82 671.648 -117.44057
335.15 202.653 524.964 868.466 -93.8314
336.33 204.863 590.908 878.866 -134.06296
337.52 227.962 719.415 1040.504 -153.05862
338.71 193.955 710.45 1050.191 -152.02647
339.9 174.699 614.932 995.09 -115.80253
341.08 208.95 688.2 1067.812 -126.2471
342.27 210.801 879.475 1376.672 -134.48891
343.46 272.355 1063.729 1446.619 -206.68459
344.65 263.855 897.229 1356.119 -138.02316
345.83 245.75 983.257 1460.668 -154.48053
347.02 189.348 470.264 791.306 -87.50136
348.21 263.331 1021.584 1513.302 -154.20518
349.4 206.998 462.989 862.946 -64.00458
350.58 236.778 718.045 1108.789 -123.16658
351.77 211.82 575.369 941.11 -99.40076
352.96 148.38 324.088 698.37 -46.94518
354.14 221.11 619.926 1114.21 -80.68559
355.33 199.473 536.13 920.695 -87.54251
356.51 183.019 387.098 701.82 -64.84414
357.7 220.935 679.734 1173.743 -92.87293
358.89 201.747 511.721 949.225 -70.85077
360.07 274.618 915.105 1399.957 -132.0994
361.26 261.715 1061.79 1572.085 -156.78676
362.44 207.42 733.483 1177.108 -118.58302
363.63 176.564 481.743 950.435 -65.11313
364.81 243.269 531.437 1069.458 -53.56067
366.0 170.404 276.518 729.538 -23.42356
367.18 290.137 1403.392 2092.821 -161.4748
368.37 204.054 529.85 875.253 -94.3234
369.55 228.065 737.065 1246.445 -99.92554
370.74 229.164 911.572 1458.582 -124.75249
371.92 279.307 1158.332 1668.41 -172.33174
373.11 186.253 476.078 1016.963 -53.58364
374.29 154.958 421.772 908.985 -54.76312
375.48 179.024 531.741 1060.623 -66.69099
376.66 156.571 441.53 902.257 -61.84967
377.84 227.054 953.85 1582.253 -115.65759
379.03 169.368 405.051 908.67 -46.79799
380.21 170.234 332.184 747.024 -39.03927
381.39 120.629 266.212 675.074 -35.60713
382.58 246.818 816.548 1409.101 -96.14815
383.76 272.126 1148.784 1715.705 -154.63505
384.94 254.947 1254.164 1936.868 -146.36153
386.13 199.45 426.593 963.237 -42.32634
387.31 201.406 618.339 1185.047 -73.5712
388.49 189.283 474.688 1029.093 -51.47945
389.68 218.985 637.952 1263.246 -67.00323
390.86 198.683 567.466 1204.521 -57.88886
392.04 247.04 982.706 1677.693 -105.85333
393.22 196.683 445.466 1111.021 -37.37989
394.41 182.481 473.202 1085.367 -47.49062
395.59 108.134 193.463 865.952 -12.68858
396.77 212.793 552.689 1295.349 -45.7673
397.95 176.213 637.576 1375.151 -62.55127
399.13 218.145 792.678 1560.643 -74.81241
400.31 219.815 447.511 1233.657 -28.96363
401.5 216.912 626.304 1514.36 -46.0998
402.68 215.629 734.712 1616.074 -58.89568
403.86 210.887 434.445 1296.108 -25.945
405.04 260.329 807.263 1861.292 -51.88973
406.22 174.116 367.783 1341.448 -19.89052
407.4 261.334 697.013 1747.671 -41.46726
408.58 281.363 814.301 1875.791 -50.20654
409.76 253.721 947.755 2029.398 -64.16475
410.94 242.183 624.466 1721.521 -34.84636
412.12 250.255 502.9 1505.972 -25.1872
413.3 234.46 359.093 1500.994 -10.91455
414.48 183.207 371.111 1363.838 -18.92809
415.66 186.027 445.277 1491.567 -24.77801
416.84 313.559 1233.1 2392.132 -79.33711
418.02 238.449 623.378 1795.303 -32.84591
419.2 209.361 419.586 1512.357 -19.23781
420.38 240.732 583.97 1792.589 -28.39915
421.56 240.583 427.245 1581.949 -16.1654
422.74 278.764 1081.794 2295.154 -66.18226
423.92 243.078 865.995 2097.57 -50.57885
425.1 245.207 464.111 1706.838 -17.61483
426.28 282.087 405.995 1712.327 -9.48519
427.46 322.038 1356.492 2799.259 -71.69933
428.63 253.712 571.861 2000.716 -22.26607
429.81 288.143 687.964 1968.209 -31.23
430.99 273.626 754.784 2180.705 -33.74368
432.17 360.014 1145.347 2523.941 -56.96623
433.35 318.57 827.316 2288.823 -34.80965
434.52 261.124 155.069 1442.77 8.23596
435.7 256.008 376.383 1827.128 -8.29744
436.88 292.608 840.104 2306.7 -37.33105
438.06 318.581 552.531 2072.014 -15.39666
439.23 271.256 399.115 1956.406 -8.2103
440.41 334.414 594.126 2298.869 -15.23468
441.59 326.535 828.456 2548.315 -29.18385
442.77 269.154 276.679 1951.4 -0.4493
443.94 362.349 760.657 2663.231 -20.93523
445.12 384.317 769.833 2568.167 -21.43743
446.3 435.306 1093.118 2946.475 -35.49303
447.47 388.737 666.72 2632.968 -14.13776
448.65 383.2 720.646 2715.525 -16.91561
449.82 395.7 500.146 2418.525 -5.44448
451.0 396.138 609.213 2599.83 -10.70396
452.18 416.669 476.823 2644.96 -2.77446
453.35 405.898 530.16 2753.3 -5.58951
454.53 446.761 558.865 2819.285 -4.95943
455.7 419.484 334.238 2713.311 3.58316
456.88 478.248 945.935 3424.159 -18.87188
458.05 431.829 591.763 3040.792 -6.53047
459.23 421.126 315.784 2806.205 4.22988
460.4 466.398 580.16 3298.8 -4.18454
461.58 527.199 719.432 3462.09 -7.00901
462.75 462.317 315.333 3204.667 5.08711
463.93 535.392 628.696 3520.987 -3.22596
465.1 498.565 525.065 3629.945 -0.8535
466.28 520.568 218.101 3243.888 9.99631
467.45 477.898 146.66 3291.8 10.53173
468.63 598.132 523.249 3846.018 2.25365
469.8 641.175 870.287 4222.273 -6.83512
470.97 580.78 405.259 3823.724 5.1345
472.15 656.105 595.675 4138.332 1.70577
473.32 681.568 704.601 4322.388 -0.63666
474.49 738.137 859.499 4671.896 -3.18336
475.67 670.673 507.573 4177.839 4.44383
476.84 676.272 327.08 4088.476 9.28357
478.01 717.514 636.347 4688.941 2.00284
479.19 756.845 548.728 4557.862 5.19107
480.36 733.433 309.02 4472.808 10.19295
481.53 804.205 596.897 4836.903 4.88934
482.7 824.963 497.129 4733.938 7.73775
483.88 837.987 275.774 4583.755 13.0505
485.05 842.748 361.935 4823.659 10.77639
486.22 946.313 478.405 4938.797 10.49031
487.39 923.979 333.595 4795.508 13.23164
488.56 973.409 485.876 5021.991 10.74782
489.74 949.95 897.2 5619.313 1.1171
490.91 908.259 242.651 4990.851 14.01813
492.08 936.409 375.876 5230.491 11.5464
493.25 969.648 278.714 5092.587 14.35297
494.42 1022.536 476.778 5228.824 11.48471
495.59 984.29 417.26 5317.48 11.57151
496.76 1022.731 465.756 5367.155 11.36359
497.93 1079.341 610.478 5616.483 9.36601
499.1 1149.191 572.753 5591.843 11.48491
500.27 1201.734 1040.792 6267.099 3.07946
501.44 1222.13 1228.534 6296.083 -0.12637
502.61 1162.562 423.137 5408.076 14.83319
503.78 1125.159 629.929 5761.278 9.65107
504.95 1217.291 1123.474 6516.415 1.73962
506.12 1143.856 696.943 5888.053 8.6092
507.29 1142.253 335.186 5433.538 15.82996
508.46 1147.457 32.165 5307.125 21.14314
509.63 1259.957 1258.165 6645.125 0.03327
510.8 1385.216 1179.612 6671.095 3.74406
511.97 1317.877 558.552 5824.426 14.41974
513.14 1248.541 258.528 5792.702 17.88909
514.31 1341.592 785.746 6241.206 10.18881
515.48 1408.294 495.01 6045.359 16.45453
516.65 1358.371 525.087 6124.614 14.88132
517.81 1394.931 355.806 5922.374 18.66726
518.98 1375.285 695.01 6349.102 12.03156
520.15 1367.973 161.13 5858.695 21.18172
521.32 1436.618 703.605 6464.457 12.72404
522.49 1589.196 1502.503 7468.221 1.45318
523.65 1541.672 1158.859 7184.404 6.35317
524.82 1539.673 638.073 6545.839 15.26127
525.99 1473.393 78.517 6017.496 23.48679
527.16 1596.151 631.25 6882.031 15.43649
528.32 1565.204 730.182 7018.969 13.27794
529.49 1650.815 411.619 6654.732 19.84901
530.66 1621.78 114.367 6539.298 23.46194
531.82 1692.044 180.957 6592.071 23.56981
532.99 1743.987 320.274 6997.255 21.3227
534.16 1781.74 444.256 7148.912 19.94858
535.32 1855.264 794.401 7641.229 15.49423
536.49 1781.363 294.408 7207.866 21.50812
537.65 1965.476 1011.059 8080.564 13.50048
538.82 1858.579 321.816 7430.58 21.61787
539.99 2024.247 642.721 8076.725 18.58387
541.15 2042.106 818.39 8357.766 16.23101
542.32 2010.35 147.979 7854.74 24.16542
543.48 2246.318 811.155 8785.676 17.99686
544.65 2310.645 992.785 8917.718 16.62928
545.81 2436.734 1483.292 10133.099 11.0227
546.98 2352.627 503.106 9285.714 21.05891
548.14 2589.734 783.792 9857.099 19.9039
549.31 2644.369 402.873 9415.179 24.87151
550.47 2626.356 469.443 9763.554 23.20731
551.63 2724.931 914.806 10766.874 18.37305
552.8 2817.822 454.584 10034.545 24.66855
553.96 2812.573 459.852 10240.767 24.05421
555.13 2858.955 391.45 10690.69 23.95812
556.29 2995.831 934.084 11394.302 19.71036
557.45 3009.094 274.46 10552.64 26.60621
558.62 3012.202 523.468 11224.534 23.25688
559.78 3182.627 771.606 11627.214 22.20992
560.94 3191.399 371.982 11276.809 25.85477
562.11 3260.38 391.088 11510.37 25.80466
563.27 3306.801 157.975 11361.672 28.10524
564.43 3304.715 32.397 11656.66 28.15075
565.59 3506.885 205.838 12004.749 27.97755
566.76 3513.673 351.073 12192.839 26.70717
567.92 3676.033 571.349 12448.455 26.14007
569.08 3668.239 715.042 13216.978 23.62191
570.24 3789.982 352.024 12896.877 27.40533
571.4 3773.771 226.366 12819.042 28.17038
572.57 3811.435 367.342 13100.317 27.04861
573.73 3802.992 55.524 13072.134 28.78989
574.89 3984.911 452.697 13544.0 26.98137
576.05 4039.858 476.158 13770.987 26.80516
577.21 3947.648 157.714 13514.587 28.37441
578.37 4059.505 18.954 13640.76 29.66237
579.53 4167.17 193.644 13978.47 28.82536
580.69 4227.14 597.535 14724.34 25.69304
581.85 4262.511 351.919 14327.072 27.98246
583.01 4426.968 401.88 14435.816 28.6811
584.17 4581.277 484.83 14656.854 28.90516
585.33 4545.393 572.517 14948.496 27.63551
586.49 4596.339 377.763 14735.049 29.38282
587.65 4655.037 573.278 15187.824 27.92943
588.81 4773.942 566.521 15553.064 28.07466
589.97 4817.208 929.433 15628.847 26.44851
591.13 4845.933 421.02 15287.808 29.76375
592.29 4794.183 336.574 15254.096 29.8817
593.45 4701.979 213.595 14965.508 30.42578
594.61 4755.877 134.052 15178.927 30.72026
595.77 4835.104 196.961 15395.896 30.51623
596.93 4789.42 91.091 14998.683 31.51636
598.09 4918.191 382.753 15545.343 29.91203
599.24 4921.584 138.067 15446.458 31.24768
600.4 4918.839 291.763 15433.549 30.55832
601.56 5001.116 233.39 15322.522 31.59708
602.72 5053.275 368.616 15465.42 31.0308
603.87 5110.544 473.064 15310.146 31.25601
605.03 5006.775 232.116 15238.92 31.81663
606.19 5123.844 148.514 14826.428 33.89671
607.35 5069.183 -3.926 15131.096 33.51901
608.5 5052.554 594.457 15492.328 29.92439
609.66 5269.769 989.651 15859.107 28.78463
610.82 5040.333 146.299 15137.236 32.64662
611.97 5118.831 125.084 14915.802 33.76271
613.13 5223.7 573.754 15514.6 31.12238
614.29 5089.047 496.993 15383.016 30.8481
615.44 5292.689 717.539 15456.908 31.04034
616.6 5121.121 180.141 14843.401 33.69632
617.76 5167.146 663.0 15414.652 30.53317
618.91 5311.54 726.314 15170.268 31.74495
620.07 5167.837 641.049 15204.114 31.08404
621.22 5230.084 17.567 14577.958 35.79929
622.38 5283.331 1061.084 15637.302 28.96668
623.53 5271.271 78.366 14625.542 35.69699
624.69 5297.571 112.137 14268.832 36.62885
625.84 5252.239 217.542 14299.978 35.7516
627.0 5372.143 488.964 14831.709 34.04634
628.15 5245.078 -0.398 14734.646 35.59864
629.31 5331.605 318.175 14728.331 34.79095
630.46 5421.702 -23.532 14344.034 37.89949
631.61 5316.522 374.134 14629.264 34.67094
632.77 5417.802 228.189 14833.106 35.53333
633.92 5328.968 495.38 14691.816 34.0479
635.08 5564.723 949.577 15177.407 32.43745
636.23 5458.399 308.482 14744.809 35.67332
637.38 5424.998 -74.511 14334.446 38.16729
638.54 5547.79 654.76 15135.48 33.78996
639.69 5603.287 936.831 15459.111 32.13308
640.84 5722.781 490.402 14738.753 36.7227
641.99 5496.375 97.409 14039.882 38.72316
643.15 5723.468 816.916 14835.512 35.00031
644.3 5594.561 95.422 14179.142 39.04607
645.45 5708.654 -58.071 14110.771 40.70005
646.6 5667.748 811.436 15075.401 34.04602
647.75 5791.84 161.942 14418.031 39.49118
648.91 5844.934 -136.551 13971.661 42.39718
650.06 5831.527 225.455 14825.291 38.39818
651.21 5920.62 417.462 14565.42 38.89719
652.36 5912.713 450.969 14709.05 38.30631
653.51 5946.307 101.475 14213.68 41.41686
654.66 5926.9 273.982 14861.81 38.75092
655.81 6137.993 651.989 15048.939 38.10532
656.96 5991.586 69.495 14402.569 41.31766
658.11 6172.68 365.002 14800.199 40.23276
659.27 6262.273 531.009 14925.328 39.81615
660.42 6210.866 29.015 14459.958 42.83747
661.57 6245.459 421.022 14835.088 40.40801
662.72 6089.552 -139.971 14611.718 42.22922
663.87 6306.646 -99.965 14122.848 45.04461
665.01 6425.239 316.042 14693.978 42.49008
666.16 6526.332 41.049 14739.607 44.1219
667.31 6432.925 95.555 14982.237 42.57073
668.46 6655.519 760.562 15722.366 39.40004
669.61 6648.112 206.069 15547.996 41.98979
670.76 6977.705 4.575 15214.626 45.84554
671.91 7023.798 769.582 16378.756 40.06757
673.06 7072.891 519.589 16014.886 42.2922
674.21 6899.984 -161.405 15583.016 44.8501
675.35 7123.578 284.102 15720.146 44.30848
676.5 7231.671 167.609 15849.774 45.0452
677.65 7280.764 72.615 15783.904 45.87879
678.8 7173.857 -110.878 15727.034 45.99555
679.94 7641.451 40.629 16048.164 47.48278
681.09 7819.544 370.135 17049.793 44.66164
682.24 7949.637 363.142 17513.924 44.23411
683.39 7957.23 -1.851 17222.553 46.20817
684.53 8125.824 558.155 17196.684 45.4828
685.68 7967.917 214.662 17614.813 44.55855
686.83 8307.51 301.169 17607.443 46.26265
687.97 8314.104 298.175 17622.072 46.27093
689.12 8409.696 178.182 17514.703 47.48077
690.27 8290.79 68.189 17408.832 47.41809
691.41 8550.883 468.195 17969.961 46.18213
692.56 8654.476 358.702 17742.592 47.72104
693.7 8705.569 378.709 17681.721 48.12376
694.85 8705.162 48.215 17192.852 50.49362
695.99 8760.256 398.222 17794.98 48.06662
697.14 8689.849 184.229 17551.111 48.97609
698.28 8794.442 342.735 18251.74 47.1925
699.43 8820.035 391.242 18390.369 46.8289
700.57 9053.629 -74.251 17710.5 51.32419
701.72 9103.722 -50.745 17219.129 53.0083
702.86 9040.815 -107.738 17549.26 51.81262
704.01 9332.408 50.269 17415.389 53.45278
705.15 9248.001 433.275 18332.02 49.24773
706.29 9390.095 126.782 17723.648 52.64183
707.44 9439.188 171.288 18374.777 50.91276
708.58 9531.281 -124.205 17936.408 53.46156
709.72 9798.874 629.302 18731.037 50.65576
710.87 9736.968 -137.192 17783.168 55.10023
712.01 9502.061 0.315 17644.297 53.85261
713.15 9893.154 217.322 18427.928 53.13295
714.3 9947.747 348.828 17921.557 54.62395
715.44 9739.341 92.335 18611.186 52.0929
716.58 10001.934 277.342 18420.816 53.59829
717.72 9908.026 52.848 18398.945 53.71812
718.87 10152.12 240.855 18262.076 54.99774
720.01 9935.713 117.362 18078.205 54.66531
721.15 9946.307 -54.132 17879.836 55.76255
722.29 10027.899 345.875 18022.965 54.7716
723.43 10241.993 498.882 18553.596 53.96436
724.57 10153.586 450.388 18287.225 54.39977
725.72 10015.68 244.895 18067.354 54.82288
726.86 10374.272 678.902 18459.484 54.52786
728.0 10259.866 164.408 17772.113 57.33546
729.14 10321.959 -2.085 17477.244 59.0643
730.28 10370.552 481.422 17805.373 57.08357
731.42 10413.646 10.928 17753.004 58.63303
732.56 10571.238 722.435 18545.133 55.25989
733.7 10343.832 386.942 18597.262 54.67718
734.84 10373.425 -127.052 17331.393 60.14555
735.98 10598.519 148.955 17932.521 58.75966
737.12 10839.611 -3.038 17789.152 60.9405
738.26 10547.205 17.468 17486.281 60.27735
739.4 10654.798 228.475 17917.912 58.94095
740.53 10686.392 407.482 18162.541 57.89285
741.67 10462.984 273.488 17733.67 58.35848
742.81 10685.577 -222.505 17185.301 62.66202
743.95 10733.171 241.002 17969.93 59.18107
745.09 10724.264 19.508 17370.561 61.69514
746.23 10836.857 399.515 17605.189 60.66221
747.36 10645.45 453.522 17477.32 59.86871
748.5 10764.044 60.028 17069.949 62.92807
749.64 10599.137 25.035 17006.078 62.27004
750.78 10800.73 -5.458 16833.209 64.17485
751.92 10484.323 74.548 16909.838 61.83306
753.05 10363.417 155.555 16258.969 63.38943
754.19 10934.51 635.562 16783.098 63.78031
755.33 10170.603 -151.932 16117.228 63.44848
756.46 10353.196 245.075 16057.357 63.92576
757.6 10525.789 82.082 15697.487 66.8808
758.74 10293.883 562.088 16315.617 61.77533
759.87 10612.476 244.595 16092.247 65.42219
761.01 10309.069 271.102 15563.377 65.64077
762.14 10212.662 234.608 15825.006 64.00128
763.28 10455.756 408.115 15272.136 67.59706
764.41 9914.349 249.121 15157.766 64.82969
765.55 10124.942 -123.872 14748.896 68.90993
766.69 10161.035 289.635 15202.025 66.19596
767.82 10147.128 266.641 15014.155 66.99764
768.95 10354.222 26.148 14525.285 71.23233
770.09 10025.814 737.655 15281.915 63.86134
771.22 9934.908 661.661 15275.044 63.45722
772.36 9790.001 504.168 14678.674 65.51081
773.49 9657.595 489.175 14838.804 63.89308
774.63 9828.188 196.181 14003.434 69.76048
775.76 9553.281 154.688 13969.563 68.03241
776.89 9624.374 428.195 14067.693 67.42315
778.03 9510.468 360.201 13450.823 69.8994
779.16 9389.061 8.708 13358.952 70.26353
780.29 9448.653 308.215 13035.582 71.8172
781.43 9609.247 606.221 13093.712 72.09636
782.56 9311.84 315.228 13181.842 69.92214
783.69 9331.934 11.735 12475.972 74.77553
784.82 9034.026 233.241 12821.602 69.91208
785.96 8878.12 116.748 12587.731 70.25406
787.09 9013.713 204.255 12186.361 73.52178
788.22 8962.307 394.261 12237.99 72.34246
789.35 9004.399 157.768 11739.62 76.38356
790.48 8903.493 142.275 12009.25 73.82857
791.62 8646.586 580.281 11944.38 70.98059
792.75 8599.18 5.288 11194.01 76.80852
793.88 8392.772 737.795 11788.14 69.27365
795.01 8392.365 353.801 11355.77 73.06478
796.14 8365.459 404.808 11514.898 71.65244
797.27 8326.552 493.815 11487.528 71.24742
798.4 8122.646 283.321 10909.158 73.77606
799.53 8369.238 -4.672 10310.788 81.17825
800.66 8003.332 316.335 10739.418 73.74974
801.79 8112.925 1276.841 11846.548 64.67619
802.92 8170.518 199.848 10216.178 79.57675
804.05 7888.111 381.855 10327.308 75.47426
805.18 7874.705 290.861 10017.937 77.96633
806.31 8008.298 215.868 9756.066 81.67996
807.44 7616.391 -64.625 9580.196 79.63876
808.57 7915.984 400.381 10089.826 77.56485
809.69 7888.578 400.888 9940.456 78.49087
810.82 7673.171 -163.605 9102.586 84.57387
811.95 7835.764 988.401 10112.216 75.04934
813.08 7729.357 103.908 8928.345 86.41287
814.21 7545.45 1064.915 10169.975 71.1751
815.33 7476.043 282.921 9203.104 80.63873
816.46 7007.637 308.928 9013.734 76.95414
817.59 6982.23 847.435 9490.864 70.9764
818.72 7248.823 504.441 8670.494 82.59048
819.84 7163.417 896.448 9116.124 76.2435
820.97 6906.01 446.454 8550.754 79.70529
822.1 7033.603 593.961 8538.383 81.05866
823.22 6728.196 -30.532 7767.513 86.67209
824.35 6560.789 92.474 7844.143 83.44416
825.48 6773.882 574.481 7850.272 85.20587
826.6 6524.476 310.488 7455.902 86.96469
827.73 6411.569 -144.506 7245.032 88.72104
828.85 6597.162 268.501 7361.662 89.22202
829.98 6467.255 610.008 7638.292 83.33823
831.11 6262.349 70.014 6945.921 90.05844
832.23 6228.942 81.521 6962.051 89.34517
833.36 6250.035 524.528 7592.181 81.01003
834.48 6096.128 259.034 6894.811 87.964
835.6 6233.722 482.041 7014.94 88.04178
836.73 6116.815 -7.952 6711.07 91.15563
837.85 6022.908 535.054 6989.7 85.02176
838.98 6059.501 -104.439 6228.33 97.33405
840.1 6036.594 458.568 6766.959 88.42233
841.23 5819.688 371.074 6570.589 87.88774
842.35 6035.281 720.581 7111.219 83.16384
843.47 5869.374 248.588 6354.849 92.04956
844.6 5721.467 26.594 6149.978 93.00206
845.72 5822.561 155.101 6077.608 95.69359
846.84 5746.654 134.608 5955.738 96.40819
847.96 5775.747 139.114 5813.368 99.33699
849.09 5690.84 58.121 5820.497 97.74994
850.21 5690.433 232.628 5935.127 95.70901
851.33 5626.526 385.134 5976.757 93.73651
852.45 5434.12 25.141 5610.387 96.84406
853.57 5609.713 232.148 5832.016 96.03021
854.7 5485.306 67.654 5477.146 100.15085
855.82 5539.399 -0.339 5659.776 97.87325
856.94 5431.493 485.168 5827.405 92.58901
858.06 5360.586 -64.326 5132.035 104.39829
859.18 5352.679 425.181 5653.165 94.25236
860.3 5423.772 244.688 5345.295 101.53859
861.42 5465.866 -89.306 5013.424 108.86665
862.54 5228.958 -65.799 4962.554 105.29804
863.66 5198.052 50.708 4975.184 104.52571
864.78 5201.145 186.714 5073.814 102.60545
865.9 5015.238 244.221 5222.943 95.82815
867.02 5131.332 1277.228 6443.073 74.60742
868.14 5087.425 879.234 5701.203 87.27121
869.26 5031.518 575.741 5163.833 97.11612
870.38 4984.111 -90.252 4456.962 111.59279
871.5 4849.205 -94.746 4453.592 108.69795
872.62 4832.298 69.761 4578.222 105.63553
873.74 4804.391 699.268 5511.852 85.29978
874.85 4730.938 40.271 4430.417 106.84535
875.97 4721.938 286.271 4564.417 103.68199
877.09 4663.438 373.271 4811.917 96.65486
878.21 4655.438 220.771 4370.917 106.85569
879.33 4742.938 334.771 4641.417 102.35731
880.44 4587.438 254.771 4375.417 105.14533
881.56 4487.938 111.271 4114.417 109.33069
882.68 4515.438 256.271 4367.917 103.58788
883.79 4542.438 826.771 4988.417 89.28359
884.91 4531.438 -58.229 3702.917 122.02841
886.03 4495.438 456.271 4455.417 101.00074
887.14 4513.438 659.271 4800.417 93.07006
888.26 4564.438 777.271 4809.917 93.91271
889.38 4668.438 636.271 4577.417 102.30951
890.49 4505.438 -89.729 4014.417 111.96402
891.61 4669.438 307.771 4176.917 112.72945
892.72 4833.438 -13.229 4058.417 119.03458
893.84 4684.438 -99.229 3906.917 119.4082
894.95 4714.938 -87.229 3941.917 119.18572
896.07 5106.938 152.271 4075.417 126.2932
897.18 4939.938 384.271 4307.417 116.1228
898.3 4866.438 -41.229 3881.917 125.09519
899.41 4961.938 577.271 4446.917 113.30925
900.53 4703.938 335.771 4029.417 118.26165
901.64 4625.438 462.271 4350.417 107.07332
902.75 4553.938 262.771 4055.917 113.12949
903.87 4701.438 116.771 3876.417 121.94411
904.98 4432.438 403.771 4044.917 110.64282
906.09 4340.938 235.771 3943.917 110.70672
907.21 4527.938 438.771 3919.917 117.46611
908.32 4577.438 198.271 3488.417 133.09947
909.43 4367.938 650.771 3977.917 111.72238
910.54 4294.438 280.271 3820.917 113.37385
911.66 4283.438 1160.771 4581.417 91.28881
912.77 4029.438 85.771 3214.417 126.05027
913.88 4019.438 300.271 3645.417 111.181
914.99 3854.438 69.271 3371.417 114.62748
916.1 4115.438 349.771 3617.417 115.24096
917.22 3899.438 58.771 2918.417 134.30567
918.33 3845.438 688.771 3724.917 103.96953
919.44 3717.938 270.271 3384.417 110.70986
920.55 3928.938 660.771 3674.417 108.44561
921.66 3799.938 428.771 3272.917 118.53002
922.77 3673.938 488.271 3282.417 114.01218
923.88 3708.438 623.271 3542.917 105.66921
924.99 3716.438 373.771 3227.417 117.1367
926.1 3677.438 -11.229 2623.917 139.9796
927.21 3566.438 652.771 3484.417 102.89658
928.32 3464.938 -84.729 2456.417 139.68764
929.43 3347.438 251.771 2756.917 123.57231
930.54 3345.438 111.271 2439.417 138.91598
931.65 3194.938 266.271 2607.917 125.06872
932.76 3183.438 381.771 2750.917 118.2564
933.86 3232.438 302.271 2464.417 135.52123
934.97 2901.938 113.771 2305.417 127.21793
936.08 2728.438 164.771 2138.417 129.89496
937.19 2631.938 708.271 2768.917 93.35261
938.3 2429.438 472.271 2273.917 108.63215
939.4 2267.438 674.771 2431.417 90.66521
940.51 2088.438 305.271 1864.417 114.36818
941.62 1880.438 503.771 1984.417 92.97745
942.73 1979.438 1102.771 2513.917 62.12445
943.83 1868.938 302.771 1592.417 121.44161
944.94 1833.938 338.271 1721.417 108.13514
946.05 1787.938 -35.729 1180.417 149.95461
947.15 1783.438 -25.729 1255.417 141.21474
948.26 1873.938 228.771 1623.917 117.92077
949.36 1879.938 98.271 1469.917 129.89262
950.47 2045.938 326.771 1819.917 115.13723
951.57 2058.438 844.771 2349.917 80.63449
952.68 1966.938 568.771 1976.417 99.3266
953.79 2048.438 439.271 2026.417 101.38745
954.89 2135.438 121.771 1668.417 130.19572
955.99 2156.438 391.271 2152.917 100.19986
957.1 2182.438 230.271 1637.417 138.73237
958.2 2177.438 271.271 1806.417 124.16845
959.31 2173.438 455.771 2090.917 105.04669
960.41 2177.438 130.271 1642.917 135.33682
961.52 2316.938 10.271 1452.917 159.89141
962.62 2221.938 493.771 1946.917 118.9259
963.72 2133.438 -50.729 1492.417 141.53988
964.83 2202.938 -70.729 1396.917 154.91931
965.93 2291.438 341.771 1883.917 126.42557
967.03 2272.438 714.271 2232.917 102.60237
968.13 2233.938 466.771 1975.417 117.13596
969.24 2102.938 175.771 1604.417 134.89464
970.34 2071.938 206.771 1605.917 133.30753
971.44 2100.938 265.771 1650.417 132.5369
972.54 2197.438 346.771 1881.917 120.55315
973.64 2073.438 142.271 1643.917 128.60334
974.75 2249.938 1069.771 2472.917 84.10862
975.85 2358.938 3162.271 4867.417 -47.11229
976.95 1899.438 189.771 1479.917 132.51732
978.05 1952.938 525.771 1934.917 101.27885
979.15 2019.438 896.271 2298.917 80.07485
980.25 1938.938 99.771 1282.917 155.44717
981.35 1866.438 179.271 1406.417 137.48706
982.45 2078.438 891.771 2297.417 84.42145
983.55 1989.438 462.771 1760.417 117.64895
984.65 1993.438 418.271 1628.917 130.10962
985.75 1880.938 675.271 1828.917 104.50926
986.85 1800.938 372.271 1638.417 112.83587
987.95 1784.438 185.271 1345.917 137.78249
989.05 1806.438 783.271 2071.417 79.42941
990.15 1716.938 628.271 1710.417 100.60259
991.25 1669.438 443.271 1513.917 114.52589
992.34 1737.438 835.771 1982.917 78.60088
993.44 1649.938 478.271 1473.917 117.67907
994.54 1622.938 386.771 1334.417 130.44607
995.64 1623.438 731.271 1754.417 87.19839
996.74 1610.938 789.271 1829.917 78.95738
997.83 1503.938 73.771 1008.417 153.01696
998.93 1537.438 315.271 1299.917 124.12247
1000.03 1590.938 1230.771 2285.917 34.1343
1001.12 1432.438 704.771 1735.417 70.60298
1002.22 1491.438 729.271 1828.417 69.34173
1003.32 1500.938 272.271 1190.917 133.7476
1004.41 1391.938 467.271 1408.417 98.24904
1005.51 1286.938 402.771 1217.917 108.4673
1006.6 1215.438 188.771 987.917 128.4705
1007.7 1231.938 624.271 1470.917 71.77342
1008.8 1211.438 103.271 755.917 169.79602
1009.89 1249.938 577.771 1331.917 89.12954
1010.99 1179.938 384.771 1149.417 103.9915
1012.08 1241.438 47.271 826.417 153.26613
1013.18 1308.938 394.271 1240.917 108.03416
1014.27 1358.438 202.271 1009.417 143.24136
1015.36 1431.438 334.271 1124.417 138.85623
1016.46 1347.438 402.771 1194.917 119.25414
1017.55 1266.438 148.271 862.917 156.46444
1018.65 1259.938 496.771 1208.917 107.16439
1019.74 1262.438 586.771 1441.917 79.01187
1020.83 1212.438 505.271 1239.417 96.3251
1021.93 1139.438 280.271 1081.417 107.24224
1023.02 1052.438 38.271 740.917 144.33539
1024.11 1073.438 63.771 754.417 146.19166
1025.2 1132.938 88.271 722.417 164.73602
1026.3 1066.438 454.271 1131.917 90.33726
1027.39 1050.438 597.771 1268.417 67.49713
1028.48 986.938 486.771 1072.417 85.4043
1029.57 947.938 312.771 901.917 107.81145
1030.66 949.938 451.771 1035.417 85.35428
1031.75 1024.438 1483.271 2155.917 -68.21321
1032.84 846.938 652.771 1237.417 33.21099
1033.94 884.938 161.271 678.417 139.93473
1035.03 967.438 773.771 1262.917 39.59283
1036.12 828.438 90.271 614.917 140.69808
1037.21 820.438 66.771 609.417 138.88739
1038.3 769.938 522.771 1049.417 46.93224
1039.39 748.438 153.271 549.417 150.23928
1040.48 767.938 455.771 904.417 69.57975
1041.57 746.438 616.271 1021.917 32.08875
1042.66 717.938 441.771 862.917 65.57506
1043.74 643.438 508.271 928.417 32.17137
1044.83 652.438 543.271 974.917 25.2908
1045.92 578.938 45.771 481.917 122.24505
1047.01 594.438 617.771 1054.417 -5.34376
1048.1 515.438 96.771 402.417 136.97772
1049.19 595.938 502.271 822.417 29.2575
1050.27 570.438 342.271 705.417 62.83058
1051.36 555.438 305.271 681.417 66.50789
1052.45 539.438 469.771 875.417 17.17426
1053.54 549.938 466.771 758.417 28.51632
1054.62 517.938 525.271 900.417 -1.95479
1055.71 456.938 467.771 822.917 -3.05039
1056.8 488.438 688.271 1055.917 -54.35485
1057.88 437.438 328.771 652.417 33.57579
1058.97 461.438 458.771 804.417 0.7715
1060.06 507.938 834.771 1296.917 -70.72082
1061.14 467.938 367.771 664.417 33.76641
1062.23 531.938 1608.271 2089.917 -223.46986
1063.31 436.438 547.271 887.917 -32.53623
1064.4 384.938 279.271 610.417 31.9094
1065.48 394.938 526.771 738.917 -62.14277
1066.57 382.938 362.771 691.917 6.12697
1067.65 396.938 543.771 885.417 -42.97822
1068.74 340.438 357.271 635.417 -6.05198
1069.82 324.438 544.271 856.417 -70.42647
1070.9 595.438 2151.771 2635.417 -321.79182
1071.99 393.438 561.771 908.917 -48.49066
1073.07 358.438 491.771 826.917 -39.78368
1074.15 352.438 576.771 914.417 -66.44041
1075.24 394.438 526.771 764.417 -55.68509
1076.32 359.938 625.771 880.417 -104.39333
1077.4 401.938 963.771 1324.417 -155.78534
1078.49 325.938 218.271 494.417 38.98906
1079.57 356.938 655.271 905.917 -119.02582
1080.65 344.938 866.771 1207.917 -152.96489
1081.73 304.938 382.771 651.417 -28.97247
1082.81 268.938 238.271 479.917 12.69075
1083.89 300.938 548.771 799.417 -98.87787
1084.98 292.938 533.271 847.417 -76.50373
1086.06 283.938 267.771 470.917 7.95815
1087.14 289.938 283.771 487.417 3.02813
1088.22 276.438 524.771 765.417 -103.1945
1089.3 211.438 261.771 458.417 -25.59594
1090.38 334.938 1101.771 1433.417 -231.22062
1091.46 293.438 598.771 838.417 -127.41021
1092.54 241.938 405.771 657.917 -64.97563
1093.62 263.938 412.771 674.917 -56.77502
1094.7 237.938 186.271 429.417 21.24925
1095.78 197.438 490.771 699.917 -140.25301
1096.86 242.438 545.771 843.917 -101.7399
1097.93 339.438 1146.271 1458.417 -258.47969
1099.01 243.438 802.271 1099.917 -187.75111
1100.09 234.938 334.271 492.917 -62.61328
