196.55 743.273 972.948 1339.379 -62.6788
197.76 1043.231 1427.472 1995.603 -67.63237
198.96 987.54 1340.45 1803.191 -76.26529
200.16 680.185 796.077 1227.164 -26.88384
201.36 1058.389 1587.379 2062.06 -111.44115
202.56 840.103 990.115 1401.163 -36.49515
203.76 721.695 849.94 1265.984 -30.82486
204.96 808.786 932.264 1411.806 -25.74914
206.16 607.625 712.367 946.298 -44.77431
207.36 940.293 1181.173 1687.519 -47.57204
208.56 799.882 1052.507 1476.29 -59.61179
209.76 536.329 637.704 982.138 -29.43241
210.96 668.418 888.539 1380.408 -44.75173
212.16 1392.885 2056.997 2537.841 -138.114
213.36 830.372 1126.644 1600.47 -62.52771
214.56 747.809 890.479 1274.997 -37.10367
215.76 1204.695 1834.94 2402.485 -111.04766
216.96 1095.662 1568.862 2050.473 -98.25369
218.16 777.359 985.792 1447.599 -45.13409
219.35 618.704 716.838 1152.749 -22.51247
220.55 744.895 872.359 1328.661 -27.93431
221.75 711.608 810.596 1150.265 -29.14232
222.95 1048.898 1461.314 1932.768 -87.47732
224.15 893.921 1090.029 1574.459 -40.48216
225.35 702.579 782.472 1287.36 -15.82401
226.55 672.474 792.831 1188.111 -30.44864
227.75 1016.398 1378.814 1879.768 -72.34503
228.94 908.829 1122.204 1555.138 -49.28589
230.14 790.336 919.113 1379.351 -27.98042
231.34 657.073 847.028 1265.702 -45.37062
232.54 605.264 780.549 1133.115 -49.71717
233.74 649.392 805.869 1171.11 -42.84216
234.93 616.888 791.951 1221.947 -40.71268
236.13 745.07 951.574 1439.095 -42.35797
237.33 726.76 930.131 1313.452 -53.05515
238.53 730.086 887.381 1239.073 -44.72513
239.72 988.422 1373.993 1901.015 -73.16028
240.92 594.408 562.676 918.088 8.92826
242.12 858.668 1152.807 1622.13 -62.67285
243.31 704.412 755.63 1186.695 -11.88191
244.51 567.652 627.0 952.653 -18.2243
245.71 995.553 1278.803 1722.062 -63.90183
246.9 1164.652 1688.0 2212.153 -99.84643
248.1 769.155 950.954 1448.759 -36.52004
249.3 748.126 982.33 1398.854 -56.22839
250.49 722.05 893.313 1321.511 -39.99614
251.69 855.106 1049.106 1539.214 -39.58308
252.89 758.369 916.154 1388.919 -33.3749
254.08 559.829 579.204 954.138 -5.1676
255.28 787.004 976.919 1400.072 -44.88081
256.47 571.063 577.666 955.382 -1.74806
257.67 873.224 1159.099 1530.833 -76.90329
258.86 939.161 1172.898 1590.417 -55.98245
260.06 809.435 917.809 1356.442 -24.70732
261.26 1001.148 1459.546 1914.546 -100.74656
262.45 731.724 939.063 1294.389 -58.35177
263.65 534.984 565.158 907.488 -8.81409
264.84 856.188 1081.531 1469.771 -58.04241
266.04 663.369 804.154 1217.419 -34.06649
267.23 528.1 487.661 823.556 12.03899
268.42 574.415 706.584 1015.802 -42.74327
269.62 742.757 882.641 1322.401 -31.80913
270.81 753.365 959.736 1397.256 -47.16827
272.01 739.494 923.056 1333.752 -44.69545
273.2 877.955 1164.034 1567.583 -70.89089
274.4 566.816 664.852 908.767 -40.19234
275.59 848.853 1028.883 1499.385 -38.26355
276.78 766.29 892.718 1361.913 -26.94591
277.98 671.363 772.746 1191.206 -24.2277
279.17 729.214 903.201 1285.069 -45.56194
280.37 670.843 837.985 1198.621 -46.34636
281.56 545.889 528.915 926.504 4.26915
282.75 581.23 617.508 1021.047 -8.98979
283.95 652.905 801.186 1237.537 -33.98187
285.14 779.136 863.193 1247.675 -21.86247
286.33 573.053 700.267 1012.118 -40.7931
287.52 777.915 948.548 1368.358 -40.64533
288.72 873.192 1136.95 1615.434 -55.12359
289.91 1057.007 1410.373 1957.179 -64.62355
291.1 789.958 1007.024 1453.634 -48.60329
292.29 805.681 997.623 1395.057 -48.29525
293.49 785.132 1044.239 1446.568 -64.40158
294.68 551.086 729.845 997.629 -66.75447
295.87 664.491 803.102 1201.145 -34.82322
297.06 804.237 940.38 1418.817 -28.45568
298.26 430.175 420.179 733.9 3.18639
299.45 698.912 789.13 1098.195 -29.19089
300.64 696.395 822.859 1190.661 -34.38394
301.83 752.573 857.028 1294.202 -23.89325
303.02 606.201 630.384 1057.142 -5.66678
304.21 795.806 1123.525 1573.39 -72.84837
305.4 710.28 875.356 1160.092 -57.97512
306.59 739.563 920.166 1316.882 -45.52439
307.79 689.379 803.053 1187.683 -29.55406
308.98 546.336 579.113 932.851 -9.2658
310.17 829.522 966.081 1430.275 -29.41854
311.36 681.679 857.597 1178.563 -54.80888
312.55 1075.136 1560.657 2066.731 -95.93864
313.74 500.547 584.359 957.404 -22.46697
314.93 830.882 1009.007 1474.29 -38.28307
316.12 648.339 787.067 1192.958 -34.17849
317.31 431.395 406.823 740.217 7.37027
318.5 466.547 574.859 920.404 -31.34522
319.69 679.59 830.799 1262.736 -35.00719
320.88 692.02 736.225 1134.55 -11.09784
322.07 589.668 607.271 993.686 -4.55521
323.26 604.319 607.342 935.817 -0.9202
324.45 464.389 447.415 793.504 4.90442
325.64 611.978 766.749 1195.274 -36.1173
326.83 813.958 996.024 1395.634 -45.5612
328.01 673.579 738.436 1110.916 -17.41218
329.2 755.379 976.053 1403.683 -51.60388
330.39 584.737 727.38 1086.817 -39.68498
331.58 554.659 542.908 969.366 2.75537
332.77 942.8 1253.081 1742.233 -63.43243
333.96 423.78 448.82 671.648 -11.23716
335.15 507.501 524.964 868.466 -5.08411
336.33 513.659 590.908 878.866 -26.82665
337.52 647.389 719.415 1040.504 -22.43194
338.71 577.04 710.45 1050.191 -39.26833
339.9 541.116 614.932 995.09 -19.4171
341.08 599.366 688.2 1067.812 -23.40126
342.27 768.346 879.475 1376.672 -22.35115
343.46 865.135 1063.729 1446.619 -51.86711
344.65 786.635 897.229 1356.119 -24.10031
345.83 848.056 983.257 1460.668 -28.31962
347.02 504.786 470.264 791.306 10.75317
348.21 801.415 1021.584 1513.302 -44.77564
349.4 493.306 462.989 862.946 7.58012
350.58 645.3 718.045 1108.789 -18.61691
351.77 613.392 575.369 941.11 10.3961
352.96 430.53 324.088 698.37 28.43897
354.14 625.734 619.926 1114.21 1.17513
355.33 509.412 536.13 920.695 -6.94778
356.51 468.027 387.098 701.82 25.71461
357.7 667.669 679.734 1173.743 -2.44235
358.89 524.057 511.721 949.225 2.81954
360.07 832.757 915.105 1399.957 -16.98399
361.26 878.163 1061.79 1572.085 -35.98449
362.44 634.647 733.483 1177.108 -22.27932
363.63 614.818 481.743 950.435 28.39278
364.81 591.302 531.437 1069.458 11.12696
366.0 486.95 276.518 729.538 46.45095
367.18 1165.153 1403.392 2092.821 -34.55584
368.37 562.62 529.85 875.253 9.48747
369.55 752.143 737.065 1246.445 2.96001
370.74 873.373 911.572 1458.582 -6.98324
371.92 953.044 1158.332 1668.41 -40.24643
373.11 641.755 476.078 1016.963 30.63073
374.29 546.739 421.772 908.985 25.64943
375.48 633.551 531.741 1060.623 19.2501
376.66 532.992 441.53 902.257 19.85159
377.84 940.12 953.85 1582.253 -2.1849
379.03 625.682 405.051 908.67 43.8092
380.21 536.709 332.184 747.024 49.30213
381.39 464.13 266.212 675.074 48.40705
382.58 878.067 816.548 1409.101 10.38214
383.76 1071.781 1148.784 1715.705 -13.58266
384.94 1098.366 1254.164 1936.868 -22.82063
386.13 683.216 426.593 963.237 47.81992
387.31 773.775 618.339 1185.047 27.42777
388.49 704.824 474.688 1029.093 41.51053
389.68 829.959 637.952 1263.246 30.70661
390.86 853.919 567.466 1204.521 44.96522
392.04 1171.248 982.706 1677.693 27.12883
393.22 875.419 445.466 1111.021 64.60072
394.41 874.785 473.202 1085.367 65.60037
395.59 751.804 193.463 865.952 83.02608
396.77 952.172 552.689 1295.349 53.79088
397.95 983.488 637.576 1375.151 46.89862
399.13 1150.327 792.678 1560.643 46.57098
400.31 1090.568 447.511 1233.657 81.79861
401.5 1225.123 626.304 1514.36 67.43035
402.68 1228.13 734.712 1616.074 55.9836
403.86 1087.729 434.445 1296.108 75.81655
405.04 1326.59 807.263 1861.292 49.27066
406.22 1081.933 367.783 1341.448 73.34656
407.4 1353.264 697.013 1747.671 62.46099
408.58 1435.008 814.301 1875.791 58.47509
409.76 1622.512 947.755 2029.398 62.38256
410.94 1464.419 624.466 1721.521 76.56438
412.12 1363.08 502.9 1505.972 85.75457
413.3 1252.564 359.093 1500.994 78.24415
414.48 1255.64 371.111 1363.838 89.1009
415.66 1439.051 445.277 1491.567 94.98069
416.84 1899.294 1233.1 2392.132 57.4785
418.02 1651.541 623.378 1795.303 87.73284
419.2 1588.834 419.586 1512.357 106.99843
420.38 1626.534 583.97 1792.589 86.26078
421.56 1514.514 427.245 1581.949 94.16003
422.74 1826.778 1081.794 2295.154 61.39845
423.92 1793.34 865.995 2097.57 75.2975
425.1 1678.14 464.111 1706.838 97.6907
426.28 1775.688 405.995 1712.327 104.85032
427.46 2350.573 1356.492 2799.259 68.90106
428.63 1873.814 571.861 2000.716 91.11858
429.81 1925.152 687.964 1968.209 96.63686
430.99 1898.781 754.784 2180.705 80.22866
432.17 2054.853 1145.347 2523.941 65.97342
433.35 1895.317 827.316 2288.823 73.07534
434.52 1742.106 155.069 1442.77 123.24579
435.7 1991.004 376.383 1827.128 111.29598
436.88 2339.409 840.104 2306.7 102.23025
438.06 2322.84 552.531 2072.014 116.5073
439.23 2167.755 399.115 1956.406 113.57152
440.41 2290.948 594.126 2298.869 99.53535
441.59 2464.574 828.456 2548.315 95.13095
442.77 2151.675 276.679 1951.4 111.95871
443.94 2547.636 760.657 2663.231 93.9243
445.12 2672.893 769.833 2568.167 105.82351
446.3 3011.37 1093.118 2946.475 103.50147
447.47 3053.208 666.72 2632.968 121.37273
448.65 3131.291 720.646 2715.525 120.84166
449.82 2998.791 500.146 2418.525 130.24772
451.0 3037.978 609.213 2599.83 122.01066
452.18 3013.547 476.823 2644.96 117.00015
453.35 3142.251 530.16 2753.3 117.4956
454.53 3125.429 558.865 2819.285 113.54367
455.7 3330.284 334.238 2713.311 125.93333
456.88 3877.231 945.935 3424.159 118.28214
458.05 3905.09 591.763 3040.792 135.29144
459.23 4092.281 315.784 2806.205 151.64092
460.4 4392.251 580.16 3298.8 140.22055
461.58 4555.116 719.432 3462.09 139.85279
462.75 4343.893 315.333 3204.667 139.42868
463.93 4394.403 628.696 3520.987 130.19807
465.1 4331.643 525.065 3629.945 122.59986
466.28 4445.143 218.101 3243.888 139.70055
467.45 4533.751 146.66 3291.8 139.48797
468.63 5140.629 523.249 3846.018 138.96184
469.8 5685.396 870.287 4222.273 143.64942
470.97 5566.475 405.259 3823.724 150.98053
472.15 5876.06 595.675 4138.332 149.05157
473.32 6069.143 704.601 4322.388 148.2824
474.49 6118.804 859.499 4671.896 137.9527
475.67 5934.221 507.573 4177.839 147.85436
476.84 5703.952 327.08 4088.476 142.94883
478.01 6031.853 636.347 4688.941 133.13709
479.19 5994.787 548.728 4557.862 135.84129
480.36 6064.495 309.02 4472.808 138.22689
481.53 6581.465 596.897 4836.903 141.14525
482.7 6948.563 497.129 4733.938 152.27108
483.88 7175.284 275.774 4583.755 160.15644
485.05 7438.731 361.935 4823.659 158.61125
486.22 7561.543 478.405 4938.797 158.80079
487.39 7425.26 333.595 4795.508 158.93778
488.56 7390.274 485.876 5021.991 152.20949
489.74 7431.866 897.2 5619.313 138.38437
490.91 7093.754 242.651 4990.851 144.28843
492.08 7253.774 375.876 5230.491 141.67751
493.25 7211.827 278.714 5092.587 144.02359
494.42 7550.399 476.778 5228.824 148.85422
495.59 7920.323 417.26 5317.48 153.11685
496.76 8107.86 465.756 5367.155 155.91679
497.93 8606.113 610.478 5616.483 159.72087
499.1 8704.093 572.753 5591.843 162.00825
500.27 8865.359 1040.792 6267.099 149.71504
501.44 8778.955 1228.534 6296.083 148.99552
502.61 8223.294 423.137 5408.076 156.47448
503.78 8297.35 629.929 5761.278 149.42309
504.95 8315.998 1123.474 6516.415 133.36923
506.12 8077.31 696.943 5888.053 142.17318
507.29 7893.405 335.186 5433.538 148.24829
508.46 8156.715 32.165 5307.125 154.02107
509.63 9108.215 1258.165 6645.125 145.72319
510.8 9363.987 1179.612 6671.095 149.03762
511.97 9322.03 558.552 5824.426 166.42019
513.14 9588.073 258.528 5792.702 168.58062
514.31 9832.862 785.746 6241.206 165.836
515.48 9627.997 495.01 6045.359 164.54799
516.65 9510.182 525.087 6124.614 160.46168
517.81 9363.819 355.806 5922.374 161.82348
518.98 9347.149 695.01 6349.102 153.02438
520.15 9038.411 161.13 5858.695 155.80834
521.32 9360.758 703.605 6464.457 150.27556
522.49 9998.767 1502.503 7468.221 142.41812
523.65 10027.547 1158.859 7184.404 147.18482
524.82 9980.722 638.073 6545.839 158.14182
525.99 10025.228 78.517 6017.496 167.48183
527.16 10860.826 631.25 6882.031 163.65278
528.32 11149.29 730.182 7018.969 165.67756
529.49 11215.718 411.619 6654.732 173.05627
530.66 11383.625 114.367 6539.298 175.39888
531.82 11336.922 180.957 6592.071 174.00976
532.99 11537.283 320.274 6997.255 167.99522
534.16 11546.208 444.256 7148.912 165.58572
535.32 11736.428 794.401 7641.229 159.81163
536.49 11446.658 294.408 7207.866 161.31218
537.65 12399.261 1011.059 8080.564 161.0891
538.82 12128.665 321.816 7430.58 166.08865
539.99 12528.057 642.721 8076.725 159.87799
541.15 13053.734 818.39 8357.766 162.28591
542.32 13493.461 147.979 7854.74 173.16589
543.48 14542.718 811.155 8785.676 172.19295
544.65 15117.478 992.785 8917.718 178.23107
545.81 16250.359 1483.292 10133.099 170.72136
546.98 16229.605 503.106 9285.714 179.06412
548.14 16955.359 783.792 9857.099 178.23234
549.31 16890.508 402.873 9415.179 182.9458
550.47 16963.811 469.443 9763.554 177.47118
551.63 17220.32 914.806 10766.874 165.50347
552.8 17121.566 454.584 10034.545 173.97756
553.96 17382.816 459.852 10240.767 173.02026
555.13 17454.539 391.45 10690.69 165.67328
556.29 18284.414 934.084 11394.302 165.86969
557.45 18302.037 274.46 10552.64 175.3966
558.62 19015.115 523.468 11224.534 172.80191
559.78 19722.605 771.606 11627.214 174.57336
560.94 19855.076 371.982 11276.809 178.66487
562.11 20934.529 391.088 11510.37 184.7551
563.27 21455.346 157.975 11361.672 190.09235
564.43 21702.313 32.397 11656.66 186.41969
565.59 22288.203 205.838 12004.749 187.15596
566.76 22514.721 351.073 12192.839 187.16506
567.92 22905.549 571.349 12448.455 188.04412
569.08 23107.533 715.042 13216.978 179.1122
570.24 23044.609 352.024 12896.877 180.8916
571.4 23358.277 226.366 12819.042 183.69337
572.57 23038.318 367.342 13100.317 178.04932
573.73 22662.457 55.524 13072.134 173.67758
574.89 23465.6 452.697 13544.0 175.78772
576.05 23894.984 476.158 13770.987 176.14988
577.21 23935.826 157.714 13514.587 178.02155
578.37 24425.654 18.954 13640.76 179.17375
579.53 25065.371 193.644 13978.47 180.4283
580.69 25804.303 597.535 14724.34 178.43219
581.85 26018.504 351.919 14327.072 183.6587
583.01 26912.738 401.88 14435.816 188.90536
584.17 27283.125 484.83 14656.854 189.09292
585.33 27923.727 572.517 14948.496 190.25633
586.49 27930.938 377.763 14735.049 191.91075
587.65 27674.898 573.278 15187.824 185.44278
588.81 27399.342 566.521 15553.064 179.04609
589.97 27782.465 929.433 15628.847 182.68097
591.13 27165.494 421.02 15287.808 179.8941
592.29 27116.57 336.574 15254.096 179.52041
593.45 26853.26 213.595 14965.508 180.58448
594.61 26872.031 134.052 15178.927 177.72151
595.77 26836.885 196.961 15395.896 175.27493
596.93 26985.797 91.091 14998.683 180.40946
598.09 27298.594 382.753 15545.343 177.5148
599.24 27396.34 138.067 15446.458 178.06099
600.4 27850.438 291.763 15433.549 182.00413
601.56 27805.082 233.39 15322.522 182.7255
602.72 28306.951 368.616 15465.42 185.06126
603.87 28856.072 473.064 15310.146 191.29777
605.03 28652.951 232.116 15238.92 189.38633
606.19 28893.113 148.514 14826.428 195.83573
607.35 28640.07 -3.926 15131.096 189.25639
608.5 28447.27 594.457 15492.328 186.95834
609.66 28620.102 989.651 15859.107 185.82018
610.82 27974.09 146.299 15137.236 185.63076
611.97 27617.414 125.084 14915.802 185.87557
613.13 27856.441 573.754 15514.6 182.60471
614.29 27169.922 496.993 15383.016 179.18103
615.44 26781.918 717.539 15456.908 176.8351
616.6 26409.258 180.141 14843.401 178.87643
617.76 26625.152 663.0 15414.652 175.99488
618.91 26830.398 726.314 15170.268 180.72672
620.07 26441.764 641.049 15204.114 177.16541
621.22 26277.84 17.567 14577.958 180.35417
622.38 27220.414 1061.084 15637.302 179.46583
623.53 26676.277 78.366 14625.542 182.839
624.69 26998.143 112.137 14268.832 189.91725
625.84 27030.033 217.542 14299.978 190.39669
627.0 27521.152 488.964 14831.709 188.4729
628.15 27319.99 -0.398 14734.646 185.41098
629.31 27497.561 318.175 14728.331 188.61271
630.46 27283.115 -23.532 14344.034 190.05757
631.61 27145.527 374.134 14629.264 187.80182
632.77 27442.521 228.189 14833.106 186.33678
633.92 27108.238 495.38 14691.816 187.46154
635.08 26881.336 949.577 15177.407 182.26081
636.23 26697.076 308.482 14744.809 182.793
637.38 26506.307 -74.511 14334.446 184.47426
638.54 26603.822 654.76 15135.48 179.19731
639.69 26180.975 936.831 15459.111 173.83044
640.84 26195.469 490.402 14738.753 180.40731
641.99 26224.186 97.409 14039.882 187.38983
643.15 26534.902 816.916 14835.512 183.45622
644.3 26076.621 95.422 14179.142 184.47683
645.45 25818.838 -58.071 14110.771 182.63248
646.6 26399.055 811.436 15075.401 179.38643
647.75 26349.273 161.942 14418.031 183.69225
648.91 26426.49 -136.551 13971.661 188.2807
650.06 26601.207 225.455 14825.291 180.65787
651.21 27144.426 417.462 14565.42 188.9104
652.36 27367.643 450.969 14709.05 188.78188
653.51 26936.859 101.475 14213.68 190.15728
654.66 27064.576 273.982 14861.81 183.65034
655.81 27287.795 651.989 15048.939 185.01005
656.96 27228.012 69.495 14402.569 189.48145
658.11 27286.229 365.002 14800.199 186.49712
659.27 26810.947 531.009 14925.328 182.5716
660.42 26724.164 29.015 14459.958 184.98548
661.57 27114.381 421.022 14835.088 185.18966
662.72 26395.1 -139.971 14611.718 179.87819
663.87 26671.316 -99.965 14122.848 188.22776
665.01 26463.533 316.042 14693.978 181.85845
666.16 26816.252 41.049 14739.607 182.1621
667.31 27063.969 95.555 14982.237 181.15799
668.46 27749.186 760.562 15722.366 180.38348
669.61 27067.404 206.069 15547.996 175.08449
670.76 27677.121 4.575 15214.626 181.93592
671.91 28182.838 769.582 16378.756 175.62272
673.06 29264.555 519.589 16014.886 185.50768
674.21 27585.773 -161.405 15583.016 176.23499
675.35 28848.49 284.102 15720.146 185.04993
676.5 28444.707 167.609 15849.774 180.31373
677.65 28725.926 72.615 15783.904 182.37403
678.8 28915.643 -110.878 15727.034 183.27239
679.94 30111.359 40.629 16048.164 187.85359
681.09 30570.578 370.135 17049.793 181.06153
682.24 30971.795 363.142 17513.924 178.46797
683.39 30591.512 -1.851 17222.553 177.61638
684.53 31893.23 558.155 17196.684 188.32841
685.68 31581.447 214.662 17614.813 180.26732
686.83 31633.664 301.169 17607.443 181.04702
687.97 31213.883 298.175 17622.072 178.457
689.12 31770.1 178.182 17514.703 182.22755
690.27 30942.316 68.189 17408.832 178.04488
691.41 31604.533 468.195 17969.961 177.90398
692.56 31076.252 358.702 17742.592 176.70125
693.7 32027.469 378.709 17681.721 182.90896
694.85 31726.186 48.215 17192.852 184.76898
695.99 31493.404 398.222 17794.98 178.74124
697.14 31474.121 184.229 17551.111 180.16988
698.28 31430.838 342.735 18251.74 173.58922
699.43 31526.557 391.242 18390.369 172.98236
700.57 31015.773 -74.251 17710.5 174.81282
701.72 31497.49 -50.745 17219.129 182.67786
702.86 31529.709 -107.738 17549.26 179.17795
704.01 32186.926 50.269 17415.389 185.06441
705.15 32198.643 433.275 18332.02 177.4726
706.29 32484.861 126.782 17723.648 183.88546
707.44 32431.578 171.288 18374.777 177.22037
708.58 32891.797 -124.205 17936.408 182.80665
709.72 32454.514 629.302 18731.037 175.81304
710.87 32910.73 -137.192 17783.168 184.41551
712.01 32379.447 0.315 17644.297 183.51375
713.15 32617.164 217.322 18427.928 177.91743
714.3 32991.383 348.828 17921.557 185.7569
715.44 32863.602 92.335 18611.186 176.96167
716.58 32325.816 277.342 18420.816 176.63912
717.72 32277.535 52.848 18398.945 175.64873
718.87 33416.754 240.855 18262.076 184.09351
720.01 31603.469 117.362 18078.205 175.30417
721.15 32278.188 -54.132 17879.836 180.28537
722.29 32312.904 345.875 18022.965 180.83876
723.43 32212.121 498.882 18553.596 175.65074
724.57 32465.84 450.388 18287.225 179.49064
725.72 31560.557 244.895 18067.354 175.70899
726.86 31985.773 678.902 18459.484 176.07337
728.0 31655.492 164.408 17772.113 178.84832
729.14 31570.709 -2.085 17477.244 180.62932
730.28 31238.926 481.422 17805.373 177.54324
731.42 31235.143 10.928 17753.004 175.98964
732.56 32142.861 722.435 18545.133 176.29445
733.7 31158.578 386.942 18597.262 168.97911
734.84 31362.295 -127.052 17331.393 180.36743
735.98 32212.014 148.955 17932.521 180.296
737.12 31745.73 -3.038 17789.152 178.44216
738.26 31347.947 17.468 17486.281 179.35093
739.4 31146.166 228.475 17917.912 174.78052
740.53 31258.883 407.482 18162.541 173.76118
741.67 30752.6 273.488 17733.67 174.56354
742.81 31750.318 -222.505 17185.301 183.66946
743.95 30969.535 241.002 17969.93 173.32426
745.09 30610.252 19.508 17370.561 176.30483
746.23 30523.471 399.515 17605.189 175.08152
747.36 30546.188 453.522 17477.32 176.76822
748.5 30141.904 60.028 17069.949 176.84901
749.64 29439.121 25.035 17006.078 173.21719
750.78 29821.34 -5.458 16833.209 177.13277
751.92 29821.557 74.548 16909.838 176.69437
753.05 28933.773 155.555 16258.969 178.70881
754.19 29721.492 635.562 16783.098 180.12612
755.33 28503.709 -151.932 16117.228 176.13474
756.46 28230.426 245.075 16057.357 176.98489
757.6 27654.145 82.082 15697.487 176.56962
758.74 27223.861 562.088 16315.617 169.24318
759.87 27350.578 244.595 16092.247 171.041
761.01 26548.797 271.102 15563.377 171.8364
762.14 26489.014 234.608 15825.006 168.40113
763.28 27327.73 408.115 15272.136 181.10588
764.41 26428.449 249.121 15157.766 175.59831
765.55 26008.666 -123.872 14748.896 175.7073
766.69 25199.383 289.635 15202.025 167.04061
767.82 25400.102 266.641 15014.155 170.42507
768.95 25651.818 26.148 14525.285 176.73928
770.09 25125.035 737.655 15281.915 167.67701
771.22 25315.752 661.661 15275.044 168.70899
772.36 24882.471 504.168 14678.674 171.98697
773.49 24221.688 489.175 14838.804 165.38764
774.63 24065.904 196.181 14003.434 172.87816
775.76 23231.623 154.688 13969.563 167.04411
776.89 23638.34 428.195 14067.693 170.16861
778.03 23685.557 360.201 13450.823 178.18371
779.16 22990.275 8.708 13358.952 172.14342
780.29 22694.492 308.215 13035.582 175.89087
781.43 23346.209 606.221 13093.712 182.10214
782.56 21717.428 315.228 13181.842 166.33902
783.69 21520.145 11.735 12475.972 172.56098
784.82 20896.361 233.241 12821.602 164.14465
785.96 20632.08 116.748 12587.731 164.50453
787.09 20598.797 204.255 12186.361 170.20832
788.22 20546.014 394.261 12237.99 170.14702
789.35 20309.73 157.768 11739.62 173.99603
790.48 19762.949 142.275 12009.25 165.33846
791.62 19249.166 580.281 11944.38 164.2795
792.75 19120.383 5.288 11194.01 170.84253
793.88 18672.102 737.795 11788.14 162.29635
795.01 19157.818 353.801 11355.77 170.91503
796.14 19149.035 404.808 11514.898 168.71354
797.27 17695.254 493.815 11487.528 156.46614
798.4 17805.471 283.321 10909.158 164.90136
799.53 17290.188 -4.672 10310.788 167.6596
800.66 17170.406 316.335 10739.418 161.69948
801.79 17778.123 1276.841 11846.548 156.11864
802.92 16797.34 199.848 10216.178 165.70433
804.05 16347.558 381.855 10327.308 160.53269
805.18 16022.275 290.861 10017.937 161.7281
806.31 16746.992 215.868 9756.066 173.27862
807.44 15993.71 -64.625 9580.196 166.49696
808.57 16226.428 400.381 10089.826 163.33285
809.69 16071.145 400.888 9940.456 164.26589
810.82 14949.862 -163.605 9102.586 163.10334
811.95 16120.08 988.401 10112.216 165.84816
813.08 14884.297 103.908 8928.345 167.49385
814.21 15353.515 1064.915 10169.975 156.93032
815.33 14799.231 282.921 9203.104 162.73556
816.46 14373.449 308.928 9013.734 161.5719
817.59 14195.167 847.435 9490.864 154.42634
818.72 14287.884 504.441 8670.494 168.78953
819.84 14265.602 896.448 9116.124 162.64818
820.97 13425.819 446.454 8550.754 160.15406
822.1 13201.536 593.961 8538.383 158.6972
823.22 12573.254 -30.532 7767.513 161.62751
824.35 13037.971 92.474 7844.143 167.00272
825.48 12697.188 574.481 7850.272 166.61703
826.6 12180.906 310.488 7455.902 166.12638
827.73 12058.623 -144.506 7245.032 165.14063
828.85 11907.841 268.501 7361.662 164.09243
829.98 12124.059 610.008 7638.292 163.8245
831.11 11472.775 70.014 6945.921 165.83646
832.23 11678.493 81.521 6962.051 168.54766
833.36 11886.71 524.528 7592.181 160.76316
834.48 11051.928 259.034 6894.811 162.64704
835.6 11417.146 482.041 7014.94 167.38517
836.73 11251.862 -7.952 6711.07 167.58115
837.85 10905.58 535.054 6989.7 160.66763
838.98 10332.298 -104.439 6228.33 164.80528
840.1 10936.015 458.568 6766.959 166.08746
841.23 10403.232 371.074 6570.589 161.82167
842.35 10358.949 720.581 7111.219 150.82013
843.47 10291.167 248.588 6354.849 164.46364
844.6 9851.885 26.594 6149.978 160.45525
845.72 9998.602 155.101 6077.608 166.20497
846.84 10213.819 134.608 5955.738 173.14871
847.96 9952.037 139.114 5813.368 172.93769
849.09 9888.754 58.121 5820.497 170.60034
850.21 9926.472 232.628 5935.127 169.9929
851.33 9494.688 385.134 5976.757 162.91433
852.45 8930.906 25.141 5610.387 159.45163
853.57 9045.124 232.148 5832.016 157.37827
854.7 8830.841 67.654 5477.146 161.99649
855.82 8751.059 -0.339 5659.776 154.61519
856.94 8900.776 485.168 5827.405 157.52966
858.06 8443.993 -64.326 5132.035 163.7361
859.18 8395.711 425.181 5653.165 152.45896
860.3 8536.428 244.688 5345.295 162.56378
861.42 8355.146 -89.306 5013.424 165.48889
862.54 8069.863 -65.799 4962.554 161.79575
863.66 8455.58 50.708 4975.184 170.67545
864.78 8265.798 186.714 5073.814 165.31448
865.9 8093.515 244.221 5222.943 157.65679
867.02 8486.732 1277.228 6443.073 139.56098
868.14 8521.45 879.234 5701.203 158.48746
869.26 8097.167 575.741 5163.833 163.93364
870.38 7616.385 -90.252 4456.962 169.48038
871.5 7625.603 -94.746 4453.592 169.73998
872.62 7766.32 69.761 4578.222 170.71365
873.74 7539.537 699.268 5511.852 142.13299
874.85 7274.146 40.271 4430.417 164.77529
875.97 7264.146 286.271 4564.417 163.10513
877.09 7567.646 373.271 4811.917 162.08492
878.21 6828.146 220.771 4370.917 159.20827
879.33 7172.646 334.771 4641.417 158.77497
880.44 6812.646 254.771 4375.417 159.14679
881.56 6405.146 111.271 4114.417 157.22324
882.68 6450.646 256.271 4367.917 150.6544
883.79 7101.146 826.771 4988.417 150.76668
884.91 6439.146 -58.229 3702.917 172.74988
886.03 6327.646 456.271 4455.417 146.81574
887.14 6403.646 659.271 4800.417 138.71464
888.26 6709.646 777.271 4809.917 147.10876
889.38 6856.146 636.271 4577.417 157.81896
890.49 6399.146 -89.729 4014.417 158.10537
891.61 6919.646 307.771 4176.917 170.88721
892.72 6406.146 -13.229 4058.417 157.66045
893.84 6841.146 -99.229 3906.917 173.24319
894.95 6595.146 -87.229 3941.917 165.85091
896.07 6797.646 152.271 4075.417 169.38894
897.18 6636.646 384.271 4307.417 159.37148
898.3 6076.646 -41.229 3881.917 155.9431
899.41 6690.146 577.271 4446.917 157.96989
900.53 6375.646 335.771 4029.417 163.52069
901.64 6483.146 462.271 4350.417 154.8521
902.75 6330.146 262.771 4055.917 159.95628
903.87 6137.646 116.771 3876.417 160.14474
904.98 6236.146 403.771 4044.917 160.17966
906.09 6125.146 235.771 3943.917 158.82264
907.21 5908.146 438.771 3919.917 157.11422
908.32 6028.646 198.271 3488.417 177.20719
909.43 5890.146 650.771 3977.917 157.47356
910.54 5734.146 280.271 3820.917 154.03616
911.66 6005.646 1160.771 4581.417 141.63628
912.77 5211.646 85.771 3214.417 163.83686
913.88 5285.646 300.271 3645.417 149.03312
914.99 5189.646 69.271 3371.417 155.06205
916.1 5435.146 349.771 3617.417 155.6281
917.22 4714.146 58.771 2918.417 162.79551
918.33 5168.146 688.771 3724.917 147.53491
919.44 5008.646 270.271 3384.417 152.15649
920.55 5378.646 660.771 3674.417 156.55041
921.66 4927.646 428.771 3272.917 158.18018
922.77 4719.646 488.271 3282.417 151.43716
923.88 4910.646 623.271 3542.917 146.84572
924.99 4630.146 373.771 3227.417 149.15569
926.1 4166.646 -11.229 2623.917 158.54436
927.21 4562.146 652.771 3484.417 138.06017
928.32 3884.146 -84.729 2456.417 156.18446
929.43 4047.146 251.771 2756.917 151.50315
930.54 3751.146 111.271 2439.417 156.34222
931.65 3913.646 266.271 2607.917 155.76116
932.76 3825.646 381.771 2750.917 145.36356
933.86 3595.146 302.271 2464.417 152.29661
934.97 3550.146 113.771 2305.417 156.79426
936.08 3300.146 164.771 2138.417 158.86208
937.19 3417.646 708.271 2768.917 131.48183
938.3 3014.646 472.271 2273.917 141.11402
939.4 2948.146 674.771 2431.417 129.41566
940.51 2559.646 305.271 1864.417 144.59039
941.62 2560.646 503.771 1984.417 138.91742
942.73 2868.646 1102.771 2513.917 125.13766
943.83 2362.646 302.771 1592.417 159.72408
944.94 2199.646 338.271 1721.417 134.57547
946.05 1886.646 -35.729 1180.417 158.0711
947.15 2019.146 -25.729 1255.417 159.61298
948.26 2180.146 228.771 1623.917 139.86889
949.36 2146.646 98.271 1469.917 149.33702
950.47 2374.146 326.771 1819.917 137.11822
951.57 2612.646 844.771 2349.917 117.45538
952.68 2500.146 568.771 1976.417 137.20603
953.79 2489.646 439.271 2026.417 129.1863
954.89 2331.146 121.771 1668.417 142.84944
955.99 2519.646 391.271 2152.917 120.81741
957.1 2444.646 230.271 1637.417 157.36642
958.2 2316.146 271.271 1806.417 133.20396
959.31 2512.646 455.771 2090.917 125.79152
960.41 2288.646 130.271 1642.917 142.68872
961.52 2326.646 10.271 1452.917 160.56436
962.62 2525.646 493.771 1946.917 139.82595
963.72 2194.146 -50.729 1492.417 145.47394
964.83 2263.146 -70.729 1396.917 159.02167
965.93 2540.146 341.771 1883.917 142.55299
967.03 2640.646 714.271 2232.917 126.84819
968.13 2499.146 466.771 1975.417 134.71518
969.24 2269.146 175.771 1604.417 146.52862
970.34 2363.146 206.771 1605.917 154.12082
971.44 2275.646 265.771 1650.417 145.15445
972.54 2373.646 346.771 1881.917 132.03143
973.64 2068.146 142.271 1643.917 128.25094
974.75 2653.146 1069.771 2472.917 112.84464
975.85 3846.646 3162.271 4867.417 40.13587
976.95 2013.646 189.771 1479.917 141.36968
978.05 2348.646 525.771 1934.917 129.36028
979.15 2476.646 896.271 2298.917 112.67098
980.25 2016.646 99.771 1282.917 162.01512
981.35 1974.146 179.271 1406.417 146.26421
982.45 2413.146 891.771 2297.417 108.23315
983.55 2140.146 462.771 1760.417 129.26293
984.65 2123.146 418.271 1628.917 140.82359
985.75 2083.646 675.271 1828.917 122.08036
986.85 1858.146 372.271 1638.417 117.35418
987.95 1765.646 185.271 1345.917 136.16342
989.05 2010.646 783.271 2071.417 95.2823
990.15 1971.646 628.271 1710.417 124.13993
991.25 1753.646 443.271 1513.917 122.39109
992.34 1994.146 835.771 1982.917 100.97889
993.44 1719.146 478.271 1473.917 124.63017
994.54 1710.646 386.771 1334.417 139.70146
995.64 1836.646 731.271 1754.417 108.0369
996.74 1814.646 789.271 1829.917 98.53257
997.83 1407.146 73.771 1008.417 142.66099
998.93 1541.646 315.271 1299.917 124.54987
1000.03 1952.146 1230.771 2285.917 68.36732
1001.12 1753.646 704.771 1735.417 101.76872
1002.22 1660.646 729.271 1828.417 84.73626
1003.32 1371.146 272.271 1190.917 119.61901
1004.41 1381.146 467.271 1408.417 97.10239
1005.51 1373.646 402.771 1217.917 119.10447
1006.6 1193.646 188.771 987.917 125.74363
1007.7 1425.646 624.271 1470.917 94.65293
1008.8 1105.146 103.271 755.917 153.50975
1009.89 1342.646 577.771 1331.917 101.4227
1010.99 1246.146 384.771 1149.417 112.6502
1012.08 1063.646 47.271 826.417 130.44734
1013.18 1231.146 394.271 1240.917 98.84595
1014.27 1268.646 202.271 1009.417 132.11677
1015.36 1354.146 334.271 1124.417 129.07429
1016.46 1293.646 402.771 1194.917 112.46352
1017.55 1100.646 148.271 862.917 133.26531
1018.65 1209.146 496.771 1208.917 100.03219
1019.74 1361.646 586.771 1441.917 90.61321
1020.83 1227.646 505.271 1239.417 98.39667
1021.93 1120.646 280.271 1081.417 104.89664
1023.02 924.146 38.271 740.917 126.07702
1024.11 975.646 63.771 754.417 132.03221
1025.2 947.646 88.271 722.417 135.51693
1026.3 1090.146 454.271 1131.917 93.8359
1027.39 1121.146 597.771 1268.417 78.04046
1028.48 986.646 486.771 1072.417 85.35449
1029.57 929.146 312.771 901.917 104.6218
1030.66 961.646 451.771 1035.417 87.36035
1031.75 1564.646 1483.271 2155.917 12.09775
1032.84 1024.646 652.771 1237.417 63.6069
1033.94 775.146 161.271 678.417 118.70442
1035.03 1073.646 773.771 1262.917 61.30586
1036.12 638.646 90.271 614.917 104.52288
1037.21 701.646 66.771 609.417 116.99619
1038.3 950.646 522.771 1049.417 81.24531
1039.39 667.646 153.271 549.417 129.84485
1040.48 798.646 455.771 904.417 76.42442
1041.57 861.146 616.271 1021.917 60.36669
1042.66 783.146 441.771 862.917 81.05861
1043.74 772.146 508.271 928.417 62.80556
1044.83 744.146 543.271 974.917 46.53699
1045.92 505.646 45.771 481.917 105.44065
1047.01 768.646 617.771 1054.417 34.55318
1048.1 457.146 96.771 402.417 117.90608
1049.19 660.146 502.271 822.417 49.31345
1050.27 612.146 342.271 705.417 74.31586
1051.36 534.646 305.271 681.417 60.98033
1052.45 682.146 469.771 875.417 52.35478
1053.54 603.146 466.771 758.417 46.76047
1054.62 632.646 525.271 900.417 28.6222
1055.71 613.146 467.771 822.917 40.93388
1056.8 757.646 688.271 1055.917 18.87006
1057.88 538.646 328.771 652.417 64.84711
1058.97 605.146 458.771 804.417 42.34825
1060.06 832.146 834.771 1296.917 -0.568
1061.14 518.646 367.771 664.417 50.8603
1062.23 1220.146 1608.271 2089.917 -80.58306
1063.31 685.146 547.271 887.917 40.47458
1064.4 450.146 279.271 610.417 51.60113
1065.48 564.646 526.771 738.917 17.85328
1066.57 500.646 362.771 691.917 41.88873
1067.65 552.646 543.771 885.417 2.59772
1068.74 449.146 357.271 635.417 33.03123
1069.82 588.646 544.271 856.417 14.21611
1070.9 1520.646 2151.771 2635.417 -130.49315
1071.99 583.146 561.771 908.917 6.15735
1073.07 522.646 491.771 826.917 9.2124
1074.15 604.646 576.771 914.417 8.25569
1075.24 526.646 526.771 764.417 -0.0526
1076.32 604.146 625.771 880.417 -8.49219
1077.4 865.146 963.771 1324.417 -27.34678
1078.49 370.146 218.271 494.417 54.99812
1079.57 559.146 655.271 905.917 -38.35092
1080.65 777.646 866.771 1207.917 -26.12519
1081.73 418.146 382.771 651.417 13.16789
1082.81 398.146 238.271 479.917 66.16088
1083.89 521.646 548.771 799.417 -10.82204
1084.98 519.146 533.271 847.417 -4.49632
1086.06 343.146 267.771 470.917 37.10389
1087.14 371.146 283.771 487.417 42.90538
1088.22 511.646 524.771 765.417 -5.45406
1089.3 341.646 261.771 458.417 40.61871
1090.38 817.646 1101.771 1433.417 -85.67125
1091.46 495.646 598.771 838.417 -43.03223
1092.54 357.646 405.771 657.917 -19.08618
1093.62 426.146 412.771 674.917 5.10212
1094.7 355.146 186.271 429.417 69.45421
1095.78 434.146 490.771 699.917 -27.07441
1096.86 461.146 545.771 843.917 -28.38375
1097.93 806.146 1146.271 1458.417 -108.96354
1099.01 567.646 802.271 1099.917 -78.82691
1100.09 366.646 334.271 492.917 20.40709
