196.55 1374.588 972.948 0.0 401.64014
197.76 1913.801 1427.472 0.0 486.32935
198.96 1810.699 1340.45 0.0 470.2489
200.16 1123.309 796.077 0.0 327.23175
201.36 2076.955 1587.379 0.0 489.57605
202.56 1395.59 990.115 0.0 405.47461
203.76 1156.148 849.94 0.0 306.20862
204.96 1392.707 932.264 0.0 460.44269
206.16 955.698 712.367 0.0 243.3316
207.36 1638.266 1181.173 0.0 457.09387
208.56 1414.47 1052.507 0.0 361.9635
209.76 947.919 637.704 0.0 310.2146
210.96 1273.123 888.539 0.0 384.58417
212.16 2531.825 2056.997 0.0 474.82788
213.36 1538.631 1126.644 0.0 411.98657
214.56 1216.24 890.479 0.0 325.76074
215.76 2299.148 1834.94 0.0 464.20862
216.96 2032.276 1568.862 0.0 463.41357
218.16 1420.937 985.792 0.0 435.14532
219.35 1127.563 716.838 0.0 410.7243
220.55 1305.664 872.359 0.0 433.30469
221.75 1133.799 810.596 0.0 323.20343
222.95 1903.944 1461.314 0.0 442.63037
224.15 1533.477 1090.029 0.0 443.44849
225.35 1199.706 782.472 0.0 417.23395
226.55 1192.529 792.831 0.0 399.69745
227.75 1741.944 1378.814 0.0 363.13037
228.94 1468.919 1122.204 0.0 346.7146
230.14 1342.479 919.113 0.0 423.36591
231.34 1165.072 847.028 0.0 318.04395
232.54 1115.174 780.549 0.0 334.62445
233.74 1152.81 805.869 0.0 346.94043
234.93 1235.605 791.951 0.0 443.65344
236.13 1315.792 951.574 0.0 364.21832
237.33 1355.969 930.131 0.0 425.83746
238.53 1105.266 887.381 0.0 217.88525
239.72 1826.402 1373.993 0.0 452.40979
240.92 852.283 562.676 0.0 289.6073
242.12 1509.91 1152.807 0.0 357.10364
243.31 1073.063 755.63 0.0 317.43286
244.51 972.436 627.0 0.0 345.43665
245.71 1672.393 1278.803 0.0 393.59009
246.9 2136.436 1688.0 0.0 448.43652
248.1 1333.216 950.954 0.0 382.26227
249.3 1291.123 982.33 0.0 308.79285
250.49 1238.539 893.313 0.0 345.22577
251.69 1476.445 1049.106 0.0 427.33899
252.89 1339.276 916.154 0.0 423.12225
254.08 835.919 579.204 0.0 256.7146
255.28 1308.547 976.919 0.0 331.62811
256.47 835.233 577.666 0.0 257.56702
257.67 1507.816 1159.099 0.0 348.71692
258.86 1651.351 1172.898 0.0 478.45227
260.06 1272.022 917.809 0.0 354.21228
261.26 1982.157 1459.546 0.0 522.61108
262.45 1266.241 939.063 0.0 327.1781
263.65 892.293 565.158 0.0 327.13562
264.84 1498.589 1081.531 0.0 417.05737
266.04 1115.776 804.154 0.0 311.62225
267.23 808.31 487.661 0.0 320.64902
268.42 1019.843 706.584 0.0 313.25854
269.62 1227.114 882.641 0.0 344.47321
270.81 1256.571 959.736 0.0 296.83527
272.01 1352.207 923.056 0.0 429.15125
273.2 1560.2 1164.034 0.0 396.16626
274.4 998.725 664.852 0.0 333.87329
275.59 1462.877 1028.883 0.0 433.99414
276.78 1330.487 892.718 0.0 437.76831
277.98 1125.717 772.746 0.0 352.97101
279.17 1195.402 903.201 0.0 292.20123
280.37 1203.463 837.985 0.0 365.47839
281.56 823.03 528.915 0.0 294.11475
282.75 982.376 617.508 0.0 364.8681
283.95 1151.929 801.186 0.0 350.74298
285.14 1214.463 863.193 0.0 351.26971
286.33 1076.818 700.267 0.0 376.55139
287.52 1355.268 948.548 0.0 406.71985
288.72 1576.294 1136.95 0.0 439.34424
289.91 1875.827 1410.373 0.0 465.45374
291.1 1419.055 1007.024 0.0 412.03052
292.29 1322.529 997.623 0.0 324.90613
293.49 1391.183 1044.239 0.0 346.94409
294.68 936.691 729.845 0.0 206.8465
295.87 1103.928 803.102 0.0 300.82562
297.06 1372.36 940.38 0.0 431.98065
298.26 709.395 420.179 0.0 289.21609
299.45 1133.063 789.13 0.0 343.93286
300.64 1226.164 822.859 0.0 403.30469
301.83 1195.072 857.028 0.0 338.04395
303.02 1037.283 630.384 0.0 406.89868
304.21 1446.46 1123.525 0.0 322.93506
305.4 1261.147 875.356 0.0 385.79138
306.59 1290.733 920.166 0.0 370.56702
307.79 1170.191 803.053 0.0 367.13788
308.98 863.478 579.113 0.0 284.36584
310.17 1428.721 966.081 0.0 462.64014
311.36 1212.6 857.597 0.0 355.00293
312.55 1965.388 1560.657 0.0 404.73096
313.74 891.759 584.359 0.0 307.40015
314.93 1447.47 1009.007 0.0 438.46356
316.12 1135.258 787.067 0.0 348.19153
317.31 699.089 406.823 0.0 292.26602
318.5 887.759 574.859 0.0 312.90015
319.69 1199.471 830.799 0.0 368.67212
320.88 1078.021 736.225 0.0 341.79504
322.07 986.835 607.271 0.0 379.56482
323.26 944.58 607.342 0.0 337.23767
324.45 720.53 447.415 0.0 273.11475
325.64 1158.234 766.749 0.0 391.48431
326.83 1281.055 996.024 0.0 285.03052
328.01 1070.131 738.436 0.0 331.69519
329.2 1363.691 976.053 0.0 387.63788
330.39 991.36 727.38 0.0 263.98065
331.58 904.496 542.908 0.0 361.58795
332.77 1708.326 1253.081 0.0 455.24524
333.96 617.573 448.82 0.0 168.75262
335.15 804.767 524.964 0.0 279.80255
336.33 883.996 590.908 0.0 293.08795
337.52 1039.03 719.415 0.0 319.61481
338.71 1040.699 710.45 0.0 330.24884
339.9 1042.209 614.932 0.0 427.27716
341.08 1098.497 688.2 0.0 410.29663
342.27 1342.818 879.475 0.0 463.34283
343.46 1496.037 1063.729 0.0 432.30847
344.65 1436.537 897.229 0.0 539.30847
345.83 1463.173 983.257 0.0 479.91577
347.02 847.707 470.264 0.0 377.4426
348.21 1539.343 1021.584 0.0 517.75848
349.4 941.886 462.989 0.0 478.89639
350.58 1240.251 718.045 0.0 522.20642
351.77 1017.31 575.369 0.0 441.94037
352.96 804.86 324.088 0.0 480.77194
354.14 1144.581 619.926 0.0 524.65503
355.33 983.063 536.13 0.0 446.93292
356.51 818.505 387.098 0.0 431.40762
357.7 1313.26 679.734 0.0 633.52606
358.89 1050.598 511.721 0.0 538.87701
360.07 1590.039 915.105 0.0 674.93445
361.26 1728.626 1061.79 0.0 666.83618
362.44 1304.652 733.483 0.0 571.16919
363.63 1127.0 481.743 0.0 645.25705
364.81 1154.527 531.437 0.0 623.09027
366.0 937.416 276.518 0.0 660.89871
367.18 2213.212 1403.392 0.0 809.82031
368.37 1101.914 529.85 0.0 572.06415
369.55 1442.947 737.065 0.0 705.8822
370.74 1695.481 911.572 0.0 783.90912
371.92 1935.829 1158.332 0.0 777.49707
373.11 1317.11 476.078 0.0 841.03128
374.29 1198.636 421.772 0.0 776.86447
375.48 1329.389 531.741 0.0 797.64832
376.66 1189.778 441.53 0.0 748.24817
377.84 1909.914 953.85 0.0 956.06415
379.03 1189.38 405.051 0.0 784.32858
380.21 1072.618 332.184 0.0 740.43365
381.39 1089.754 266.212 0.0 823.54105
382.58 1845.863 816.548 0.0 1029.31525
383.76 2216.998 1148.784 0.0 1068.21399
384.94 2313.922 1254.164 0.0 1059.75769
386.13 1518.177 426.593 0.0 1091.5849
387.31 1741.363 618.339 0.0 1123.0238
388.49 1601.135 474.688 0.0 1126.44708
389.68 1917.905 637.952 0.0 1279.95306
390.86 1907.473 567.466 0.0 1340.00671
392.04 2445.625 982.706 0.0 1462.91876
393.22 2012.973 445.466 0.0 1567.50674
394.41 2019.203 473.202 0.0 1546.00073
395.59 1773.956 193.463 0.0 1580.49329
396.77 2326.54 552.689 0.0 1773.85168
397.95 2511.998 637.576 0.0 1874.42255
399.13 2783.99 792.678 0.0 1991.31146
400.31 2449.288 447.511 0.0 2001.77637
401.5 2828.694 626.304 0.0 2202.38965
402.68 2922.753 734.712 0.0 2188.04095
403.86 2706.872 434.445 0.0 2272.42633
405.04 3250.396 807.263 0.0 2443.13336
406.22 2830.092 367.783 0.0 2462.30927
407.4 3340.599 697.013 0.0 2643.58557
408.58 3559.177 814.301 0.0 2744.87634
409.76 3758.957 947.755 0.0 2811.20197
410.94 3444.473 624.466 0.0 2820.00671
412.12 3391.057 502.9 0.0 2888.15643
413.3 3332.583 359.093 0.0 2973.48962
414.48 3275.668 371.111 0.0 2904.5567
415.66 3561.964 445.277 0.0 3116.6871
416.84 4526.617 1233.1 0.0 3293.51624
418.02 3847.05 623.378 0.0 3223.67133
419.2 3699.049 419.586 0.0 3279.46274
420.38 3922.49 583.97 0.0 3338.52008
421.56 3886.311 427.245 0.0 3459.06625
422.74 4689.143 1081.794 0.0 3607.34949
423.92 4456.609 865.995 0.0 3590.61426
425.1 4153.167 464.111 0.0 3689.05646
426.28 4136.014 405.995 0.0 3730.01874
427.46 5269.997 1356.492 0.0 3913.50513
428.63 4330.37 571.861 0.0 3758.50873
429.81 4510.362 687.964 0.0 3822.39813
430.99 4717.498 754.784 0.0 3962.71375
432.17 5235.303 1145.347 0.0 4089.95544
433.35 5025.15 827.316 0.0 4197.83435
434.52 4373.37 155.069 0.0 4218.30014
435.7 4801.472 376.383 0.0 4425.0896
436.88 5340.634 840.104 0.0 4500.52985
438.06 5244.184 552.531 0.0 4691.65289
439.23 5300.185 399.115 0.0 4901.07004
440.41 5548.141 594.126 0.0 4954.01471
441.59 6086.922 828.456 0.0 5258.46655
442.77 5736.895 276.679 0.0 5460.21622
443.94 6358.888 760.657 0.0 5598.23083
445.12 6511.235 769.833 0.0 5741.40167
446.3 7064.702 1093.118 0.0 5971.58362
447.47 6967.193 666.72 0.0 6300.47253
448.65 7361.837 720.646 0.0 6641.19061
449.82 6970.337 500.146 0.0 6470.19064
451.0 7327.159 609.213 0.0 6717.94543
452.18 7647.684 476.823 0.0 7170.86148
453.35 8161.405 530.16 0.0 7631.24438
454.53 8219.388 558.865 0.0 7660.52277
455.7 8259.277 334.238 0.0 7925.03937
456.88 9138.227 945.935 0.0 8192.29108
458.05 9003.896 591.763 0.0 8412.13385
459.23 9078.498 315.784 0.0 8762.71423
460.4 9695.905 580.16 0.0 9115.74487
461.58 10213.709 719.432 0.0 9494.27704
462.75 9992.734 315.333 0.0 9677.40118
463.93 10439.574 628.696 0.0 9810.87854
465.1 10701.947 525.065 0.0 10176.88208
466.28 10593.522 218.101 0.0 10375.42123
467.45 10862.905 146.66 0.0 10716.24489
468.63 11410.828 523.249 0.0 10887.57959
469.8 11926.015 870.287 0.0 11055.72729
470.97 11649.379 405.259 0.0 11244.11978
472.15 11753.378 595.675 0.0 11157.70264
473.32 12289.522 704.601 0.0 11584.92126
474.49 12604.531 859.499 0.0 11745.03229
475.67 12369.887 507.573 0.0 11862.31372
476.84 12197.421 327.08 0.0 11870.34082
478.01 12690.303 636.347 0.0 12053.95544
479.19 12676.132 548.728 0.0 12127.40363
480.36 12562.633 309.02 0.0 12253.6127
481.53 12899.54 596.897 0.0 12302.64337
482.7 12784.158 497.129 0.0 12287.02878
483.88 12662.353 275.774 0.0 12386.57849
485.05 12827.727 361.935 0.0 12465.79111
486.22 12670.979 478.405 0.0 12192.57498
487.39 12463.894 333.595 0.0 12130.29858
488.56 12628.438 485.876 0.0 12142.56296
489.74 13130.496 897.2 0.0 12233.29614
490.91 12136.76 242.651 0.0 11894.10916
492.08 12393.938 375.876 0.0 12018.06296
493.25 12093.564 278.714 0.0 11814.85037
494.42 12189.369 476.778 0.0 11712.59158
495.59 12049.284 417.26 0.0 11632.02426
496.76 11876.862 465.756 0.0 11411.10669
497.93 11972.43 610.478 0.0 11361.9519
499.1 11659.251 572.753 0.0 11086.49811
500.27 12053.437 1040.792 0.0 11012.6449
501.44 12056.2 1228.534 0.0 10827.66602
502.61 11006.691 423.137 0.0 10583.5549
503.78 11315.598 629.929 0.0 10685.66846
504.95 11833.412 1123.474 0.0 10709.93787
506.12 10936.665 696.943 0.0 10239.72174
507.29 10323.929 335.186 0.0 9988.74286
508.46 9978.327 32.165 0.0 9946.16245
509.63 11401.327 1258.165 0.0 10143.16248
510.8 11070.573 1179.612 0.0 9890.96143
511.97 10082.785 558.552 0.0 9524.23334
513.14 9880.572 258.528 0.0 9622.04431
514.31 10398.217 785.746 0.0 9612.47101
515.48 9918.987 495.01 0.0 9423.97699
516.65 9697.454 525.087 0.0 9172.367
517.81 9562.005 355.806 0.0 9206.1991
518.98 10001.082 695.01 0.0 9306.07251
520.15 9003.063 161.13 0.0 8841.93324
521.32 9627.039 703.605 0.0 8923.43433
522.49 10360.953 1502.503 0.0 8858.44983
523.65 10085.259 1158.859 0.0 8926.40015
524.82 9424.387 638.073 0.0 8786.31372
525.99 8636.521 78.517 0.0 8558.0041
527.16 9445.139 631.25 0.0 8813.88855
528.32 9244.912 730.182 0.0 8514.7298
529.49 8838.107 411.619 0.0 8426.48856
530.66 8526.698 114.367 0.0 8412.33172
531.82 8552.328 180.957 0.0 8371.37149
532.99 8773.853 320.274 0.0 8453.57849
534.16 8721.268 444.256 0.0 8277.01117
535.32 9253.962 794.401 0.0 8459.56091
536.49 8544.996 294.408 0.0 8250.58804
537.65 9376.319 1011.059 0.0 8365.26044
538.82 8660.056 321.816 0.0 8338.23932
539.99 9154.099 642.721 0.0 8511.3775
541.15 9216.506 818.39 0.0 8398.11621
542.32 8523.335 147.979 0.0 8375.35638
543.48 9390.682 811.155 0.0 8579.52673
544.65 9461.309 992.785 0.0 8468.52319
545.81 10734.437 1483.292 0.0 9251.1449
546.98 9491.944 503.106 0.0 8988.83881
548.14 9924.937 783.792 0.0 9141.14484
549.31 9549.326 402.873 0.0 9146.4534
550.47 9821.665 469.443 0.0 9352.22171
551.63 10342.005 914.806 0.0 9427.1991
552.8 9754.438 454.584 0.0 9299.85391
553.96 9657.725 459.852 0.0 9197.87299
555.13 9861.699 391.45 0.0 9470.24884
556.29 10431.843 934.084 0.0 9497.75836
557.45 9637.345 274.46 0.0 9362.88458
558.62 9957.284 523.468 0.0 9433.81616
559.78 10363.444 771.606 0.0 9591.83881
560.94 10050.852 371.982 0.0 9678.86945
562.11 9945.36 391.088 0.0 9554.27243
563.27 9736.317 157.975 0.0 9578.34233
564.43 9714.445 32.397 0.0 9682.04784
565.59 9924.063 205.838 0.0 9718.2242
566.76 10189.387 351.073 0.0 9838.31372
567.92 10347.613 571.349 0.0 9776.2644
569.08 10712.14 715.042 0.0 9997.0976
570.24 10257.649 352.024 0.0 9905.62579
571.4 9975.793 226.366 0.0 9749.42725
572.57 10073.579 367.342 0.0 9706.23727
573.73 9712.555 55.524 0.0 9657.03026
574.89 10159.885 452.697 0.0 9707.18753
576.05 10420.293 476.158 0.0 9944.13531
577.21 10190.064 157.714 0.0 10032.35037
578.37 9769.716 18.954 0.0 9750.76192
579.53 9886.631 193.644 0.0 9692.98653
580.69 10434.605 597.535 0.0 9837.07043
581.85 10245.047 351.919 0.0 9893.12823
583.01 10275.36 401.88 0.0 9873.48053
584.17 10426.123 484.83 0.0 9941.29257
585.33 10494.021 572.517 0.0 9921.50409
586.49 10097.302 377.763 0.0 9719.5383
587.65 10528.869 573.278 0.0 9955.59155
588.81 10370.038 566.521 0.0 9803.51721
589.97 10758.114 929.433 0.0 9828.68152
591.13 10006.633 421.02 0.0 9585.6127
592.29 9897.792 336.574 0.0 9561.2182
593.45 9623.894 213.595 0.0 9410.29858
594.61 9713.785 134.052 0.0 9579.73331
595.77 9486.75 196.961 0.0 9289.78905
596.93 9321.972 91.091 0.0 9230.88103
598.09 9839.251 382.753 0.0 9456.49811
599.24 9278.258 138.067 0.0 9140.19106
600.4 9467.802 291.763 0.0 9176.0383
601.56 9417.911 233.39 0.0 9184.52072
602.72 9371.995 368.616 0.0 9003.379
603.87 9360.146 473.064 0.0 8887.08246
605.03 8939.995 232.116 0.0 8707.879
606.19 8905.504 148.514 0.0 8756.99005
607.35 8597.292 -3.926 0.0 8601.21819
608.5 9154.233 594.457 0.0 8559.776
609.66 9536.665 989.651 0.0 8547.01367
610.82 8495.971 146.299 0.0 8349.67198
611.97 8527.343 125.084 0.0 8402.25839
613.13 8923.656 573.754 0.0 8349.90259
614.29 8581.402 496.993 0.0 8084.40967
615.44 8658.623 717.539 0.0 7941.08453
616.6 8108.114 180.141 0.0 7927.97296
617.76 8463.937 663.0 0.0 7800.93677
618.91 8526.944 726.314 0.0 7800.63074
620.07 8395.674 641.049 0.0 7754.62469
621.22 7509.258 17.567 0.0 7491.69155
622.38 8787.343 1061.084 0.0 7726.25842
623.53 7459.292 78.366 0.0 7380.92675
624.69 7526.097 112.137 0.0 7413.95988
625.84 7530.64 217.542 0.0 7313.09758
627.0 7607.862 488.964 0.0 7118.89813
628.15 7289.428 -0.398 0.0 7289.82572
629.31 7462.378 318.175 0.0 7144.20264
630.46 6883.284 -23.532 0.0 6906.81618
631.61 7235.08 374.134 0.0 6860.94632
632.77 7116.446 228.189 0.0 6888.25641
633.92 7330.86 495.38 0.0 6835.48053
635.08 7717.904 949.577 0.0 6768.32727
636.23 7002.352 308.482 0.0 6693.86945
637.38 6564.886 -74.511 0.0 6639.39658
638.54 7163.785 654.76 0.0 6509.02472
639.69 7636.529 936.831 0.0 6699.69757
640.84 7051.468 490.402 0.0 6561.06555
641.99 6533.0 97.409 0.0 6435.59113
643.15 7259.532 816.916 0.0 6442.61621
644.3 6435.064 95.422 0.0 6339.64177
645.45 6156.096 -58.071 0.0 6214.16685
646.6 7054.128 811.436 0.0 6242.69238
647.75 6303.66 161.942 0.0 6141.71748
648.91 6040.692 -136.551 0.0 6177.24306
650.06 6331.724 225.455 0.0 6106.26863
651.21 6527.756 417.462 0.0 6110.2937
652.36 6337.788 450.969 0.0 5886.81927
653.51 5991.82 101.475 0.0 5890.34435
654.66 6176.852 273.982 0.0 5902.8699
655.81 6495.384 651.989 0.0 5843.39502
656.96 5917.916 69.495 0.0 5848.42056
658.11 6078.448 365.002 0.0 5713.44565
659.27 6328.48 531.009 0.0 5797.47119
660.42 5693.012 29.015 0.0 5663.99628
661.57 6144.044 421.022 0.0 5723.02185
662.72 5539.076 -139.971 0.0 5679.04692
663.87 5383.608 -99.965 0.0 5483.57249
665.01 5777.14 316.042 0.0 5461.09756
666.16 5596.672 41.049 0.0 5555.62314
667.31 5761.204 95.555 0.0 5665.64822
668.46 6409.736 760.562 0.0 5649.17377
669.61 5768.268 206.069 0.0 5562.19887
670.76 5687.8 4.575 0.0 5683.22443
671.91 6515.332 769.582 0.0 5745.74951
673.06 6074.364 519.589 0.0 5554.77509
674.21 5445.396 -161.405 0.0 5606.80016
675.35 5845.428 284.102 0.0 5561.32571
676.5 5741.959 167.609 0.0 5574.3508
677.65 5389.992 72.615 0.0 5317.37637
678.8 5402.023 -110.878 0.0 5512.90144
679.94 5601.056 40.629 0.0 5560.42701
681.09 6038.587 370.135 0.0 5668.45209
682.24 6194.12 363.142 0.0 5830.97766
683.39 5585.651 -1.851 0.0 5587.50273
684.53 6184.184 558.155 0.0 5626.02832
685.68 5966.215 214.662 0.0 5751.55338
686.83 6032.748 301.169 0.0 5731.57895
687.97 5815.779 298.175 0.0 5517.60403
689.12 5654.812 178.182 0.0 5476.62959
690.27 5595.343 68.189 0.0 5527.15467
691.41 6134.875 468.195 0.0 5666.68024
692.56 5742.907 358.702 0.0 5384.20532
693.7 5890.939 378.709 0.0 5512.23087
694.85 5477.972 48.215 0.0 5429.75645
695.99 5890.003 398.222 0.0 5491.78152
697.14 5659.036 184.229 0.0 5474.80708
698.28 5768.567 342.735 0.0 5425.83215
699.43 5754.1 391.242 0.0 5362.85773
700.57 5279.631 -74.251 0.0 5353.88281
701.72 5285.164 -50.745 0.0 5335.90838
702.86 5109.195 -107.738 0.0 5216.93346
704.01 5144.228 50.269 0.0 5093.95903
705.15 5722.759 433.275 0.0 5289.4841
706.29 5356.292 126.782 0.0 5229.50967
707.44 5341.823 171.288 0.0 5170.53474
708.58 5117.355 -124.205 0.0 5241.56032
709.72 5811.387 629.302 0.0 5182.08539
710.87 4831.919 -137.192 0.0 4969.11096
712.01 5043.951 0.315 0.0 5043.63604
713.15 5240.483 217.322 0.0 5023.16161
714.3 5370.515 348.828 0.0 5021.68668
715.44 5152.547 92.335 0.0 5060.21225
716.58 5232.079 277.342 0.0 4954.73734
717.72 4920.111 52.848 0.0 4867.26289
718.87 5010.643 240.855 0.0 4769.78798
720.01 4962.175 117.362 0.0 4844.81354
721.15 4736.207 -54.132 0.0 4790.33862
722.29 5075.239 345.875 0.0 4729.3642
723.43 5324.771 498.882 0.0 4825.88925
724.57 5088.303 450.388 0.0 4637.91483
725.72 4821.835 244.895 0.0 4576.93991
726.86 5315.867 678.902 0.0 4636.96545
728.0 4770.399 164.408 0.0 4605.99055
729.14 4504.931 -2.085 0.0 4507.01612
730.28 5118.963 481.422 0.0 4637.5412
731.42 4606.495 10.928 0.0 4595.56676
732.56 5279.027 722.435 0.0 4556.59186
733.7 4823.059 386.942 0.0 4436.1174
734.84 4140.591 -127.052 0.0 4267.64249
735.98 4632.623 148.955 0.0 4483.66806
737.12 4283.155 -3.038 0.0 4286.19313
738.26 4227.687 17.468 0.0 4210.2187
739.4 4496.219 228.475 0.0 4267.74426
740.53 4604.251 407.482 0.0 4196.76935
741.67 4394.283 273.488 0.0 4120.79492
742.81 3931.315 -222.505 0.0 4153.81999
743.95 4299.847 241.002 0.0 4058.84555
745.09 4030.879 19.508 0.0 4011.37063
746.23 4444.911 399.515 0.0 4045.39621
747.36 4519.443 453.522 0.0 4065.92126
748.5 3984.475 60.028 0.0 3924.4466
749.64 3911.007 25.035 0.0 3885.97192
750.78 3858.539 -5.458 0.0 3863.99725
751.92 3897.071 74.548 0.0 3822.52257
753.05 3919.103 155.555 0.0 3763.5479
754.19 4355.135 635.562 0.0 3719.57324
755.33 3477.167 -151.932 0.0 3629.09854
756.46 3921.199 245.075 0.0 3676.12386
757.6 3521.231 82.082 0.0 3439.14919
758.74 4236.263 562.088 0.0 3674.1745
759.87 3827.295 244.595 0.0 3582.70007
761.01 3554.827 271.102 0.0 3283.7254
762.14 3624.359 234.608 0.0 3389.75072
763.28 3752.391 408.115 0.0 3344.27603
764.41 3607.923 249.121 0.0 3358.80136
765.55 3157.455 -123.872 0.0 3281.32668
766.69 3491.987 289.635 0.0 3202.35202
767.82 3541.519 266.641 0.0 3274.87732
768.95 3217.051 26.148 0.0 3190.90265
770.09 3725.083 737.655 0.0 2987.42798
771.22 3859.115 661.661 0.0 3197.45331
772.36 3596.147 504.168 0.0 3091.97861
773.49 3543.179 489.175 0.0 3054.00394
774.63 3193.711 196.181 0.0 2997.52927
775.76 3048.743 154.688 0.0 2894.05458
776.89 3350.275 428.195 0.0 2922.0799
778.03 3185.807 360.201 0.0 2825.60522
779.16 2874.339 8.708 0.0 2865.63055
780.29 3181.871 308.215 0.0 2873.65588
781.43 3367.903 606.221 0.0 2761.68121
782.56 2975.935 315.228 0.0 2660.70651
783.69 2732.967 11.735 0.0 2721.23184
784.82 2803.999 233.241 0.0 2570.75717
785.96 2687.531 116.748 0.0 2570.78249
787.09 2714.063 204.255 0.0 2509.80782
788.22 2799.094 394.261 0.0 2404.83313
789.35 2530.126 157.768 0.0 2372.35846
790.48 2667.158 142.275 0.0 2524.88377
791.62 2968.69 580.281 0.0 2388.40912
792.75 2291.722 5.288 0.0 2286.43442
793.88 3068.754 737.795 0.0 2330.95972
795.01 2725.286 353.801 0.0 2371.48508
796.14 2654.818 404.808 0.0 2250.01038
797.27 2730.35 493.815 0.0 2236.53571
798.4 2442.382 283.321 0.0 2159.06104
799.53 2183.914 -4.672 0.0 2188.58636
800.66 2411.946 316.335 0.0 2095.61169
801.79 3656.478 1276.841 0.0 2379.63696
802.92 2356.51 199.848 0.0 2156.66257
804.05 2532.042 381.855 0.0 2150.1879
805.18 2267.074 290.861 0.0 1976.21323
806.31 2208.606 215.868 0.0 1992.73854
807.44 1950.138 -64.625 0.0 2014.76374
808.57 2331.67 400.381 0.0 1931.28918
809.69 2280.702 400.888 0.0 1879.81451
810.82 1677.234 -163.605 0.0 1840.83971
811.95 2901.766 988.401 0.0 1913.36517
813.08 1955.798 103.908 0.0 1851.89035
814.21 2947.33 1064.915 0.0 1882.41577
815.33 2091.862 282.921 0.0 1808.94113
816.46 2137.394 308.928 0.0 1828.46643
817.59 2631.426 847.435 0.0 1783.99176
818.72 2202.458 504.441 0.0 1698.01709
819.84 2672.49 896.448 0.0 1776.04242
820.97 2191.022 446.454 0.0 1744.56772
822.1 2270.554 593.961 0.0 1676.59308
823.22 1516.086 -30.532 0.0 1546.61838
824.35 1667.118 92.474 0.0 1574.6437
825.48 2189.65 574.481 0.0 1615.16901
826.6 1747.182 310.488 0.0 1436.69434
827.73 1382.714 -144.506 0.0 1527.21967
828.85 1743.246 268.501 0.0 1474.745
829.98 2114.778 610.008 0.0 1504.77032
831.11 1517.31 70.014 0.0 1447.29563
832.23 1520.342 81.521 0.0 1438.82095
833.36 2044.874 524.528 0.0 1520.34625
834.48 1665.406 259.034 0.0 1406.37161
835.6 1948.438 482.041 0.0 1466.39703
836.73 1367.47 -7.952 0.0 1375.42237
837.85 1926.502 535.054 0.0 1391.44769
838.98 1193.534 -104.439 0.0 1297.97301
840.1 1777.566 458.568 0.0 1318.99832
841.23 1616.098 371.074 0.0 1245.02365
842.35 2083.63 720.581 0.0 1363.04883
843.47 1524.162 248.588 0.0 1275.5743
844.6 1327.694 26.594 0.0 1301.09962
845.72 1383.226 155.101 0.0 1228.12495
846.84 1404.758 134.608 0.0 1270.15027
847.96 1390.29 139.114 0.0 1251.1756
849.09 1285.822 58.121 0.0 1227.70092
850.21 1524.854 232.628 0.0 1292.22624
851.33 1614.886 385.134 0.0 1229.75156
852.45 1182.418 25.141 0.0 1157.27688
853.57 1406.45 232.148 0.0 1174.3022
854.7 1220.482 67.654 0.0 1152.82753
855.82 1214.514 -0.339 0.0 1214.85285
856.94 1771.046 485.168 0.0 1285.8783
858.06 995.078 -64.326 0.0 1059.40356
859.18 1620.11 425.181 0.0 1194.92892
860.3 1394.142 244.688 0.0 1149.45425
861.42 905.674 -89.306 0.0 994.97952
862.54 1067.206 -65.799 0.0 1133.00491
863.66 1115.238 50.708 0.0 1064.53023
864.78 1260.27 186.714 0.0 1073.55556
865.9 1447.802 244.221 0.0 1203.58087
867.02 2408.334 1277.228 0.0 1131.1062
868.14 2026.866 879.234 0.0 1147.63153
869.26 1717.898 575.741 0.0 1142.15686
870.38 913.93 -90.252 0.0 1004.18217
871.5 894.962 -94.746 0.0 989.70749
872.62 957.994 69.761 0.0 888.23287
873.74 1642.026 699.268 0.0 942.75812
874.85 968.542 40.271 0.0 928.27085
875.97 1227.042 286.271 0.0 940.77078
877.09 1375.042 373.271 0.0 1001.77078
878.21 1178.042 220.771 0.0 957.2708
879.33 1343.042 334.771 0.0 1008.27078
880.44 1088.542 254.771 0.0 833.7708
881.56 1039.042 111.271 0.0 927.77079
882.68 1247.042 256.271 0.0 990.77078
883.79 1870.042 826.771 0.0 1043.27081
884.91 799.542 -58.229 0.0 857.77085
886.03 1356.042 456.271 0.0 899.77078
887.14 1625.542 659.271 0.0 966.27081
888.26 1685.542 777.271 0.0 908.27081
889.38 1542.042 636.271 0.0 905.77081
890.49 755.042 -89.729 0.0 844.77085
891.61 1209.542 307.771 0.0 901.77078
892.72 937.042 -13.229 0.0 950.27085
893.84 805.542 -99.229 0.0 904.77085
894.95 812.042 -87.229 0.0 899.27085
896.07 1069.542 152.271 0.0 917.2708
897.18 1394.542 384.271 0.0 1010.27078
898.3 844.542 -41.229 0.0 885.77085
899.41 1542.042 577.271 0.0 964.77081
900.53 1277.542 335.771 0.0 941.77078
901.64 1380.542 462.271 0.0 918.27078
902.75 1145.042 262.771 0.0 882.27078
903.87 1014.542 116.771 0.0 897.77085
904.98 1245.042 403.771 0.0 841.27078
906.09 1072.542 235.771 0.0 836.7708
907.21 1262.542 438.771 0.0 823.77078
908.32 988.042 198.271 0.0 789.77086
909.43 1492.042 650.771 0.0 841.27081
910.54 1095.542 280.271 0.0 815.27078
911.66 2008.042 1160.771 0.0 847.27075
912.77 862.542 85.771 0.0 776.77085
913.88 1125.542 300.271 0.0 825.27078
914.99 813.042 69.271 0.0 743.77085
916.1 1122.542 349.771 0.0 772.77078
917.22 792.542 58.771 0.0 733.77085
918.33 1441.042 688.771 0.0 752.27081
919.44 981.042 270.271 0.0 710.77084
920.55 1551.042 660.771 0.0 890.27081
921.66 1173.542 428.771 0.0 744.77078
922.77 1168.042 488.271 0.0 679.77078
923.88 1322.042 623.271 0.0 698.77081
924.99 1075.542 373.771 0.0 701.77078
926.1 690.542 -11.229 0.0 701.77085
927.21 1451.542 652.771 0.0 798.77081
928.32 531.542 -84.729 0.0 616.27085
929.43 854.042 251.771 0.0 602.27086
930.54 842.042 111.271 0.0 730.77085
931.65 942.542 266.271 0.0 676.27084
932.76 1062.542 381.771 0.0 680.77078
933.86 923.042 302.271 0.0 620.77084
934.97 671.542 113.771 0.0 557.77085
936.08 727.542 164.771 0.0 562.77086
937.19 1281.042 708.271 0.0 572.77081
938.3 952.542 472.271 0.0 480.27084
939.4 1168.542 674.771 0.0 493.77081
940.51 694.542 305.271 0.0 389.27084
941.62 875.542 503.771 0.0 371.77084
942.73 1602.542 1102.771 0.0 499.77075
943.83 730.042 302.771 0.0 427.27084
944.94 774.042 338.271 0.0 435.77084
946.05 357.042 -35.729 0.0 392.77082
947.15 327.542 -25.729 0.0 353.27082
948.26 711.542 228.771 0.0 482.77086
949.36 476.542 98.271 0.0 378.27082
950.47 781.042 326.771 0.0 454.27084
951.57 1337.042 844.771 0.0 492.27081
952.68 998.542 568.771 0.0 429.77087
953.79 963.042 439.271 0.0 523.77084
954.89 583.042 121.771 0.0 461.27085
955.99 897.542 391.271 0.0 506.27084
957.1 653.042 230.271 0.0 422.77086
958.2 763.542 271.271 0.0 492.27084
959.31 905.542 455.771 0.0 449.77084
960.41 545.542 130.271 0.0 415.27086
961.52 478.542 10.271 0.0 468.27082
962.62 897.542 493.771 0.0 403.77084
963.72 373.542 -50.729 0.0 424.27082
964.83 331.042 -70.729 0.0 401.77082
965.93 757.542 341.771 0.0 415.77084
967.03 1098.542 714.271 0.0 384.27081
968.13 958.042 466.771 0.0 491.27084
969.24 595.042 175.771 0.0 419.27086
970.34 547.042 206.771 0.0 340.27086
971.44 675.042 265.771 0.0 409.27084
972.54 771.042 346.771 0.0 424.27084
973.64 556.042 142.271 0.0 413.77086
974.75 1558.042 1069.771 0.0 488.27075
975.85 3936.042 3162.271 0.0 773.771
976.95 574.542 189.771 0.0 384.77086
978.05 1036.542 525.771 0.0 510.77081
979.15 1384.542 896.271 0.0 488.27081
980.25 435.542 99.771 0.0 335.77082
981.35 538.542 179.271 0.0 359.27086
982.45 1322.042 891.771 0.0 430.27081
983.55 874.542 462.771 0.0 411.77084
984.65 850.042 418.271 0.0 431.77084
985.75 1077.542 675.271 0.0 402.27081
986.85 780.542 372.271 0.0 408.27084
987.95 566.542 185.271 0.0 381.27086
989.05 1263.042 783.271 0.0 479.77081
990.15 970.542 628.271 0.0 342.27087
991.25 777.542 443.271 0.0 334.27084
992.34 1223.542 835.771 0.0 387.77081
993.44 779.042 478.271 0.0 300.77084
994.54 704.042 386.771 0.0 317.27084
995.64 1135.542 731.271 0.0 404.27081
996.74 1212.542 789.271 0.0 423.27081
997.83 344.542 73.771 0.0 270.77082
998.93 603.542 315.271 0.0 288.27084
1000.03 1620.542 1230.771 0.0 389.77075
1001.12 1159.042 704.771 0.0 454.27081
1002.22 1096.042 729.271 0.0 366.77081
1003.32 552.042 272.271 0.0 279.77084
1004.41 785.542 467.271 0.0 318.27084
1005.51 694.542 402.771 0.0 291.77084
1006.6 482.042 188.771 0.0 293.27083
1007.7 1029.542 624.271 0.0 405.27081
1008.8 266.042 103.271 0.0 162.77082
1009.89 913.042 577.771 0.0 335.27087
1010.99 740.542 384.771 0.0 355.77084
1012.08 264.042 47.271 0.0 216.77082
1013.18 670.042 394.271 0.0 275.77084
1014.27 546.542 202.271 0.0 344.27086
1015.36 659.542 334.271 0.0 325.27084
1016.46 720.042 402.771 0.0 317.27084
1017.55 439.042 148.271 0.0 290.77083
1018.65 786.042 496.771 0.0 289.27084
1019.74 960.542 586.771 0.0 373.77087
1020.83 769.042 505.271 0.0 263.77084
1021.93 603.042 280.271 0.0 322.77084
1023.02 378.542 38.271 0.0 340.27082
1024.11 348.542 63.771 0.0 284.77082
1025.2 244.042 88.271 0.0 155.77084
1026.3 741.042 454.271 0.0 286.77084
1027.39 933.042 597.771 0.0 335.27087
1028.48 701.042 486.771 0.0 214.27084
1029.57 654.042 312.771 0.0 341.27084
1030.66 734.542 451.771 0.0 282.77084
1031.75 1808.542 1483.271 0.0 325.27075
1032.84 906.042 652.771 0.0 253.27087
1033.94 327.542 161.271 0.0 166.27083
1035.03 887.542 773.771 0.0 113.77087
1036.12 348.542 90.271 0.0 258.27082
1037.21 305.542 66.771 0.0 238.77082
1038.3 772.542 522.771 0.0 249.77087
1039.39 276.042 153.271 0.0 122.77083
1040.48 688.542 455.771 0.0 232.77084
1041.57 806.042 616.271 0.0 189.77087
1042.66 716.042 441.771 0.0 274.27084
1043.74 740.042 508.271 0.0 231.77084
1044.83 860.542 543.271 0.0 317.27087
1045.92 329.542 45.771 0.0 283.77082
1047.01 854.542 617.771 0.0 236.77087
1048.1 296.042 96.771 0.0 199.27082
1049.19 696.542 502.271 0.0 194.27084
1050.27 521.042 342.271 0.0 178.77084
1051.36 548.042 305.271 0.0 242.77084
1052.45 823.542 469.771 0.0 353.77084
1053.54 671.542 466.771 0.0 204.77084
1054.62 747.042 525.271 0.0 221.77087
1055.71 690.042 467.771 0.0 222.27084
1056.8 900.542 688.271 0.0 212.27087
1057.88 505.542 328.771 0.0 176.77081
1058.97 659.542 458.771 0.0 200.77084
1060.06 1072.042 834.771 0.0 237.27081
1061.14 540.542 367.771 0.0 172.77084
1062.23 1903.542 1608.271 0.0 295.27075
1063.31 710.042 547.271 0.0 162.77087
1064.4 451.542 279.271 0.0 172.27081
1065.48 650.042 526.771 0.0 123.27087
1066.57 558.542 362.771 0.0 195.77084
1067.65 762.042 543.771 0.0 218.27087
1068.74 496.042 357.271 0.0 138.77081
1069.82 735.042 544.271 0.0 190.77087
1070.9 2538.042 2151.771 0.0 386.271
1071.99 804.042 561.771 0.0 242.27087
1073.07 741.542 491.771 0.0 249.77084
1074.15 843.042 576.771 0.0 266.27087
1075.24 671.542 526.771 0.0 144.77087
1076.32 771.542 625.771 0.0 145.77087
1077.4 1270.042 963.771 0.0 306.27081
1078.49 356.542 218.271 0.0 138.27083
1079.57 827.042 655.271 0.0 171.77087
1080.65 1141.542 866.771 0.0 274.77081
1081.73 694.042 382.771 0.0 311.27084
1082.81 381.042 238.271 0.0 142.77083
1083.89 706.042 548.771 0.0 157.27087
1084.98 773.542 533.271 0.0 240.27087
1086.06 446.542 267.771 0.0 178.77081
1087.14 461.542 283.771 0.0 177.77081
1088.22 675.542 524.771 0.0 150.77087
1089.3 358.042 261.771 0.0 96.27081
1090.38 1344.042 1101.771 0.0 242.27075
1091.46 745.042 598.771 0.0 146.27087
1092.54 572.542 405.771 0.0 166.77084
1093.62 571.042 412.771 0.0 158.27084
1094.7 282.542 186.271 0.0 96.27083
1095.78 634.542 490.771 0.0 143.77084
1096.86 751.042 545.771 0.0 205.27087
1097.93 1451.542 1146.271 0.0 305.27075
1099.01 1032.042 802.271 0.0 229.77081
1100.09 472.542 334.271 0.0 138.27081
