196.55 673.747 637.312 0.0 36.43481
197.76 965.722 939.8 0.0 25.9212
198.96 867.22 856.3 0.0 10.92059
200.16 588.727 561.303 0.0 27.42419
201.36 1020.19 1037.285 0.0 -17.0957
202.56 689.202 695.791 0.0 -6.58893
203.76 607.72 612.799 0.0 -5.07965
204.96 720.737 695.308 0.0 25.42963
206.16 510.243 490.81 0.0 19.4325
207.36 834.732 819.305 0.0 15.427
208.56 707.223 680.301 0.0 26.92224
209.76 434.734 497.306 0.0 -62.57214
210.96 618.225 620.302 0.0 -2.0769
212.16 1295.25 1311.814 0.0 -16.56384
213.36 808.231 733.805 0.0 74.42615
214.56 691.249 636.813 0.0 54.43573
215.76 1137.72 1209.3 0.0 -71.57971
216.96 1018.216 972.798 0.0 45.41809
218.16 729.212 694.796 0.0 34.41608
219.35 506.241 483.31 0.0 22.93167
220.55 632.242 634.81 0.0 -2.56769
221.75 569.255 581.816 0.0 -12.56091
222.95 999.74 923.809 0.0 75.93097
224.15 751.252 746.315 0.0 4.93713
225.35 633.749 541.313 0.0 92.43555
226.55 583.741 558.809 0.0 24.93152
227.75 937.24 842.309 0.0 94.93097
228.94 754.734 687.306 0.0 67.42786
230.14 689.729 694.304 0.0 -4.57471
231.34 610.225 537.802 0.0 72.42285
232.54 548.726 577.802 0.0 -29.0766
233.74 575.716 576.298 0.0 -0.58173
234.93 615.247 566.813 0.0 48.43494
236.13 698.227 621.303 0.0 76.92413
237.33 695.257 649.817 0.0 45.44006
238.53 596.744 583.311 0.0 13.43292
239.72 922.223 873.301 0.0 48.92188
240.92 475.733 429.306 0.0 46.42703
242.12 810.24 720.309 0.0 89.93079
243.31 566.73 461.804 0.0 104.92575
244.51 489.723 478.801 0.0 10.922
245.71 833.239 823.809 0.0 9.43066
246.9 1076.723 1016.801 0.0 59.922
248.1 667.721 627.8 0.0 39.92072
249.3 673.214 643.297 0.0 29.91718
250.49 641.713 612.296 0.0 29.41663
251.69 695.229 666.304 0.0 28.92505
252.89 702.704 627.792 0.0 74.91211
254.08 437.734 415.806 0.0 21.92786
255.28 665.719 603.799 0.0 61.91968
256.47 484.732 424.305 0.0 60.42676
257.67 767.755 714.316 0.0 53.43915
258.86 792.745 748.311 0.0 44.43341
260.06 602.713 557.796 0.0 44.91656
261.26 914.726 951.802 0.0 -37.07672
262.45 657.227 598.303 0.0 58.92383
263.65 440.205 357.292 0.0 82.91226
264.84 711.225 692.302 0.0 18.92291
266.04 529.704 487.792 0.0 41.91214
267.23 408.205 360.292 0.0 47.91235
268.42 506.228 436.803 0.0 69.42444
269.62 612.231 609.305 0.0 2.92603
270.81 656.736 585.307 0.0 71.42877
272.01 639.726 634.302 0.0 5.42365
273.2 798.698 731.789 0.0 66.90869
274.4 464.715 429.797 0.0 34.91779
275.59 714.717 677.298 0.0 37.4187
276.78 609.735 552.307 0.0 57.42828
277.98 567.209 548.295 0.0 18.91473
279.17 583.234 539.306 0.0 43.92773
280.37 590.695 532.288 0.0 58.40729
281.56 417.219 412.299 0.0 4.91962
282.75 418.75 398.314 0.0 20.43655
283.95 536.706 536.293 0.0 0.41302
285.14 571.706 530.293 0.0 41.41321
286.33 408.711 436.295 0.0 -27.58463
287.52 631.699 583.29 0.0 48.40912
288.72 740.193 681.787 0.0 58.40625
289.91 866.216 885.298 0.0 -19.08167
291.1 684.224 571.302 0.0 112.92273
292.29 601.23 610.304 0.0 -9.07446
293.49 626.709 601.794 0.0 24.91455
294.68 435.715 465.297 0.0 -29.58243
295.87 614.229 525.304 0.0 88.92493
297.06 645.217 643.798 0.0 1.41858
298.26 353.206 299.293 0.0 53.91284
299.45 576.23 543.304 0.0 32.92572
300.64 562.742 483.31 0.0 79.43231
301.83 579.725 587.802 0.0 -8.07715
303.02 479.744 450.311 0.0 29.43298
304.21 701.251 658.314 0.0 42.93701
305.4 575.242 540.81 0.0 34.43219
306.59 627.732 567.805 0.0 59.92676
307.79 522.726 526.802 0.0 -4.07642
308.98 433.229 417.804 0.0 15.42523
310.17 686.62 614.752 0.0 71.86719
311.36 548.174 525.778 0.0 22.39618
312.55 948.678 886.78 0.0 61.89789
313.74 405.715 364.797 0.0 40.918
314.93 711.223 618.301 0.0 92.92224
316.12 542.227 490.803 0.0 51.42392
317.31 296.214 306.797 0.0 -10.58301
318.5 445.715 348.297 0.0 97.418
319.69 570.212 462.296 0.0 107.91626
320.88 505.235 493.807 0.0 11.42847
322.07 423.711 425.795 0.0 -2.08453
323.26 441.242 402.81 0.0 38.43176
324.45 356.219 303.799 0.0 52.41962
325.64 517.71 482.795 0.0 34.91486
326.83 622.224 558.302 0.0 63.92273
328.01 526.22 486.299 0.0 39.92023
329.2 619.226 615.802 0.0 3.42358
330.39 510.217 433.798 0.0 76.41858
331.58 384.218 341.799 0.0 42.41937
332.77 768.727 762.303 0.0 6.42432
333.96 289.213 246.296 0.0 42.91687
335.15 400.721 361.8 0.0 38.92099
336.33 425.718 355.799 0.0 69.91937
337.52 436.219 455.799 0.0 -19.58038
338.71 451.22 413.8 0.0 37.42059
339.9 433.692 422.787 0.0 10.90579
341.08 470.707 430.293 0.0 40.41345
342.27 626.222 568.8 0.0 57.42133
343.46 709.235 666.807 0.0 42.42853
344.65 564.235 581.807 0.0 -17.57147
345.83 640.737 631.308 0.0 9.42932
347.02 330.737 301.808 0.0 28.92957
348.21 712.728 643.303 0.0 69.42444
349.4 344.723 298.301 0.0 46.42172
350.58 494.699 454.789 0.0 39.90903
351.77 406.716 387.798 0.0 18.9183
352.96 244.728 236.303 0.0 8.42455
354.14 482.719 412.299 0.0 70.41992
355.33 355.23 369.804 0.0 -14.57425
356.51 290.701 265.291 0.0 25.41055
357.7 474.682 427.282 0.0 47.40015
358.89 354.208 339.294 0.0 14.91406
360.07 566.702 589.291 0.0 -22.58929
361.26 646.158 618.77 0.0 27.38745
362.44 451.641 448.263 0.0 3.37869
363.63 355.628 364.256 0.0 -8.62814
364.81 395.112 396.749 0.0 -1.63693
366.0 248.616 201.751 0.0 46.86539
367.18 913.136 894.26 0.0 18.8761
368.37 336.661 297.772 0.0 38.88916
369.55 496.173 478.777 0.0 17.39532
370.74 581.173 556.277 0.0 24.89557
371.92 716.16 718.271 0.0 -2.11133
373.11 314.146 353.765 0.0 -39.61859
374.29 316.13 313.257 0.0 2.87262
375.48 410.655 436.769 0.0 -26.11395
376.66 328.671 291.776 0.0 36.89429
377.84 650.661 592.272 0.0 58.38916
379.03 298.672 300.777 0.0 -2.10507
380.21 300.652 226.268 0.0 74.38443
381.39 200.154 164.768 0.0 35.38524
382.58 568.672 491.777 0.0 76.89484
383.76 734.684 678.783 0.0 55.90155
384.94 729.678 730.28 0.0 -0.60187
386.13 360.647 290.765 0.0 69.88181
387.31 402.16 379.272 0.0 22.88889
388.49 297.152 332.768 0.0 -35.61548
389.68 443.667 448.774 0.0 -5.10791
390.86 413.667 386.775 0.0 26.89249
392.04 623.68 571.281 0.0 52.39935
393.22 276.167 310.775 0.0 -34.60751
394.41 304.153 325.768 0.0 -21.61508
395.59 211.167 165.775 0.0 45.3924
396.77 357.679 334.78 0.0 22.89883
397.95 391.173 322.278 0.0 68.8956
399.13 489.679 503.78 0.0 -14.10147
400.31 346.643 349.763 0.0 -3.12048
401.5 413.159 357.271 0.0 55.88785
402.68 496.154 430.768 0.0 65.38522
403.86 279.166 304.774 0.0 -25.60809
405.04 504.683 504.782 0.0 -0.09903
406.22 264.657 236.27 0.0 28.38725
407.4 479.197 454.289 0.0 24.90811
408.58 566.658 535.771 0.0 30.88776
409.76 598.656 581.269 0.0 17.38647
410.94 429.167 418.275 0.0 10.89249
412.12 332.691 297.786 0.0 34.90488
413.3 302.174 282.278 0.0 19.89612
414.48 308.175 235.278 0.0 72.89662
415.66 323.684 256.783 0.0 66.90137
416.84 723.175 711.278 0.0 11.89636
418.02 465.163 370.273 0.0 94.88995
419.2 314.174 270.778 0.0 43.3959
420.38 363.167 361.775 0.0 1.39258
421.56 329.182 344.282 0.0 -15.09955
422.74 738.158 626.77 0.0 111.38751
423.92 544.669 478.276 0.0 66.39331
425.1 353.175 356.778 0.0 -3.60336
426.28 305.696 299.788 0.0 5.90762
427.46 840.696 769.788 0.0 70.90753
428.63 380.189 345.785 0.0 34.40378
429.81 402.194 367.787 0.0 34.40671
430.99 472.184 430.283 0.0 41.90155
432.17 709.188 655.284 0.0 53.90338
433.35 481.686 457.284 0.0 24.4025
434.52 154.7 119.79 0.0 34.90972
435.7 254.69 249.785 0.0 4.90439
436.88 543.675 480.778 0.0 62.89645
438.06 386.698 370.789 0.0 15.9086
439.23 311.175 262.779 0.0 48.39673
440.41 376.703 404.792 0.0 -28.08868
441.59 561.667 501.775 0.0 59.89221
442.77 243.706 214.793 0.0 28.91284
443.94 522.678 516.78 0.0 5.89789
445.12 481.187 466.784 0.0 14.40298
446.3 681.675 645.279 0.0 36.39679
447.47 448.681 431.781 0.0 16.89975
448.65 502.677 508.779 0.0 -6.10239
449.82 282.177 318.279 0.0 -36.10239
451.0 378.681 320.281 0.0 58.39957
452.18 331.187 267.784 0.0 63.40268
453.35 360.678 329.28 0.0 31.39804
454.53 375.689 345.785 0.0 29.90387
455.7 255.182 218.782 0.0 36.40025
456.88 608.193 569.287 0.0 38.90588
458.05 395.683 385.282 0.0 10.40097
459.23 206.184 219.283 0.0 -13.09843
460.4 394.178 328.28 0.0 65.89804
461.58 421.192 458.287 0.0 -37.09421
462.75 214.687 185.284 0.0 29.40297
463.93 348.68 405.781 0.0 -57.10095
465.1 343.173 307.777 0.0 35.39532
466.28 139.702 146.791 0.0 -7.08937
467.45 131.678 95.78 0.0 35.89803
468.63 348.183 296.782 0.0 51.40054
469.8 562.685 480.783 0.0 81.90167
470.97 250.183 235.782 0.0 14.40086
472.15 378.706 382.293 0.0 -3.58725
473.32 466.702 471.791 0.0 -5.08936
474.49 575.196 534.788 0.0 40.40771
475.67 290.2 291.79 0.0 -1.59018
476.84 198.7 204.29 0.0 -5.58997
478.01 425.188 407.784 0.0 17.40338
479.19 385.208 344.794 0.0 40.41425
480.36 279.697 228.289 0.0 51.40831
481.53 329.691 339.786 0.0 -10.09521
482.7 293.203 276.792 0.0 16.41144
483.88 188.711 217.295 0.0 -28.58443
485.05 260.693 266.287 0.0 -5.59409
486.22 290.718 328.799 0.0 -38.08072
487.39 206.228 226.803 0.0 -20.57526
488.56 370.189 361.785 0.0 8.40421
489.74 559.207 484.293 0.0 74.91348
490.91 207.704 172.292 0.0 35.41203
492.08 283.689 286.285 0.0 -2.59579
493.25 195.708 194.794 0.0 0.91386
494.42 285.711 309.795 0.0 -24.08432
495.59 285.71 288.795 0.0 -3.08484
496.76 334.183 292.782 0.0 41.40076
497.93 411.195 386.288 0.0 24.9071
499.1 386.71 417.795 0.0 -31.08502
500.27 659.712 613.796 0.0 45.91608
501.44 751.198 701.289 0.0 49.90869
502.61 312.703 297.292 0.0 15.41162
503.78 428.719 379.799 0.0 48.92001
504.95 701.695 737.788 0.0 -36.09302
506.12 433.72 404.8 0.0 28.92041
507.29 255.206 242.793 0.0 12.41306
508.46 65.705 62.793 0.0 2.91245
509.63 749.705 694.793 0.0 54.91248
510.8 755.702 716.291 0.0 39.41095
511.97 387.199 370.79 0.0 16.40921
513.14 188.225 192.302 0.0 -4.07718
514.31 497.209 498.295 0.0 -1.08527
515.48 303.224 323.301 0.0 -20.0777
516.65 294.201 231.291 0.0 62.91023
517.81 219.213 242.296 0.0 -23.08353
518.98 400.197 426.289 0.0 -26.09198
520.15 156.73 166.304 0.0 -9.57425
521.32 452.702 395.291 0.0 57.41074
522.49 865.223 830.801 0.0 34.42212
523.65 704.215 640.297 0.0 63.91797
524.82 455.7 363.79 0.0 91.90982
525.99 37.224 77.801 0.0 -40.57748
527.16 428.737 393.807 0.0 34.92917
528.32 406.706 402.293 0.0 4.41293
529.49 267.703 302.791 0.0 -35.08887
530.66 82.243 97.31 0.0 -15.0675
531.82 127.694 173.287 0.0 -45.59351
532.99 231.211 235.795 0.0 -4.58443
534.16 294.71 255.795 0.0 38.91505
535.32 560.718 524.799 0.0 35.91919
536.49 168.218 160.299 0.0 7.9194
537.65 585.199 586.79 0.0 -1.59058
538.82 201.213 139.296 0.0 61.91678
539.99 422.208 390.794 0.0 31.41406
541.15 504.69 434.286 0.0 70.4046
542.32 137.722 96.801 0.0 40.92141
543.48 477.731 475.805 0.0 1.92645
544.65 665.738 600.808 0.0 64.93018
545.81 869.212 823.796 0.0 45.41608
546.98 337.229 293.804 0.0 43.42505
548.14 532.712 476.296 0.0 56.41608
549.31 213.216 234.798 0.0 -21.5816
550.47 255.72 225.3 0.0 30.42039
551.63 568.713 607.796 0.0 -39.08356
552.8 256.201 271.29 0.0 -15.08987
553.96 263.715 250.297 0.0 13.4178
555.13 292.22 241.8 0.0 50.42059
556.29 588.228 594.303 0.0 -6.07556
557.45 157.694 153.787 0.0 3.9066
558.62 332.221 299.8 0.0 32.42111
559.78 427.229 428.304 0.0 -1.07495
560.94 289.722 228.301 0.0 61.42151
562.11 249.728 219.303 0.0 30.42455
563.27 82.222 51.8 0.0 30.42131
564.43 47.218 18.298 0.0 28.91909
565.59 186.741 148.31 0.0 38.43169
566.76 193.2 198.29 0.0 -5.09016
567.92 345.242 314.31 0.0 30.93201
569.08 452.225 419.802 0.0 32.42322
570.24 227.697 217.289 0.0 10.40842
571.4 177.216 121.798 0.0 55.41819
572.57 241.242 226.81 0.0 14.43179
573.73 71.724 37.302 0.0 34.42273
574.89 223.734 213.806 0.0 9.92767
576.05 293.205 286.292 0.0 6.91226
577.21 148.708 117.294 0.0 31.41386
578.37 20.721 23.3 0.0 -2.57929
579.53 150.731 130.805 0.0 19.92615
580.69 378.225 338.802 0.0 39.42303
581.85 248.719 275.799 0.0 -27.08029
583.01 248.717 225.298 0.0 23.41859
584.17 290.714 250.797 0.0 39.91718
585.33 364.724 346.802 0.0 17.92252
586.49 180.71 167.295 0.0 13.41527
587.65 303.211 298.295 0.0 4.91568
588.81 344.724 315.302 0.0 29.42264
589.97 575.219 521.799 0.0 53.42004
591.13 197.697 219.789 0.0 -22.09167
592.29 264.727 243.303 0.0 21.42412
593.45 145.728 104.803 0.0 40.92474
594.61 124.199 108.29 0.0 15.90923
595.77 120.221 92.8 0.0 27.42091
596.93 72.701 66.291 0.0 6.41032
598.09 210.71 217.795 0.0 -7.08504
599.24 134.727 114.803 0.0 19.92393
600.4 217.21 160.795 0.0 56.41527
601.56 104.717 113.298 0.0 -8.58111
602.72 259.729 231.804 0.0 27.92534
603.87 279.754 270.315 0.0 9.43814
605.03 115.229 101.304 0.0 13.92534
606.19 143.224 37.301 0.0 105.92242
607.35 18.727 14.303 0.0 4.42413
608.5 386.721 340.3 0.0 46.42081
609.66 546.231 510.805 0.0 35.42636
610.82 136.712 113.796 0.0 22.91628
611.97 60.728 82.803 0.0 -22.07557
613.13 299.237 342.307 0.0 -43.07071
614.29 284.723 237.301 0.0 47.42181
615.44 369.225 341.302 0.0 27.92313
616.6 94.231 63.305 0.0 30.92605
617.76 394.723 329.801 0.0 64.922
618.91 393.24 361.809 0.0 31.431
620.07 363.226 341.302 0.0 21.92343
621.22 49.227 0.303 0.0 48.92393
622.38 587.728 580.303 0.0 7.42444
623.53 35.216 33.298 0.0 1.91819
624.69 95.23 66.805 0.0 28.42595
625.84 133.225 73.302 0.0 59.92323
627.0 296.694 252.287 0.0 44.40672
628.15 15.729 21.804 0.0 -6.07506
629.31 240.206 215.293 0.0 24.91273
630.46 -8.779 -33.2 0.0 24.42111
631.61 238.23 221.304 0.0 16.92584
632.77 213.706 198.793 0.0 14.91315
633.92 269.217 282.798 0.0 -13.58142
635.08 546.7 503.29 0.0 43.40994
636.23 196.722 159.301 0.0 37.42152
637.38 -3.278 -23.699 0.0 20.42171
638.54 391.71 324.295 0.0 67.41516
639.69 552.741 502.309 0.0 50.43149
640.84 263.218 225.299 0.0 37.91924
641.99 77.718 43.799 0.0 33.91942
643.15 468.719 457.299 0.0 11.41962
644.3 95.719 57.299 0.0 38.4198
645.45 -25.281 -54.201 0.0 28.91999
646.6 487.22 498.299 0.0 -11.0798
647.75 155.22 122.3 0.0 32.92036
648.91 -40.28 -43.2 0.0 2.92056
650.06 136.721 95.3 0.0 41.42076
651.21 249.221 258.8 0.0 -9.57907
652.36 290.221 291.8 0.0 -1.57886
653.51 81.222 97.8 0.0 -16.57868
654.66 195.722 106.801 0.0 88.92152
655.81 380.222 338.301 0.0 41.92169
656.96 66.223 29.301 0.0 36.9219
658.11 178.223 201.301 0.0 -23.07793
659.27 282.724 224.801 0.0 57.92226
660.42 67.224 23.801 0.0 43.42246
661.57 239.724 203.302 0.0 36.42265
662.72 -16.775 -70.698 0.0 53.92285
663.87 -50.275 -42.198 0.0 -8.07696
665.01 160.725 153.802 0.0 6.92323
666.16 25.226 3.802 0.0 21.42342
667.31 34.726 69.302 0.0 -34.5764
668.46 460.726 364.803 0.0 95.9238
669.61 99.227 85.803 0.0 13.42399
670.76 15.727 -15.197 0.0 30.92418
671.91 409.228 383.803 0.0 25.42438
673.06 271.228 292.803 0.0 -21.57544
674.21 -112.272 -86.197 0.0 -26.07526
675.35 171.229 143.804 0.0 27.42494
676.5 102.729 107.304 0.0 -4.57487
677.65 -1.771 5.804 0.0 -7.57468
678.8 -66.77 -81.696 0.0 14.92551
679.94 60.23 20.804 0.0 39.4257
681.09 228.73 183.304 0.0 45.42589
682.24 245.731 202.305 0.0 43.42609
683.39 1.231 5.305 0.0 -4.07373
684.53 268.231 205.305 0.0 62.92647
685.68 113.732 103.305 0.0 10.42665
686.83 138.232 149.805 0.0 -11.57317
687.97 149.233 114.306 0.0 34.92703
689.12 97.233 72.806 0.0 24.42722
690.27 67.733 14.306 0.0 53.42741
691.41 284.734 252.306 0.0 32.4276
692.56 175.734 174.306 0.0 1.4278
693.7 230.734 173.806 0.0 56.92799
694.85 -12.265 -17.193 0.0 4.92817
695.99 255.735 194.307 0.0 61.42838
697.14 128.235 89.807 0.0 38.42855
698.28 172.736 205.807 0.0 -33.07126
699.43 198.736 115.807 0.0 82.92893
700.57 -61.264 -75.193 0.0 13.92912
701.72 -32.763 -61.692 0.0 28.92931
702.86 -76.763 -99.192 0.0 22.4295
704.01 -14.262 -16.692 0.0 2.4297
705.15 284.238 196.308 0.0 87.9299
706.29 54.238 30.308 0.0 23.93008
707.44 98.239 66.808 0.0 31.43027
708.58 -66.261 -71.691 0.0 5.43046
709.72 370.239 315.809 0.0 54.43066
710.87 -87.26 -109.191 0.0 21.93084
712.01 -61.26 -56.691 0.0 -4.56897
713.15 142.74 79.809 0.0 62.93122
714.3 168.241 208.309 0.0 -40.06859
715.44 27.241 18.31 0.0 8.9316
716.58 143.242 111.81 0.0 31.43179
717.72 37.242 5.31 0.0 31.93198
718.87 131.742 68.31 0.0 63.43217
720.01 95.743 57.31 0.0 38.43236
721.15 -45.257 -70.19 0.0 24.93255
722.29 196.243 172.811 0.0 23.43274
723.43 247.744 225.811 0.0 21.93292
724.57 195.744 187.311 0.0 8.43312
725.72 138.244 95.811 0.0 42.43331
726.86 395.245 355.311 0.0 39.9335
728.0 70.245 33.811 0.0 36.4337
729.14 13.745 -38.688 0.0 52.43388
730.28 272.746 244.812 0.0 27.93408
731.42 11.746 -48.688 0.0 60.43426
732.56 414.247 351.312 0.0 62.93445
733.7 203.247 203.812 0.0 -0.56535
734.84 -128.253 -91.688 0.0 -36.56516
735.98 126.248 62.813 0.0 63.43502
737.12 -32.252 -52.187 0.0 19.93521
738.26 -8.752 22.813 0.0 -31.5646
739.4 78.249 113.313 0.0 -35.0644
740.53 190.249 146.813 0.0 43.43578
741.67 106.249 118.813 0.0 -12.56403
742.81 -123.25 -95.186 0.0 -28.06384
743.95 120.25 158.814 0.0 -38.56364
745.09 -48.749 -2.686 0.0 -46.06346
746.23 155.251 163.314 0.0 -8.06326
747.36 245.251 212.314 0.0 32.93694
748.5 -5.248 -6.686 0.0 1.43712
749.64 49.752 5.315 0.0 44.43731
750.78 8.752 -16.185 0.0 24.9375
751.92 21.253 17.315 0.0 3.93769
753.05 81.253 49.315 0.0 31.93788
754.19 328.253 323.315 0.0 4.93808
755.33 -99.746 -118.685 0.0 18.93826
756.46 83.254 125.316 0.0 -42.06155
757.6 -57.746 8.816 0.0 -66.56136
758.74 288.255 285.816 0.0 2.43881
759.87 158.755 83.816 0.0 74.93903
761.01 137.756 68.316 0.0 69.4392
762.14 121.256 68.817 0.0 52.4394
763.28 219.256 231.317 0.0 -12.06041
764.41 115.757 96.317 0.0 19.43978
765.55 -85.743 -118.183 0.0 32.43997
766.69 94.757 118.817 0.0 -24.05984
767.82 165.258 118.317 0.0 46.94035
768.95 -16.242 -1.182 0.0 -15.05946
770.09 391.758 444.318 0.0 -52.55927
771.22 310.259 352.318 0.0 -42.05908
772.36 246.759 220.318 0.0 26.44112
773.49 305.259 302.818 0.0 2.44128
774.63 90.26 56.818 0.0 33.44149
775.76 35.26 36.319 0.0 -1.05832
776.89 187.261 210.819 0.0 -23.55812
778.03 164.261 138.819 0.0 25.44206
779.16 28.261 -42.681 0.0 70.94225
780.29 159.762 129.819 0.0 29.94244
781.43 298.762 297.819 0.0 0.94266
782.56 145.762 137.32 0.0 8.44283
783.69 45.763 -0.68 0.0 46.44302
784.82 108.263 60.32 0.0 47.94321
785.96 40.263 78.32 0.0 -38.0566
787.09 133.764 99.82 0.0 33.94358
788.22 204.264 112.32 0.0 91.94378
789.35 16.765 -24.179 0.0 40.94397
790.48 53.765 49.821 0.0 3.94416
791.62 282.265 237.321 0.0 44.94435
792.75 -26.734 -33.179 0.0 6.44454
793.88 298.266 345.821 0.0 -47.55527
795.01 189.766 120.321 0.0 69.44492
796.14 228.767 221.822 0.0 6.94511
797.27 265.767 229.322 0.0 36.44531
798.4 102.267 100.322 0.0 1.94549
799.53 -20.232 -69.678 0.0 49.44568
800.66 74.268 107.822 0.0 -33.55413
801.79 765.768 716.822 0.0 48.94604
802.92 95.769 70.823 0.0 24.94625
804.05 214.769 174.823 0.0 39.94643
805.18 80.27 125.823 0.0 -45.55337
806.31 74.27 67.823 0.0 6.44682
807.44 -65.73 -58.177 0.0 -7.55299
808.57 190.771 159.323 0.0 31.4472
809.69 198.271 180.324 0.0 17.94739
810.82 -93.729 -126.176 0.0 32.44759
811.95 580.772 498.324 0.0 82.44778
813.08 68.772 34.824 0.0 33.94796
814.21 542.272 518.324 0.0 23.94818
815.33 102.773 118.824 0.0 -16.05166
816.46 158.773 161.825 0.0 -3.05145
817.59 409.274 417.825 0.0 -8.55127
818.72 245.274 234.825 0.0 10.44891
819.84 476.274 436.825 0.0 39.4491
820.97 250.275 259.825 0.0 -9.55069
822.1 327.275 310.325 0.0 16.94949
823.22 -11.725 -29.174 0.0 17.44967
824.35 45.776 26.326 0.0 19.44987
825.48 267.276 251.326 0.0 15.95006
826.6 196.276 136.326 0.0 59.95026
827.73 -59.223 -83.674 0.0 24.45043
828.85 111.277 89.826 0.0 21.45062
829.98 348.277 303.827 0.0 44.45081
831.11 30.278 -22.173 0.0 52.45101
832.23 29.278 17.827 0.0 11.4512
833.36 297.279 261.327 0.0 35.95139
834.48 127.779 130.327 0.0 -2.54842
835.6 220.779 192.827 0.0 27.95177
836.73 -29.22 -37.172 0.0 7.95196
837.85 296.28 218.328 0.0 77.95216
838.98 -62.22 -94.672 0.0 32.45234
840.1 226.781 194.328 0.0 32.45253
841.23 150.781 119.828 0.0 30.95272
842.35 399.781 350.329 0.0 49.45291
843.47 101.282 100.829 0.0 0.4531
844.6 -37.718 -38.171 0.0 0.45329
845.72 56.783 4.829 0.0 51.95348
846.84 24.783 22.329 0.0 2.45367
847.96 35.783 16.829 0.0 18.95386
849.09 25.284 -3.67 0.0 28.95405
850.21 93.784 68.83 0.0 24.95424
851.33 194.784 196.33 0.0 -1.54556
852.45 -26.215 -56.17 0.0 29.95462
853.57 103.785 122.33 0.0 -18.54519
854.7 3.785 -3.67 0.0 7.455
855.82 28.286 18.331 0.0 9.95519
856.94 219.786 186.831 0.0 32.95538
858.06 -90.214 -122.669 0.0 32.45557
859.18 208.287 170.331 0.0 37.95576
860.3 67.287 87.831 0.0 -20.54405
861.42 -84.712 -103.669 0.0 18.95615
862.54 -51.712 -96.168 0.0 44.45633
863.66 -30.212 -43.668 0.0 13.45653
864.78 70.789 71.332 0.0 -0.54328
865.9 138.289 109.332 0.0 28.95691
867.02 686.789 676.832 0.0 9.95709
868.14 468.29 444.332 0.0 23.95731
869.26 244.29 226.833 0.0 17.45749
870.38 -62.21 -115.667 0.0 53.45767
871.5 -72.709 -77.667 0.0 4.95786
872.62 -35.709 -52.167 0.0 16.45805
873.74 328.291 306.333 0.0 21.95822
874.85 -36.208 -52.667 0.0 16.45834
875.97 93.792 119.333 0.0 -25.54167
877.09 164.292 122.333 0.0 41.95834
878.21 104.792 63.333 0.0 41.45833
879.33 121.792 123.833 0.0 -2.04167
880.44 85.292 66.333 0.0 18.95833
881.56 30.792 40.333 0.0 -9.54167
882.68 84.792 92.833 0.0 -8.04167
883.79 471.792 424.833 0.0 46.95831
884.91 -94.708 -134.167 0.0 39.45834
886.03 188.292 169.833 0.0 18.45834
887.14 352.792 290.333 0.0 62.45831
888.26 333.292 330.333 0.0 2.95831
889.38 310.292 273.833 0.0 36.45831
890.49 -114.208 -86.667 0.0 -27.54167
891.61 135.792 97.333 0.0 38.45834
892.72 -56.708 -71.167 0.0 14.45833
893.84 -80.208 -71.667 0.0 -8.54167
894.95 -58.208 -80.667 0.0 22.45833
896.07 80.792 20.833 0.0 59.95833
897.18 155.792 147.833 0.0 7.95834
898.3 -103.708 -53.167 0.0 -50.54167
899.41 271.292 274.833 0.0 -3.54169
900.53 144.292 120.333 0.0 23.95834
901.64 221.792 219.833 0.0 1.95834
902.75 147.792 53.833 0.0 93.95834
903.87 38.792 -10.667 0.0 49.45833
904.98 181.792 149.833 0.0 31.95834
906.09 112.792 22.833 0.0 89.95833
907.21 179.792 145.833 0.0 33.95834
908.32 41.292 28.333 0.0 12.95833
909.43 323.292 272.333 0.0 50.95831
910.54 149.292 127.833 0.0 21.45834
911.66 551.792 540.333 0.0 11.45837
912.77 16.792 -1.667 0.0 18.45833
913.88 139.792 150.833 0.0 -11.04166
914.99 -8.208 -48.167 0.0 39.95833
916.1 156.292 135.833 0.0 20.45834
917.22 -2.208 -30.167 0.0 27.95833
918.33 302.792 289.833 0.0 12.95831
919.44 108.792 76.833 0.0 31.95833
920.55 372.292 358.833 0.0 13.45831
921.66 194.792 200.333 0.0 -5.54166
922.77 229.292 207.333 0.0 21.95834
923.88 298.292 300.833 0.0 -2.54169
924.99 170.292 142.333 0.0 27.95834
926.1 -71.708 -86.167 0.0 14.45833
927.21 365.292 317.833 0.0 47.45831
928.32 -69.708 -121.167 0.0 51.45833
929.43 92.792 60.833 0.0 31.95833
930.54 9.792 23.833 0.0 -14.04167
931.65 99.792 82.333 0.0 17.45833
932.76 192.292 184.333 0.0 7.95834
933.86 103.292 93.333 0.0 9.95833
934.97 4.292 22.833 0.0 -18.54167
936.08 23.292 4.833 0.0 18.45833
937.19 333.292 312.833 0.0 20.45831
938.3 169.292 227.833 0.0 -58.54166
939.4 290.792 293.333 0.0 -2.54169
940.51 56.292 69.333 0.0 -13.04167
941.62 146.792 193.833 0.0 -47.04166
942.73 561.792 508.833 0.0 52.95834
943.83 162.292 125.833 0.0 36.45834
944.94 147.292 151.833 0.0 -4.54166
946.05 -97.208 -150.667 0.0 53.45834
947.15 -50.708 -68.667 0.0 17.95833
948.26 61.792 64.833 0.0 -3.04167
949.36 6.292 -1.167 0.0 7.45833
950.47 124.792 121.333 0.0 3.45833
951.57 417.792 369.833 0.0 47.95831
952.68 227.792 229.333 0.0 -1.54166
953.79 245.292 217.833 0.0 27.45834
954.89 57.292 8.833 0.0 48.45833
955.99 229.292 167.333 0.0 61.95834
957.1 15.292 40.333 0.0 -25.04167
958.2 137.292 76.333 0.0 60.95834
959.31 189.292 203.333 0.0 -14.04166
960.41 16.792 28.333 0.0 -11.54167
961.52 -13.208 -30.667 0.0 17.45833
962.62 178.792 175.833 0.0 2.95834
963.72 -56.708 -80.667 0.0 23.95833
964.83 -94.208 -124.667 0.0 30.45833
965.93 146.292 112.833 0.0 33.45834
967.03 297.792 271.333 0.0 26.45831
968.13 184.792 208.333 0.0 -23.54166
969.24 18.292 8.833 0.0 9.45833
970.34 41.792 31.333 0.0 10.45833
971.44 53.792 52.333 0.0 1.45834
972.54 125.292 141.833 0.0 -16.54166
973.64 62.292 5.333 0.0 56.95833
974.75 552.292 435.833 0.0 116.45834
975.85 1644.792 1647.833 0.0 -3.04175
976.95 -19.708 7.333 0.0 -27.04167
978.05 206.292 203.333 0.0 2.95834
979.15 458.292 433.833 0.0 24.45831
980.25 29.292 2.833 0.0 26.45833
981.35 28.792 60.333 0.0 -31.54167
982.45 408.792 410.333 0.0 -1.54169
983.55 177.792 186.833 0.0 -9.04166
984.65 150.292 138.833 0.0 11.45834
985.75 285.292 309.833 0.0 -24.54169
986.85 150.292 180.333 0.0 -30.04166
987.95 16.292 14.833 0.0 1.45833
989.05 351.792 361.833 0.0 -10.04169
990.15 309.292 271.833 0.0 37.45831
991.25 151.292 124.833 0.0 26.45834
992.34 345.792 347.833 0.0 -2.04169
993.44 184.792 140.833 0.0 43.95834
994.54 132.792 111.833 0.0 20.95834
995.64 333.792 309.833 0.0 23.95831
996.74 389.792 351.833 0.0 37.95831
997.83 -51.708 -49.167 0.0 -2.54166
998.93 111.292 76.333 0.0 34.95833
1000.03 578.292 590.833 0.0 -12.54163
1001.12 333.792 353.833 0.0 -20.04169
1002.22 370.792 315.333 0.0 55.45831
1003.32 61.292 64.833 0.0 -3.54167
1004.41 182.792 125.333 0.0 57.45834
1005.51 134.292 120.833 0.0 13.45834
1006.6 24.292 6.333 0.0 17.95833
1007.7 303.292 306.833 0.0 -3.54169
1008.8 -53.708 -47.667 0.0 -6.04166
1009.89 221.292 235.333 0.0 -14.04166
1010.99 150.292 114.333 0.0 35.95834
1012.08 -47.208 -29.167 0.0 -18.04167
1013.18 134.292 126.833 0.0 7.45834
1014.27 65.792 47.333 0.0 18.45833
1015.36 117.792 64.833 0.0 52.95833
1016.46 148.792 124.833 0.0 23.95834
1017.55 19.292 -38.167 0.0 57.45833
1018.65 189.292 151.833 0.0 37.45834
1019.74 268.792 258.833 0.0 9.95831
1020.83 177.792 177.833 0.0 -0.04166
1021.93 106.292 91.833 0.0 14.45833
1023.02 -17.708 -45.667 0.0 27.95833
1024.11 -12.708 -60.167 0.0 47.45833
1025.2 -65.708 -58.167 0.0 -7.54167
1026.3 175.292 189.833 0.0 -14.54166
1027.39 292.792 250.833 0.0 41.95833
1028.48 199.792 163.333 0.0 36.45834
1029.57 132.292 104.333 0.0 27.95834
1030.66 154.792 198.333 0.0 -43.54166
1031.75 736.292 757.333 0.0 -21.04163
1032.84 290.792 241.333 0.0 49.45833
1033.94 25.792 -37.167 0.0 62.95833
1035.03 290.792 296.333 0.0 -5.54169
1036.12 -25.708 -58.667 0.0 32.95833
1037.21 -22.208 -21.667 0.0 -0.54167
1038.3 213.292 213.833 0.0 -0.54166
1039.39 -24.208 16.833 0.0 -41.04167
1040.48 178.292 156.833 0.0 21.45834
1041.57 212.292 235.333 0.0 -23.04166
1042.66 150.292 153.833 0.0 -3.54166
1043.74 200.792 184.833 0.0 15.95834
1044.83 202.292 192.833 0.0 9.45834
1045.92 3.792 -67.167 0.0 70.95833
1047.01 270.292 249.333 0.0 20.95833
1048.1 -59.708 -79.167 0.0 19.45833
1049.19 177.792 144.833 0.0 32.95834
1050.27 93.792 105.333 0.0 -11.54167
1051.36 72.292 41.833 0.0 30.45833
1052.45 229.292 197.333 0.0 31.95834
1053.54 125.792 131.333 0.0 -5.54166
1054.62 230.792 203.333 0.0 27.45834
1055.71 169.292 181.833 0.0 -12.54166
1056.8 326.292 261.833 0.0 64.45831
1057.88 101.792 105.333 0.0 -3.54167
1058.97 161.292 165.833 0.0 -4.54166
1060.06 356.292 360.833 0.0 -4.54169
1061.14 82.792 99.333 0.0 -16.54167
1062.23 810.292 781.333 0.0 28.95837
1063.31 217.292 185.333 0.0 31.95834
1064.4 71.292 66.333 0.0 4.95833
1065.48 198.792 148.333 0.0 50.45834
1066.57 135.292 79.833 0.0 55.45834
1067.65 196.292 210.833 0.0 -14.54166
1068.74 110.792 58.333 0.0 52.45833
1069.82 213.292 209.833 0.0 3.45834
1070.9 1182.292 1117.333 0.0 64.95825
1071.99 226.792 198.833 0.0 27.95834
1073.07 190.792 154.833 0.0 35.95834
1074.15 247.292 187.833 0.0 59.45834
1075.24 193.792 193.833 0.0 -0.04166
1076.32 261.292 239.333 0.0 21.95833
1077.4 500.792 478.833 0.0 21.95831
1078.49 86.292 43.333 0.0 42.95833
1079.57 272.792 275.333 0.0 -2.54169
1080.65 427.292 398.333 0.0 28.95831
1081.73 107.792 114.833 0.0 -7.04167
1082.81 7.792 -13.167 0.0 20.95833
1083.89 224.792 227.833 0.0 -3.04166
1084.98 181.792 212.833 0.0 -31.04166
1086.06 7.792 48.333 0.0 -40.54167
1087.14 71.792 25.333 0.0 46.45833
1088.22 171.292 168.833 0.0 2.45834
1089.3 9.292 -23.167 0.0 32.45833
1090.38 466.792 484.333 0.0 -17.54169
1091.46 277.792 224.333 0.0 53.45833
1092.54 84.792 71.833 0.0 12.95833
1093.62 106.792 116.833 0.0 -10.04167
1094.7 32.792 23.333 0.0 9.45833
1095.78 128.792 119.333 0.0 9.45834
1096.86 158.292 153.833 0.0 4.45834
1097.93 601.792 515.333 0.0 86.45837
1099.01 327.792 321.833 0.0 5.95831
1100.09 94.292 49.333 0.0 44.95833
