196.55 831.938 637.312 809.19 113.23503
197.76 1092.105 939.8 1092.907 99.47642
198.96 1038.501 856.3 965.027 167.57605
200.16 717.123 561.303 735.803 89.29537
201.36 1221.701 1037.285 1194.787 117.08807
202.56 1042.026 695.791 952.606 134.81907
203.76 758.449 612.799 782.088 86.03662
204.96 810.873 695.308 792.07 119.43211
206.16 593.207 490.81 587.32 106.10066
207.36 971.09 819.305 904.76 177.62103
208.56 767.944 680.301 752.872 120.7691
209.76 582.246 497.306 560.579 134.24413
210.96 728.1 620.302 695.691 142.98907
212.16 1438.013 1311.814 1432.742 104.3594
213.36 899.118 733.805 871.587 119.98163
214.56 710.594 636.813 706.009 106.62572
215.76 1298.949 1209.3 1195.088 0.0
216.96 1060.403 972.798 1085.364 77.82534
218.16 794.224 694.796 728.933 291.25966
219.35 653.736 483.31 604.647 140.45615
220.55 737.339 634.81 720.026 120.31645
221.75 705.664 581.816 654.845 169.58779
222.95 1064.448 923.809 1059.121 103.93647
224.15 899.669 746.315 819.061 210.80779
225.35 713.726 541.313 705.716 104.87211
226.55 657.868 558.809 606.854 206.17965
227.75 989.948 842.309 985.621 103.01904
228.94 825.746 687.306 826.079 99.76008
230.14 755.463 694.304 765.768 85.57959
231.34 684.548 537.802 619.751 179.06912
232.54 602.652 577.802 576.631 0.0
233.74 656.77 576.298 625.657 163.03492
234.93 716.122 566.813 639.337 205.87577
236.13 795.44 621.303 775.156 113.18337
237.33 685.003 649.817 785.81 25.87363
238.53 747.443 583.311 672.406 184.2217
239.72 985.709 873.301 998.286 89.93694
240.92 516.774 429.306 569.406 62.43262
242.12 884.08 720.309 914.328 84.40973
243.31 608.883 461.804 654.001 76.52486
244.51 538.577 478.801 563.579 70.50826
245.71 995.896 823.809 962.682 123.91716
246.9 1158.077 1016.801 1154.079 102.91202
248.1 747.185 627.8 740.674 105.76858
249.3 709.247 643.297 746.545 63.87541
250.49 708.827 612.296 654.312 229.74863
251.69 835.095 666.304 790.475 135.93388
252.89 760.549 627.792 684.718 233.21253
254.08 496.246 415.806 457.079 194.89911
255.28 745.846 603.799 697.208 152.06881
256.47 518.722 424.305 460.967 257.53822
257.67 849.848 714.316 859.991 93.03691
258.86 875.863 748.311 843.638 133.804
260.06 687.143 557.796 706.166 87.17907
261.26 1013.968 951.802 1008.984 108.71575
262.45 711.888 598.303 754.217 72.85098
263.65 475.733 357.292 482.364 94.69841
264.84 842.732 692.302 818.398 119.29818
266.04 585.549 487.792 555.218 144.98567
267.23 409.917 360.292 447.511 56.89739
268.42 567.991 436.803 538.596 128.87753
269.62 739.435 609.305 684.941 172.04716
270.81 751.401 585.307 675.397 184.36385
272.01 685.02 634.302 694.924 83.6626
273.2 859.795 731.789 843.235 114.85921
274.4 547.351 429.797 489.924 195.50897
275.59 816.006 677.298 795.743 117.10768
276.78 736.981 552.307 669.165 158.03336
277.98 630.832 548.295 612.028 129.50484
279.17 685.062 539.306 678.932 104.39005
280.37 608.22 532.288 594.184 122.67739
281.56 481.162 412.299 463.062 135.6555
282.75 532.065 398.314 508.181 121.73889
283.95 622.705 536.293 631.537 90.72741
285.14 605.073 530.293 648.83 63.0858
286.33 512.936 436.295 524.407 86.98112
287.52 650.531 583.29 671.321 76.38307
288.72 807.88 681.787 795.718 110.67508
289.91 970.954 885.298 1018.303 64.40069
291.1 751.864 571.302 725.105 117.39848
292.29 660.515 610.304 688.208 64.45196
293.49 784.464 601.794 740.235 131.94841
294.68 554.483 465.297 469.631 2057.83614
295.87 602.911 525.304 591.829 116.65878
297.06 706.322 643.798 687.097 144.40269
298.26 380.837 299.293 328.244 281.66666
299.45 590.883 543.304 556.001 374.72744
300.64 714.839 483.31 601.526 195.8522
301.83 697.548 587.802 627.251 278.19405
303.02 560.627 450.311 539.552 123.61537
304.21 808.485 658.314 817.414 94.38778
305.4 691.155 540.81 611.88 211.54595
306.59 675.222 567.805 697.467 82.84424
307.79 642.336 526.802 586.277 194.25616
308.98 457.963 417.804 482.268 62.29637
310.17 800.008 614.752 795.359 102.57402
311.36 678.485 525.778 613.564 173.95479
312.55 1080.613 886.78 998.055 174.19216
313.74 499.719 364.797 502.717 97.82577
314.93 824.944 618.301 749.372 157.65758
316.12 636.072 490.803 583.363 156.9446
317.31 380.379 306.797 340.752 216.70432
318.5 446.219 348.297 402.717 179.93655
319.69 601.091 462.296 638.226 78.89242
320.88 589.849 493.807 571.458 123.68478
322.07 556.62 425.795 524.054 133.14344
323.26 520.42 402.81 509.294 110.44844
324.45 378.662 303.799 387.062 89.91128
325.64 599.516 482.795 606.674 94.2216
326.83 725.864 558.302 697.605 120.28627
328.01 584.265 486.299 512.941 367.71562
329.2 688.336 615.802 713.277 74.41252
330.39 534.822 433.798 539.097 95.94079
331.58 505.794 341.799 399.269 285.35707
332.77 873.307 762.303 855.45 119.1718
333.96 387.195 246.296 348.105 138.39535
335.15 431.737 361.8 466.114 67.04496
336.33 475.794 355.799 459.769 115.41307
337.52 518.662 455.799 537.562 76.88417
338.71 529.001 413.8 513.527 115.51614
339.9 469.461 422.787 459.985 125.47181
341.08 533.441 430.293 477.623 217.93533
342.27 702.789 568.8 623.553 244.71535
343.46 773.533 666.807 760.104 114.39363
344.65 719.033 581.807 629.104 290.13462
345.83 766.505 631.308 689.777 231.22851
347.02 421.373 301.808 385.07 143.60088
348.21 789.491 643.303 766.596 118.56982
349.4 383.525 298.301 403.139 81.29062
350.58 531.347 454.789 550.675 79.84279
351.77 497.27 387.798 441.157 205.16193
352.96 360.675 236.303 325.243 139.83916
354.14 572.714 412.299 515.002 156.19345
355.33 472.883 369.804 409.501 259.66425
356.51 358.606 265.291 296.873 295.46877
357.7 523.16 427.282 567.779 68.24179
358.89 447.045 339.294 441.502 105.42277
360.07 708.974 589.291 686.166 123.5439
361.26 716.982 618.77 693.315 131.74943
362.44 563.478 448.263 473.565 455.35057
363.63 450.97 364.256 375.6 764.41465
364.81 477.466 396.749 460.351 126.9098
366.0 279.197 201.751 300.721 78.2517
367.18 1058.196 894.26 1026.255 124.19834
368.37 417.609 297.772 447.306 80.14048
369.55 602.83 478.777 584.245 117.62161
370.74 711.698 556.277 659.038 151.24529
371.92 822.189 718.271 792.073 140.80709
373.11 450.945 353.765 420.522 145.57292
374.29 343.941 313.257 348.773 86.39677
375.48 461.407 436.769 497.263 40.72738
376.66 345.99 291.776 354.279 86.7382
377.84 781.109 592.272 697.806 178.93511
379.03 392.594 300.777 358.659 158.62886
380.21 352.963 226.268 329.918 122.23358
381.39 260.935 164.768 283.091 81.27526
382.58 695.91 491.777 643.512 134.5325
383.76 858.235 678.783 822.831 124.57809
384.94 858.981 730.28 866.348 94.58536
386.13 408.681 290.765 405.608 102.67557
387.31 452.557 379.272 503.866 58.81929
388.49 378.647 332.768 378.065 101.2862
389.68 539.444 448.774 505.556 159.68192
390.86 525.179 386.775 514.642 108.24117
392.04 728.688 571.281 741.607 92.4153
393.22 461.679 310.775 434.642 121.82803
394.41 379.883 325.768 385.151 91.1292
395.59 238.995 165.775 284.995 61.41623
396.77 475.768 334.78 436.874 138.09671
397.95 518.382 322.278 455.185 147.54998
399.13 698.716 503.78 570.434 292.45912
400.31 366.45 349.763 373.238 71.08482
401.5 573.718 357.271 519.401 133.5021
402.68 569.435 430.768 587.591 88.42286
403.86 412.076 304.774 387.262 130.08096
405.04 642.631 504.782 676.951 80.06596
406.22 332.614 236.27 337.521 95.15323
407.4 631.692 454.289 550.856 183.70909
408.58 676.034 535.771 657.254 115.45861
409.76 723.142 581.269 697.349 122.22038
410.94 529.679 418.275 467.642 225.66675
412.12 454.305 297.786 446.167 105.48493
413.3 408.302 282.278 426.917 87.12955
414.48 329.221 235.278 365.65 72.05778
415.66 430.367 256.783 401.038 120.33164
416.84 929.169 711.278 876.21 132.10964
418.02 562.581 370.273 513.478 134.28816
419.2 460.934 270.778 355.624 224.11792
420.38 548.863 361.775 517.788 119.91822
421.56 525.711 344.282 456.219 162.08215
422.74 807.666 626.77 736.961 164.16588
423.92 625.651 478.276 614.814 107.93689
425.1 486.221 356.778 512.65 83.04457
426.28 489.772 299.788 388.623 213.8611
427.46 945.088 769.788 947.477 98.65559
428.63 521.782 345.785 503.055 111.90764
429.81 573.116 367.787 545.804 115.34226
430.99 625.735 430.283 636.831 94.62796
432.17 831.546 655.284 839.968 95.43951
433.35 730.39 457.284 653.65 139.08054
434.52 323.135 119.79 295.701 115.59544
435.7 489.885 249.785 447.434 121.4783
436.88 698.853 480.778 626.357 149.79889
438.06 505.611 370.789 500.589 103.86949
439.23 449.405 262.779 419.797 118.85691
440.41 611.578 404.792 596.545 107.8395
441.59 688.128 501.775 676.702 106.53155
442.77 461.837 214.793 444.744 107.43361
443.94 734.613 516.78 655.555 156.96799
445.12 716.81 466.784 668.882 123.71518
446.3 877.589 645.279 838.443 120.2657
447.47 701.424 431.781 623.193 140.87052
448.65 713.561 508.779 723.115 95.54222
449.82 513.061 318.279 518.615 97.22735
451.0 556.556 320.281 557.4 99.64409
452.18 584.258 267.784 492.443 140.86894
453.35 630.797 329.28 589.202 116.00287
454.53 640.466 345.785 588.701 121.30963
455.7 495.343 218.782 493.926 100.51534
456.88 880.145 569.287 852.632 109.70993
458.05 778.131 385.282 647.951 149.56037
459.23 537.735 219.283 524.331 104.39412
460.4 693.797 328.28 623.202 123.93684
461.58 798.961 458.287 692.485 145.4636
462.75 581.81 185.284 505.882 123.6832
463.93 808.636 405.781 707.167 133.66743
465.1 721.83 307.777 631.745 127.80682
466.28 580.79 146.791 453.02 141.72396
467.45 497.797 95.78 461.202 110.01444
468.63 774.895 296.782 672.365 127.29892
469.8 941.419 480.783 868.977 118.66117
470.97 721.447 235.782 557.805 150.81704
472.15 884.153 382.293 777.597 126.9555
473.32 961.79 471.791 886.52 118.14938
474.49 1057.456 534.788 943.27 127.95376
475.67 867.819 291.79 797.347 113.93936
476.84 777.687 204.29 642.14 130.95724
478.01 1001.546 407.784 929.968 113.70734
479.19 954.912 344.794 818.795 128.71667
480.36 865.059 228.289 703.149 134.09644
481.53 996.121 339.786 888.02 119.71807
482.7 951.762 276.792 858.692 115.99414
483.88 914.304 217.295 769.2 126.29141
485.05 934.645 266.287 796.132 126.14209
486.22 1035.11 328.799 898.122 124.06145
487.39 930.043 226.803 829.536 116.67532
488.56 1098.017 361.785 933.641 128.74445
489.74 1325.441 484.293 1179.123 121.05814
490.91 925.866 172.292 811.071 117.97091
492.08 1114.517 286.285 938.141 127.05764
493.25 1038.177 194.794 893.709 120.67027
494.42 1169.988 309.795 971.847 129.92835
495.59 1156.568 288.795 941.114 133.02893
496.76 1165.763 292.782 992.658 124.73365
497.93 1249.852 386.288 1169.891 110.20435
499.1 1284.2 417.795 1133.321 121.08646
500.27 1571.724 613.796 1399.933 121.85249
501.44 1596.795 701.289 1434.735 122.09569
502.61 1216.13 297.292 1051.485 121.83058
503.78 1396.398 379.799 1220.148 120.97336
504.95 1743.668 737.788 1565.244 121.56296
506.12 1376.633 404.8 1185.234 124.52465
507.29 1202.705 242.793 1043.037 119.95248
508.46 1052.601 62.793 892.157 119.3454
509.63 1810.601 694.793 1570.657 127.39509
510.8 1759.342 716.291 1598.459 118.23722
511.97 1437.715 370.79 1235.468 123.38987
513.14 1348.548 192.302 1134.251 122.75034
514.31 1637.332 498.295 1374.528 129.99251
515.48 1437.628 323.301 1331.019 110.57933
516.65 1441.554 231.291 1273.933 116.07656
517.81 1459.459 242.296 1223.519 124.04552
518.98 1636.508 426.289 1435.709 119.89241
520.15 1430.383 166.304 1220.001 119.96605
521.32 1675.474 395.291 1484.666 117.51537
522.49 2177.76 830.801 1961.226 119.15519
523.65 2008.219 640.297 1854.717 112.63989
524.82 1749.819 363.79 1484.847 123.63587
525.99 1440.996 77.801 1198.812 121.60413
527.16 1929.137 393.807 1632.984 123.89921
528.32 1899.521 402.293 1629.89 121.96414
529.49 1758.71 302.791 1494.752 122.14482
530.66 1639.207 97.31 1346.32 123.4496
531.82 1832.248 173.287 1461.511 128.77893
532.99 1871.304 235.795 1633.7 116.99712
534.16 1960.384 255.795 1684.968 119.27104
535.32 2269.426 524.799 1974.976 120.30443
536.49 1946.794 160.299 1621.769 122.23958
537.65 2426.083 586.79 2169.761 116.19245
538.82 2167.511 139.296 1837.959 119.40071
539.99 2399.544 390.794 2025.002 122.91889
541.15 2546.253 434.286 2110.227 126.01679
542.32 2268.973 96.801 1843.2 124.38006
543.48 2809.17 475.805 2300.027 127.91018
544.65 2977.977 600.808 2482.449 126.33487
545.81 3332.724 823.796 2941.933 118.44974
546.98 2949.095 293.804 2494.975 120.63081
548.14 3174.724 476.296 2658.433 123.65987
549.31 2986.454 234.798 2508.803 121.00482
550.47 3159.133 225.3 2617.234 122.65526
551.63 3577.459 607.796 3027.019 122.75277
552.8 3310.871 271.29 2755.787 122.3419
553.96 3376.351 250.297 2767.424 124.19133
555.13 3546.001 241.8 2935.527 122.66279
556.29 3928.491 594.303 3352.096 120.90061
557.45 3673.432 153.787 3024.658 122.59854
558.62 3948.921 299.8 3296.26 121.78107
559.78 4054.595 428.304 3480.475 118.8102
560.94 4042.157 228.301 3340.346 122.55142
562.11 4094.175 219.303 3450.243 119.9302
563.27 4054.789 51.8 3378.053 120.34528
564.43 4095.242 18.298 3374.329 121.48111
565.59 4262.236 148.31 3573.147 120.12033
566.76 4518.819 198.29 3754.847 121.48065
567.92 4757.288 314.31 3935.087 122.70785
569.08 4983.284 419.802 4193.837 120.91784
570.24 4892.243 217.289 4100.295 120.39522
571.4 4909.586 121.798 4056.01 121.69624
572.57 5036.419 226.81 4264.294 119.12393
573.73 5031.864 37.302 4177.605 120.63277
574.89 5413.878 213.806 4456.786 122.55708
576.05 5470.733 286.292 4674.864 118.13504
577.21 5565.177 117.294 4512.209 123.95877
578.37 5532.185 23.3 4485.174 123.46573
579.53 5781.619 130.805 4638.087 125.37075
580.69 6116.916 338.802 4960.044 125.03378
581.85 6089.346 275.799 4983.208 123.49779
583.01 6053.322 225.298 4960.597 123.07617
584.17 6404.247 250.797 5274.045 122.49943
585.33 6417.996 346.802 5374.312 120.75947
586.49 6479.252 167.295 5422.261 120.11414
587.65 6768.488 298.295 5634.847 121.24295
588.81 6952.18 315.302 5661.958 124.13137
589.97 7029.082 521.799 5897.795 121.0433
591.13 7016.06 219.789 5667.649 124.7512
592.29 6960.939 243.303 5733.656 122.35345
593.45 7012.543 104.803 5779.036 121.73875
594.61 7061.215 108.29 5746.468 123.31865
595.77 7104.053 92.8 5843.967 121.9101
596.93 7136.238 66.291 5865.08 121.9211
598.09 7437.7 217.795 6083.821 123.08001
599.24 7291.072 114.803 6090.363 120.09365
600.4 7580.752 160.795 6204.261 122.77652
601.56 7591.374 113.298 6318.536 120.51231
602.72 7688.647 231.804 6418.415 120.53195
603.87 7821.508 270.315 6514.026 120.94079
605.03 7831.647 101.304 6395.915 122.80891
606.19 7741.813 37.301 6542.165 118.44232
607.35 7768.939 14.303 6367.656 122.0558
608.5 8336.369 340.3 6723.82 125.26112
609.66 8371.986 510.805 7070.88 119.8337
610.82 8099.091 113.796 6724.726 120.78929
611.97 8219.491 82.803 6653.096 123.84057
613.13 8454.321 342.307 7039.63 121.12323
614.29 8637.709 237.301 6992.286 124.35864
615.44 8702.1 341.302 7114.191 123.44507
616.6 8410.435 63.305 6774.441 124.3773
617.76 8736.076 329.801 7189.579 122.54442
618.91 8828.448 361.809 7391.622 120.43905
620.07 8920.151 341.302 7325.631 122.82998
621.22 8516.571 0.303 7099.863 119.95487
622.38 9275.491 580.303 7720.596 121.77635
623.53 8848.087 33.298 7125.51 124.28828
624.69 8910.751 66.805 7172.794 124.45763
625.84 8960.784 73.302 7277.837 123.35955
627.0 9090.616 252.287 7412.804 123.43144
628.15 9140.411 21.804 7452.329 122.71821
629.31 9188.153 215.293 7546.097 122.3994
630.46 9245.921 -33.2 7456.76 123.88745
631.61 9434.566 221.304 7677.647 123.56274
632.77 9486.889 198.793 7733.183 123.27601
633.92 9890.822 282.798 7941.597 125.4508
635.08 9999.003 503.29 8301.494 121.76795
636.23 9737.657 159.301 7972.846 122.58656
637.38 9594.024 -23.699 7813.639 122.71671
638.54 10174.568 324.295 8313.614 123.29302
639.69 10339.868 502.309 8487.354 123.19979
640.84 10211.99 225.299 8338.026 123.09906
641.99 10195.337 43.799 8279.804 123.25804
643.15 10537.685 457.299 8617.58 123.52988
644.3 10404.032 57.299 8463.856 123.07931
645.45 10213.879 -54.201 8340.134 122.32154
646.6 10827.727 498.299 8915.91 122.7121
647.75 10608.074 122.3 8731.188 121.80173
648.91 10658.921 -43.2 8643.464 123.20174
650.06 10878.269 95.3 8882.24 122.71585
651.21 11076.616 258.8 9085.518 122.55763
652.36 11316.964 291.8 9210.794 123.61443
653.51 11043.311 97.8 9010.07 122.81394
654.66 11469.658 106.801 9258.848 124.15646
655.81 11755.506 338.301 9616.624 123.05246
656.96 11590.353 29.301 9397.901 123.40212
658.11 11932.2 201.301 9693.678 123.58232
659.27 12105.048 224.801 9801.954 124.04779
660.42 12062.396 23.801 9721.731 124.13571
661.57 12469.742 203.302 10014.508 125.0248
662.72 12155.09 -70.698 9721.784 124.84871
663.87 12203.938 -42.198 9928.062 122.82665
665.01 12643.284 153.802 10224.838 124.01388
666.16 12908.132 3.802 10214.115 126.38525
667.31 13027.979 69.302 10528.392 123.89871
668.46 13800.827 364.803 11167.168 124.38039
669.61 13398.674 85.803 10805.945 124.18558
670.76 13762.521 -15.197 11199.722 122.8517
671.91 14339.369 383.803 11586.998 124.56773
673.06 14673.716 292.803 11827.275 124.67768
674.21 14153.063 -86.197 11452.552 123.40385
675.35 14638.911 143.804 11977.829 122.4867
676.5 14729.259 107.304 11903.105 123.95898
677.65 14881.105 5.804 11984.382 124.18253
678.8 14992.453 -81.696 12054.159 124.21168
679.94 15554.801 20.804 12371.936 125.76983
681.09 16018.647 183.304 12968.712 123.85482
682.24 16407.496 202.305 13234.989 124.3427
683.39 16440.342 5.305 13352.266 123.13692
684.53 17243.689 205.305 13957.043 123.89986
685.68 17242.537 103.305 13729.819 125.77855
686.83 17701.385 149.805 14338.096 123.70468
687.97 17686.232 114.306 14105.373 125.5939
689.12 17957.08 72.806 14535.149 123.66097
690.27 17928.428 14.306 14401.426 124.515
691.41 18510.273 252.306 14927.703 124.41208
692.56 18617.621 174.306 14832.979 125.81845
693.7 19226.469 173.806 15399.257 125.13694
694.85 18819.816 -17.193 15092.033 124.67223
695.99 19665.164 194.307 15823.81 124.57759
697.14 19457.512 89.807 15674.587 124.2732
698.28 19834.359 205.807 16044.363 123.92892
699.43 20147.205 115.807 16045.14 125.75165
700.57 19892.553 -75.193 15983.417 124.34293
701.72 20193.9 -61.692 16498.693 122.31353
702.86 20310.748 -99.192 16103.971 125.96269
704.01 20675.596 -16.692 16799.748 123.04797
705.15 21031.943 196.308 17168.523 122.7632
706.29 21461.291 30.308 17380.301 123.52157
707.44 21619.137 66.808 17534.078 123.38693
708.58 21645.984 -71.691 17400.854 124.29601
709.72 22265.832 315.809 18098.131 123.43733
710.87 22012.18 -109.191 17654.908 124.52852
712.01 22074.527 -56.691 17912.184 123.16419
713.15 22677.375 79.809 18370.961 123.5437
714.3 23401.721 208.309 18806.238 124.70965
715.44 23128.568 18.31 18631.514 124.16056
716.58 23672.916 111.81 19014.791 124.64228
717.72 23418.764 5.31 19133.568 122.40243
718.87 23926.611 68.31 19176.844 124.85679
720.01 23995.459 57.31 19360.621 124.01059
721.15 23969.807 -70.19 19113.398 125.31543
722.29 24483.652 172.811 19521.176 125.64804
723.43 24690.5 225.811 19856.451 124.62502
724.57 25021.348 187.311 19986.729 125.42812
725.72 24570.695 95.811 19880.506 123.70615
726.86 25555.543 355.311 20546.281 124.80942
728.0 25272.891 33.811 20311.059 124.46995
729.14 25674.738 -38.688 20669.836 124.16832
730.28 25973.084 244.812 20858.611 124.81092
731.42 25911.932 -48.688 20867.389 124.11802
732.56 26846.279 351.312 21565.666 124.8917
733.7 26408.127 203.812 21336.941 123.99638
734.84 26517.975 -91.688 21197.719 124.99016
735.98 26891.822 62.813 21752.996 123.69194
737.12 26958.67 -52.187 21573.771 124.90016
738.26 27193.016 22.813 21732.549 125.15216
739.4 27504.363 113.313 22133.326 124.39162
740.53 27822.211 146.813 22529.604 123.64588
741.67 27789.059 118.813 22277.379 124.87381
742.81 27616.906 -95.186 22174.156 124.44055
743.95 28049.254 158.814 22437.434 125.18926
745.09 28046.102 -2.686 22464.209 124.84497
746.23 28580.947 163.314 22992.486 124.47947
747.36 28373.295 212.314 23110.264 122.98473
748.5 28343.643 -6.686 22847.039 124.05124
749.64 28241.49 5.315 22528.816 125.36317
750.78 28666.338 -16.185 22733.094 126.08102
751.92 28725.686 17.315 23161.869 124.03942
753.05 28237.533 49.315 22690.646 124.49894
754.19 28990.379 323.315 23392.924 124.26333
755.33 28683.227 -118.685 22948.199 124.8626
756.46 28670.074 125.316 23062.477 124.44765
757.6 28689.922 8.816 23131.254 124.04015
758.74 28666.77 285.816 23208.031 123.81418
759.87 29098.117 83.816 23087.307 126.12999
761.01 29037.965 68.316 23176.584 125.36486
762.14 28837.311 68.817 23283.361 123.92444
763.28 29360.158 231.317 23437.637 125.52116
764.41 28825.006 96.317 22849.414 126.26276
765.55 28779.354 -118.183 22932.191 125.36689
766.69 29080.201 118.817 23382.467 124.49201
767.82 28625.049 118.317 23081.744 124.13971
768.95 28767.896 -1.182 22986.021 125.15258
770.09 28981.242 444.318 23153.297 125.66362
771.22 28809.59 352.318 23320.074 123.90097
772.36 29071.938 220.318 23147.852 125.8383
773.49 28904.785 302.818 23196.129 124.93591
774.63 28365.133 56.818 22989.904 123.43875
775.76 28079.98 36.319 22380.682 125.50665
776.89 28215.328 210.819 22652.959 124.78538
778.03 28195.674 138.819 22631.234 124.73918
779.16 28094.021 -42.681 22547.512 124.55273
780.29 27976.869 129.819 22589.289 123.98801
781.43 28096.217 297.819 22433.064 125.58432
782.56 27709.564 137.32 22054.842 125.80001
783.69 27551.912 -0.68 22051.619 124.94204
784.82 27857.76 60.32 22251.895 125.26123
785.96 27230.105 78.32 22133.672 123.10747
787.09 27114.953 99.82 21672.949 125.22584
788.22 27272.801 112.32 21983.225 124.18545
789.35 27153.148 -24.179 21838.002 124.31206
790.48 27028.496 49.821 21608.279 125.14195
791.62 26853.844 237.321 21518.557 125.07038
792.75 26196.189 -33.179 20930.332 125.11916
793.88 26905.037 345.821 21570.109 125.13596
795.01 26623.885 120.321 21295.387 125.16402
796.14 26817.732 221.822 21276.162 126.32032
797.27 26367.58 229.322 21164.939 124.85067
798.4 26212.428 100.322 20896.217 125.56375
799.53 26138.775 -69.678 20784.492 125.67488
800.66 26050.621 107.822 20992.77 124.21769
801.79 26197.469 716.822 21395.047 123.22454
802.92 25860.816 70.823 20581.822 125.73738
804.05 25957.664 174.823 20779.6 125.13041
805.18 25616.512 125.823 20385.377 125.82058
806.31 25796.859 67.823 20369.152 126.73572
807.44 25517.207 -58.177 20479.93 124.52649
808.57 25549.053 159.323 20511.207 124.75371
809.69 25551.9 180.324 20368.984 125.67241
810.82 25323.248 -126.176 20398.26 123.99573
811.95 25605.096 498.324 20386.037 126.24263
813.08 24969.443 34.824 19879.314 125.65009
814.21 25487.791 518.324 20196.59 126.88855
815.33 24860.639 118.824 19702.867 126.3366
816.46 24316.484 161.825 19430.145 125.35945
817.59 24366.832 417.825 19540.42 125.23932
818.72 24283.68 234.825 19530.197 124.63535
819.84 24060.527 436.825 19383.475 124.68538
820.97 23454.375 259.825 18739.75 125.51214
822.1 23488.723 310.325 18890.027 124.75118
823.22 23259.07 -29.174 18414.305 126.26818
824.35 23381.916 26.326 18436.082 126.86529
825.48 23011.264 251.326 18507.857 124.66737
826.6 22753.611 136.326 18357.135 124.12888
827.73 22577.959 -83.674 17736.912 127.16548
828.85 22518.307 89.826 18003.688 125.20182
829.98 22844.654 303.827 18359.465 124.84094
831.11 22470.002 -22.173 17766.742 126.43927
832.23 22393.848 17.827 17927.018 124.94155
833.36 22639.195 261.327 18013.795 126.05497
834.48 22052.043 130.327 17510.072 126.1337
835.6 21732.391 192.827 17510.848 124.37659
836.73 21557.738 -37.172 17347.625 124.21721
837.85 22134.586 218.328 17522.402 126.65374
838.98 21716.934 -94.672 17294.678 125.43083
840.1 22032.279 194.328 17687.455 124.83732
841.23 21804.127 119.828 17257.732 126.5283
842.35 22042.475 350.329 17657.01 125.33972
843.47 21614.822 100.829 17090.785 126.62771
844.6 21394.17 -38.171 16920.063 126.3831
845.72 21285.018 4.829 16962.34 125.49123
846.84 21076.865 22.329 16891.115 124.81358
847.96 21242.711 16.829 16792.393 126.52858
849.09 20949.059 -3.67 16469.17 127.19561
850.21 21167.406 68.83 16711.945 126.77059
851.33 21423.754 196.33 16953.223 126.67876
852.45 21044.602 -56.17 16654.5 126.27125
853.57 20931.949 122.33 16730.775 125.29541
854.7 21250.297 -3.67 16505.553 128.73996
855.82 20821.643 18.331 16425.33 126.79535
856.94 20905.49 186.831 16592.105 126.29267
858.06 20604.838 -122.669 16323.383 126.03333
859.18 21064.686 170.331 16786.66 125.74591
860.3 20617.533 87.831 16382.437 125.99079
861.42 20479.881 -103.669 16152.713 126.61827
862.54 20554.229 -96.168 16499.49 124.43252
863.66 20425.574 -43.668 16369.267 124.71409
864.78 20379.922 71.332 16433.543 124.11886
865.9 20493.27 109.332 16517.32 124.23179
867.02 21199.617 676.832 17046.598 125.37006
868.14 20746.965 444.332 16680.873 125.04285
869.26 20541.813 226.833 16216.15 127.05345
870.38 19920.66 -115.667 15969.428 124.56456
871.5 19816.506 -77.667 15703.704 126.06112
872.62 19970.354 -52.167 15886.98 125.61852
873.74 20457.201 306.333 16160.758 127.09933
874.85 19704.875 -52.667 15654.896 125.78363
875.97 19675.375 119.333 15630.896 126.07397
877.09 19797.875 122.333 15581.396 127.27513
878.21 19782.875 63.333 15602.896 126.89895
879.33 19570.875 123.833 15565.396 125.9396
880.44 19252.375 66.333 15300.896 125.9376
881.56 19400.875 40.333 15506.396 125.18081
882.68 19525.875 92.833 15367.896 127.2207
883.79 19570.375 424.833 15543.396 126.636
884.91 18930.375 -134.167 15177.396 124.51075
886.03 19509.375 169.833 15488.396 126.24907
887.14 19410.875 290.333 15515.896 125.58184
888.26 19871.375 330.333 15726.896 126.91821
889.38 19981.375 273.833 15700.896 127.74656
890.49 19788.375 -86.667 15604.896 126.66069
891.61 20062.375 97.333 15769.396 127.39256
892.72 19989.375 -71.167 16052.396 124.41755
893.84 20433.875 -71.667 16223.896 125.83513
894.95 20817.375 -80.667 16639.896 124.98408
896.07 21090.875 20.833 16548.896 127.4804
897.18 21056.875 147.833 16775.896 125.7455
898.3 20982.875 -53.167 16590.396 126.39146
899.41 21606.875 274.833 17242.396 125.72248
900.53 21260.875 120.333 16882.396 126.12136
901.64 21244.875 219.833 17027.396 125.09274
902.75 21161.375 53.833 16818.896 125.90195
903.87 20644.875 -10.667 16414.396 125.75624
904.98 20714.875 149.833 16538.396 125.4841
906.09 20674.375 22.833 16424.396 125.91203
907.21 20625.375 145.833 16502.396 125.20688
908.32 20398.375 28.333 16140.396 126.42728
909.43 20563.875 272.333 16198.896 127.40692
910.54 20095.875 127.833 16021.396 125.63604
911.66 20117.875 540.333 16217.396 124.88017
912.77 19797.375 -1.667 15441.396 128.20671
913.88 19530.375 150.833 15513.396 126.14785
914.99 19098.875 -48.167 15157.896 125.91716
916.1 19115.375 135.833 15271.396 125.39701
917.22 18686.375 -30.167 14807.396 126.14297
918.33 19277.875 289.833 15369.896 125.91488
919.44 18835.375 76.833 14945.396 126.16245
920.55 18870.875 358.833 15102.396 125.56017
921.66 18354.375 200.333 14444.896 127.44542
922.77 18252.875 207.333 14446.396 126.73266
923.88 18296.375 300.833 14430.396 127.36093
924.99 17854.375 142.333 14020.396 127.62619
926.1 17334.375 -86.167 13841.896 125.07513
927.21 17646.875 317.833 13998.396 126.66908
928.32 16950.375 -121.167 13398.896 126.26822
929.43 16821.375 60.833 13208.896 127.47538
930.54 16529.375 23.833 13190.396 125.35954
931.65 16391.875 82.333 12995.896 126.29777
932.76 16316.875 184.333 12781.896 128.06082
933.86 15721.875 93.333 12369.396 127.30908
934.97 15146.875 22.833 11894.896 127.39187
936.08 14505.875 4.833 11603.896 125.01909
937.19 13905.875 312.833 11024.396 126.90065
938.3 12586.875 227.833 9905.896 127.70161
939.4 11922.375 293.333 9500.396 126.30567
940.51 10818.375 69.333 8660.896 125.11161
941.62 10178.375 193.833 8013.896 127.67854
942.73 10216.375 508.833 8234.896 125.64669
943.83 9334.375 125.833 7535.896 124.27077
944.94 9399.875 151.833 7414.896 127.32978
946.05 9350.875 -150.667 7261.896 128.1816
947.15 9337.875 -68.667 7300.896 127.64043
948.26 9474.875 64.833 7531.896 126.02066
949.36 9638.375 -1.167 7536.396 127.88672
950.47 10120.875 121.333 7957.396 127.60926
951.57 10600.875 369.833 8358.896 128.06311
952.68 10726.375 229.333 8398.396 128.49751
953.79 11021.375 217.833 8727.896 126.95021
954.89 10974.875 8.833 8520.896 128.82944
955.99 11379.875 167.333 9045.896 126.28781
957.1 11452.875 40.333 8953.896 128.0357
958.2 11819.875 76.333 9356.896 126.53912
959.31 11879.375 203.333 9547.896 124.95012
960.41 11830.375 28.333 9452.896 125.22642
961.52 11871.375 -30.667 9414.896 126.00671
962.62 12309.375 175.833 9765.896 126.52203
963.72 12170.875 -80.667 9427.396 128.85424
964.83 11959.875 -124.667 9410.396 126.73794
965.93 12264.875 112.833 9648.896 127.43249
967.03 12512.375 271.333 9840.396 127.92311
968.13 12066.375 208.333 9783.896 123.83651
969.24 12545.875 8.833 9677.896 129.6614
970.34 12167.875 31.333 9675.896 125.83818
971.44 12202.875 52.333 9737.896 125.45004
972.54 12272.375 141.833 9735.896 126.43801
973.64 12209.875 5.333 9461.396 129.06579
974.75 12527.375 435.833 10012.396 126.26182
975.85 13494.375 1647.833 11151.896 124.64714
976.95 11718.375 7.333 9252.896 126.66663
978.05 12050.875 203.333 9359.396 129.3956
979.15 12185.375 433.833 9610.896 128.05342
980.25 11489.875 2.833 8996.396 127.72516
981.35 11564.875 60.333 9060.896 127.82026
982.45 11701.375 410.333 9336.896 126.48813
983.55 11344.875 186.833 9070.896 125.59617
984.65 11303.875 138.833 8885.896 127.64333
985.75 11331.875 309.833 8916.896 128.05812
986.85 10988.375 180.333 8760.896 125.9596
987.95 10765.875 14.833 8506.396 126.60853
989.05 11075.875 361.833 8685.396 128.71943
990.15 10896.875 271.833 8545.896 128.41385
991.25 10464.875 124.833 8437.896 124.38307
992.34 10582.875 347.833 8374.396 127.51464
993.44 10412.375 140.833 8187.896 127.64337
994.54 9955.875 111.833 7935.396 125.82556
995.64 10161.875 309.833 7992.896 128.23066
996.74 10020.875 351.833 7862.896 128.73068
997.83 9420.375 -49.167 7328.396 128.35596
998.93 9365.875 76.333 7317.396 128.28976
1000.03 9754.375 590.833 7840.896 126.39259
1001.12 9350.875 353.833 7495.396 125.98141
1002.22 9331.875 315.333 7351.896 128.13844
1003.32 8673.375 64.833 6905.896 125.83632
1004.41 8592.875 125.333 6824.396 126.3989
1005.51 8433.375 120.833 6636.396 127.5798
1006.6 7926.375 6.333 6172.896 128.43527
1007.7 7965.375 306.833 6435.396 124.96473
1008.8 7463.375 -47.667 6021.896 123.74931
1009.89 7702.875 235.333 6104.896 127.22484
1010.99 7705.875 114.333 6068.896 127.49117
1012.08 7521.375 -29.167 5836.396 128.72664
1013.18 7964.375 126.833 6333.396 126.2783
1014.27 8333.875 47.333 6567.896 127.08323
1015.36 8602.375 64.833 6685.396 128.95493
1016.46 8559.375 124.833 6803.896 126.28331
1017.55 8331.875 -38.167 6532.896 127.37729
1018.65 8232.375 151.833 6482.396 127.64334
1019.74 8026.375 258.833 6437.396 125.71762
1020.83 7837.875 177.833 6159.896 128.05017
1021.93 7489.875 91.833 5880.896 127.79343
1023.02 7123.375 -45.667 5504.396 129.17046
1024.11 6903.875 -60.167 5364.896 128.36795
1025.2 6648.875 -58.167 5193.896 127.703
1026.3 6682.375 189.833 5276.396 127.64104
1027.39 6523.375 250.833 5281.896 124.67628
1028.48 6375.375 163.333 5010.896 128.14773
1029.57 6063.875 104.333 4769.396 127.74837
1030.66 6011.375 198.333 4801.896 126.27267
1031.75 6491.875 757.333 5290.896 126.49084
1032.84 5870.375 241.333 4657.396 127.46743
1033.94 5455.875 -37.167 4252.896 128.04106
1035.03 5610.875 296.333 4418.396 128.92918
1036.12 5026.375 -58.667 4011.396 124.93768
1037.21 4878.875 -21.667 3894.396 125.13952
1038.3 5028.375 213.833 3975.896 127.97612
1039.39 4655.375 16.833 3608.896 129.1331
1040.48 4757.375 156.833 3740.396 128.379
1041.57 4690.375 235.333 3755.896 126.54346
1042.66 4434.375 153.833 3560.896 125.63731
1043.74 4433.375 184.833 3474.396 129.15218
1044.83 4283.375 192.833 3317.896 130.89472
1045.92 3966.875 -67.167 3029.396 130.27484
1047.01 4017.375 249.333 3286.896 124.04821
1048.1 3608.375 -79.167 2833.896 126.58643
1049.19 3686.375 144.833 2989.896 124.48028
1050.27 3487.375 105.333 2809.896 125.0495
1051.36 3408.875 41.833 2691.896 127.05518
1052.45 3430.875 197.333 2719.896 128.1848
1053.54 3255.875 131.333 2600.896 126.52208
1054.62 3242.375 203.333 2626.896 125.39564
1055.71 3213.875 181.833 2650.896 122.80134
1056.8 3216.875 261.833 2600.896 126.33445
1057.88 2890.875 105.333 2311.896 126.23897
1058.97 2853.375 165.833 2337.396 123.76074
1060.06 3072.375 360.833 2489.896 127.35849
1061.14 2576.375 99.333 2068.396 125.79803
1062.23 3362.875 781.333 2730.396 132.45044
1063.31 2709.375 185.333 2084.396 132.90988
1064.4 2475.875 66.333 1901.896 131.26993
1065.48 2430.375 148.333 1942.896 127.16423
1066.57 2251.375 79.833 1808.896 125.5907
1067.65 2358.375 210.833 1857.896 130.38616
1068.74 2119.375 58.333 1726.896 123.52199
1069.82 2082.875 209.833 1716.396 124.32552
1070.9 3166.375 1117.333 2755.396 125.08935
1071.99 2183.375 198.833 1714.896 130.90104
1073.07 2033.875 154.833 1615.396 128.65191
1074.15 2098.375 187.833 1621.896 133.22583
1075.24 1894.875 193.833 1580.896 122.63626
1076.32 1893.875 239.333 1584.896 122.96282
1077.4 2123.875 478.833 1821.896 122.48437
1078.49 1700.875 43.333 1345.896 127.25237
1079.57 1864.375 275.333 1493.896 130.40296
1080.65 1978.375 398.333 1624.896 128.81868
1081.73 1688.875 114.833 1305.896 132.15441
1082.81 1524.875 -13.167 1169.396 130.06007
1083.89 1646.875 227.833 1351.896 126.24223
1084.98 1667.875 212.833 1323.396 131.01844
1086.06 1453.875 48.333 1083.896 135.72736
1087.14 1383.375 25.333 1130.396 122.89274
1088.22 1494.875 168.833 1226.396 125.3866
1089.3 1294.875 -23.167 993.396 129.65673
1090.38 1764.375 484.333 1528.396 122.60201
1091.46 1484.875 224.333 1222.896 126.23563
1092.54 1299.375 71.833 1040.896 126.67311
1093.62 1315.875 116.833 1074.396 125.2181
1094.7 1140.375 23.333 953.396 120.10394
1095.78 1274.375 119.333 1022.896 127.83196
1096.86 1288.375 153.833 1019.896 130.99998
1097.93 1608.375 515.333 1384.396 125.7725
1099.01 1386.875 321.833 1146.896 129.08617
1100.09 1089.375 49.333 833.396 132.6478
