196.55 876.667 761.821 0.0 114.84589
197.76 1164.426 1093.025 0.0 71.40112
198.96 1030.371 985.012 0.0 45.35913
200.16 688.202 581.091 0.0 107.11115
201.36 1257.382 1163.156 0.0 94.22559
202.56 802.998 784.303 0.0 18.69446
203.76 649.843 678.505 0.0 -28.6618
204.96 806.189 771.707 0.0 34.48193
206.16 600.456 516.771 0.0 83.68494
207.36 1031.95 882.65 0.0 149.29999
208.56 852.018 712.047 0.0 139.97119
209.76 590.533 494.67 0.0 95.86301
210.96 747.601 658.067 0.0 89.53412
212.16 1529.796 1523.852 0.0 5.94385
213.36 956.376 852.632 0.0 103.74408
214.56 746.75 689.841 0.0 56.90881
215.76 1382.843 1375.505 0.0 7.33826
216.96 1152.641 1046.457 0.0 106.1842
218.16 889.957 760.413 0.0 129.54431
219.35 604.882 537.253 0.0 67.62891
220.55 772.437 656.266 0.0 116.17096
221.75 733.053 599.913 0.0 133.13977
222.95 1180.318 1045.238 0.0 135.07983
224.15 898.378 792.372 0.0 106.00677
225.35 651.231 643.836 0.0 7.39484
226.55 658.364 567.249 0.0 91.11493
227.75 1092.318 1002.238 0.0 90.0799
228.94 925.033 852.17 0.0 72.86298
230.14 791.294 686.113 0.0 105.18109
231.34 678.573 595.56 0.0 83.01312
232.54 631.628 581.573 0.0 50.05511
233.74 612.159 619.461 0.0 -7.30176
234.93 639.676 597.323 0.0 42.35284
236.13 793.693 707.589 0.0 86.10413
237.33 788.645 680.435 0.0 108.20972
238.53 706.492 583.279 0.0 123.21289
239.72 1116.981 1033.538 0.0 83.44312
240.92 506.459 445.152 0.0 61.30704
242.12 987.299 859.733 0.0 127.56598
243.31 654.34 557.624 0.0 96.71613
244.51 568.0 458.542 0.0 109.45715
245.71 1038.79 956.231 0.0 82.5589
246.9 1359.5 1239.042 0.0 120.45715
248.1 761.88 740.514 0.0 21.36621
249.3 731.058 698.437 0.0 32.62134
250.49 775.012 683.426 0.0 91.5863
251.69 883.775 769.608 0.0 114.16705
252.89 727.099 683.327 0.0 43.77142
254.08 494.033 424.67 0.0 69.36301
255.28 756.288 696.992 0.0 59.29626
256.47 520.932 398.646 0.0 122.28607
257.67 893.562 828.415 0.0 65.14673
258.86 935.038 875.29 0.0 59.74786
260.06 749.003 632.924 0.0 116.07928
261.26 1204.119 1087.071 0.0 117.04822
262.45 749.165 707.582 0.0 41.58313
263.65 463.608 422.83 0.0 40.77838
264.84 818.082 797.562 0.0 20.52014
266.04 624.599 527.327 0.0 97.27142
267.23 467.117 380.332 0.0 86.78543
268.42 626.22 525.095 0.0 101.12512
269.62 772.367 707.63 0.0 64.73706
270.81 699.615 695.189 0.0 4.42603
272.01 742.647 686.078 0.0 56.56915
273.2 872.286 845.753 0.0 26.53351
274.4 504.614 433.45 0.0 71.16327
275.59 863.196 801.97 0.0 61.22626
276.78 759.57 625.178 0.0 134.39105
277.98 691.838 588.384 0.0 103.45331
279.17 674.024 656.668 0.0 17.35602
280.37 695.658 618.222 0.0 77.43555
281.56 449.779 356.99 0.0 92.78922
282.75 477.823 358.858 0.0 118.96478
283.95 655.682 585.847 0.0 69.83441
285.14 714.7 613.352 0.0 101.34839
286.33 568.393 453.898 0.0 114.49533
287.52 731.823 688.262 0.0 43.56152
288.72 840.566 802.7 0.0 37.86554
289.91 1058.669 1057.463 0.0 1.20532
291.1 799.064 749.058 0.0 50.00616
292.29 761.821 653.619 0.0 108.20203
293.49 817.819 673.88 0.0 143.93933
294.68 522.595 494.946 0.0 27.64926
295.87 647.766 551.606 0.0 96.1601
297.06 749.687 719.968 0.0 29.71924
298.26 382.663 273.343 0.0 109.3204
299.45 643.84 556.124 0.0 87.71613
300.64 667.937 571.266 0.0 96.67096
301.83 671.073 590.56 0.0 80.51312
303.02 572.502 495.782 0.0 76.71991
304.21 899.869 790.869 0.0 108.99982
305.4 657.928 632.264 0.0 25.66394
306.59 775.432 671.146 0.0 104.28607
307.79 663.637 553.075 0.0 110.56207
308.98 477.294 449.613 0.0 27.68109
310.17 801.499 736.849 0.0 64.65051
311.36 706.146 582.481 0.0 123.66583
312.55 1193.303 1106.518 0.0 86.78479
313.74 465.132 414.955 0.0 50.17728
314.93 822.518 747.047 0.0 75.47119
316.12 659.174 524.084 0.0 135.09015
317.31 386.54 285.933 0.0 100.6073
318.5 460.132 380.955 0.0 79.17728
319.69 640.976 597.917 0.0 43.05829
320.88 627.588 495.683 0.0 131.90503
322.07 479.402 421.4 0.0 58.00232
323.26 492.391 411.755 0.0 80.63593
324.45 355.279 271.99 0.0 83.28922
325.64 625.347 533.887 0.0 91.46033
326.83 786.064 724.558 0.0 61.50616
328.01 626.334 488.503 0.0 137.83124
329.2 766.137 729.075 0.0 37.06207
330.39 585.187 542.968 0.0 42.21924
331.58 480.761 391.985 0.0 88.77524
332.77 961.711 824.093 0.0 137.6181
333.96 351.531 356.931 0.0 -5.39969
335.15 438.908 341.02 0.0 97.88721
336.33 498.261 342.485 0.0 155.77524
337.52 605.779 486.49 0.0 119.28922
338.71 550.371 448.012 0.0 102.35919
339.9 529.52 463.189 0.0 66.33057
341.08 566.218 495.356 0.0 70.86237
342.27 679.435 656.527 0.0 22.90814
343.46 820.097 737.685 0.0 82.41199
344.65 772.597 623.685 0.0 148.91199
345.83 848.171 727.703 0.0 120.46796
347.02 367.689 306.207 0.0 61.48199
348.21 816.72 709.095 0.0 107.62512
349.4 425.972 390.036 0.0 35.93616
350.58 601.314 523.759 0.0 77.5545
351.77 502.659 411.961 0.0 90.69824
352.96 327.729 250.597 0.0 77.13211
354.14 522.807 456.996 0.0 65.81024
355.33 439.34 327.624 0.0 111.71606
356.51 326.452 247.792 0.0 78.65945
357.7 579.505 472.566 0.0 106.93869
358.89 422.773 320.369 0.0 102.40436
360.07 741.47 674.297 0.0 67.17346
361.26 855.847 745.79 0.0 110.05707
362.44 603.047 470.099 0.0 132.94827
363.63 442.422 415.95 0.0 26.47241
364.81 438.122 406.259 0.0 31.86365
366.0 276.334 231.309 0.0 45.0246
367.18 1075.808 1015.542 0.0 60.2663
368.37 392.003 342.327 0.0 49.67599
369.55 644.064 546.961 0.0 97.10278
370.74 775.582 602.965 0.0 172.61682
371.92 905.957 849.816 0.0 56.14099
373.11 458.795 370.158 0.0 88.63718
374.29 425.996 285.967 0.0 140.02841
375.48 492.218 385.259 0.0 106.95908
376.66 364.972 341.939 0.0 23.03287
377.84 823.503 709.827 0.0 113.67603
379.03 339.027 334.452 0.0 4.57483
380.21 290.071 223.724 0.0 66.34709
381.39 261.645 166.241 0.0 95.40309
382.58 672.518 584.45 0.0 88.06781
383.76 922.634 852.097 0.0 70.53668
384.94 953.321 832.022 0.0 121.29877
386.13 451.332 315.167 0.0 136.16516
387.31 536.475 429.32 0.0 107.155
388.49 411.08 349.226 0.0 61.85413
389.68 541.77 492.391 0.0 49.37891
390.86 506.806 449.899 0.0 56.90689
392.04 758.431 718.549 0.0 39.88269
393.22 425.306 312.399 0.0 112.90689
394.41 415.117 307.235 0.0 107.88208
395.59 208.297 111.897 0.0 96.3999
396.77 454.885 348.038 0.0 106.84775
397.95 524.591 385.467 0.0 139.12381
399.13 666.858 528.531 0.0 138.32678
400.31 480.621 290.116 0.0 190.50424
401.5 628.384 482.299 0.0 146.08502
402.68 652.645 518.241 0.0 134.40308
403.86 441.251 307.386 0.0 133.86493
405.04 715.078 592.084 0.0 122.99469
406.22 383.828 220.785 0.0 163.04303
407.4 631.231 527.74 0.0 103.49152
408.58 730.374 623.796 0.0 106.578
409.76 837.755 680.768 0.0 156.98706
410.94 532.806 424.399 0.0 108.40692
412.12 445.437 353.169 0.0 92.26761
413.3 394.637 297.478 0.0 97.15878
414.48 356.683 253.489 0.0 103.19379
415.66 439.615 288.093 0.0 151.52267
416.84 1023.656 819.483 0.0 204.17279
418.02 597.077 414.845 0.0 182.23199
419.2 425.119 260.974 0.0 164.14481
420.38 560.316 367.402 0.0 192.91388
421.56 467.533 302.573 0.0 164.95972
422.74 936.856 762.292 0.0 174.56403
423.92 734.88 625.917 0.0 108.96283
425.1 508.683 358.489 0.0 150.19379
426.28 422.185 328.729 0.0 93.45651
427.46 1153.176 917.226 0.0 235.94958
428.63 574.336 402.145 0.0 172.19064
429.81 551.102 476.209 0.0 74.89352
430.99 673.634 487.597 0.0 186.03671
432.17 1022.299 801.636 0.0 220.6626
433.35 748.716 554.117 0.0 194.59967
434.52 300.378 161.275 0.0 139.10345
435.7 443.391 269.158 0.0 174.2326
436.88 774.665 566.985 0.0 207.67981
438.06 573.277 358.251 0.0 215.02652
439.23 472.692 242.492 0.0 230.20081
440.41 637.525 432.31 0.0 205.21545
441.59 797.779 567.893 0.0 229.88593
442.77 393.163 205.343 0.0 187.8204
443.94 829.803 544.518 0.0 285.28479
445.12 780.262 586.128 0.0 194.13464
446.3 967.702 710.994 0.0 256.70776
447.47 703.468 499.557 0.0 203.91074
448.65 765.275 506.511 0.0 258.76376
449.82 568.275 323.511 0.0 244.76376
451.0 606.45 348.053 0.0 258.39676
452.18 529.735 339.121 0.0 190.61365
453.35 651.812 386.02 0.0 265.79178
454.53 656.345 410.647 0.0 245.6976
455.7 518.014 191.568 0.0 326.44572
456.88 933.529 656.691 0.0 276.83752
458.05 713.078 421.584 0.0 291.49469
459.23 533.134 207.097 0.0 326.0367
460.4 678.812 396.52 0.0 282.29178
461.58 770.52 525.689 0.0 244.83057
462.75 473.762 200.128 0.0 273.63464
463.93 746.904 414.042 0.0 332.86176
465.1 692.564 330.461 0.0 362.10281
466.28 526.461 54.294 0.0 472.16647
467.45 451.812 59.02 0.0 392.79176
468.63 756.042 336.575 0.0 419.46674
469.8 1017.643 601.599 0.0 416.04364
470.97 624.569 259.082 0.0 365.48767
472.15 824.154 383.341 0.0 440.81339
473.32 855.461 527.294 0.0 328.16644
474.49 1016.194 657.731 0.0 358.4635
475.67 732.387 325.777 0.0 406.61047
476.84 642.906 187.781 0.0 455.12447
478.01 901.299 480.636 0.0 420.6626
479.19 774.792 306.873 0.0 467.91833
480.36 691.25 256.744 0.0 434.50552
481.53 804.928 389.667 0.0 415.26062
482.7 789.034 295.812 0.0 493.22241
483.88 683.411 171.402 0.0 512.00932
485.05 710.529 232.691 0.0 477.83754
486.22 838.751 353.483 0.0 485.26822
487.39 684.248 202.602 0.0 481.64612
488.56 849.873 360.154 0.0 489.7186
489.74 1102.218 654.856 0.0 447.36237
490.91 671.09 223.325 0.0 447.76442
492.08 742.373 305.154 0.0 437.2186
493.25 713.255 214.365 0.0 498.89038
494.42 783.421 343.404 0.0 440.01636
495.59 835.375 309.893 0.0 525.48135
496.76 816.56 295.079 0.0 521.48071
497.93 976.639 418.718 0.0 557.92157
499.1 892.356 418.889 0.0 473.46732
500.27 1246.457 714.913 0.0 531.54431
501.44 1362.286 807.753 0.0 554.53351
502.61 846.553 330.816 0.0 515.73645
503.78 983.316 490.499 0.0 492.8172
504.95 1327.63 846.215 0.0 481.41455
506.12 943.353 475.507 0.0 467.84521
507.29 775.682 240.347 0.0 535.33438
508.46 526.626 -14.666 0.0 541.29238
509.63 1399.626 849.834 0.0 549.79236
510.8 1430.489 825.301 0.0 605.1875
511.97 900.832 371.764 0.0 529.06848
513.14 695.073 176.56 0.0 518.51314
514.31 1159.838 534.884 0.0 624.95331
515.48 853.027 369.049 0.0 483.97815
516.65 849.924 268.286 0.0 581.63846
517.81 748.994 206.422 0.0 542.57228
518.98 1014.722 443.737 0.0 570.98453
520.15 689.34 145.624 0.0 543.71609
521.32 1035.97 462.797 0.0 573.17343
522.49 1687.509 1082.545 0.0 604.96411
523.65 1384.632 778.955 0.0 605.67731
524.82 986.887 420.277 0.0 566.61047
525.99 599.546 83.053 0.0 516.49213
527.16 1051.152 486.698 0.0 564.45398
528.32 1113.672 443.345 0.0 670.32742
529.49 877.507 297.805 0.0 579.70145
530.66 590.456 19.271 0.0 571.18492
531.82 818.584 161.704 0.0 656.87955
532.99 864.411 215.402 0.0 649.00932
534.16 980.865 310.391 0.0 670.47433
535.32 1214.742 588.981 0.0 625.76117
536.49 791.761 162.485 0.0 629.27524
537.65 1369.351 700.768 0.0 668.58246
538.82 896.022 162.928 0.0 733.09328
539.99 1161.273 413.869 0.0 747.40436
541.15 1198.409 571.163 0.0 627.24664
542.32 810.944 99.529 0.0 711.41519
543.48 1289.404 522.139 0.0 767.26508
544.65 1430.744 712.72 0.0 718.02399
545.81 1820.457 1004.413 0.0 816.04431
546.98 1213.775 398.108 0.0 815.66711
548.14 1382.957 576.913 0.0 806.04431
549.31 1142.669 195.963 0.0 946.70526
550.47 1233.853 274.007 0.0 959.84521
551.63 1559.494 687.922 0.0 871.57227
552.8 1176.415 309.783 0.0 866.63144
553.96 1169.114 236.45 0.0 932.66325
555.13 1243.871 260.512 0.0 983.35913
556.29 1628.22 650.095 0.0 978.12512
557.45 1153.093 155.707 0.0 997.38657
558.62 1357.417 362.023 0.0 995.3942
559.78 1494.275 505.108 0.0 989.16711
560.94 1327.954 307.531 0.0 1020.42215
562.11 1202.229 196.597 0.0 1005.63208
563.27 1137.935 55.027 0.0 1082.90823
564.43 1089.233 -3.521 0.0 1092.75424
565.59 1221.882 134.253 0.0 1087.62886
566.76 1356.387 219.777 0.0 1136.61041
567.92 1474.41 429.26 0.0 1045.14987
569.08 1634.11 540.569 0.0 1093.54108
570.24 1371.759 228.246 0.0 1143.51248
571.4 1316.65 94.459 0.0 1222.19122
572.57 1437.391 225.755 0.0 1211.63594
573.73 1175.564 46.058 0.0 1129.50617
574.89 1447.514 220.165 0.0 1227.34897
576.05 1587.608 365.33 0.0 1222.27844
577.21 1358.755 80.365 0.0 1278.39032
578.37 1241.38 2.514 0.0 1238.86622
579.53 1432.876 157.132 0.0 1275.74406
580.69 1731.092 407.064 0.0 1324.02716
581.85 1526.288 239.492 0.0 1286.79625
583.01 1514.687 280.968 0.0 1233.71918
584.17 1660.058 302.937 0.0 1357.12125
585.33 1697.046 377.553 0.0 1319.49213
586.49 1562.884 210.895 0.0 1351.98839
587.65 1746.921 405.904 0.0 1341.01636
588.81 1727.055 351.556 0.0 1375.49908
589.97 2042.325 660.501 0.0 1381.82422
591.13 1624.75 233.744 0.0 1391.00552
592.29 1596.693 192.589 0.0 1404.10411
593.45 1475.248 145.102 0.0 1330.14612
594.61 1536.832 149.764 0.0 1387.06853
595.77 1498.398 90.018 0.0 1408.38014
596.93 1411.433 26.788 0.0 1384.64547
598.09 1603.856 250.389 0.0 1353.46738
599.24 1472.674 98.084 0.0 1374.59007
600.4 1574.384 213.895 0.0 1360.48839
601.56 1507.715 121.474 0.0 1386.2402
602.72 1651.303 263.115 0.0 1388.18814
603.87 1640.97 370.394 0.0 1270.57681
605.03 1478.303 49.115 0.0 1429.18813
606.19 1452.536 86.051 0.0 1366.48517
607.35 1366.193 -67.411 0.0 1433.60411
608.5 1701.389 405.516 0.0 1295.87317
609.66 2007.895 647.637 0.0 1360.25812
610.82 1398.976 79.417 0.0 1319.55836
611.97 1364.72 52.595 0.0 1312.12511
613.13 1721.661 453.7 0.0 1267.96094
614.29 1642.981 349.538 0.0 1293.44315
615.44 1755.101 410.067 0.0 1345.03415
616.6 1437.867 48.63 0.0 1389.2371
617.76 1847.5 382.542 0.0 1464.95721
618.91 1783.318 398.238 0.0 1385.0799
620.07 1781.128 475.573 0.0 1305.55515
621.22 1308.174 -46.916 0.0 1355.09007
622.38 2122.72 707.595 0.0 1415.12512
623.53 1372.15 15.959 0.0 1356.19122
624.69 1390.358 24.628 0.0 1365.73002
625.84 1441.61 105.569 0.0 1336.0411
627.0 1613.102 260.209 0.0 1352.89352
628.15 1352.766 -12.394 0.0 1365.16004
629.31 1501.654 295.341 0.0 1206.31339
630.46 1254.917 -22.977 0.0 1277.89419
631.61 1516.849 222.626 0.0 1294.22305
632.77 1489.691 171.849 0.0 1317.84135
633.92 1615.187 296.968 0.0 1318.21918
635.08 1900.897 629.779 0.0 1271.11749
636.23 1498.454 188.531 0.0 1309.92215
637.38 1266.972 -21.464 0.0 1288.4362
638.54 1719.875 459.393 0.0 1260.48129
639.69 1924.364 577.749 0.0 1346.61493
640.84 1581.245 305.982 0.0 1275.26361
641.99 1326.263 12.486 0.0 1313.77692
643.15 1837.28 602.49 0.0 1234.7901
644.3 1349.297 67.494 0.0 1281.80331
645.45 1269.315 -53.502 0.0 1322.81649
646.6 1847.332 544.002 0.0 1303.32971
647.75 1409.85 106.007 0.0 1303.84299
648.91 1210.367 -139.989 0.0 1350.35619
650.06 1462.884 123.015 0.0 1339.86938
651.21 1616.902 301.519 0.0 1315.38257
652.36 1618.919 274.023 0.0 1344.89575
653.51 1382.436 28.527 0.0 1353.90907
654.66 1436.954 163.531 0.0 1273.42226
655.81 1738.471 345.036 0.0 1393.43546
656.96 1362.988 16.54 0.0 1346.44864
658.11 1584.006 268.044 0.0 1315.96182
659.27 1689.523 321.548 0.0 1367.97513
660.42 1415.541 29.052 0.0 1386.48833
661.57 1614.058 263.056 0.0 1351.00153
662.72 1210.575 -114.94 0.0 1325.51471
663.87 1307.593 -90.935 0.0 1398.5279
665.01 1538.11 168.569 0.0 1369.54121
666.16 1348.627 -43.927 0.0 1392.5544
667.31 1380.145 -31.423 0.0 1411.56759
668.46 1881.162 498.581 0.0 1382.58078
669.61 1523.179 100.085 0.0 1423.09397
670.76 1397.197 -14.411 0.0 1411.60728
671.91 1938.214 512.094 0.0 1426.12048
673.06 1831.731 332.098 0.0 1499.63367
674.21 1311.249 -119.898 0.0 1431.14685
675.35 1641.766 171.606 0.0 1470.16005
676.5 1598.284 147.11 0.0 1451.17336
677.65 1438.801 -37.386 0.0 1476.18655
678.8 1368.818 -131.882 0.0 1500.69974
679.94 1525.336 31.623 0.0 1493.71293
681.09 1776.853 188.627 0.0 1588.22612
682.24 1872.87 283.631 0.0 1589.23944
683.39 1584.388 -30.865 0.0 1615.25262
684.53 1880.405 345.139 0.0 1535.26581
685.68 1759.922 81.143 0.0 1678.779
686.83 1725.44 198.648 0.0 1526.79219
687.97 1815.457 191.152 0.0 1624.30537
689.12 1736.474 146.656 0.0 1589.8187
690.27 1675.492 58.16 0.0 1617.33188
691.41 1958.509 318.664 0.0 1639.84506
692.56 1882.026 237.168 0.0 1644.85826
693.7 1922.544 247.672 0.0 1674.87144
694.85 1721.061 -37.323 0.0 1758.38476
695.99 1936.579 228.681 0.0 1707.89795
697.14 1846.596 110.185 0.0 1736.41114
698.28 1902.113 190.689 0.0 1711.42433
699.43 1931.631 239.193 0.0 1692.43753
700.57 1532.148 -140.803 0.0 1672.95084
701.72 1669.165 -60.299 0.0 1729.46402
702.86 1578.183 -131.794 0.0 1709.97722
704.01 1705.7 -26.79 0.0 1732.49041
705.15 2018.717 267.214 0.0 1751.5036
706.29 1771.735 45.718 0.0 1726.01691
707.44 1863.752 127.222 0.0 1736.5301
708.58 1612.77 -130.774 0.0 1743.54329
709.72 2230.287 414.23 0.0 1816.05649
710.87 1625.804 -161.765 0.0 1787.56967
712.01 1748.822 -65.761 0.0 1814.58298
713.15 1872.839 143.743 0.0 1729.09618
714.3 2096.356 207.247 0.0 1889.10948
715.44 1765.874 -18.749 0.0 1784.62255
716.58 1952.891 138.255 0.0 1814.63574
717.72 1842.408 25.259 0.0 1817.14905
718.87 1946.926 115.264 0.0 1831.66224
720.01 1971.443 73.768 0.0 1897.67543
721.15 1719.46 -87.728 0.0 1807.18862
722.29 2007.978 189.276 0.0 1818.70181
723.43 2086.995 283.78 0.0 1803.215
724.57 2055.012 254.284 0.0 1800.7282
725.72 1866.53 118.788 0.0 1747.7415
726.86 2309.047 510.793 0.0 1798.25482
728.0 1910.565 116.797 0.0 1793.76788
729.14 1809.582 -36.199 0.0 1845.7812
730.28 2240.599 358.305 0.0 1882.29437
731.42 1806.617 -48.691 0.0 1855.30758
732.56 2322.134 511.813 0.0 1810.32077
733.7 1996.151 175.817 0.0 1820.33395
734.84 1688.669 -128.678 0.0 1817.34727
735.98 1930.186 106.826 0.0 1823.36046
737.12 1838.203 -73.17 0.0 1911.37365
738.26 1834.721 -17.666 0.0 1852.38684
739.4 1957.738 118.838 0.0 1838.90003
740.53 2105.256 241.842 0.0 1863.41335
741.67 2040.273 124.346 0.0 1915.92653
742.81 1674.29 -137.149 0.0 1811.43973
743.95 2031.308 204.855 0.0 1826.45291
745.09 1810.825 -66.641 0.0 1877.4661
746.23 2132.342 241.863 0.0 1890.47929
747.36 2141.36 239.867 0.0 1901.49248
748.5 1836.877 -70.129 0.0 1907.00579
749.64 1894.894 -9.125 0.0 1904.01898
750.78 1737.912 -53.62 0.0 1791.53217
751.92 1852.429 -13.116 0.0 1865.54549
753.05 1797.947 67.388 0.0 1730.55868
754.19 2163.464 402.892 0.0 1760.57187
755.33 1635.981 -150.604 0.0 1786.58505
756.46 1944.499 96.4 0.0 1848.09824
757.6 1743.016 -14.096 0.0 1757.11156
758.74 2097.033 354.409 0.0 1742.62463
759.87 1927.551 140.913 0.0 1786.63794
761.01 1850.568 108.917 0.0 1741.65113
762.14 1832.585 100.921 0.0 1731.66431
763.28 1995.603 263.925 0.0 1731.67764
764.41 1869.12 107.929 0.0 1761.19082
765.55 1597.637 -149.067 0.0 1746.70401
766.69 1844.155 137.938 0.0 1706.21719
767.82 1866.172 169.942 0.0 1696.23039
768.95 1666.69 -85.054 0.0 1751.7437
770.09 2124.207 443.95 0.0 1680.25677
771.22 2118.724 490.954 0.0 1627.76996
772.36 2010.742 334.958 0.0 1675.78326
773.49 1980.759 282.462 0.0 1698.29645
774.63 1740.276 78.967 0.0 1661.30978
775.76 1723.294 24.471 0.0 1698.82296
776.89 1779.311 274.975 0.0 1504.33615
778.03 1754.828 199.479 0.0 1555.34935
779.16 1603.346 13.483 0.0 1589.86253
780.29 1734.363 162.487 0.0 1571.87584
781.43 1956.38 397.991 0.0 1558.38904
782.56 1732.398 166.996 0.0 1565.40222
783.69 1515.915 3.0 0.0 1512.91542
784.82 1587.932 118.504 0.0 1469.4286
785.96 1511.45 55.008 0.0 1456.4418
787.09 1543.467 157.512 0.0 1385.95511
788.22 1694.985 169.016 0.0 1525.96829
789.35 1527.502 7.02 0.0 1520.48149
790.48 1564.019 66.025 0.0 1497.99468
791.62 1768.537 336.029 0.0 1432.50787
792.75 1343.054 -27.967 0.0 1371.02118
793.88 1872.071 408.037 0.0 1464.03436
795.01 1625.089 188.041 0.0 1437.04756
796.14 1573.606 225.045 0.0 1348.56075
797.27 1691.123 310.049 0.0 1381.07394
798.4 1512.641 143.554 0.0 1369.08725
799.53 1383.658 -65.942 0.0 1449.60044
800.66 1477.676 128.562 0.0 1349.11363
801.79 2279.693 908.566 0.0 1371.12683
802.92 1439.71 112.57 0.0 1327.14001
804.05 1527.228 259.074 0.0 1268.15332
805.18 1379.245 162.578 0.0 1216.66652
806.31 1415.762 76.583 0.0 1339.1797
807.44 1224.28 -49.413 0.0 1273.69289
808.57 1535.797 207.591 0.0 1328.20609
809.69 1430.814 173.595 0.0 1257.21939
810.82 1092.332 -165.901 0.0 1258.23259
811.95 1908.849 632.603 0.0 1276.24579
813.08 1318.366 51.607 0.0 1266.75897
814.21 1903.384 754.112 0.0 1149.27216
815.33 1389.901 136.616 0.0 1253.28548
816.46 1434.919 169.12 0.0 1265.79866
817.59 1704.936 511.124 0.0 1193.81186
818.72 1519.453 294.128 0.0 1225.32504
819.84 1746.971 572.132 0.0 1174.83826
820.97 1466.988 281.137 0.0 1185.85153
822.1 1550.505 404.141 0.0 1146.36475
823.22 1089.023 -33.355 0.0 1122.37792
824.35 1160.54 45.149 0.0 1115.39111
825.48 1413.057 357.653 0.0 1055.4043
826.6 1213.575 161.157 0.0 1052.41762
827.73 913.592 -115.339 0.0 1028.9308
828.85 1202.109 129.665 0.0 1072.444
829.98 1505.127 380.17 0.0 1124.95718
831.11 987.644 9.174 0.0 978.47044
832.23 984.662 -8.322 0.0 992.98363
833.36 1333.179 342.182 0.0 990.99689
834.48 1184.696 148.186 0.0 1036.51007
835.6 1299.714 328.69 0.0 971.02325
836.73 908.731 -58.805 0.0 967.53651
837.85 1359.248 321.199 0.0 1038.04974
838.98 896.766 -143.797 0.0 1040.56294
840.1 1207.783 249.207 0.0 958.57614
841.23 1193.3 221.711 0.0 971.58932
842.35 1361.318 515.215 0.0 846.10254
843.47 1053.335 70.719 0.0 982.61583
844.6 819.853 -46.776 0.0 866.62902
845.72 945.87 30.228 0.0 915.64221
846.84 1024.887 44.232 0.0 980.6554
847.96 1000.905 6.736 0.0 994.16865
849.09 915.422 -65.76 0.0 981.18184
850.21 997.439 77.744 0.0 919.69509
851.33 1198.457 183.748 0.0 1014.70828
852.45 880.974 -51.247 0.0 932.22147
853.57 1047.991 113.257 0.0 934.73466
854.7 936.509 -30.739 0.0 967.24791
855.82 888.026 -35.235 0.0 923.2611
856.94 1117.543 231.269 0.0 886.27435
858.06 713.061 -145.727 0.0 858.78755
859.18 1135.078 201.277 0.0 933.80074
860.3 1003.096 125.282 0.0 877.81399
861.42 736.613 -130.714 0.0 867.32718
862.54 754.63 -136.71 0.0 891.34042
863.66 819.148 -41.206 0.0 860.35362
864.78 927.165 74.298 0.0 852.86687
865.9 987.182 129.802 0.0 857.38007
867.02 1704.7 883.306 0.0 821.39331
868.14 1416.717 552.811 0.0 863.90649
869.26 1107.734 283.815 0.0 823.91968
870.38 689.752 -150.681 0.0 840.43294
871.5 682.769 -127.177 0.0 809.94613
872.62 765.286 -33.173 0.0 798.45932
873.74 1193.804 390.331 0.0 803.47256
874.85 744.813 -48.167 0.0 792.97917
875.97 930.813 99.333 0.0 831.47916
877.09 993.813 215.833 0.0 777.97917
878.21 842.813 129.833 0.0 712.97917
879.33 928.313 90.833 0.0 837.47916
880.44 897.313 146.333 0.0 750.97917
881.56 808.813 -7.667 0.0 816.47917
882.68 964.813 157.333 0.0 807.47917
883.79 1353.313 587.833 0.0 765.47919
884.91 704.813 -103.667 0.0 808.47916
886.03 1080.813 267.333 0.0 813.47916
887.14 1207.813 400.333 0.0 807.47916
888.26 1234.313 435.833 0.0 798.47916
889.38 1088.813 335.333 0.0 753.47916
890.49 656.813 -73.167 0.0 729.97916
891.61 927.813 154.833 0.0 772.97917
892.72 700.813 -38.167 0.0 738.97917
893.84 659.813 -95.667 0.0 755.47916
894.95 651.313 -107.667 0.0 758.97916
896.07 791.313 77.333 0.0 713.97916
897.18 979.813 205.333 0.0 774.47917
898.3 667.313 -80.667 0.0 747.97916
899.41 1135.313 313.333 0.0 821.97916
900.53 992.813 175.833 0.0 816.97917
901.64 1063.313 239.833 0.0 823.47917
902.75 921.313 109.333 0.0 811.97916
903.87 810.813 11.833 0.0 798.97917
904.98 933.813 189.833 0.0 743.97917
906.09 804.313 113.833 0.0 690.47916
907.21 988.813 184.833 0.0 803.97917
908.32 766.313 29.833 0.0 736.47917
909.43 1143.313 388.333 0.0 754.97916
910.54 866.313 140.333 0.0 725.97917
911.66 1476.813 675.833 0.0 800.97919
912.77 642.813 -25.167 0.0 667.97917
913.88 934.313 126.333 0.0 807.97916
914.99 670.313 -25.167 0.0 695.47917
916.1 885.813 142.333 0.0 743.47917
917.22 618.313 -37.167 0.0 655.47917
918.33 1130.313 394.833 0.0 735.47916
919.44 758.813 117.833 0.0 640.97916
920.55 1054.813 407.833 0.0 646.97916
921.66 888.313 227.333 0.0 660.97917
922.77 934.313 215.333 0.0 718.97917
923.88 1026.313 408.333 0.0 617.97916
924.99 825.313 196.833 0.0 628.47917
926.1 584.313 -127.167 0.0 711.47916
927.21 1048.313 442.333 0.0 605.97916
928.32 495.313 -120.667 0.0 615.97916
929.43 669.813 134.333 0.0 535.47917
930.54 579.313 23.833 0.0 555.47917
931.65 668.313 78.333 0.0 589.97916
932.76 784.813 185.333 0.0 599.47917
933.86 679.313 126.833 0.0 552.47916
934.97 506.813 35.833 0.0 470.97917
936.08 501.813 22.333 0.0 479.47917
937.19 850.813 443.833 0.0 406.97916
938.3 674.313 238.333 0.0 435.97917
939.4 841.813 393.333 0.0 448.47916
940.51 432.313 105.833 0.0 326.47916
941.62 640.313 288.833 0.0 351.47916
942.73 1038.313 738.333 0.0 299.97919
943.83 459.313 188.833 0.0 270.47917
944.94 482.813 178.333 0.0 304.47917
946.05 192.313 -108.167 0.0 300.47916
947.15 253.813 -72.167 0.0 325.97916
948.26 424.813 84.833 0.0 339.97916
949.36 337.313 11.833 0.0 325.47917
950.47 512.313 190.833 0.0 321.47917
951.57 838.313 534.333 0.0 303.97919
952.68 696.313 282.833 0.0 413.47916
953.79 621.813 262.833 0.0 358.97916
954.89 431.313 4.833 0.0 426.47917
955.99 657.313 191.333 0.0 465.97917
957.1 409.313 49.333 0.0 359.97917
958.2 554.313 173.333 0.0 380.97917
959.31 666.813 260.833 0.0 405.97916
960.41 413.313 17.333 0.0 395.97917
961.52 298.813 -62.667 0.0 361.47917
962.62 694.813 256.833 0.0 437.97916
963.72 248.313 -126.667 0.0 374.97916
964.83 259.813 -121.667 0.0 381.47916
965.93 530.313 201.833 0.0 328.47917
967.03 781.813 431.333 0.0 350.47916
968.13 641.313 226.333 0.0 414.97917
969.24 392.813 67.833 0.0 324.97916
970.34 446.313 61.833 0.0 384.47917
971.44 436.813 35.333 0.0 401.47917
972.54 548.313 181.833 0.0 366.47917
973.64 381.313 44.333 0.0 336.97917
974.75 1018.813 658.333 0.0 360.47919
975.85 2500.813 2178.833 0.0 321.97925
976.95 403.313 32.333 0.0 370.97917
978.05 662.813 277.333 0.0 385.47916
979.15 895.313 556.833 0.0 338.47919
980.25 381.313 -20.167 0.0 401.47917
981.35 416.813 18.833 0.0 397.97917
982.45 861.313 533.833 0.0 327.47919
983.55 608.813 271.833 0.0 336.97916
984.65 544.313 212.333 0.0 331.97917
985.75 656.813 352.333 0.0 304.47916
986.85 548.313 228.333 0.0 319.97917
987.95 331.313 54.333 0.0 276.97917
989.05 815.313 531.333 0.0 283.97919
990.15 620.813 350.333 0.0 270.47916
991.25 503.813 212.333 0.0 291.47917
992.34 795.813 508.333 0.0 287.47916
993.44 514.813 228.333 0.0 286.47917
994.54 470.813 168.833 0.0 301.97917
995.64 716.813 427.333 0.0 289.47916
996.74 810.813 492.333 0.0 318.47916
997.83 207.313 -44.167 0.0 251.47917
998.93 363.313 139.333 0.0 223.97917
1000.03 1064.813 766.333 0.0 298.47919
1001.12 738.313 464.333 0.0 273.97916
1002.22 757.313 455.333 0.0 301.97916
1003.32 318.813 97.333 0.0 221.47916
1004.41 436.313 248.833 0.0 187.47917
1005.51 477.313 182.833 0.0 294.47917
1006.6 294.313 85.333 0.0 208.97916
1007.7 549.813 383.333 0.0 166.47916
1008.8 130.813 -71.167 0.0 201.97916
1009.89 460.813 293.833 0.0 166.97916
1010.99 462.813 191.833 0.0 270.97917
1012.08 161.313 -73.667 0.0 234.97916
1013.18 391.813 199.333 0.0 192.47917
1014.27 352.813 52.333 0.0 300.47917
1015.36 416.813 172.333 0.0 244.47917
1016.46 460.813 197.333 0.0 263.47917
1017.55 249.313 -23.667 0.0 272.97917
1018.65 464.313 218.833 0.0 245.47917
1019.74 561.313 353.333 0.0 207.97916
1020.83 434.313 228.333 0.0 205.97917
1021.93 355.813 159.333 0.0 196.47917
1023.02 156.813 -27.667 0.0 184.47917
1024.11 146.313 -29.667 0.0 175.97917
1025.2 169.313 -25.167 0.0 194.47917
1026.3 432.313 258.333 0.0 173.97916
1027.39 527.313 293.333 0.0 233.97916
1028.48 382.313 257.833 0.0 124.47916
1029.57 308.313 149.833 0.0 158.47917
1030.66 382.813 160.333 0.0 222.47917
1031.75 1120.813 970.833 0.0 149.97919
1032.84 518.813 313.333 0.0 205.47916
1033.94 172.813 4.833 0.0 167.97917
1035.03 589.313 383.833 0.0 205.47916
1036.12 161.813 33.833 0.0 127.97917
1037.21 138.313 -57.167 0.0 195.47917
1038.3 385.313 274.833 0.0 110.47916
1039.39 87.813 -43.667 0.0 131.47917
1040.48 338.313 222.333 0.0 115.97917
1041.57 438.813 310.333 0.0 128.47916
1042.66 335.813 209.833 0.0 125.97917
1043.74 377.813 234.333 0.0 143.47917
1044.83 425.313 294.333 0.0 130.97916
1045.92 48.813 -28.167 0.0 76.97917
1047.01 427.813 287.333 0.0 140.47916
1048.1 62.313 -41.667 0.0 103.97917
1049.19 350.813 231.833 0.0 118.97917
1050.27 204.813 106.333 0.0 98.47916
1051.36 243.313 137.333 0.0 105.97917
1052.45 391.313 297.333 0.0 93.97916
1053.54 270.313 202.833 0.0 67.47917
1054.62 332.813 271.333 0.0 61.47916
1055.71 333.813 243.333 0.0 90.47917
1056.8 496.813 363.833 0.0 132.97916
1057.88 218.313 111.833 0.0 106.47916
1058.97 295.813 249.333 0.0 46.47917
1060.06 546.313 497.833 0.0 48.47916
1061.14 229.813 158.333 0.0 71.47917
1062.23 1162.313 1029.333 0.0 132.97913
1063.31 348.313 347.833 0.0 0.47916
1064.4 144.313 73.833 0.0 70.47916
1065.48 318.813 232.833 0.0 85.97917
1066.57 221.313 109.833 0.0 111.47916
1067.65 342.813 290.333 0.0 52.47916
1068.74 216.813 118.333 0.0 98.47916
1069.82 290.313 279.333 0.0 10.97916
1070.9 1531.313 1473.333 0.0 57.97913
1071.99 375.313 266.333 0.0 108.97916
1073.07 303.313 237.333 0.0 65.97917
1074.15 381.313 263.333 0.0 117.97916
1075.24 349.313 277.333 0.0 71.97916
1076.32 414.813 308.833 0.0 105.97916
1077.4 654.813 593.833 0.0 60.97919
1078.49 130.813 98.333 0.0 32.47916
1079.57 369.813 348.333 0.0 21.47916
1080.65 680.813 551.333 0.0 129.47919
1081.73 254.813 149.833 0.0 104.97917
1082.81 97.313 64.333 0.0 32.97916
1083.89 297.813 286.333 0.0 11.47916
1084.98 337.813 345.833 0.0 -8.02084
1086.06 90.813 52.333 0.0 38.47917
1087.14 168.313 97.333 0.0 70.97916
1088.22 291.813 221.833 0.0 69.97917
1089.3 99.813 67.833 0.0 31.97916
1090.38 697.313 656.333 0.0 40.97919
1091.46 412.813 315.833 0.0 96.97916
1092.54 242.313 93.833 0.0 148.47916
1093.62 203.313 177.833 0.0 25.47917
1094.7 72.813 35.333 0.0 37.47917
1095.78 266.813 232.333 0.0 34.47917
1096.86 295.313 292.333 0.0 2.97916
1097.93 752.313 700.333 0.0 51.97919
1099.01 454.313 457.333 0.0 -3.02084
1100.09 166.813 132.833 0.0 33.97917
