196.55 835.014 761.821 871.997 66.4327
197.76 1187.274 1093.025 1184.716 102.78964
198.96 1020.975 985.012 1106.948 29.49322
200.16 708.772 581.091 682.557 125.83666
201.36 1239.387 1163.156 1294.712 57.94587
202.56 834.232 784.303 903.288 41.96237
203.76 740.325 678.505 706.564 220.3185
204.96 846.918 771.707 825.841 138.93549
206.16 623.866 516.771 598.553 130.95147
207.36 967.62 882.65 1036.013 55.40454
208.56 819.773 712.047 869.996 68.20318
209.76 606.069 494.67 560.665 168.80001
210.96 721.223 658.067 768.148 57.37205
212.16 1556.713 1523.852 1629.789 31.0193
213.36 923.721 852.632 964.989 63.27029
214.56 782.963 689.841 815.149 74.31471
215.76 1443.325 1375.505 1445.564 96.80342
216.96 1229.727 1046.457 1149.748 177.42988
218.16 844.228 760.413 832.188 116.77445
219.35 616.966 537.253 670.029 60.03594
220.55 748.266 656.266 785.797 71.02537
221.75 682.111 599.913 733.373 61.58959
222.95 1173.617 1045.238 1153.133 118.98513
224.15 966.162 792.372 926.941 129.14565
225.35 667.363 643.836 678.393 68.08237
226.55 697.366 567.249 699.273 98.55604
227.75 1111.617 1002.238 1132.133 84.20572
228.94 874.569 852.17 910.165 38.62316
230.14 802.771 686.113 858.337 67.73652
231.34 702.073 595.56 691.265 111.29365
232.54 665.373 581.573 673.033 91.62479
233.74 678.827 619.461 652.504 179.66024
234.93 665.564 597.323 737.125 48.81238
236.13 784.222 707.589 805.929 77.92711
237.33 791.11 680.435 763.153 133.79777
238.53 675.065 583.279 740.065 58.54237
239.72 1086.074 1033.538 1133.484 52.56394
240.92 503.67 445.152 525.641 72.70318
242.12 993.517 859.733 1027.377 79.80252
243.31 627.521 557.624 688.977 53.21325
244.51 546.674 458.542 587.24 68.47911
245.71 1033.967 956.231 1069.249 68.7821
246.9 1280.174 1239.042 1307.24 60.31149
248.1 819.525 740.514 818.576 101.21472
249.3 762.277 698.437 836.096 46.37562
250.49 779.528 683.426 724.456 234.22196
251.69 894.171 769.608 889.581 103.82657
252.89 828.281 683.327 803.196 120.92712
254.08 517.069 424.67 546.665 75.74043
255.28 793.525 696.992 811.796 84.08517
256.47 525.52 398.646 534.257 93.55758
257.67 926.661 828.415 970.501 69.14499
258.86 990.315 875.29 999.205 92.82578
260.06 754.478 632.924 807.328 69.69659
261.26 1158.823 1087.071 1130.405 165.57978
262.45 748.072 707.582 797.545 45.00797
263.65 497.331 422.83 497.824 99.34264
264.84 846.623 797.562 917.893 40.77176
266.04 635.781 527.327 643.196 93.60059
267.23 453.881 380.332 517.952 53.44364
268.42 621.372 525.095 612.313 110.38698
269.62 758.171 707.63 775.861 74.07314
270.81 761.518 695.189 815.817 54.98678
272.01 815.972 686.078 853.289 77.68326
273.2 927.584 845.753 959.344 72.03994
274.4 501.077 433.45 512.864 85.15706
275.59 825.026 801.97 861.016 39.04767
276.78 729.769 625.178 771.177 71.63812
277.98 676.579 588.384 692.524 84.68884
279.17 685.019 656.668 783.037 22.43566
280.37 701.385 618.222 668.552 165.2354
281.56 478.476 356.99 455.168 123.73952
282.75 487.863 358.858 531.173 74.86549
283.95 654.231 585.847 664.348 87.11142
285.14 717.33 613.352 764.104 68.97315
286.33 552.379 453.898 594.792 69.89704
287.52 775.284 688.262 750.856 139.02495
288.72 912.386 802.7 916.772 96.15485
289.91 1129.876 1057.463 1142.632 85.02288
291.1 804.023 749.058 892.136 38.41616
292.29 783.921 653.619 770.221 111.74976
293.49 785.479 673.88 793.768 93.08616
294.68 562.477 494.946 531.108 186.74389
295.87 680.621 551.606 633.953 156.67379
297.06 817.476 719.968 817.888 99.5792
298.26 401.131 273.343 377.592 122.57903
299.45 647.521 556.124 708.477 59.99042
300.64 660.766 571.266 695.297 72.15928
301.83 720.573 590.56 764.265 74.84725
303.02 597.615 495.782 620.193 81.85246
304.21 887.112 790.869 932.813 67.80355
305.4 658.216 632.264 660.669 91.36434
306.59 766.02 671.146 751.257 118.42862
307.79 712.923 553.075 736.661 87.06977
308.98 495.771 449.613 515.337 70.23095
310.17 786.516 736.849 886.107 33.27593
311.36 710.893 582.481 703.472 106.13419
312.55 1198.742 1106.518 1179.148 126.97859
313.74 470.677 414.955 538.62 45.05866
314.93 863.273 747.047 894.996 78.55827
316.12 638.622 524.084 717.673 59.16577
317.31 353.178 285.933 388.84 65.34486
318.5 463.677 380.955 459.12 105.82915
319.69 637.328 597.917 677.944 49.24681
320.88 583.869 495.683 652.933 56.0801
322.07 498.429 421.4 632.42 36.50305
323.26 507.516 411.755 542.657 73.15491
324.45 393.476 271.99 413.668 85.74741
325.64 675.629 533.887 675.652 99.98373
326.83 742.523 724.558 854.136 13.86442
328.01 624.275 488.503 634.936 92.71934
329.2 828.923 729.075 815.661 115.31674
330.39 611.976 542.968 664.388 56.83428
331.58 455.376 391.985 512.412 52.63795
332.77 975.322 824.093 1005.185 83.50964
333.96 346.628 356.931 330.712 0.0
335.15 445.174 341.02 503.46 64.11843
336.33 506.376 342.485 525.412 89.59328
337.52 533.976 486.49 582.668 49.37246
338.71 541.475 448.012 592.948 64.48544
339.9 514.636 463.189 540.632 66.4322
341.08 603.93 495.356 600.86 102.90984
342.27 728.324 656.527 767.844 64.49767
343.46 879.919 737.685 894.061 90.95637
344.65 820.419 623.685 804.061 109.06884
345.83 822.818 727.703 878.585 63.03957
347.02 426.418 306.207 424.341 101.7583
348.21 768.872 709.095 860.813 39.40003
349.4 456.024 390.036 453.856 103.39616
350.58 601.234 523.759 624.728 76.73102
351.77 486.327 411.961 504.504 80.35745
352.96 333.422 250.597 347.441 85.52424
354.14 543.125 456.996 608.052 57.01787
355.33 467.521 327.624 507.977 77.56855
356.51 318.482 247.792 348.148 70.43957
357.7 613.34 472.566 619.964 95.50651
358.89 413.73 320.369 504.628 50.66816
360.07 769.582 674.297 771.404 98.12396
361.26 815.55 745.79 857.335 62.53984
362.44 580.707 470.099 590.699 91.71462
363.63 414.812 415.95 442.995 -4.20574
364.81 467.969 406.259 502.359 64.21464
366.0 292.617 231.309 288.803 106.63464
367.18 1153.909 1015.542 1183.871 82.20033
368.37 440.899 342.327 467.511 78.74131
369.55 604.444 546.961 693.82 39.14187
370.74 782.544 602.965 799.576 91.33737
371.92 897.649 849.816 941.371 52.24507
373.11 481.555 370.158 423.655 208.22959
374.29 379.712 285.967 422.519 68.6512
375.48 466.851 385.259 552.543 48.77459
376.66 380.945 341.939 367.54 152.36333
377.84 736.899 709.827 792.011 32.94037
379.03 419.244 334.452 414.808 105.52158
380.21 296.552 223.724 334.995 65.45134
381.39 204.952 166.241 266.519 38.60316
382.58 707.195 584.45 729.18 84.80957
383.76 913.539 852.097 898.256 133.11084
384.94 977.842 832.022 985.404 95.07
386.13 434.755 315.167 432.167 102.2114
387.31 519.749 429.32 574.627 62.23284
388.49 415.602 349.226 426.623 85.76066
389.68 524.347 492.391 585.224 34.4231
390.86 524.546 449.899 529.736 93.50017
392.04 806.941 718.549 791.44 121.26637
393.22 410.046 312.399 445.236 73.50931
394.41 380.302 307.235 452.135 50.42584
395.59 241.996 111.897 265.608 84.6392
396.77 457.191 348.038 514.8 65.45478
397.95 437.594 385.467 558.204 30.17692
399.13 626.042 528.531 656.916 75.95192
400.31 436.106 290.116 415.223 116.69232
401.5 532.25 482.299 588.347 47.10222
402.68 590.452 518.241 609.019 79.54635
403.86 364.747 307.386 461.467 37.22743
405.04 687.24 592.084 649.488 165.76549
406.22 336.95 220.785 371.079 77.29182
407.4 618.784 527.74 661.076 68.28197
408.58 704.7 623.796 724.219 80.56282
409.76 737.551 680.768 816.555 41.81766
410.94 535.546 424.399 581.236 70.86817
412.12 409.187 353.169 418.98 85.11927
413.3 345.344 297.478 446.844 32.04566
414.48 312.593 253.489 356.484 57.38546
415.66 341.94 288.093 431.0 37.67964
416.84 987.943 819.483 949.1 129.96815
418.02 512.798 414.845 514.535 98.25743
419.2 361.244 260.974 390.588 77.36044
420.38 532.596 367.402 517.864 109.79167
421.56 439.49 302.573 480.848 76.80124
422.74 824.6 762.292 914.963 40.81193
423.92 697.446 625.917 719.26 76.63031
425.1 436.093 358.489 505.484 52.79371
426.28 388.035 328.729 417.936 66.48116
427.46 1096.985 917.226 1093.808 101.7991
428.63 523.638 402.145 560.072 76.92963
429.81 550.585 476.209 592.284 64.07624
430.99 608.039 487.597 691.756 58.99446
432.17 903.938 801.636 922.06 84.95152
433.35 639.989 554.117 672.408 72.59373
434.52 269.583 161.275 250.124 121.90113
435.7 419.937 269.158 433.34 91.83665
436.88 645.493 566.985 696.728 60.51076
438.06 475.034 358.251 508.216 77.87353
439.23 400.143 242.492 426.112 85.85744
440.41 520.382 432.31 616.672 47.7712
441.59 712.397 567.893 770.852 71.19858
442.77 342.631 205.343 412.592 66.24286
443.94 735.242 544.518 768.148 85.28569
445.12 650.238 586.128 739.548 41.78759
446.3 911.693 710.994 986.74 72.78412
447.47 615.141 499.557 691.952 60.07625
448.65 673.092 506.511 727.264 75.46058
449.82 494.092 323.511 537.764 79.61688
451.0 533.041 348.053 623.196 67.23342
452.18 480.589 339.121 514.164 80.81879
453.35 493.292 386.02 609.276 48.04893
454.53 508.688 410.647 589.7 54.75499
455.7 381.89 191.568 480.092 65.96414
456.88 790.686 656.691 935.26 48.10115
458.05 559.74 421.584 675.988 54.30575
459.23 375.039 207.097 400.756 86.72075
460.4 573.292 396.52 698.776 58.48425
461.58 638.136 525.689 821.632 37.99618
462.75 393.738 200.128 433.048 83.12316
463.93 518.291 414.042 711.556 35.04015
465.1 514.444 330.461 661.82 55.5239
466.28 327.532 54.294 461.776 67.05527
467.45 308.292 59.02 387.276 75.93837
468.63 549.54 336.575 693.976 59.58721
469.8 748.089 601.599 926.884 45.03444
470.97 448.69 259.082 564.36 62.11001
472.15 665.081 383.341 796.964 68.11513
473.32 666.032 527.294 920.276 35.30392
474.49 820.085 657.731 1094.564 37.1661
475.67 584.633 325.777 747.752 61.34393
476.84 445.733 187.781 598.508 62.8037
478.01 729.438 480.636 804.06 76.92749
479.19 635.83 306.873 842.384 61.42849
480.36 526.384 256.744 704.832 60.17572
481.53 648.637 389.667 924.352 48.4341
482.7 587.932 295.812 777.8 60.60725
483.88 489.979 171.402 745.048 55.53538
485.05 560.186 232.691 769.76 60.97819
486.22 623.826 353.483 874.284 51.90898
487.39 531.022 202.602 716.197 63.94532
488.56 664.837 360.154 917.084 54.70767
489.74 886.93 654.856 1133.86 48.44932
490.91 539.231 223.325 775.068 57.25603
492.08 610.837 305.154 865.584 54.54444
493.25 480.13 214.365 863.872 40.91797
494.42 625.029 343.404 881.676 52.32008
495.59 605.279 309.893 946.036 46.43385
496.76 663.14 295.079 931.732 57.81185
497.93 715.785 418.718 1095.796 43.8749
499.1 811.679 418.889 1034.28 63.82771
500.27 1084.728 714.913 1442.188 50.84943
501.44 1204.084 807.753 1475.844 59.3229
502.61 612.532 330.816 986.056 42.99422
503.78 835.175 490.499 1200.68 48.53358
504.95 1255.235 846.215 1487.168 63.81436
506.12 844.375 475.507 1166.692 53.36742
507.29 599.731 240.347 943.348 51.12132
508.46 361.431 -14.666 724.08 50.91019
509.63 1221.931 849.834 1604.08 49.33363
510.8 1233.182 825.301 1627.16 50.86693
511.97 786.333 371.764 1135.484 54.28293
513.14 589.573 176.56 1017.765 49.09782
514.31 948.579 534.884 1387.524 48.51929
515.48 792.823 369.049 1250.625 48.07012
516.65 718.333 268.286 1174.264 49.67524
517.81 726.928 206.422 1151.7 55.06379
518.98 877.734 443.737 1433.948 43.82876
520.15 591.521 145.624 1056.977 48.92695
521.32 893.082 462.797 1407.404 45.5518
522.49 1559.224 1082.545 2049.868 49.27812
523.65 1315.677 778.955 1776.12 53.82477
524.82 936.133 420.277 1429.252 51.12674
525.99 563.923 83.053 1080.88 48.1917
527.16 1001.718 486.698 1546.329 48.60373
528.32 1033.681 443.345 1599.72 51.05053
529.49 830.782 297.805 1404.916 48.14122
530.66 612.866 19.271 1155.053 52.2631
531.82 712.486 161.704 1370.028 45.58226
532.99 804.479 215.402 1433.548 48.35845
534.16 935.729 310.391 1548.408 50.51125
535.32 1221.776 588.981 1840.156 50.57603
536.49 803.876 162.485 1489.412 48.33652
537.65 1381.933 700.768 2088.74 49.0763
538.82 826.578 162.928 1607.084 45.95413
539.99 1141.23 413.869 1934.628 47.82879
541.15 1219.037 571.163 2088.596 42.6954
542.32 883.374 99.529 1692.972 49.1919
543.48 1366.37 522.139 2224.873 49.58094
544.65 1517.717 712.72 2353.109 49.07357
545.81 1865.228 1004.413 2848.688 46.67499
546.98 1240.171 398.108 2270.081 44.98267
548.14 1481.228 576.913 2496.688 47.10527
549.31 1201.876 195.963 2283.632 48.18355
550.47 1286.375 274.007 2364.192 48.43435
551.63 1711.428 687.922 2937.7 45.49365
552.8 1277.283 309.783 2464.136 44.90906
553.96 1302.577 236.45 2628.364 44.57211
555.13 1458.475 260.512 2671.948 49.67839
556.29 1815.372 650.095 3150.813 46.5977
557.45 1320.036 155.707 2693.156 45.8858
558.62 1575.724 362.023 2973.088 46.483
559.78 1770.671 505.108 3203.581 46.89924
560.94 1656.424 307.531 3039.601 49.37257
562.11 1558.422 196.597 3098.441 46.92963
563.27 1417.324 55.027 2977.844 46.60904
564.43 1439.226 -3.521 3039.528 47.41123
565.59 1536.466 134.253 3206.529 45.64087
566.76 1722.133 219.777 3363.752 47.78524
567.92 1937.116 429.26 3688.913 46.25819
569.08 2085.273 540.569 3876.277 46.30813
570.24 1844.934 228.246 3649.96 47.2479
571.4 1781.277 94.459 3723.876 46.47626
572.57 1812.016 225.755 3856.657 43.6878
573.73 1799.523 46.058 3679.636 48.25726
574.89 2077.969 220.165 4026.409 48.80938
576.05 2051.331 365.33 4264.824 43.23641
577.21 1866.63 80.365 4058.372 44.90351
578.37 1781.525 2.514 4042.576 44.03424
579.53 2049.22 157.132 4267.989 46.02662
580.69 2347.173 407.064 4642.521 45.80636
581.85 2232.525 239.492 4545.796 46.28176
583.01 2264.976 280.968 4634.888 45.56832
584.17 2315.277 302.937 4888.596 43.88334
585.33 2414.923 377.553 4841.88 45.63666
586.49 2403.329 210.895 4930.164 46.45706
587.65 2519.529 405.904 5146.176 44.58867
588.81 2616.473 351.556 5124.008 47.45815
589.97 2920.725 660.501 5593.809 45.8156
591.13 2492.384 233.744 5176.832 45.6929
592.29 2518.222 192.589 5211.429 46.33807
593.45 2435.521 145.102 5345.697 44.04149
594.61 2430.333 149.764 5146.484 45.64133
595.77 2516.625 90.018 5387.833 45.80391
596.93 2416.883 26.788 5219.892 46.02439
598.09 2556.679 250.389 5502.78 43.90934
599.24 2487.122 98.084 5503.172 44.1998
600.4 2642.329 213.895 5652.164 44.65453
601.56 2706.126 121.474 5584.272 47.31369
602.72 2954.821 263.115 5782.464 48.76854
603.87 2900.661 370.394 6016.721 44.81263
605.03 2675.321 49.115 5792.964 45.72206
606.19 2649.873 86.051 5732.252 45.40791
607.35 2640.222 -67.411 5871.429 45.59196
608.5 3090.575 405.516 6256.205 45.89304
609.66 3432.82 647.637 6471.245 47.82574
610.82 2835.828 79.417 5937.444 47.05357
611.97 2786.872 52.595 6062.813 45.49381
613.13 3036.268 453.7 6411.957 43.34435
614.29 3063.074 349.538 6482.984 44.24161
615.44 3237.223 410.067 6536.148 46.1495
616.6 2934.171 48.63 6216.361 46.78448
617.76 3307.674 382.542 6587.741 47.14001
618.91 3305.617 398.238 6708.633 46.07285
620.07 3210.873 475.573 6657.533 44.24648
621.22 2872.622 -46.916 6269.172 46.22383
622.38 3624.372 707.595 7113.813 45.53041
623.53 2983.277 15.959 6480.376 45.90232
624.69 3024.621 24.628 6615.732 45.51578
625.84 3135.273 105.569 6571.776 46.85442
627.0 3281.585 260.209 6959.284 45.1014
628.15 2974.121 -12.394 6704.453 44.46306
629.31 3208.081 295.341 6990.964 43.50215
630.46 2957.224 -22.977 6824.588 43.52206
631.61 3220.071 222.626 7008.604 44.17115
632.77 3347.781 171.849 7041.476 46.2315
633.92 3540.476 296.968 7346.888 46.00773
635.08 3824.683 629.779 7501.88 46.49093
636.23 3330.924 188.531 7249.601 44.50307
637.38 3132.024 -21.464 7130.856 44.09042
638.54 3728.279 459.393 7769.536 44.71713
639.69 4027.866 577.749 7879.773 47.24879
640.84 3679.293 305.982 7644.701 45.96594
641.99 3408.887 12.486 7390.442 46.03445
643.15 3992.982 602.49 8199.685 44.62821
644.3 3442.076 67.494 7635.926 44.5876
645.45 3376.67 -53.502 7614.167 44.73552
646.6 4022.765 544.002 8218.909 45.32644
647.75 3723.859 106.007 7886.651 46.49811
648.91 3487.953 -139.989 7656.893 46.53068
650.06 3786.047 123.015 8108.635 45.87036
651.21 3881.642 301.519 8389.376 44.2654
652.36 3862.236 274.023 8456.618 43.85177
653.51 3771.33 28.527 8421.359 44.59523
654.66 3871.425 163.531 8456.102 44.71344
655.81 4309.019 345.036 9004.843 45.77449
656.96 3927.113 16.54 8602.085 45.54834
658.11 4125.208 268.044 8755.326 45.44639
659.27 4278.302 321.548 9029.068 45.44065
660.42 3915.396 29.052 8758.311 44.52089
661.57 4119.99 263.056 9153.552 43.38267
662.72 3894.084 -114.94 8976.294 44.09769
663.87 3971.179 -90.935 9061.535 44.38271
665.01 4330.273 168.569 9525.277 44.47829
666.16 4183.867 -43.927 9490.019 44.34464
667.31 4300.961 -31.423 9748.761 44.29758
668.46 4737.556 498.581 10311.502 43.19789
669.61 4349.15 100.085 10042.244 42.73785
670.76 4287.244 -14.411 10118.985 42.45028
671.91 5006.338 512.094 10994.728 42.87324
673.06 4984.433 332.098 10713.469 44.81426
674.21 4594.027 -119.898 10468.711 44.51884
675.35 4732.122 171.606 10771.952 43.02233
676.5 4489.716 147.11 10882.194 40.45246
677.65 4053.31 -37.386 11003.436 37.05065
678.8 3934.404 -131.882 10855.678 37.00809
679.94 4261.999 31.623 11504.919 36.8715
681.09 4823.093 188.627 11907.661 39.54648
682.24 4875.187 283.631 12234.402 38.42058
683.39 4477.281 -30.865 12384.145 36.31206
684.53 4477.875 345.139 12865.387 33.00842
685.68 3793.97 81.143 12782.628 29.23144
686.83 3426.564 198.648 13182.87 24.8603
687.97 3020.658 191.152 13214.111 21.72706
689.12 2894.753 146.656 13231.354 21.00237
690.27 2880.347 58.16 13182.095 21.50412
691.41 3275.941 318.664 13795.337 21.94367
692.56 3150.036 237.168 13859.078 21.38369
693.7 2897.63 247.672 14138.32 19.07728
694.85 2024.724 -37.323 13744.562 14.96201
695.99 1732.818 228.681 14173.804 10.78612
697.14 1219.413 110.185 14453.045 7.73366
698.28 1019.007 190.689 14622.287 5.73961
699.43 888.601 239.193 14725.028 4.48306
700.57 414.695 -140.803 14517.771 3.78958
701.72 410.29 -60.299 14936.512 3.13792
702.86 286.384 -131.794 14860.754 2.78924
704.01 397.478 -26.79 15141.995 2.79698
705.15 626.573 267.214 15815.237 2.31128
706.29 448.167 45.718 15399.979 2.62109
707.44 492.261 127.222 15883.721 2.31675
708.58 242.855 -130.774 15653.463 2.3671
709.72 904.45 414.23 16490.205 3.04939
710.87 353.544 -161.765 15852.946 3.21773
712.01 578.138 -65.761 16454.688 3.89759
713.15 867.732 143.743 16714.93 4.36897
714.3 1170.827 207.247 17179.172 5.67749
715.44 1219.921 -18.749 17035.912 7.26294
716.58 2023.515 138.255 17300.154 10.98515
717.72 2589.61 25.259 17348.896 14.80261
718.87 3949.704 115.264 17392.639 22.19342
720.01 5267.298 73.768 17717.879 29.43492
721.15 6038.393 -87.728 17402.621 35.02572
722.29 6918.487 189.276 18073.863 37.62575
723.43 6941.081 283.78 18473.105 36.60004
724.57 6604.675 254.284 18192.846 35.40078
725.72 6503.27 118.788 18332.588 35.05299
726.86 7226.364 510.793 18670.33 36.98096
728.0 7358.958 116.797 18605.072 39.17164
729.14 7674.052 -36.199 18280.814 42.09339
730.28 8331.646 358.305 19222.555 42.26694
731.42 7616.241 -48.691 18488.297 41.34939
732.56 7929.335 511.813 19466.039 39.13387
733.7 7261.929 175.817 19430.781 36.80148
734.84 6736.024 -128.678 19057.021 35.78031
735.98 6967.118 106.826 19515.264 35.34696
737.12 7039.212 -73.17 19459.506 36.41274
738.26 7867.307 -17.666 19836.248 39.71495
739.4 8411.4 118.838 19914.988 41.88977
740.53 9020.995 241.842 20117.23 44.17098
741.67 8747.089 124.346 20047.473 43.28007
742.81 8258.184 -137.149 19786.215 42.13813
743.95 8276.278 204.855 20747.455 39.29115
745.09 7688.372 -66.641 20153.697 38.35254
746.23 7967.466 241.863 20768.939 37.63616
747.36 8114.561 239.867 20546.682 38.77858
748.5 8089.655 -70.129 20546.922 39.57784
749.64 8609.249 -9.125 20504.164 42.01361
750.78 8907.844 -53.62 20456.906 43.69202
751.92 9216.438 -13.116 20724.648 44.50602
753.05 8974.532 67.388 20664.891 43.24381
754.19 9131.126 402.892 20900.131 42.58249
755.33 8240.721 -150.604 20704.373 40.23656
756.46 8184.815 96.4 20819.615 39.03069
757.6 7893.909 -14.096 20758.857 38.06876
758.74 8550.004 354.409 21066.098 39.5699
759.87 8500.598 140.913 20594.84 40.87081
761.01 8898.692 108.917 20900.582 42.27548
762.14 9041.286 100.921 20693.324 43.41584
763.28 9605.381 263.925 20946.064 45.16678
764.41 9452.475 107.929 20853.807 45.0429
765.55 8753.069 -149.067 20489.049 43.13444
766.69 8736.163 137.938 20749.791 41.71496
767.82 8419.258 169.942 20736.031 40.11125
768.95 8063.852 -85.054 20679.273 39.24474
770.09 8447.946 443.95 20872.516 39.18041
771.22 8722.04 490.954 21167.258 39.80927
772.36 8815.135 334.958 20907.998 41.21985
773.49 9098.229 282.462 20619.24 43.34889
774.63 9043.823 78.967 20446.482 44.01546
775.76 9140.418 24.471 20446.725 44.63732
776.89 9244.012 274.975 20413.467 44.53678
778.03 8840.606 199.479 20369.707 42.841
779.16 8320.7 13.483 20099.449 41.35831
780.29 8043.795 162.487 20139.191 39.45249
781.43 8259.889 397.991 20321.434 39.46054
782.56 8120.483 166.996 20033.674 40.03431
783.69 7975.078 3.0 19657.916 40.56022
784.82 8313.672 118.504 19551.658 42.17106
785.96 8501.766 55.008 19364.4 43.7443
787.09 8717.36 157.512 19442.141 44.3869
788.22 8845.955 169.016 19501.383 44.88296
789.35 8535.049 7.02 19285.625 44.23571
790.48 8270.144 66.025 19044.367 43.22885
791.62 8345.237 336.029 19500.607 41.79173
792.75 7541.332 -27.967 18684.35 40.45089
793.88 7920.426 408.037 19181.592 40.0158
795.01 7749.521 188.041 18930.334 40.34447
796.14 7782.615 225.045 18762.076 40.77012
797.27 7952.209 310.049 18723.816 41.50242
798.4 7987.303 143.554 18457.059 42.83041
799.53 8150.897 -65.942 18299.801 44.74003
800.66 8512.491 128.562 18511.543 45.60702
801.79 9043.086 908.566 19160.283 44.56852
802.92 7984.18 112.57 18258.525 43.37942
804.05 7889.774 259.074 18341.268 42.20008
805.18 7523.369 162.578 18075.51 41.09205
806.31 7336.963 76.583 18045.75 40.40466
807.44 7187.557 -49.413 17841.492 40.45055
808.57 7395.151 207.591 18041.234 40.30338
809.69 7524.746 173.595 18094.977 41.01889
810.82 7371.34 -165.901 17591.717 42.44511
811.95 8298.435 632.603 18340.459 43.29057
813.08 7862.529 51.607 17579.201 44.56357
814.21 8690.623 754.112 18327.943 45.16096
815.33 7931.217 136.616 17437.184 45.05402
816.46 7778.812 169.12 17252.426 44.54461
817.59 7727.906 511.124 17429.168 42.65731
818.72 7131.0 294.128 16999.91 40.92518
819.84 7267.094 572.132 16972.652 40.82164
820.97 6892.188 281.137 16551.893 40.6315
822.1 6951.783 404.141 16743.635 40.07249
823.22 6573.877 -33.355 16298.377 40.45641
824.35 6843.471 45.149 16066.618 42.43258
825.48 7251.566 357.653 16223.86 43.45029
826.6 7099.16 161.157 15859.602 44.19548
827.73 6965.754 -115.339 15686.344 44.81227
828.85 7194.849 129.665 15826.585 45.01
829.98 7308.943 380.17 16106.327 44.05891
831.11 6725.537 9.174 15584.568 43.12163
832.23 6493.631 -8.322 15566.811 41.74573
833.36 6557.726 342.182 15657.552 40.5837
834.48 6449.82 148.186 15548.294 40.91941
835.6 6430.914 328.69 15442.535 40.37506
836.73 6129.508 -58.805 15285.777 40.32898
837.85 6701.103 321.199 15448.019 42.17611
838.98 6357.697 -143.797 14926.261 43.1418
840.1 6883.292 249.207 15153.002 44.51272
841.23 6910.886 221.711 15210.744 44.62713
842.35 7289.98 515.215 15445.986 45.37451
843.47 6743.574 70.719 14830.728 45.20902
844.6 6439.168 -46.776 14739.47 43.86472
845.72 6385.263 30.228 14795.211 43.04126
846.84 6173.857 44.232 14691.453 41.84838
847.96 5991.951 6.736 14574.694 41.08479
849.09 5864.545 -65.76 14625.937 40.36501
850.21 5882.14 77.744 14493.678 40.26375
851.33 6109.734 183.748 14796.92 40.55236
852.45 6107.828 -51.247 14589.661 42.06758
853.57 6246.922 113.257 14594.903 42.35475
854.7 6331.517 -30.739 14312.145 44.35828
855.82 6480.611 -35.235 14555.887 44.65624
856.94 6688.706 231.269 14536.128 45.14156
858.06 6199.8 -145.727 14024.37 44.78111
859.18 6645.394 201.277 14353.111 45.53556
860.3 6345.488 125.282 14501.354 43.26778
861.42 5860.083 -130.714 14115.095 42.05305
862.54 5755.677 -136.71 14130.837 41.29923
863.66 5747.271 -41.206 14203.079 40.63719
864.78 5597.365 74.298 13993.82 39.67857
865.9 5886.459 129.802 14317.563 40.57481
867.02 6719.054 883.306 15183.804 40.808
868.14 6475.148 552.811 14587.046 42.19922
869.26 6347.242 283.815 14136.287 43.77145
870.38 5846.337 -150.681 13677.029 43.36957
871.5 6069.431 -127.177 13672.771 44.90313
872.62 6015.025 -33.173 13554.513 44.51235
873.74 6568.62 390.331 14033.254 45.28567
874.85 6025.667 -48.167 13535.875 44.713
875.97 5837.167 99.333 13400.875 43.1366
877.09 5824.667 215.833 13378.375 42.61208
878.21 5693.167 129.833 13678.875 41.06071
879.33 5496.167 90.833 13479.875 40.37132
880.44 5343.167 146.333 13282.875 39.56013
881.56 5437.167 -7.667 13325.875 40.83561
882.68 5435.667 157.333 13603.875 39.25421
883.79 6014.167 587.833 13614.875 41.65438
884.91 5395.167 -103.667 12980.875 42.02542
886.03 6061.667 267.333 13536.375 43.66806
887.14 6355.667 400.333 13522.375 45.3842
888.26 6407.167 435.833 13934.375 44.23688
889.38 6483.667 335.333 13777.375 45.73958
890.49 5930.167 -73.167 13401.375 44.55315
891.61 6023.167 154.833 13557.375 43.78523
892.72 5656.167 -38.167 13597.875 41.75943
893.84 5729.167 -95.667 14095.375 41.04585
894.95 5764.667 -107.667 14198.875 41.04649
896.07 5749.667 77.333 14296.375 39.89251
897.18 5991.167 205.333 14576.875 40.25896
898.3 5835.667 -80.667 14600.875 40.29777
899.41 6295.667 313.333 14956.875 40.85305
900.53 6077.667 175.833 14343.375 41.65743
901.64 6451.667 239.833 14524.375 43.4864
902.75 6369.167 109.333 14297.375 44.12049
903.87 6214.667 11.833 14045.375 44.20006
904.98 6411.167 189.833 14059.875 44.85447
906.09 6363.667 113.833 14158.375 44.50009
907.21 6290.167 184.833 13923.375 44.43946
908.32 5924.667 29.833 13421.375 44.01908
909.43 6119.667 388.333 14034.375 41.99997
910.54 5749.667 140.333 13635.875 41.56434
911.66 6007.167 675.833 13798.875 40.62574
912.77 5206.667 -25.167 12932.875 40.37518
913.88 5461.667 126.333 13358.375 40.32131
914.99 5277.167 -25.167 13016.375 40.65726
916.1 5452.667 142.333 12932.375 41.51928
917.22 5189.167 -37.167 12309.875 42.32863
918.33 5858.667 394.833 12975.375 43.43083
919.44 5646.167 117.833 12608.875 44.25838
920.55 5818.167 407.833 12604.875 44.35775
921.66 5715.667 227.333 12402.875 45.07671
922.77 5702.667 215.333 12449.375 44.85299
923.88 5735.667 408.333 12503.875 44.04378
924.99 5337.167 196.833 12008.875 43.51774
926.1 4911.667 -127.167 11556.875 43.12577
927.21 5373.167 442.333 11895.875 43.05073
928.32 4518.667 -120.667 11225.375 40.88944
929.43 4561.167 134.333 11211.875 39.96223
930.54 4525.167 23.833 11084.375 40.69722
931.65 4593.167 78.333 11079.375 41.04005
932.76 4700.167 185.333 10967.875 41.8717
933.86 4543.667 126.833 10679.375 41.85563
934.97 4262.167 35.833 10143.875 41.81159
936.08 4160.167 22.333 9752.875 42.52418
937.19 4408.667 443.833 9533.875 43.61733
938.3 3943.667 238.333 8641.875 44.09252
939.4 3943.667 393.333 8087.875 46.14093
940.51 3401.667 105.833 7338.875 45.56635
941.62 3240.167 288.833 7079.875 43.45922
942.73 3494.167 738.333 7108.375 43.26241
943.83 2862.167 188.833 6448.875 42.70472
944.94 2837.667 178.333 6484.375 42.1712
946.05 2518.667 -108.167 6119.875 42.17752
947.15 2503.167 -72.167 6190.875 41.11953
948.26 2676.167 84.833 6467.375 40.60034
949.36 2623.167 11.833 6509.375 40.18956
950.47 2966.667 190.833 6976.875 40.90505
951.57 3369.167 534.333 7418.375 41.17978
952.68 3192.167 282.833 7375.875 41.01673
953.79 3399.167 262.833 7720.375 42.05586
954.89 3291.667 4.833 7511.875 43.78334
955.99 3430.167 191.333 7749.375 42.85281
957.1 3408.667 49.333 7602.375 44.47656
958.2 3585.167 173.333 7938.375 43.93838
959.31 3834.667 260.833 8294.875 44.48363
960.41 3469.667 17.333 7933.375 43.61187
961.52 3442.667 -62.667 7983.875 43.56323
962.62 3663.167 256.833 8348.375 42.09746
963.72 3298.167 -126.667 7938.375 42.46517
964.83 3186.667 -121.667 7939.375 41.04102
965.93 3423.167 201.833 8243.375 40.05865
967.03 3714.167 431.333 8441.875 40.98142
968.13 3468.167 226.333 8357.375 39.86984
969.24 3335.167 67.833 8110.875 40.62311
970.34 3255.167 61.833 7987.875 40.28913
971.44 3341.667 35.333 8008.375 41.46891
972.54 3583.167 181.833 8320.375 41.79291
973.64 3418.167 44.333 8109.875 41.83021
974.75 4094.167 658.333 8522.375 43.69043
975.85 5589.667 2178.833 10020.375 43.49697
976.95 3588.667 32.333 7945.875 44.93985
978.05 3834.167 277.333 8255.875 44.57999
979.15 3965.167 556.833 8279.875 44.13201
980.25 3351.667 -20.167 7515.875 44.74277
981.35 3302.167 18.833 7465.375 44.09206
982.45 3761.167 533.833 8085.875 42.73458
983.55 3193.167 271.833 7566.875 40.04547
984.65 3104.667 212.333 7460.375 39.90503
985.75 3229.167 352.333 7541.875 40.01414
986.85 3070.167 228.333 7330.875 40.0115
987.95 2922.167 54.333 7072.375 40.86373
989.05 3167.667 531.333 7226.875 39.37446
990.15 3067.667 350.333 7146.375 39.98406
991.25 2907.667 212.333 6860.875 40.54022
992.34 3372.167 508.333 7249.375 42.48354
993.44 2931.667 228.333 6816.875 41.03083
994.54 3014.667 168.833 6671.375 43.76494
995.64 3257.167 427.333 6724.375 44.93909
996.74 3295.667 492.333 6880.875 43.88065
997.83 2795.667 -44.167 6306.375 44.71797
998.93 2801.167 139.333 6265.375 43.45112
1000.03 3448.167 766.333 6767.375 44.68947
1001.12 3041.167 464.333 6519.375 42.55682
1002.22 3011.667 455.333 6303.875 43.7089
1003.32 2550.167 97.333 5836.875 42.7357
1004.41 2538.667 248.833 5587.375 42.89249
1005.51 2377.667 182.833 5562.875 40.79584
1006.6 2193.667 85.333 5261.375 40.73254
1007.7 2333.167 383.333 5432.375 38.61789
1008.8 1935.167 -71.167 4904.375 40.32392
1009.89 2196.667 293.833 5164.375 39.06821
1010.99 2211.667 191.833 5120.375 40.98237
1012.08 2061.167 -73.667 4991.375 42.14839
1013.18 2381.167 199.333 5386.375 42.06316
1014.27 2398.167 52.333 5486.875 43.16525
1015.36 2598.167 172.333 5684.875 44.00572
1016.46 2632.167 197.333 5619.875 44.90207
1017.55 2409.667 -23.667 5272.875 45.94193
1018.65 2492.667 218.833 5346.875 44.34117
1019.74 2544.667 353.333 5342.375 43.92293
1020.83 2357.667 228.333 4924.375 45.34315
1021.93 2294.667 159.333 4938.375 44.68121
1023.02 1978.667 -27.667 4762.375 41.88551
1024.11 1930.167 -29.667 4505.875 43.21057
1025.2 1710.167 -25.167 4246.375 40.62546
1026.3 1963.167 258.333 4439.875 40.77045
1027.39 2033.667 293.333 4519.875 41.1763
1028.48 1854.167 257.833 4317.375 39.32299
1029.57 1725.667 149.833 4008.375 40.84013
1030.66 1672.167 160.333 3894.875 40.48243
1031.75 2456.167 970.833 4692.375 39.91178
1032.84 1849.167 313.333 4034.875 41.26874
1033.94 1472.667 4.833 3616.375 40.64285
1035.03 1802.167 383.833 3783.375 41.72131
1036.12 1431.667 33.833 3302.375 42.76627
1037.21 1365.167 -57.167 3301.375 42.34973
1038.3 1675.167 274.833 3414.875 44.59601
1039.39 1306.667 -43.667 2993.875 44.45481
1040.48 1511.667 222.333 3100.875 44.7912
1041.57 1552.167 310.333 3126.375 44.09854
1042.66 1437.167 209.833 2906.375 45.51509
1043.74 1413.167 234.333 2918.875 43.9119
1044.83 1389.667 294.333 2902.875 41.99025
1045.92 1001.667 -28.167 2430.875 41.87946
1047.01 1289.667 287.333 2671.375 42.04345
1048.1 916.167 -41.667 2361.875 39.85092
1049.19 1206.167 231.833 2543.375 42.1508
1050.27 1043.167 106.333 2347.875 41.79415
1051.36 1010.167 137.333 2297.375 40.40817
1052.45 1100.667 297.333 2442.375 37.45071
1053.54 1015.167 202.833 2212.875 40.41376
1054.62 1032.167 271.333 2251.375 38.42511
1055.71 1015.667 243.333 2182.375 39.83067
1056.8 1153.167 363.833 2189.875 43.22647
1057.88 878.167 111.833 1944.875 41.80665
1058.97 898.667 249.333 1928.375 38.67286
1060.06 1249.167 497.833 2209.875 43.88522
1061.14 863.167 158.333 1816.375 42.50999
1062.23 1729.667 1029.333 2649.875 43.216
1063.31 964.667 347.833 1822.875 41.81803
1064.4 744.167 73.833 1569.875 44.80713
1065.48 869.667 232.833 1676.875 44.10076
1066.57 782.167 109.833 1585.875 45.54975
1067.65 850.167 290.333 1683.375 40.18784
1068.74 714.167 118.333 1474.875 43.92297
1069.82 790.167 279.333 1506.875 41.61434
1070.9 1936.167 1473.333 2743.875 36.42803
1071.99 798.167 266.333 1549.375 41.45098
1073.07 735.167 237.333 1420.875 42.06302
1074.15 818.167 263.333 1480.875 45.56997
1075.24 699.667 277.333 1337.875 39.82242
1076.32 744.167 308.833 1440.375 38.47259
1077.4 1014.667 593.833 1701.375 37.99707
1078.49 497.667 98.333 1145.375 38.1392
1079.57 718.667 348.333 1355.375 36.77438
1080.65 956.667 551.333 1575.375 39.58173
1081.73 606.667 149.833 1151.875 45.59026
1082.81 430.667 64.333 1047.375 37.26529
1083.89 657.667 286.333 1181.375 41.48783
1084.98 689.667 345.833 1151.875 42.65702
1086.06 420.667 52.333 963.875 40.40773
1087.14 494.167 97.333 923.375 48.04035
1088.22 580.667 221.833 1056.875 42.97191
1089.3 449.667 67.833 818.375 50.87437
1090.38 937.167 656.333 1395.375 37.99967
1091.46 613.667 315.833 1079.875 38.9813
1092.54 461.167 93.833 854.375 48.29891
1093.62 492.667 177.833 909.375 43.03696
1094.7 385.667 35.333 755.875 48.62083
1095.78 522.667 232.333 913.875 42.5995
1096.86 549.667 292.333 972.375 37.84082
1097.93 985.667 700.333 1395.375 41.0527
1099.01 732.167 457.333 1100.875 42.70638
1100.09 370.667 132.833 754.875 38.23431
