196.55 2661.302 972.948 1339.379 460.75652
197.76 3811.196 1427.472 1995.603 419.57274
198.96 3456.558 1340.45 1803.191 457.29911
200.16 2277.886 796.077 1227.164 343.7379
201.36 4045.83 1587.379 2062.06 517.91665
202.56 2810.705 990.115 1401.163 442.9143
203.76 2394.989 849.94 1265.984 371.36611
204.96 2855.772 932.264 1411.806 401.11398
206.16 2025.106 712.367 946.298 561.16332
207.36 3343.008 1181.173 1687.519 426.94749
208.56 2802.759 1052.507 1476.29 413.00656
209.76 1851.215 637.704 982.138 352.32067
210.96 2509.966 888.539 1380.408 329.64564
212.16 5224.791 2056.997 2537.841 658.79936
213.36 3124.157 1126.644 1600.47 421.57138
214.56 2490.01 890.479 1274.997 415.98349
215.76 4797.489 1834.94 2402.485 521.99385
216.96 4002.149 1568.862 2050.473 505.23938
218.16 2679.022 985.792 1447.599 366.65323
219.35 2236.256 716.838 1152.749 348.56179
220.55 2605.894 872.359 1328.661 379.90983
221.75 2371.769 810.596 1150.265 459.61631
222.95 3887.761 1461.314 1932.768 514.67314
224.15 3063.498 1090.029 1574.459 407.37955
225.35 2425.297 782.472 1287.36 325.38434
226.55 2315.043 792.831 1188.111 385.09699
227.75 3671.761 1378.814 1879.768 457.71611
228.94 3073.215 1122.204 1555.138 450.64898
230.14 2803.95 919.113 1379.351 409.53467
231.34 2385.897 847.028 1265.702 367.55766
232.54 2181.035 780.549 1133.115 397.22741
233.74 2343.862 805.869 1171.11 421.08969
234.93 2223.159 791.951 1221.947 332.84189
236.13 2666.53 951.574 1439.095 351.77021
237.33 2703.832 930.131 1313.452 462.72002
238.53 2365.532 887.381 1239.073 420.29631
239.72 3688.834 1373.993 1901.015 439.23011
240.92 1863.864 562.676 918.088 366.1069
242.12 3264.549 1152.807 1622.13 449.95413
243.31 2317.231 755.63 1186.695 362.26619
244.51 1846.047 627.0 952.653 374.33941
245.71 3335.692 1278.803 1722.062 464.03821
246.9 4375.046 1688.0 2212.153 512.64564
248.1 2661.414 950.954 1448.759 343.6001
249.3 2652.442 982.33 1398.854 400.96405
250.49 2518.16 893.313 1321.511 379.46158
251.69 2947.237 1049.106 1539.214 387.28819
252.89 2641.125 916.154 1388.919 364.86855
254.08 1806.215 579.204 954.138 327.26081
255.28 2701.351 976.919 1400.072 407.51912
256.47 1830.295 577.666 955.382 331.63219
257.67 3169.125 1159.099 1530.833 540.7162
258.86 3304.313 1172.898 1590.417 510.49606
260.06 2500.804 917.809 1356.442 360.89279
261.26 4032.679 1459.546 1914.546 565.52358
262.45 2625.961 939.063 1294.389 474.74619
263.65 1664.981 565.158 907.488 321.2757
264.84 3047.254 1081.531 1469.771 506.31689
266.04 2167.125 804.154 1217.419 329.80552
267.23 1714.338 487.661 823.556 365.19605
268.42 2111.599 706.584 1015.802 454.37781
269.62 2687.3 882.641 1322.401 410.37354
270.81 2621.422 959.736 1397.256 379.79642
272.01 2664.748 923.056 1333.752 424.0832
273.2 3177.509 1164.034 1567.583 498.94222
274.4 2131.58 664.852 908.767 601.3273
275.59 2959.287 1028.883 1499.385 410.28619
276.78 2675.64 892.718 1361.913 379.99648
277.98 2299.39 772.746 1191.206 364.82457
279.17 2544.358 903.201 1285.069 429.77048
280.37 2395.02 837.985 1198.621 431.74695
281.56 1760.994 528.915 926.504 309.88806
282.75 2024.36 617.508 1021.047 348.62851
283.95 2375.832 801.186 1237.537 360.86635
285.14 2486.045 863.193 1247.675 422.08784
286.33 2091.528 700.267 1012.118 446.13024
287.52 2755.435 948.548 1368.358 430.40628
288.72 3151.457 1136.95 1615.434 421.01839
289.91 3914.218 1410.373 1957.179 457.90357
291.1 2990.041 1007.024 1453.634 444.01614
292.29 2657.519 997.623 1395.057 417.65275
293.49 2797.177 1044.239 1446.568 435.69733
294.68 2168.867 729.845 997.629 537.38024
295.87 2251.881 803.102 1201.145 363.97527
297.06 2733.431 940.38 1418.817 374.77289
298.26 1497.119 420.179 733.9 343.27944
299.45 2331.231 789.13 1098.195 498.9576
300.64 2315.894 822.859 1190.661 405.93479
301.83 2509.397 857.028 1294.202 377.96582
303.02 2074.388 630.384 1057.142 338.36616
304.21 3012.142 1123.525 1573.39 419.81841
305.4 2461.537 875.356 1160.092 557.07026
306.59 2667.795 920.166 1316.882 440.52357
307.79 2412.392 803.053 1187.683 418.41168
308.98 1731.95 579.113 932.851 325.90071
310.17 3004.195 966.081 1430.275 439.0656
311.36 2511.822 857.597 1178.563 515.38948
312.55 4008.38 1560.657 2066.731 483.66895
313.74 1811.793 584.359 957.404 329.03065
314.93 2981.259 1009.007 1474.29 423.88211
316.12 2333.317 787.067 1192.958 380.95178
317.31 1389.229 406.823 740.217 294.66842
318.5 1830.293 574.859 920.404 363.31945
319.69 2413.735 830.799 1262.736 366.47343
320.88 2230.353 736.225 1134.55 375.10296
322.07 1962.884 607.271 993.686 350.8172
323.26 1927.112 607.342 935.817 401.78639
324.45 1394.994 447.415 793.504 273.79681
325.64 2337.746 766.749 1195.274 366.60576
326.83 2683.041 996.024 1395.634 422.16668
328.01 2215.132 738.436 1110.916 396.45029
329.2 2864.392 976.053 1403.683 441.58191
330.39 2156.931 727.38 1086.817 397.71984
331.58 1800.282 542.908 969.366 294.84104
332.77 3372.242 1253.081 1742.233 433.23163
333.96 1351.373 448.82 671.648 405.04377
335.15 1669.983 524.964 868.466 333.33776
336.33 1769.282 590.908 878.866 409.21699
337.52 2017.994 719.415 1040.504 404.43041
338.71 2060.558 710.45 1050.191 397.39398
339.9 2041.175 614.932 995.09 375.1707
341.08 2072.757 688.2 1067.812 364.72932
342.27 2763.052 879.475 1376.672 378.83952
343.46 2853.709 1063.729 1446.619 467.49224
344.65 2793.709 897.229 1356.119 413.27572
345.83 2982.06 983.257 1460.668 418.67522
347.02 1516.772 470.264 791.306 325.97278
348.21 2944.599 1021.584 1513.302 391.08137
349.4 1609.978 462.989 862.946 286.7777
350.58 2216.578 718.045 1108.789 383.50744
351.77 1769.362 575.369 941.11 326.45841
352.96 1299.455 324.088 698.37 260.59659
354.14 2181.063 619.926 1114.21 315.83819
355.33 1691.731 536.13 920.695 300.49593
356.51 1426.423 387.098 701.82 330.23608
357.7 2109.22 679.734 1173.743 289.36467
358.89 1898.395 511.721 949.225 316.95164
360.07 2847.136 915.105 1399.957 398.47821
361.26 3142.32 1061.79 1572.085 407.71115
362.44 2395.818 733.483 1177.108 374.7169
363.63 2064.087 481.743 950.435 337.60852
364.81 2288.085 531.437 1069.458 326.50186
366.0 1678.281 276.518 729.538 309.42625
367.18 4226.553 1403.392 2092.821 409.49246
368.37 1964.378 529.85 875.253 415.3198
369.55 2600.115 737.065 1246.445 365.749
370.74 3111.328 911.572 1458.582 402.14189
371.92 3602.096 1158.332 1668.41 479.09672
373.11 2185.44 476.078 1016.963 316.03091
374.29 1915.438 421.772 908.985 306.57335
375.48 2241.332 531.741 1060.623 323.24582
376.66 1974.052 441.53 902.257 332.63083
377.84 3362.878 953.85 1582.253 383.35704
379.03 1888.19 405.051 908.67 294.49637
380.21 1709.63 332.184 747.024 332.04292
381.39 1664.481 266.212 675.074 341.99103
382.58 3027.833 816.548 1409.101 373.1791
383.76 3770.209 1148.784 1715.705 462.39705
384.94 4222.093 1254.164 1936.868 434.73113
386.13 2367.365 426.593 963.237 361.64928
387.31 2653.309 618.339 1185.047 359.08632
388.49 2351.486 474.688 1029.093 338.52491
389.68 3115.212 637.952 1263.246 396.17552
390.86 2942.138 567.466 1204.521 372.75805
392.04 4033.869 982.706 1677.693 439.02461
393.22 2840.638 445.466 1111.021 359.87614
394.41 2753.412 473.202 1085.367 372.48258
395.59 2179.781 193.463 865.952 295.36812
396.77 3264.587 552.689 1295.349 365.15983
397.95 3517.684 637.576 1375.151 390.48348
399.13 4261.018 792.678 1560.643 451.6272
400.31 3510.169 447.511 1233.657 389.57887
401.5 4032.246 626.304 1514.36 383.52784
402.68 4030.481 734.712 1616.074 373.94072
403.86 3524.0 434.445 1296.108 358.55708
405.04 4806.57 807.263 1861.292 379.43026
406.22 3890.108 367.783 1341.448 361.7595
407.4 4924.871 697.013 1747.671 402.40113
408.58 5172.389 814.301 1875.791 410.56303
409.76 5602.757 947.755 2029.398 430.36389
410.94 4740.138 624.466 1721.521 375.15656
412.12 4365.468 502.9 1505.972 385.07392
413.3 4294.966 359.093 1500.994 344.67724
414.48 4283.248 371.111 1363.838 394.0799
415.66 4893.996 445.277 1491.567 425.18974
416.84 7007.679 1233.1 2392.132 498.2246
418.02 5619.229 623.378 1795.303 426.2945
419.2 5007.253 419.586 1512.357 419.81982
420.38 5430.494 583.97 1792.589 400.99671
421.56 5193.789 427.245 1581.949 412.79369
422.74 6719.177 1081.794 2295.154 464.6091
423.92 6427.488 865.995 2097.57 451.57547
425.1 6170.248 464.111 1706.838 459.16261
426.28 6159.589 405.995 1712.327 440.43896
427.46 8349.233 1356.492 2799.259 484.67586
428.63 6430.548 571.861 2000.716 410.02675
429.81 6332.382 687.964 1968.209 440.8858
430.99 6619.208 754.784 2180.705 411.27283
432.17 7650.123 1145.347 2523.941 471.84125
433.35 7303.916 827.316 2288.823 443.14519
434.52 6285.573 155.069 1442.77 476.08144
435.7 7245.686 376.383 1827.128 473.50151
436.88 8065.535 840.104 2306.7 492.66661
438.06 7720.653 552.531 2072.014 471.7473
439.23 7295.104 399.115 1956.406 442.81931
440.41 7751.274 594.126 2298.869 419.83724
441.59 8279.068 828.456 2548.315 433.21069
442.77 7672.119 276.679 1951.4 441.59232
443.94 9369.88 760.657 2663.231 452.50395
445.12 9725.697 769.833 2568.167 498.00913
446.3 11059.46 1093.118 2946.475 537.74538
447.47 10767.294 666.72 2632.968 513.69799
448.65 10920.812 720.646 2715.525 511.31759
449.82 10084.812 500.146 2418.525 499.62323
451.0 10479.082 609.213 2599.83 495.81956
452.18 10459.628 476.823 2644.96 460.43222
453.35 11090.236 530.16 2753.3 475.00737
454.53 11804.404 558.865 2819.285 497.49779
455.7 12333.576 334.238 2713.311 504.37026
456.88 14702.531 945.935 3424.159 555.09903
458.05 14538.07 591.763 3040.792 569.4626
459.23 14668.709 315.784 2806.205 576.32531
460.4 15404.236 580.16 3298.8 545.27555
461.58 15801.175 719.432 3462.09 549.89506
462.75 14933.197 315.333 3204.667 505.92516
463.93 15643.3 628.696 3520.987 519.12492
465.1 16128.615 525.065 3629.945 502.54931
466.28 16268.279 218.101 3243.888 530.44636
467.45 17142.236 146.66 3291.8 540.37592
468.63 19314.645 523.249 3846.018 565.53422
469.8 21270.564 870.287 4222.273 608.60268
470.97 21003.215 405.259 3823.724 602.54994
472.15 21423.764 595.675 4138.332 587.92293
473.32 21622.279 704.601 4322.388 578.18988
474.49 22189.945 859.499 4671.896 559.50223
475.67 21311.93 507.573 4177.839 566.83514
476.84 20949.641 327.08 4088.476 548.2688
478.01 22593.623 636.347 4688.941 541.80792
479.19 23107.107 548.728 4557.862 562.67467
480.36 24228.084 309.02 4472.808 574.45441
481.53 26408.111 596.897 4836.903 608.75411
482.7 26801.631 497.129 4733.938 620.8565
483.88 27307.74 275.774 4583.755 627.48569
485.05 27291.031 361.935 4823.659 603.55812
486.22 26955.426 478.405 4938.797 593.6029
487.39 26532.168 333.595 4795.508 587.16012
488.56 26690.973 485.876 5021.991 577.69905
489.74 27299.758 897.2 5619.313 559.12598
490.91 26259.768 242.651 4990.851 547.93642
492.08 26957.473 375.876 5230.491 547.55307
493.25 27747.184 278.714 5092.587 570.61062
494.42 29461.598 476.778 5228.824 609.94399
495.59 30272.314 417.26 5317.48 609.2594
496.76 31705.357 465.756 5367.155 637.3609
497.93 32113.807 610.478 5616.483 629.3107
499.1 32159.602 572.753 5591.843 629.33419
500.27 32015.021 1040.792 6267.099 592.65998
501.44 32020.01 1228.534 6296.083 607.6207
502.61 29586.344 423.137 5408.076 585.02634
503.78 30114.42 629.929 5761.278 574.5953
504.95 31381.951 1123.474 6516.415 561.07564
506.12 30533.346 696.943 5888.053 574.7596
507.29 30904.332 335.186 5433.538 599.5888
508.46 31659.193 32.165 5307.125 599.56904
509.63 35052.695 1258.165 6645.125 627.33951
510.8 36312.348 1179.612 6671.095 639.76774
511.97 35264.289 558.552 5824.426 659.06883
513.14 35277.398 258.528 5792.702 632.775
514.31 36262.891 785.746 6241.206 650.30531
515.48 34850.617 495.01 6045.359 618.98107
516.65 34200.355 525.087 6124.614 601.39491
517.81 33550.449 355.806 5922.374 596.32156
518.98 33890.016 695.01 6349.102 587.09697
520.15 33051.73 161.13 5858.695 577.27472
521.32 34848.637 703.605 6464.457 592.70799
522.49 37939.402 1502.503 7468.221 610.77141
523.65 38430.793 1158.859 7184.404 618.5653
524.82 38463.43 638.073 6545.839 640.26499
525.99 38640.828 78.517 6017.496 649.30879
527.16 41495.348 631.25 6882.031 653.74391
528.32 42383.977 730.182 7018.969 662.35027
529.49 41948.563 411.619 6654.732 665.32423
530.66 41675.605 114.367 6539.298 646.8744
531.82 41589.668 180.957 6592.071 645.88942
532.99 41426.242 320.274 6997.255 615.63701
534.16 42138.957 444.256 7148.912 621.87688
535.32 43530.07 794.401 7641.229 624.16746
536.49 43211.781 294.408 7207.866 620.78011
537.65 45864.504 1011.059 8080.564 634.46372
538.82 44912.016 321.816 7430.58 627.25678
539.99 47095.395 642.721 8076.725 624.86752
541.15 49702.898 818.39 8357.766 648.38932
542.32 50780.91 147.979 7854.74 656.99361
543.48 54533.727 811.155 8785.676 673.67774
544.65 55603.41 992.785 8917.718 689.09894
545.81 59138.023 1483.292 10133.099 666.54356
546.98 58325.738 503.106 9285.714 658.37654
548.14 60064.023 783.792 9857.099 653.34758
549.31 59537.219 402.873 9415.179 656.15112
550.47 60078.844 469.443 9763.554 641.36747
551.63 60652.949 914.806 10766.874 606.3513
552.8 60630.496 454.584 10034.545 628.14358
553.96 60657.582 459.852 10240.767 615.46114
555.13 60667.559 391.45 10690.69 585.24811
556.29 60681.098 934.084 11394.302 571.18329
557.45 60618.027 274.46 10552.64 587.10365
558.62 60669.34 523.468 11224.534 562.05495
559.78 60683.238 771.606 11627.214 551.89567
560.94 60670.766 371.982 11276.809 552.955
562.11 60681.457 391.088 11510.37 542.21458
563.27 60670.051 157.975 11361.672 540.10812
564.43 60662.211 32.397 11656.66 521.57986
565.59 60706.754 205.838 12004.749 512.76696
566.76 60629.43 351.073 12192.839 509.03182
567.92 60707.824 571.349 12448.455 506.32262
569.08 60676.824 715.042 13216.978 479.61999
570.24 60624.441 352.024 12896.877 480.45534
571.4 60659.004 226.366 12819.042 479.90306
572.57 60707.113 367.342 13100.317 473.88587
573.73 60675.039 55.524 13072.134 465.70895
574.89 60692.5 452.697 13544.0 460.15132
576.05 60637.98 476.158 13770.987 452.52045
577.21 60643.684 157.714 13514.587 452.84529
578.37 60667.914 18.954 13640.76 445.23436
579.53 60687.156 193.644 13978.47 438.84134
580.69 60676.109 597.535 14724.34 425.2807
581.85 60664.352 351.919 14327.072 431.56902
583.01 60660.43 401.88 14435.816 429.37738
584.17 60655.441 484.83 14656.854 424.57317
585.33 60674.328 572.517 14948.496 418.07109
586.49 60648.672 377.763 14735.049 419.79321
587.65 60650.098 573.278 15187.824 411.0755
588.81 60674.684 566.521 15553.064 401.08089
589.97 60665.777 929.433 15628.847 406.38589
591.13 60624.082 421.02 15287.808 404.95004
592.29 60680.031 336.574 15254.096 404.51395
593.45 60682.168 213.595 14965.508 409.90327
594.61 60627.289 134.052 15178.927 402.08535
595.77 60668.625 196.961 15395.896 397.86776
596.93 60631.211 91.091 14998.683 406.10261
598.09 60647.602 382.753 15545.343 397.45749
599.24 60679.316 138.067 15446.458 395.47754
600.4 60648.672 291.763 15433.549 398.61157
601.56 60661.5 233.39 15322.522 400.47439
602.72 60684.305 368.616 15465.42 399.52621
603.87 60729.563 473.064 15310.146 406.12094
605.03 60684.305 232.116 15238.92 402.83187
606.19 60673.973 148.514 14826.428 412.35736
607.35 60680.031 -3.926 15131.096 400.95058
608.5 60668.27 594.457 15492.328 403.23757
609.66 60687.871 989.651 15859.107 401.4822
610.82 60652.234 146.299 15137.236 403.61675
611.97 60681.098 125.084 14915.802 409.41904
613.13 60698.203 573.754 15514.6 402.41663
614.29 60671.832 496.993 15383.016 404.23718
615.44 60676.465 717.539 15456.908 406.79437
616.6 60686.801 180.141 14843.401 412.64124
617.76 60672.547 663.0 15414.652 406.79881
618.91 60704.262 726.314 15170.268 415.24605
620.07 60677.535 641.049 15204.114 412.25172
621.22 60679.316 17.567 14577.958 416.6217
622.38 60681.098 1061.084 15637.302 409.02253
623.53 60659.004 78.366 14625.542 416.44259
624.69 60686.445 112.137 14268.832 427.88454
625.84 60676.824 217.542 14299.978 429.32405
627.0 60618.383 488.964 14831.709 419.23229
628.15 60682.879 -0.398 14734.646 411.82964
629.31 60639.762 318.175 14728.331 418.60468
630.46 60669.34 -23.532 14344.034 422.42974
631.61 60686.086 374.134 14629.264 423.08946
632.77 60641.188 228.189 14833.106 413.64835
633.92 60660.43 495.38 14691.816 423.80389
635.08 60629.785 949.577 15177.407 419.46105
636.23 60670.766 308.482 14744.809 418.12773
637.38 60671.477 -74.511 14334.446 421.5849
638.54 60648.316 654.76 15135.48 414.29953
639.69 60706.043 936.831 15459.111 411.56906
640.84 60662.691 490.402 14738.753 422.31056
641.99 60663.367 97.409 14039.882 434.39897
643.15 60664.039 816.916 14835.512 426.91239
644.3 60664.711 95.422 14179.142 430.066
645.45 60665.383 -58.071 14110.771 428.57032
646.6 60666.059 811.436 15075.401 419.62119
647.75 60666.73 161.942 14418.031 424.41365
648.91 60667.402 -136.551 13971.661 430.98269
650.06 60668.074 225.455 14825.291 413.9952
651.21 60668.75 417.462 14565.42 425.86562
652.36 60669.422 450.969 14709.05 422.34613
653.51 60670.094 101.475 14213.68 429.19318
654.66 60670.77 273.982 14861.81 414.02181
655.81 60671.441 651.989 15048.939 416.89003
656.96 60672.113 69.495 14402.569 422.81662
658.11 60672.785 365.002 14800.199 417.78289
659.27 60673.461 531.009 14925.328 417.82074
660.42 60674.133 29.015 14459.958 420.24363
661.57 60674.805 421.022 14835.088 418.02073
662.72 60675.477 -139.971 14611.718 412.26091
663.87 60676.152 -99.965 14122.848 427.31434
665.01 60676.824 316.042 14693.978 419.81536
666.16 60677.496 41.049 14739.607 412.53329
667.31 60678.168 95.555 14982.237 406.95847
668.46 60678.844 760.562 15722.366 400.47498
669.61 60679.516 206.069 15547.996 394.17112
670.76 60680.188 4.575 15214.626 398.91788
671.91 60680.863 769.582 16378.756 383.82096
673.06 60681.535 519.589 16014.886 388.25939
674.21 60682.207 -161.405 15583.016 386.44555
675.35 60682.879 284.102 15720.146 391.28405
676.5 60683.555 167.609 15849.774 385.89023
677.65 60684.227 72.615 15783.904 385.78382
678.8 60684.898 -110.878 15727.034 383.86232
679.94 60685.57 40.629 16048.164 378.85246
681.09 60686.246 370.135 17049.793 361.6148
682.24 60686.918 363.142 17513.924 351.7261
683.39 60687.59 -1.851 17222.553 352.34567
684.53 60688.266 558.155 17196.684 361.3908
685.68 60688.938 214.662 17614.813 347.5503
686.83 60689.609 301.169 17607.443 348.93957
687.97 60690.281 298.175 17622.072 348.60578
689.12 60690.957 178.182 17514.703 349.04797
690.27 60691.629 68.189 17408.832 349.60318
691.41 60692.301 468.195 17969.961 344.10303
692.56 60692.973 358.702 17742.592 347.07002
693.7 60693.648 378.709 17681.721 348.58058
694.85 60694.32 48.215 17192.852 353.73223
695.99 60694.992 398.222 17794.98 346.59773
697.14 60695.664 184.229 17551.111 348.43003
698.28 60696.34 342.735 18251.74 337.00144
699.43 60697.012 391.242 18390.369 335.0483
700.57 60697.684 -74.251 17710.5 341.70809
701.72 60698.359 -50.745 17219.129 351.76345
702.86 60699.031 -107.738 17549.26 344.37773
704.01 60699.703 50.269 17415.389 349.26009
705.15 60700.375 433.275 18332.02 336.71133
706.29 60701.051 126.782 17723.648 344.23327
707.44 60701.723 171.288 18374.777 332.52106
708.58 60702.395 -124.205 17936.408 336.79144
709.72 60703.066 629.302 18731.037 331.86743
710.87 60703.742 -137.192 17783.168 339.50733
712.01 60704.414 0.315 17644.297 344.04989
713.15 60705.086 217.322 18427.928 332.15679
714.3 60705.762 348.828 17921.557 343.46934
715.44 60706.434 92.335 18611.186 327.31027
716.58 60707.105 277.342 18420.816 333.0661
717.72 60707.777 52.848 18398.945 330.61489
718.87 60708.453 240.855 18262.076 335.53552
720.01 60709.125 117.362 18078.205 337.35478
721.15 60709.797 -54.132 17879.836 338.82033
722.29 60710.469 345.875 18022.965 341.48491
723.43 60711.145 498.882 18553.596 333.49885
724.57 60711.816 450.388 18287.225 337.84819
725.72 60712.488 244.895 18067.354 339.27751
726.86 60713.16 678.902 18459.484 337.63943
728.0 60713.836 164.408 17772.113 343.88029
729.14 60714.508 -2.085 17477.244 347.36226
730.28 60715.18 481.422 17805.373 347.69064
731.42 60715.855 10.928 17753.004 342.15234
732.56 60716.527 722.435 18545.133 336.61622
733.7 60717.199 386.942 18597.262 331.29707
734.84 60717.871 -127.052 17331.393 348.51286
735.98 60718.547 148.955 17932.521 340.59305
737.12 60719.219 -3.038 17789.152 341.28601
738.26 60719.891 17.468 17486.281 347.49025
739.4 60720.563 228.475 17917.912 341.96728
740.53 60721.238 407.482 18162.541 339.69899
741.67 60721.91 273.488 17733.67 346.20729
742.81 60722.582 -222.505 17185.301 350.10206
743.95 60723.258 241.002 17969.93 341.1501
745.09 60723.93 19.508 17370.561 349.86017
746.23 60724.602 399.515 17605.189 350.61158
747.36 60725.273 453.522 17477.32 354.04408
748.5 60725.949 60.028 17069.949 356.65022
749.64 60726.621 25.035 17006.078 357.46677
750.78 60727.293 -5.458 16833.209 360.67433
751.92 60727.965 74.548 16909.838 360.27546
753.05 60728.641 155.555 16258.969 376.15059
754.19 60729.313 635.562 16783.098 372.15431
755.33 60729.984 -151.932 16117.228 374.21673
756.46 60730.66 245.075 16057.357 382.5228
757.6 60731.332 82.082 15697.487 388.39369
758.74 60732.004 562.088 16315.617 381.94563
759.87 60732.676 244.595 16092.247 381.68481
761.01 60733.352 271.102 15563.377 395.37772
762.14 60734.023 234.608 15825.006 388.05563
763.28 60734.695 408.115 15272.136 405.8564
764.41 60735.367 249.121 15157.766 405.71259
765.55 60736.043 -123.872 14748.896 409.2037
766.69 60736.715 289.635 15202.025 405.34802
767.82 60737.387 266.641 15014.155 410.04027
768.95 60738.059 26.148 14525.285 418.72775
770.09 60738.734 737.655 15281.915 412.54129
771.22 60739.406 661.661 15275.044 411.11457
772.36 60740.078 504.168 14678.674 424.95951
773.49 60740.754 489.175 14838.804 419.88249
774.63 60741.426 196.181 14003.434 438.50321
775.76 60742.098 154.688 13969.563 438.56646
776.89 60742.77 428.195 14067.693 442.20522
778.03 60743.445 360.201 13450.823 461.27101
779.16 60744.117 8.708 13358.952 454.93857
780.29 60744.789 308.215 13035.582 474.85527
781.43 60745.461 606.221 13093.712 481.59588
782.56 60746.137 315.228 13181.842 469.67221
783.69 60746.809 11.735 12475.972 487.2747
784.82 60747.48 233.241 12821.602 480.71582
785.96 60748.156 116.748 12587.731 486.17985
787.09 60748.828 204.255 12186.361 505.29156
788.22 60749.5 394.261 12237.99 509.59659
789.35 60750.172 157.768 11739.62 523.16679
790.48 60750.848 142.275 12009.25 510.73312
791.62 60751.52 580.281 11944.38 529.48536
792.75 60752.191 5.288 11194.01 542.92979
793.88 60752.863 737.795 11788.14 543.10584
795.01 60753.539 353.801 11355.77 548.99029
796.14 60754.211 404.808 11514.898 543.19452
797.27 60754.883 493.815 11487.528 548.14115
798.4 60755.555 283.321 10909.158 569.1056
799.53 60756.23 -4.672 10310.788 589.02755
800.66 60756.902 316.335 10739.418 579.87225
801.79 60757.574 1276.841 11846.548 562.74725
802.92 60758.25 199.848 10216.178 604.59673
804.05 60758.922 381.855 10327.308 607.08212
805.18 60759.594 290.861 10017.937 621.65379
806.31 60760.266 215.868 9756.066 634.62409
807.44 60760.941 -64.625 9580.196 630.65517
808.57 60761.613 400.381 10089.826 622.95862
809.69 60762.285 400.888 9940.456 632.74769
810.82 60762.957 -163.605 9102.586 657.51461
811.95 60763.633 988.401 10112.216 655.15614
813.08 60764.305 103.908 8928.345 687.4138
814.21 60764.977 1064.915 10169.975 655.68005
815.33 60765.652 282.921 9203.104 678.04359
816.46 60766.324 308.928 9013.734 694.52889
817.59 60766.996 847.435 9490.864 693.23826
818.72 60767.668 504.441 8670.494 737.97252
819.84 60768.344 896.448 9116.124 728.39726
820.97 60769.016 446.454 8550.754 744.32789
822.1 60347.188 593.961 8538.383 752.14067
823.22 57502.859 -30.532 7767.513 737.79252
824.35 58139.035 92.474 7844.143 748.8267
825.48 58852.207 574.481 7850.272 800.98127
826.6 57821.379 310.488 7455.902 804.8643
827.73 55629.551 -144.506 7245.032 754.77062
828.85 56619.227 268.501 7361.662 794.43748
829.98 55876.398 610.008 7638.292 786.34262
831.11 52637.57 70.014 6945.921 764.51814
832.23 54969.746 81.521 6962.051 797.73255
833.36 54878.918 524.528 7592.181 769.05857
834.48 52163.09 259.034 6894.811 782.18515
835.6 52250.262 482.041 7014.94 792.42336
836.73 50971.938 -7.952 6711.07 758.73972
837.85 52531.609 535.054 6989.7 805.56797
838.98 50989.781 -104.439 6228.33 806.8228
840.1 50798.453 458.568 6766.959 797.98293
841.23 50366.129 371.074 6570.589 806.435
842.35 49484.301 720.581 7111.219 763.04936
843.47 48546.973 248.588 6354.849 790.96497
844.6 48381.648 26.594 6149.978 789.67866
845.72 47024.32 155.101 6077.608 791.37467
846.84 48122.492 134.608 5955.738 824.37402
847.96 45552.164 139.114 5813.368 800.33525
849.09 45744.34 58.121 5820.497 792.83646
850.21 45402.512 232.628 5935.127 792.10679
851.33 45375.684 385.134 5976.757 804.60634
852.45 43897.355 25.141 5610.387 785.50195
853.57 43028.531 232.148 5832.016 764.23908
854.7 43714.203 67.654 5477.146 806.8512
855.82 42573.875 -0.339 5659.776 752.17932
856.94 43238.047 485.168 5827.405 800.28037
858.06 42707.723 -64.326 5132.035 823.11543
859.18 42543.395 425.181 5653.165 805.6301
860.3 41439.066 244.688 5345.295 807.63674
861.42 41570.242 -89.306 5013.424 816.41685
862.54 40531.414 -65.799 4962.554 807.36597
863.66 40176.086 50.708 4975.184 814.8151
864.78 40652.758 186.714 5073.814 828.01755
865.9 39184.434 244.221 5222.943 782.13262
867.02 41738.105 1277.228 6443.073 783.23822
868.14 40521.777 879.234 5701.203 822.12357
869.26 38298.449 575.741 5163.833 822.18724
870.38 37544.625 -90.252 4456.962 827.64678
871.5 35607.797 -94.746 4453.592 784.95798
872.62 36788.469 69.761 4578.222 814.4399
873.74 36338.645 699.268 5511.852 740.54555
874.85 36084.98 40.271 4430.417 821.03676
875.97 36229.48 286.271 4564.417 840.15862
877.09 37114.98 373.271 4811.917 827.76848
878.21 34794.98 220.771 4370.917 833.08424
879.33 34575.48 334.771 4641.417 795.0668
880.44 34556.48 254.771 4375.417 832.43531
881.56 34005.48 111.271 4114.417 846.68939
882.68 34079.48 256.271 4367.917 822.61976
883.79 35856.48 826.771 4988.417 841.72734
884.91 32921.98 -58.229 3702.917 876.866
886.03 32634.479 456.271 4455.417 804.62705
887.14 34242.98 659.271 4800.417 810.97629
888.26 35430.98 777.271 4809.917 859.32939
889.38 34263.48 636.271 4577.417 853.23437
890.49 32317.979 -89.729 4014.417 789.63342
891.61 33574.98 307.771 4176.917 859.80763
892.72 32999.98 -13.229 4058.417 810.80748
893.84 34224.98 -99.229 3906.917 856.7888
894.95 34320.48 -87.229 3941.917 853.9703
896.07 34254.98 152.271 4075.417 869.26947
897.18 34282.98 384.271 4307.417 864.06962
898.3 32926.98 -41.229 3881.917 840.35135
899.41 35242.48 577.271 4446.917 895.82387
900.53 31818.979 335.771 4029.417 852.36128
901.64 32248.979 462.271 4350.417 817.52873
902.75 32030.979 262.771 4055.917 837.5161
903.87 30660.979 116.771 3876.417 812.42246
904.98 32387.479 403.771 4044.917 878.39676
906.09 30747.479 235.771 3943.917 822.82921
907.21 31270.979 438.771 3919.917 885.69134
908.32 29312.979 198.271 3488.417 884.90627
909.43 29286.479 650.771 3977.917 860.66882
910.54 29784.979 280.271 3820.917 833.31427
911.66 29512.479 1160.771 4581.417 828.84083
912.77 28557.979 85.771 3214.417 910.0489
913.88 27477.979 300.271 3645.417 812.45209
914.99 26311.979 69.271 3371.417 794.71678
916.1 27470.979 349.771 3617.417 829.99225
917.22 25062.479 58.771 2918.417 874.36376
918.33 26065.979 688.771 3724.917 835.83623
919.44 27156.479 270.271 3384.417 863.35735
920.55 26333.979 660.771 3674.417 851.89861
921.66 25712.979 428.771 3272.917 888.99123
922.77 25384.479 488.271 3282.417 891.01316
923.88 25160.479 623.271 3542.917 840.41724
924.99 23732.979 373.771 3227.417 818.57415
926.1 22378.979 -11.229 2623.917 849.6762
927.21 22489.479 652.771 3484.417 771.1666
928.32 21360.979 -84.729 2456.417 843.93846
929.43 21928.479 251.771 2756.917 865.28723
930.54 20860.479 111.271 2439.417 891.23313
931.65 20696.979 266.271 2607.917 872.49347
932.76 21081.479 381.771 2750.917 873.72026
933.86 19673.979 302.271 2464.417 895.94822
934.97 18372.979 113.771 2305.417 833.12763
936.08 17090.479 164.771 2138.417 857.58583
937.19 17720.479 708.271 2768.917 825.57646
938.3 16903.979 472.271 2273.917 912.03869
939.4 14997.479 674.771 2431.417 815.34408
940.51 12531.979 305.271 1864.417 784.19278
941.62 12891.479 503.771 1984.417 836.64228
942.73 13760.979 1102.771 2513.917 897.01631
943.83 12071.479 302.771 1592.417 912.55357
944.94 11753.479 338.271 1721.417 825.3077
946.05 11211.979 -35.729 1180.417 924.86515
947.15 11122.979 -25.729 1255.417 870.21389
948.26 11709.479 228.771 1623.917 822.90386
949.36 11600.979 98.271 1469.917 838.60635
950.47 12481.479 326.771 1819.917 814.03362
951.57 13662.979 844.771 2349.917 851.62564
952.68 12888.979 568.771 1976.417 875.23499
953.79 13365.479 439.271 2026.417 814.43109
954.89 12611.979 121.771 1668.417 807.56749
955.99 13862.979 391.271 2152.917 764.72284
957.1 12898.979 230.271 1637.417 900.31244
958.2 13283.479 271.271 1806.417 847.62039
959.31 14092.979 455.771 2090.917 834.00561
960.41 13046.979 130.271 1642.917 853.91495
961.52 12993.479 10.271 1452.917 899.95817
962.62 13587.979 493.771 1946.917 901.09394
963.72 11865.979 -50.729 1492.417 772.23479
964.83 12385.479 -70.729 1396.917 848.72036
965.93 12859.479 341.771 1883.917 811.70722
967.03 13757.479 714.271 2232.917 858.87094
968.13 13092.479 466.771 1975.417 836.8902
969.24 12776.979 175.771 1604.417 882.03869
970.34 12783.979 206.771 1605.917 898.92052
971.44 12519.479 265.771 1650.417 884.97064
972.54 12535.979 346.771 1881.917 794.00985
973.64 11855.979 142.271 1643.917 780.05803
974.75 13799.479 1069.771 2472.917 907.22632
975.85 18414.479 3162.271 4867.417 894.48118
976.95 11844.979 189.771 1479.917 903.40244
978.05 12250.979 525.771 1934.917 832.07916
979.15 12693.979 896.271 2298.917 841.10383
980.25 10054.979 99.771 1282.917 841.41859
981.35 10070.479 179.271 1406.417 806.0337
982.45 12124.479 891.771 2297.417 799.11366
983.55 10792.979 462.771 1760.417 796.07307
984.65 10928.979 418.271 1628.917 868.19025
985.75 10766.979 675.271 1828.917 874.76664
986.85 10341.979 372.271 1638.417 787.40606
987.95 10283.979 185.271 1345.917 870.09393
989.05 11776.979 783.271 2071.417 853.45211
990.15 10890.479 628.271 1710.417 948.32032
991.25 10016.479 443.271 1513.917 894.15274
992.34 10793.979 835.771 1982.917 868.08569
993.44 9921.479 478.271 1473.917 948.45063
994.54 9336.479 386.771 1334.417 944.41497
995.64 9211.979 731.271 1754.417 828.88564
996.74 9469.979 789.271 1829.917 834.16553
997.83 8038.979 73.771 1008.417 852.21671
998.93 8626.979 315.271 1299.917 844.13185
1000.03 9692.479 1230.771 2285.917 801.9468
1001.12 9313.979 704.771 1735.417 835.32175
1002.22 8911.479 729.271 1828.417 744.41522
1003.32 7868.479 272.271 1190.917 826.89196
1004.41 7722.979 467.271 1408.417 770.94413
1005.51 7190.479 402.771 1217.917 832.69868
1006.6 6100.479 188.771 987.917 739.75334
1007.7 7144.979 624.271 1470.917 770.18135
1008.8 5566.479 103.271 755.917 837.08617
1009.89 7000.479 577.771 1331.917 851.65336
1010.99 6659.979 384.771 1149.417 820.66864
1012.08 6125.979 47.271 826.417 780.1759
1013.18 6760.979 394.271 1240.917 751.99195
1014.27 6764.479 202.271 1009.417 813.01392
1015.36 7008.479 334.271 1124.417 844.6806
1016.46 7057.979 402.771 1194.917 840.14942
1017.55 6433.979 148.271 862.917 879.55567
1018.65 6836.979 496.771 1208.917 890.29639
1019.74 6970.979 586.771 1441.917 746.5637
1020.83 6067.479 505.271 1239.417 757.64355
1021.93 5786.479 280.271 1081.417 687.29166
1023.02 5333.979 38.271 740.917 753.68098
1024.11 4862.479 63.771 754.417 694.81459
1025.2 5193.979 88.271 722.417 805.13153
1026.3 5743.479 454.271 1131.917 780.52698
1027.39 5678.979 597.771 1268.417 757.65897
1028.48 5579.979 486.771 1072.417 869.67384
1029.57 4692.979 312.771 901.917 743.48452
1030.66 5080.979 451.771 1035.417 793.15371
1031.75 7268.979 1483.271 2155.917 860.14177
1032.84 5242.979 652.771 1237.417 785.12633
1033.94 3913.979 161.271 678.417 725.65764
1035.03 5061.979 773.771 1262.917 876.67278
1036.12 3608.479 90.271 614.917 670.58729
1037.21 3478.479 66.771 609.417 628.71731
1038.3 4307.479 522.771 1049.417 718.64393
1039.39 3278.479 153.271 549.417 788.90347
1040.48 3779.979 455.771 904.417 740.94265
1041.57 4049.479 616.271 1021.917 846.35606
1042.66 3474.479 441.771 862.917 720.10883
1043.74 4011.979 508.271 928.417 833.92671
1044.83 3852.479 543.271 974.917 766.64892
1045.92 2688.479 45.771 481.917 605.92313
1047.01 3761.979 617.771 1054.417 720.08212
1048.1 2467.979 96.771 402.417 775.80266
1049.19 3273.479 502.271 822.417 865.60812
1050.27 2876.479 342.271 705.417 697.84866
1051.36 2818.479 305.271 681.417 668.14733
1052.45 3144.979 469.771 875.417 659.49361
1053.54 3016.479 466.771 758.417 874.24815
1054.62 3242.979 525.271 900.417 724.44044
1055.71 2955.979 467.771 822.917 700.61594
1056.8 3576.979 688.271 1055.917 785.73136
1057.88 2743.979 328.771 652.417 746.2504
1058.97 2739.979 458.771 804.417 659.98433
1060.06 3628.479 834.771 1296.917 604.50801
1061.14 2546.479 367.771 664.417 734.44764
1062.23 5199.479 1608.271 2089.917 745.61173
1063.31 2689.979 547.271 887.917 629.01347
1064.4 2189.479 279.271 610.417 576.84807
1065.48 2450.979 526.771 738.917 907.02138
1066.57 2187.979 362.771 691.917 554.52877
1067.65 2404.979 543.771 885.417 544.77709
1068.74 2151.979 357.271 635.417 645.24006
1069.82 2467.979 544.271 856.417 616.28508
1070.9 6106.979 2151.771 2635.417 817.78993
1071.99 2415.479 561.771 908.917 533.98544
1073.07 2247.979 491.771 826.917 524.01318
1074.15 2359.479 576.771 914.417 527.9817
1075.24 2165.479 526.771 764.417 689.55897
1076.32 2227.479 625.771 880.417 628.99446
1077.4 3315.979 963.771 1324.417 652.2212
1078.49 1542.479 218.271 494.417 479.53225
1079.57 2403.979 655.271 905.917 697.68092
1080.65 2965.479 866.771 1207.917 615.19396
1081.73 1789.979 382.771 651.417 523.81539
1082.81 1376.979 238.271 479.917 471.23027
1083.89 2123.479 548.771 799.417 628.26027
1084.98 2132.479 533.271 847.417 509.06555
1086.06 1410.479 267.771 470.917 562.50644
1087.14 1420.479 283.771 487.417 558.17906
1088.22 1956.979 524.771 765.417 595.15183
1089.3 1405.479 261.771 458.417 581.60826
1090.38 3320.979 1101.771 1433.417 669.15025
1091.46 2165.479 598.771 838.417 653.75982
1092.54 1513.979 405.771 657.917 439.51083
1093.62 1616.979 412.771 674.917 459.36577
1094.7 1242.979 186.271 429.417 434.59857
1095.78 1798.479 490.771 699.917 625.26143
1096.86 1980.979 545.771 843.917 481.37789
1097.93 3447.479 1146.271 1458.417 737.22239
1099.01 2444.979 802.271 1099.917 551.9004
1100.09 1334.479 334.271 492.917 630.46623
