196.55 864.042 972.948 1339.379 -29.72064
197.76 1034.173 1427.472 1995.603 -69.2267
198.96 975.334 1340.45 1803.191 -78.90299
200.16 632.366 796.077 1227.164 -37.97639
201.36 1092.692 1587.379 2062.06 -104.21477
202.56 787.056 990.115 1401.163 -49.40037
203.76 716.415 849.94 1265.984 -32.09386
204.96 734.274 932.264 1411.806 -41.28741
206.16 601.827 712.367 946.298 -47.25275
207.36 927.64 1181.173 1687.519 -50.07096
208.56 780.071 1052.507 1476.29 -64.28668
209.76 561.398 637.704 982.138 -22.15419
210.96 762.829 888.539 1380.408 -25.55755
212.16 1381.499 2056.997 2537.841 -140.48194
213.36 865.522 1126.644 1600.47 -55.10944
214.56 741.3 890.479 1274.997 -38.79651
215.76 1287.415 1834.94 2402.485 -96.47252
216.96 1095.84 1568.862 2050.473 -98.21669
218.16 794.045 985.792 1447.599 -41.52102
219.35 574.709 716.838 1152.749 -32.60514
220.55 748.048 872.359 1328.661 -27.24334
221.75 705.412 810.596 1150.265 -30.96648
222.95 1037.231 1461.314 1932.768 -89.9521
224.15 862.257 1090.029 1574.459 -47.01857
225.35 657.52 782.472 1287.36 -24.74849
226.55 653.43 792.831 1188.111 -35.26656
227.75 1047.731 1378.814 1879.768 -66.09046
228.94 894.398 1122.204 1555.138 -52.61929
230.14 830.264 919.113 1379.351 -19.30494
231.34 686.909 847.028 1265.702 -38.2442
232.54 612.248 780.549 1133.115 -47.73617
233.74 652.12 805.869 1171.11 -42.09538
234.93 752.182 791.951 1221.947 -9.24878
236.13 740.226 951.574 1439.095 -43.3514
237.33 776.81 930.131 1313.452 -39.99812
238.53 701.386 887.381 1239.073 -52.88546
239.72 981.512 1373.993 1901.015 -74.47141
240.92 573.28 562.676 918.088 2.98346
242.12 900.451 1152.807 1622.13 -53.76998
243.31 649.963 755.63 1186.695 -24.51317
244.51 571.291 627.0 952.653 -17.10675
245.71 992.811 1278.803 1722.062 -64.52029
246.9 1170.791 1688.0 2212.153 -98.67515
248.1 776.974 950.954 1448.759 -34.94935
249.3 751.082 982.33 1398.854 -55.51859
250.49 766.383 893.313 1321.511 -29.6427
251.69 808.484 1049.106 1539.214 -49.09555
252.89 746.094 916.154 1388.919 -35.97145
254.08 551.398 579.204 954.138 -7.41637
255.28 856.576 976.919 1400.072 -28.43937
256.47 571.36 577.666 955.382 -1.66929
257.67 880.552 1159.099 1530.833 -74.93185
258.86 981.085 1172.898 1590.417 -45.94123
260.06 726.244 917.809 1356.442 -43.67337
261.26 1115.608 1459.546 1914.546 -75.59059
262.45 680.807 939.063 1294.389 -72.68145
263.65 486.233 565.158 907.488 -23.055
264.84 858.549 1081.531 1469.771 -57.43424
266.04 636.094 804.154 1217.419 -40.66651
267.23 523.373 487.661 823.556 10.6319
268.42 618.646 706.584 1015.802 -28.43916
269.62 770.882 882.641 1322.401 -25.41359
270.81 747.656 959.736 1397.256 -48.47326
272.01 799.027 923.056 1333.752 -30.19965
273.2 892.841 1164.034 1567.583 -67.20197
274.4 529.921 664.852 908.767 -55.31876
275.59 838.679 1028.883 1499.385 -40.4259
276.78 809.957 892.718 1361.913 -17.63907
277.98 687.728 772.746 1191.206 -20.31692
279.17 714.258 903.201 1285.069 -49.47849
280.37 660.385 837.985 1198.621 -49.24636
281.56 513.437 528.915 926.504 -3.89308
282.75 557.418 617.508 1021.047 -14.89063
283.95 633.352 801.186 1237.537 -38.46307
285.14 694.631 863.193 1247.675 -43.84128
286.33 615.066 700.267 1012.118 -27.32097
287.52 778.401 948.548 1368.358 -40.52976
288.72 858.487 1136.95 1615.434 -58.1968
289.91 1062.259 1410.373 1957.179 -63.66302
291.1 848.77 1007.024 1453.634 -35.43476
292.29 780.683 997.623 1395.057 -54.58513
293.49 793.948 1044.239 1446.568 -62.21039
294.68 581.141 729.845 997.629 -55.53089
295.87 622.844 803.102 1201.145 -45.28592
297.06 834.039 940.38 1418.817 -22.22674
298.26 424.072 420.179 733.9 1.24099
299.45 626.463 789.13 1098.195 -52.63224
300.64 732.048 822.859 1190.661 -24.69043
301.83 738.909 857.028 1294.202 -27.01866
303.02 606.526 630.384 1057.142 -5.59053
304.21 897.117 1123.525 1573.39 -50.32806
305.4 678.408 875.356 1160.092 -69.16855
306.59 684.36 920.166 1316.882 -59.43923
307.79 716.388 803.053 1187.683 -22.53201
308.98 522.764 579.113 932.851 -15.9295
310.17 825.256 966.081 1430.275 -30.33758
311.36 696.51 857.597 1178.563 -50.18816
312.55 1152.886 1560.657 2066.731 -80.57531
313.74 513.2 584.359 957.404 -19.07499
314.93 816.071 1009.007 1474.29 -41.46637
316.12 710.947 787.067 1192.958 -18.75379
317.31 415.803 406.823 740.217 2.69329
318.5 539.2 574.859 920.404 -10.31945
319.69 708.324 830.799 1262.736 -28.35468
320.88 644.736 736.225 1134.55 -22.96846
322.07 613.206 607.271 993.686 1.53605
323.26 551.349 607.342 935.817 -17.04631
324.45 489.437 447.415 793.504 12.14186
325.64 679.867 766.749 1195.274 -20.27465
326.83 810.27 996.024 1395.634 -46.48414
328.01 680.775 738.436 1110.916 -15.48032
329.2 767.388 976.053 1403.683 -48.79562
330.39 635.039 727.38 1086.817 -25.69044
331.58 557.157 542.908 969.366 3.34126
332.77 942.006 1253.081 1742.233 -63.59473
333.96 432.163 448.82 671.648 -7.47526
335.15 517.893 524.964 868.466 -2.05852
336.33 539.157 590.908 878.866 -17.97168
337.52 623.937 719.415 1040.504 -29.73587
338.71 613.334 710.45 1050.191 -28.58537
339.9 573.288 614.932 995.09 -10.95433
341.08 601.911 688.2 1067.812 -22.73089
342.27 724.313 879.475 1376.672 -31.20743
343.46 791.376 1063.729 1446.619 -71.13086
344.65 818.376 897.229 1356.119 -17.18338
345.83 809.494 983.257 1460.668 -36.39688
347.02 514.774 470.264 791.306 13.86415
348.21 859.146 1021.584 1513.302 -33.035
349.4 456.372 462.989 862.946 -1.65451
350.58 656.261 718.045 1108.789 -15.81188
351.77 593.62 575.369 941.11 4.98997
352.96 376.285 324.088 698.37 13.94601
354.14 656.856 619.926 1114.21 7.47147
355.33 532.963 536.13 920.695 -0.82369
356.51 444.857 387.098 701.82 18.35259
357.7 635.461 679.734 1173.743 -8.96208
358.89 581.749 511.721 949.225 16.00631
360.07 811.137 915.105 1399.957 -21.44319
361.26 896.85 1061.79 1572.085 -32.32248
362.44 687.19 733.483 1177.108 -10.43526
363.63 547.686 481.743 950.435 14.0694
364.81 637.526 531.437 1069.458 19.71838
366.0 493.74 276.518 729.538 47.94987
367.18 1139.056 1403.392 2092.821 -38.34122
368.37 569.726 529.85 875.253 11.54478
369.55 690.752 737.065 1246.445 -9.09208
370.74 792.032 911.572 1458.582 -21.85347
371.92 1013.027 1158.332 1668.41 -28.48689
373.11 652.964 476.078 1016.963 32.70299
374.29 568.304 421.772 908.985 30.07555
375.48 642.893 531.741 1060.623 21.01647
376.66 560.854 441.53 902.257 25.89913
377.84 933.726 953.85 1582.253 -3.2024
379.03 630.693 405.051 908.67 44.80411
380.21 552.657 332.184 747.024 53.14646
381.39 501.275 266.212 675.074 57.49202
382.58 853.553 816.548 1409.101 6.24511
383.76 1105.918 1148.784 1715.705 -7.56119
384.94 1132.166 1254.164 1936.868 -17.86985
386.13 743.523 426.593 963.237 59.05772
387.31 821.307 618.339 1185.047 35.81517
388.49 730.797 474.688 1029.093 46.19527
389.68 853.279 637.952 1263.246 34.43615
390.86 858.838 567.466 1204.521 45.73739
392.04 1126.843 982.706 1677.693 20.73948
393.22 897.838 445.466 1111.021 67.96921
394.41 887.856 473.202 1085.367 67.73557
395.59 685.699 193.463 865.952 73.1961
396.77 933.144 552.689 1295.349 51.22869
397.95 1018.671 637.576 1375.151 51.66872
399.13 1148.225 792.678 1560.643 46.29724
400.31 1078.308 447.511 1233.657 80.23915
401.5 1264.409 626.304 1514.36 71.85413
402.68 1268.275 734.712 1616.074 60.53847
403.86 1146.0 434.445 1296.108 82.57921
405.04 1391.579 807.263 1861.292 55.43644
406.22 1082.57 367.783 1341.448 73.41207
407.4 1377.003 697.013 1747.671 64.7204
408.58 1644.769 814.301 1875.791 78.23607
409.76 1613.452 947.755 2029.398 61.54501
410.94 1521.339 624.466 1721.521 81.75275
412.12 1429.53 502.9 1505.972 92.37923
413.3 1354.37 359.093 1500.994 87.15965
414.48 1312.569 371.111 1363.838 94.83557
415.66 1330.138 445.277 1491.567 84.57132
416.84 2001.15 1233.1 2392.132 66.2665
418.02 1745.344 623.378 1795.303 95.73704
419.2 1686.091 419.586 1512.357 115.89848
420.38 1761.978 583.97 1792.589 97.46727
421.56 1689.88 427.245 1581.949 109.34713
422.74 2032.99 1081.794 2295.154 78.39353
423.92 1807.457 865.995 2097.57 76.4437
425.1 1717.069 464.111 1706.838 100.8233
426.28 1749.304 405.995 1712.327 102.83058
427.46 2390.664 1356.492 2799.259 71.67981
428.63 2080.493 571.861 2000.716 105.58325
429.81 2140.546 687.964 1968.209 113.46128
430.99 2073.918 754.784 2180.705 92.51102
432.17 2271.934 1145.347 2523.941 81.71994
433.35 2094.676 827.316 2288.823 86.71596
434.52 1807.739 155.069 1442.77 128.3427
435.7 2025.831 376.383 1827.128 113.6966
436.88 2395.79 840.104 2306.7 106.07455
438.06 2457.702 552.531 2072.014 125.3828
439.23 2424.709 399.115 1956.406 130.07158
440.41 2498.976 594.126 2298.869 111.7382
441.59 2597.419 828.456 2548.315 102.85515
442.77 2339.072 276.679 1951.4 123.14845
443.94 2710.886 760.657 2663.231 102.50477
445.12 2830.375 769.833 2568.167 114.58061
446.3 3078.349 1093.118 2946.475 107.11539
447.47 3091.402 666.72 2632.968 123.31518
448.65 3384.967 720.646 2715.525 133.55803
449.82 3256.967 500.146 2418.525 143.70576
451.0 3424.622 609.213 2599.83 141.43399
452.18 3397.955 476.823 2644.96 134.73003
453.35 3421.526 530.16 2753.3 130.05777
454.53 3400.633 558.865 2819.285 125.71857
455.7 3425.601 334.238 2713.311 129.93979
456.88 4043.428 945.935 3424.159 124.98841
458.05 4105.079 591.763 3040.792 143.45749
459.23 4245.918 315.784 2806.205 157.81005
460.4 4714.526 580.16 3298.8 152.0748
461.58 4901.288 719.432 3462.09 152.47455
462.75 4755.375 315.333 3204.667 153.6701
463.93 4896.923 628.696 3520.987 147.57255
465.1 4842.752 525.065 3629.945 139.06134
466.28 4751.997 218.101 3243.888 149.84186
467.45 4801.526 146.66 3291.8 148.00188
468.63 5280.52 523.249 3846.018 143.1719
469.8 5803.558 870.287 4222.273 147.17454
470.97 5894.939 405.259 3823.724 160.58907
472.15 6382.932 595.675 4138.332 163.35925
473.32 6691.497 704.601 4322.388 165.48503
474.49 6870.444 859.499 4671.896 157.66839
475.67 6535.879 507.573 4177.839 164.24712
476.84 6371.159 327.08 4088.476 160.68711
478.01 6500.434 636.347 4688.941 144.69957
479.19 6580.529 548.728 4557.862 150.45147
480.36 6516.282 309.02 4472.808 149.07729
481.53 7011.391 596.897 4836.903 151.285
482.7 7311.615 497.129 4733.938 160.84007
483.88 7626.846 275.774 4583.755 170.63843
485.05 7957.428 361.935 4823.659 170.23672
486.22 8209.518 478.405 4938.797 173.32807
487.39 8237.565 333.595 4795.508 177.14309
488.56 8295.052 485.876 5021.991 172.15558
489.74 8365.411 897.2 5619.313 158.15403
490.91 7823.454 242.651 4990.851 159.65637
492.08 7861.552 375.876 5230.491 154.19709
493.25 7696.97 278.714 5092.587 154.10161
494.42 8040.986 476.778 5228.824 159.17792
495.59 8270.787 417.26 5317.48 160.26885
496.76 8525.3 465.756 5367.155 164.43354
497.93 9093.105 610.478 5616.483 169.44902
499.1 9312.007 572.753 5591.843 174.12029
500.27 9633.045 1040.792 6267.099 164.40391
501.44 9713.842 1228.534 6296.083 167.44402
502.61 9047.395 423.137 5408.076 173.00628
503.78 9034.496 629.929 5761.278 163.78864
504.95 9173.966 1123.474 6516.415 149.27832
506.12 8667.555 696.943 5888.053 153.54349
507.29 8499.852 335.186 5433.538 160.14324
508.46 8725.013 32.165 5307.125 164.79457
509.63 9518.513 1258.165 6645.125 153.33969
510.8 9987.416 1179.612 6671.095 160.39027
511.97 9672.54 558.552 5824.426 173.07644
513.14 9971.409 258.528 5792.702 175.50733
514.31 10576.228 785.746 6241.206 179.46208
515.48 10549.711 495.01 6045.359 181.1544
516.65 10503.438 525.087 6124.614 178.19991
517.81 10378.104 355.806 5922.374 180.04448
518.98 10388.863 695.01 6349.102 171.44845
520.15 10056.963 161.13 5858.695 173.68531
521.32 10231.637 703.605 6464.457 165.39275
522.49 10570.931 1502.503 7468.221 152.00899
523.65 10791.7 1158.859 7184.404 159.86671
524.82 10442.879 638.073 6545.839 165.9647
525.99 10517.49 78.517 6017.496 175.7705
527.16 11398.715 631.25 6882.031 172.25792
528.32 11890.712 730.182 7018.969 177.46714
529.49 12158.196 411.619 6654.732 188.15257
530.66 12388.327 114.367 6539.298 191.03643
531.82 12589.767 180.957 6592.071 193.55152
532.99 12671.346 320.274 6997.255 184.97987
534.16 12658.147 444.256 7148.912 182.17031
535.32 12907.378 794.401 7641.229 176.91372
536.49 12752.157 294.408 7207.866 180.19563
537.65 13269.82 1011.059 8080.564 173.40339
538.82 12846.523 321.816 7430.58 176.18686
539.99 13323.749 642.721 8076.725 170.58141
541.15 13878.111 818.39 8357.766 173.22019
542.32 14458.952 147.979 7854.74 185.69374
543.48 15345.941 811.155 8785.676 182.26533
544.65 16057.612 992.785 8917.718 190.09408
545.81 17287.045 1483.292 10133.099 182.70643
546.98 17379.984 503.106 9285.714 192.16249
548.14 18575.545 783.792 9857.099 196.08896
549.31 18514.76 402.873 9415.179 200.9684
550.47 18695.555 469.443 9763.554 196.10388
551.63 19224.604 914.806 10766.874 185.84725
552.8 19180.299 454.584 10034.545 195.46755
553.96 19049.92 459.852 10240.767 190.06472
555.13 19280.834 391.45 10690.69 183.40561
556.29 19924.646 934.084 11394.302 181.55036
557.45 19607.906 274.46 10552.64 188.10185
558.62 20397.033 523.468 11224.534 185.71575
559.78 21025.484 771.606 11627.214 186.57525
560.94 21186.592 371.982 11276.809 190.8752
562.11 22364.285 391.088 11510.37 197.61345
563.27 22930.813 157.975 11361.672 203.26181
564.43 23651.738 32.397 11656.66 203.19001
565.59 24062.709 205.838 12004.749 202.19554
566.76 24901.379 351.073 12192.839 207.31964
567.92 25270.129 571.349 12448.455 207.95284
569.08 25480.969 715.042 13216.978 198.09674
570.24 25180.422 352.024 12896.877 197.91701
571.4 25902.48 226.366 12819.042 203.8972
572.57 25649.85 367.342 13100.317 198.55931
573.73 25186.77 55.524 13072.134 193.07059
574.89 25777.619 452.697 13544.0 193.44845
576.05 26124.734 476.158 13770.987 192.92144
577.21 26174.471 157.714 13514.587 194.78179
578.37 26460.475 18.954 13640.76 194.11171
579.53 27317.021 193.644 13978.47 196.76257
580.69 27828.189 597.535 14724.34 192.75876
581.85 27952.576 351.919 14327.072 197.49806
583.01 29073.039 401.88 14435.816 204.29877
584.17 29671.082 484.83 14656.854 205.94272
585.33 30635.99 572.517 14948.496 209.12296
586.49 30903.926 377.763 14735.049 212.61793
587.65 30674.986 573.278 15187.824 205.97087
588.81 30752.629 566.521 15553.064 201.42141
589.97 31119.135 929.433 15628.847 205.38031
591.13 30320.783 421.02 15287.808 201.11785
592.29 30248.727 336.574 15254.096 200.5169
593.45 30091.564 213.595 14965.508 202.53624
594.61 29745.541 134.052 15178.927 196.82111
595.77 29484.754 196.961 15395.896 192.69634
596.93 29927.578 91.091 14998.683 200.1429
598.09 29618.508 382.753 15545.343 192.81505
599.24 30050.447 138.067 15446.458 195.39859
600.4 30582.926 291.763 15433.549 200.05014
601.56 29908.959 233.39 15322.522 196.66849
602.72 31243.904 368.616 15465.42 204.5154
603.87 31685.154 473.064 15310.146 210.36542
605.03 31500.904 232.116 15238.92 208.36408
606.19 31889.85 148.514 14826.428 216.25236
607.35 31361.727 -3.926 15131.096 207.2389
608.5 31792.113 594.457 15492.328 209.41017
609.66 32193.301 989.651 15859.107 209.85064
610.82 31702.824 146.299 15137.236 210.50401
611.97 30891.146 125.084 14915.802 208.00926
613.13 31361.355 573.754 15514.6 206.06331
614.29 30426.512 496.993 15383.016 201.05786
615.44 30383.328 717.539 15456.908 201.26905
616.6 29909.883 180.141 14843.401 202.74987
617.76 29946.291 663.0 15414.652 198.50855
618.91 29722.73 726.314 15170.268 200.75124
620.07 29161.748 641.049 15204.114 195.84269
621.22 29184.447 17.567 14577.958 200.3166
622.38 29845.646 1061.084 15637.302 197.47621
623.53 29322.98 78.366 14625.542 201.03293
624.69 29821.242 112.137 14268.832 209.85905
625.84 29503.469 217.542 14299.978 207.96067
627.0 29975.047 488.964 14831.709 205.58186
628.15 29803.844 -0.398 14734.646 202.26776
629.31 30113.932 318.175 14728.331 206.76915
630.46 30223.033 -23.532 14344.034 210.51976
631.61 30002.602 374.134 14629.264 207.84425
632.77 30599.992 228.189 14833.106 207.95601
633.92 30063.039 495.38 14691.816 208.27522
635.08 30234.52 949.577 15177.407 205.82859
636.23 30053.592 308.482 14744.809 206.04348
637.38 29612.871 -74.511 14334.446 206.03422
638.54 29889.787 654.76 15135.48 201.88931
639.69 29346.43 936.831 15459.111 195.62767
640.84 29285.426 490.402 14738.753 202.09373
641.99 29376.689 97.409 14039.882 210.00063
643.15 29615.453 816.916 14835.512 205.43097
644.3 28816.719 95.422 14179.142 203.93261
645.45 28882.982 -58.071 14110.771 204.25842
646.6 29455.246 811.436 15075.401 200.81239
647.75 29283.01 161.942 14418.031 204.27108
648.91 29810.773 -136.551 13971.661 212.26874
650.06 29743.537 225.455 14825.291 202.18092
651.21 30620.301 417.462 14565.42 213.47843
652.36 30398.066 450.969 14709.05 210.03596
653.51 30121.33 101.475 14213.68 212.72265
654.66 30177.594 273.982 14861.81 204.99017
655.81 30678.857 651.989 15048.939 208.56409
656.96 30670.621 69.495 14402.569 213.50009
658.11 31056.885 365.002 14800.199 212.61838
659.27 30412.148 531.009 14925.328 207.58981
660.42 30895.914 29.015 14459.958 213.89385
661.57 31042.178 421.022 14835.088 212.43941
662.72 30064.941 -139.971 14611.718 204.75562
663.87 30334.705 -99.965 14122.848 213.98489
665.01 30313.969 316.042 14693.978 208.63862
666.16 30529.232 41.049 14739.607 207.42295
667.31 30532.496 95.555 14982.237 204.45752
668.46 31243.26 760.562 15722.366 203.73678
669.61 30460.525 206.069 15547.996 197.20115
670.76 31182.789 4.575 15214.626 204.98429
671.91 31706.553 769.582 16378.756 198.19736
673.06 32881.316 519.589 16014.886 208.84871
674.21 31101.08 -161.405 15583.016 198.56231
675.35 32417.844 284.102 15720.146 208.17343
676.5 32168.107 167.609 15849.774 204.05663
677.65 32885.371 72.615 15783.904 208.84827
678.8 32255.137 -110.878 15727.034 204.35784
679.94 33805.898 40.629 16048.164 210.93359
681.09 34508.664 370.135 17049.793 204.67164
682.24 35326.43 363.142 17513.924 203.85827
683.39 35305.691 -1.851 17222.553 204.98557
684.53 36334.957 558.155 17196.684 215.02384
685.68 36182.219 214.662 17614.813 206.70831
686.83 36167.484 301.169 17607.443 207.24458
687.97 35179.246 298.175 17622.072 201.34656
689.12 36902.512 178.182 17514.703 211.83217
690.27 35767.777 68.189 17408.832 205.87234
691.41 36143.539 468.195 17969.961 203.83854
692.56 35562.305 358.702 17742.592 202.50705
693.7 36783.066 378.709 17681.721 210.39318
694.85 36302.332 48.215 17192.852 211.4604
695.99 36125.594 398.222 17794.98 205.36798
697.14 36254.859 184.229 17551.111 207.69778
698.28 36382.625 342.735 18251.74 201.23893
699.43 36408.387 391.242 18390.369 200.10495
700.57 35546.652 -74.251 17710.5 200.28902
701.72 36176.414 -50.745 17219.129 209.77084
702.86 36064.18 -107.738 17549.26 204.85882
704.01 36666.441 50.269 17415.389 210.86046
705.15 36687.207 433.275 18332.02 202.55014
706.29 37542.973 126.782 17723.648 212.62985
707.44 37180.234 171.288 18374.777 203.30688
708.58 37856.0 -124.205 17936.408 210.293
709.72 37525.762 629.302 18731.037 203.8283
710.87 37716.527 -137.192 17783.168 211.23303
712.01 37542.789 0.315 17644.297 212.77779
713.15 37811.555 217.322 18427.928 206.44142
714.3 38288.82 348.828 17921.557 215.90268
715.44 37712.082 92.335 18611.186 203.14299
716.58 37837.348 277.342 18420.816 207.01661
717.72 36996.109 52.848 18398.945 201.3685
718.87 38658.875 240.855 18262.076 213.18211
720.01 36619.637 117.362 18078.205 203.23252
721.15 37907.402 -54.132 17879.836 211.67393
722.29 37641.168 345.875 18022.965 210.98096
723.43 37930.93 498.882 18553.596 207.32562
724.57 37931.695 450.388 18287.225 210.13428
725.72 36922.957 244.895 18067.354 205.79687
726.86 37020.223 678.902 18459.484 204.38768
728.0 37322.484 164.408 17772.113 211.03305
729.14 37560.75 -2.085 17477.244 214.89861
730.28 36642.016 481.422 17805.373 208.73179
731.42 36688.277 10.928 17753.004 206.72524
732.56 37465.543 722.435 18545.133 206.15907
733.7 36460.805 386.942 18597.262 198.09571
734.84 36695.07 -127.052 17331.393 210.91296
735.98 37401.832 148.955 17932.521 209.47922
737.12 37119.598 -3.038 17789.152 208.64567
738.26 37144.863 17.468 17486.281 212.53531
739.4 36967.625 228.475 17917.912 207.68976
740.53 37018.891 407.482 18162.541 206.20268
741.67 36207.652 273.488 17733.67 205.80636
742.81 37549.418 -222.505 17185.301 216.98268
743.95 36575.18 241.002 17969.93 204.94289
745.09 36111.945 19.508 17370.561 208.01296
746.23 36111.207 399.515 17605.189 207.55764
747.36 36070.473 453.522 17477.32 209.21859
748.5 35958.738 60.028 17069.949 211.04572
749.64 34876.0 25.035 17006.078 205.23454
750.78 35259.766 -5.458 16833.209 209.43002
751.92 35189.527 74.548 16909.838 208.5796
753.05 34579.293 155.555 16258.969 213.76671
754.19 35686.555 635.562 16783.098 217.06713
755.33 33518.82 -151.932 16117.228 206.96061
756.46 33867.086 245.075 16057.357 212.63224
757.6 33050.348 82.082 15697.487 211.12654
758.74 32766.613 562.088 16315.617 204.42737
759.87 32912.875 244.595 16092.247 206.13956
761.01 31796.641 271.102 15563.377 206.15336
762.14 31805.404 234.608 15825.006 202.50154
763.28 32590.668 408.115 15272.136 216.5131
764.41 31199.932 249.121 15157.766 207.60312
765.55 31004.695 -123.872 14748.896 209.29909
766.69 30318.459 289.635 15202.025 201.36828
767.82 30394.725 266.641 15014.155 204.29263
768.95 30663.488 26.148 14525.285 211.30458
770.09 30258.752 737.655 15281.915 202.97421
771.22 30674.516 661.661 15275.044 205.37924
772.36 29458.279 504.168 14678.674 204.26893
773.49 29305.043 489.175 14838.804 200.81264
774.63 29154.307 196.181 14003.434 209.73127
775.76 27587.072 154.688 13969.563 198.57135
776.89 28373.836 428.195 14067.693 204.8876
778.03 28711.6 360.201 13450.823 216.57793
779.16 27857.363 8.708 13358.952 208.60035
780.29 27397.127 308.215 13035.582 212.83987
781.43 27958.891 606.221 13093.712 219.04056
782.56 26585.154 315.228 13181.842 204.17125
783.69 26019.42 11.735 12475.972 208.65846
784.82 25547.684 233.241 12821.602 201.09404
785.96 25438.447 116.748 12587.731 203.04493
787.09 25201.211 204.255 12186.361 208.61904
788.22 25198.475 394.261 12237.99 209.42909
789.35 24456.238 157.768 11739.62 209.79779
790.48 24170.502 142.275 12009.25 202.47979
791.62 23533.268 580.281 11944.38 201.97806
792.75 23524.531 5.288 11194.01 210.20492
793.88 22812.795 737.795 11788.14 199.76752
795.01 23332.559 353.801 11355.77 208.86042
796.14 23438.322 404.808 11514.898 207.32067
797.27 21705.586 493.815 11487.528 192.94455
798.4 21925.35 283.321 10909.158 203.67364
799.53 21311.115 -4.672 10310.788 206.63923
800.66 21191.379 316.335 10739.418 200.27705
801.79 21350.643 1276.841 11846.548 189.91825
802.92 20693.406 199.848 10216.178 204.60147
804.05 20295.67 381.855 10327.308 200.23035
805.18 19810.934 290.861 10017.937 200.67771
806.31 20350.197 215.868 9756.066 211.04728
807.44 19858.963 -64.625 9580.196 206.5729
808.57 19771.727 400.381 10089.826 199.92214
809.69 19840.49 400.888 9940.456 203.77864
810.82 18778.254 -163.605 9102.586 204.41904
811.95 19664.018 988.401 10112.216 204.69088
813.08 18553.281 103.908 8928.345 209.0714
814.21 19065.545 1064.915 10169.975 197.69919
815.33 18729.311 282.921 9203.104 206.79384
816.46 18166.074 308.928 9013.734 205.14122
817.59 17756.838 847.435 9490.864 195.63303
818.72 17783.102 504.441 8670.494 211.59133
819.84 17531.365 896.448 9116.124 202.37923
820.97 16722.129 446.454 8550.754 200.82765
822.1 16379.394 593.961 8538.383 198.69832
823.22 15984.657 -30.532 7767.513 205.37442
824.35 16129.921 92.474 7844.143 206.89026
825.48 15691.186 574.481 7850.272 207.76715
826.6 15389.949 310.488 7455.902 211.0369
827.73 15196.213 -144.506 7245.032 207.60053
828.85 14805.477 268.501 7361.662 204.94356
829.98 15024.741 610.008 7638.292 205.09607
831.11 14220.505 70.014 6945.921 205.79817
832.23 14482.269 81.521 6962.051 209.29708
833.36 14576.032 524.528 7592.181 198.8143
834.48 13739.797 259.034 6894.811 203.15276
835.6 14078.061 482.041 7014.94 208.11616
836.73 13767.324 -7.952 6711.07 205.01907
837.85 13403.089 535.054 6989.7 199.36083
838.98 12699.853 -104.439 6228.33 202.19105
840.1 13632.116 458.568 6766.959 208.8258
841.23 13211.88 371.074 6570.589 207.12599
842.35 12999.645 720.581 7111.219 192.14144
843.47 12926.408 248.588 6354.849 207.62003
844.6 12307.172 26.594 6149.978 200.55215
845.72 12387.437 155.101 6077.608 206.53983
846.84 12799.7 134.608 5955.738 217.57103
847.96 12499.964 139.114 5813.368 217.84099
849.09 12340.728 58.121 5820.497 213.15177
850.21 12244.992 232.628 5935.127 210.65087
851.33 12049.756 385.134 5976.757 208.60889
852.45 11283.02 25.141 5610.387 201.56461
853.57 11431.283 232.148 5832.016 199.98926
854.7 11171.048 67.654 5477.146 205.25761
855.82 11022.812 -0.339 5659.776 194.75136
856.94 11095.575 485.168 5827.405 198.61354
858.06 10891.34 -64.326 5132.035 210.83342
859.18 10625.604 425.181 5653.165 195.11197
860.3 10853.367 244.688 5345.295 207.98856
861.42 10685.131 -89.306 5013.424 211.15043
862.54 10353.396 -65.799 4962.554 207.20888
863.66 10568.159 50.708 4975.184 213.57502
864.78 10172.423 186.714 5073.814 204.32791
865.9 10183.688 244.221 5222.943 199.6389
867.02 10530.951 1277.228 6443.073 179.13279
868.14 10753.715 879.234 5701.203 204.78109
869.26 9970.979 575.741 5163.833 204.77439
870.38 9569.743 -90.252 4456.962 212.43763
871.5 9680.507 -94.746 4453.592 214.91922
872.62 9574.271 69.761 4578.222 210.81493
873.74 9465.035 699.268 5511.852 182.14264
874.85 9286.167 40.271 4430.417 210.60568
875.97 9161.667 286.271 4564.417 207.45895
877.09 9815.167 373.271 4811.917 212.72021
878.21 8694.167 220.771 4370.917 204.17105
879.33 9017.167 334.771 4641.417 201.60461
880.44 8604.667 254.771 4375.417 202.63563
881.56 8164.167 111.271 4114.417 201.16419
882.68 8269.167 256.271 4367.917 194.88294
883.79 8891.667 826.771 4988.417 193.79103
884.91 8324.667 -58.229 3702.917 222.88144
886.03 8216.667 456.271 4455.417 194.05135
887.14 8220.667 659.271 4800.417 182.59189
888.26 8557.667 777.271 4809.917 192.93528
889.38 8694.167 636.271 4577.417 204.45568
890.49 8107.167 -89.729 4014.417 199.72233
891.61 8849.667 307.771 4176.917 220.76957
892.72 8257.167 -13.229 4058.417 203.12169
893.84 8803.167 -99.229 3906.917 222.21847
894.95 8169.667 -87.229 3941.917 204.92918
896.07 8650.667 152.271 4075.417 216.62197
897.18 8516.167 384.271 4307.417 207.28
898.3 8092.167 -41.229 3881.917 207.3182
899.41 8496.667 577.271 4446.917 204.6543
900.53 8330.667 335.771 4029.417 216.44999
901.64 8259.667 462.271 4350.417 200.5428
902.75 8060.667 262.771 4055.917 205.57858
903.87 7866.167 116.771 3876.417 206.12036
904.98 7962.167 403.771 4044.917 207.58288
906.09 8042.667 235.771 3943.917 210.53367
907.21 7498.667 438.771 3919.917 202.80379
908.32 7890.667 198.271 3488.417 233.80105
909.43 7399.167 650.771 3977.917 202.82836
910.54 7254.167 280.271 3820.917 196.96676
911.66 7680.667 1160.771 4581.417 190.60424
912.77 6930.667 85.771 3214.417 218.78141
913.88 6901.167 300.271 3645.417 197.32759
914.99 6400.167 69.271 3371.417 191.72065
916.1 6745.667 349.771 3617.417 195.73405
917.22 6356.667 58.771 2918.417 220.23341
918.33 6400.667 688.771 3724.917 188.12981
919.44 6533.667 270.271 3384.417 201.12724
920.55 6871.167 660.771 3674.417 206.07582
921.66 6254.667 428.771 3272.917 204.83814
922.77 6058.167 488.271 3282.417 199.34162
923.88 6193.667 623.271 3542.917 190.79011
924.99 6201.167 373.771 3227.417 204.20879
926.1 5602.167 -11.229 2623.917 213.0203
927.21 5705.667 652.771 3484.417 178.44377
928.32 4909.167 -84.729 2456.417 196.52141
929.43 5218.167 251.771 2756.917 198.24776
930.54 4981.667 111.271 2439.417 209.19632
931.65 5096.167 266.271 2607.917 206.26072
932.76 4941.167 381.771 2750.917 192.44892
933.86 4819.167 302.271 2464.417 208.908
934.97 4664.167 113.771 2305.417 207.62458
936.08 4281.667 164.771 2138.417 208.59343
937.19 4380.167 708.271 2768.917 178.19149
938.3 3863.667 472.271 2273.917 188.23876
939.4 3729.167 674.771 2431.417 173.87658
940.51 3308.667 305.271 1864.417 192.63086
941.62 3142.167 503.771 1984.417 178.19224
942.73 3376.167 1102.771 2513.917 161.10283
943.83 2785.667 302.771 1592.417 192.52542
944.94 2776.167 338.271 1721.417 176.25734
946.05 2549.667 -35.729 1180.417 212.58931
947.15 2686.167 -25.729 1255.417 211.67739
948.26 2748.167 228.771 1623.917 180.58298
949.36 2824.167 98.271 1469.917 198.73177
950.47 2967.667 326.771 1819.917 176.86792
951.57 3345.667 844.771 2349.917 166.15638
952.68 3229.667 568.771 1976.417 189.03164
953.79 3189.667 439.271 2026.417 173.29195
954.89 3059.667 121.771 1668.417 189.95273
955.99 3249.667 391.271 2152.917 162.25712
957.1 3262.667 230.271 1637.417 215.49977
958.2 3127.167 271.271 1806.417 186.03418
959.31 3227.667 455.771 2090.917 169.51979
960.41 3007.167 130.271 1642.917 190.18966
961.52 3005.667 10.271 1452.917 207.63211
962.62 3155.167 493.771 1946.917 183.14721
963.72 2913.167 -50.729 1492.417 192.06843
964.83 3033.167 -70.729 1396.917 211.48808
965.93 3253.167 341.771 1883.917 188.78863
967.03 3483.667 714.271 2232.917 182.35955
968.13 3226.667 466.771 1975.417 182.93863
969.24 2986.667 175.771 1604.417 196.75247
970.34 3051.167 206.771 1605.917 203.29518
971.44 3052.167 265.771 1650.417 201.23529
972.54 3050.667 346.771 1881.917 176.13284
973.64 2779.167 142.271 1643.917 175.60039
974.75 3280.167 1069.771 2472.917 157.53144
975.85 4434.167 3162.271 4867.417 74.59161
976.95 2694.167 189.771 1479.917 194.11728
978.05 2981.667 525.771 1934.917 174.2826
979.15 3111.667 896.271 2298.917 157.94406
980.25 2681.667 99.771 1282.917 218.22297
981.35 2624.667 179.271 1406.417 199.27509
982.45 3172.167 891.771 2297.417 162.23118
983.55 2811.667 462.771 1760.417 181.0121
984.65 2730.167 418.271 1628.917 190.96386
985.75 2778.167 675.271 1828.917 182.28263
986.85 2467.167 372.271 1638.417 165.45456
987.95 2338.667 185.271 1345.917 185.53429
989.05 2614.167 783.271 2071.417 142.1342
990.15 2457.667 628.271 1710.417 169.05263
991.25 2350.167 443.271 1513.917 178.10708
992.34 2502.167 835.771 1982.917 145.26453
993.44 2269.167 478.271 1473.917 179.8728
994.54 2100.167 386.771 1334.417 180.80552
995.64 2429.167 731.271 1754.417 165.94858
996.74 2281.667 789.271 1829.917 143.41055
997.83 1911.667 73.771 1008.417 196.64088
998.93 2039.667 315.271 1299.917 175.12854
1000.03 2470.167 1230.771 2285.917 117.46204
1001.12 2167.667 704.771 1735.417 141.93973
1002.22 2104.167 729.271 1828.417 125.08767
1003.32 1767.167 272.271 1190.917 162.7282
1004.41 1791.167 467.271 1408.417 140.66851
1005.51 1824.667 402.771 1217.917 174.43454
1006.6 1513.167 188.771 987.917 165.72642
1007.7 1799.667 624.271 1470.917 138.8297
1008.8 1483.167 103.271 755.917 211.43102
1009.89 1713.667 577.771 1331.917 150.62018
1010.99 1698.167 384.771 1149.417 171.76526
1012.08 1454.167 47.271 826.417 180.56899
1013.18 1584.667 394.271 1240.917 140.6014
1014.27 1707.167 202.271 1009.417 186.44657
1015.36 1806.167 334.271 1124.417 186.28155
1016.46 1768.667 402.771 1194.917 172.42985
1017.55 1493.167 148.271 862.917 188.19053
1018.65 1653.667 496.771 1208.917 162.4521
1019.74 1685.667 586.771 1441.917 128.50391
1020.83 1521.167 505.271 1239.417 138.37794
1021.93 1460.167 280.271 1081.417 147.27604
1023.02 1265.167 38.271 740.917 174.61083
1024.11 1228.167 63.771 754.417 168.5952
1025.2 1245.667 88.271 722.417 182.51255
1026.3 1364.167 454.271 1131.917 134.27307
1027.39 1412.667 597.771 1268.417 121.50912
1028.48 1286.167 486.771 1072.417 136.49817
1029.57 1177.167 312.771 901.917 146.72017
1030.66 1207.667 451.771 1035.417 129.51276
1031.75 1751.167 1483.271 2155.917 39.82716
1032.84 1244.167 652.771 1237.417 101.15455
1033.94 999.167 161.271 678.417 162.02312
1035.03 1284.167 773.771 1262.917 104.34431
1036.12 919.667 90.271 614.917 158.0868
1037.21 850.667 66.771 609.417 144.45809
1038.3 1133.667 522.771 1049.417 115.99747
1039.39 847.667 153.271 549.417 175.28793
1040.48 1039.667 455.771 904.417 130.14626
1041.57 1022.667 616.271 1021.917 100.18489
1042.66 990.167 441.771 862.917 130.21519
1043.74 930.667 508.271 928.417 100.53553
1044.83 947.667 543.271 974.917 93.68695
1045.92 682.167 45.771 481.917 145.91355
1047.01 944.167 617.771 1054.417 74.75072
1048.1 613.667 96.771 402.417 169.11596
1049.19 809.167 502.271 822.417 95.86126
1050.27 752.667 342.271 705.417 113.0113
1051.36 709.167 305.271 681.417 107.37746
1052.45 821.167 469.771 875.417 86.62627
1053.54 734.667 466.771 758.417 91.85656
1054.62 750.667 525.271 900.417 60.08219
1055.71 719.667 467.771 822.917 70.92744
1056.8 850.667 688.271 1055.917 44.17183
1057.88 633.167 328.771 652.417 94.05214
1058.97 686.667 458.771 804.417 65.93334
1060.06 933.167 834.771 1296.917 21.29109
1061.14 583.167 367.771 664.417 72.61044
1062.23 1277.167 1608.271 2089.917 -68.74433
1063.31 705.667 547.271 887.917 46.49869
1064.4 544.667 279.271 610.417 80.1447
1065.48 668.667 526.771 738.917 66.88599
1066.57 604.167 362.771 691.917 73.34009
1067.65 668.667 543.771 885.417 36.55711
1068.74 580.667 357.271 635.417 80.31608
1069.82 610.667 544.271 856.417 21.27078
1070.9 1613.167 2151.771 2635.417 -111.3633
1071.99 619.667 561.771 908.917 16.67768
1073.07 607.667 491.771 826.917 34.58072
1074.15 575.167 576.771 914.417 -0.47509
1075.24 590.167 526.771 764.417 26.67661
1076.32 653.667 625.771 880.417 10.95477
1077.4 877.667 963.771 1324.417 -23.87498
1078.49 424.167 218.271 494.417 74.56054
1079.57 632.167 655.271 905.917 -9.21784
1080.65 831.667 866.771 1207.917 -10.29007
1081.73 446.167 382.771 651.417 23.59829
1082.81 404.667 238.271 479.917 68.85938
1083.89 568.167 548.771 799.417 7.73836
1084.98 570.667 533.271 847.417 11.90398
1086.06 410.167 267.771 470.917 70.09537
1087.14 458.167 283.771 487.417 85.63683
1088.22 531.167 524.771 765.417 2.6578
1089.3 370.167 261.771 458.417 55.12236
1090.38 875.167 1101.771 1433.417 -68.32718
1091.46 625.667 598.771 838.417 11.22317
1092.54 423.667 405.771 657.917 7.09741
1093.62 466.167 412.771 674.917 20.36874
1094.7 322.167 186.271 429.417 55.89067
1095.78 480.667 490.771 699.917 -4.83117
1096.86 512.667 545.771 843.917 -11.10333
1097.93 869.667 1146.271 1458.417 -88.61379
1099.01 583.167 802.271 1099.917 -73.61237
1100.09 385.667 334.271 492.917 32.39658
