196.55 687.762 972.948 1339.379 -77.82786
197.76 1018.009 1427.472 1995.603 -72.07183
198.96 1012.853 1340.45 1803.191 -70.79502
200.16 672.287 796.077 1227.164 -28.71577
201.36 1085.149 1587.379 2062.06 -105.80368
202.56 760.471 990.115 1401.163 -55.86797
203.76 685.025 849.94 1265.984 -39.63863
204.96 794.079 932.264 1411.806 -28.81601
206.16 548.249 712.367 946.298 -70.15626
207.36 898.238 1181.173 1687.519 -55.87761
208.56 812.102 1052.507 1476.29 -56.72832
209.76 521.722 637.704 982.138 -33.67346
210.96 691.585 888.539 1380.408 -40.04172
212.16 1357.792 2056.997 2537.841 -145.41214
213.36 867.364 1126.644 1600.47 -54.72067
214.56 744.246 890.479 1274.997 -38.03041
215.76 1218.525 1834.94 2402.485 -108.61071
216.96 1075.121 1568.862 2050.473 -102.51871
218.16 863.935 985.792 1447.599 -26.38683
219.35 647.874 716.838 1152.749 -15.82066
220.55 773.53 872.359 1328.661 -21.65879
221.75 670.352 810.596 1150.265 -41.28836
222.95 1062.609 1461.314 1932.768 -84.56904
224.15 869.776 1090.029 1574.459 -45.46642
225.35 687.527 782.472 1287.36 -18.80522
226.55 684.156 792.831 1188.111 -27.49327
227.75 984.109 1378.814 1879.768 -78.79048
228.94 820.222 1122.204 1555.138 -69.75269
230.14 764.38 919.113 1379.351 -33.62002
231.34 644.257 847.028 1265.702 -48.43156
232.54 617.913 780.549 1133.115 -46.12931
233.74 613.84 805.869 1171.11 -52.57612
234.93 659.871 791.951 1221.947 -30.71648
236.13 767.678 951.574 1439.095 -37.7205
237.33 786.945 930.131 1313.452 -37.35413
238.53 654.186 887.381 1239.073 -66.30643
239.72 999.165 1373.993 1901.015 -71.12184
240.92 567.347 562.676 918.088 1.31432
242.12 893.391 1152.807 1622.13 -55.27434
243.31 609.427 755.63 1186.695 -33.91686
244.51 571.883 627.0 952.653 -16.92495
245.71 971.282 1278.803 1722.062 -69.37747
246.9 1135.883 1688.0 2212.153 -105.33504
248.1 769.962 950.954 1448.759 -36.35787
249.3 791.138 982.33 1398.854 -45.902
250.49 783.091 893.313 1321.511 -25.74081
251.69 842.162 1049.106 1539.214 -42.22412
252.89 718.173 916.154 1388.919 -41.8772
254.08 535.222 579.204 954.138 -11.73079
255.28 786.37 976.919 1400.072 -45.03069
256.47 550.02 577.666 955.382 -7.31925
257.67 837.461 1159.099 1530.833 -86.52365
258.86 878.732 1172.898 1590.417 -70.45583
260.06 760.982 917.809 1356.442 -35.75369
261.26 1071.804 1459.546 1914.546 -85.21791
262.45 738.85 939.063 1294.389 -56.34624
263.65 547.783 565.158 907.488 -5.07551
264.84 804.367 1081.531 1469.771 -71.39014
266.04 599.173 804.154 1217.419 -49.60031
267.23 483.892 487.661 823.556 -1.12214
268.42 649.006 706.584 1015.802 -18.62071
269.62 704.255 882.641 1322.401 -40.56445
270.81 779.205 959.736 1397.256 -41.26229
272.01 715.632 923.056 1333.752 -50.50561
273.2 843.958 1164.034 1567.583 -79.31544
274.4 501.793 664.852 908.767 -66.85044
275.59 805.777 1028.883 1499.385 -47.41884
276.78 771.659 892.718 1361.913 -25.8016
277.98 659.515 772.746 1191.206 -27.059
279.17 690.612 903.201 1285.069 -55.67059
280.37 677.928 837.985 1198.621 -44.38188
281.56 477.26 528.915 926.504 -12.99201
282.75 599.62 617.508 1021.047 -4.43266
283.95 636.157 801.186 1237.537 -37.82017
285.14 665.875 863.193 1247.675 -51.32033
286.33 560.67 700.267 1012.118 -44.76387
287.52 767.395 948.548 1368.358 -43.15135
288.72 882.335 1136.95 1615.434 -53.21275
289.91 1032.449 1410.373 1957.179 -69.11476
291.1 756.648 1007.024 1453.634 -56.0616
292.29 716.708 997.623 1395.057 -70.68213
293.49 753.796 1044.239 1446.568 -72.19025
294.68 601.075 729.845 997.629 -48.08705
295.87 661.052 803.102 1201.145 -35.68698
297.06 786.668 940.38 1418.817 -32.12803
298.26 445.438 420.179 733.9 8.05159
299.45 662.427 789.13 1098.195 -40.99582
300.64 643.53 822.859 1190.661 -48.75711
301.83 715.257 857.028 1294.202 -32.42883
303.02 618.295 630.384 1057.142 -2.83277
304.21 845.166 1123.525 1573.39 -61.87606
305.4 677.921 875.356 1160.092 -69.33963
306.59 788.02 920.166 1316.882 -33.30994
307.79 634.022 803.053 1187.683 -43.94612
308.98 515.88 579.113 932.851 -17.87544
310.17 762.433 966.081 1430.275 -43.87143
311.36 706.407 857.597 1178.563 -47.10478
312.55 1077.764 1560.657 2066.731 -95.41932
313.74 515.012 584.359 957.404 -18.58938
314.93 812.102 1009.007 1474.29 -42.31939
316.12 696.46 787.067 1192.958 -22.32301
317.31 428.919 406.823 740.217 6.62748
318.5 526.012 574.859 920.404 -14.13616
319.69 684.154 830.799 1262.736 -33.95045
320.88 604.877 736.225 1134.55 -32.97515
322.07 523.78 607.271 993.686 -21.60645
323.26 568.984 607.342 935.817 -11.67763
324.45 471.76 447.415 793.504 7.03441
325.64 648.624 766.749 1195.274 -27.56557
326.83 759.648 996.024 1395.634 -59.15186
328.01 644.916 738.436 1110.916 -25.10748
329.2 770.522 976.053 1403.683 -48.06256
330.39 625.668 727.38 1086.817 -28.29769
331.58 528.542 542.908 969.366 -3.36873
332.77 1010.897 1253.081 1742.233 -49.511
333.96 395.81 448.82 671.648 -23.78966
335.15 534.29 524.964 868.466 2.71495
336.33 552.042 590.908 878.866 -13.49717
337.52 636.26 719.415 1040.504 -25.89776
338.71 602.853 710.45 1050.191 -31.67042
339.9 613.789 614.932 995.09 -0.30078
341.08 581.094 688.2 1067.812 -28.21455
342.27 699.618 879.475 1376.672 -36.17418
343.46 816.987 1063.729 1446.619 -64.44214
344.65 743.487 897.229 1356.119 -33.50312
345.83 797.861 983.257 1460.668 -38.83367
347.02 476.579 470.264 791.306 1.9671
348.21 776.006 1021.584 1513.302 -49.94302
349.4 514.555 462.989 862.946 12.89292
350.58 630.286 718.045 1108.789 -22.4595
351.77 581.34 575.369 941.11 1.63241
352.96 407.115 324.088 698.37 22.18307
354.14 625.088 619.926 1114.21 1.04445
355.33 490.427 536.13 920.695 -11.8845
356.51 452.925 387.098 701.82 20.91597
357.7 674.669 679.734 1173.743 -1.02545
358.89 525.75 511.721 949.225 3.20652
360.07 782.643 915.105 1399.957 -27.31992
361.26 891.399 1061.79 1572.085 -33.39071
362.44 655.391 733.483 1177.108 -17.60321
363.63 564.96 481.743 950.435 17.75505
364.81 644.952 531.437 1069.458 21.09874
366.0 463.966 276.518 729.538 41.37742
367.18 1142.55 1403.392 2092.821 -37.83444
368.37 568.257 529.85 875.253 11.11937
369.55 693.423 737.065 1246.445 -8.56772
370.74 840.142 911.572 1458.582 -13.05838
371.92 950.21 1158.332 1668.41 -40.80207
373.11 565.342 476.078 1016.963 16.50324
374.29 531.334 421.772 908.985 22.48759
375.48 665.869 531.741 1060.623 25.36067
376.66 566.83 441.53 902.257 27.19617
377.84 893.257 953.85 1582.253 -9.64243
379.03 568.986 405.051 908.67 32.55138
380.21 488.12 332.184 747.024 37.58949
381.39 477.995 266.212 675.074 51.79806
382.58 866.377 816.548 1409.101 8.4092
383.76 1011.699 1148.784 1715.705 -24.18066
384.94 1067.983 1254.164 1936.868 -27.2711
386.13 633.779 426.593 963.237 38.60773
387.31 770.429 618.339 1185.047 26.83736
388.49 631.23 474.688 1029.093 28.23602
389.68 784.926 637.952 1263.246 23.50473
390.86 775.863 567.466 1204.521 32.71253
392.04 1110.294 982.706 1677.693 18.35835
393.22 789.863 445.466 1111.021 51.74583
394.41 828.667 473.202 1085.367 58.0668
395.59 602.754 193.463 865.952 60.86209
396.77 883.248 552.689 1295.349 44.51014
397.95 963.751 637.576 1375.151 44.22264
399.13 1054.42 792.678 1560.643 34.08253
400.31 997.765 447.511 1233.657 69.99389
401.5 1133.336 626.304 1514.36 57.09459
402.68 1227.495 734.712 1616.074 55.91149
403.86 939.207 434.445 1296.108 58.57998
405.04 1215.543 807.263 1861.292 38.73517
406.22 1000.18 367.783 1341.448 64.95021
407.4 1337.802 697.013 1747.671 60.98932
408.58 1402.227 814.301 1875.791 55.38683
409.76 1500.306 947.755 2029.398 51.08442
410.94 1331.863 624.466 1721.521 64.48146
412.12 1269.805 502.9 1505.972 76.45562
413.3 1173.297 359.093 1500.994 71.3025
414.48 1148.344 371.111 1363.838 78.29272
415.66 1352.48 445.277 1491.567 86.70664
416.84 1779.516 1233.1 2392.132 47.14415
418.02 1546.131 623.378 1795.303 78.73823
419.2 1402.079 419.586 1512.357 89.9084
420.38 1516.972 583.97 1792.589 77.19571
421.56 1418.496 427.245 1581.949 85.84466
422.74 1746.008 1081.794 2295.154 54.74174
423.92 1624.237 865.995 2097.57 61.56688
425.1 1605.344 464.111 1706.838 91.83296
426.28 1553.756 405.995 1712.327 87.86131
427.46 2209.146 1356.492 2799.259 59.09856
428.63 1796.603 571.861 2000.716 85.7149
429.81 1843.272 687.964 1968.209 90.24119
430.99 1788.699 754.784 2180.705 72.50857
432.17 1986.166 1145.347 2523.941 60.991
433.35 1867.682 827.316 2288.823 71.18449
434.52 1499.551 155.069 1442.77 104.40945
435.7 1841.759 376.383 1827.128 101.00846
436.88 2163.125 840.104 2306.7 90.21031
438.06 2145.348 552.531 2072.014 104.82626
439.23 2041.953 399.115 1956.406 105.49329
440.41 2170.299 594.126 2298.869 92.45808
441.59 2312.035 828.456 2548.315 86.26169
442.77 2047.938 276.679 1951.4 105.76444
443.94 2370.764 760.657 2663.231 84.62785
445.12 2461.729 769.833 2568.167 94.0813
446.3 2726.062 1093.118 2946.475 88.10737
447.47 2750.731 666.72 2632.968 105.98926
448.65 3005.437 720.646 2715.525 114.5328
449.82 2796.937 500.146 2418.525 119.7256
451.0 2836.513 609.213 2599.83 111.88991
452.18 2790.901 476.823 2644.96 106.73113
453.35 2833.374 530.16 2753.3 103.60184
454.53 2964.712 558.865 2819.285 106.43364
455.7 2941.778 334.238 2713.311 109.60317
456.88 3688.398 945.935 3424.159 110.66242
458.05 3457.043 591.763 3040.792 116.99656
459.23 3658.698 315.784 2806.205 134.23092
460.4 4001.874 580.16 3298.8 125.86124
461.58 4015.789 719.432 3462.09 120.18838
462.75 3837.229 315.333 3204.667 121.89301
463.93 4033.967 628.696 3520.987 117.7361
465.1 4021.423 525.065 3629.945 112.60849
466.28 3842.534 218.101 3243.888 119.78479
467.45 3927.374 146.66 3291.8 120.20813
468.63 4452.106 523.249 3846.018 118.24046
469.8 4996.808 870.287 4222.273 123.10674
470.97 4965.934 405.259 3823.724 133.41295
472.15 5459.329 595.675 4138.332 137.28834
473.32 5609.534 704.601 4322.388 135.57827
474.49 5761.865 859.499 4671.896 128.59012
475.67 5401.66 507.573 4177.839 133.3442
476.84 5190.878 327.08 4088.476 129.30833
478.01 5433.666 636.347 4688.941 118.37648
479.19 5495.468 548.728 4557.862 123.38676
480.36 5521.521 309.02 4472.808 125.1865
481.53 6002.696 596.897 4836.903 127.49506
482.7 6303.908 497.129 4733.938 137.05549
483.88 6357.389 275.774 4583.755 141.17088
485.05 6537.898 361.935 4823.659 138.421
486.22 6764.933 478.405 4938.797 140.94113
487.39 6734.334 333.595 4795.508 143.4528
488.56 6727.54 485.876 5021.991 137.59932
489.74 6837.594 897.2 5619.313 125.79951
490.91 6352.064 242.651 4990.851 128.66799
492.08 6483.54 375.876 5230.491 125.81149
493.25 6392.531 278.714 5092.587 127.00413
494.42 6771.999 476.778 5228.824 132.4739
495.59 6974.452 417.26 5317.48 133.81422
496.76 7242.324 465.756 5367.155 138.25784
497.93 7721.709 610.478 5616.483 142.054
499.1 7867.233 572.753 5591.843 145.33473
500.27 8204.936 1040.792 6267.099 137.07851
501.44 8164.958 1228.534 6296.083 136.87926
502.61 7464.627 423.137 5408.076 141.25529
503.78 7526.197 629.929 5761.278 134.39483
504.95 7686.6 1123.474 6516.415 121.69846
506.12 7349.635 696.943 5888.053 128.15547
507.29 7238.657 335.186 5433.538 135.40594
508.46 7259.001 32.165 5307.125 137.00268
509.63 8288.501 1258.165 6645.125 130.50655
510.8 8440.862 1179.612 6671.095 132.2275
511.97 8270.504 558.552 5824.426 146.4515
513.14 8540.758 258.528 5792.702 149.65611
514.31 9037.515 785.746 6241.206 151.25707
515.48 8823.211 495.01 6045.359 150.04824
516.65 8701.597 525.087 6124.614 146.02144
517.81 8563.873 355.806 5922.374 147.45293
518.98 8735.192 695.01 6349.102 142.20112
520.15 8089.927 161.13 5858.695 139.16115
521.32 8548.644 703.605 6464.457 136.17844
522.49 9123.992 1502.503 7468.221 127.75477
523.65 9294.512 1158.859 7184.404 135.01936
524.82 9081.66 638.073 6545.839 142.92352
525.99 9095.43 78.517 6017.496 151.82597
527.16 9849.143 631.25 6882.031 147.46786
528.32 10093.048 730.182 7018.969 148.88191
529.49 10333.08 411.619 6654.732 158.91849
530.66 10282.749 114.367 6539.298 158.26444
531.82 10475.554 180.957 6592.071 160.57422
532.99 10585.889 320.274 6997.255 153.74634
534.16 10769.843 444.256 7148.912 154.00622
535.32 10808.323 794.401 7641.229 146.25638
536.49 10663.542 294.408 7207.866 149.98476
537.65 11406.223 1011.059 8080.564 147.04231
538.82 11003.2 321.816 7430.58 150.25657
539.99 11278.75 642.721 8076.725 143.07269
541.15 11843.478 818.39 8357.766 146.23343
542.32 11982.728 147.979 7854.74 153.56319
543.48 12971.191 811.155 8785.676 152.48611
544.65 13493.235 992.785 8917.718 157.73573
545.81 14745.936 1483.292 10133.099 153.32878
546.98 14856.162 503.106 9285.714 163.4259
548.14 15533.936 783.792 9857.099 162.56635
549.31 15500.949 402.873 9415.179 167.52734
550.47 15848.135 469.443 9763.554 165.46706
551.63 15926.873 914.806 10766.874 152.37478
552.8 15911.487 454.584 10034.545 161.3462
553.96 15995.293 459.852 10240.767 158.83423
555.13 16180.354 391.45 10690.69 153.30163
556.29 16969.506 934.084 11394.302 153.29912
557.45 16630.662 274.46 10552.64 159.1352
558.62 17408.9 523.468 11224.534 157.79206
559.78 17843.162 771.606 11627.214 157.26025
560.94 18080.336 371.982 11276.809 162.39006
562.11 18917.115 391.088 11510.37 166.61172
563.27 19523.619 157.975 11361.672 172.85048
564.43 19749.215 32.397 11656.66 169.61779
565.59 20524.375 205.838 12004.749 172.20689
566.76 20954.16 351.073 12192.839 173.98661
567.92 21195.203 571.349 12448.455 173.64376
569.08 21240.195 715.042 13216.978 164.17581
570.24 21409.131 352.024 12896.877 167.85455
571.4 21505.73 226.366 12819.042 168.98207
572.57 21255.984 367.342 13100.317 164.05154
573.73 20777.648 55.524 13072.134 159.19756
574.89 21611.504 452.697 13544.0 161.62491
576.05 21742.283 476.158 13770.987 159.95786
577.21 21855.531 157.714 13514.587 162.44683
578.37 21909.963 18.954 13640.76 160.70563
579.53 23016.363 193.644 13978.47 165.56408
580.69 23477.977 597.535 14724.34 161.96473
581.85 23821.869 351.919 14327.072 167.94055
583.01 24723.668 401.88 14435.816 173.30695
584.17 25038.637 484.83 14656.854 173.25547
585.33 25877.43 572.517 14948.496 176.02219
586.49 25705.061 377.763 14735.049 176.40728
587.65 25700.498 573.278 15187.824 171.93295
588.81 25777.039 566.521 15553.064 168.22103
589.97 26127.307 929.433 15628.847 171.42094
591.13 25470.521 421.02 15287.808 168.49303
592.29 25266.178 336.574 15254.096 167.11625
593.45 25387.834 213.595 14965.508 170.65068
594.61 24981.004 134.052 15178.927 165.15227
595.77 25172.182 196.961 15395.896 164.32217
596.93 25148.707 91.091 14998.683 168.08628
598.09 25308.732 382.753 15545.343 164.39131
599.24 25436.959 138.067 15446.458 165.2616
600.4 25609.061 291.763 15433.549 167.20153
601.56 25347.996 233.39 15322.522 166.44169
602.72 26087.99 368.616 15465.42 170.36304
603.87 26544.369 473.064 15310.146 175.71719
605.03 26544.49 232.116 15238.92 175.3363
606.19 26637.82 148.514 14826.428 180.47051
607.35 26640.178 -3.926 15131.096 176.04272
608.5 26611.072 594.457 15492.328 174.63311
609.66 26855.582 989.651 15859.107 173.95344
610.82 26268.154 146.299 15137.236 174.25098
611.97 25857.506 125.084 14915.802 173.97683
613.13 25915.252 573.754 15514.6 169.61221
614.29 25308.164 496.993 15383.016 166.67428
615.44 24926.086 717.539 15456.908 164.24412
616.6 24564.254 180.141 14843.401 166.29394
617.76 24763.383 663.0 15414.652 163.37412
618.91 24989.109 726.314 15170.268 167.97891
620.07 24544.914 641.049 15204.114 164.14034
621.22 24388.459 17.567 14577.958 167.378
622.38 25350.006 1061.084 15637.302 166.63391
623.53 24464.23 78.366 14625.542 167.63298
624.69 24549.645 112.137 14268.832 172.62156
625.84 24793.195 217.542 14299.978 174.51281
627.0 25375.271 488.964 14831.709 173.51147
628.15 25273.553 -0.398 14734.646 171.52274
629.31 25240.328 318.175 14728.331 172.94853
630.46 25339.4 -23.532 14344.034 176.52908
631.61 25006.035 374.134 14629.264 172.79324
632.77 25837.266 228.189 14833.106 175.34558
633.92 25497.668 495.38 14691.816 176.11665
635.08 25227.27 949.577 15177.407 170.63524
636.23 25190.836 308.482 14744.809 172.35932
637.38 24627.055 -74.511 14334.446 171.43201
638.54 24942.951 654.76 15135.48 167.72778
639.69 24467.156 936.831 15459.111 162.02914
640.84 24526.861 490.402 14738.753 168.69643
641.99 24166.568 97.409 14039.882 172.63193
643.15 24558.273 816.916 14835.512 169.35617
644.3 24167.98 95.422 14179.142 170.92472
645.45 23519.188 -58.071 14110.771 166.40215
646.6 24537.893 811.436 15075.401 166.33843
647.75 24134.1 161.942 14418.031 168.15381
648.91 24534.307 -136.551 13971.661 174.86877
650.06 24387.512 225.455 14825.291 165.4954
651.21 25253.219 417.462 14565.42 175.54305
652.36 25120.426 450.969 14709.05 173.02088
653.51 24792.131 101.475 14213.68 174.9596
654.66 25104.838 273.982 14861.81 170.21627
655.81 25295.045 651.989 15048.939 171.16858
656.96 25343.25 69.495 14402.569 176.33171
658.11 25213.457 365.002 14800.199 172.13797
659.27 25261.164 531.009 14925.328 171.80496
660.42 24809.869 29.015 14459.958 171.72027
661.57 25541.076 421.022 14835.088 174.27459
662.72 24758.781 -139.971 14611.718 168.78577
663.87 24632.988 -99.965 14122.848 173.89636
665.01 24906.695 316.042 14693.978 171.03049
666.16 25276.9 41.049 14739.607 171.68929
667.31 25062.607 95.555 14982.237 167.71402
668.46 25761.814 760.562 15722.366 167.10052
669.61 25212.52 206.069 15547.996 162.99419
670.76 26077.227 4.575 15214.626 171.41725
671.91 26029.434 769.582 16378.756 161.82696
673.06 27109.139 519.589 16014.886 171.59755
674.21 25961.346 -161.405 15583.016 165.91751
675.35 26742.053 284.102 15720.146 171.40371
676.5 26417.758 167.609 15849.774 167.38855
677.65 26887.965 72.615 15783.904 170.67568
678.8 26795.672 -110.878 15727.034 169.88697
679.94 27739.877 40.629 16048.164 173.03881
681.09 28182.084 370.135 17049.793 166.74172
682.24 28884.791 363.142 17513.924 166.29941
683.39 28609.496 -1.851 17222.553 166.10936
684.53 29567.203 558.155 17196.684 174.34864
685.68 29494.91 214.662 17614.813 168.27583
686.83 29436.115 301.169 17607.443 168.34904
687.97 29016.322 298.175 17622.072 165.77186
689.12 29801.029 178.182 17514.703 170.86962
690.27 28869.734 68.189 17408.832 166.09272
691.41 29465.441 468.195 17969.961 165.68183
692.56 29267.148 358.702 17742.592 166.29446
693.7 29986.854 378.709 17681.721 171.11555
694.85 29313.561 48.215 17192.852 170.6968
695.99 29164.768 398.222 17794.98 165.35578
697.14 29413.973 184.229 17551.111 168.30737
698.28 29067.18 342.735 18251.74 160.39107
699.43 29141.887 391.242 18390.369 159.73355
700.57 28671.592 -74.251 17710.5 161.63196
701.72 29460.799 -50.745 17219.129 170.88454
702.86 28862.006 -107.738 17549.26 164.06948
704.01 29965.211 50.269 17415.389 172.27029
705.15 30151.918 433.275 18332.02 166.03758
706.29 30205.125 126.782 17723.648 170.93011
707.44 29927.33 171.288 18374.777 163.4634
708.58 30232.037 -124.205 17936.408 168.0798
709.72 30391.744 629.302 18731.037 164.41762
710.87 30667.949 -137.192 17783.168 171.90024
712.01 30275.656 0.315 17644.297 171.59019
713.15 30901.363 217.322 18427.928 168.49544
714.3 30723.568 348.828 17921.557 172.85159
715.44 30677.275 92.335 18611.186 165.15572
716.58 30372.982 277.342 18420.816 165.87584
717.72 30165.188 52.848 18398.945 164.13485
718.87 31286.395 240.855 18262.076 172.27212
720.01 30009.602 117.362 18078.205 166.43005
721.15 30218.307 -54.132 17879.836 168.79945
722.29 30247.014 345.875 18022.965 169.15193
723.43 30450.721 498.882 18553.596 165.89484
724.57 30291.426 450.388 18287.225 167.30006
725.72 29285.133 244.895 18067.354 162.94182
726.86 29701.34 678.902 18459.484 163.22546
728.0 29651.045 164.408 17772.113 167.4644
729.14 29617.752 -2.085 17477.244 169.45637
730.28 29666.459 481.422 17805.373 168.4664
731.42 29353.664 10.928 17753.004 165.38502
732.56 30219.871 722.435 18545.133 165.50489
733.7 29336.078 386.942 18597.262 158.97105
734.84 29198.783 -127.052 17331.393 167.97508
735.98 30169.99 148.955 17932.521 168.81336
737.12 29893.197 -3.038 17789.152 168.0301
738.26 29591.402 17.468 17486.281 169.29561
739.4 29415.609 228.475 17917.912 164.99753
740.53 29577.816 407.482 18162.541 164.29308
741.67 28899.021 273.488 17733.67 163.94751
742.81 29344.229 -222.505 17185.301 169.84756
743.95 28848.936 241.002 17969.93 161.36302
745.09 28583.641 19.508 17370.561 164.62478
746.23 28664.348 399.515 17605.189 164.27623
747.36 28751.055 453.522 17477.32 166.22338
748.5 28493.76 60.028 17069.949 167.15969
749.64 27379.967 25.035 17006.078 161.091
750.78 28165.174 -5.458 16833.209 167.29728
751.92 28082.879 74.548 16909.838 166.36679
753.05 27701.086 155.555 16258.969 171.05398
754.19 28183.293 635.562 16783.098 170.60022
755.33 27204.998 -151.932 16117.228 168.15208
756.46 27014.705 245.075 16057.357 169.29643
757.6 26460.412 82.082 15697.487 168.92504
758.74 25686.117 562.088 16315.617 159.48191
759.87 26138.824 244.595 16092.247 163.39474
761.01 25491.031 271.102 15563.377 164.91941
762.14 25131.236 234.608 15825.006 159.69207
763.28 25800.943 408.115 15272.136 170.83418
764.41 24738.15 249.121 15157.766 164.2606
765.55 24889.355 -123.872 14748.896 168.18139
766.69 23966.563 289.635 15202.025 158.77352
767.82 24349.77 266.641 15014.155 163.30297
768.95 24266.475 26.148 14525.285 167.18462
770.09 23620.182 737.655 15281.915 157.33029
771.22 24205.887 661.661 15275.044 161.11414
772.36 23860.094 504.168 14678.674 164.77418
773.49 23056.301 489.175 14838.804 157.26627
774.63 23007.006 196.181 14003.434 165.20901
775.76 21855.713 154.688 13969.563 157.08448
776.89 22795.92 428.195 14067.693 163.99228
778.03 22594.125 360.201 13450.823 169.8462
779.16 21909.332 8.708 13358.952 164.04662
780.29 21804.539 308.215 13035.582 168.89844
781.43 21883.244 606.221 13093.712 170.3867
782.56 20797.951 315.228 13181.842 159.1928
783.69 20721.158 11.735 12475.972 166.15075
784.82 19741.363 233.241 12821.602 154.96952
785.96 19774.07 116.748 12587.731 157.62448
787.09 19908.777 204.255 12186.361 164.44957
788.22 19436.982 394.261 12237.99 160.78316
789.35 19277.189 157.768 11739.62 165.08086
790.48 18771.396 142.275 12009.25 156.9829
791.62 18435.102 580.281 11944.38 157.11603
792.75 18617.309 5.288 11194.01 166.34626
793.88 17816.016 737.795 11788.14 154.54921
795.01 18163.721 353.801 11355.77 161.87939
796.14 18334.428 404.808 11514.898 161.3814
797.27 17173.135 493.815 11487.528 151.71689
798.4 17261.84 283.321 10909.158 159.78524
799.53 16514.047 -4.672 10310.788 160.13555
800.66 16384.754 316.335 10739.418 154.16186
801.79 17129.959 1276.841 11846.548 149.98636
802.92 16055.666 199.848 10216.178 158.29968
804.05 15773.372 381.855 10327.308 154.75934
805.18 15376.579 290.861 10017.937 155.08997
806.31 16094.285 215.868 9756.066 166.43697
807.44 15494.991 -64.625 9580.196 161.32612
808.57 15665.198 400.381 10089.826 157.54068
809.69 15384.904 400.888 9940.456 157.07227
810.82 14603.11 -163.605 9102.586 159.36122
811.95 15323.817 988.401 10112.216 157.12086
813.08 14241.023 103.908 8928.345 160.20417
814.21 14643.729 1064.915 10169.975 149.13482
815.33 14092.437 282.921 9203.104 154.81201
816.46 13803.143 308.928 9013.734 155.02027
817.59 13467.349 847.435 9490.864 146.00586
818.72 13621.056 504.441 8670.494 160.62368
819.84 13735.262 896.448 9116.124 156.1961
820.97 12975.968 446.454 8550.754 154.60329
822.1 12940.175 593.961 8538.383 155.40733
823.22 12031.381 -30.532 7767.513 154.67868
824.35 12622.087 92.474 7844.143 161.63763
825.48 12447.294 574.481 7850.272 163.18243
826.6 11650.0 310.488 7455.902 158.69635
827.73 11735.706 -144.506 7245.032 160.77071
828.85 11412.913 268.501 7361.662 157.1149
829.98 11869.119 610.008 7638.292 160.19717
831.11 11058.325 70.014 6945.921 159.80889
832.23 11328.532 81.521 6962.051 163.46141
833.36 11527.738 524.528 7592.181 155.68408
834.48 10619.944 259.034 6894.811 156.13712
835.6 10935.651 482.041 7014.94 160.01487
836.73 10716.357 -7.952 6711.07 159.61117
837.85 10557.063 535.054 6989.7 155.26816
838.98 9872.771 -104.439 6228.33 157.54894
840.1 10480.977 458.568 6766.959 158.87424
841.23 9900.683 371.074 6570.589 153.7154
842.35 10035.39 720.581 7111.219 145.75711
843.47 9897.596 248.588 6354.849 158.01827
844.6 9386.302 26.594 6149.978 152.85189
845.72 9582.009 155.101 6077.608 159.1709
846.84 9658.715 134.608 5955.738 163.61268
847.96 9527.921 139.114 5813.368 165.4633
849.09 9608.127 58.121 5820.497 165.73035
850.21 9761.334 232.628 5935.127 167.09702
851.33 9096.04 385.134 5976.757 155.78494
852.45 8578.246 25.141 5610.387 153.13749
853.57 8744.453 232.148 5832.016 152.00903
854.7 8632.159 67.654 5477.146 158.32365
855.82 8641.865 -0.339 5659.776 152.68602
856.94 8667.072 485.168 5827.405 153.15501
858.06 8120.278 -64.326 5132.035 157.50646
859.18 8089.485 425.181 5653.165 146.60152
860.3 8197.191 244.688 5345.295 155.91288
861.42 8112.897 -89.306 5013.424 160.74147
862.54 7811.604 -65.799 4962.554 156.6597
863.66 7956.81 50.708 4975.184 160.54706
864.78 8119.517 186.714 5073.814 162.32127
865.9 7854.723 244.221 5222.943 152.86054
867.02 8339.93 1277.228 6443.073 136.71919
868.14 8080.136 879.234 5701.203 149.3353
869.26 7733.342 575.741 5163.833 156.00387
870.38 7216.548 -90.252 4456.962 160.68739
871.5 7261.255 -94.746 4453.592 161.72942
872.62 7356.961 69.761 4578.222 161.63387
873.74 7030.667 699.268 5511.852 131.55926
874.85 7156.271 40.271 4430.417 162.0903
875.97 6864.771 286.271 4564.417 153.7699
877.09 7224.771 373.271 4811.917 154.36015
878.21 6725.771 220.771 4370.917 156.74149
879.33 6779.771 334.771 4641.417 149.65244
880.44 6520.271 254.771 4375.417 152.05142
881.56 6183.271 111.271 4114.417 151.68072
882.68 6404.771 256.271 4367.917 149.53867
883.79 6874.271 826.771 4988.417 145.31511
884.91 6154.771 -58.229 3702.917 165.18902
886.03 6183.271 456.271 4455.417 143.20559
887.14 6251.771 659.271 4800.417 135.04717
888.26 6482.271 777.271 4809.917 141.4704
889.38 6557.271 636.271 4577.417 150.23551
890.49 6014.771 -89.729 4014.417 148.73984
891.61 6689.771 307.771 4176.917 164.94598
892.72 6269.271 -13.229 4058.417 154.29878
893.84 6513.271 -99.229 3906.917 165.05889
894.95 6289.271 -87.229 3941.917 158.25935
896.07 6508.771 152.271 4075.417 162.02559
897.18 6424.271 384.271 4307.417 153.95809
898.3 5941.771 -41.229 3881.917 152.50517
899.41 6491.771 577.271 4446.917 152.84346
900.53 6189.771 335.771 4029.417 158.4884
901.64 6248.271 462.271 4350.417 148.8113
902.75 6099.771 262.771 4055.917 153.88283
903.87 6136.271 116.771 3876.417 160.10817
904.98 6129.771 403.771 4044.917 157.25819
906.09 5874.771 235.771 3943.917 152.07061
907.21 5666.271 438.771 3919.917 150.16607
908.32 5887.271 198.271 3488.417 172.91027
909.43 5601.771 650.771 3977.917 148.80622
910.54 5596.771 280.271 3820.917 150.15622
911.66 5860.771 1160.771 4581.417 137.40097
912.77 5059.771 85.771 3214.417 158.98252
913.88 5161.271 300.271 3645.417 145.31504
914.99 4975.271 69.271 3371.417 148.57006
916.1 5436.771 349.771 3617.417 155.67783
917.22 4549.271 58.771 2918.417 157.02994
918.33 4966.771 688.771 3724.917 140.90232
919.44 4835.771 270.271 3384.417 146.60521
920.55 5293.771 660.771 3674.417 153.73406
921.66 4758.271 428.771 3272.917 152.22497
922.77 4717.771 488.271 3282.417 151.37005
923.88 4796.271 623.271 3542.917 142.9283
924.99 4479.771 373.771 3227.417 143.88611
926.1 4127.771 -11.229 2623.917 157.06911
927.21 4413.271 652.771 3484.417 132.80263
928.32 3750.771 -84.729 2456.417 150.93584
929.43 3989.771 251.771 2756.917 149.21286
930.54 3780.271 111.271 2439.417 157.59321
931.65 3831.271 266.271 2607.917 152.24334
932.76 3805.771 381.771 2750.917 144.52465
933.86 3632.271 302.271 2464.417 154.01365
934.97 3537.771 113.771 2305.417 156.22961
936.08 3190.771 164.771 2138.417 153.3203
937.19 3418.271 708.271 2768.917 131.51216
938.3 2893.771 472.271 2273.917 134.40487
939.4 2937.771 674.771 2431.417 128.82505
940.51 2433.271 305.271 1864.417 136.48499
941.62 2475.271 503.771 1984.417 133.15135
942.73 2679.771 1102.771 2513.917 111.75314
943.83 2146.271 302.771 1592.417 142.94622
944.94 2151.771 338.271 1721.417 131.11416
946.05 1828.771 -35.729 1180.417 153.31221
947.15 1967.271 -25.729 1255.417 155.56388
948.26 2170.771 228.771 1623.917 139.19692
949.36 2181.771 98.271 1469.917 151.89781
950.47 2344.271 326.771 1819.917 135.11741
951.57 2566.271 844.771 2349.917 114.37429
952.68 2413.271 568.771 1976.417 131.03438
953.79 2461.271 439.271 2026.417 127.3985
954.89 2294.271 121.771 1668.417 140.46525
955.99 2408.771 391.271 2152.917 114.52358
957.1 2446.271 230.271 1637.417 157.4819
958.2 2339.271 271.271 1806.417 134.71033
959.31 2529.771 455.771 2090.917 126.83883
960.41 2263.271 130.271 1642.917 141.0112
961.52 2201.271 10.271 1452.917 151.87373
962.62 2508.271 493.771 1946.917 138.63027
963.72 2131.271 -50.729 1492.417 141.39947
964.83 2232.271 -70.729 1396.917 156.91797
965.93 2456.771 341.771 1883.917 137.14656
967.03 2608.271 714.271 2232.917 124.71636
968.13 2422.271 466.771 1975.417 129.61955
969.24 2280.771 175.771 1604.417 147.34232
970.34 2236.271 206.771 1605.917 145.05278
971.44 2218.271 265.771 1650.417 141.01079
972.54 2374.271 346.771 1881.917 132.07214
973.64 2108.271 142.271 1643.917 130.92301
974.75 2582.271 1069.771 2472.917 107.79349
975.85 3785.771 3162.271 4867.417 36.56579
976.95 2020.771 189.771 1479.917 141.92195
978.05 2350.271 525.771 1934.917 129.4756
979.15 2461.271 896.271 2298.917 111.57484
980.25 2051.771 99.771 1282.917 164.98389
981.35 1928.271 179.271 1406.417 142.52586
982.45 2412.271 891.771 2297.417 108.17091
983.55 2051.271 462.771 1760.417 122.41398
984.65 2064.271 418.271 1628.917 135.96049
985.75 2083.271 675.271 1828.917 122.04785
986.85 1901.771 372.271 1638.417 120.79968
987.95 1723.271 185.271 1345.917 132.51244
989.05 1982.271 783.271 2071.417 93.07952
990.15 1892.771 628.271 1710.417 116.85117
991.25 1718.271 443.271 1513.917 119.08701
992.34 1955.271 835.771 1982.917 97.59004
993.44 1745.271 478.271 1473.917 127.2541
994.54 1661.271 386.771 1334.417 134.49118
995.64 1769.271 731.271 1754.417 101.45182
996.74 1783.771 789.271 1829.917 95.56566
997.83 1363.271 73.771 1008.417 137.9667
998.93 1447.271 315.271 1299.917 114.9652
1000.03 1890.771 1230.771 2285.917 62.55059
1001.12 1733.771 704.771 1735.417 99.84032
1002.22 1627.271 729.271 1828.417 81.69981
1003.32 1349.771 272.271 1190.917 117.29222
1004.41 1432.271 467.271 1408.417 102.5346
1005.51 1277.271 402.771 1217.917 107.28143
1006.6 1164.271 188.771 987.917 122.06783
1007.7 1442.771 624.271 1470.917 96.67562
1008.8 1051.271 103.271 755.917 145.25489
1009.89 1348.271 577.771 1331.917 102.16858
1010.99 1276.771 384.771 1149.417 116.65533
1012.08 1038.271 47.271 826.417 127.19057
1013.18 1222.271 394.271 1240.917 97.79769
1014.27 1262.271 202.271 1009.417 131.32695
1015.36 1326.271 334.271 1124.417 125.54646
1016.46 1308.271 402.771 1194.917 114.30977
1017.55 1076.771 148.271 862.917 129.9245
1018.65 1242.271 496.771 1208.917 104.68363
1019.74 1365.271 586.771 1441.917 91.03711
1020.83 1155.771 505.271 1239.417 88.60638
1021.93 1135.271 280.271 1081.417 106.72215
1023.02 995.271 38.271 740.917 136.19948
1024.11 901.271 63.771 754.417 121.2633
1025.2 907.771 88.271 722.417 129.22894
1026.3 1027.271 454.271 1131.917 84.55746
1027.39 1140.271 597.771 1268.417 80.89219
1028.48 1038.771 486.771 1072.417 94.25493
1029.57 917.271 312.771 901.917 102.60617
1030.66 942.771 451.771 1035.417 84.12636
1031.75 1509.771 1483.271 2155.917 3.93967
1032.84 1049.271 652.771 1237.417 67.81885
1033.94 757.271 161.271 678.417 115.24795
1035.03 994.271 773.771 1262.917 45.07858
1036.12 662.271 90.271 614.917 109.02592
1037.21 655.271 66.771 609.417 108.4501
1038.3 903.771 522.771 1049.417 72.34464
1039.39 641.271 153.271 549.417 123.18695
1040.48 847.271 455.771 904.417 87.26259
1041.57 803.771 616.271 1021.917 46.22258
1042.66 763.271 441.771 862.917 76.33934
1043.74 796.271 508.271 928.417 68.54762
1044.83 737.271 543.271 974.917 44.94425
1045.92 512.271 45.771 481.917 106.95963
1047.01 775.271 617.771 1054.417 36.07042
1048.1 440.771 96.771 402.417 112.54857
1049.19 702.771 502.271 822.417 62.6277
1050.27 601.271 342.271 705.417 71.3212
1051.36 596.271 305.271 681.417 77.3636
1052.45 680.271 469.771 875.417 51.89255
1053.54 575.271 466.771 758.417 37.20265
1054.62 651.771 525.271 900.417 33.72022
1055.71 553.271 467.771 822.917 24.07461
1056.8 743.271 688.271 1055.917 14.96005
1057.88 517.771 328.771 652.417 58.39716
1058.97 587.771 458.771 804.417 37.32143
1060.06 808.271 834.771 1296.917 -5.73412
1061.14 551.271 367.771 664.417 61.85826
1062.23 1251.771 1608.271 2089.917 -74.01704
1063.31 620.271 547.271 887.917 21.42988
1064.4 475.271 279.271 610.417 59.18842
1065.48 632.271 526.771 738.917 49.72993
1066.57 479.271 362.771 691.917 35.39464
1067.65 584.271 543.771 885.417 11.85438
1068.74 448.771 357.271 635.417 32.89641
1069.82 578.271 544.271 856.417 10.89234
1070.9 1506.271 2151.771 2635.417 -133.46536
1071.99 559.771 561.771 908.917 -0.57613
1073.07 507.771 491.771 826.917 4.77404
1074.15 591.271 576.771 914.417 4.29444
1075.24 532.771 526.771 764.417 2.52477
1076.32 617.771 625.771 880.417 -3.14162
1077.4 789.271 963.771 1324.417 -48.38542
1078.49 347.771 218.271 494.417 46.89552
1079.57 586.271 655.271 905.917 -27.52888
1080.65 749.271 866.771 1207.917 -34.44275
1081.73 462.271 382.771 651.417 29.59286
1082.81 332.771 238.271 479.917 39.10683
1083.89 524.271 548.771 799.417 -9.77475
1084.98 495.771 533.271 847.417 -11.93712
1086.06 308.271 267.771 470.917 19.93642
1087.14 383.271 283.771 487.417 48.85934
1088.22 437.271 524.771 765.417 -36.36047
1089.3 307.771 261.771 458.417 23.39231
1090.38 796.271 1101.771 1433.417 -92.11638
1091.46 566.271 598.771 838.417 -13.56168
1092.54 358.771 405.771 657.917 -18.64001
1093.62 370.271 412.771 674.917 -16.21235
1094.7 283.271 186.271 429.417 39.89376
1095.78 406.271 490.771 699.917 -40.40243
1096.86 437.771 545.771 843.917 -36.22387
1097.93 800.271 1146.271 1458.417 -110.84567
1099.01 642.271 802.271 1099.917 -53.75517
1100.09 303.271 334.271 492.917 -19.54038
