196.55 750.879 972.948 1339.379 -60.60313
197.76 1033.52 1427.472 1995.603 -69.34172
198.96 950.915 1340.45 1803.191 -84.18018
200.16 642.044 796.077 1227.164 -35.73142
201.36 1141.083 1587.379 2062.06 -94.02014
202.56 723.754 990.115 1401.163 -64.80048
203.76 679.862 849.94 1265.984 -40.87964
204.96 710.97 932.264 1411.806 -46.147
206.16 568.977 712.367 946.298 -61.29542
207.36 942.016 1181.173 1687.519 -47.23183
208.56 795.694 1052.507 1476.29 -60.59997
209.76 512.673 637.704 982.138 -36.30055
210.96 635.852 888.539 1380.408 -51.3727
212.16 1327.124 2056.997 2537.841 -151.79022
213.36 820.376 1126.644 1600.47 -64.63738
214.56 672.536 890.479 1274.997 -56.67961
215.76 1213.862 1834.94 2402.485 -109.43233
216.96 1074.978 1568.862 2050.473 -102.54847
218.16 846.128 985.792 1447.599 -30.24281
219.35 591.337 716.838 1152.749 -28.79058
220.55 712.442 872.359 1328.661 -35.04645
221.75 641.613 810.596 1150.265 -49.74929
222.95 1016.715 1461.314 1932.768 -94.30372
224.15 857.781 1090.029 1574.459 -47.9425
225.35 635.501 782.472 1287.36 -29.10967
226.55 601.802 792.831 1188.111 -48.32752
227.75 988.215 1378.814 1879.768 -77.97097
228.94 869.673 1122.204 1555.138 -58.33028
230.14 718.219 919.113 1379.351 -43.64995
231.34 624.799 847.028 1265.702 -53.07915
232.54 590.904 780.549 1133.115 -53.79005
233.74 583.513 805.869 1171.11 -60.87938
234.93 671.396 791.951 1221.947 -28.03623
236.13 659.026 951.574 1439.095 -60.00706
237.33 741.788 930.131 1313.452 -49.13467
238.53 638.047 887.381 1239.073 -70.89536
239.72 990.124 1373.993 1901.015 -72.83717
240.92 512.533 562.676 918.088 -14.10838
242.12 863.18 1152.807 1622.13 -61.71147
243.31 536.806 755.63 1186.695 -50.76367
244.51 562.159 627.0 952.653 -19.91089
245.71 958.162 1278.803 1722.062 -72.33717
246.9 1120.159 1688.0 2212.153 -108.33488
248.1 721.432 950.954 1448.759 -46.10671
249.3 764.82 982.33 1398.854 -52.22026
250.49 715.733 893.313 1321.511 -41.47138
251.69 756.184 1049.106 1539.214 -59.76678
252.89 692.447 916.154 1388.919 -47.31896
254.08 563.673 579.204 954.138 -4.1424
255.28 771.257 976.919 1400.072 -48.60203
256.47 491.481 577.666 955.382 -22.81732
257.67 830.13 1159.099 1530.833 -88.49575
258.86 891.134 1172.898 1590.417 -67.48541
260.06 695.716 917.809 1356.442 -50.63315
261.26 1022.887 1459.546 1914.546 -95.96895
262.45 687.474 939.063 1294.389 -70.80517
263.65 479.964 565.158 907.488 -24.88637
264.84 840.317 1081.531 1469.771 -62.13042
266.04 596.947 804.154 1217.419 -50.13913
267.23 484.482 487.661 823.556 -0.94659
268.42 609.079 706.584 1015.802 -31.53305
269.62 689.858 882.641 1322.401 -43.83806
270.81 719.83 959.736 1397.256 -54.83307
272.01 688.439 923.056 1333.752 -57.12674
273.2 848.852 1164.034 1567.583 -78.10253
274.4 557.925 664.852 908.767 -43.83748
275.59 809.583 1028.883 1499.385 -46.60995
276.78 724.743 892.718 1361.913 -35.80084
277.98 639.901 772.746 1191.206 -31.74612
279.17 667.656 903.201 1285.069 -61.6823
280.37 700.608 837.985 1198.621 -38.09301
281.56 465.74 528.915 926.504 -15.88959
282.75 548.176 617.508 1021.047 -17.18087
283.95 607.104 801.186 1237.537 -44.47833
285.14 650.139 863.193 1247.675 -55.41326
286.33 600.006 700.267 1012.118 -32.15032
287.52 734.422 948.548 1368.358 -51.00552
288.72 820.433 1136.95 1615.434 -66.14983
289.91 1018.53 1410.373 1957.179 -71.66022
291.1 797.782 1007.024 1453.634 -46.85141
292.29 717.271 997.623 1395.057 -70.54049
293.49 727.366 1044.239 1446.568 -78.75952
294.68 520.89 729.845 997.629 -78.03061
295.87 597.166 803.102 1201.145 -51.73705
297.06 737.065 940.38 1418.817 -42.49562
298.26 444.069 420.179 733.9 7.61509
299.45 635.806 789.13 1098.195 -49.60912
300.64 649.942 822.859 1190.661 -47.0138
301.83 711.299 857.028 1294.202 -33.33425
303.02 584.564 630.384 1057.142 -10.73673
304.21 831.263 1123.525 1573.39 -64.96655
305.4 703.425 875.356 1160.092 -60.38267
306.59 704.481 920.166 1316.882 -54.36749
307.79 592.422 803.053 1187.683 -54.76194
308.98 451.719 579.113 932.851 -36.01358
310.17 743.152 966.081 1430.275 -48.02506
311.36 671.185 857.597 1178.563 -58.0783
312.55 1045.482 1560.657 2066.731 -101.79822
313.74 438.46 584.359 957.404 -39.11008
314.93 777.694 1009.007 1474.29 -49.71433
316.12 663.491 787.067 1192.958 -30.44542
317.31 395.286 406.823 740.217 -3.46073
318.5 521.96 574.859 920.404 -15.30866
319.69 672.663 830.799 1262.736 -36.61074
320.88 578.278 736.225 1134.55 -39.65298
322.07 564.023 607.271 993.686 -11.19186
323.26 541.855 607.342 935.817 -19.93672
324.45 406.74 447.415 793.504 -11.75282
325.64 600.419 766.749 1195.274 -38.81474
326.83 685.782 996.024 1395.634 -77.63653
328.01 605.345 738.436 1110.916 -35.73123
329.2 761.922 976.053 1403.683 -50.07387
330.39 628.065 727.38 1086.817 -27.63063
331.58 525.205 542.908 969.366 -4.15118
332.77 865.561 1253.081 1742.233 -79.22269
333.96 357.768 448.82 671.648 -40.86183
335.15 418.485 524.964 868.466 -30.99841
336.33 473.705 590.908 878.866 -40.70141
337.52 611.24 719.415 1040.504 -33.69015
338.71 546.415 710.45 1050.191 -48.28268
339.9 529.846 614.932 995.09 -22.38182
341.08 534.674 688.2 1067.812 -40.44287
342.27 712.537 879.475 1376.672 -33.57585
343.46 813.295 1063.729 1446.619 -65.4062
344.65 711.295 897.229 1356.119 -40.51815
345.83 741.935 983.257 1460.668 -50.54804
347.02 453.47 470.264 791.306 -5.23113
348.21 789.079 1021.584 1513.302 -47.28442
349.4 454.607 462.989 862.946 -2.09578
350.58 622.905 718.045 1108.789 -24.34839
351.77 495.013 575.369 941.11 -21.97088
352.96 383.096 324.088 698.37 15.76573
354.14 525.292 619.926 1114.21 -19.14553
355.33 472.806 536.13 920.695 -16.46647
356.51 343.167 387.098 701.82 -13.95856
357.7 593.367 679.734 1173.743 -17.48302
358.89 435.279 511.721 949.225 -17.47242
360.07 725.202 915.105 1399.957 -39.16713
361.26 807.165 1061.79 1572.085 -49.89764
362.44 604.644 733.483 1177.108 -29.04235
363.63 435.456 481.743 950.435 -9.8759
364.81 485.935 531.437 1069.458 -8.45714
366.0 325.837 276.518 729.538 10.88685
367.18 1003.69 1403.392 2092.821 -57.97572
368.37 473.462 529.85 875.253 -16.3253
369.55 589.028 737.065 1246.445 -29.06226
370.74 710.563 911.572 1458.582 -36.74692
371.92 811.375 1158.332 1668.41 -68.02064
373.11 522.116 476.078 1016.963 8.51157
374.29 441.096 421.772 908.985 3.96624
375.48 507.92 531.741 1060.623 -4.50395
376.66 443.353 441.53 902.257 0.39575
377.84 741.462 953.85 1582.253 -33.79806
379.03 420.458 405.051 908.67 3.05927
380.21 355.141 332.184 747.024 5.53376
381.39 303.28 266.212 675.074 9.06611
382.58 626.941 816.548 1409.101 -31.99828
383.76 868.112 1148.784 1715.705 -49.50819
384.94 876.517 1254.164 1936.868 -55.31626
386.13 446.186 426.593 963.237 3.65111
387.31 555.409 618.339 1185.047 -11.10449
388.49 422.158 474.688 1029.093 -9.47499
389.68 488.969 637.952 1263.246 -23.82618
390.86 515.039 567.466 1204.521 -8.22972
392.04 713.727 982.706 1677.693 -38.70278
393.22 421.539 445.466 1111.021 -3.59516
394.41 437.728 473.202 1085.367 -5.79484
395.59 268.021 193.463 865.952 11.08691
396.77 468.64 552.689 1295.349 -11.31727
397.95 526.58 637.576 1375.151 -15.04868
399.13 611.587 792.678 1560.643 -23.58059
400.31 439.284 447.511 1233.657 -1.04654
401.5 600.235 626.304 1514.36 -2.93556
402.68 605.78 734.712 1616.074 -14.62875
403.86 437.434 434.445 1296.108 0.34683
405.04 676.507 807.263 1861.292 -12.40534
406.22 410.63 367.783 1341.448 4.40057
407.4 642.248 697.013 1747.671 -5.2125
408.58 663.717 814.301 1875.791 -14.18603
409.76 698.99 947.755 2029.398 -22.99878
410.94 527.039 624.466 1721.521 -8.88085
412.12 433.688 502.9 1505.972 -6.9
413.3 418.168 359.093 1500.994 5.17334
414.48 404.755 371.111 1363.838 3.38907
415.66 424.577 445.277 1491.567 -1.97843
416.84 869.703 1233.1 2392.132 -31.35358
418.02 553.602 623.378 1795.303 -5.95401
419.2 381.133 419.586 1512.357 -3.5189
420.38 552.056 583.97 1792.589 -2.64051
421.56 523.919 427.245 1581.949 8.37222
422.74 838.182 1081.794 2295.154 -20.0774
423.92 691.178 865.995 2097.57 -14.19451
425.1 463.255 464.111 1706.838 -0.06887
426.28 411.66 405.995 1712.327 0.43364
427.46 995.643 1356.492 2799.259 -25.01092
428.63 601.496 571.861 2000.716 2.07401
429.81 584.503 687.964 1968.209 -8.08133
430.99 659.612 754.784 2180.705 -6.67444
432.17 882.426 1145.347 2523.941 -19.07169
433.35 723.769 827.316 2288.823 -7.08492
434.52 267.527 155.069 1442.77 8.73322
435.7 449.601 376.383 1827.128 5.04695
436.88 721.22 840.104 2306.7 -8.10609
438.06 532.835 552.531 2072.014 -1.29621
439.23 480.273 399.115 1956.406 5.21149
440.41 620.307 594.126 2298.869 1.53577
441.59 733.486 828.456 2548.315 -5.52194
442.77 457.069 276.679 1951.4 10.77135
443.94 740.982 760.657 2663.231 -1.0341
445.12 654.356 769.833 2568.167 -6.42133
446.3 901.79 1093.118 2946.475 -10.32331
447.47 704.797 666.72 2632.968 1.93651
448.65 713.43 720.646 2715.525 -0.36174
449.82 609.93 500.146 2418.525 5.72273
451.0 608.262 609.213 2599.83 -0.04779
452.18 589.804 476.823 2644.96 5.21098
453.35 617.0 530.16 2753.3 3.90616
454.53 611.014 558.865 2819.285 2.30703
455.7 510.384 334.238 2713.311 7.40399
456.88 835.363 945.935 3424.159 -4.46176
458.05 636.507 591.763 3040.792 1.82701
459.23 485.612 315.784 2806.205 6.81924
460.4 695.5 580.16 3298.8 4.24254
461.58 735.346 719.432 3462.09 0.58023
462.75 494.356 315.333 3204.667 6.196
463.93 678.675 628.696 3520.987 1.72801
465.1 603.528 525.065 3629.945 2.52708
466.28 514.685 218.101 3243.888 9.80186
467.45 459.5 146.66 3291.8 9.94676
468.63 692.437 523.249 3846.018 5.09179
469.8 878.629 870.287 4222.273 0.24886
470.97 614.489 405.259 3823.724 6.12059
472.15 754.052 595.675 4138.332 4.47055
473.32 895.685 704.601 4322.388 5.28177
474.49 936.678 859.499 4671.896 2.02441
475.67 733.045 507.573 4177.839 6.1432
476.84 582.58 327.08 4088.476 6.79268
478.01 828.426 636.347 4688.941 4.73965
479.19 798.814 548.728 4557.862 6.23789
480.36 700.783 309.02 4472.808 9.4088
481.53 845.171 596.897 4836.903 5.85551
482.7 778.324 497.129 4733.938 6.63695
483.88 714.041 275.774 4583.755 10.17337
485.05 771.363 361.935 4823.659 9.17645
486.22 861.188 478.405 4938.797 8.58182
487.39 765.631 333.595 4795.508 9.68276
488.56 916.566 485.876 5021.991 9.4947
489.74 1035.674 897.2 5619.313 2.93246
490.91 755.429 242.651 4990.851 10.79943
492.08 823.066 375.876 5230.491 9.21166
493.25 739.744 278.714 5092.587 9.57711
494.42 852.058 476.778 5228.824 7.89725
495.59 891.471 417.26 5317.48 9.67734
496.76 870.972 465.756 5367.155 8.26736
497.93 983.073 610.478 5616.483 7.44296
499.1 976.436 572.753 5591.843 8.04295
500.27 1245.128 1040.792 6267.099 3.90977
501.44 1349.352 1228.534 6296.083 2.38416
502.61 940.359 423.137 5408.076 10.37571
503.78 1053.31 629.929 5761.278 8.25086
504.95 1385.555 1123.474 6516.415 4.85971
506.12 1089.38 696.943 5888.053 7.55978
507.29 904.104 335.186 5433.538 11.15886
508.46 771.499 32.165 5307.125 14.01592
509.63 1451.499 1258.165 6645.125 3.58893
510.8 1481.237 1179.612 6671.095 5.4926
511.97 1089.44 558.552 5824.426 10.08167
513.14 907.299 258.528 5792.702 11.723
514.31 1200.401 785.746 6241.206 7.60074
515.48 1026.712 495.01 6045.359 9.57961
516.65 1091.115 525.087 6124.614 10.10849
517.81 1035.698 355.806 5922.374 12.21385
518.98 1214.73 695.01 6349.102 9.19194
520.15 929.806 161.13 5858.695 13.4913
521.32 1209.702 703.605 6464.457 8.78511
522.49 1719.677 1502.503 7468.221 3.64036
523.65 1530.96 1158.859 7184.404 6.1754
524.82 1236.045 638.073 6545.839 10.12179
525.99 919.747 78.517 6017.496 14.16455
527.16 1301.4 631.25 6882.031 10.72106
528.32 1345.086 730.182 7018.969 9.77779
529.49 1168.772 411.619 6654.732 12.12781
530.66 982.477 114.367 6539.298 13.51159
531.82 1147.968 180.957 6592.071 15.08336
532.99 1161.041 320.274 6997.255 12.59202
534.16 1300.953 444.256 7148.912 12.77765
535.32 1564.17 794.401 7641.229 11.24271
536.49 1173.205 294.408 7207.866 12.71139
537.65 1690.475 1011.059 8080.564 9.61051
538.82 1312.251 321.816 7430.58 13.93258
539.99 1472.279 642.721 8076.725 11.15896
541.15 1605.136 818.39 8357.766 10.43516
542.32 1295.055 147.979 7854.74 14.88402
543.48 1699.928 811.155 8785.676 11.14516
544.65 1828.075 992.785 8917.718 10.54002
545.81 2138.128 1483.292 10133.099 7.57053
546.98 1627.684 503.106 9285.714 12.8046
548.14 1886.628 783.792 9857.099 12.15474
549.31 1642.03 402.873 9415.179 13.74962
550.47 1726.38 469.443 9763.554 13.52401
551.63 2099.198 914.806 10766.874 12.02176
552.8 1733.597 454.584 10034.545 13.35093
553.96 1740.925 459.852 10240.767 13.09769
555.13 1834.915 391.45 10690.69 14.01525
556.29 2149.079 934.084 11394.302 11.61538
557.45 1822.485 274.46 10552.64 15.06128
558.62 1992.502 523.468 11224.534 13.72792
559.78 2135.184 771.606 11627.214 12.56105
560.94 1920.072 371.982 11276.809 14.19637
562.11 2046.096 391.088 11510.37 14.88413
563.27 1850.537 157.975 11361.672 15.10717
564.43 1767.153 32.397 11656.66 14.92357
565.59 1971.837 205.838 12004.749 14.96747
566.76 2029.545 351.073 12192.839 14.17417
567.92 2242.89 571.349 12448.455 14.07364
569.08 2346.869 715.042 13216.978 13.0526
570.24 2113.3 352.024 12896.877 14.03983
571.4 2132.495 226.366 12819.042 15.13681
572.57 2212.855 367.342 13100.317 14.49396
573.73 2047.282 55.524 13072.134 15.30166
574.89 2357.638 452.697 13544.0 14.55119
576.05 2329.964 476.158 13770.987 13.94382
577.21 2160.244 157.714 13514.587 14.9925
578.37 2181.932 18.954 13640.76 15.87879
579.53 2222.876 193.644 13978.47 14.72076
580.69 2542.334 597.535 14724.34 13.76673
581.85 2374.757 351.919 14327.072 14.47454
583.01 2455.065 401.88 14435.816 14.63015
584.17 2500.821 484.83 14656.854 14.22514
585.33 2625.247 572.517 14948.496 14.27888
586.49 2506.989 377.763 14735.049 14.83028
587.65 2576.058 573.278 15187.824 13.70402
588.81 2533.264 566.521 15553.064 13.12339
589.97 2917.327 929.433 15628.847 13.52363
591.13 2621.282 421.02 15287.808 14.79985
592.29 2565.526 336.574 15254.096 14.94184
593.45 2560.131 213.595 14965.508 15.90666
594.61 2492.44 134.052 15178.927 15.67569
595.77 2549.967 196.961 15395.896 15.48139
596.93 2477.132 91.091 14998.683 16.00555
598.09 2627.436 382.753 15545.343 14.80409
599.24 2538.991 138.067 15446.458 15.68372
600.4 2610.489 291.763 15433.549 15.31342
601.56 2641.118 233.39 15322.522 15.9567
602.72 2763.236 368.616 15465.42 15.86177
603.87 2750.456 473.064 15310.146 15.34932
605.03 2585.236 232.116 15238.92 15.68035
606.19 2660.729 148.514 14826.428 17.11562
607.35 2508.526 -3.926 15131.096 16.60026
608.5 2752.45 594.457 15492.328 14.48524
609.66 3071.411 989.651 15859.107 14.00024
610.82 2584.163 146.299 15137.236 16.26225
611.97 2542.079 125.084 14915.802 16.34129
613.13 2895.918 573.754 15514.6 15.54239
614.29 2829.125 496.993 15383.016 15.66659
615.44 3005.852 717.539 15456.908 15.52518
616.6 2613.358 180.141 14843.401 16.59397
617.76 2931.159 663.0 15414.652 15.37563
618.91 2907.715 726.314 15170.268 15.10252
620.07 2853.404 641.049 15204.114 15.19155
621.22 2526.491 17.567 14577.958 17.23116
622.38 3155.079 1061.084 15637.302 14.36583
623.53 2585.495 78.366 14625.542 17.23448
624.69 2671.341 112.137 14268.832 18.07769
625.84 2650.869 217.542 14299.978 17.27916
627.0 2857.503 488.964 14831.709 16.51385
628.15 2539.666 -0.398 14734.646 17.23825
629.31 2804.552 318.175 14728.331 17.25433
630.46 2536.002 -23.532 14344.034 17.81467
631.61 2682.823 374.134 14629.264 16.1955
632.77 2774.121 228.189 14833.106 17.43202
633.92 2877.565 495.38 14691.816 16.78016
635.08 3146.062 949.577 15177.407 15.43795
636.23 2948.072 308.482 14744.809 18.28436
637.38 2575.107 -74.511 14334.446 18.38869
638.54 2946.971 654.76 15135.48 15.8294
639.69 3196.802 936.831 15459.111 15.56209
640.84 2901.676 490.402 14738.753 16.92318
641.99 2739.709 97.409 14039.882 18.95145
643.15 3172.742 816.916 14835.512 16.80501
644.3 2699.275 95.422 14179.142 18.48839
645.45 2819.308 -58.071 14110.771 20.30779
646.6 3249.841 811.436 15075.401 17.09486
647.75 2912.374 161.942 14418.031 19.29303
648.91 2707.907 -136.551 13971.661 20.16172
650.06 2829.44 225.455 14825.291 17.83571
651.21 3037.973 417.462 14565.42 18.52219
652.36 2945.006 450.969 14709.05 17.4921
653.51 2798.539 101.475 14213.68 19.11157
654.66 2942.572 273.982 14861.81 18.29326
655.81 3105.105 651.989 15048.939 17.03914
656.96 2818.138 69.495 14402.569 19.17692
658.11 3041.671 365.002 14800.199 18.54266
659.27 3067.204 531.009 14925.328 17.61942
660.42 2815.237 29.015 14459.958 19.30727
661.57 3088.77 421.022 14835.088 18.50795
662.72 2752.303 -139.971 14611.718 19.6064
663.87 2899.336 -99.965 14122.848 21.08796
665.01 3060.369 316.042 14693.978 19.08707
666.16 2976.402 41.049 14739.607 19.97035
667.31 3059.435 95.555 14982.237 19.90961
668.46 3459.468 760.562 15722.366 18.03864
669.61 3168.001 206.069 15547.996 19.30613
670.76 3084.034 4.575 15214.626 20.24621
671.91 3576.567 769.582 16378.756 17.98292
673.06 3421.6 519.589 16014.886 18.72834
674.21 3125.133 -161.405 15583.016 20.8743
675.35 3388.166 284.102 15720.146 20.1092
676.5 3371.199 167.609 15849.774 20.42824
677.65 3220.732 72.615 15783.904 20.03729
678.8 3114.765 -110.878 15727.034 20.36659
679.94 3461.298 40.629 16048.164 21.36912
681.09 3691.831 370.135 17049.793 19.91465
682.24 3629.364 363.142 17513.924 19.04416
683.39 3621.897 -1.851 17222.553 21.03846
684.53 3855.93 558.155 17196.684 19.82011
685.68 3824.963 214.662 17614.813 20.74868
686.83 3809.996 301.169 17607.443 20.27489
687.97 3827.029 298.175 17622.072 20.36986
689.12 3834.062 178.182 17514.703 21.08774
690.27 3753.595 68.189 17408.832 21.253
691.41 3918.128 468.195 17969.961 19.71191
692.56 3900.161 358.702 17742.592 20.37208
693.7 3903.194 378.709 17681.721 20.3692
694.85 3777.727 48.215 17192.852 21.75323
695.99 4098.76 398.222 17794.98 21.27142
697.14 4007.293 184.229 17551.111 22.01353
698.28 4125.826 342.735 18251.74 21.12396
699.43 4098.359 391.242 18390.369 20.5961
700.57 3669.892 -74.251 17710.5 21.05255
701.72 3856.925 -50.745 17219.129 22.62709
702.86 3801.958 -107.738 17549.26 22.14248
704.01 4177.991 50.269 17415.389 23.77019
705.15 4203.524 433.275 18332.02 21.06432
706.29 4061.557 126.782 17723.648 22.36066
707.44 4025.09 171.288 18374.777 21.17068
708.58 3959.123 -124.205 17936.408 22.60902
709.72 4304.656 629.302 18731.037 20.30388
710.87 4142.189 -137.192 17783.168 23.88
712.01 3970.722 0.315 17644.297 22.5029
713.15 4199.755 217.322 18427.928 21.86876
714.3 4215.788 348.828 17921.557 22.00546
715.44 4167.321 92.335 18611.186 22.00453
716.58 4279.854 277.342 18420.816 22.06034
717.72 3988.887 52.848 18398.945 21.45437
718.87 4208.42 240.855 18262.076 22.01607
720.01 4284.453 117.362 18078.205 23.20098
721.15 4093.486 -54.132 17879.836 23.12716
722.29 4355.02 345.875 18022.965 22.67989
723.43 4328.052 498.882 18553.596 21.2087
724.57 4258.585 450.388 18287.225 21.35018
725.72 4229.618 244.895 18067.354 22.35788
726.86 4593.151 678.902 18459.484 22.01418
728.0 4363.685 164.408 17772.113 23.84908
729.14 4145.217 -2.085 17477.244 23.7269
730.28 4479.75 481.422 17805.373 23.07977
731.42 4037.783 10.928 17753.004 22.69664
732.56 4576.316 722.435 18545.133 21.62345
733.7 4419.85 386.942 18597.262 22.14628
734.84 3942.382 -127.052 17331.393 23.30926
735.98 4413.416 148.955 17932.521 23.97978
737.12 4283.948 -3.038 17789.152 24.09477
738.26 4228.481 17.468 17486.281 24.10589
739.4 4421.014 228.475 17917.912 23.70081
740.53 4592.047 407.482 18162.541 23.5683
741.67 4467.581 273.488 17733.67 24.0209
742.81 4220.613 -222.505 17185.301 25.52371
743.95 4304.646 241.002 17969.93 22.92098
745.09 4325.179 19.508 17370.561 24.81504
746.23 4432.212 399.515 17605.189 23.43818
747.36 4302.246 453.522 17477.32 22.6079
748.5 4265.278 60.028 17069.949 24.72234
749.64 4211.812 25.035 17006.078 24.65559
750.78 4281.344 -5.458 16833.209 25.45809
751.92 4416.877 74.548 16909.838 25.79302
753.05 4198.911 155.555 16258.969 25.10869
754.19 4484.443 635.562 16783.098 23.83572
755.33 4287.477 -151.932 16117.228 27.28726
756.46 4371.009 245.075 16057.357 26.09322
757.6 3985.042 82.082 15697.487 24.9943
758.74 4437.076 562.088 16315.617 24.59758
759.87 4421.608 244.595 16092.247 26.3573
761.01 4153.142 271.102 15563.377 25.38563
762.14 4071.175 234.608 15825.006 24.60852
763.28 4344.208 408.115 15272.136 26.48067
764.41 4126.74 249.121 15157.766 26.0092
765.55 3838.273 -123.872 14748.896 26.64027
766.69 4007.306 289.635 15202.025 24.93008
767.82 4149.839 266.641 15014.155 26.3312
768.95 3919.873 26.148 14525.285 26.85487
770.09 4166.905 737.655 15281.915 23.57803
771.22 4232.938 661.661 15275.044 24.4384
772.36 4145.972 504.168 14678.674 25.69263
773.49 4082.504 489.175 14838.804 25.04127
774.63 3872.038 196.181 14003.434 26.62265
775.76 3796.571 154.688 13969.563 26.36204
776.89 3885.104 428.195 14067.693 25.34484
778.03 3769.636 360.201 13450.823 26.04487
779.16 3452.669 8.708 13358.952 25.79699
780.29 3733.203 308.215 13035.582 26.91042
781.43 3714.736 606.221 13093.712 24.89303
782.56 3628.269 315.228 13181.842 25.74913
783.69 3468.302 11.735 12475.972 27.73188
784.82 3312.334 233.241 12821.602 24.45984
785.96 3572.867 116.748 12587.731 27.71329
787.09 3706.901 204.255 12186.361 29.2323
788.22 3388.434 394.261 12237.99 25.28066
789.35 3257.467 157.768 11739.62 26.76341
790.48 3386.0 142.275 12009.25 27.33405
791.62 3448.032 580.281 11944.38 25.23518
792.75 3140.066 5.288 11194.01 28.0173
793.88 3434.599 737.795 11788.14 24.4047
795.01 3303.632 353.801 11355.77 26.81184
796.14 3260.165 404.808 11514.898 25.70057
797.27 3268.198 493.815 11487.528 25.23608
798.4 3175.73 283.321 10909.158 27.22053
799.53 3180.264 -4.672 10310.788 30.87536
800.66 3115.797 316.335 10739.418 26.85829
801.79 3607.83 1276.841 11846.548 22.05348
802.92 3198.863 199.848 10216.178 29.94125
804.05 2939.396 381.855 10327.308 25.71568
805.18 2998.429 290.861 10017.937 27.83537
806.31 3148.462 215.868 9756.066 30.73934
807.44 2699.995 -64.625 9580.196 28.66429
808.57 2987.528 400.381 10089.826 26.70067
809.69 3200.061 400.888 9940.456 29.34276
810.82 2782.094 -163.605 9102.586 31.78975
811.95 3427.127 988.401 10112.216 26.72923
813.08 2798.66 103.908 8928.345 30.53738
814.21 3247.193 1064.915 10169.975 23.96775
815.33 2900.726 282.921 9203.104 29.34698
816.46 2673.259 308.928 9013.734 27.16121
817.59 2851.292 847.435 9490.864 23.18359
818.72 2785.325 504.441 8670.494 27.93129
819.84 3124.358 896.448 9116.124 27.10459
820.97 2745.891 446.454 8550.754 28.37304
822.1 2973.424 593.961 8538.383 29.95136
823.22 2386.957 -30.532 7767.513 31.00122
824.35 2529.99 92.474 7844.143 31.44504
825.48 2644.523 574.481 7850.272 28.45108
826.6 2527.056 310.488 7455.902 31.02084
827.73 2264.589 -144.506 7245.032 32.60142
828.85 2460.622 268.501 7361.662 30.90471
829.98 2654.655 610.008 7638.292 29.0917
831.11 2192.688 70.014 6945.921 30.87118
832.23 2284.721 81.521 6962.051 32.02078
833.36 2541.254 524.528 7592.181 28.53459
834.48 2285.787 259.034 6894.811 30.54281
835.6 2346.32 482.041 7014.94 28.53677
836.73 2210.853 -7.952 6711.07 33.02274
837.85 2454.886 535.054 6989.7 29.74341
838.98 2215.419 -104.439 6228.33 36.6326
840.1 2265.952 458.568 6766.959 28.65047
841.23 2201.985 371.074 6570.589 29.53312
842.35 2417.518 720.581 7111.219 26.55348
843.47 2182.051 248.588 6354.849 31.66362
844.6 1910.584 26.594 6149.978 30.76713
845.72 1960.117 155.101 6077.608 30.47722
846.84 2118.65 134.608 5955.738 34.08345
847.96 2051.183 139.114 5813.368 33.69727
849.09 1988.716 58.121 5820.497 33.50345
850.21 1979.749 232.628 5935.127 30.63781
851.33 2068.782 385.134 5976.757 30.11018
852.45 1849.315 25.141 5610.387 32.66058
853.57 2073.848 232.148 5832.016 32.88827
854.7 1903.381 67.654 5477.146 33.93529
855.82 1820.914 -0.339 5659.776 32.17696
856.94 2158.947 485.168 5827.405 31.33105
858.06 1698.48 -64.326 5132.035 33.92385
859.18 1986.013 425.181 5653.165 29.85533
860.3 1843.546 244.688 5345.295 31.34643
861.42 1660.579 -89.306 5013.424 34.2931
862.54 1697.112 -65.799 4962.554 35.05941
863.66 1582.145 50.708 4975.184 31.09848
864.78 1740.178 186.714 5073.814 31.78703
865.9 1861.211 244.221 5222.943 32.47801
867.02 2357.244 1277.228 6443.073 20.90686
868.14 2098.277 879.234 5701.203 25.28101
869.26 1949.81 575.741 5163.833 29.94859
870.38 1404.843 -90.252 4456.962 32.87936
871.5 1514.876 -94.746 4453.592 35.38923
872.62 1562.909 69.761 4578.222 33.11879
873.74 2020.942 699.268 5511.852 27.46288
874.85 1468.458 40.271 4430.417 32.53167
875.97 1747.958 286.271 4564.417 34.16638
877.09 1715.958 373.271 4811.917 30.24994
878.21 1693.458 220.771 4370.917 35.4852
879.33 1713.958 334.771 4641.417 32.02463
880.44 1645.958 254.771 4375.417 33.7614
881.56 1564.458 111.271 4114.417 36.30114
882.68 1639.458 256.271 4367.917 33.64073
883.79 1830.458 826.771 4988.417 24.11756
884.91 1407.958 -58.229 3702.917 38.98247
886.03 1665.458 456.271 4455.417 30.23615
887.14 1738.458 659.271 4800.417 26.06012
888.26 1698.958 777.271 4809.917 22.85565
889.38 1717.958 636.271 4577.417 27.44602
890.49 1381.458 -89.729 4014.417 35.84638
891.61 1600.458 307.771 4176.917 33.41015
892.72 1405.458 -13.229 4058.417 34.8431
893.84 1558.958 -99.229 3906.917 41.39109
894.95 1443.958 -87.229 3941.917 38.00278
896.07 1644.958 152.271 4075.417 38.04823
897.18 1685.458 384.271 4307.417 33.16694
898.3 1524.458 -41.229 3881.917 39.90898
899.41 1767.958 577.271 4446.917 30.76994
900.53 1473.458 335.771 4029.417 30.80121
901.64 1726.458 462.271 4350.417 32.51389
902.75 1528.458 262.771 4055.917 33.36775
903.87 1431.458 116.771 3876.417 34.96839
904.98 1651.458 403.771 4044.917 34.26634
906.09 1514.458 235.771 3943.917 34.4832
907.21 1516.958 438.771 3919.917 30.9722
908.32 1416.958 198.271 3488.417 37.04053
909.43 1617.958 650.771 3977.917 29.06959
910.54 1377.458 280.271 3820.917 30.98834
911.66 1737.458 1160.771 4581.417 16.85902
912.77 1204.458 85.771 3214.417 35.75628
913.88 1435.958 300.271 3645.417 33.95031
914.99 1108.458 69.271 3371.417 31.47007
916.1 1292.958 349.771 3617.417 28.86444
917.22 1206.958 58.771 2918.417 40.15139
918.33 1484.958 688.771 3724.917 26.22363
919.44 1245.958 270.271 3384.417 31.33082
920.55 1571.958 660.771 3674.417 30.23539
921.66 1241.958 428.771 3272.917 28.59162
922.77 1375.958 488.271 3282.417 31.76955
923.88 1457.458 623.271 3542.917 28.57153
924.99 1371.458 373.771 3227.417 34.96185
926.1 1139.458 -11.229 2623.917 43.66694
927.21 1425.958 652.771 3484.417 27.30523
928.32 913.458 -84.729 2456.417 39.281
929.43 1112.458 251.771 2756.917 34.35678
930.54 999.458 111.271 2439.417 38.14999
931.65 1078.958 266.271 2607.917 34.70583
932.76 1158.958 381.771 2750.917 32.80454
933.86 1046.958 302.271 2464.417 34.44206
934.97 795.958 113.771 2305.417 31.12672
936.08 845.958 164.771 2138.417 34.51417
937.19 1106.958 708.271 2768.917 19.3477
938.3 878.958 472.271 2273.917 22.57311
939.4 1034.458 674.771 2431.417 20.47581
940.51 799.958 305.271 1864.417 31.72811
941.62 761.458 503.771 1984.417 17.40372
942.73 1108.958 1102.771 2513.917 0.43847
943.83 727.458 302.771 1592.417 32.93055
944.94 792.458 338.271 1721.417 32.83728
946.05 539.458 -35.729 1180.417 47.29593
947.15 475.458 -25.729 1255.417 39.12026
948.26 638.958 228.771 1623.917 29.40105
949.36 549.958 98.271 1469.917 32.93033
950.47 756.958 326.771 1819.917 28.81082
951.57 1018.958 844.771 2349.917 11.5728
952.68 841.458 568.771 1976.417 19.37188
953.79 854.458 439.271 2026.417 26.15938
954.89 640.958 121.771 1668.417 33.56861
955.99 849.958 391.271 2152.917 26.03744
957.1 763.958 230.271 1637.417 37.92695
958.2 803.958 271.271 1806.417 34.69947
959.31 943.458 455.771 2090.917 29.82532
960.41 703.458 130.271 1642.917 37.89304
961.52 641.458 10.271 1452.917 43.75208
962.62 946.458 493.771 1946.917 31.15224
963.72 554.958 -50.729 1492.417 39.25018
964.83 574.458 -70.729 1396.917 43.96071
965.93 705.958 341.771 1883.917 23.61563
967.03 917.958 714.271 2232.917 13.41244
968.13 842.958 466.771 1975.417 24.93544
969.24 696.458 175.771 1604.417 36.44623
970.34 705.958 206.771 1605.917 35.67802
971.44 749.458 265.771 1650.417 34.93222
972.54 831.958 346.771 1881.917 31.6053
973.64 666.958 142.271 1643.917 34.94083
974.75 1194.958 1069.771 2472.917 8.92192
975.85 2344.458 3162.271 4867.417 -47.96144
976.95 632.958 189.771 1479.917 34.35174
978.05 760.958 525.771 1934.917 16.69008
979.15 1017.458 896.271 2298.917 8.63992
980.25 494.958 99.771 1282.917 33.40142
981.35 557.958 179.271 1406.417 30.85921
982.45 1000.458 891.771 2297.417 7.73221
983.55 770.958 462.771 1760.417 23.74974
984.65 694.958 418.271 1628.917 22.85454
985.75 811.958 675.271 1828.917 11.84831
986.85 718.458 372.271 1638.417 27.34183
987.95 595.958 185.271 1345.917 35.38439
989.05 920.458 783.271 2071.417 10.65
990.15 780.958 628.271 1710.417 14.1097
991.25 594.458 443.271 1513.917 14.12115
992.34 909.958 835.771 1982.917 6.46714
993.44 643.958 478.271 1473.917 16.64121
994.54 664.458 386.771 1334.417 29.30288
995.64 851.958 731.271 1754.417 11.79573
996.74 809.958 789.271 1829.917 1.98795
997.83 424.458 73.771 1008.417 37.5209
998.93 519.958 315.271 1299.917 20.78793
1000.03 1123.958 1230.771 2285.917 -10.12301
1001.12 829.458 704.771 1735.417 12.098
1002.22 820.458 729.271 1828.417 8.29622
1003.32 516.458 272.271 1190.917 26.58124
1004.41 649.458 467.271 1408.417 19.35805
1005.51 584.458 402.771 1217.917 22.28895
1006.6 442.458 188.771 987.917 31.74483
1007.7 725.458 624.271 1470.917 11.95157
1008.8 368.458 103.271 755.917 40.63268
1009.89 642.958 577.771 1331.917 8.64389
1010.99 614.958 384.771 1149.417 30.1038
1012.08 357.458 47.271 826.417 39.81123
1013.18 546.958 394.271 1240.917 18.0344
1014.27 500.958 202.271 1009.417 37.0054
1015.36 514.958 334.271 1124.417 22.86761
1016.46 614.958 402.771 1194.917 26.78642
1017.55 403.458 148.271 862.917 35.70825
1018.65 581.458 496.771 1208.917 11.89187
1019.74 734.458 586.771 1441.917 17.27045
1020.83 611.458 505.271 1239.417 14.46408
1021.93 489.458 280.271 1081.417 26.11104
1023.02 360.458 38.271 740.917 45.85347
1024.11 359.458 63.771 754.417 42.81319
1025.2 358.458 88.271 722.417 42.60652
1026.3 533.958 454.271 1131.917 11.75946
1027.39 593.958 597.771 1268.417 -0.56848
1028.48 521.458 486.771 1072.417 5.92294
1029.57 447.458 312.771 901.917 22.86149
1030.66 525.458 451.771 1035.417 12.62538
1031.75 1135.458 1483.271 2155.917 -51.70811
1032.84 611.458 652.771 1237.417 -7.06624
1033.94 345.958 161.271 678.417 35.71285
1035.03 626.958 773.771 1262.917 -30.01406
1036.12 286.458 90.271 614.917 37.39427
1037.21 305.458 66.771 609.417 43.98587
1038.3 557.458 522.771 1049.417 6.58649
1039.39 319.958 153.271 549.417 42.07731
1040.48 467.458 455.771 904.417 2.60506
1041.57 561.958 616.271 1021.917 -13.38914
1042.66 467.958 441.771 862.917 6.21815
1043.74 462.958 508.271 928.417 -10.78495
1044.83 511.458 543.271 974.917 -7.37004
1045.92 265.458 45.771 481.917 50.3702
1047.01 517.458 617.771 1054.417 -22.97343
1048.1 197.458 96.771 402.417 32.94254
1049.19 394.458 502.271 822.417 -33.67606
1050.27 353.958 342.271 705.417 3.2184
1051.36 377.958 305.271 681.417 19.32429
1052.45 498.458 469.771 875.417 7.07206
1053.54 454.958 466.771 758.417 -4.05029
1054.62 444.958 525.271 900.417 -21.40833
1055.71 469.458 467.771 822.917 0.47516
1056.8 525.458 688.271 1055.917 -44.28515
1057.88 304.958 328.771 652.417 -7.35758
1058.97 428.958 458.771 804.417 -8.62516
1060.06 664.458 834.771 1296.917 -36.85255
1061.14 317.958 367.771 664.417 -16.79191
1062.23 1118.958 1608.271 2089.917 -101.59176
1063.31 395.958 547.271 887.917 -44.41929
1064.4 275.458 279.271 610.417 -1.15131
1065.48 465.958 526.771 738.917 -28.6654
1066.57 373.458 362.771 691.917 3.24704
1067.65 444.958 543.771 885.417 -28.92248
1068.74 340.958 357.271 635.417 -5.86473
1069.82 425.958 544.271 856.417 -37.90294
1070.9 1326.958 2151.771 2635.417 -170.54052
1071.99 437.458 561.771 908.917 -35.80987
1073.07 428.458 491.771 826.917 -18.89103
1074.15 467.958 576.771 914.417 -32.2268
1075.24 443.958 526.771 764.417 -34.847
1076.32 483.458 625.771 880.417 -55.88642
1077.4 698.458 963.771 1324.417 -73.56594
1078.49 275.458 218.271 494.417 20.70917
1079.57 456.458 655.271 905.917 -79.32006
1080.65 681.958 866.771 1207.917 -54.17405
1081.73 416.458 382.771 651.417 12.53974
1082.81 254.958 238.271 479.917 6.90577
1083.89 420.458 548.771 799.417 -51.19273
1084.98 481.458 533.271 847.417 -16.49312
1086.06 273.458 267.771 470.917 2.79971
1087.14 311.958 283.771 487.417 13.84143
1088.22 385.958 524.771 765.417 -57.6833
1089.3 253.458 261.771 458.417 -4.22715
1090.38 749.958 1101.771 1433.417 -106.08083
1091.46 434.958 598.771 838.417 -68.35606
1092.54 341.458 405.771 657.917 -25.50607
1093.62 313.958 412.771 674.917 -37.69371
1094.7 281.458 186.271 429.417 39.14832
1095.78 369.958 490.771 699.917 -57.76471
1096.86 441.958 545.771 843.917 -34.81935
1097.93 757.458 1146.271 1458.417 -124.56122
1099.01 562.958 802.271 1099.917 -80.40177
1100.09 304.458 334.271 492.917 -18.79186
