196.55 1352.332 2496.717 2886.567 -293.54501
197.76 1939.276 3800.704 4436.287 -292.86973
198.96 1750.574 3596.637 3977.441 -484.78113
200.16 1158.289 2217.541 2638.016 -251.91788
201.36 2027.107 4129.822 4611.604 -436.44548
202.56 1362.368 2681.073 3184.465 -261.96343
203.76 1151.473 2135.104 2536.268 -245.19404
204.96 1366.077 2509.135 3166.07 -173.99836
206.16 973.056 1681.46 2228.742 -129.44036
207.36 1653.7 3287.843 3808.572 -313.81872
208.56 1352.614 2790.816 3250.863 -312.62122
209.76 951.003 1640.444 2060.091 -164.29083
210.96 1239.917 2473.917 2848.882 -329.09819
212.16 2518.304 5252.875 5767.875 -530.98453
213.36 1532.93 3010.754 3486.111 -310.8872
214.56 1231.635 2391.318 2802.586 -281.97753
215.76 2325.973 4838.104 5375.768 -467.23057
216.96 1944.73 4114.857 4511.5 -547.12399
218.16 1411.055 2745.633 3194.347 -297.42268
219.35 1043.286 2041.87 2376.781 -298.1643
220.55 1288.488 2530.937 2941.626 -302.52782
221.75 1171.749 2156.188 2581.488 -231.46915
222.95 1869.549 3955.792 4442.877 -428.31088
224.15 1557.108 3057.475 3442.893 -389.28314
225.35 1223.568 2274.796 2723.971 -234.03524
226.55 1160.718 2166.348 2552.666 -260.31138
227.75 1745.549 3635.292 4039.877 -467.08079
228.94 1556.003 3080.444 3441.591 -422.11145
230.14 1421.626 2645.653 3001.092 -344.37021
231.34 1104.816 2205.884 2526.209 -343.73458
232.54 1064.019 2053.451 2332.554 -354.50369
233.74 1249.798 2198.879 2504.115 -310.93414
234.93 1116.365 2144.229 2552.125 -251.99115
236.13 1349.255 2606.03 3054.958 -279.94987
237.33 1310.587 2551.8 2751.564 -621.33867
238.53 1206.691 2304.004 2734.972 -254.61604
239.72 1774.479 3724.772 4236.632 -381.02034
240.92 916.233 1571.854 1948.129 -174.23991
242.12 1601.982 3173.269 3673.762 -313.9479
243.31 1078.795 2086.709 2491.88 -248.76237
244.51 867.046 1743.794 2002.748 -338.57349
245.71 1628.448 3250.758 3703.204 -358.56382
246.9 2132.046 4376.794 4973.748 -376.03387
248.1 1349.608 2589.148 3066.998 -259.39966
249.3 1273.927 2533.756 2941.481 -308.99014
250.49 1244.258 2339.7 2750.193 -266.8604
251.69 1415.059 2706.63 3336.977 -204.89872
252.89 1298.739 2611.696 3014.599 -325.87385
254.08 870.503 1535.444 1814.591 -238.20493
255.28 1379.27 2489.536 2954.422 -238.82574
256.47 868.632 1633.821 2015.457 -200.50234
257.67 1540.783 2988.699 3400.546 -351.56685
258.86 1581.359 3304.061 3672.76 -467.23662
260.06 1274.724 2428.689 2933.635 -228.53222
261.26 1819.985 3935.44 4351.497 -508.45267
262.45 1272.654 2398.996 2822.785 -265.77884
263.65 843.273 1365.707 1799.157 -120.52929
264.84 1474.35 2898.395 3396.266 -286.02672
266.04 1039.739 1970.196 2451.099 -193.481
267.23 870.807 1512.718 1745.214 -276.09546
268.42 1001.856 1904.063 2275.131 -243.13809
269.62 1275.396 2459.242 2803.053 -344.33104
270.81 1269.807 2474.545 2968.109 -244.08938
272.01 1255.086 2432.973 2909.17 -247.35329
273.2 1563.092 3105.315 3586.14 -320.74516
274.4 950.629 1768.323 2216.327 -182.51963
275.59 1481.933 2897.424 3232.845 -422.00432
276.78 1347.138 2479.489 2941.821 -244.92151
277.98 1160.617 2193.487 2570.098 -274.25423
279.17 1214.47 2297.433 2707.033 -264.39526
280.37 1183.62 2245.158 2712.333 -227.22523
281.56 812.236 1526.525 1861.864 -213.00492
282.75 948.905 1731.408 2138.547 -192.19523
283.95 1173.543 2307.297 2542.118 -482.81553
285.14 1280.61 2366.319 2815.233 -241.85222
286.33 945.319 1992.554 2221.944 -456.53219
287.52 1243.227 2536.36 3024.37 -264.98051
288.72 1559.282 3159.546 3695.256 -298.71787
289.91 1800.831 3798.391 4221.673 -471.92135
291.1 1375.782 2732.373 3183.151 -300.94379
292.29 1387.227 2588.186 2972.765 -312.27919
293.49 1342.049 2760.465 3181.482 -336.90179
294.68 988.561 1941.301 2177.212 -403.85611
295.87 1113.025 2132.119 2479.419 -293.43361
297.06 1338.399 2601.913 3054.288 -279.30696
298.26 675.475 1255.274 1427.003 -337.62549
299.45 1085.795 2023.709 2450.88 -219.56385
300.64 1145.988 2208.437 2584.126 -282.8
301.83 1270.816 2369.384 2748.709 -289.61122
303.02 1005.224 1826.516 2165.53 -242.25851
304.21 1519.074 2868.464 3270.835 -335.35908
305.4 1149.954 2276.426 2646.569 -304.3343
306.59 1264.132 2563.821 2900.957 -385.50899
307.79 1135.552 2192.962 2560.612 -287.61324
308.98 863.626 1664.653 2044.092 -211.10804
310.17 1415.689 2640.698 3111.893 -259.97861
311.36 1150.908 2176.925 2700.993 -195.77959
312.55 1881.481 3882.115 4453.472 -350.15505
313.74 853.696 1523.346 1940.942 -160.35808
314.93 1483.114 2807.316 3359.863 -239.65456
316.12 1118.187 2160.007 2656.843 -209.69099
317.31 732.359 1166.234 1479.866 -138.33882
318.5 850.196 1553.346 1911.942 -196.08384
319.69 1186.623 2309.155 2706.462 -282.53519
320.88 1071.706 1925.511 2534.436 -140.21522
322.07 956.853 1737.566 2085.001 -224.70724
323.26 931.319 1705.381 2074.838 -209.51327
324.45 661.736 1142.525 1465.864 -148.69492
325.64 1107.15 2124.998 2568.655 -229.42227
326.83 1353.282 2560.373 3100.151 -223.6269
328.01 1040.439 1950.092 2391.71 -205.98209
329.2 1370.552 2597.462 3199.112 -203.92421
330.39 1054.399 1859.413 2350.788 -163.82896
331.58 921.169 1561.003 2048.749 -131.18167
332.77 1667.822 3265.552 3842.073 -277.13267
333.96 652.325 1141.723 1498.308 -137.2454
335.15 859.709 1434.182 1861.671 -134.38307
336.33 901.669 1532.503 2022.249 -128.80827
337.52 1008.736 1892.025 2372.364 -183.88859
338.71 1023.574 1937.637 2292.941 -257.26273
339.9 1030.613 1745.49 2297.468 -129.5117
341.08 1113.678 1919.841 2312.848 -205.12702
342.27 1360.81 2526.216 3119.844 -196.31894
343.46 1468.24 2680.022 3237.994 -217.1765
344.65 1396.74 2637.522 3133.994 -249.92029
345.83 1435.51 2724.112 3359.955 -202.6606
347.02 822.077 1284.135 1654.07 -124.90214
348.21 1570.356 2798.063 3437.631 -191.95882
349.4 887.445 1372.76 2004.075 -76.87384
350.58 1156.693 1941.848 2655.813 -109.97125
351.77 992.298 1479.379 2169.615 -70.56746
352.96 778.89 917.574 1612.688 -19.95132
354.14 1141.838 1794.559 2536.037 -88.0297
355.33 947.795 1388.209 2177.38 -55.80713
356.51 778.699 1053.516 1710.177 -41.85072
357.7 1104.724 1917.862 2633.74 -113.58614
358.89 943.38 1294.409 2244.694 -36.93924
360.07 1472.767 2468.539 3274.792 -123.50608
361.26 1657.472 2822.45 3719.978 -129.79848
362.44 1235.036 1883.975 2685.964 -80.9162
363.63 1043.741 1437.713 2258.544 -47.99662
364.81 1039.306 1481.238 2377.53 -49.30672
366.0 770.582 869.496 1706.356 -11.81964
367.18 2123.659 4002.684 4925.465 -203.62615
368.37 965.045 1289.141 2138.458 -38.15947
369.55 1318.104 1992.324 2972.974 -68.75242
370.74 1469.171 2569.347 3556.089 -111.49569
371.92 1693.877 2932.584 3829.17 -138.15836
373.11 1140.947 1572.778 2366.02 -54.43865
374.29 982.511 1228.803 2118.506 -27.68241
375.48 1122.499 1604.793 2543.671 -51.36914
376.66 935.266 1304.212 2230.397 -39.83497
377.84 1558.046 2698.641 3682.458 -115.93565
379.03 912.469 1197.779 2106.243 -31.40581
380.21 842.959 908.614 1826.249 -7.15473
381.39 767.729 768.203 1653.21 -0.05357
382.58 1415.435 2249.768 3191.686 -88.57813
383.76 1795.696 2792.519 3928.047 -87.78495
384.94 1952.549 3275.138 4444.088 -113.14336
386.13 1098.582 1312.822 2390.25 -19.88441
387.31 1272.944 1667.607 2813.285 -34.44796
388.49 1146.993 1310.625 2427.807 -14.64683
389.68 1392.024 1823.466 3113.629 -33.44083
390.86 1315.159 1738.51 3032.36 -32.72028
392.04 1756.454 2622.772 4102.779 -58.53478
393.22 1209.659 1267.51 2711.36 -4.00674
394.41 1199.628 1355.17 2657.537 -11.943
395.59 951.625 602.499 2046.302 24.181
396.77 1336.285 1571.216 3240.991 -14.06965
397.95 1483.205 1634.858 3244.647 -9.42066
399.13 1760.684 2148.683 3967.318 -21.33463
400.31 1327.806 1344.565 3154.925 -0.92571
401.5 1636.107 1827.995 3855.209 -9.46561
402.68 1737.729 2013.203 4170.71 -12.76817
403.86 1376.957 1103.943 3188.014 13.10001
405.04 1992.994 2394.952 4569.202 -18.48722
406.22 1428.404 1116.928 3278.363 14.41064
407.4 1831.39 1933.748 4309.794 -4.30791
408.58 1991.573 2269.484 4582.651 -12.01429
409.76 2102.134 2452.338 4997.402 -13.76011
410.94 1771.659 1770.51 4115.36 0.04899
412.12 1632.81 1289.889 3749.949 13.93953
413.3 1495.874 1039.914 3670.435 17.33345
414.48 1480.543 947.47 3378.723 21.92584
415.66 1582.129 1217.497 3723.432 14.55073
416.84 2437.441 3106.936 5778.05 -25.06426
418.02 1854.815 1772.23 4367.919 3.18163
419.2 1570.806 1166.391 3607.32 16.56808
420.38 1856.193 1557.522 4244.417 11.11584
421.56 1772.325 1362.396 4031.913 15.35592
422.74 2457.006 2946.461 5620.036 -18.30716
423.92 2073.429 2131.6 4890.321 -2.10863
425.1 1777.543 1499.97 4065.723 10.81837
426.28 1700.221 1165.192 3856.506 19.87985
427.46 2750.687 3589.68 6422.448 -29.61744
428.63 1852.438 1619.266 4308.315 8.6712
429.81 1924.917 1713.591 4375.987 7.93745
430.99 2085.696 2003.519 4743.547 2.99913
432.17 2436.803 2927.721 5826.585 -16.93481
433.35 2245.5 2125.12 4965.066 4.23881
434.52 1483.929 427.927 3245.716 37.47628
435.7 1731.141 1092.833 3793.161 23.63816
436.88 2259.975 1984.948 4888.608 9.47175
438.06 1969.058 1466.304 4456.582 16.81297
439.23 1781.076 1177.981 4051.781 20.98599
440.41 2090.969 1601.606 4678.638 15.90374
441.59 2322.558 2193.977 5398.187 4.01288
442.77 1872.475 963.274 3957.003 30.3702
443.94 2452.481 2184.115 5537.972 8.00171
445.12 2407.168 2037.676 5450.854 10.82547
446.3 2832.61 2830.492 6339.838 0.06035
447.47 2391.589 1996.817 5529.01 11.17638
448.65 2454.88 1981.582 5756.299 12.53864
449.82 2115.88 1192.582 4896.299 24.92896
451.0 2441.021 1628.795 5361.895 21.75742
452.18 2336.067 1347.642 5281.681 25.12494
453.35 2461.515 1508.127 5548.03 23.59928
454.53 2469.472 1500.777 5517.873 24.11432
455.7 2304.757 938.373 5313.298 31.23217
456.88 3123.647 2478.001 7091.026 13.99615
458.05 2758.494 1621.452 6037.202 25.74969
459.23 2522.196 923.019 5558.547 34.49827
460.4 2902.515 1717.127 6638.53 24.08638
461.58 3093.613 1870.49 7088.468 23.44056
462.75 2710.168 902.676 6107.854 34.72489
463.93 3129.853 1645.239 6890.106 28.30603
465.1 2992.604 1483.324 6766.474 28.5678
466.28 2756.233 647.028 6071.735 38.88146
467.45 2739.015 483.127 5941.03 41.3325
468.63 3259.859 1443.407 7088.471 32.1777
469.8 3598.23 2273.03 8151.105 22.54479
470.97 3170.96 1065.441 6890.144 36.1481
472.15 3378.442 1621.263 7446.445 30.16521
473.32 3630.733 1868.528 7969.235 28.88527
474.49 3919.754 2223.203 8539.063 26.86177
475.67 3565.963 1299.938 7688.773 35.46852
476.84 3358.531 883.96 7141.889 39.54296
478.01 3907.303 1752.721 8442.585 32.20667
479.19 3783.948 1409.931 8063.81 35.67869
480.36 3505.457 915.27 7532.409 39.14361
481.53 3738.776 1726.378 8416.892 30.07838
482.7 3751.003 1276.117 8456.195 34.46878
483.88 3593.886 873.577 7709.059 39.7969
485.05 3738.647 1198.001 8010.026 37.29649
486.22 3870.635 1352.991 8186.191 36.84428
487.39 3671.457 877.097 7722.804 40.81917
488.56 4082.573 1501.81 8619.046 36.26075
489.74 4311.178 2389.342 9412.849 27.36291
490.91 3829.206 892.185 7826.042 42.35768
492.08 3848.573 1265.81 8351.046 36.45275
493.25 3817.813 930.386 8051.579 40.54695
494.42 3945.42 1369.088 8493.116 36.16398
495.59 3985.752 1247.532 8254.328 39.07948
496.76 3952.926 1336.929 8779.086 35.15106
497.93 4198.552 1718.135 8874.218 34.66166
499.1 4228.184 1605.01 8686.713 37.04158
500.27 4707.555 2773.633 9994.347 26.78298
501.44 4706.092 3078.815 10340.14 22.4102
502.61 3982.571 1235.64 8292.811 38.92397
503.78 4188.371 1679.07 8997.595 34.28698
504.95 4632.518 3086.124 10109.66 22.01731
506.12 4237.006 1873.615 8827.325 33.98749
507.29 3765.043 930.797 8134.118 39.34638
508.46 3586.841 252.729 7064.272 48.94796
509.63 4941.84 3146.729 10463.772 24.53328
510.8 4808.834 3257.561 10580.907 21.18257
511.97 4215.761 1395.871 8452.928 39.95844
513.14 3956.816 771.884 8008.708 44.01008
514.31 4546.117 2169.487 9502.598 32.40957
515.48 4268.647 1332.328 8695.921 39.87618
516.65 4107.098 1206.483 8477.504 39.89282
517.81 4066.19 997.678 8375.577 41.5906
518.98 4370.856 1822.736 9187.236 34.60004
520.15 3974.295 485.209 7758.88 47.9687
521.32 4400.767 1739.539 9169.292 35.81852
522.49 5484.58 3869.305 11735.806 20.53359
523.65 5039.696 3152.846 10589.442 25.3725
524.82 4618.463 1597.438 9160.273 39.94566
525.99 3855.715 298.35 7696.536 48.08429
527.16 4750.442 1845.59 9410.84 38.3973
528.32 4795.509 1856.285 9654.561 37.69069
529.49 4546.902 1269.084 9050.522 42.12355
530.66 4130.556 237.96 7952.242 50.4596
531.82 4414.35 604.568 8380.371 48.99534
532.99 4601.887 1143.077 9051.559 43.73545
534.16 4629.218 1260.521 9238.271 42.22616
535.32 5209.602 2115.98 10496.134 36.91605
536.49 4596.669 789.003 9031.249 46.19695
537.65 5372.828 2601.393 11115.043 32.55284
538.82 4667.792 820.711 9142.75 46.22762
539.99 5167.38 1661.909 10484.694 39.73203
541.15 5631.708 2098.355 10995.276 39.71434
542.32 4862.344 502.227 9480.401 48.56351
543.48 5530.031 1999.787 11516.283 37.09604
544.65 5816.779 1990.202 11206.916 41.51781
545.81 6853.055 3837.633 13952.847 29.81076
546.98 5659.559 1447.13 11648.477 41.29287
548.14 6213.055 2101.633 12558.847 39.31661
549.31 6065.832 958.391 11704.673 47.52752
550.47 5983.506 1167.115 11823.325 45.19798
551.63 6826.19 2475.678 13360.077 39.97017
552.8 6482.064 1129.472 12063.946 48.95153
553.96 6253.629 947.323 11854.827 48.64821
555.13 6497.574 1023.137 12524.44 47.5984
556.29 7006.856 2505.563 14429.631 37.74964
557.45 6457.883 696.579 11942.429 51.23049
558.62 6876.243 1466.693 13019.729 46.82362
559.78 7173.559 1969.13 13975.477 43.34731
560.94 6803.877 1215.238 13337.959 46.10054
562.11 6828.39 1055.074 13142.688 47.76224
563.27 6960.31 262.716 12451.344 54.94953
564.43 6906.068 55.969 12440.076 55.31363
565.59 7088.786 320.87 12474.78 55.68509
566.76 7170.463 1010.438 13526.773 49.21588
567.92 7612.387 1477.404 14710.454 46.36106
569.08 7910.951 1880.929 14975.939 46.04824
570.24 7529.991 1088.781 14294.967 48.77419
571.4 7466.264 472.868 13934.058 51.95229
572.57 7561.319 945.881 14806.338 47.72886
573.73 7452.282 168.373 13756.151 53.60633
574.89 8000.936 1054.422 14808.476 50.50521
576.05 8135.273 1449.707 14947.657 49.53023
577.21 7447.313 620.386 14037.079 50.88383
578.37 7551.607 16.148 14368.998 52.50148
579.53 8085.43 648.254 14684.11 52.98698
580.69 8677.384 1744.406 16907.324 45.72324
581.85 8122.27 1062.536 15333.922 49.46775
583.01 8213.898 1031.413 15150.788 50.86971
584.17 8501.927 1324.256 15526.981 50.53728
585.33 8606.715 1508.85 16502.535 47.33903
586.49 8673.785 911.543 15139.886 54.55479
587.65 8822.92 1585.588 15770.116 51.02272
588.81 9101.249 1454.361 16620.094 50.42215
589.97 9385.405 2468.081 17353.152 46.47156
591.13 8340.457 1144.77 16272.909 47.56492
592.29 8697.755 974.529 16274.958 50.47718
593.45 8827.957 623.597 15068.304 56.79839
594.61 8501.761 509.871 14565.428 56.85929
595.77 8477.675 398.671 15600.113 53.1463
596.93 8120.632 352.994 14982.562 53.09547
598.09 9052.185 994.51 16096.213 53.35607
599.24 8687.188 453.507 15481.843 54.78771
600.4 8371.285 1022.043 15271.886 51.5742
601.56 8569.5 652.947 14886.461 55.61911
602.72 8778.16 1034.664 15405.649 53.88285
603.87 9107.445 1147.587 15940.47 53.8087
605.03 8373.66 538.664 15530.149 52.26297
606.19 8374.182 524.339 14650.979 55.56766
607.35 8094.755 91.029 14074.458 57.23722
608.5 8989.642 1534.16 16068.056 51.2972
609.66 9240.997 2418.276 16947.227 46.95949
610.82 7879.623 428.655 13941.462 55.14004
611.97 8278.856 429.063 15284.131 52.84253
613.13 8756.976 1601.601 15041.897 53.23822
614.29 7976.479 1286.772 15624.132 46.65926
615.44 8503.417 1823.417 15499.882 48.84303
616.6 7676.396 461.742 14483.053 51.45492
617.76 8343.046 1709.294 14965.748 50.04168
618.91 8557.05 1751.292 14364.377 53.95792
620.07 8332.519 1762.451 15394.555 48.19555
621.22 7560.688 12.007 13149.843 57.45756
622.38 9019.356 2654.563 15989.631 47.72974
623.53 7976.264 158.868 13188.058 59.9991
624.69 7771.862 384.231 13439.995 56.58521
625.84 7449.451 531.929 13202.939 54.5933
627.0 7756.917 1371.591 14228.986 49.66267
628.15 7569.525 114.619 12578.419 59.81246
629.31 7906.442 1007.263 14042.945 52.92534
630.46 7522.743 54.193 13046.229 57.4856
631.61 7919.329 929.72 13696.938 54.74653
632.77 7812.077 810.308 13448.676 55.40089
633.92 7902.399 1138.913 14331.288 51.26814
635.08 8369.497 2566.449 15674.831 44.26975
636.23 7646.377 888.738 12713.959 57.14599
637.38 7358.945 -113.24 12221.574 60.57801
638.54 7782.751 1722.532 14108.828 48.92681
639.69 8594.218 2381.848 15304.665 48.07288
640.84 8103.113 1380.484 13396.653 55.94653
641.99 7044.677 269.505 12355.263 56.05914
643.15 7831.741 2251.527 14847.871 44.30027
644.3 7685.304 424.048 12033.48 62.54618
645.45 7021.368 -101.931 11883.589 59.43254
646.6 7975.432 2262.59 13837.698 49.35454
647.75 7559.996 607.111 12667.807 57.64912
648.91 7316.059 -149.868 11873.416 62.09557
650.06 7684.123 568.154 12924.024 57.59181
651.21 7815.187 1234.675 13884.134 52.02208
652.36 7757.25 1167.196 13647.742 52.80261
653.51 7635.814 471.717 12946.351 57.42932
654.66 7300.378 760.738 13928.46 49.66417
655.81 8017.941 1710.259 13956.568 51.5068
656.96 7316.505 208.28 11655.678 62.09468
658.11 7968.569 976.302 13026.286 58.02719
659.27 8131.633 1342.323 13119.396 57.64854
660.42 7391.696 294.844 12097.004 60.13181
661.57 7913.76 1029.865 13292.613 56.13664
662.72 7203.824 -180.114 11759.722 61.84287
663.87 7228.888 -173.093 12221.331 59.72025
665.01 7993.951 891.429 13287.439 57.29684
666.16 8006.515 252.45 12741.048 62.08916
667.31 7983.079 428.971 12492.657 62.61857
668.46 8702.143 1921.492 14423.766 54.23534
669.61 7809.706 594.013 13009.375 58.11907
670.76 7962.27 69.034 12190.983 65.11524
671.91 8565.334 1986.556 14678.593 51.8339
673.06 8293.397 1294.577 13963.201 55.24531
674.21 7751.461 -152.402 12580.811 62.07281
675.35 8293.524 921.119 14043.419 56.18227
676.5 8357.089 695.14 13457.528 60.03538
677.65 8454.152 130.661 13839.637 60.71563
678.8 7849.716 -167.817 12917.745 61.27007
679.94 8445.279 341.704 13183.854 63.10139
681.09 9546.844 1144.725 14808.463 61.4921
682.24 8929.907 1245.246 14909.072 56.24092
683.39 8324.471 87.267 14166.681 58.5053
684.53 9489.034 1283.788 14885.79 60.32381
685.68 9181.599 696.31 14367.398 62.0674
686.83 8808.662 970.331 14569.508 57.63828
687.97 9150.726 858.352 13805.616 64.0473
689.12 8969.789 551.873 14120.726 62.03853
690.27 9158.854 354.394 14816.334 60.88021
691.41 9268.417 1406.415 14506.942 60.01287
692.56 9117.98 1082.937 16352.052 52.62285
693.7 8772.044 1119.958 15615.16 52.79047
694.85 9064.108 194.479 14490.27 62.04364
695.99 8866.172 1253.0 15089.378 55.02287
697.14 9408.235 771.021 14628.987 62.32671
698.28 8949.799 1041.542 15243.096 55.68586
699.43 8760.363 1135.563 14681.205 56.28969
700.57 9120.427 -141.415 13427.313 68.25873
701.72 9809.99 110.606 13995.923 69.85353
702.86 8964.054 -264.873 13259.531 68.23906
704.01 9111.618 194.148 14476.14 62.43856
705.15 9639.682 1163.669 15626.249 58.6065
706.29 9209.245 338.191 13608.857 66.84709
707.44 9396.809 630.212 14229.467 64.4638
708.58 9126.873 -106.267 13695.075 66.90031
709.72 10349.937 1851.254 16852.684 56.65248
710.87 8840.5 -294.725 13516.793 66.14208
712.01 9064.063 159.296 13861.402 64.98831
713.15 8992.628 757.818 14662.511 59.22324
714.3 9614.191 1016.839 14706.12 62.80354
715.44 9564.255 245.36 14690.729 64.5113
716.58 10151.819 754.381 15552.337 63.50498
717.72 9790.383 161.402 14636.446 66.52125
718.87 9119.446 633.923 15330.055 57.73984
720.01 9256.01 420.444 16054.664 56.51427
721.15 8992.574 -115.534 13882.772 65.06579
722.29 9606.638 1021.487 14374.382 64.2943
723.43 9375.201 1412.508 15841.49 55.18541
724.57 9468.765 1132.029 14727.6 61.3195
725.72 9244.829 677.05 14369.208 62.57435
726.86 9417.893 1909.571 14417.817 60.02697
728.0 9034.456 556.093 14380.426 61.32928
729.14 8730.02 218.114 13303.034 65.05126
730.28 10175.584 1451.635 14596.644 66.36701
731.42 9093.147 161.656 13138.752 68.82504
732.56 9668.211 2064.677 15369.861 57.14715
733.7 9484.274 1011.698 14814.47 61.38315
734.84 8862.839 -294.28 13002.579 68.86678
735.98 9535.902 627.741 13972.188 66.75557
737.12 9118.466 113.262 13786.297 65.86105
738.26 9522.029 149.283 14333.905 66.07681
739.4 9762.094 656.304 15338.515 62.0192
740.53 9683.657 1114.825 14728.623 62.94226
741.67 9037.721 788.347 13910.231 62.8673
742.81 8723.784 -224.632 12929.841 68.02565
743.95 9578.849 678.389 13862.949 67.50669
745.09 9470.912 154.91 13480.059 69.91293
746.23 10471.976 1219.931 14948.167 67.39427
747.36 9607.039 1273.452 14981.276 60.79438
748.5 9053.104 150.974 13084.885 68.82783
749.64 8628.167 232.495 13546.994 63.05661
750.78 8544.23 144.516 12781.103 66.47139
751.92 8744.794 332.037 13095.712 65.91171
753.05 8533.858 363.058 13274.32 63.28429
754.19 9007.422 1546.079 13911.429 60.34073
755.33 8442.985 -270.899 12687.538 67.24487
756.46 8163.049 724.622 12953.146 60.8285
757.6 8516.613 16.643 12968.756 65.62613
758.74 9304.177 1561.164 14233.864 61.09994
759.87 8867.24 755.185 14133.974 60.6337
761.01 8651.304 606.206 12603.582 67.05714
762.14 8262.868 641.728 12811.191 62.62511
763.28 8688.932 1166.749 12534.8 66.1695
764.41 8305.995 724.77 12183.909 66.15877
765.55 8020.059 -237.209 11384.018 71.05333
766.69 9000.623 750.312 12319.126 71.3151
767.82 8550.687 953.333 12841.235 63.90828
768.95 7500.25 139.855 11144.344 66.88539
770.09 8484.313 1518.876 12756.953 61.98069
771.22 8369.378 1835.897 13038.562 58.32078
772.36 8817.441 1423.418 12540.671 66.50945
773.49 8421.505 1409.439 13055.279 60.2109
774.63 7681.569 572.96 11390.389 65.7144
775.76 8350.633 487.482 11425.497 71.88828
776.89 7821.196 1196.503 12047.606 61.05087
778.03 7798.26 955.024 11702.215 63.67465
779.16 7328.824 234.045 11350.323 63.82333
780.29 7983.887 912.566 11263.933 68.31292
781.43 7753.951 1591.087 11674.041 61.12161
782.56 7345.015 944.108 11725.65 59.36912
783.69 6924.079 191.63 10068.759 68.162
784.82 6771.142 554.151 11165.368 58.58886
785.96 7116.706 571.172 10081.477 68.8257
787.09 7098.77 581.193 9815.086 70.58319
788.22 7007.833 974.214 10803.694 61.38289
789.35 6436.897 297.235 9664.304 65.54518
790.48 6719.461 550.757 9442.912 69.37243
791.62 7019.024 1464.278 10710.521 60.07572
792.75 5686.088 150.299 9027.63 62.35871
793.88 6826.652 1845.82 10836.738 55.39848
795.01 6599.216 1012.341 9681.348 64.44654
796.14 6537.279 1161.362 9669.956 63.1822
797.27 6995.843 1363.384 10103.065 64.44696
798.4 6217.907 658.405 8814.174 68.1665
799.53 5726.971 106.926 7920.783 71.92408
800.66 6666.034 887.947 9714.892 65.45965
801.79 7185.598 3492.968 11640.501 45.32206
802.92 6174.662 670.989 8506.109 70.24363
804.05 6177.226 1137.511 9490.218 60.33631
805.18 5866.79 712.032 9415.827 59.22425
806.31 5764.853 693.053 8287.436 66.78357
807.44 5829.417 10.074 8029.045 72.5697
808.57 6129.48 1061.095 8028.653 72.74263
809.69 6322.544 932.116 8612.263 70.18653
810.82 5321.108 -309.862 6966.871 77.38321
811.95 6297.172 2776.659 10190.48 47.48581
813.08 5571.235 371.18 8155.589 66.8009
814.21 6428.799 2834.201 10741.198 45.46098
815.33 5419.363 640.722 7666.307 68.01769
816.46 5391.927 897.243 8077.416 62.59855
817.59 5791.99 2031.265 9024.024 53.78028
818.72 5989.054 1309.286 8154.633 68.36422
819.84 6483.118 2504.307 9108.742 60.24453
820.97 5477.182 1316.328 8395.351 58.77723
822.1 5207.245 1648.849 8675.46 50.64171
823.22 4774.809 69.37 6292.068 75.61734
824.35 5028.873 312.892 7032.177 70.18575
825.48 5162.437 1487.913 7442.286 61.71134
826.6 4955.0 912.934 7259.895 63.68506
827.73 4624.064 -189.545 6337.004 73.75428
828.85 4547.627 653.976 6923.113 62.10825
829.98 5244.691 1615.497 7863.222 58.08826
831.11 4366.755 214.519 6495.331 66.10986
832.23 4354.819 246.04 6477.939 65.93141
833.36 5067.382 1437.561 7361.048 61.27846
834.48 4579.446 859.582 6749.157 63.16015
835.6 4286.51 1350.603 6884.266 53.0554
836.73 4107.574 130.124 5894.375 69.00203
837.85 4709.637 1415.646 7515.983 53.99687
838.98 4080.701 -203.333 5561.092 74.31849
840.1 4356.265 1153.688 6953.701 55.21671
841.23 4177.829 1016.709 6811.81 54.54814
842.35 4380.392 1991.73 8074.919 39.26661
843.47 3920.956 643.251 5934.528 61.94544
844.6 3904.52 175.772 5347.637 72.09677
845.72 3822.583 385.794 5760.745 63.94085
846.84 4025.647 409.315 5733.354 67.9246
847.96 4002.211 333.836 6072.963 63.91869
849.09 3689.275 312.357 5663.572 63.10563
850.21 3978.838 638.878 5764.681 65.15975
851.33 4660.902 1103.4 6528.79 65.57137
852.45 3827.966 228.421 5257.898 71.56896
853.57 4319.029 815.942 5672.007 72.13839
854.7 3855.593 292.463 5545.616 67.82841
855.82 3895.657 250.984 5604.725 68.07712
856.94 3839.221 1359.005 6401.334 49.1879
858.06 3247.784 -150.974 4755.442 69.27171
859.18 3944.848 1080.048 5734.551 61.549
860.3 3607.912 685.569 5356.16 62.56902
861.42 3377.476 -205.41 4107.269 83.07796
862.54 3456.539 -138.889 4662.878 74.87719
863.66 3697.603 207.132 4728.987 77.19113
864.78 3527.167 378.653 4574.596 75.0371
865.9 3727.73 970.175 5307.205 63.58166
867.02 5255.294 3268.196 8203.313 40.26445
868.14 4568.358 2295.717 6758.422 50.92518
869.26 4002.422 1418.238 5515.531 63.07051
870.38 3254.985 -114.741 4571.64 71.90466
871.5 2890.549 -88.72 4033.749 72.26905
872.62 3194.613 119.302 4331.357 73.01212
873.74 3792.677 1744.823 6251.966 45.43573
874.85 3018.208 124.833 4517.521 65.86799
875.97 3411.708 757.833 5010.021 62.41199
877.09 3837.708 1107.333 5359.521 64.21106
878.21 3349.208 690.333 4427.521 71.14641
879.33 3072.708 765.333 4705.021 58.56746
880.44 3035.708 751.833 5068.021 52.91417
881.56 3185.208 388.333 4358.521 70.44692
882.68 3452.208 781.833 4309.021 75.70833
883.79 3980.208 2228.333 6274.021 43.30228
884.91 2771.708 -118.167 4007.021 70.05439
886.03 3396.708 1161.833 5196.021 55.39839
887.14 3419.708 1814.333 5684.521 41.48054
888.26 3444.708 1999.833 5994.021 36.17444
889.38 3397.708 1485.333 5125.521 52.53506
890.49 2758.208 -47.667 3685.521 75.1603
891.61 3187.708 808.333 4448.521 65.36407
892.72 3013.208 114.333 4032.021 73.99454
893.84 2632.708 -138.667 4255.521 63.06911
894.95 2550.708 -153.667 3717.521 69.85905
896.07 2836.208 413.833 4113.521 65.47512
897.18 3337.208 1036.333 4540.021 65.67009
898.3 3067.708 35.833 3481.521 87.99042
899.41 3538.708 1322.833 5193.021 57.25497
900.53 3203.208 943.833 4236.021 68.62838
901.64 3432.208 1230.833 5402.021 52.77573
902.75 3390.208 709.833 4430.521 72.03977
903.87 3003.208 346.833 3898.521 74.79191
904.98 3210.208 1111.833 4832.021 56.40508
906.09 3027.208 521.333 4227.521 67.61328
907.21 3100.708 1032.833 4594.521 58.05885
908.32 2658.708 375.833 3893.521 64.89704
909.43 3079.708 1633.833 5382.021 38.57531
910.54 2958.708 856.333 4521.521 57.36064
911.66 3530.708 2737.333 6120.021 23.45398
912.77 2575.208 277.333 3654.521 68.04108
913.88 3081.208 899.833 4292.021 64.30584
914.99 2823.708 269.333 3331.521 83.41667
916.1 2773.208 823.833 3662.021 68.6838
917.22 2334.708 108.333 3132.021 73.63112
918.33 3046.708 1602.333 4594.521 48.27153
919.44 2606.208 709.333 3807.521 61.22531
920.55 2926.208 1790.833 4739.021 38.51094
921.66 2820.708 1114.333 3962.021 59.92143
922.77 2928.208 1230.833 4176.521 57.62237
923.88 3018.708 1684.333 4666.021 44.75234
924.99 2775.208 1005.833 4039.521 58.32423
926.1 2326.708 -10.667 2708.021 85.97439
927.21 2957.708 1730.333 4719.021 41.06735
928.32 1887.208 -128.667 2431.021 78.75473
929.43 2199.208 732.333 3350.521 56.02635
930.54 2072.208 508.833 2813.521 67.83457
931.65 2055.708 742.333 3320.521 50.94179
932.76 2334.708 1108.333 3496.021 51.36246
933.86 2250.708 938.833 3258.021 56.56615
934.97 1910.208 286.833 2585.521 70.62183
936.08 1836.208 452.833 2316.021 74.24777
937.19 2200.708 1885.833 4027.021 14.70562
938.3 1885.708 1201.833 3249.021 33.40559
939.4 2127.208 1749.333 3612.021 20.28654
940.51 1555.208 687.833 2239.021 55.91684
941.62 1667.708 1240.833 2734.521 28.5786
942.73 2340.208 2750.333 4271.521 -26.96084
943.83 1460.208 898.833 2278.021 40.70332
944.94 1477.708 983.833 2278.521 38.14628
946.05 1008.208 -16.667 1296.021 78.07456
947.15 1125.208 29.833 1459.521 76.61639
948.26 1427.708 669.833 2117.521 52.35074
949.36 1263.708 366.833 1708.021 66.87171
950.47 1647.708 953.833 2416.021 47.45459
951.57 2141.208 2269.333 3791.521 -8.41716
952.68 1783.208 1332.833 3147.021 24.82516
953.79 1847.708 1336.333 2958.021 31.53351
954.89 1475.708 431.833 1915.021 70.38052
955.99 1699.708 1138.333 2826.021 33.26297
957.1 1583.708 593.333 2420.021 54.217
958.2 1812.708 883.333 2674.021 51.90046
959.31 1913.708 1304.833 3095.521 34.00231
960.41 1462.708 430.833 1994.521 65.98985
961.52 1461.208 81.333 1587.521 91.61376
962.62 1863.708 1338.333 3120.021 29.4875
963.72 1542.208 81.833 1686.521 91.00682
964.83 1404.708 -96.667 1420.521 98.95778
965.93 1698.208 867.333 2607.021 47.76002
967.03 2070.208 1632.333 3674.021 21.44672
968.13 1912.208 1295.333 3037.521 35.40807
969.24 1552.208 373.333 2056.521 70.03825
970.34 1501.208 506.333 2134.021 61.122
971.44 1542.208 658.333 2470.021 48.78739
972.54 1723.208 991.333 2613.521 45.11655
973.64 1395.708 395.833 1967.521 63.61793
974.75 2371.708 2727.333 4342.021 -22.02438
975.85 4790.708 8233.833 10100.521 -184.45104
976.95 1450.708 446.333 2116.521 60.13547
978.05 1774.208 1431.833 3190.521 19.46764
979.15 2292.708 2417.833 4142.021 -7.25704
980.25 1168.708 77.833 1583.521 72.45029
981.35 1452.208 478.333 1934.521 66.87841
982.45 2215.208 2239.833 3786.521 -1.59211
983.55 1574.208 1277.833 2662.021 21.41148
984.65 1662.208 1081.833 2426.021 43.17664
985.75 1918.708 1673.333 3141.021 16.71848
986.85 1612.208 1033.833 2548.021 38.19706
987.95 1243.708 552.333 2026.521 46.89872
989.05 1952.708 2063.333 3463.521 -7.90072
990.15 1801.708 1504.333 2865.521 21.84674
991.25 1533.208 932.833 2296.021 44.042
992.34 1834.708 2071.333 3339.521 -18.65851
993.44 1355.208 1067.333 2262.021 24.09626
994.54 1334.208 997.333 2025.521 32.76397
995.64 1735.208 1752.333 2989.021 -1.38475
996.74 1830.208 2127.333 3291.521 -25.52208
997.83 1000.708 168.833 1256.021 76.51624
998.93 1249.708 838.333 1994.521 35.58031
1000.03 2254.708 3115.833 4377.521 -68.25183
1001.12 1806.208 2129.833 3121.521 -32.63376
1002.22 1819.708 2073.833 3210.021 -22.36646
1003.32 1177.208 728.333 1728.021 44.90154
1004.41 1303.208 1275.833 2219.521 2.90085
1005.51 1263.208 1044.833 2034.521 22.06505
1006.6 1003.708 449.333 1515.021 52.02041
1007.7 1492.708 1579.333 2663.021 -7.99354
1008.8 831.208 116.833 990.021 81.81233
1009.89 1401.708 1304.833 2322.021 9.52381
1010.99 1201.208 1035.333 1889.521 19.41904
1012.08 756.708 146.833 1118.021 62.79683
1013.18 1142.208 989.333 2030.021 14.68981
1014.27 1031.708 673.833 1647.021 36.77349
1015.36 1230.708 901.833 1832.021 35.35578
1016.46 1246.208 1099.333 2024.521 15.87516
1017.55 927.708 424.333 1331.021 55.51802
1018.65 1274.208 1194.833 2030.021 9.50385
1019.74 1430.708 1510.333 2428.021 -8.6767
1020.83 1348.208 1173.333 2163.021 17.66972
1021.93 1149.708 882.833 1780.021 29.74574
1023.02 751.708 345.333 1073.021 55.84471
1024.11 800.708 202.833 944.521 80.61009
1025.2 661.708 91.333 929.021 68.08923
1026.3 1103.208 1142.833 1980.021 -4.73311
1027.39 1310.708 1531.833 2318.021 -28.12625
1028.48 1192.208 1191.333 1910.521 0.12167
1029.57 927.708 690.333 1436.021 31.83304
1030.66 1069.708 1056.333 1742.521 1.94918
1031.75 2246.708 3911.833 4641.021 -228.3534
1032.84 1199.208 1514.333 2226.021 -44.27857
1033.94 627.208 272.833 974.521 50.50325
1035.03 1354.708 1659.333 2341.021 -44.68691
1036.12 679.708 271.333 912.521 63.69042
1037.21 639.708 342.833 823.521 61.7605
1038.3 1067.708 1383.833 2031.021 -48.84597
1039.39 590.208 299.333 829.521 54.86266
1040.48 843.208 1089.333 1770.021 -36.1583
1041.57 1010.208 1523.833 2000.521 -107.7488
1042.66 922.708 1086.333 1789.521 -23.26905
1043.74 982.708 1264.333 1828.021 -49.9612
1044.83 981.708 1388.333 1874.521 -83.63544
1045.92 463.708 288.333 762.521 36.98432
1047.01 1007.208 1598.333 2203.521 -97.67637
1048.1 464.708 253.833 664.021 51.40942
1049.19 873.208 1079.833 1614.521 -38.64408
1050.27 665.708 897.833 1357.521 -50.49625
1051.36 674.208 886.333 1321.021 -48.79942
1052.45 904.708 1311.333 1738.021 -95.2981
1053.54 851.708 1093.833 1594.521 -48.35852
1054.62 965.208 1313.833 1787.021 -73.67588
1055.71 807.708 1319.833 1666.021 -147.93286
1056.8 1036.708 1821.333 2145.521 -242.02824
1057.88 679.708 914.833 1288.521 -62.92021
1058.97 831.208 1253.833 1744.521 -86.12917
1060.06 1190.708 2294.333 2766.021 -233.97374
1061.14 697.708 831.333 1225.521 -33.89884
1062.23 2030.208 4077.833 4601.521 -391.00111
1063.31 873.708 1347.333 1665.521 -148.85093
1064.4 577.708 816.833 1162.021 -69.27393
1065.48 781.708 1190.333 1585.021 -103.53129
1066.57 618.708 834.333 1196.521 -59.53407
1067.65 794.708 1296.333 1630.521 -150.10288
1068.74 667.708 894.833 1316.521 -53.86097
1069.82 793.208 1335.333 1655.521 -169.31487
1070.9 2645.708 5377.333 6085.021 -385.99315
1071.99 836.208 1434.833 1816.021 -157.04215
1073.07 781.708 1297.833 1656.521 -143.89268
1074.15 900.708 1459.833 1788.521 -170.1084
1075.24 780.708 1138.833 1373.521 -152.59656
1076.32 862.708 1408.833 1789.021 -143.64624
1077.4 1351.208 2520.333 2787.521 -437.56721
1078.49 508.208 600.833 910.521 -29.90917
1079.57 962.208 1624.833 1998.521 -177.32064
1080.65 1193.208 2142.833 2561.521 -226.80994
1081.73 648.708 1129.333 1313.021 -261.65366
1082.81 425.708 553.333 800.021 -51.73548
1083.89 867.208 1458.333 1720.021 -225.88968
1084.98 850.208 1350.833 1773.521 -118.43858
1086.06 440.208 651.333 851.521 -105.46361
1087.14 466.208 740.333 974.021 -117.30408
1088.22 709.208 1238.833 1529.021 -182.51133
1089.3 444.708 585.833 987.021 -35.17681
1090.38 1391.208 2794.333 3151.521 -392.82586
1091.46 817.208 1523.833 1736.021 -333.01917
1092.54 573.208 988.833 1251.021 -158.52201
1093.62 653.708 1072.333 1371.521 -139.92064
1094.7 385.208 600.333 689.021 -242.56515
1095.78 688.708 1264.333 1534.021 -213.44151
1096.86 802.708 1326.833 1527.521 -261.16478
1097.93 1432.208 3004.833 3433.021 -367.27482
1099.01 1003.708 1981.333 2345.021 -268.80918
1100.09 507.208 754.333 996.021 -102.24979
