196.55 1300.59 2496.717 2886.567 -306.81734
197.76 1866.762 3800.704 4436.287 -304.27888
198.96 1709.636 3596.637 3977.441 -495.53152
200.16 1120.39 2217.541 2638.016 -260.93112
201.36 2034.243 4129.822 4611.604 -434.96444
202.56 1403.146 2681.073 3184.465 -253.8628
203.76 1223.573 2135.104 2536.268 -227.22118
204.96 1343.5 2509.135 3166.07 -177.43502
206.16 990.108 1681.46 2228.742 -126.32457
207.36 1667.956 3287.843 3808.572 -311.08102
208.56 1399.471 2790.816 3250.863 -302.43585
209.76 992.644 1640.444 2060.091 -154.36798
210.96 1236.66 2473.917 2848.882 -329.967
212.16 2546.383 5252.875 5767.875 -525.53237
213.36 1478.788 3010.754 3486.111 -322.27687
214.56 1255.778 2391.318 2802.586 -276.10722
215.76 2380.573 4838.104 5375.768 -457.07542
216.96 1966.112 4114.857 4511.5 -541.73322
218.16 1443.193 2745.633 3194.347 -290.26042
219.35 1020.44 2041.87 2376.781 -304.98564
220.55 1271.066 2530.937 2941.626 -306.77001
221.75 1143.969 2156.188 2581.488 -238.0009
222.95 1828.794 3955.792 4442.877 -436.67816
224.15 1552.071 3057.475 3442.893 -390.58991
225.35 1169.736 2274.796 2723.971 -246.0198
226.55 1131.898 2166.348 2552.666 -267.77155
227.75 1786.794 3635.292 4039.877 -456.88663
228.94 1574.644 3080.444 3441.591 -416.94987
230.14 1368.6 2645.653 3001.092 -359.28879
231.34 1148.097 2205.884 2526.209 -330.22306
232.54 1122.723 2053.451 2332.554 -333.47068
233.74 1102.154 2198.879 2504.115 -359.3045
234.93 1167.111 2144.229 2552.125 -239.55046
236.13 1330.869 2606.03 3054.958 -284.04534
237.33 1363.179 2551.8 2751.564 -595.01146
238.53 1175.192 2304.004 2734.972 -261.92495
239.72 1792.387 3724.772 4236.632 -377.52159
240.92 899.477 1571.854 1948.129 -178.69324
242.12 1533.252 3173.269 3673.762 -327.68043
243.31 1091.704 2086.709 2491.88 -245.57618
244.51 908.429 1743.794 2002.748 -322.59258
245.71 1666.231 3250.758 3703.204 -350.21309
246.9 2111.929 4376.794 4973.748 -379.40381
248.1 1354.657 2589.148 3066.998 -258.34296
249.3 1278.424 2533.756 2941.481 -307.88711
250.49 1294.819 2339.7 2750.193 -254.54318
251.69 1471.058 2706.63 3336.977 -196.01485
252.89 1282.876 2611.696 3014.599 -329.81097
254.08 861.144 1535.444 1814.591 -241.55769
255.28 1316.948 2489.536 2954.422 -252.23176
256.47 988.914 1633.821 2015.457 -168.98495
257.67 1502.49 2988.699 3400.546 -360.8646
258.86 1576.296 3304.061 3672.76 -468.60982
260.06 1233.798 2428.689 2933.635 -236.63722
261.26 1944.702 3935.44 4351.497 -478.47681
262.45 1346.306 2398.996 2822.785 -248.39925
263.65 860.397 1365.707 1799.157 -116.57857
264.84 1462.618 2898.395 3396.266 -288.38319
266.04 1113.876 1970.196 2451.099 -178.06476
267.23 803.918 1512.718 1745.214 -304.86515
268.42 1059.932 1904.063 2275.131 -227.48706
269.62 1276.267 2459.242 2803.053 -344.07764
270.81 1250.333 2474.545 2968.109 -248.03503
272.01 1214.264 2432.973 2909.17 -255.92576
273.2 1536.164 3105.315 3586.14 -326.34548
274.4 983.549 1768.323 2216.327 -175.17135
275.59 1433.238 2897.424 3232.845 -436.52176
276.78 1201.228 2479.489 2941.821 -276.48117
277.98 1076.921 2193.487 2570.098 -296.4776
279.17 1212.623 2297.433 2707.033 -264.84602
280.37 1232.871 2245.158 2712.333 -216.68281
281.56 880.427 1526.525 1861.864 -192.67021
282.75 925.946 1731.408 2138.547 -197.8345
283.95 1145.065 2307.297 2542.118 -494.94307
285.14 1262.607 2366.319 2815.233 -245.86271
286.33 957.547 1992.554 2221.944 -451.20166
287.52 1319.748 2536.36 3024.37 -249.30029
288.72 1572.661 3159.546 3695.256 -296.22036
289.91 1873.675 3798.391 4221.673 -454.71209
291.1 1421.076 2732.373 3183.151 -290.89596
292.29 1332.662 2588.186 2972.765 -326.4674
293.49 1419.879 2760.465 3181.482 -318.41561
294.68 963.008 1941.301 2177.212 -414.68811
295.87 1092.037 2132.119 2479.419 -299.47682
297.06 1316.217 2601.913 3054.288 -284.21039
298.26 668.523 1255.274 1427.003 -341.67397
299.45 1101.204 2023.709 2450.88 -215.9565
300.64 1078.566 2208.437 2584.126 -300.74628
301.83 1206.097 2369.384 2748.709 -306.67291
303.02 1097.213 1826.516 2165.53 -215.12452
304.21 1440.051 2868.464 3270.835 -354.99856
305.4 1164.545 2276.426 2646.569 -300.39242
306.59 1242.914 2563.821 2900.957 -391.80271
307.79 1055.744 2192.962 2560.612 -309.32107
308.98 856.1 1664.653 2044.092 -213.09161
310.17 1387.534 2640.698 3111.893 -265.95392
311.36 1204.067 2176.925 2700.993 -185.63604
312.55 1870.923 3882.115 4453.472 -352.00299
313.74 907.591 1523.346 1940.942 -147.45208
314.93 1453.471 2807.316 3359.863 -245.01929
316.12 1168.827 2160.007 2656.843 -199.49851
317.31 701.382 1166.234 1479.866 -148.21572
318.5 857.091 1553.346 1911.942 -194.16107
319.69 1193.735 2309.155 2706.462 -280.74504
320.88 1036.27 1925.511 2534.436 -146.03466
322.07 966.068 1737.566 2085.001 -222.05499
323.26 942.461 1705.381 2074.838 -206.49755
324.45 730.927 1142.525 1465.864 -127.29625
325.64 1161.442 2124.998 2568.655 -217.18497
326.83 1323.576 2560.373 3100.151 -229.13037
328.01 1076.052 1950.092 2391.71 -197.91778
329.2 1315.744 2597.462 3199.112 -213.03396
330.39 1079.717 1859.413 2350.788 -158.67646
331.58 901.885 1561.003 2048.749 -135.13542
332.77 1719.411 3265.552 3842.073 -268.18439
333.96 640.361 1141.723 1498.308 -140.60063
335.15 834.72 1434.182 1861.671 -140.22859
336.33 920.385 1532.503 2022.249 -124.98675
337.52 1059.427 1892.025 2372.364 -173.33559
338.71 1059.136 1937.637 2292.941 -247.25377
339.9 957.057 1745.49 2297.468 -142.8377
341.08 1043.149 1919.841 2312.848 -223.07305
342.27 1310.283 2526.216 3119.844 -204.83055
343.46 1521.291 2680.022 3237.994 -207.66862
344.65 1391.791 2637.522 3133.994 -250.91707
345.83 1454.958 2724.112 3359.955 -199.60183
347.02 779.0 1284.135 1654.07 -136.54652
348.21 1494.932 2798.063 3437.631 -203.75179
349.4 825.366 1372.76 2004.075 -86.70707
350.58 1147.727 1941.848 2655.813 -111.22707
351.77 993.654 1479.379 2169.615 -70.37092
352.96 678.453 917.574 1612.688 -34.40029
354.14 1137.489 1794.559 2536.037 -88.61611
355.33 1003.204 1388.209 2177.38 -48.7859
356.51 749.541 1053.516 1710.177 -46.29108
357.7 1159.384 1917.862 2633.74 -105.95076
358.89 972.774 1294.409 2244.694 -33.84606
360.07 1470.583 2468.539 3274.792 -123.77693
361.26 1586.244 2822.45 3719.978 -137.73445
362.44 1188.922 1883.975 2685.964 -86.66618
363.63 1016.997 1437.713 2258.544 -51.25479
364.81 1026.175 1481.238 2377.53 -50.77173
366.0 800.657 869.496 1706.356 -8.22586
367.18 2095.377 4002.684 4925.465 -206.69096
368.37 953.1 1289.141 2138.458 -39.56591
369.55 1234.878 1992.324 2972.974 -77.23921
370.74 1492.92 2569.347 3556.089 -109.08892
371.92 1683.996 2932.584 3829.17 -139.26044
373.11 1062.987 1572.778 2366.02 -64.26663
374.29 899.665 1228.803 2118.506 -36.9941
375.48 1135.451 1604.793 2543.671 -49.98966
376.66 995.169 1304.212 2230.397 -33.36735
377.84 1560.1 2698.641 3682.458 -115.72679
379.03 890.794 1197.779 2106.243 -33.79166
380.21 825.616 908.614 1826.249 -9.04477
381.39 756.283 768.203 1653.21 -1.34689
382.58 1410.273 2249.768 3191.686 -89.12613
383.76 1759.677 2792.519 3928.047 -90.95697
384.94 1836.965 3275.138 4444.088 -123.03121
386.13 1014.571 1312.822 2390.25 -27.68177
387.31 1254.537 1667.607 2813.285 -36.05458
388.49 1095.637 1310.625 2427.807 -19.24381
389.68 1348.208 1823.466 3113.629 -36.837
390.86 1322.792 1738.51 3032.36 -32.13037
392.04 1728.716 2622.772 4102.779 -60.40894
393.22 1199.292 1267.51 2711.36 -4.72478
394.41 1201.721 1355.17 2657.537 -11.78234
395.59 884.771 602.499 2046.302 19.55055
396.77 1285.611 1571.216 3240.991 -17.10441
397.95 1411.441 1634.858 3244.647 -13.87864
399.13 1709.048 2148.683 3967.318 -24.17386
400.31 1339.589 1344.565 3154.925 -0.27483
401.5 1660.828 1827.995 3855.209 -8.24614
402.68 1648.783 2013.203 4170.71 -16.8908
403.86 1308.666 1103.943 3188.014 9.82322
405.04 1924.051 2394.952 4569.202 -21.65807
406.22 1385.202 1116.928 3278.363 12.41188
407.4 1726.039 1933.748 4309.794 -8.74179
408.58 1953.307 2269.484 4582.651 -13.66855
409.76 2067.035 2452.338 4997.402 -15.13924
410.94 1681.792 1770.51 4115.36 -3.78356
412.12 1629.368 1289.889 3749.949 13.79963
413.3 1431.046 1039.914 3670.435 14.86899
414.48 1466.151 947.47 3378.723 21.33388
415.66 1458.135 1217.497 3723.432 9.60274
416.84 2395.088 3106.936 5778.05 -26.64988
418.02 1746.268 1772.23 4367.919 -1.00021
419.2 1582.504 1166.391 3607.32 17.0473
420.38 1658.313 1557.522 4244.417 3.75121
421.56 1662.947 1362.396 4031.913 11.25862
422.74 2305.765 2946.461 5620.036 -23.96402
423.92 2021.459 2131.6 4890.321 -3.99246
425.1 1699.651 1499.97 4065.723 7.78254
426.28 1677.934 1165.192 3856.506 19.05175
427.46 2595.913 3589.68 6422.448 -35.08115
428.63 1783.638 1619.266 4308.315 6.11265
429.81 1849.245 1713.591 4375.987 5.09521
430.99 1899.177 2003.519 4743.547 -3.80807
432.17 2409.054 2927.721 5826.585 -17.89207
433.35 2103.865 2125.12 4965.066 -0.74841
434.52 1344.374 427.927 3245.716 32.52361
435.7 1643.263 1092.833 3793.161 20.38384
436.88 2063.609 1984.948 4888.608 2.70903
438.06 1859.643 1466.304 4456.582 13.15395
439.23 1726.671 1177.981 4051.781 19.09285
440.41 1985.209 1601.606 4678.638 12.46665
441.59 2150.229 2193.977 5398.187 -1.36533
442.77 1753.023 963.274 3957.003 26.38011
443.94 2372.423 2184.115 5537.972 5.61465
445.12 2213.47 2037.676 5450.854 5.15046
446.3 2581.692 2830.492 6339.838 -7.08963
447.47 2304.8 1996.817 5529.01 8.7193
448.65 2367.86 1981.582 5756.299 10.23329
449.82 1962.86 1192.582 4896.299 20.79743
451.0 2239.758 1628.795 5361.895 16.36611
452.18 2163.907 1347.642 5281.681 20.74878
453.35 2235.444 1508.127 5548.03 18.00333
454.53 2296.659 1500.777 5517.873 19.81237
455.7 2197.905 938.373 5313.298 28.78978
456.88 2959.078 2478.001 7091.026 10.42866
458.05 2535.051 1621.452 6037.202 20.68957
459.23 2260.177 923.019 5558.547 28.84586
460.4 2614.444 1717.127 6638.53 18.23295
461.58 2762.557 1870.49 7088.468 17.09602
462.75 2386.97 902.676 6107.854 28.51572
463.93 2721.653 1645.239 6890.106 20.5232
465.1 2717.378 1483.324 6766.474 23.3583
466.28 2439.062 647.028 6071.735 33.03468
467.45 2442.944 483.127 5941.03 35.90787
468.63 2968.468 1443.407 7088.471 27.01582
469.8 3210.698 2273.03 8151.105 15.95195
470.97 2758.53 1065.441 6890.144 29.0674
472.15 3098.002 1621.263 7446.445 25.35095
473.32 3275.562 1868.528 7969.235 23.06347
474.49 3512.455 2223.203 8539.063 20.41293
475.67 3112.395 1299.938 7688.773 28.36912
476.84 3007.437 883.96 7141.889 33.93257
478.01 3427.054 1752.721 8442.585 25.02791
479.19 3255.816 1409.931 8063.81 27.74149
480.36 2978.08 915.27 7532.409 31.17375
481.53 3459.847 1726.378 8416.892 25.90936
482.7 3334.73 1276.117 8456.195 28.67117
483.88 3222.589 873.577 7709.059 34.36498
485.05 3227.578 1198.001 8010.026 29.79403
486.22 3521.364 1352.991 8186.191 31.7329
487.39 3235.995 877.097 7722.804 34.45807
488.56 3524.722 1501.81 8619.046 28.42271
489.74 3872.149 2389.342 9412.849 21.11206
490.91 3226.855 892.185 7826.042 33.6706
492.08 3317.722 1265.81 8351.046 28.96038
493.25 3248.732 930.386 8051.579 32.55559
494.42 3382.61 1369.088 8493.116 28.26381
495.59 3568.005 1247.532 8254.328 33.11746
496.76 3542.509 1336.929 8779.086 29.6363
497.93 3667.829 1718.135 8874.218 27.24527
499.1 3695.463 1605.01 8686.713 29.51907
500.27 4149.193 2773.633 9994.347 19.0502
501.44 4244.164 3078.815 10340.14 16.04872
502.61 3309.772 1235.64 8292.811 29.39042
503.78 3618.01 1679.07 8997.595 26.49359
504.95 4273.308 3086.124 10109.66 16.90294
506.12 3632.594 1873.615 8827.325 25.29555
507.29 3332.565 930.797 8134.118 33.34251
508.46 3031.439 252.729 7064.272 40.79413
509.63 4442.939 3146.729 10463.772 17.71494
510.8 4427.125 3257.561 10580.907 15.97035
511.97 3632.269 1395.871 8452.928 31.69024
513.14 3256.597 771.884 8008.708 34.3343
514.31 3882.921 2169.487 9502.598 23.36572
515.48 3707.992 1332.328 8695.921 32.2623
516.65 3510.979 1206.483 8477.504 31.69425
517.81 3332.777 997.678 8375.577 31.64992
518.98 3752.518 1822.736 9187.236 26.20383
520.15 3263.704 485.209 7758.88 38.19935
521.32 3789.583 1739.539 9169.292 27.59236
522.49 4785.45 3869.305 11735.806 11.64615
523.65 4498.091 3152.846 10589.442 18.08953
524.82 3894.895 1597.438 9160.273 30.37824
525.99 3241.534 298.35 7696.536 39.78251
527.16 4053.417 1845.59 9410.84 29.18379
528.32 4163.044 1856.285 9654.561 29.58037
529.49 3811.667 1269.084 9050.522 32.67498
530.66 3327.608 237.96 7952.242 40.05102
531.82 3477.703 604.568 8380.371 36.94969
532.99 3746.589 1143.077 9051.559 32.9205
534.16 3872.484 1260.521 9238.271 32.7406
535.32 4375.343 2115.98 10496.134 26.96087
536.49 3771.385 789.003 9031.249 36.18409
537.65 4549.811 2601.393 11115.043 22.88581
538.82 3894.34 820.711 9142.75 36.9336
539.99 4402.274 1661.909 10484.694 31.0601
541.15 4671.305 2098.355 10995.276 28.91955
542.32 3944.804 502.227 9480.401 38.34384
543.48 4846.351 1999.787 11516.283 29.91189
544.65 4903.126 1990.202 11206.916 31.6048
545.81 5622.193 3837.633 13952.847 17.64234
546.98 4658.558 1447.13 11648.477 31.48043
548.14 5219.693 2101.633 12558.847 29.81732
549.31 4811.175 958.391 11704.673 35.85226
550.47 4849.094 1167.115 11823.325 34.55243
551.63 5800.777 2475.678 13360.077 30.54922
552.8 5148.458 1129.472 12063.946 36.75518
553.96 5185.549 947.323 11854.827 38.85606
555.13 5165.136 1023.137 12524.44 36.0133
556.29 5806.932 2505.563 14429.631 27.6866
557.45 5182.724 696.579 11942.429 39.89156
558.62 5849.741 1466.693 13019.729 37.93849
559.78 5897.058 1969.13 13975.477 32.71543
560.94 5488.825 1215.238 13337.959 35.2527
562.11 5680.453 1055.074 13142.688 38.26544
563.27 5377.283 262.716 12451.344 41.96179
564.43 5182.822 55.969 12440.076 41.39865
565.59 5379.94 320.87 12474.78 41.62504
566.76 5994.895 1010.438 13526.773 39.82361
567.92 5984.503 1477.404 14710.454 34.05941
569.08 6284.681 1880.929 14975.939 33.62924
570.24 6101.602 1088.781 14294.967 37.95812
571.4 5887.633 472.868 13934.058 40.22501
572.57 5976.461 945.881 14806.338 36.29448
573.73 5853.576 168.373 13756.151 41.84057
574.89 6304.603 1054.422 14808.476 38.17188
576.05 6466.397 1449.707 14947.657 37.16631
577.21 6019.232 620.386 14037.079 40.23977
578.37 5954.657 16.148 14368.998 41.37512
579.53 6285.788 648.254 14684.11 40.16523
580.69 6737.639 1744.406 16907.324 32.93055
581.85 6586.947 1062.536 15333.922 38.7097
583.01 6780.717 1031.413 15150.788 40.71925
584.17 6742.424 1324.256 15526.981 38.14879
585.33 7100.034 1508.85 16502.535 37.29026
586.49 6847.526 911.543 15139.886 41.71942
587.65 6974.609 1585.588 15770.116 37.99225
588.81 6904.055 1454.361 16620.094 35.93426
589.97 7231.031 2468.081 17353.152 31.99817
591.13 6727.081 1144.77 16272.909 36.90018
592.29 6791.369 974.529 16274.958 38.0175
593.45 6621.495 623.597 15068.304 41.52316
594.61 6627.769 509.871 14565.428 43.52654
595.77 6678.699 398.671 15600.113 41.31205
596.93 6454.5 352.994 14982.562 41.70667
598.09 6980.463 994.51 16096.213 39.6376
599.24 6420.327 453.507 15481.843 39.7038
600.4 6721.526 1022.043 15271.886 39.99681
601.56 6755.28 652.947 14886.461 42.87299
602.72 6662.121 1034.664 15405.649 39.15846
603.87 6887.781 1147.587 15940.47 38.80375
605.03 6584.121 538.664 15530.149 40.32593
606.19 6567.513 524.339 14650.979 42.77857
607.35 6210.869 91.029 14074.458 43.76494
608.5 6914.178 1534.16 16068.056 37.01704
609.66 6896.83 2418.276 16947.227 30.82504
610.82 6044.235 428.655 13941.462 41.55747
611.97 6256.932 429.063 15284.131 39.23152
613.13 6705.938 1601.601 15041.897 37.97786
614.29 6339.887 1286.772 15624.132 35.24439
615.44 6774.66 1823.417 15499.882 36.20265
616.6 6138.767 461.742 14483.053 40.48855
617.76 6598.929 1709.294 14965.748 36.88494
618.91 6384.293 1751.292 14364.377 36.73171
620.07 6511.723 1762.451 15394.555 34.83888
621.22 5786.327 12.007 13149.843 43.95184
622.38 7098.432 2654.563 15989.631 33.32468
623.53 5735.633 158.868 13188.058 42.80209
624.69 5951.746 384.231 13439.995 42.64411
625.84 5684.181 531.929 13202.939 40.66173
627.0 6078.745 1371.591 14228.986 36.61048
628.15 5657.037 114.619 12578.419 44.46812
629.31 6003.502 1007.263 14042.945 38.32741
630.46 5635.241 54.193 13046.229 42.95745
631.61 6024.725 929.72 13696.938 39.90693
632.77 5693.086 810.308 13448.676 38.63456
633.92 5878.217 1138.913 14331.288 35.92457
635.08 6720.916 2566.449 15674.831 31.6932
636.23 5864.825 888.738 12713.959 42.08028
637.38 5527.866 -113.24 12221.574 45.73321
638.54 6499.005 1722.532 14108.828 38.56256
639.69 6484.398 2381.848 15304.665 31.74657
640.84 5955.35 1380.484 13396.653 38.07258
641.99 5579.89 269.505 12355.263 43.93919
643.15 6538.429 2251.527 14847.871 34.03291
644.3 5497.469 424.048 12033.48 43.70085
645.45 5345.008 -101.931 11883.589 45.446
646.6 6072.548 2262.59 13837.698 32.91509
647.75 5431.087 607.111 12667.807 39.9975
648.91 5269.627 -149.868 11873.416 45.075
650.06 5772.667 568.154 12924.024 42.12178
651.21 5835.706 1234.675 13884.134 36.37334
652.36 5972.246 1167.196 13647.742 38.50032
653.51 5746.285 471.717 12946.351 42.28235
654.66 5616.325 760.738 13928.46 36.87492
655.81 6407.364 1710.259 13956.568 38.35527
656.96 5454.404 208.28 11655.678 45.82809
658.11 5837.443 976.302 13026.286 40.34148
659.27 5976.483 1342.323 13119.396 39.349
660.42 5327.522 294.844 12097.004 42.64201
661.57 5948.062 1029.865 13292.613 40.10681
662.72 5465.102 -180.114 11759.722 47.28051
663.87 5065.141 -173.093 12221.331 42.26283
665.01 5955.681 891.429 13287.439 40.85389
666.16 5456.22 252.45 12741.048 41.66817
667.31 5852.26 428.971 12492.657 44.95549
668.46 6206.799 1921.492 14423.766 34.27622
669.61 5870.339 594.013 13009.375 42.49836
670.76 5663.378 69.034 12190.983 46.15053
671.91 6446.418 1986.556 14678.593 35.13906
673.06 6329.958 1294.577 13963.201 39.74686
674.21 5500.997 -152.402 12580.811 44.39884
675.35 6206.537 921.119 14043.419 40.27813
676.5 6046.076 695.14 13457.528 41.92739
677.65 5986.116 130.661 13839.637 42.71256
678.8 5746.155 -167.817 12917.745 45.19464
679.94 6429.195 341.704 13183.854 47.40243
681.09 6885.734 1144.725 14808.463 42.01639
682.24 6777.774 1245.246 14909.072 40.49033
683.39 6085.813 87.267 14166.681 42.60509
684.53 6911.853 1283.788 14885.79 41.37674
685.68 6282.893 696.31 14367.398 40.86421
686.83 6903.432 970.331 14569.508 43.62839
687.97 6768.472 858.352 13805.616 45.64763
689.12 6595.511 551.873 14120.726 44.54053
690.27 6501.551 354.394 14816.334 42.50575
691.41 7146.09 1406.415 14506.942 43.81255
692.56 6596.13 1082.937 16352.052 36.10683
693.7 6873.17 1119.958 15615.16 39.69046
694.85 6365.209 194.479 14490.27 43.16467
695.99 6500.249 1253.0 15089.378 37.92357
697.14 6685.789 771.021 14628.987 42.68135
698.28 6598.828 1041.542 15243.096 39.13153
699.43 6796.868 1135.563 14681.205 41.79429
700.57 5985.407 -141.415 13427.313 45.15399
701.72 6177.447 110.606 13995.923 43.69249
702.86 5867.486 -264.873 13259.531 45.34292
704.01 6170.026 194.148 14476.14 41.84205
705.15 7310.565 1163.669 15626.249 42.50207
706.29 6514.105 338.191 13608.857 46.53809
707.44 6707.145 630.212 14229.467 44.68578
708.58 6389.184 -106.267 13695.075 47.06391
709.72 7279.724 1851.254 16852.684 36.18635
710.87 6664.763 -294.725 13516.793 50.38902
712.01 6811.303 159.296 13861.402 48.54733
713.15 6952.342 757.818 14662.511 44.54988
714.3 6987.382 1016.839 14706.12 43.61473
715.44 6370.921 245.36 14690.729 42.40502
716.58 7140.461 754.381 15552.337 43.15515
717.72 6561.5 161.402 14636.446 44.21471
718.87 6875.54 633.923 15330.055 42.47115
720.01 6743.08 420.444 16054.664 40.441
721.15 6440.119 -115.534 13882.772 46.83176
722.29 6661.659 1021.487 14374.382 42.23932
723.43 7155.698 1412.508 15841.49 39.80316
724.57 6756.738 1132.029 14727.6 41.37163
725.72 6653.777 677.05 14369.208 43.65073
726.86 6421.817 1909.571 14417.817 36.07417
728.0 6260.856 556.093 14380.426 41.2661
729.14 6355.896 218.114 13303.034 46.9073
730.28 6913.436 1451.635 14596.644 41.55038
731.42 6213.975 161.656 13138.752 46.63847
732.56 7575.515 2064.677 15369.861 41.41872
733.7 6965.054 1011.698 14814.47 43.1316
734.84 6307.094 -294.28 13002.579 49.64611
735.98 6769.133 627.741 13972.188 46.02208
737.12 6239.673 113.262 13786.297 44.80652
738.26 6783.212 149.283 14333.905 46.76846
739.4 6487.252 656.304 15338.515 39.71437
740.53 6624.292 1114.825 14728.623 40.46972
741.67 6570.831 788.347 13910.231 44.06748
742.81 6029.871 -224.632 12929.841 47.54659
743.95 6504.41 678.389 13862.949 44.18821
745.09 6382.45 154.91 13480.059 46.73524
746.23 7202.489 1219.931 14948.167 43.57849
747.36 6557.029 1273.452 14981.276 38.54424
748.5 5761.568 150.974 13084.885 43.37895
749.64 6581.608 232.495 13546.994 47.68571
750.78 5833.147 144.516 12781.103 45.01715
751.92 6191.187 332.037 13095.712 45.90488
753.05 6202.227 363.058 13274.32 45.22539
754.19 6702.266 1546.079 13911.429 41.69867
755.33 5653.806 -270.899 12687.538 45.72083
756.46 6093.345 724.622 12953.146 43.90328
757.6 6451.885 16.643 12968.756 49.68488
758.74 6518.924 1561.164 14233.864 39.12158
759.87 6141.464 755.185 14133.974 40.25984
761.01 5601.003 606.206 12603.582 41.63241
762.14 6004.043 641.728 12811.191 44.06369
763.28 6104.583 1166.749 12534.8 43.43606
764.41 5853.622 724.77 12183.909 44.75774
765.55 5193.162 -237.209 11384.018 46.72803
766.69 6088.201 750.312 12319.126 46.14033
767.82 5458.241 953.333 12841.235 37.89489
768.95 5335.78 139.855 11144.344 47.21642
770.09 5843.32 1518.876 12756.953 38.48028
771.22 5933.36 1835.897 13038.562 36.57579
772.36 5957.399 1423.418 12540.671 40.78329
773.49 5777.939 1409.439 13055.279 37.51125
774.63 5311.979 572.96 11390.389 43.8091
775.76 5592.018 487.482 11425.497 46.66785
776.89 5340.558 1196.503 12047.606 38.19017
778.03 5614.597 955.024 11702.215 43.3562
779.16 5359.137 234.045 11350.323 46.10439
780.29 5380.676 912.566 11263.933 43.16445
781.43 5561.216 1591.087 11674.041 39.37466
782.56 5342.755 944.108 11725.65 40.79794
783.69 4781.295 191.63 10068.759 46.4676
784.82 5240.334 554.151 11165.368 44.16255
785.96 4524.374 571.172 10081.477 41.56756
787.09 4688.414 581.193 9815.086 44.47984
788.22 4999.453 974.214 10803.694 40.95068
789.35 4757.993 297.235 9664.304 47.6217
790.48 4277.532 550.757 9442.912 41.91082
791.62 4783.072 1464.278 10710.521 35.89343
792.75 4077.111 150.299 9027.63 44.23416
793.88 5012.151 1845.82 10836.738 35.21699
795.01 4613.69 1012.341 9681.348 41.54281
796.14 4666.73 1161.362 9669.956 41.19797
797.27 4762.27 1363.384 10103.065 38.89027
798.4 4243.309 658.405 8814.174 43.95544
799.53 3855.349 106.926 7920.783 47.97148
800.66 4168.388 887.947 9714.892 37.16395
801.79 5474.428 3492.968 11640.501 24.31975
802.92 4104.467 670.989 8506.109 43.82164
804.05 4654.007 1137.511 9490.218 42.10008
805.18 4175.046 712.032 9415.827 39.78741
806.31 4168.586 693.053 8287.436 45.76452
807.44 3829.625 10.074 8029.045 47.63144
808.57 4258.665 1061.095 8028.653 45.89226
809.69 4060.205 932.116 8612.263 40.72954
810.82 3544.744 -309.862 6966.871 52.97166
811.95 4894.284 2776.659 10190.48 28.5632
813.08 3690.323 371.18 8155.589 42.63835
814.21 4619.863 2834.201 10741.198 22.58331
815.33 3668.402 640.722 7666.307 43.09506
816.46 3532.942 897.243 8077.416 36.70801
817.59 4187.481 2031.265 9024.024 30.83499
818.72 3846.021 1309.286 8154.633 37.0578
819.84 4279.061 2504.307 9108.742 26.87215
820.97 3825.1 1316.328 8395.351 35.43953
822.1 3640.64 1648.849 8675.46 28.34639
823.22 3449.179 69.37 6292.068 54.3142
824.35 3317.219 312.892 7032.177 44.712
825.48 3549.758 1487.913 7442.286 34.62741
826.6 3423.798 912.934 7259.895 39.5601
827.73 2921.837 -189.545 6337.004 47.6727
828.85 3335.377 653.976 6923.113 42.77145
829.98 3697.417 1615.497 7863.222 33.32284
831.11 2876.956 214.519 6495.331 42.39002
832.23 2968.496 246.04 6477.939 43.68581
833.36 3487.535 1437.561 7361.048 34.60756
834.48 3278.575 859.582 6749.157 41.07245
835.6 3219.115 1350.603 6884.266 33.76627
836.73 2687.654 130.124 5894.375 44.36882
837.85 3418.194 1415.646 7515.983 32.82684
838.98 2781.233 -203.333 5561.092 51.77561
840.1 3232.273 1153.688 6953.701 35.83759
841.23 2966.812 1016.709 6811.81 33.65089
842.35 3261.852 1991.73 8074.919 20.87921
843.47 3084.891 643.251 5934.528 46.14463
844.6 2712.431 175.772 5347.637 49.04727
845.72 2790.97 385.794 5760.745 44.74788
846.84 2975.01 409.315 5733.354 48.19076
847.96 2890.55 333.836 6072.963 44.54882
849.09 2546.589 312.357 5663.572 41.75187
850.21 2943.629 638.878 5764.681 44.9637
851.33 3189.168 1103.4 6528.79 38.44459
852.45 2601.208 228.421 5257.898 47.1776
853.57 2864.247 815.942 5672.007 42.18035
854.7 2619.287 292.463 5545.616 44.29385
855.82 2441.826 250.984 5604.725 40.92171
856.94 2931.866 1359.005 6401.334 31.19314
858.06 2213.906 -150.974 4755.442 48.19973
859.18 2963.445 1080.048 5734.551 40.46398
860.3 2568.485 685.569 5356.16 40.31429
861.42 2190.024 -205.41 4107.269 55.54399
862.54 2157.564 -138.889 4662.878 47.82516
863.66 2385.103 207.132 4728.987 48.16544
864.78 2268.643 378.653 4574.596 45.04326
865.9 2587.682 970.175 5307.205 37.29529
867.02 3669.722 3268.196 8203.313 8.1361
868.14 2987.762 2295.717 6758.422 15.50729
869.26 2777.801 1418.238 5515.531 33.18199
870.38 1963.341 -114.741 4571.64 44.343
871.5 1925.38 -88.72 4033.749 48.85665
872.62 2277.42 119.302 4331.357 51.2367
873.74 2779.959 1744.823 6251.966 22.96658
874.85 2045.979 124.833 4517.521 43.73509
875.97 2465.979 757.833 5010.021 40.17099
877.09 2413.979 1107.333 5359.521 30.72879
878.21 2326.979 690.333 4427.521 43.79352
879.33 2170.479 765.333 4705.021 35.66643
880.44 2168.979 751.833 5068.021 32.83328
881.56 2193.979 388.333 4358.521 45.48011
882.68 2427.979 781.833 4309.021 46.67021
883.79 3010.979 2228.333 6274.021 19.34519
884.91 1899.979 -118.167 4007.021 48.92252
886.03 2425.479 1161.833 5196.021 31.32343
887.14 2510.479 1814.333 5684.521 17.98739
888.26 2774.979 1999.833 5994.021 19.40685
889.38 2466.979 1485.333 5125.521 26.9669
890.49 1821.479 -47.667 3685.521 50.06836
891.61 2275.979 808.333 4448.521 40.31786
892.72 1983.479 114.333 4032.021 47.71044
893.84 1873.479 -138.667 4255.521 45.79108
894.95 1956.979 -153.667 3717.521 54.52192
896.07 2021.979 413.833 4113.521 43.46707
897.18 2393.979 1036.333 4540.021 38.74906
898.3 1964.979 35.833 3481.521 55.98725
899.41 2319.979 1322.833 5193.021 25.76479
900.53 2147.979 943.833 4236.021 36.57586
901.64 2311.479 1230.833 5402.021 25.90739
902.75 2079.479 709.833 4430.521 36.81163
903.87 1921.979 346.833 3898.521 44.34922
904.98 2308.479 1111.833 4832.021 32.16628
906.09 2013.479 521.333 4227.521 40.26093
907.21 2127.979 1032.833 4594.521 30.74795
908.32 1986.479 375.833 3893.521 45.78706
909.43 2383.479 1633.833 5382.021 20.00022
910.54 2089.979 856.333 4521.521 33.65847
911.66 2850.979 2737.333 6120.021 3.35964
912.77 1658.479 277.333 3654.521 40.89633
913.88 2072.979 899.833 4292.021 34.58376
914.99 1730.479 269.333 3331.521 47.71575
916.1 1998.479 823.833 3662.021 41.38718
917.22 1475.979 108.333 3132.021 45.23106
918.33 2135.479 1602.333 4594.521 17.81793
919.44 1819.479 709.333 3807.521 35.83211
920.55 2296.979 1790.833 4739.021 17.16803
921.66 1829.979 1114.333 3962.021 25.13077
922.77 2162.479 1230.833 4176.521 31.62745
923.88 2282.479 1684.333 4666.021 20.06065
924.99 1936.479 1005.833 4039.521 30.67705
926.1 1464.979 -10.667 2708.021 54.27788
927.21 2150.979 1730.333 4719.021 14.0746
928.32 1290.479 -128.667 2431.021 55.44215
929.43 1558.479 732.333 3350.521 31.55411
930.54 1379.479 508.833 2813.521 37.77717
931.65 1505.479 742.333 3320.521 29.60009
932.76 1633.479 1108.333 3496.021 21.99391
933.86 1499.479 938.833 3258.021 24.17423
934.97 1156.479 286.833 2585.521 37.83228
936.08 1282.979 452.833 2316.021 44.55514
937.19 1818.479 1885.833 4027.021 -3.14565
938.3 1491.479 1201.833 3249.021 14.14847
939.4 1596.979 1749.333 3612.021 -8.17927
940.51 1037.479 687.833 2239.021 22.54053
941.62 1217.479 1240.833 2734.521 -1.56353
942.73 1894.479 2750.333 4271.521 -56.26223
943.83 1012.479 898.833 2278.021 8.24006
944.94 1116.479 983.833 2278.521 10.24539
946.05 661.979 -16.667 1296.021 51.69896
947.15 686.479 29.833 1459.521 45.92933
948.26 1024.979 669.833 2117.521 24.53194
949.36 901.979 366.833 1708.021 39.9009
950.47 1174.979 953.833 2416.021 15.12431
951.57 1728.979 2269.333 3791.521 -35.49853
952.68 1371.479 1332.833 3147.021 2.1302
953.79 1383.979 1336.333 2958.021 2.93804
954.89 968.979 431.833 1915.021 36.21564
955.99 1298.479 1138.333 2826.021 9.48906
957.1 1118.479 593.333 2420.021 28.74853
958.2 1359.479 883.333 2674.021 26.59011
959.31 1382.479 1304.833 3095.521 4.33609
960.41 1101.979 430.833 1994.521 42.92071
961.52 984.479 81.333 1587.521 59.96238
962.62 1494.479 1338.333 3120.021 8.76393
963.72 871.479 81.833 1686.521 49.2087
964.83 776.479 -96.667 1420.521 57.55029
965.93 1197.479 867.333 2607.021 18.97731
967.03 1532.979 1632.333 3674.021 -4.86628
968.13 1330.479 1295.333 3037.521 2.01733
969.24 1000.479 373.333 2056.521 37.25942
970.34 1075.979 506.333 2134.021 34.99725
971.44 1141.479 658.333 2470.021 26.66828
972.54 1209.979 991.333 2613.521 13.47846
973.64 1076.479 395.833 1967.521 43.30669
974.75 1961.979 2727.333 4342.021 -47.39951
975.85 4404.479 8233.833 10100.521 -205.14167
976.95 1031.979 446.333 2116.521 35.06467
978.05 1405.479 1431.833 3190.521 -1.49852
979.15 1842.479 2417.833 4142.021 -33.36958
980.25 782.479 77.833 1583.521 46.79894
981.35 973.979 478.333 1934.521 34.03723
982.45 1725.979 2239.833 3786.521 -33.22288
983.55 1235.479 1277.833 2662.021 -3.05986
984.65 1257.979 1081.833 2426.021 13.10426
985.75 1456.479 1673.333 3141.021 -14.77523
986.85 1211.479 1033.833 2548.021 11.73209
987.95 1037.979 552.333 2026.521 32.94329
989.05 1663.479 2063.333 3463.521 -28.55718
990.15 1348.479 1504.333 2865.521 -11.44987
991.25 1076.979 932.833 2296.021 10.57417
992.34 1555.479 2071.333 3339.521 -40.67649
993.44 1038.479 1067.333 2262.021 -2.41521
994.54 1049.479 997.333 2025.521 5.07162
995.64 1430.479 1752.333 2989.021 -26.02551
996.74 1571.979 2127.333 3291.521 -47.70315
997.83 715.979 168.833 1256.021 50.32672
998.93 956.979 838.333 1994.521 10.26182
1000.03 1979.979 3115.833 4377.521 -90.02656
1001.12 1485.979 2129.833 3121.521 -64.9251
1002.22 1446.979 2073.833 3210.021 -55.17171
1003.32 791.479 728.333 1728.021 6.31656
1004.41 1041.979 1275.833 2219.521 -24.7809
1005.51 972.979 1044.833 2034.521 -7.26029
1006.6 733.979 449.333 1515.021 26.71007
1007.7 1190.479 1579.333 2663.021 -35.88251
1008.8 558.479 116.833 990.021 50.57858
1009.89 1046.979 1304.833 2322.021 -25.34973
1010.99 1029.479 1035.333 1889.521 -0.68536
1012.08 644.479 146.833 1118.021 51.24096
1013.18 942.479 989.333 2030.021 -4.50223
1014.27 766.479 673.833 1647.021 9.51984
1015.36 980.479 901.833 1832.021 8.45484
1016.46 1095.479 1099.333 2024.521 -0.41659
1017.55 661.479 424.333 1331.021 26.15519
1018.65 927.979 1194.833 2030.021 -31.95141
1019.74 1154.479 1510.333 2428.021 -38.77728
1020.83 999.979 1173.333 2163.021 -17.51606
1021.93 862.979 882.833 1780.021 -2.21293
1023.02 551.979 345.333 1073.021 28.39761
1024.11 509.479 202.833 944.521 41.34434
1025.2 531.479 91.333 929.021 52.54297
1026.3 971.479 1142.833 1980.021 -20.46784
1027.39 1127.979 1531.833 2318.021 -51.3687
1028.48 813.479 1191.333 1910.521 -52.53904
1029.57 725.479 690.333 1436.021 4.71322
1030.66 811.979 1056.333 1742.521 -35.61041
1031.75 2007.979 3911.833 4641.021 -261.09245
1032.84 1026.979 1514.333 2226.021 -68.4787
1033.94 441.479 272.833 974.521 24.03432
1035.03 1064.479 1659.333 2341.021 -87.26203
1036.12 379.479 271.333 912.521 16.86649
1037.21 462.979 342.833 823.521 24.99458
1038.3 858.479 1383.833 2031.021 -81.17496
1039.39 463.479 299.333 829.521 30.95996
1040.48 776.479 1089.333 1770.021 -45.9615
1041.57 906.479 1523.833 2000.521 -129.5092
1042.66 768.979 1086.333 1789.521 -45.13081
1043.74 900.479 1264.333 1828.021 -64.54892
1044.83 828.979 1388.333 1874.521 -115.04907
1045.92 392.479 288.333 762.521 21.963
1047.01 1021.979 1598.333 2203.521 -95.23566
1048.1 417.979 253.833 664.021 40.01727
1049.19 780.979 1079.833 1614.521 -55.89324
1050.27 601.979 897.833 1357.521 -64.35983
1051.36 579.979 886.333 1321.021 -70.47686
1052.45 893.479 1311.333 1738.021 -97.92979
1053.54 673.479 1093.833 1594.521 -83.9554
1054.62 778.479 1313.833 1787.021 -113.13785
1055.71 763.979 1319.833 1666.021 -160.56449
1056.8 1004.979 1821.333 2145.521 -251.81554
1057.88 574.979 914.833 1288.521 -90.94606
1058.97 716.979 1253.833 1744.521 -109.40857
1060.06 1150.979 2294.333 2766.021 -242.39653
1061.14 575.979 831.333 1225.521 -64.77985
1062.23 2035.479 4077.833 4601.521 -389.99464
1063.31 783.479 1347.333 1665.521 -177.20815
1064.4 570.979 816.833 1162.021 -71.22334
1065.48 703.479 1190.333 1585.021 -123.35181
1066.57 573.979 834.333 1196.521 -71.88378
1067.65 745.479 1296.333 1630.521 -164.83387
1068.74 597.979 894.833 1316.521 -70.3967
1069.82 739.979 1335.333 1655.521 -185.93923
1070.9 2567.979 5377.333 6085.021 -396.97667
1071.99 817.479 1434.833 1816.021 -161.95552
1073.07 735.979 1297.833 1656.521 -156.6417
1074.15 790.479 1459.833 1788.521 -203.64455
1075.24 708.479 1138.833 1373.521 -183.37329
1076.32 798.979 1408.833 1789.021 -160.40879
1077.4 1275.979 2520.333 2787.521 -465.72318
1078.49 483.979 600.833 910.521 -37.73293
1079.57 869.979 1624.833 1998.521 -202.00145
1080.65 1156.979 2142.833 2561.521 -235.46299
1081.73 618.979 1129.333 1313.021 -277.83828
1082.81 382.479 553.333 800.021 -69.25935
1083.89 783.479 1458.333 1720.021 -257.88553
1084.98 766.479 1350.833 1773.521 -138.24733
1086.06 440.979 651.333 851.521 -105.07857
1087.14 405.979 740.333 974.021 -143.07747
1088.22 696.479 1238.833 1529.021 -186.89785
1089.3 427.479 585.833 987.021 -39.47136
1090.38 1340.979 2794.333 3151.521 -406.88829
1091.46 794.979 1523.833 1736.021 -343.49535
1092.54 619.979 988.833 1251.021 -140.6833
1093.62 570.479 1072.333 1371.521 -167.73902
1094.7 403.979 600.333 689.021 -221.40004
1095.78 676.979 1264.333 1534.021 -217.79066
1096.86 683.479 1326.833 1527.521 -320.57512
1097.93 1447.979 3004.833 3433.021 -363.59168
1099.01 974.479 1981.333 2345.021 -276.84606
1100.09 452.479 754.333 996.021 -124.8944
