196.55 731.769 586.267 763.074 145.50153
197.76 1057.195 838.596 1027.278 218.59845
198.96 977.469 775.589 930.365 201.88049
200.16 648.822 485.634 627.844 163.18796
201.36 1122.88 902.884 1041.711 219.99664
202.56 744.899 615.969 747.324 128.93011
203.76 663.357 536.085 620.659 127.27148
204.96 744.314 614.201 762.993 130.11292
206.16 554.404 415.738 506.99 138.6662
207.36 879.837 705.169 844.203 174.66864
208.56 795.571 602.609 708.467 192.96155
209.76 506.175 448.68 528.823 57.49548
210.96 687.909 557.12 636.587 130.78851
212.16 1341.795 1182.785 1430.538 159.01001
213.36 841.036 679.658 816.652 161.37805
214.56 710.607 582.779 702.194 127.82843
215.76 1278.857 1010.085 1222.659 268.77155
216.96 1033.53 877.557 1002.644 155.97247
218.16 794.278 633.532 818.267 160.74609
219.35 585.604 465.728 565.439 119.87567
220.55 673.329 625.736 664.353 47.59351
221.75 685.847 519.32 596.966 166.52698
222.95 981.841 846.719 1029.957 135.1214
224.15 806.133 662.796 825.158 143.33691
225.35 614.532 461.776 629.556 152.7558
226.55 673.528 534.725 620.802 138.80298
227.75 943.341 804.719 985.457 138.6214
228.94 822.175 668.68 815.823 153.49554
230.14 780.198 624.647 725.033 155.55115
231.34 647.296 542.117 592.88 105.1795
232.54 636.022 452.624 592.293 183.39743
233.74 613.605 460.06 591.782 153.54514
234.93 613.806 486.768 645.643 127.03787
236.13 728.285 553.133 726.775 175.15161
237.33 708.223 537.333 715.654 170.89014
238.53 586.055 523.243 639.266 62.81146
239.72 974.42 812.104 949.192 162.31628
240.92 496.875 415.67 494.772 81.20496
242.12 883.265 701.717 854.32 181.54877
243.31 551.886 447.153 591.377 104.73279
244.51 477.995 404.107 499.829 73.88895
245.71 958.728 722.715 899.251 236.01245
246.9 1174.495 958.107 1116.329 216.38898
248.1 709.507 558.59 678.434 150.91681
249.3 690.691 571.046 674.024 119.64563
250.49 652.003 532.039 656.18 119.96399
251.69 741.123 612.644 765.395 128.47858
252.89 698.812 575.983 712.082 122.82965
254.08 426.675 364.18 464.823 62.49548
255.28 737.631 574.077 676.246 163.55359
256.47 477.762 347.166 497.065 130.59598
257.67 782.385 592.822 817.035 189.56329
258.86 822.743 702.25 886.61 120.49304
260.06 716.966 551.538 670.111 165.42767
261.26 1029.484 826.623 1023.724 202.86115
262.45 682.672 561.629 669.569 121.04272
263.65 449.85 367.984 442.65 81.86597
264.84 810.334 618.618 793.949 191.71582
266.04 615.312 459.983 585.582 155.32965
267.23 473.887 346.485 463.719 127.40225
268.42 501.898 395.637 514.482 106.26065
269.62 661.499 542.157 670.583 119.34174
270.81 662.514 504.691 631.443 157.82239
272.01 675.097 547.127 668.431 127.97009
273.2 797.034 633.94 797.74 163.09479
274.4 501.417 379.553 449.937 121.86356
275.59 779.755 595.565 706.057 184.19043
276.78 669.826 497.185 642.098 172.64078
277.98 566.289 463.015 549.372 103.27393
279.17 641.138 474.179 607.754 166.95917
280.37 550.008 466.922 630.276 83.0863
281.56 459.593 309.576 422.177 150.01727
282.75 481.908 316.289 498.244 165.61899
283.95 573.15 454.494 562.701 118.65652
285.14 641.726 518.996 575.339 122.72913
286.33 513.515 383.523 459.785 129.99188
287.52 693.185 513.945 662.016 179.24005
288.72 852.632 601.409 738.088 251.22308
289.91 934.142 789.561 963.351 144.58142
291.1 738.259 538.115 734.311 200.14319
292.29 683.311 519.651 692.739 163.66016
293.49 682.214 516.513 678.234 165.70135
294.68 510.342 441.051 506.8 69.29089
295.87 543.085 429.143 579.826 113.94223
297.06 709.218 530.063 686.488 179.15411
298.26 357.075 294.491 296.564 62.58386
299.45 582.386 467.153 563.877 115.23279
300.64 657.829 470.236 601.353 187.59354
301.83 625.796 514.617 665.88 111.1795
303.02 485.592 414.244 493.835 71.34781
304.21 784.596 601.795 750.089 182.8006
305.4 564.792 452.734 600.784 112.05725
306.59 672.762 497.166 620.065 175.59598
307.79 596.059 459.625 571.862 136.43378
308.98 489.698 329.147 471.033 160.55118
310.17 732.549 552.918 752.372 179.63104
311.36 596.874 470.283 579.202 126.59113
312.55 1047.513 855.304 967.873 192.20856
313.74 484.992 298.556 454.575 186.43619
314.93 748.571 608.609 751.967 139.96155
316.12 548.21 420.131 507.138 128.07904
317.31 343.116 263.043 368.887 80.07297
318.5 413.992 321.056 438.075 92.93619
319.69 593.353 465.034 567.905 128.31873
320.88 585.401 418.188 571.736 167.21338
322.07 474.552 376.524 475.354 98.02817
323.26 450.141 368.729 453.508 81.41196
324.45 350.593 297.576 368.677 53.01727
325.64 583.327 455.017 597.941 128.31027
326.83 705.759 527.115 627.311 178.64319
328.01 564.319 403.084 515.59 161.23523
329.2 718.059 568.125 690.362 149.93378
330.39 526.718 416.564 517.488 110.15408
331.58 507.518 296.074 418.039 211.44464
332.77 838.36 654.136 841.413 184.2243
333.96 326.579 243.042 331.818 83.53665
335.15 421.12 291.594 463.641 129.52576
336.33 422.018 325.574 425.539 96.44464
337.52 554.093 405.076 519.677 149.01727
338.71 509.469 362.589 488.865 146.88049
339.9 503.444 335.903 436.744 167.5415
341.08 507.801 366.999 482.477 140.80179
342.27 661.732 489.598 620.347 172.1347
343.46 763.938 572.689 717.805 191.24969
344.65 676.438 522.689 613.805 153.74969
345.83 690.739 574.199 676.356 116.54034
347.02 379.814 298.201 358.493 81.61292
348.21 696.398 554.637 694.982 141.76062
349.4 369.883 287.603 348.123 82.28
350.58 546.647 372.443 496.447 174.2037
351.77 448.605 342.56 420.782 106.0451
352.96 272.935 205.638 299.051 67.29694
354.14 511.706 329.58 464.383 182.12625
355.33 423.886 290.153 363.377 133.73279
356.51 345.211 205.462 310.48 139.74852
357.7 497.34 397.832 525.388 99.50757
358.89 446.026 309.007 394.39 137.01971
360.07 654.286 528.465 627.118 125.82111
361.26 736.104 573.173 733.212 162.93127
362.44 504.334 382.063 461.222 122.27151
363.63 386.778 234.476 440.039 152.30177
364.81 457.508 279.366 440.549 178.14194
366.0 283.373 151.896 272.133 131.47729
367.18 973.857 758.53 937.931 215.32721
368.37 396.743 267.694 341.883 129.04874
369.55 521.036 419.271 572.583 101.76425
370.74 654.111 510.274 647.22 143.83685
371.92 812.555 596.188 784.038 216.36719
373.11 395.349 305.097 420.581 90.25214
374.29 320.079 248.487 334.59 71.59232
375.48 421.578 306.155 474.748 115.42282
376.66 338.16 223.259 319.394 114.90106
377.84 670.243 524.694 665.883 145.54877
379.03 356.885 210.766 336.807 146.11896
380.21 254.976 159.635 305.146 95.34172
381.39 225.777 110.145 226.697 115.63228
382.58 594.348 419.765 590.738 174.58267
383.76 788.366 641.35 780.852 147.01611
384.94 819.588 637.807 826.011 181.78119
386.13 379.999 252.602 404.356 127.39742
387.31 428.13 303.19 417.176 124.93979
388.49 330.514 241.136 360.715 89.37802
389.68 526.833 377.231 525.379 149.60199
390.86 423.483 294.236 463.155 129.24728
392.04 684.539 540.822 622.837 143.71704
393.22 357.483 278.736 401.155 78.74728
394.41 380.664 240.641 384.491 140.02333
395.59 205.446 111.735 210.086 93.71097
396.77 439.351 281.316 440.493 158.03543
397.95 461.148 355.275 515.789 105.8732
399.13 541.738 422.812 604.786 118.92648
400.31 347.635 238.073 400.272 109.56204
401.5 444.254 356.678 474.487 87.5766
402.68 556.277 423.645 583.197 132.63229
403.86 309.758 248.728 349.742 61.02939
405.04 591.14 466.342 623.939 124.79816
406.22 294.529 192.17 319.074 102.35867
407.4 542.809 354.432 520.327 188.37683
408.58 585.717 449.676 642.919 136.04025
409.76 674.728 484.16 669.023 190.56812
410.94 454.983 325.236 530.655 129.74728
412.12 401.106 297.891 437.124 103.2146
413.3 357.836 220.781 380.634 137.05479
414.48 280.524 150.288 322.978 130.2364
415.66 336.291 260.347 380.214 75.94342
416.84 814.411 616.784 856.271 197.62744
418.02 464.544 323.204 500.433 141.33932
419.2 363.761 257.279 473.996 106.48218
420.38 378.021 332.237 499.724 45.78363
421.56 404.452 239.836 395.594 164.61655
422.74 721.641 539.174 783.781 182.46765
423.92 593.784 429.246 593.706 164.53787
425.1 391.524 253.788 425.478 137.7364
426.28 332.121 236.926 401.483 95.19524
427.46 909.583 661.424 975.414 248.15894
428.63 457.693 311.878 514.367 145.81509
429.81 479.783 384.414 522.863 95.36838
430.99 501.366 416.35 597.852 85.01605
432.17 738.542 590.372 878.091 148.1698
433.35 572.704 472.361 698.471 100.34296
434.52 200.91 122.452 315.929 78.45795
435.7 350.918 223.885 478.78 127.033
436.88 575.449 413.785 650.84 161.66373
438.06 395.997 274.938 539.672 121.05844
439.23 362.062 208.289 448.047 153.77274
440.41 447.011 348.972 583.531 98.03906
441.59 546.37 431.232 730.448 115.13834
442.77 230.075 160.991 428.564 69.08386
443.94 637.513 415.804 763.873 221.70856
445.12 530.392 412.867 694.816 117.52457
446.3 726.599 503.29 858.116 223.30908
447.47 508.689 362.327 673.112 146.3623
448.65 583.9 381.8 736.166 202.09961
449.82 399.4 286.8 589.166 112.59961
451.0 404.114 266.824 649.475 137.28967
452.18 320.779 230.364 595.109 90.41559
453.35 415.55 286.805 613.942 128.74487
454.53 425.73 304.879 651.935 120.85144
455.7 341.877 159.333 541.457 182.54391
456.88 676.982 459.904 908.813 217.07782
458.05 424.14 316.342 721.939 107.79816
459.23 266.866 215.85 565.852 51.01605
460.4 447.55 315.805 715.442 131.74487
461.58 474.944 320.403 792.244 154.5415
462.75 254.892 157.367 577.816 97.52454
463.93 435.926 275.318 759.13 160.60809
465.1 405.035 272.271 757.583 132.76422
466.28 230.748 127.964 616.049 102.78484
467.45 207.55 68.305 525.942 139.24487
468.63 404.99 253.337 741.163 151.65288
469.8 655.903 477.851 1001.921 178.05237
470.97 326.103 172.341 743.87 153.76183
472.15 512.038 350.49 936.495 161.54752
473.32 508.248 355.464 980.549 152.78482
474.49 641.158 461.927 1101.552 179.23157
475.67 385.948 232.453 897.498 153.49428
476.84 304.023 138.456 817.636 165.56693
478.01 511.042 294.372 1004.091 216.66983
479.19 384.101 255.009 948.527 129.09233
480.36 278.884 204.934 833.465 73.94948
481.53 474.568 306.89 972.555 167.67831
482.7 399.549 233.974 974.6 165.57539
483.88 337.09 155.526 861.923 181.5645
485.05 362.482 215.404 955.813 147.0778
486.22 420.481 293.072 1011.47 127.40833
487.39 271.01 123.141 915.188 147.86958
488.56 440.843 275.383 1109.142 165.46036
489.74 645.801 409.499 1282.477 236.30179
490.91 305.275 154.981 997.013 150.29332
492.08 363.343 227.383 1122.142 135.96036
493.25 338.951 145.004 1029.252 193.94707
494.42 404.628 222.027 1084.991 182.6008
495.59 429.94 215.02 1119.647 214.9192
496.76 436.565 226.84 1129.801 209.72552
497.93 555.933 327.919 1248.139 228.01364
499.1 496.365 291.518 1203.009 204.84656
500.27 780.278 557.532 1519.267 222.74609
501.44 869.034 570.94 1563.24 298.09479
502.61 416.124 259.976 1166.737 156.14801
503.78 537.744 329.581 1306.452 208.16257
504.95 886.895 635.418 1659.07 251.47729
506.12 621.894 361.586 1317.228 260.30783
507.29 384.65 153.494 1129.701 231.15649
508.46 191.925 29.986 1018.788 161.93859
509.63 921.925 622.486 1734.288 299.4386
510.8 893.361 614.467 1726.255 278.8938
511.97 538.222 271.946 1359.085 266.27637
513.14 338.796 133.617 1193.88 205.1795
514.31 666.289 405.015 1530.872 261.27393
515.48 491.608 304.61 1341.536 186.99792
516.65 389.598 216.958 1337.773 172.63956
517.81 399.428 145.037 1357.542 254.39137
518.98 584.771 358.431 1482.258 226.34052
520.15 336.386 114.153 1288.377 222.23277
521.32 602.286 265.465 1568.618 336.82114
522.49 1140.533 715.108 2077.898 425.42529
523.65 915.992 595.056 1940.575 320.93616
524.82 598.948 315.453 1573.498 283.49426
525.99 238.183 35.613 1255.674 202.57055
527.16 631.164 344.196 1751.218 286.96765
528.32 632.613 424.493 1735.132 208.12021
529.49 484.936 215.97 1610.393 268.96643
530.66 293.404 -2.262 1466.49 295.6662
531.82 376.707 98.412 1502.226 278.29574
532.99 481.09 188.026 1704.923 293.0645
534.16 521.402 221.519 1713.578 299.88287
535.32 791.943 465.071 2003.901 326.87201
536.49 361.518 83.074 1733.539 278.44465
537.65 878.797 546.948 2257.222 331.849
538.82 487.041 135.041 1855.249 352.00034
539.99 711.526 302.507 2083.89 409.01974
541.15 766.993 422.388 2196.917 344.60562
542.32 403.27 103.599 1957.416 299.67103
543.48 830.149 405.162 2338.859 424.98703
544.65 970.54 595.209 2462.406 375.33087
545.81 1307.778 770.032 2922.267 537.74609
546.98 723.123 297.644 2413.395 425.47858
548.14 892.278 409.532 2640.267 482.74606
549.31 610.142 142.061 2466.351 468.08142
550.47 707.394 224.086 2647.728 483.30783
551.63 1028.428 516.537 2953.042 511.89142
552.8 719.56 193.957 2659.204 525.60326
553.96 764.917 178.053 2770.938 586.86354
555.13 787.469 207.589 2875.865 579.88049
556.29 1068.897 414.637 3240.982 654.26059
557.45 665.745 134.913 2946.294 530.83205
558.62 901.157 271.095 3149.21 630.0621
559.78 1055.623 424.144 3423.395 631.47858
560.94 841.308 227.6 3221.985 613.70737
562.11 757.935 170.138 3254.051 587.79697
563.27 718.232 5.598 3147.347 712.6347
564.43 589.906 5.07 3225.333 584.83569
565.59 741.604 105.728 3324.939 635.87566
566.76 862.448 136.453 3545.998 725.99425
567.92 1074.216 252.732 3767.146 821.48466
569.08 1150.447 382.622 3782.656 767.82483
570.24 930.922 126.436 3811.034 804.48578
571.4 881.067 120.558 3793.213 760.50881
572.57 989.141 183.729 3867.508 805.41193
573.73 794.259 1.615 3789.311 792.64317
574.89 984.6 171.177 4120.685 813.42285
576.05 1157.35 283.484 4123.15 873.86594
577.21 937.951 69.004 3973.252 868.94707
578.37 866.007 -36.91 4038.934 902.91682
579.53 997.036 103.158 4236.152 893.87804
580.69 1230.871 316.119 4624.018 914.75217
581.85 1130.131 173.577 4436.746 956.55356
583.01 1150.718 206.064 4492.988 944.65414
584.17 1251.691 219.546 4623.024 1032.14561
585.33 1357.683 266.613 4808.674 1091.0705
586.49 1177.477 139.522 4813.216 1037.95554
587.65 1376.128 256.027 4883.491 1120.10086
588.81 1447.221 277.614 4919.243 1169.60684
589.97 1676.781 497.582 5340.021 1179.19888
591.13 1316.884 158.434 4916.965 1158.44945
592.29 1307.285 150.133 4966.275 1157.1517
593.45 1225.51 90.641 4923.188 1134.86958
594.61 1194.222 52.946 4837.085 1141.27632
595.77 1257.582 49.093 4997.572 1208.48943
596.93 1239.636 7.96 4950.842 1231.67586
598.09 1398.865 163.018 5199.509 1235.84654
599.24 1273.71 64.131 5252.138 1209.57903
600.4 1391.477 178.522 5205.716 1212.95554
601.56 1402.33 60.067 5235.195 1342.26302
602.72 1463.236 164.648 5372.602 1298.58745
603.87 1517.009 199.309 5460.346 1317.70009
605.03 1372.736 26.648 5249.102 1346.08745
606.19 1358.646 54.112 5279.104 1304.53429
607.35 1335.285 -0.367 5231.275 1335.6517
608.5 1724.044 304.091 5547.503 1419.95309
609.66 1882.612 476.661 5748.29 1405.95065
610.82 1431.353 53.034 5476.405 1378.31874
611.97 1433.897 38.637 5538.482 1395.26057
613.13 1686.702 316.698 5695.787 1370.00394
614.29 1675.42 237.104 5756.691 1438.3163
615.44 1755.909 285.12 5786.587 1470.78848
616.6 1486.999 35.657 5454.583 1451.34177
617.76 1838.495 286.607 5833.329 1551.88895
618.91 1832.341 306.219 5742.458 1526.12146
620.07 1854.522 295.624 5848.793 1558.89737
621.22 1465.21 2.131 5511.138 1463.07904
622.38 2111.397 532.637 6030.482 1578.76056
623.53 1516.067 -18.942 5602.213 1535.00881
624.69 1577.461 38.156 5604.515 1539.30544
625.84 1629.447 54.622 5738.656 1574.82483
627.0 1798.283 263.914 5852.863 1534.36838
628.15 1581.085 19.643 5702.826 1561.44224
629.31 1730.538 168.49 5872.995 1562.04759
630.46 1595.657 -25.405 5613.209 1621.06209
631.61 1828.924 172.655 5937.446 1656.2691
632.77 1799.188 155.495 5824.77 1643.69279
633.92 1942.718 258.564 6240.488 1684.15414
635.08 2196.985 418.455 6307.567 1778.53064
636.23 1849.807 122.6 5953.485 1727.2073
637.38 1687.383 -55.397 5844.623 1742.77996
638.54 2111.44 323.02 6255.147 1788.41922
639.69 2308.529 429.225 6469.302 1879.30313
640.84 2089.456 264.572 6218.425 1824.88452
641.99 1779.527 -6.926 6084.555 1786.45317
643.15 2273.098 389.576 6511.185 1883.52182
644.3 1923.669 62.079 6186.315 1861.59036
645.45 1775.74 -55.919 6005.945 1831.6589
646.6 2355.311 423.583 6668.575 1931.72754
647.75 1972.882 65.586 6373.706 1907.29609
648.91 1823.953 -108.412 6197.335 1932.36475
650.06 2089.024 99.091 6363.465 1989.93327
651.21 2156.095 196.093 6424.596 1960.00194
652.36 2295.166 238.095 6712.226 2057.07059
653.51 2094.737 40.598 6479.855 2054.139
654.66 2163.808 138.1 6777.485 2025.70766
655.81 2446.879 283.603 6765.616 2163.27631
656.96 2151.45 17.105 6715.246 2134.34472
658.11 2374.521 104.107 6814.875 2270.41338
659.27 2419.092 185.11 7069.506 2233.98204
660.42 2208.163 3.112 6901.636 2205.05069
661.57 2459.734 169.115 7253.766 2290.61909
662.72 2158.805 -122.883 6787.896 2281.68776
663.87 2215.876 -87.381 6967.026 2303.25642
665.01 2458.447 116.622 7247.156 2341.82483
666.16 2320.518 2.124 7054.786 2318.39348
667.31 2417.089 -2.874 7289.916 2419.96214
668.46 2880.66 373.629 7714.546 2507.03079
669.61 2583.73 33.631 7524.176 2550.09921
670.76 2499.802 -59.866 7568.806 2559.66786
671.91 2949.873 346.136 8238.936 2603.73651
673.06 2935.943 236.638 7852.066 2699.30493
674.21 2545.014 -116.359 7807.196 2661.37358
675.35 2912.585 63.643 7903.826 2848.94224
676.5 2796.156 29.646 7947.956 2766.51089
677.65 2752.227 -33.352 7932.086 2785.57931
678.8 2685.798 -93.35 8192.716 2779.14796
679.94 2935.869 -28.847 8345.346 2964.71662
681.09 3200.94 174.655 8691.977 3026.28503
682.24 3256.011 171.658 8894.106 3084.35368
683.39 3078.082 -54.84 8981.236 3132.92234
684.53 3418.653 183.662 9243.866 3234.991
685.68 3325.224 63.165 9081.496 3262.05941
686.83 3444.795 148.167 9343.126 3296.62807
687.97 3381.366 67.169 9417.757 3314.19672
689.12 3351.437 76.672 9598.887 3274.76513
690.27 3414.508 -16.326 9575.017 3430.83379
691.41 3631.579 242.177 9877.646 3389.40245
692.56 3714.15 159.679 9834.776 3554.4711
693.7 3717.221 138.181 10029.406 3579.03951
694.85 3566.292 -22.316 9740.536 3588.60817
695.99 3808.863 128.186 9996.167 3680.67682
697.14 3828.434 107.689 9974.797 3720.74523
698.28 3939.505 141.191 10336.427 3798.31389
699.43 3936.576 164.693 10147.057 3771.88255
700.57 3725.147 -98.304 10291.687 3823.4512
701.72 3781.718 -56.802 10229.816 3838.51962
702.86 3726.789 -110.799 10405.946 3837.58827
704.01 4008.86 -23.797 10274.077 4032.65693
705.15 4288.431 113.705 10955.707 4174.72533
706.29 4037.502 19.208 10682.337 4018.29399
707.44 4190.073 9.21 10928.967 4180.86265
708.58 4074.144 -124.788 10773.597 4198.9313
709.72 4531.715 310.215 11525.727 4221.49997
710.87 4105.286 -151.283 10777.356 4256.56837
712.01 4144.856 -67.78 10832.987 4212.63679
713.15 4541.928 73.722 11434.117 4468.20568
714.3 4591.499 133.724 11465.747 4457.77409
715.44 4497.069 -40.273 11542.377 4537.34251
716.58 4617.641 92.229 11471.507 4525.41141
717.72 4632.211 -24.768 11410.637 4656.97982
718.87 4648.283 74.734 11515.268 4573.54872
720.01 4720.354 77.736 11765.897 4642.61713
721.15 4581.424 -84.261 11778.527 4665.68554
722.29 4897.996 118.741 11890.657 4779.25444
723.43 5054.066 240.744 12076.287 4813.32286
724.57 4930.637 140.746 11829.417 4789.89127
725.72 4852.708 42.248 12039.547 4810.46017
726.86 5351.279 287.251 12329.178 5064.02856
728.0 4957.35 39.753 12038.808 4917.59699
729.14 4961.921 -53.245 12267.438 5015.16589
730.28 5345.992 170.758 12208.067 5175.2343
731.42 5018.063 -6.74 12216.697 5024.80271
732.56 5498.634 340.263 12505.327 5158.37161
733.7 5254.205 96.765 12543.457 5157.44003
734.84 4989.776 -145.733 12151.088 5135.50893
735.98 5294.847 29.77 12273.218 5265.07734
737.12 5238.418 -63.728 12495.348 5302.14575
738.26 5438.989 -51.225 12422.478 5490.21465
739.4 5544.06 40.277 13161.607 5503.78306
740.53 5626.131 132.779 12698.737 5493.35147
741.67 5509.702 61.782 12576.867 5447.92037
742.81 5247.773 -131.216 12755.498 5378.98878
743.95 5650.344 109.287 12874.628 5541.05719
745.09 5387.915 -66.211 12974.258 5454.12609
746.23 5678.486 150.791 12804.888 5527.6945
747.36 5706.057 203.294 13007.518 5502.7634
748.5 5564.128 -73.704 12677.647 5637.83182
749.64 5580.699 -12.701 12441.277 5593.40023
750.78 5570.27 -41.199 12910.408 5611.46913
751.92 5635.841 -13.197 12616.538 5649.03754
753.05 5759.412 -11.694 12642.168 5771.10595
754.19 5972.983 216.808 13088.798 5756.17485
755.33 5618.554 -135.19 12585.928 5753.74326
756.46 5738.625 -5.187 13032.058 5743.81167
757.6 5592.696 -45.185 12510.188 5637.88057
758.74 6047.267 243.318 12929.818 5803.94899
759.87 5797.837 98.32 12427.948 5699.5174
761.01 5837.409 39.822 12682.578 5797.5863
762.14 5793.479 78.825 12761.708 5714.65471
763.28 5958.551 149.827 12801.338 5808.7236
764.41 5778.622 62.83 12484.468 5715.79202
765.55 5576.192 -105.168 12465.599 5681.36044
766.69 5883.264 45.334 12268.729 5837.92933
767.82 5878.334 97.837 12530.358 5780.49774
768.95 5711.905 -42.161 12324.488 5754.06615
770.09 6029.977 356.341 12204.118 5673.63507
771.22 5956.547 286.344 12465.248 5670.20346
772.36 5944.618 173.346 12212.878 5771.27188
773.49 5910.189 210.849 12386.509 5699.34077
774.63 5716.26 43.851 12175.639 5672.40919
775.76 5712.331 12.853 11722.269 5699.4776
776.89 5820.902 115.856 12091.398 5705.0465
778.03 5747.973 116.358 11705.528 5631.61491
779.16 5651.044 -11.639 11658.158 5662.68381
780.29 5753.115 122.363 11819.288 5630.75223
781.43 5858.686 245.865 11653.919 5612.82063
782.56 5683.257 95.368 11830.549 5587.88953
783.69 5490.328 -49.13 11388.179 5539.45795
784.82 5630.899 40.873 11236.309 5590.02636
785.96 5524.47 16.375 11375.938 5508.09526
787.09 5515.041 62.877 11245.568 5452.16367
788.22 5547.612 135.88 11048.199 5411.73209
789.35 5466.183 -40.618 11019.829 5506.80098
790.48 5525.754 14.385 10798.959 5511.3694
791.62 5666.825 216.887 11018.589 5449.93781
792.75 5275.896 -39.611 10709.219 5315.50671
793.88 5668.967 314.392 10745.349 5354.5751
795.01 5361.038 124.394 10606.979 5236.64402
796.14 5447.609 159.896 10766.609 5287.71243
797.27 5517.18 164.899 10654.239 5352.28084
798.4 5319.751 58.901 10398.369 5260.84974
799.53 5186.322 -58.096 10184.499 5244.41815
800.66 5348.393 69.906 10122.629 5278.48656
801.79 5984.464 675.408 11072.259 5309.05548
802.92 5217.535 11.911 10280.389 5205.62388
804.05 5310.605 132.913 10129.52 5177.69229
805.18 5214.177 21.916 10205.649 5192.26119
806.31 5104.748 31.918 9849.279 5072.8296
807.44 4948.319 -105.58 9621.409 5053.8985
808.57 5395.39 138.923 9990.039 5256.46692
809.69 5244.46 107.425 9790.669 5137.03532
810.82 4954.532 -145.572 9498.799 5100.10422
811.95 5628.103 430.43 10342.93 5197.67264
813.08 5192.173 9.432 9495.56 5182.74105
814.21 5608.245 516.435 9836.689 5091.80994
815.33 5095.315 84.937 9697.319 5010.37836
816.46 5002.886 112.439 9396.449 4890.44677
817.59 5317.458 356.442 9264.579 4961.01566
818.72 5111.028 187.444 9304.71 4923.58408
819.84 5262.099 365.947 9250.84 4896.1525
820.97 5065.67 166.949 8858.97 4898.72139
822.1 4986.241 249.951 9112.6 4736.28981
823.22 4596.813 -14.046 8480.229 4610.8587
824.35 4633.883 -6.544 8626.859 4640.42712
825.48 4835.454 205.459 8753.489 4629.99553
826.6 4720.025 111.961 8524.12 4608.06443
827.73 4490.596 -102.537 8248.25 4593.13284
828.85 4649.667 64.466 8327.38 4585.20125
829.98 4912.238 298.968 8452.01 4613.27014
831.11 4525.809 -16.529 8045.64 4542.33856
832.23 4480.38 -21.027 8211.77 4501.40697
833.36 4764.951 225.475 8328.399 4539.47588
834.48 4612.522 48.978 8077.53 4563.54428
835.6 4692.093 131.48 8235.66 4560.6127
836.73 4414.664 -59.018 7856.29 4473.6816
837.85 4679.735 221.485 7952.42 4458.25002
838.98 4344.806 -116.513 7638.55 4461.31891
840.1 4562.377 116.99 7929.18 4445.38732
841.23 4548.948 112.492 7768.81 4436.45573
842.35 4804.519 337.494 8002.94 4467.02463
843.47 4448.09 37.997 7706.57 4410.09304
844.6 4237.661 -79.001 7381.7 4316.66145
845.72 4231.732 17.002 7517.83 4214.73036
846.84 4311.803 27.004 7645.46 4284.79877
847.96 4334.374 -36.494 7333.09 4370.86718
849.09 4267.945 -36.991 7228.72 4304.93608
850.21 4388.016 41.011 7426.85 4347.00449
851.33 4431.086 170.514 7433.98 4260.57291
852.45 4250.658 -52.484 7267.61 4303.1418
853.57 4323.229 88.518 7505.24 4234.71021
854.7 4313.3 5.521 7410.37 4307.77911
855.82 4230.371 -46.477 7173.0 4276.84753
856.94 4505.941 142.025 7419.13 4363.91594
858.06 4225.013 -123.972 7155.26 4348.98484
859.18 4461.083 147.03 7276.891 4314.05325
860.3 4287.154 46.033 7093.021 4241.12166
861.42 4123.226 -131.965 7095.15 4255.19057
862.54 4070.796 -92.963 6751.281 4163.75897
863.66 4095.367 -68.46 6651.411 4163.82763
864.78 4203.438 18.542 6957.541 4184.89628
865.9 4286.009 78.545 6985.17 4207.4647
867.02 4855.581 555.547 7565.301 4300.03357
868.14 4572.651 360.549 7283.431 4212.10202
869.26 4423.722 167.052 7050.061 4256.67043
870.38 3993.293 -138.946 6546.191 4132.23907
871.5 3958.864 -134.443 6659.321 4093.30772
872.62 4062.935 -48.941 6631.951 4111.87638
873.74 4394.506 266.561 6859.581 4127.94504
874.85 3990.542 -40.438 6299.146 4030.97925
875.97 4119.042 84.563 6467.646 4034.479
877.09 4214.042 149.063 6838.646 4064.979
878.21 4099.542 47.063 6422.146 4052.479
879.33 4140.542 90.563 6420.146 4049.979
880.44 4116.042 31.563 6548.146 4084.479
881.56 4112.042 36.063 6389.646 4075.979
882.68 4030.042 61.063 6377.646 3968.97925
883.79 4288.042 377.063 6661.646 3910.979
884.91 3924.542 -103.438 6134.646 4027.97925
886.03 4144.542 156.563 6345.646 3987.979
887.14 4249.042 261.563 6630.146 3987.479
888.26 4333.542 286.063 6731.146 4047.479
889.38 4343.542 232.063 6655.146 4111.479
890.49 3949.542 -108.938 6190.646 4058.47925
891.61 4274.542 107.563 6696.646 4166.979
892.72 3987.542 -82.438 6461.646 4069.97925
893.84 4051.042 -102.938 6444.646 4153.97925
894.95 4221.042 -93.938 6564.646 4314.979
896.07 4329.542 -7.438 6872.646 4336.979
897.18 4436.542 104.563 6911.646 4331.979
898.3 4275.542 -94.938 6710.146 4370.479
899.41 4593.042 211.563 6988.646 4381.479
900.53 4475.542 83.063 6856.646 4392.479
901.64 4494.042 127.063 6712.146 4366.979
902.75 4329.542 53.063 6462.146 4276.479
903.87 4204.042 -8.438 6363.646 4212.479
904.98 4356.542 127.063 6618.646 4229.479
906.09 4384.042 53.563 6435.646 4330.479
907.21 4327.042 164.063 6471.646 4162.979
908.32 4210.542 5.063 6455.646 4205.479
909.43 4403.042 256.063 6670.146 4146.979
910.54 4162.042 69.063 6180.146 4092.979
911.66 4634.542 509.063 6461.646 4125.479
912.77 3951.542 -51.938 5872.646 4003.47925
913.88 4039.542 108.063 5931.646 3931.47925
914.99 4021.042 -28.938 5784.646 4049.97925
916.1 4089.542 97.063 5940.646 3992.47925
917.22 3912.542 -58.938 5585.646 3971.47925
918.33 4165.042 284.563 5907.146 3880.479
919.44 3927.042 47.063 5711.146 3879.97925
920.55 4170.542 246.563 6070.146 3923.979
921.66 4002.042 151.063 5789.146 3850.97925
922.77 3930.042 166.563 5689.646 3763.47925
923.88 4017.042 250.563 5716.146 3766.47925
924.99 3765.542 129.063 5588.146 3636.47925
926.1 3457.042 -77.438 5221.146 3534.47925
927.21 3805.042 260.063 5455.646 3544.97925
928.32 3346.042 -137.938 4981.146 3483.97925
929.43 3566.042 34.563 5155.646 3531.47925
930.54 3390.042 -29.938 5038.646 3419.97925
931.65 3522.542 35.063 4829.146 3487.47925
932.76 3442.542 108.563 4810.146 3333.97925
933.86 3335.542 35.063 4796.646 3300.47925
934.97 3078.542 -36.438 4519.646 3114.97925
936.08 3010.542 -2.438 4225.146 3012.97925
937.19 3152.042 203.563 4275.646 2948.47925
938.3 2790.042 157.563 3815.646 2632.47925
939.4 2768.042 294.563 3759.146 2473.47925
940.51 2278.542 38.563 3118.146 2239.97925
941.62 2307.542 164.563 3142.146 2142.97925
942.73 2635.542 519.063 3436.646 2116.47925
943.83 2163.042 105.563 2910.646 2057.47925
944.94 2034.542 124.063 2898.646 1910.47913
946.05 1793.542 -146.938 2587.146 1940.47913
947.15 1841.542 -137.938 2683.646 1979.47913
948.26 2060.042 13.563 2949.146 2046.47925
949.36 1929.042 -55.438 2780.146 1984.47913
950.47 2199.542 109.563 2981.646 2089.97925
951.57 2564.542 359.063 3443.646 2205.47925
952.68 2379.042 194.563 3262.146 2184.47925
953.79 2413.542 187.563 3305.646 2225.97925
954.89 2243.542 -16.438 3118.146 2259.97925
955.99 2519.042 133.563 3299.146 2385.47925
957.1 2434.042 -18.438 3474.646 2452.47925
958.2 2557.042 70.563 3473.146 2486.47925
959.31 2658.542 172.063 3555.646 2486.47925
960.41 2502.542 -27.438 3190.146 2529.97925
961.52 2539.042 -76.938 3263.146 2615.97925
962.62 2777.042 185.563 3607.146 2591.47925
963.72 2373.042 -117.438 3161.146 2490.47925
964.83 2295.042 -115.438 3207.646 2410.47925
965.93 2627.042 76.563 3601.646 2550.47925
967.03 2812.042 219.063 3679.646 2592.97925
968.13 2658.042 136.563 3396.646 2521.47925
969.24 2515.542 -18.938 3404.646 2534.47925
970.34 2582.542 51.563 3497.646 2530.97925
971.44 2636.042 18.063 3436.146 2617.97925
972.54 2574.042 110.063 3479.646 2463.97925
973.64 2452.042 -24.938 3258.146 2476.97925
974.75 3040.542 451.063 3855.146 2589.47925
975.85 4172.042 1539.063 4996.646 2632.979
976.95 2568.542 3.563 3165.146 2564.97925
978.05 2630.542 183.563 3389.146 2446.97925
979.15 2891.542 427.063 3568.646 2464.47925
980.25 2331.542 -7.438 3160.146 2338.97925
981.35 2441.042 -10.438 3194.146 2451.47925
982.45 2814.042 374.563 3586.146 2439.47925
983.55 2497.042 149.063 3194.646 2347.97925
984.65 2439.042 78.563 3191.646 2360.47925
985.75 2651.542 236.063 3233.146 2415.47925
986.85 2421.042 126.063 3041.646 2294.97925
987.95 2232.042 23.563 2860.146 2208.47925
989.05 2557.542 312.063 3232.646 2245.47925
990.15 2453.542 248.563 3025.646 2204.97925
991.25 2283.542 91.063 2866.646 2192.47925
992.34 2442.542 287.563 3089.146 2154.97925
993.44 2232.042 147.063 2806.146 2084.97925
994.54 2215.042 95.063 2821.146 2119.97925
995.64 2321.542 305.063 2911.646 2016.47925
996.74 2405.042 308.563 2874.146 2096.47925
997.83 1931.042 -80.938 2406.646 2011.97913
998.93 1974.042 77.563 2520.146 1896.47913
1000.03 2598.542 527.563 3010.146 2070.97925
1001.12 2238.042 282.063 2790.146 1955.97925
1002.22 2260.542 328.063 2631.146 1932.47925
1003.32 1883.042 41.563 2324.146 1841.47913
1004.41 1859.542 136.563 2336.146 1722.97913
1005.51 1839.042 85.563 2286.146 1753.47913
1006.6 1667.042 10.063 2113.646 1656.97913
1007.7 1885.042 225.063 2285.646 1659.97913
1008.8 1481.542 -97.438 1934.646 1578.97913
1009.89 1782.042 191.063 2222.146 1590.97913
1010.99 1734.542 109.563 2181.146 1624.97913
1012.08 1603.542 -33.438 1949.646 1636.97913
1013.18 1844.542 111.563 2113.646 1732.97913
1014.27 1761.042 8.063 2126.146 1752.97913
1015.36 1879.042 59.063 2272.646 1819.97913
1016.46 1915.542 116.063 2313.646 1799.47913
1017.55 1690.042 -50.938 2112.646 1740.97913
1018.65 1842.042 148.563 2172.646 1693.47913
1019.74 1905.542 211.063 2296.646 1694.47913
1020.83 1746.542 140.063 2159.146 1606.47913
1021.93 1629.542 17.563 1944.646 1611.97913
1023.02 1452.042 -57.938 1770.646 1509.97913
1024.11 1443.042 -71.438 1671.146 1514.47913
1025.2 1380.542 -82.438 1651.646 1462.97913
1026.3 1588.042 171.063 1868.146 1416.97913
1027.39 1495.042 221.563 1841.146 1273.47913
1028.48 1480.042 125.063 1719.146 1354.97913
1029.57 1319.042 83.063 1586.146 1235.97913
1030.66 1399.542 102.063 1661.646 1297.47913
1031.75 1957.042 644.063 2196.646 1312.97913
1032.84 1395.042 206.563 1587.646 1188.47913
1033.94 1160.542 -43.438 1303.646 1203.97913
1035.03 1407.042 236.063 1606.646 1170.97913
1036.12 1044.542 -42.438 1279.146 1086.97913
1037.21 1064.042 -0.938 1281.646 1064.97913
1038.3 1179.042 165.063 1430.146 1013.97913
1039.39 882.042 -62.938 1151.146 944.97919
1040.48 1155.542 156.063 1283.146 999.47913
1041.57 1144.542 225.563 1346.646 918.97913
1042.66 1065.542 117.063 1220.146 948.47913
1043.74 1040.542 147.563 1158.146 892.97913
1044.83 1081.042 167.563 1090.646 913.47913
1045.92 770.042 -81.438 890.146 851.47919
1047.01 1105.042 201.563 1174.146 903.47913
1048.1 690.042 -87.938 905.146 777.97919
1049.19 921.542 121.563 1034.146 799.97919
1050.27 823.542 40.563 975.646 782.97919
1051.36 800.542 8.563 877.146 791.97919
1052.45 889.042 162.063 1003.646 726.97919
1053.54 886.542 77.563 925.146 808.97919
1054.62 883.042 133.063 894.646 749.97919
1055.71 815.542 132.563 832.646 682.97919
1056.8 933.542 246.063 950.646 687.47919
1057.88 641.542 49.063 741.146 592.47919
1058.97 721.542 130.563 784.146 590.97919
1060.06 972.042 346.563 1058.646 625.47919
1061.14 691.042 34.063 710.146 656.97919
1062.23 1374.542 723.563 1475.646 650.97913
1063.31 737.042 143.063 809.146 593.97919
1064.4 621.042 34.563 623.646 586.47919
1065.48 676.042 148.063 739.646 527.97919
1066.57 549.042 59.563 608.146 489.47919
1067.65 623.542 149.063 702.146 474.47919
1068.74 514.042 51.563 608.146 462.47919
1069.82 603.042 171.063 711.146 431.97919
1070.9 1663.042 1019.563 1669.146 643.47913
1071.99 633.542 183.063 652.646 450.47919
1073.07 571.042 180.563 631.146 390.47919
1074.15 655.042 184.563 627.646 470.47919
1075.24 508.042 155.063 637.146 352.97916
1076.32 612.042 229.063 660.646 382.97919
1077.4 815.542 402.563 845.646 412.97919
1078.49 373.042 20.063 399.646 352.97916
1079.57 628.042 219.063 610.146 408.97919
1080.65 775.542 364.063 792.646 411.47919
1081.73 442.042 104.563 510.646 337.47916
1082.81 364.542 -44.438 352.646 408.97916
1083.89 512.042 123.063 530.146 388.97919
1084.98 528.042 190.563 572.146 337.47919
1086.06 325.542 -7.438 335.646 332.97916
1087.14 339.542 42.063 382.646 297.47916
1088.22 419.542 151.063 463.646 268.47916
1089.3 280.042 -10.938 295.146 290.97916
1090.38 773.542 457.063 830.146 316.47919
1091.46 526.042 230.063 544.646 295.97919
1092.54 312.542 56.063 361.646 256.47916
1093.62 375.542 137.063 458.146 238.47916
1094.7 268.042 -22.938 270.146 290.97916
1095.78 397.042 141.063 390.646 255.97916
1096.86 448.542 124.063 411.146 324.47916
1097.93 813.542 512.563 834.646 300.97919
1099.01 607.042 284.563 609.646 322.47919
1100.09 280.542 32.063 261.646 248.47916
