196.55 1312.162 972.948 0.0 339.21472
197.76 1889.949 1427.472 0.0 462.47742
198.96 1720.917 1340.45 0.0 380.46692
200.16 1147.607 796.077 0.0 351.53009
201.36 1978.061 1587.379 0.0 390.68213
202.56 1331.415 990.115 0.0 341.2998
203.76 1117.401 849.94 0.0 267.46155
204.96 1397.888 932.264 0.0 465.62335
206.16 999.541 712.367 0.0 287.17432
207.36 1666.75 1181.173 0.0 485.57751
208.56 1421.002 1052.507 0.0 368.495
209.76 918.798 637.704 0.0 281.09344
210.96 1205.549 888.539 0.0 317.0108
212.16 2471.236 2056.997 0.0 414.23926
213.36 1476.708 1126.644 0.0 350.0636
214.56 1173.21 890.479 0.0 282.73059
215.76 2346.401 1834.94 0.0 511.46155
216.96 1999.285 1568.862 0.0 430.42297
218.16 1452.679 985.792 0.0 466.88776
219.35 1045.499 716.838 0.0 328.66022
220.55 1281.53 872.359 0.0 409.17078
221.75 1233.384 810.596 0.0 422.78851
222.95 1931.462 1461.314 0.0 470.14795
224.15 1446.284 1090.029 0.0 356.25513
225.35 1115.699 782.472 0.0 333.22699
226.55 1149.988 792.831 0.0 357.15668
227.75 1745.962 1378.814 0.0 367.14795
228.94 1523.798 1122.204 0.0 401.59338
230.14 1395.66 919.113 0.0 476.54767
231.34 1132.033 847.028 0.0 285.00549
232.54 1158.565 780.549 0.0 378.01605
233.74 1098.296 805.869 0.0 292.42639
234.93 1126.668 791.951 0.0 334.71643
236.13 1331.102 951.574 0.0 379.52838
237.33 1335.437 930.131 0.0 405.30609
238.53 1213.562 887.381 0.0 326.18127
239.72 1789.481 1373.993 0.0 415.48792
240.92 932.755 562.676 0.0 370.07935
242.12 1571.951 1152.807 0.0 419.14441
243.31 1036.687 755.63 0.0 281.05652
244.51 939.991 627.0 0.0 312.99146
245.71 1662.446 1278.803 0.0 383.64258
246.9 2123.991 1688.0 0.0 435.99146
248.1 1362.922 950.954 0.0 411.96857
249.3 1388.238 982.33 0.0 405.9071
250.49 1238.711 893.313 0.0 345.39838
251.69 1449.15 1049.106 0.0 400.04419
252.89 1300.473 916.154 0.0 384.31927
254.08 863.798 579.204 0.0 284.59344
255.28 1329.87 976.919 0.0 352.95099
256.47 901.74 577.666 0.0 324.07404
257.67 1529.89 1159.099 0.0 370.79028
258.86 1645.088 1172.898 0.0 472.19006
260.06 1238.206 917.809 0.0 320.39648
261.26 1924.56 1459.546 0.0 465.0144
262.45 1298.086 939.063 0.0 359.02307
263.65 802.979 565.158 0.0 237.82098
264.84 1462.539 1081.531 0.0 381.00732
266.04 1024.473 804.154 0.0 220.31927
267.23 812.984 487.661 0.0 325.32272
268.42 1034.118 706.584 0.0 327.53363
269.62 1270.703 882.641 0.0 388.06183
270.81 1309.345 959.736 0.0 349.60931
272.01 1339.076 923.056 0.0 416.01965
273.2 1606.294 1164.034 0.0 442.25952
274.4 995.269 664.852 0.0 330.41766
275.59 1497.817 1028.883 0.0 468.93347
276.78 1289.819 892.718 0.0 397.10046
277.98 1146.111 772.746 0.0 373.36493
279.17 1197.292 903.201 0.0 294.09174
280.37 1201.22 837.985 0.0 363.23486
281.56 852.364 528.915 0.0 323.44928
282.75 945.752 617.508 0.0 328.24463
283.95 1067.521 801.186 0.0 266.33502
285.14 1271.531 863.193 0.0 408.33856
286.33 972.142 700.267 0.0 271.87549
287.52 1280.315 948.548 0.0 331.76648
288.72 1557.167 1136.95 0.0 420.21729
289.91 1874.301 1410.373 0.0 463.92822
291.1 1307.528 1007.024 0.0 300.50378
292.29 1336.676 997.623 0.0 339.05298
293.49 1389.1 1044.239 0.0 344.86145
294.68 1020.759 729.845 0.0 290.91418
295.87 1068.144 803.102 0.0 265.04242
297.06 1320.812 940.38 0.0 380.4317
298.26 709.01 420.179 0.0 288.83151
299.45 1142.187 789.13 0.0 353.05652
300.64 1122.53 822.859 0.0 299.67078
301.83 1218.533 857.028 0.0 361.50549
303.02 1060.567 630.384 0.0 430.18311
304.21 1513.279 1123.525 0.0 389.7533
305.4 1226.025 875.356 0.0 350.66895
306.59 1279.24 920.166 0.0 359.0741
307.79 1191.57 803.053 0.0 388.51776
308.98 898.66 579.113 0.0 319.54773
310.17 1418.616 966.081 0.0 452.53528
311.36 1135.638 857.597 0.0 278.0415
312.55 1965.728 1560.657 0.0 405.07141
313.74 758.28 584.359 0.0 173.92114
314.93 1441.502 1009.007 0.0 432.49506
316.12 1111.592 787.067 0.0 324.5249
317.31 645.727 406.823 0.0 238.90359
318.5 870.78 574.859 0.0 295.92114
319.69 1208.19 830.799 0.0 377.39124
320.88 1102.329 736.225 0.0 366.104
322.07 900.648 607.271 0.0 293.3772
323.26 930.504 607.342 0.0 323.16193
324.45 693.864 447.415 0.0 246.44928
325.64 1108.116 766.749 0.0 341.36664
326.83 1275.528 996.024 0.0 279.50378
328.01 1116.396 738.436 0.0 377.95984
329.2 1410.57 976.053 0.0 434.51776
330.39 1042.812 727.38 0.0 315.4317
331.58 922.354 542.908 0.0 379.4458
332.77 1682.613 1253.081 0.0 429.53198
333.96 602.222 448.82 0.0 153.40179
335.15 916.438 524.964 0.0 391.47388
336.33 890.854 590.908 0.0 299.9458
337.52 1051.864 719.415 0.0 332.44928
338.71 1064.917 710.45 0.0 354.46686
339.9 957.64 614.932 0.0 342.7085
341.08 1016.542 688.2 0.0 328.3421
342.27 1313.954 879.475 0.0 434.47919
343.46 1501.335 1063.729 0.0 437.60571
344.65 1389.335 897.229 0.0 492.10571
345.83 1438.877 983.257 0.0 455.61975
347.02 855.888 470.264 0.0 385.62332
348.21 1528.618 1021.584 0.0 507.03363
349.4 939.975 462.989 0.0 476.98618
350.58 1170.81 718.045 0.0 452.76477
351.77 970.796 575.369 0.0 395.42645
352.96 705.123 324.088 0.0 381.03543
354.14 1141.88 619.926 0.0 521.95459
355.33 993.687 536.13 0.0 457.55652
356.51 807.389 387.098 0.0 420.29111
357.7 1280.344 679.734 0.0 600.61005
358.89 967.074 511.721 0.0 455.3526
360.07 1468.399 915.105 0.0 553.29468
361.26 1663.679 1061.79 0.0 601.88855
362.44 1307.719 733.483 0.0 574.2356
363.63 1135.359 481.743 0.0 653.61606
364.81 1236.9 531.437 0.0 705.4632
366.0 801.021 276.518 0.0 524.50363
367.18 2259.082 1403.392 0.0 855.68994
368.37 1174.768 529.85 0.0 644.9184
369.55 1390.591 737.065 0.0 653.52563
370.74 1596.101 911.572 0.0 684.52924
371.92 1879.242 1158.332 0.0 720.90967
373.11 1214.862 476.078 0.0 738.78311
374.29 1088.402 421.772 0.0 666.63022
375.48 1265.105 531.741 0.0 733.36389
376.66 1162.038 441.53 0.0 720.50806
377.84 1823.268 953.85 0.0 869.4184
379.03 1169.07 405.051 0.0 764.01865
380.21 1100.02 332.184 0.0 767.83588
381.39 981.062 266.212 0.0 714.84988
382.58 1775.064 816.548 0.0 958.51691
383.76 2054.918 1148.784 0.0 906.13464
384.94 2260.239 1254.164 0.0 1006.07483
386.13 1360.383 426.593 0.0 933.7901
387.31 1639.753 618.339 0.0 1021.41309
388.49 1433.025 474.688 0.0 958.33759
389.68 1823.922 637.952 0.0 1185.96942
390.86 1703.443 567.466 0.0 1135.97644
392.04 2154.302 982.706 0.0 1171.59601
393.22 1581.443 445.466 0.0 1135.97647
394.41 1601.047 473.202 0.0 1127.8446
395.59 1297.938 193.463 0.0 1104.47473
396.77 1800.276 552.689 0.0 1247.58716
397.95 1912.607 637.576 0.0 1275.03094
399.13 2191.26 792.678 0.0 1398.58197
400.31 1744.761 447.511 0.0 1297.24963
401.5 2077.7 626.304 0.0 1451.39551
402.68 2159.062 734.712 0.0 1424.34979
403.86 1767.911 434.445 0.0 1333.46588
405.04 2258.887 807.263 0.0 1451.62408
406.22 1776.168 367.783 0.0 1408.38507
407.4 2079.762 697.013 0.0 1382.7489
408.58 2221.695 814.301 0.0 1407.39392
409.76 2307.626 947.755 0.0 1359.87091
410.94 1966.443 624.466 0.0 1341.97644
412.12 1806.593 502.9 0.0 1303.69269
413.3 1727.633 359.093 0.0 1368.53967
414.48 1574.66 371.111 0.0 1203.54852
415.66 1693.408 445.277 0.0 1248.13107
416.84 2466.644 1233.1 0.0 1233.54309
418.02 1861.311 623.378 0.0 1237.93256
419.2 1550.623 419.586 0.0 1131.03622
420.38 1712.948 583.97 0.0 1128.97821
421.56 1620.36 427.245 0.0 1193.11533
422.74 2292.184 1081.794 0.0 1210.39026
423.92 1994.985 865.995 0.0 1128.99048
425.1 1649.16 464.111 0.0 1185.04852
426.28 1413.235 405.995 0.0 1007.24005
427.46 2585.23 1356.492 0.0 1228.73828
428.63 1681.035 571.861 0.0 1109.17328
429.81 1716.188 687.964 0.0 1028.2243
430.99 1706.918 754.784 0.0 952.13464
432.17 2240.514 1145.347 0.0 1095.16638
433.35 1889.466 827.316 0.0 1062.15051
434.52 1021.346 155.069 0.0 866.27701
435.7 1337.066 376.383 0.0 960.68384
436.88 1764.649 840.104 0.0 924.54498
438.06 1558.788 552.531 0.0 1006.25763
439.23 1385.665 399.115 0.0 986.55026
440.41 1700.931 594.126 0.0 1106.80511
441.59 1856.927 828.456 0.0 1028.47119
442.77 1346.01 276.679 0.0 1069.33157
443.94 1882.228 760.657 0.0 1121.57141
445.12 1906.992 769.833 0.0 1137.15924
446.3 2238.67 1093.118 0.0 1145.55212
447.47 1827.823 666.72 0.0 1161.10303
448.65 1984.212 720.646 0.0 1263.5661
449.82 1462.212 500.146 0.0 962.06613
451.0 1689.313 609.213 0.0 1080.09949
452.18 1554.477 476.823 0.0 1077.65396
453.35 1705.734 530.16 0.0 1175.57312
454.53 1650.04 558.865 0.0 1091.17511
455.7 1426.35 334.238 0.0 1092.11176
456.88 2112.646 945.935 0.0 1166.71027
458.05 1639.887 591.763 0.0 1048.12408
459.23 1377.918 315.784 0.0 1062.13464
460.4 1726.234 580.16 0.0 1146.07312
461.58 1782.14 719.432 0.0 1062.70844
462.75 1392.992 315.333 0.0 1077.65924
463.93 1742.786 628.696 0.0 1114.0907
465.1 1686.091 525.065 0.0 1161.02563
466.28 1291.394 218.101 0.0 1073.29282
467.45 1203.234 146.66 0.0 1056.57314
468.63 1678.866 523.249 0.0 1155.61707
469.8 1948.424 870.287 0.0 1078.13635
470.97 1466.881 405.259 0.0 1061.62234
472.15 1776.505 595.675 0.0 1180.82971
473.32 1861.394 704.601 0.0 1156.79285
474.49 2003.241 859.499 0.0 1143.74188
475.67 1614.352 507.573 0.0 1106.77881
476.84 1427.362 327.08 0.0 1100.28223
478.01 1776.514 636.347 0.0 1140.16626
479.19 1621.584 548.728 0.0 1072.85614
480.36 1473.273 309.02 0.0 1164.25247
481.53 1750.588 596.897 0.0 1153.69086
482.7 1542.436 497.129 0.0 1045.30698
483.88 1380.153 275.774 0.0 1104.37891
485.05 1467.146 361.935 0.0 1105.2103
486.22 1533.349 478.405 0.0 1054.944
487.39 1324.634 333.595 0.0 991.03894
488.56 1694.556 485.876 0.0 1208.68039
489.74 2029.542 897.2 0.0 1132.34204
490.91 1289.468 242.651 0.0 1046.81741
492.08 1525.556 375.876 0.0 1149.68039
493.25 1379.563 278.714 0.0 1100.84915
494.42 1424.658 476.778 0.0 947.88077
495.59 1524.632 417.26 0.0 1107.37192
496.76 1558.876 465.756 0.0 1093.12061
497.93 1640.709 610.478 0.0 1030.23132
499.1 1612.621 572.753 0.0 1039.86847
500.27 2092.179 1040.792 0.0 1051.38782
501.44 2299.794 1228.534 0.0 1071.25952
502.61 1389.947 423.137 0.0 966.81039
503.78 1609.885 629.929 0.0 979.9563
504.95 2192.704 1123.474 0.0 1069.22961
506.12 1676.407 696.943 0.0 979.46332
507.29 1293.021 335.186 0.0 957.83502
508.46 1018.989 32.165 0.0 986.82449
509.63 2239.489 1258.165 0.0 981.32458
510.8 2324.41 1179.612 0.0 1144.7981
511.97 1520.32 558.552 0.0 961.76825
513.14 1253.533 258.528 0.0 995.00549
514.31 1806.611 785.746 0.0 1020.86493
515.48 1502.007 495.01 0.0 1006.99677
516.65 1413.373 525.087 0.0 888.28583
517.81 1328.201 355.806 0.0 972.39478
518.98 1659.757 695.01 0.0 964.74719
520.15 1136.687 161.13 0.0 975.55653
521.32 1732.399 703.605 0.0 1028.79468
522.49 2588.497 1502.503 0.0 1085.99329
523.65 2237.78 1158.859 0.0 1078.92114
524.82 1633.852 638.073 0.0 995.77881
525.99 966.018 78.517 0.0 887.50026
527.16 1696.866 631.25 0.0 1065.61633
528.32 1656.516 730.182 0.0 926.33331
529.49 1403.421 411.619 0.0 991.80167
530.66 941.041 114.367 0.0 826.67431
531.82 1054.677 180.957 0.0 873.72073
532.99 1252.653 320.274 0.0 932.37891
534.16 1397.127 444.256 0.0 952.87018
535.32 1865.843 794.401 0.0 1071.44226
536.49 1149.854 294.408 0.0 855.44571
537.65 2021.331 1011.059 0.0 1010.27179
538.82 1187.716 321.816 0.0 865.90009
539.99 1623.074 642.721 0.0 980.3526
541.15 1781.577 818.39 0.0 963.18738
542.32 1073.959 147.979 0.0 925.9809
543.48 1842.224 811.155 0.0 1031.06885
544.65 1966.419 992.785 0.0 973.63391
545.81 2596.679 1483.292 0.0 1113.38782
546.98 1556.15 503.106 0.0 1053.04425
548.14 1915.179 783.792 0.0 1131.38776
549.31 1364.801 402.873 0.0 961.92825
550.47 1526.907 469.443 0.0 1057.46329
551.63 2179.701 914.806 0.0 1264.8949
552.8 1518.368 454.584 0.0 1063.78409
553.96 1462.769 459.852 0.0 1002.91766
555.13 1487.417 391.45 0.0 1095.96686
556.29 2083.618 934.084 0.0 1149.53375
557.45 1280.183 274.46 0.0 1005.7226
558.62 1658.444 523.468 0.0 1134.97559
559.78 1906.65 771.606 0.0 1135.04425
560.94 1581.965 371.982 0.0 1209.98273
562.11 1457.623 391.088 0.0 1066.53537
563.27 1205.954 157.975 0.0 1047.97917
564.43 1048.338 32.397 0.0 1015.94054
565.59 1296.499 205.838 0.0 1090.66023
566.76 1430.352 351.073 0.0 1079.27881
567.92 1737.014 571.349 0.0 1165.66553
569.08 1824.055 715.042 0.0 1109.01263
570.24 1510.278 352.024 0.0 1158.25421
571.4 1302.29 226.366 0.0 1075.92468
572.57 1498.004 367.342 0.0 1130.66196
573.73 1128.028 55.524 0.0 1072.50377
574.89 1537.787 452.697 0.0 1085.08987
576.05 1690.979 476.158 0.0 1214.82098
577.21 1387.563 157.714 0.0 1229.84915
578.37 1059.422 18.954 0.0 1040.46859
579.53 1320.708 193.644 0.0 1127.06355
580.69 1800.044 597.535 0.0 1202.50903
581.85 1506.87 351.919 0.0 1154.95099
583.01 1504.312 401.88 0.0 1102.4317
584.17 1712.238 484.83 0.0 1227.40707
585.33 1754.518 572.517 0.0 1182.00018
586.49 1500.137 377.763 0.0 1122.37375
587.65 1816.158 573.278 0.0 1242.88074
588.81 1779.023 566.521 0.0 1212.50208
589.97 2335.891 929.433 0.0 1406.45813
591.13 1618.273 421.02 0.0 1197.25247
592.29 1560.602 336.574 0.0 1224.02838
593.45 1335.634 213.595 0.0 1122.03894
594.61 1413.82 134.052 0.0 1279.76822
595.77 1311.433 196.961 0.0 1114.47215
596.93 1262.878 91.091 0.0 1171.78753
598.09 1561.621 382.753 0.0 1178.86847
599.24 1350.592 138.067 0.0 1212.52492
600.4 1582.137 291.763 0.0 1290.37375
601.56 1463.327 233.39 0.0 1229.93698
602.72 1560.666 368.616 0.0 1192.04953
603.87 1628.337 473.064 0.0 1155.27277
605.03 1368.666 232.116 0.0 1136.54953
606.19 1311.512 148.514 0.0 1162.99847
607.35 1207.102 -3.926 0.0 1211.02837
608.5 1859.428 594.457 0.0 1264.97046
609.66 2183.219 989.651 0.0 1193.56714
610.82 1299.69 146.299 0.0 1153.39122
611.97 1183.618 125.084 0.0 1058.53366
613.13 1709.872 573.754 0.0 1136.11804
614.29 1713.981 496.993 0.0 1216.98792
615.44 1913.049 717.539 0.0 1195.5108
616.6 1313.203 180.141 0.0 1133.06183
617.76 1843.991 663.0 0.0 1180.99146
618.91 1886.462 726.314 0.0 1160.14795
620.07 1863.065 641.049 0.0 1222.01605
621.22 1000.592 17.567 0.0 983.02486
622.38 2253.618 1061.084 0.0 1192.53381
623.53 1123.79 78.366 0.0 1045.42467
624.69 1150.697 112.137 0.0 1038.55998
625.84 1250.555 217.542 0.0 1033.01262
627.0 1606.188 488.964 0.0 1117.2243
628.15 1027.644 -0.398 0.0 1028.04239
629.31 1418.005 318.175 0.0 1099.82971
630.46 1028.444 -23.532 0.0 1051.9756
631.61 1394.692 374.134 0.0 1020.55826
632.77 1324.526 228.189 0.0 1096.33673
633.92 1542.312 495.38 0.0 1046.9317
635.08 2028.357 949.577 0.0 1078.78052
636.23 1334.465 308.482 0.0 1025.98273
637.38 849.475 -74.511 0.0 923.98618
638.54 1681.632 654.76 0.0 1026.87189
639.69 1962.988 936.831 0.0 1026.15668
640.84 1583.845 490.402 0.0 1093.44287
641.99 1037.855 97.409 0.0 940.44623
643.15 1909.365 816.916 0.0 1092.44946
644.3 1076.375 95.422 0.0 980.9528
645.45 843.385 -58.071 0.0 901.45615
646.6 1932.895 811.436 0.0 1121.45947
647.75 1086.905 161.942 0.0 924.96272
648.91 770.415 -136.551 0.0 906.96608
650.06 1095.425 225.455 0.0 869.96944
651.21 1434.435 417.462 0.0 1016.97278
652.36 1416.445 450.969 0.0 965.47601
653.51 1020.455 101.475 0.0 918.97935
654.66 1147.465 273.982 0.0 873.4827
655.81 1644.975 651.989 0.0 992.98608
656.96 958.485 69.495 0.0 888.98934
658.11 1293.995 365.002 0.0 928.99265
659.27 1471.505 531.009 0.0 940.49597
660.42 959.015 29.015 0.0 929.99927
661.57 1396.025 421.022 0.0 975.00256
662.72 762.535 -139.971 0.0 902.50591
663.87 739.545 -99.965 0.0 839.50926
665.01 1187.555 316.042 0.0 871.5126
666.16 991.065 41.049 0.0 950.0159
667.31 1011.575 95.555 0.0 916.01919
668.46 1756.585 760.562 0.0 996.02252
669.61 1063.095 206.069 0.0 857.02589
670.76 872.105 4.575 0.0 867.52918
671.91 1763.115 769.582 0.0 993.53247
673.06 1494.125 519.589 0.0 974.53583
674.21 784.634 -161.405 0.0 946.03911
675.35 1227.144 284.102 0.0 943.04239
676.5 1104.154 167.609 0.0 936.54575
677.65 919.664 72.615 0.0 847.0491
678.8 776.674 -110.878 0.0 887.55238
679.94 1080.684 40.629 0.0 1040.05567
681.09 1394.194 370.135 0.0 1024.05902
682.24 1459.704 363.142 0.0 1096.56238
683.39 981.214 -1.851 0.0 983.06566
684.53 1462.224 558.155 0.0 904.06897
685.68 1172.234 214.662 0.0 957.5723
686.83 1313.744 301.169 0.0 1012.57565
687.97 1236.754 298.175 0.0 938.57901
689.12 1118.264 178.182 0.0 940.08223
690.27 1073.274 68.189 0.0 1005.08558
691.41 1477.284 468.195 0.0 1009.08893
692.56 1429.794 358.702 0.0 1071.09229
693.7 1358.804 378.709 0.0 980.09549
694.85 970.814 48.215 0.0 922.59885
695.99 1390.324 398.222 0.0 992.1022
697.14 1263.334 184.229 0.0 1079.10555
698.28 1378.844 342.735 0.0 1036.10876
699.43 1339.354 391.242 0.0 948.11212
700.57 799.864 -74.251 0.0 874.11548
701.72 887.874 -50.745 0.0 938.61877
702.86 820.884 -107.738 0.0 928.62212
704.01 975.394 50.269 0.0 925.12541
705.15 1462.404 433.275 0.0 1029.12875
706.29 1074.414 126.782 0.0 947.6321
707.44 1124.924 171.288 0.0 953.63533
708.58 835.434 -124.205 0.0 959.63869
709.72 1744.944 629.302 0.0 1115.64203
710.87 771.454 -137.192 0.0 908.64532
712.01 973.464 0.315 0.0 973.14867
713.15 1347.474 217.322 0.0 1130.15196
714.3 1414.984 348.828 0.0 1066.1553
715.44 1039.494 92.335 0.0 947.15866
716.58 1260.504 277.342 0.0 983.1619
717.72 937.514 52.848 0.0 884.66524
718.87 1188.524 240.855 0.0 947.66859
720.01 1089.534 117.362 0.0 972.17194
721.15 833.544 -54.132 0.0 887.67523
722.29 1356.554 345.875 0.0 1010.67853
723.43 1522.064 498.882 0.0 1023.18185
724.57 1407.074 450.388 0.0 956.68521
725.72 1179.583 244.895 0.0 934.68845
726.86 1769.094 678.902 0.0 1090.19177
728.0 1120.604 164.408 0.0 956.19514
729.14 887.613 -2.085 0.0 889.69843
730.28 1548.623 481.422 0.0 1067.20172
731.42 963.633 10.928 0.0 952.70507
732.56 1800.643 722.435 0.0 1078.20844
733.7 1440.153 386.942 0.0 1053.21176
734.84 694.663 -127.052 0.0 821.71506
735.98 1166.673 148.955 0.0 1017.71835
737.12 841.183 -3.038 0.0 844.2217
738.26 1001.693 17.468 0.0 984.22499
739.4 1195.703 228.475 0.0 967.22827
740.53 1428.213 407.482 0.0 1020.73163
741.67 1267.223 273.488 0.0 993.73499
742.81 743.733 -222.505 0.0 966.23827
743.95 1177.243 241.002 0.0 936.24155
745.09 918.253 19.508 0.0 898.7449
746.23 1413.263 399.515 0.0 1013.74826
747.36 1611.273 453.522 0.0 1157.75159
748.5 956.783 60.028 0.0 896.75489
749.64 1008.793 25.035 0.0 983.75818
750.78 961.303 -5.458 0.0 966.76153
751.92 1031.313 74.548 0.0 956.76488
753.05 1049.823 155.555 0.0 894.26811
754.19 1602.333 635.562 0.0 966.77148
755.33 763.843 -151.932 0.0 915.77481
756.46 1075.353 245.075 0.0 830.27815
757.6 855.363 82.082 0.0 773.28145
758.74 1563.873 562.088 0.0 1001.78473
759.87 1214.383 244.595 0.0 969.78809
761.01 1048.393 271.102 0.0 777.29144
762.14 1035.403 234.608 0.0 800.79466
763.28 1344.413 408.115 0.0 936.298
764.41 1094.423 249.121 0.0 845.30136
765.55 611.433 -123.872 0.0 735.30465
766.69 1154.943 289.635 0.0 865.30795
767.82 1163.453 266.641 0.0 896.81128
768.95 853.463 26.148 0.0 827.31464
770.09 1547.473 737.655 0.0 809.81799
771.22 1553.983 661.661 0.0 892.32123
772.36 1418.493 504.168 0.0 914.32455
773.49 1328.003 489.175 0.0 838.82791
774.63 983.013 196.181 0.0 786.83121
775.76 896.523 154.688 0.0 741.83455
776.89 1343.033 428.195 0.0 914.83783
778.03 1130.543 360.201 0.0 770.34119
779.16 821.553 8.708 0.0 812.84448
780.29 1148.063 308.215 0.0 839.84778
781.43 1413.073 606.221 0.0 806.85114
782.56 1165.583 315.228 0.0 850.35446
783.69 803.592 11.735 0.0 791.85776
784.82 953.602 233.241 0.0 720.36111
785.96 873.612 116.748 0.0 756.8644
787.09 971.122 204.255 0.0 766.86775
788.22 1130.632 394.261 0.0 736.37109
789.35 778.642 157.768 0.0 620.87439
790.48 886.652 142.275 0.0 744.37767
791.62 1286.162 580.281 0.0 705.88104
792.75 695.672 5.288 0.0 690.38431
793.88 1416.682 737.795 0.0 678.88757
795.01 1073.192 353.801 0.0 719.39096
796.14 1146.202 404.808 0.0 741.39429
797.27 1129.712 493.815 0.0 635.89764
798.4 962.222 283.321 0.0 678.90094
799.53 639.732 -4.672 0.0 644.40429
800.66 958.742 316.335 0.0 642.40759
801.79 2079.752 1276.841 0.0 802.91089
802.92 824.262 199.848 0.0 624.41422
804.05 1037.772 381.855 0.0 655.91751
805.18 868.782 290.861 0.0 577.92087
806.31 862.292 215.868 0.0 646.42421
807.44 574.802 -64.625 0.0 639.4275
808.57 1068.312 400.381 0.0 667.93079
809.69 937.322 400.888 0.0 536.43414
810.82 396.832 -163.605 0.0 560.43745
811.95 1737.342 988.401 0.0 748.94086
813.08 727.852 103.908 0.0 623.94412
814.21 1809.862 1064.915 0.0 744.94739
815.33 928.372 282.921 0.0 645.45078
816.46 938.382 308.928 0.0 629.45404
817.59 1407.892 847.435 0.0 560.45734
818.72 1158.902 504.441 0.0 654.46069
819.84 1583.912 896.448 0.0 687.46405
820.97 1091.422 446.454 0.0 644.96738
822.1 1231.932 593.961 0.0 637.97064
823.22 549.942 -30.532 0.0 580.47397
824.35 609.452 92.474 0.0 516.97732
825.48 1111.962 574.481 0.0 537.48065
826.6 873.472 310.488 0.0 562.98395
827.73 413.482 -144.506 0.0 557.98724
828.85 829.992 268.501 0.0 561.4906
829.98 1216.002 610.008 0.0 605.99396
831.11 579.012 70.014 0.0 508.99723
832.23 544.022 81.521 0.0 462.50052
833.36 1103.532 524.528 0.0 579.00385
834.48 888.042 259.034 0.0 629.00717
835.6 1053.052 482.041 0.0 571.01044
836.73 494.062 -7.952 0.0 502.0138
837.85 1091.572 535.054 0.0 556.51715
838.98 366.081 -104.439 0.0 470.52044
840.1 906.091 458.568 0.0 447.52377
841.23 906.601 371.074 0.0 535.52707
842.35 1319.111 720.581 0.0 598.5304
843.47 752.621 248.588 0.0 504.03371
844.6 511.631 26.594 0.0 485.03703
845.72 581.641 155.101 0.0 426.54036
846.84 560.151 134.608 0.0 425.5437
847.96 569.161 139.114 0.0 430.047
849.09 513.171 58.121 0.0 455.05034
850.21 669.181 232.628 0.0 436.55363
851.33 924.691 385.134 0.0 539.55698
852.45 441.201 25.141 0.0 416.06027
853.57 761.211 232.148 0.0 529.06361
854.7 543.721 67.654 0.0 476.06691
855.82 533.731 -0.339 0.0 534.07026
856.94 965.241 485.168 0.0 480.07355
858.06 359.751 -64.326 0.0 424.07687
859.18 924.261 425.181 0.0 499.08017
860.3 710.271 244.688 0.0 465.58353
861.42 322.781 -89.306 0.0 412.08682
862.54 326.791 -65.799 0.0 392.59014
863.66 480.301 50.708 0.0 429.59346
864.78 551.311 186.714 0.0 364.59682
865.9 764.321 244.221 0.0 520.1001
867.02 1886.331 1277.228 0.0 609.10339
868.14 1429.841 879.234 0.0 550.60675
869.26 1031.351 575.741 0.0 455.61011
870.38 303.861 -90.252 0.0 394.11338
871.5 313.871 -94.746 0.0 408.6167
872.62 403.881 69.761 0.0 334.12002
873.74 1093.891 699.268 0.0 394.62335
874.85 436.396 40.271 0.0 396.12501
875.97 702.896 286.271 0.0 416.62497
877.09 851.396 373.271 0.0 478.12497
878.21 655.396 220.771 0.0 434.62498
879.33 741.396 334.771 0.0 406.62497
880.44 727.896 254.771 0.0 473.12498
881.56 493.396 111.271 0.0 382.12501
882.68 675.396 256.271 0.0 419.12497
883.79 1350.896 826.771 0.0 524.12506
884.91 326.396 -58.229 0.0 384.62501
886.03 861.396 456.271 0.0 405.12497
887.14 1037.896 659.271 0.0 378.62506
888.26 1173.396 777.271 0.0 396.12506
889.38 1012.896 636.271 0.0 376.625
890.49 285.896 -89.729 0.0 375.62501
891.61 713.396 307.771 0.0 405.62497
892.72 389.896 -13.229 0.0 403.12501
893.84 244.396 -99.229 0.0 343.62499
894.95 307.896 -87.229 0.0 395.12501
896.07 595.396 152.271 0.0 443.12498
897.18 792.896 384.271 0.0 408.62497
898.3 347.396 -41.229 0.0 388.62501
899.41 1009.896 577.271 0.0 432.625
900.53 758.396 335.771 0.0 422.62497
901.64 869.896 462.271 0.0 407.62497
902.75 562.396 262.771 0.0 299.62497
903.87 433.896 116.771 0.0 317.12501
904.98 759.896 403.771 0.0 356.12497
906.09 575.396 235.771 0.0 339.62498
907.21 783.396 438.771 0.0 344.62497
908.32 486.396 198.271 0.0 288.12502
909.43 992.396 650.771 0.0 341.625
910.54 645.396 280.271 0.0 365.12497
911.66 1497.396 1160.771 0.0 336.625
912.77 390.396 85.771 0.0 304.62501
913.88 739.896 300.271 0.0 439.62497
914.99 439.396 69.271 0.0 370.12501
916.1 665.396 349.771 0.0 315.62497
917.22 413.396 58.771 0.0 354.62501
918.33 1031.896 688.771 0.0 343.12506
919.44 569.896 270.271 0.0 299.62497
920.55 1147.896 660.771 0.0 487.12506
921.66 776.896 428.771 0.0 348.12497
922.77 783.896 488.271 0.0 295.62497
923.88 971.896 623.271 0.0 348.625
924.99 671.896 373.771 0.0 298.12497
926.1 303.896 -11.229 0.0 315.12501
927.21 1086.896 652.771 0.0 434.12506
928.32 126.896 -84.729 0.0 211.625
929.43 618.396 251.771 0.0 366.62498
930.54 462.396 111.271 0.0 351.12501
931.65 572.896 266.271 0.0 306.62497
932.76 700.896 381.771 0.0 319.12497
933.86 606.396 302.271 0.0 304.12497
934.97 369.396 113.771 0.0 255.62501
936.08 424.396 164.771 0.0 259.62502
937.19 1033.396 708.271 0.0 325.12506
938.3 774.896 472.271 0.0 302.62497
939.4 967.396 674.771 0.0 292.625
940.51 528.396 305.271 0.0 223.12497
941.62 640.896 503.771 0.0 137.12497
942.73 1429.896 1102.771 0.0 327.125
943.83 607.896 302.771 0.0 305.12497
944.94 614.896 338.271 0.0 276.62497
946.05 108.396 -35.729 0.0 144.125
947.15 149.396 -25.729 0.0 175.12499
948.26 468.396 228.771 0.0 239.62502
949.36 291.396 98.271 0.0 193.12501
950.47 608.396 326.771 0.0 281.62497
951.57 1098.396 844.771 0.0 253.62506
952.68 800.396 568.771 0.0 231.625
953.79 773.896 439.271 0.0 334.62497
954.89 382.896 121.771 0.0 261.12501
955.99 736.396 391.271 0.0 345.12497
957.1 464.896 230.271 0.0 234.62502
958.2 635.396 271.271 0.0 364.12497
959.31 734.896 455.771 0.0 279.12497
960.41 406.896 130.271 0.0 276.62502
961.52 296.396 10.271 0.0 286.12501
962.62 830.896 493.771 0.0 337.12497
963.72 200.396 -50.729 0.0 251.125
964.83 184.396 -70.729 0.0 255.12499
965.93 587.396 341.771 0.0 245.62497
967.03 882.896 714.271 0.0 168.625
968.13 701.896 466.771 0.0 235.12497
969.24 381.396 175.771 0.0 205.62502
970.34 382.896 206.771 0.0 176.12502
971.44 471.896 265.771 0.0 206.125
972.54 624.896 346.771 0.0 278.12497
973.64 348.396 142.271 0.0 206.12502
974.75 1326.396 1069.771 0.0 256.625
975.85 3713.396 3162.271 0.0 551.125
976.95 378.396 189.771 0.0 188.62502
978.05 787.896 525.771 0.0 262.125
979.15 1239.896 896.271 0.0 343.62506
980.25 329.396 99.771 0.0 229.62501
981.35 469.396 179.271 0.0 290.12502
982.45 1193.896 891.771 0.0 302.12506
983.55 706.896 462.771 0.0 244.12497
984.65 677.396 418.271 0.0 259.12497
985.75 926.396 675.271 0.0 251.125
986.85 729.396 372.271 0.0 357.12497
987.95 457.896 185.271 0.0 272.62502
989.05 1041.396 783.271 0.0 258.12506
990.15 878.896 628.271 0.0 250.625
991.25 563.896 443.271 0.0 120.62497
992.34 1157.896 835.771 0.0 322.12506
993.44 651.396 478.271 0.0 173.12497
994.54 574.396 386.771 0.0 187.62497
995.64 1012.396 731.271 0.0 281.125
996.74 1010.896 789.271 0.0 221.625
997.83 242.896 73.771 0.0 169.12499
998.93 535.896 315.271 0.0 220.62497
1000.03 1559.896 1230.771 0.0 329.125
1001.12 1049.396 704.771 0.0 344.62506
1002.22 1095.896 729.271 0.0 366.62506
1003.32 422.896 272.271 0.0 150.625
1004.41 692.396 467.271 0.0 225.12497
1005.51 668.896 402.771 0.0 266.12497
1006.6 332.396 188.771 0.0 143.62502
1007.7 813.896 624.271 0.0 189.625
1008.8 179.396 103.271 0.0 76.12499
1009.89 749.896 577.771 0.0 172.125
1010.99 624.896 384.771 0.0 240.12497
1012.08 209.896 47.271 0.0 162.625
1013.18 572.396 394.271 0.0 178.12497
1014.27 426.896 202.271 0.0 224.62502
1015.36 559.396 334.271 0.0 225.12497
1016.46 612.896 402.771 0.0 210.12497
1017.55 352.896 148.271 0.0 204.62502
1018.65 697.896 496.771 0.0 201.12497
1019.74 819.896 586.771 0.0 233.125
1020.83 716.896 505.271 0.0 211.62497
1021.93 586.896 280.271 0.0 306.62497
1023.02 257.896 38.271 0.0 219.62501
1024.11 243.396 63.771 0.0 179.625
1025.2 226.896 88.271 0.0 138.62499
1026.3 706.396 454.271 0.0 252.12497
1027.39 800.396 597.771 0.0 202.625
1028.48 660.396 486.771 0.0 173.62497
1029.57 454.396 312.771 0.0 141.625
1030.66 654.896 451.771 0.0 203.12497
1031.75 1804.896 1483.271 0.0 321.625
1032.84 753.896 652.771 0.0 101.125
1033.94 325.896 161.271 0.0 164.62502
1035.03 813.396 773.771 0.0 39.625
1036.12 264.896 90.271 0.0 174.62501
1037.21 262.896 66.771 0.0 196.12501
1038.3 710.396 522.771 0.0 187.625
1039.39 287.896 153.271 0.0 134.62502
1040.48 605.896 455.771 0.0 150.12497
1041.57 693.396 616.271 0.0 77.125
1042.66 619.896 441.771 0.0 178.12497
1043.74 686.396 508.271 0.0 178.12497
1044.83 712.396 543.271 0.0 169.125
1045.92 254.396 45.771 0.0 208.625
1047.01 704.396 617.771 0.0 86.625
1048.1 209.896 96.771 0.0 113.12499
1049.19 630.396 502.271 0.0 128.12497
1050.27 475.896 342.271 0.0 133.625
1051.36 536.396 305.271 0.0 231.12497
1052.45 703.896 469.771 0.0 234.12497
1053.54 559.396 466.771 0.0 92.62497
1054.62 669.896 525.271 0.0 144.625
1055.71 741.896 467.771 0.0 274.12497
1056.8 932.896 688.271 0.0 244.625
1057.88 491.396 328.771 0.0 162.625
1058.97 671.896 458.771 0.0 213.12497
1060.06 1093.396 834.771 0.0 258.62506
1061.14 531.396 367.771 0.0 163.62497
1062.23 1880.396 1608.271 0.0 272.125
1063.31 717.396 547.271 0.0 170.125
1064.4 468.396 279.271 0.0 189.125
1065.48 628.396 526.771 0.0 101.625
1066.57 492.396 362.771 0.0 129.625
1067.65 704.896 543.771 0.0 161.125
1068.74 494.396 357.271 0.0 137.125
1069.82 650.896 544.271 0.0 106.625
1070.9 2571.396 2151.771 0.0 419.625
1071.99 787.896 561.771 0.0 226.125
1073.07 703.396 491.771 0.0 211.62497
1074.15 739.896 576.771 0.0 163.125
1075.24 649.896 526.771 0.0 123.125
1076.32 737.896 625.771 0.0 112.125
1077.4 1186.896 963.771 0.0 223.12506
1078.49 461.896 218.271 0.0 243.62502
1079.57 824.396 655.271 0.0 169.125
1080.65 1047.896 866.771 0.0 181.12506
1081.73 542.896 382.771 0.0 160.12497
1082.81 350.396 238.271 0.0 112.12502
1083.89 755.896 548.771 0.0 207.125
1084.98 729.396 533.271 0.0 196.125
1086.06 440.896 267.771 0.0 173.125
1087.14 407.396 283.771 0.0 123.625
1088.22 570.396 524.771 0.0 45.625
1089.3 359.396 261.771 0.0 97.625
1090.38 1364.396 1101.771 0.0 262.625
1091.46 735.896 598.771 0.0 137.125
1092.54 595.396 405.771 0.0 189.62497
1093.62 560.896 412.771 0.0 148.12497
1094.7 329.896 186.271 0.0 143.62502
1095.78 627.896 490.771 0.0 137.12497
1096.86 689.896 545.771 0.0 144.125
1097.93 1478.896 1146.271 0.0 332.625
1099.01 995.396 802.271 0.0 193.125
1100.09 458.896 334.271 0.0 124.625
