196.55 1287.999 1299.977 1468.077 -7.12524
197.76 1872.776 1894.409 1982.22 -24.63603
198.96 1741.288 1747.928 1816.471 -9.68759
200.16 1103.714 1105.313 1221.466 -1.37621
201.36 2029.62 1973.947 2131.243 35.39386
202.56 1342.983 1390.732 1472.275 -58.5577
203.76 1199.294 1081.438 1313.596 50.76549
204.96 1275.106 1374.643 1489.417 -86.72472
206.16 971.546 950.05 1030.371 26.7625
207.36 1596.659 1619.226 1776.337 -14.36398
208.56 1435.255 1390.377 1568.635 25.17597
209.76 888.14 937.698 1050.461 -43.94777
210.96 1192.737 1237.848 1334.759 -46.54917
212.16 2435.47 2486.932 2571.158 -61.09852
213.36 1530.175 1530.752 1573.505 -1.34882
214.56 1169.481 1225.948 1408.201 -30.98288
215.76 2282.294 2293.438 2320.096 -41.80121
216.96 1918.339 1917.508 1996.182 1.05648
218.16 1417.38 1385.572 1408.352 139.6325
219.35 1098.563 1019.576 1202.039 43.28909
220.55 1273.55 1276.057 1310.288 -7.32169
221.75 1073.913 1096.342 1259.321 -13.76194
222.95 1834.077 1844.598 1978.999 -7.82838
224.15 1467.452 1464.403 1641.282 1.72375
225.35 1175.985 1166.454 1284.117 8.09992
226.55 1068.067 1085.582 1204.456 -14.73463
227.75 1660.077 1747.598 1830.999 -104.94134
228.94 1531.141 1510.198 1600.461 23.20205
230.14 1357.194 1342.781 1325.881 0.0
231.34 1176.743 1145.358 1248.385 30.46318
232.54 1070.731 1008.838 1151.134 43.49562
233.74 1070.335 1134.002 1163.766 -213.90541
234.93 1144.497 1091.973 1243.868 34.57896
236.13 1362.216 1251.316 1453.674 54.80389
237.33 1203.393 1214.81 1369.736 -7.36962
238.53 1067.038 1105.537 1252.538 -26.19012
239.72 1736.763 1723.89 1862.469 9.28981
240.92 884.657 868.223 1023.629 10.57472
242.12 1544.081 1572.605 1695.416 -23.22559
243.31 1109.683 1111.265 1178.839 -2.3401
244.51 935.259 915.883 1085.052 11.45366
245.71 1648.083 1654.108 1725.124 -8.4837
246.9 2086.259 2026.883 2165.052 42.97351
248.1 1295.786 1325.425 1459.762 -22.06302
249.3 1210.358 1312.037 1334.059 -461.72271
250.49 1237.868 1197.553 1339.601 28.38119
251.69 1405.698 1418.787 1554.798 -9.62384
252.89 1243.96 1308.197 1312.482 -1499.05709
254.08 842.14 851.698 932.461 -11.83339
255.28 1350.806 1361.457 1415.847 -19.5817
256.47 913.663 761.733 1026.254 57.43586
257.67 1469.911 1465.839 1613.613 2.75566
258.86 1559.028 1596.021 1741.495 -25.42976
260.06 1170.87 1282.056 1394.31 -99.04935
261.26 1809.733 1863.842 1951.342 -61.8383
262.45 1300.222 1317.326 1393.8 -22.36459
263.65 691.458 759.694 938.774 -38.10359
264.84 1435.241 1345.354 1546.176 44.75935
266.04 1042.46 1036.697 1180.982 3.99422
267.23 796.956 771.191 888.565 21.9514
268.42 995.71 1041.806 1127.049 -54.07665
269.62 1218.677 1262.255 1321.714 -73.2912
270.81 1273.122 1305.169 1430.585 -25.55234
272.01 1228.726 1258.332 1365.717 -27.56964
273.2 1498.53 1534.806 1627.57 -39.10575
274.4 964.345 942.518 1080.308 15.8412
275.59 1368.827 1414.489 1495.432 -56.41261
276.78 1248.132 1240.185 1439.127 3.99488
277.98 1123.907 1088.614 1215.562 27.80107
279.17 1154.142 1236.701 1340.67 -79.40668
280.37 1168.558 1175.851 1245.989 -10.39717
281.56 832.808 750.46 922.555 47.85043
282.75 881.464 926.422 1096.533 -26.42862
283.95 1124.942 1024.668 1228.606 49.16865
285.14 1218.438 1243.162 1343.689 -24.59473
286.33 962.895 1011.095 1123.311 -42.95265
287.52 1296.521 1279.793 1407.236 13.12616
288.72 1501.079 1491.383 1593.573 9.4882
289.91 1878.333 1815.499 1911.557 65.41265
291.1 1313.245 1374.361 1514.093 -43.73785
292.29 1315.688 1325.771 1411.256 -11.79567
293.49 1304.411 1328.62 1455.979 -19.0088
294.68 918.349 986.524 1047.725 -111.39518
295.87 1072.2 1068.79 1214.007 2.34782
297.06 1346.329 1338.492 1506.64 4.66072
298.26 672.946 667.675 723.523 9.43828
299.45 1096.183 1067.765 1263.839 14.49386
300.64 1112.55 1090.557 1278.288 11.71546
301.83 1207.743 1235.858 1311.385 -37.22483
303.02 991.536 952.534 1155.829 19.1848
304.21 1496.954 1421.406 1557.49 55.51546
305.4 1132.052 1190.06 1275.497 -67.89489
306.59 1249.663 1245.733 1360.254 3.43182
307.79 1058.729 1138.835 1242.425 -77.33055
308.98 877.194 890.781 943.881 -25.58742
310.17 1359.374 1349.625 1641.459 3.34052
311.36 1093.784 1192.203 1262.92 -139.17299
312.55 1925.249 1951.649 2022.376 -37.32579
313.74 778.341 907.011 1012.391 -122.10136
314.93 1427.255 1384.877 1507.635 34.5217
316.12 1136.22 1084.322 1211.091 40.93902
317.31 714.862 674.043 753.976 51.06612
318.5 836.841 862.011 969.391 -23.44023
319.69 1145.876 1066.066 1293.935 35.02462
320.88 1007.628 990.678 1197.21 8.20691
322.07 912.392 892.091 1097.603 9.87833
323.26 936.561 938.573 1055.331 -1.72329
324.45 545.308 755.96 830.555 -282.39223
325.64 1095.905 1106.111 1205.854 -10.23212
326.83 1201.245 1301.361 1449.093 -67.76848
328.01 1074.796 1025.441 1160.805 36.46118
329.2 1308.229 1375.835 1560.425 -36.62533
330.39 996.329 1049.992 1228.64 -30.03847
331.58 916.313 788.466 986.472 64.56679
332.77 1585.712 1655.81 1742.257 -81.08633
333.96 617.364 608.047 782.184 5.35048
335.15 828.78 743.415 939.637 43.50411
336.33 848.313 830.966 980.972 11.56359
337.52 975.308 1009.46 1153.556 -23.70069
338.71 1046.288 980.928 1078.471 67.00642
339.9 929.089 994.399 1018.116 -275.37052
341.08 987.933 1009.655 1130.772 -17.93476
342.27 1259.274 1250.406 1517.511 3.32
343.46 1395.126 1489.675 1635.502 -64.83648
344.65 1358.126 1311.675 1542.002 20.16745
345.83 1386.11 1435.15 1622.334 -26.19865
347.02 724.606 753.643 945.917 -15.10213
348.21 1395.21 1364.806 1642.549 10.94672
349.4 758.765 743.893 982.678 6.22846
350.58 1022.524 994.296 1233.445 11.80323
351.77 870.335 887.002 1020.266 -12.50648
352.96 563.208 615.303 936.341 -16.22711
354.14 932.302 960.451 1360.43 -7.03741
355.33 808.183 846.765 1135.339 -13.36963
356.51 571.993 642.748 907.318 -26.74362
357.7 1005.704 1023.578 1319.79 -6.03426
358.89 770.421 817.136 1108.521 -16.03206
360.07 1239.989 1247.242 1578.901 -2.1869
361.26 1387.962 1492.982 1756.557 -39.8442
362.44 957.14 1073.26 1363.694 -39.98156
363.63 798.78 814.978 1250.37 -3.72038
364.81 876.458 874.256 1288.506 0.53144
366.0 497.411 629.683 966.712 -39.24651
367.18 1858.194 1896.343 2359.114 -8.24378
368.37 746.427 798.427 1163.013 -14.26274
369.55 1067.802 1083.732 1477.296 -4.04751
370.74 1304.798 1240.225 1679.88 14.68717
371.92 1561.438 1536.943 1940.055 6.07632
373.11 756.085 874.174 1243.065 -32.01177
374.29 680.763 727.452 1061.702 -13.96829
375.48 902.991 867.526 1328.476 7.69377
376.66 728.823 803.764 1223.881 -17.83814
377.84 1337.427 1345.927 1844.513 -1.7048
379.03 685.81 733.245 1230.13 -9.54629
380.21 541.523 648.578 1074.811 -25.1163
381.39 468.507 454.052 1008.143 2.6088
382.58 1156.813 1166.748 1740.839 -1.73061
383.76 1481.175 1508.033 2124.371 -4.35768
384.94 1644.245 1619.642 2223.959 4.07117
386.13 684.577 766.661 1266.731 -16.4145
387.31 910.433 934.937 1647.638 -3.43809
388.49 692.521 695.074 1474.103 -0.32771
389.68 982.368 1053.334 1788.467 -9.65355
390.86 914.36 942.321 1819.134 -3.18903
392.04 1367.22 1341.604 2229.958 2.8836
393.22 753.86 752.321 1677.134 0.16633
394.41 661.013 762.062 1658.769 -11.26882
395.59 374.362 426.825 1514.342 -4.82411
396.77 780.231 870.12 1982.5 -8.08079
397.95 809.296 861.222 2051.171 -4.36372
399.13 1104.237 1231.629 2416.125 -10.755
400.31 756.124 803.734 2078.026 -3.73624
401.5 977.954 1086.469 2343.223 -8.63453
402.68 1088.507 1132.052 2481.143 -3.22772
403.86 657.372 790.841 2201.884 -9.45887
405.04 1196.188 1253.552 2782.122 -3.75285
406.22 618.966 782.488 2245.974 -11.17344
407.4 1059.042 1139.325 2853.821 -4.68261
408.58 1121.456 1296.472 2907.932 -10.86071
409.76 1238.483 1377.014 3162.142 -7.76028
410.94 924.36 1071.821 2772.134 -8.67263
412.12 758.608 836.928 2742.992 -4.10899
413.3 593.286 804.206 2716.129 -11.03185
414.48 574.276 686.69 2582.086 -5.93093
415.66 688.179 846.54 2731.288 -8.4022
416.84 1514.282 1734.2 3554.712 -12.08001
418.02 899.411 1026.901 3029.345 -6.36675
419.2 658.79 819.713 2781.046 -8.20476
420.38 870.858 939.318 3122.425 -3.13593
421.56 729.198 846.568 3035.165 -5.36283
422.74 1402.96 1479.978 3680.349 -3.50025
423.92 1184.843 1236.296 3499.466 -2.27347
425.1 770.276 880.69 3147.586 -4.87074
426.28 690.552 812.341 3101.863 -5.3194
427.46 1745.554 1867.344 4131.572 -5.37888
428.63 812.13 1013.463 3296.785 -8.81753
429.81 899.571 1043.87 3448.74 -6.0003
430.99 1028.675 1104.033 3604.871 -3.01331
432.17 1425.638 1600.976 4007.119 -7.28707
433.35 1170.157 1226.504 3801.495 -2.18827
434.52 327.009 517.774 3005.485 -7.66828
435.7 705.618 763.944 3347.534 -2.25755
436.88 1115.28 1247.697 3912.503 -4.9691
438.06 797.532 945.309 3680.779 -5.40226
439.23 759.274 814.187 3635.878 -1.94612
440.41 911.976 1128.223 4072.15 -7.3455
441.59 1055.866 1280.331 4219.259 -7.63766
442.77 542.946 816.175 3808.523 -9.13092
443.94 1101.249 1263.649 4410.876 -5.16009
445.12 1015.646 1302.488 4592.453 -8.71869
446.3 1406.771 1652.684 4929.669 -7.50422
447.47 986.212 1265.591 4660.124 -8.23026
448.65 1010.255 1323.658 5051.001 -8.40821
449.82 693.255 981.658 4633.501 -7.89746
451.0 797.216 1109.597 4982.541 -8.06573
452.18 744.153 1024.498 5168.578 -6.76496
453.35 854.247 1095.145 5395.668 -5.60161
454.53 802.128 1108.46 5521.077 -6.94217
455.7 589.202 917.075 5469.582 -7.20203
456.88 1209.087 1576.896 6334.907 -7.7303
458.05 834.688 1201.052 6203.622 -7.32354
459.23 566.675 840.033 6012.872 -5.28449
460.4 884.747 1213.645 6698.668 -5.9963
461.58 964.089 1368.399 6986.616 -7.1964
462.75 531.146 920.488 6707.453 -6.72791
463.93 807.726 1293.113 7132.083 -8.31289
465.1 793.802 1147.732 7311.296 -5.74229
466.28 414.991 836.245 7099.609 -6.72569
467.45 361.247 753.145 7423.668 -5.87508
468.63 830.196 1198.065 8054.956 -5.36496
469.8 1177.173 1508.53 8615.663 -4.66232
470.97 567.19 1016.056 8142.831 -6.29831
472.15 813.448 1255.178 8684.731 -5.94558
473.32 978.991 1385.245 9044.109 -5.30437
474.49 1119.55 1596.338 9434.655 -6.08278
475.67 696.507 1180.271 9116.277 -6.0958
476.84 517.003 935.264 9161.36 -5.08456
478.01 976.138 1454.476 9788.119 -5.73983
479.19 756.917 1213.63 9915.604 -5.24838
480.36 529.038 1038.319 9834.404 -5.78986
481.53 861.11 1311.931 10236.2 -5.05163
482.7 734.974 1243.219 10415.941 -5.54083
483.88 588.39 993.588 10358.395 -4.32681
485.05 677.587 1163.396 10542.907 -5.17946
486.22 697.315 1204.47 10760.681 -5.30707
487.39 520.204 919.297 10659.924 -4.0972
488.56 742.622 1326.95 11099.951 -5.979
489.74 1200.933 1634.655 11744.772 -4.28998
490.91 507.462 1006.2 11088.19 -4.94682
492.08 676.122 1161.45 11344.451 -4.76606
493.25 519.425 1010.143 11266.938 -4.78431
494.42 732.388 1195.585 11633.186 -4.43777
495.59 711.899 1161.101 11347.229 -4.40994
496.76 710.192 1146.559 11782.539 -4.10275
497.93 878.563 1370.857 11975.405 -4.6423
499.1 897.903 1318.107 12094.146 -3.89944
500.27 1377.38 1866.572 12625.852 -4.5467
501.44 1540.03 2012.306 12511.57 -4.49818
502.61 697.97 1113.213 11912.024 -3.84526
503.78 875.3 1312.947 12427.222 -3.9377
504.95 1497.565 1927.86 13074.114 -3.86045
506.12 1031.792 1483.934 12602.388 -4.06659
507.29 612.942 997.668 12047.105 -3.48187
508.46 215.954 633.687 12112.856 -3.63906
509.63 1574.454 1972.687 13488.356 -3.45819
510.8 1494.485 1968.735 13609.483 -4.07406
511.97 817.519 1234.79 13305.027 -3.45702
513.14 481.743 834.858 12912.385 -2.92373
514.31 1103.907 1533.614 13660.062 -3.54355
515.48 750.253 1162.874 13197.927 -3.42849
516.65 670.999 1094.758 13095.943 -3.53098
517.81 561.372 999.559 13167.518 -3.60116
518.98 976.544 1274.828 13791.529 -2.38309
520.15 381.683 784.265 13329.339 -3.20908
521.32 909.989 1327.242 14291.4 -3.21851
522.49 1915.257 2226.88 15044.844 -2.43114
523.65 1471.841 1927.011 15039.391 -3.4713
524.82 870.007 1242.271 14595.277 -2.78786
525.99 185.249 657.367 14265.51 -3.46938
527.16 965.114 1331.156 15329.251 -2.61494
528.32 1009.944 1364.171 15375.314 -2.52819
529.49 774.981 1067.729 15271.566 -2.06105
530.66 250.046 608.05 15059.871 -2.47722
531.82 426.075 842.376 15255.156 -2.88842
532.99 532.39 946.588 16052.395 -2.74198
534.16 672.401 1044.104 16379.937 -2.42376
535.32 1125.317 1503.473 16681.889 -2.49141
536.49 459.313 851.966 16728.973 -2.4731
537.65 1352.515 1647.283 17814.111 -1.82329
538.82 494.366 822.55 17439.893 -1.97495
539.99 923.421 1215.136 18256.521 -1.7118
541.15 1038.114 1388.937 18845.617 -2.00968
542.32 318.772 778.402 18709.303 -2.56335
543.48 1066.169 1470.742 19664.379 -2.22371
544.65 1196.593 1604.124 20111.666 -2.20197
545.81 1842.88 2196.072 22201.352 -1.76549
546.98 675.198 1139.287 21878.299 -2.23776
548.14 1018.88 1557.572 22616.352 -2.55804
549.31 481.833 925.499 22535.057 -2.0531
550.47 681.792 1109.934 23259.889 -1.93293
551.63 1224.872 1734.559 24572.518 -2.23176
552.8 671.501 1054.761 24695.152 -1.62121
553.96 585.845 1027.018 24477.809 -1.88127
555.13 653.288 1095.928 25045.971 -1.84818
556.29 1250.71 1701.806 26438.049 -1.82363
557.45 450.073 907.373 26256.947 -1.80398
558.62 790.278 1256.912 26532.428 -1.84619
559.78 1057.698 1430.287 27305.299 -1.43996
560.94 666.27 1132.399 27893.594 -1.74181
562.11 568.708 1057.303 28391.84 -1.78746
563.27 258.774 773.906 28327.512 -1.86956
564.43 133.819 651.976 28605.598 -1.85363
565.59 342.563 835.576 29441.039 -1.72349
566.76 609.507 1039.771 29812.277 -1.4954
567.92 783.056 1234.566 30447.914 -1.54556
569.08 1004.735 1472.845 31358.551 -1.56633
570.24 603.036 1024.316 31587.695 -1.37838
571.4 379.837 818.505 31947.475 -1.40919
572.57 595.561 981.073 32060.33 -1.24042
573.73 211.745 706.861 33351.594 -1.51668
574.89 526.645 1065.204 33134.379 -1.67937
576.05 745.458 1225.694 34211.773 -1.45587
577.21 355.925 810.143 33633.438 -1.38383
578.37 170.286 598.925 34152.262 -1.27749
579.53 461.675 797.752 35345.504 -0.97279
580.69 873.239 1322.351 36328.469 -1.28295
581.85 584.306 1113.457 35875.848 -1.52219
583.01 679.829 1096.992 36358.641 -1.18305
584.17 743.858 1176.037 36684.059 -1.21713
585.33 778.749 1333.367 37089.012 -1.55113
586.49 522.397 1088.598 37534.02 -1.55356
587.65 821.388 1356.585 37827.188 -1.46747
588.81 730.747 1359.364 38187.801 -1.70688
589.97 1215.298 1749.444 38298.512 -1.46145
591.13 664.038 1203.819 38559.902 -1.44496
592.29 639.216 1152.316 39193.176 -1.34881
593.45 432.204 975.797 38263.922 -1.45782
594.61 372.019 974.29 38652.027 -1.59848
595.77 334.282 919.418 38933.344 -1.53927
596.93 242.497 858.755 38457.734 -1.63903
598.09 646.903 1262.607 39183.645 -1.62365
599.24 398.72 1005.822 39146.09 -1.59176
600.4 576.897 1180.098 39324.02 -1.58138
601.56 402.323 1077.983 39772.016 -1.74616
602.72 575.692 1283.778 39916.172 -1.83288
603.87 640.931 1379.871 39325.695 -1.94735
605.03 350.192 1062.278 39978.172 -1.82981
606.19 382.251 1013.37 40235.719 -1.60908
607.35 228.716 868.316 38412.676 -1.70358
608.5 855.784 1451.922 41656.555 -1.48276
609.66 1252.171 1915.246 39878.09 -1.74664
610.82 365.376 987.066 39827.434 -1.60063
611.97 297.21 999.306 39393.051 -1.82867
613.13 840.112 1501.153 38826.543 -1.77102
614.29 705.763 1428.89 39653.969 -1.89176
615.44 965.737 1609.848 39877.758 -1.68316
616.6 350.177 981.755 38666.715 -1.67594
617.76 941.259 1553.883 39462.051 -1.61607
618.91 926.577 1572.098 39633.0 -1.69602
620.07 953.731 1584.338 40462.633 -1.622
621.22 181.72 872.822 39094.09 -1.80816
622.38 1313.71 2023.306 40242.551 -1.85665
623.53 262.837 887.505 39150.973 -1.63254
624.69 312.179 996.258 39424.422 -1.78015
625.84 312.235 995.345 39245.551 -1.7859
627.0 694.571 1398.87 39587.738 -1.84425
628.15 256.7 818.79 38811.508 -1.47947
629.31 585.448 1199.678 39537.73 -1.60214
630.46 113.778 794.412 38478.93 -1.80614
631.61 642.181 1195.262 39394.129 -1.4479
632.77 475.44 1133.165 39081.898 -1.73319
633.92 676.329 1348.492 38807.641 -1.79439
635.08 1230.005 1863.267 39023.07 -1.70416
636.23 551.27 1158.399 39014.094 -1.6038
637.38 97.265 745.393 39444.176 -1.6748
638.54 895.899 1562.101 40090.227 -1.72913
639.69 1170.067 1854.582 40522.957 -1.77022
640.84 698.316 1302.472 40425.492 -1.54425
641.99 295.812 870.466 39348.039 -1.49348
643.15 1146.308 1707.96 40674.59 -1.44137
644.3 368.804 913.454 40219.141 -1.38568
645.45 78.3 757.448 39276.691 -1.76314
646.6 1042.297 1723.942 39482.242 -1.80528
647.75 386.793 988.935 40235.793 -1.53424
648.91 14.789 675.929 38627.344 -1.74207
650.06 421.285 1011.423 40480.895 -1.49518
651.21 600.281 1356.917 40454.445 -1.93525
652.36 607.277 1226.911 41564.496 -1.53612
653.51 304.273 895.405 40485.047 -1.49315
654.66 447.77 1117.899 40683.098 -1.69374
655.81 836.266 1402.893 41599.648 -1.40964
656.96 264.262 696.387 41494.699 -1.05917
658.11 599.758 1111.381 41527.25 -1.2659
659.27 690.254 1338.875 41410.801 -1.61864
660.42 242.25 827.369 42195.348 -1.41442
661.57 620.746 1244.363 42177.898 -1.52349
662.72 9.742 684.857 41365.949 -1.65953
663.87 55.739 677.851 41650.0 -1.51838
665.01 480.735 1122.345 42599.551 -1.5469
666.16 201.731 884.839 42831.602 -1.62851
667.31 269.727 932.333 44152.152 -1.53311
668.46 1045.723 1611.827 44582.203 -1.31743
669.61 378.219 1002.821 45205.754 -1.41303
670.76 230.215 885.815 44848.305 -1.49127
671.91 951.711 1674.808 45945.855 -1.63334
673.06 745.708 1348.302 46260.406 -1.34172
674.21 23.204 722.296 45359.957 -1.56615
675.35 473.7 1151.29 44976.508 -1.54612
676.5 359.196 1092.784 46855.059 -1.60304
677.65 232.192 897.778 45309.109 -1.49869
678.8 48.688 684.772 46746.656 -1.38093
679.94 259.184 917.766 46943.707 -1.43089
681.09 600.681 1256.76 49671.758 -1.35512
682.24 612.677 1347.754 49220.809 -1.53547
683.39 145.673 861.248 50009.859 -1.45594
684.53 738.669 1380.742 51695.41 -1.27612
685.68 480.665 1154.736 53279.461 -1.29319
686.83 530.661 1227.73 51274.012 -1.39285
687.97 487.157 878.724 51072.063 -0.78012
689.12 364.153 923.218 52493.113 -1.08409
690.27 305.65 786.712 52814.664 -0.92462
691.41 727.646 1340.706 52109.215 -1.20756
692.56 543.642 1192.2 53431.266 -1.24152
693.7 608.638 1125.194 52275.316 -1.00988
694.85 149.134 726.688 53831.367 -1.08758
695.99 606.13 1215.182 53286.918 -1.16964
697.14 471.626 1093.676 55459.965 -1.14418
698.28 589.122 1249.169 53895.516 -1.25374
699.43 546.619 1183.163 53765.066 -1.21058
700.57 129.615 698.157 54502.617 -1.05668
701.72 150.111 829.151 53611.168 -1.2865
702.86 -77.393 624.145 54756.219 -1.29598
704.01 234.603 849.139 55011.77 -1.13461
705.15 592.599 1351.633 57276.82 -1.35723
706.29 289.095 979.627 53834.371 -1.30647
707.44 353.592 1117.621 57186.422 -1.36266
708.58 58.088 759.115 56656.973 -1.25412
709.72 897.584 1652.609 56387.023 -1.37943
710.87 -84.42 633.603 56811.574 -1.27812
712.01 164.576 876.097 56930.625 -1.26934
713.15 479.072 1090.591 57445.676 -1.08512
714.3 530.068 1242.085 58236.223 -1.24928
715.44 184.564 913.579 59205.773 -1.25062
716.58 423.061 1166.573 58115.824 -1.30557
717.72 252.057 704.567 57891.375 -0.79128
718.87 378.553 927.061 57335.426 -0.97239
720.01 341.049 834.555 59235.477 -0.84503
721.15 108.045 570.549 57304.527 -0.81521
722.29 488.541 1169.042 57845.078 -1.20069
723.43 729.537 1287.036 58928.129 -0.96719
724.57 653.034 1055.53 57864.68 -0.70851
725.72 445.53 882.024 58990.73 -0.75117
726.86 939.526 1464.518 57626.281 -0.93479
728.0 295.522 826.512 59164.332 -0.9102
729.14 254.518 758.506 59548.883 -0.85726
730.28 770.014 1266.0 59959.934 -0.84504
731.42 176.01 612.994 59466.984 -0.74249
732.56 1016.506 1535.988 61504.031 -0.86626
733.7 488.003 1135.982 59727.082 -1.10593
734.84 -12.001 601.476 59133.133 -1.04811
735.98 433.495 972.47 60925.184 -0.899
737.12 156.991 664.464 59174.234 -0.86733
738.26 143.987 786.458 58674.785 -1.10985
739.4 401.983 1009.952 60203.336 -1.02709
740.53 559.479 1234.946 59079.387 -1.16773
741.67 518.475 1050.44 59032.938 -0.91746
742.81 -13.528 540.934 59024.488 -0.94806
743.95 409.468 995.928 59168.539 -1.00814
745.09 146.464 740.422 59995.09 -1.00238
746.23 561.46 1222.416 59953.141 -1.1254
747.36 619.456 1279.409 61276.191 -1.09998
748.5 192.952 794.903 61611.742 -0.98978
749.64 212.448 839.397 58732.793 -1.08294
750.78 198.445 758.391 59515.84 -0.95298
751.92 241.441 890.885 60904.891 -1.08216
753.05 342.937 921.379 59285.941 -0.99109
754.19 818.433 1394.873 58359.992 -1.01192
755.33 -25.071 583.867 59226.043 -1.0384
756.46 387.925 1001.861 58310.594 -1.07128
757.6 115.421 692.855 57365.645 -1.01889
758.74 730.417 1356.349 58071.195 -1.10365
759.87 454.414 778.843 57201.746 -0.575
761.01 358.41 486.837 56824.297 -0.22796
762.14 357.406 566.831 57044.848 -0.37081
763.28 658.402 799.325 57173.898 -0.24998
764.41 446.898 626.819 57182.949 -0.31813
765.55 20.894 203.813 56357.5 -0.32575
766.69 509.89 808.307 56586.051 -0.53501
767.82 513.886 893.301 56138.602 -0.68678
768.95 121.383 586.295 54162.148 -0.86776
770.09 903.379 1378.288 56006.699 -0.86935
771.22 894.375 1400.782 54892.75 -0.9467
772.36 727.371 1263.776 54256.301 -1.01223
773.49 774.867 1225.77 54383.852 -0.84823
774.63 362.363 851.264 52321.402 -0.94987
775.76 348.359 751.258 54885.953 -0.74425
776.89 617.856 1144.252 53674.004 -1.00209
778.03 525.852 972.246 52336.555 -0.86908
779.16 211.348 617.74 52877.105 -0.77764
780.29 523.844 947.234 51847.656 -0.8318
781.43 768.34 1312.728 51423.707 -1.08636
782.56 472.336 930.222 50899.258 -0.91634
783.69 210.832 607.716 49748.309 -0.80765
784.82 449.828 785.21 49614.859 -0.68684
785.96 294.325 712.204 49471.906 -0.85702
787.09 352.321 770.698 49026.457 -0.867
788.22 567.317 916.692 50007.508 -0.71169
789.35 224.813 579.186 48530.559 -0.73903
790.48 333.809 714.18 47772.109 -0.8083
791.62 699.805 1073.174 48850.16 -0.78148
792.75 124.301 489.668 47627.211 -0.77511
793.88 905.797 1236.661 47463.762 -0.71574
795.01 543.794 876.155 47340.313 -0.71531
796.14 603.79 907.649 46555.363 -0.66566
797.27 713.286 968.643 46124.914 -0.5655
798.4 344.782 760.637 46249.465 -0.91419
799.53 171.278 523.631 45430.516 -0.78463
800.66 460.274 754.625 46188.066 -0.64787
801.79 1594.27 1929.619 45467.117 -0.77025
802.92 364.767 635.113 44036.668 -0.6229
804.05 636.263 860.607 43972.215 -0.52038
805.18 418.259 673.101 43939.266 -0.58901
806.31 362.755 668.595 44797.316 -0.69306
807.44 100.251 407.589 44292.867 -0.70032
808.57 554.247 828.583 44442.918 -0.629
809.69 544.743 835.577 43361.969 -0.68389
810.82 -48.761 268.071 41910.02 -0.76085
811.95 1285.736 1536.065 41944.07 -0.6195
813.08 301.732 473.559 41414.121 -0.4197
814.21 1278.728 1475.053 42449.672 -0.47914
815.33 462.724 639.547 40711.223 -0.44127
816.46 459.72 636.541 40607.773 -0.44237
817.59 951.716 1161.535 40373.324 -0.53509
818.72 637.212 833.529 40714.875 -0.49225
819.84 1108.208 1317.022 40060.926 -0.53896
820.97 702.705 903.016 39603.477 -0.5176
822.1 842.701 1023.01 38340.023 -0.48318
823.22 129.197 325.504 36958.574 -0.53587
824.35 160.693 403.998 37744.125 -0.65159
825.48 724.189 1032.992 35852.676 -0.88686
826.6 435.685 643.986 35570.727 -0.59639
827.73 1.681 224.48 35839.777 -0.62557
828.85 403.178 622.974 33744.328 -0.66361
829.98 781.174 1010.468 34808.879 -0.67842
831.11 201.17 391.462 35855.93 -0.53657
832.23 171.166 346.956 35085.48 -0.50604
833.36 793.162 941.45 34406.031 -0.44312
834.48 472.158 594.944 33802.582 -0.36975
835.6 656.154 857.438 34297.633 -0.60192
836.73 136.65 307.432 33055.184 -0.52151
837.85 732.147 882.926 34044.734 -0.45468
838.98 -25.357 228.92 32408.783 -0.79017
840.1 539.139 732.414 32830.832 -0.60213
841.23 562.135 753.908 33475.883 -0.58607
842.35 937.131 1165.401 33288.434 -0.71061
843.47 414.627 605.895 31556.984 -0.61797
844.6 181.623 315.389 31638.035 -0.42706
845.72 296.12 495.383 31882.586 -0.63486
846.84 292.616 469.377 31296.137 -0.5734
847.96 258.112 464.371 31899.188 -0.65615
849.09 208.108 390.865 31533.738 -0.58684
850.21 372.604 579.859 30625.289 -0.68981
851.33 560.6 758.353 30542.34 -0.66396
852.45 197.096 340.347 31219.389 -0.46391
853.57 466.092 623.841 30644.939 -0.52546
854.7 304.589 379.335 29228.99 -0.25909
855.82 215.585 343.829 29296.541 -0.44294
856.94 663.081 853.823 29967.092 -0.65517
858.06 69.077 177.817 28879.643 -0.37886
859.18 632.073 762.311 29481.693 -0.45348
860.3 408.069 546.305 28860.744 -0.48822
861.42 -18.435 116.799 28400.293 -0.47814
862.54 39.061 215.793 28931.844 -0.61544
863.66 174.558 289.287 29698.395 -0.39011
864.78 309.554 524.781 27900.445 -0.7862
865.9 503.05 640.775 27936.496 -0.50457
867.02 1571.546 1717.268 30186.547 -0.51186
868.14 1019.542 1258.262 29551.598 -0.84373
869.26 733.538 838.256 28394.148 -0.38002
870.38 20.034 153.75 27413.697 -0.49052
871.5 18.031 173.244 27025.248 -0.57803
872.62 86.527 293.738 26275.799 -0.79752
873.74 861.023 969.232 26843.35 -0.41821
874.85 142.021 343.229 27284.625 -0.74684
875.97 389.521 580.729 26137.625 -0.74817
877.09 638.021 688.229 26464.125 -0.19479
878.21 412.521 503.729 25988.125 -0.3579
879.33 453.021 660.729 26136.125 -0.81533
880.44 404.521 575.229 24863.625 -0.70284
881.56 296.021 427.729 25675.625 -0.52166
882.68 424.521 580.229 26322.125 -0.60488
883.79 1113.521 1213.229 25927.625 -0.40344
884.91 0.021 221.229 24993.125 -0.89298
886.03 689.521 674.729 25612.125 0.05932
887.14 854.021 931.229 24933.625 -0.32167
888.26 919.521 1007.729 24240.125 -0.37968
889.38 719.021 845.729 25052.625 -0.52344
890.49 1.021 136.729 25526.125 -0.53451
891.61 440.021 593.729 25815.625 -0.60942
892.72 90.021 263.229 25648.625 -0.68231
893.84 42.521 113.229 25860.125 -0.27463
894.95 71.521 175.229 26487.625 -0.39414
896.07 313.521 370.729 26107.125 -0.22229
897.18 525.021 593.229 26594.125 -0.26233
898.3 60.021 161.229 25740.125 -0.39567
899.41 697.021 793.729 25713.125 -0.38808
900.53 472.021 558.729 25628.125 -0.34587
901.64 660.021 651.729 25970.625 0.03275
902.75 422.521 457.229 26757.625 -0.13197
903.87 187.521 289.729 25484.625 -0.40567
904.98 531.521 658.729 24654.625 -0.53013
906.09 417.521 401.729 24634.625 0.06517
907.21 524.521 637.229 23786.125 -0.48688
908.32 372.021 340.729 23721.125 0.13384
909.43 793.021 800.229 24497.625 -0.03042
910.54 445.021 539.229 24454.125 -0.39393
911.66 1322.521 1471.729 24663.125 -0.64338
912.77 165.521 286.229 22537.125 -0.54249
913.88 425.521 472.729 23485.625 -0.20514
914.99 270.021 275.229 22674.625 -0.02325
916.1 472.521 517.729 22313.625 -0.20742
917.22 150.021 238.229 21503.125 -0.41481
918.33 796.521 849.229 22336.125 -0.2453
919.44 338.521 479.229 23368.125 -0.61474
920.55 937.521 980.229 22042.625 -0.20277
921.66 557.521 674.729 21028.125 -0.57587
922.77 644.521 655.729 21377.625 -0.05409
923.88 787.521 898.729 21208.125 -0.54757
924.99 502.021 604.229 20226.125 -0.52089
926.1 91.021 110.229 19644.625 -0.09833
927.21 840.521 955.229 20969.625 -0.57313
928.32 6.521 60.729 18987.625 -0.28641
929.43 389.521 464.729 17910.125 -0.43111
930.54 307.021 316.229 17962.125 -0.05218
931.65 448.021 384.229 18848.625 0.34548
932.76 524.521 547.729 18294.625 -0.13077
933.86 476.521 427.229 16937.125 0.29856
934.97 229.521 283.729 15978.125 -0.3454
936.08 275.521 262.729 15670.125 0.08302
937.19 924.521 837.729 15335.625 0.59865
938.3 646.521 635.229 13961.625 0.08473
939.4 809.521 851.229 13430.625 -0.33156
940.51 399.021 413.229 11857.625 -0.12415
941.62 587.521 578.229 11275.625 0.08686
942.73 1347.521 1341.729 11535.625 0.05682
943.83 466.021 498.229 10521.625 -0.32133
944.94 531.521 468.729 10586.625 0.6206
946.05 41.021 -8.771 9940.125 0.50047
947.15 69.021 95.229 10235.625 -0.25845
948.26 362.021 401.229 10564.625 -0.38578
949.36 191.521 214.229 10854.125 -0.21343
950.47 493.521 474.229 12382.125 0.16201
951.57 944.021 1038.229 12525.625 -0.8201
952.68 714.521 710.229 12094.625 0.0377
953.79 622.521 668.229 12134.625 -0.39863
954.89 289.521 335.729 11492.625 -0.41417
955.99 609.521 626.229 12270.125 -0.14349
957.1 319.021 366.729 12352.625 -0.39804
958.2 483.521 417.729 12489.125 0.54502
959.31 692.521 650.229 13240.625 0.3359
960.41 290.021 240.729 12570.625 0.39977
961.52 168.021 157.229 12546.625 0.0871
962.62 689.021 591.229 13187.625 0.77635
963.72 121.021 115.229 13626.625 0.04287
964.83 57.521 37.229 12657.125 0.16079
965.93 518.021 561.729 12517.125 -0.3656
967.03 826.021 847.229 12935.125 -0.17545
968.13 642.021 667.729 13069.125 -0.2073
969.24 220.021 262.229 12850.125 -0.33531
970.34 306.521 359.229 11852.625 -0.4586
971.44 348.021 443.729 12252.125 -0.81051
972.54 533.521 525.229 12481.125 0.06935
973.64 288.521 240.729 12050.125 0.40469
974.75 1291.521 1283.729 12918.625 0.06697
975.85 3557.021 3546.729 15501.125 0.08609
976.95 305.021 311.729 12315.625 -0.05588
978.05 663.021 634.729 12609.625 0.23626
979.15 1112.521 1091.229 12670.125 0.18388
980.25 177.021 229.729 11239.625 -0.47874
981.35 337.521 291.229 11579.125 0.4101
982.45 1057.021 1123.729 12052.625 -0.61038
983.55 687.021 772.729 11245.625 -0.81838
984.65 602.021 583.729 11410.125 0.16895
985.75 771.521 826.229 10988.625 -0.53834
986.85 585.521 594.729 11181.125 -0.08698
987.95 296.021 310.229 10922.125 -0.13389
989.05 949.521 951.729 11134.625 -0.02169
990.15 732.021 770.229 10673.625 -0.38581
991.25 566.021 548.729 10309.625 0.17715
992.34 912.521 974.229 10804.125 -0.62776
993.44 547.021 597.229 9851.125 -0.54256
994.54 390.521 486.729 9829.625 -1.02975
995.64 889.021 909.729 10093.125 -0.2255
996.74 985.521 1008.729 10399.125 -0.24715
997.83 181.021 180.229 8810.625 0.00917
998.93 483.521 469.729 8526.625 0.17118
1000.03 1380.521 1488.229 10064.125 -1.25594
1001.12 993.521 950.729 9133.625 0.52294
1002.22 996.521 1006.729 9446.125 -0.12096
1003.32 373.521 398.229 8497.125 -0.30508
1004.41 649.021 633.729 8140.125 0.20371
1005.51 512.521 569.229 7961.625 -0.76712
1006.6 306.521 331.229 7491.625 -0.34507
1007.7 771.021 786.729 7732.125 -0.22617
1008.8 143.521 167.229 6967.125 -0.34866
1009.89 727.521 720.229 7386.125 0.10939
1010.99 514.521 591.729 7048.625 -1.19575
1012.08 129.021 186.229 7296.125 -0.80463
1013.18 514.021 486.229 8030.125 0.3684
1014.27 325.521 395.229 8184.625 -0.89491
1015.36 491.021 476.229 8311.625 0.18878
1016.46 543.021 544.229 8542.625 -0.01511
1017.55 234.021 292.729 7864.625 -0.77535
1018.65 580.521 581.729 8065.125 -0.01615
1019.74 773.521 772.229 7645.125 0.01879
1020.83 560.521 618.229 7416.125 -0.84892
1021.93 490.521 498.229 7189.125 -0.11521
1023.02 178.521 175.729 6664.625 0.04302
1024.11 172.021 203.229 6349.125 -0.50779
1025.2 103.521 175.229 5929.125 -1.24626
1026.3 580.021 654.729 6321.625 -1.31833
1027.39 776.021 817.729 6383.125 -0.74942
1028.48 565.521 642.729 5979.625 -1.44669
1029.57 465.021 436.229 5648.625 0.55237
1030.66 609.021 572.729 5449.625 0.74415
1031.75 1755.021 1766.729 6494.125 -0.24767
1032.84 760.021 792.729 5607.625 -0.67932
1033.94 255.021 238.729 4971.625 0.34422
1035.03 852.521 896.729 5472.625 -0.96611
1036.12 200.521 162.729 4471.125 0.87716
1037.21 209.521 235.729 4562.125 -0.60578
1038.3 688.021 662.229 4776.125 0.62694
1039.39 255.021 244.729 4211.625 0.25944
1040.48 616.021 631.729 4306.625 -0.42745
1041.57 686.521 702.229 4288.125 -0.43806
1042.66 565.521 562.229 4219.625 0.09
1043.74 640.521 663.729 4464.625 -0.6106
1044.83 655.521 699.229 4136.625 -1.27155
1045.92 150.021 210.229 3480.125 -1.84129
1047.01 678.021 782.229 3992.625 -3.24597
1048.1 205.521 187.729 3207.125 0.58925
1049.19 598.021 545.729 3552.125 1.73935
1050.27 493.521 426.729 3331.125 2.29968
1051.36 533.021 469.229 3256.125 2.28899
1052.45 709.021 680.229 3290.625 1.10296
1053.54 518.021 567.229 3351.125 -1.76761
1054.62 684.021 690.729 3322.625 -0.25489
1055.71 661.521 601.729 3071.625 2.42082
1056.8 834.021 860.229 3193.125 -1.12343
1057.88 431.021 435.729 2865.125 -0.19381
1058.97 652.521 495.729 2820.625 6.74403
1060.06 1079.521 1025.729 3225.625 2.4452
1061.14 536.521 500.729 2643.625 1.67025
1062.23 1835.521 1947.229 3872.625 -5.80183
1063.31 664.521 681.729 2741.625 -0.8354
1064.4 390.521 387.729 2366.625 0.14107
1065.48 623.521 598.729 2542.125 1.27569
1066.57 461.521 486.229 2459.125 -1.25239
1067.65 681.521 701.729 2547.125 -1.09507
1068.74 505.021 490.729 2200.625 0.83582
1069.82 611.521 663.729 2190.625 -3.41925
1070.9 2501.521 2472.229 4081.125 1.8206
1071.99 687.021 714.229 2298.625 -1.71727
1073.07 671.021 699.229 2170.125 -1.91777
1074.15 742.521 661.229 2277.625 5.02919
1075.24 671.521 662.229 2013.125 0.68781
1076.32 784.021 703.229 2156.625 5.55882
1077.4 1148.521 1180.229 2652.125 -2.15425
1078.49 354.021 362.229 1689.625 -0.61838
1079.57 785.521 787.229 2097.125 -0.13042
1080.65 993.021 1155.729 2278.125 -14.49652
1081.73 552.021 596.729 1754.625 -3.86117
1082.81 371.021 379.729 1603.125 -0.71181
1083.89 672.521 705.229 1898.625 -2.74078
1084.98 698.521 714.729 1901.625 -1.36561
1086.06 382.021 348.229 1418.125 3.15841
1087.14 410.021 399.729 1524.125 0.91531
1088.22 574.021 636.729 1734.125 -5.71429
1089.3 369.021 339.229 1342.625 2.96909
1090.38 1304.021 1283.229 2283.625 2.07835
1091.46 777.021 821.729 1708.625 -5.041
1092.54 488.521 461.729 1484.625 2.6192
1093.62 542.021 540.229 1456.625 0.19551
1094.7 355.021 390.229 1254.125 -4.07553
1095.78 581.021 571.229 1413.125 1.16304
1096.86 734.521 751.229 1541.625 -2.11392
1097.93 1455.021 1432.729 2117.625 3.25476
1099.01 957.521 948.729 1681.625 1.19957
1100.09 514.021 412.729 1219.625 12.55325
