196.55 764.233 586.267 768.672 97.56633
197.76 1056.555 838.596 1083.103 89.14218
198.96 936.047 775.589 917.878 112.76931
200.16 661.595 485.634 622.73 128.34895
201.36 1086.833 902.884 1116.794 85.99348
202.56 707.422 615.969 767.31 60.42806
203.76 613.543 536.085 714.765 43.35011
204.96 732.665 614.201 695.22 146.2177
206.16 554.703 415.738 536.809 114.77994
207.36 902.63 705.169 870.243 119.61948
208.56 786.068 602.609 809.479 88.68352
209.76 524.142 448.68 525.581 98.1285
210.96 708.58 557.12 679.816 123.44293
212.16 1415.252 1182.785 1383.698 115.70515
213.36 887.62 679.658 846.943 124.31586
214.56 700.745 582.779 664.01 145.22219
215.76 1256.543 1010.085 1226.765 113.74288
216.96 1081.014 877.557 1040.939 124.52848
218.16 781.988 633.532 752.688 124.58935
219.35 587.192 465.728 574.508 111.66015
220.55 668.2 625.736 743.234 36.14074
221.75 602.789 519.32 607.75 94.39007
222.95 1015.183 846.719 1039.245 87.50178
224.15 816.764 662.796 801.036 111.37704
225.35 647.243 461.776 658.435 94.30856
226.55 608.69 534.725 602.933 108.43961
227.75 1005.683 804.719 946.745 141.49766
228.94 814.642 668.68 844.581 82.97956
230.14 774.108 624.647 759.105 111.15794
231.34 623.576 542.117 650.704 75.01755
232.54 652.084 452.624 617.429 121.0278
233.74 570.017 460.06 587.014 86.61138
234.93 606.735 486.768 643.21 76.68436
236.13 742.593 553.133 714.692 117.27001
237.33 695.302 537.333 727.125 83.23267
238.53 664.208 523.243 648.459 112.5777
239.72 999.563 812.104 953.328 132.73839
240.92 513.132 415.67 456.781 237.06875
242.12 842.68 701.717 907.67 68.4444
243.31 571.614 447.153 559.793 110.49507
244.51 499.566 404.107 535.403 72.70467
245.71 915.679 722.715 908.133 104.06991
246.9 1144.066 958.107 1144.403 99.81863
248.1 685.548 558.59 692.415 94.86876
249.3 699.002 571.046 744.601 73.72658
250.49 706.495 532.039 653.413 143.73457
251.69 813.605 612.644 764.53 132.31065
252.89 683.436 575.983 714.223 77.72919
254.08 469.142 364.18 459.581 110.02161
255.28 701.535 574.077 721.54 86.43411
256.47 490.628 347.166 497.668 95.32184
257.67 808.29 592.822 790.787 108.84143
258.86 909.715 702.25 845.147 145.18496
260.06 670.994 551.538 667.876 102.68059
261.26 978.083 826.623 1029.892 74.5121
262.45 675.589 561.629 682.079 94.61183
263.65 477.937 367.984 447.761 137.82589
264.84 798.577 618.618 767.741 120.67817
266.04 622.936 459.983 600.223 116.19546
267.23 426.939 346.485 405.298 136.79466
268.42 488.597 395.637 552.305 59.33599
269.62 670.118 542.157 741.905 64.06123
270.81 697.654 504.691 657.419 126.344
272.01 631.087 547.127 622.504 111.38598
273.2 829.391 633.94 864.447 84.79199
274.4 483.01 379.553 487.326 95.99508
275.59 737.522 595.565 724.664 109.9595
276.78 652.647 497.185 666.732 91.69304
277.98 559.97 463.015 597.2 72.25509
279.17 615.641 474.179 571.044 146.04027
280.37 631.373 466.922 617.921 108.90843
281.56 438.034 309.576 429.502 107.11407
282.75 478.256 316.289 448.811 122.21892
283.95 599.948 454.494 605.061 96.60391
285.14 631.951 518.996 602.636 135.04792
286.33 531.478 383.523 523.925 105.37975
287.52 654.896 513.945 703.597 74.3212
288.72 819.859 601.409 856.045 85.78915
289.91 934.018 789.561 1028.552 60.44464
291.1 699.575 538.115 705.666 96.36439
292.29 686.612 519.651 668.218 112.38098
293.49 693.968 516.513 690.125 102.21364
294.68 487.007 441.051 519.751 58.39436
295.87 584.104 429.143 523.992 163.37574
297.06 689.521 530.063 727.127 80.91674
298.26 341.445 294.491 346.486 90.30484
299.45 577.614 467.153 589.793 90.06975
300.64 581.7 470.236 631.234 69.23355
301.83 656.576 514.617 641.704 111.7024
303.02 513.21 414.244 544.497 75.97967
304.21 792.262 601.795 766.999 115.29253
305.4 580.199 452.734 600.196 86.43911
306.59 720.128 497.166 690.168 115.52276
307.79 579.085 459.625 604.467 82.47643
308.98 464.608 329.147 444.105 117.83498
310.17 699.847 552.918 667.976 127.7003
311.36 630.727 470.283 632.29 99.03524
312.55 1000.25 855.304 1025.429 85.1997
313.74 466.013 298.556 469.901 97.73049
314.93 747.068 608.609 716.479 128.35804
316.12 507.591 420.131 576.617 55.8899
317.31 302.499 263.043 334.526 55.19692
318.5 414.513 321.056 486.901 56.35171
319.69 604.99 465.034 587.263 114.50335
320.88 507.65 418.188 511.807 95.56005
322.07 467.48 376.524 459.963 109.00912
323.26 496.694 368.729 476.546 118.68706
324.45 331.534 297.576 321.002 144.95691
325.64 568.472 455.017 554.237 114.34625
326.83 651.075 527.115 696.666 73.11044
328.01 514.042 403.084 601.227 55.99875
329.2 708.585 568.125 669.967 137.92047
330.39 489.521 416.564 536.127 61.01972
331.58 420.531 296.074 431.427 91.95001
332.77 878.096 654.136 888.267 95.65577
333.96 329.998 243.042 306.988 135.98304
335.15 436.552 291.594 411.528 120.86515
336.33 455.531 325.574 388.427 206.76273
337.52 527.034 405.076 558.502 79.48954
338.71 506.047 362.589 522.378 89.77985
339.9 496.353 335.903 472.358 117.58468
341.08 518.953 366.999 490.712 122.82845
342.27 651.056 489.598 665.641 91.71549
343.46 758.651 572.689 748.844 105.56731
344.65 668.651 522.689 681.844 91.7107
345.83 712.662 574.199 755.645 76.31098
347.02 391.165 298.201 375.22 120.70263
348.21 747.097 554.637 732.305 108.32599
349.4 457.562 287.603 429.791 119.53102
350.58 573.895 372.443 487.059 175.76238
351.77 403.017 342.56 433.514 66.46956
352.96 280.599 205.638 319.842 65.63725
354.14 470.538 329.58 482.615 92.1083
355.33 362.114 290.153 381.293 78.95705
356.51 311.415 205.462 326.123 87.81068
357.7 519.279 397.832 536.755 87.42034
358.89 380.461 309.007 382.437 97.30941
360.07 685.418 528.465 643.698 136.20482
361.26 736.612 573.173 742.023 96.79539
362.44 508.997 382.063 471.256 142.31346
363.63 395.408 234.476 382.203 108.9386
364.81 363.793 279.366 415.436 62.0464
366.0 248.323 151.896 247.3 101.07271
367.18 976.463 758.53 954.78 111.04866
368.37 355.635 267.694 382.162 76.82586
369.55 550.715 419.271 527.452 121.50382
370.74 676.218 510.274 603.027 178.9086
371.92 787.128 596.188 773.974 107.39894
373.11 391.033 305.097 400.27 90.29442
374.29 344.918 248.487 335.003 111.46001
375.48 405.594 306.155 391.998 115.83856
376.66 341.702 223.259 324.577 116.90255
377.84 656.635 524.694 715.662 69.09062
379.03 372.71 210.766 320.302 147.84551
380.21 266.073 159.635 311.897 69.90448
381.39 241.583 110.145 206.697 136.13173
382.58 604.709 419.765 573.765 120.09369
383.76 800.797 641.35 787.281 109.26246
384.94 804.252 637.807 793.004 107.24794
386.13 377.538 252.602 311.92 210.61921
387.31 471.131 303.19 493.049 88.45552
388.49 368.574 241.136 387.434 87.10835
389.68 491.173 377.231 506.251 88.31376
390.86 438.178 294.236 464.901 84.34215
392.04 654.268 540.822 663.954 92.13355
393.22 389.678 278.736 385.401 104.01024
394.41 353.079 240.641 380.585 80.3455
395.59 204.677 111.735 179.363 137.43044
396.77 400.262 281.316 426.767 81.7774
397.95 450.219 355.275 451.565 98.60254
399.13 587.258 422.812 560.654 119.3001
400.31 368.508 238.073 311.057 178.71736
401.5 528.118 356.678 513.674 109.2003
402.68 534.083 423.645 573.197 73.84604
403.86 321.171 248.728 308.676 120.84313
405.04 569.789 466.342 630.555 62.99573
406.22 473.11 192.17 315.448 227.8908
407.4 539.883 354.432 523.721 109.54685
408.58 676.616 449.676 646.136 115.51481
409.76 657.099 484.16 667.148 94.50857
410.94 485.178 325.236 443.901 134.7849
412.12 373.841 297.891 361.02 120.30976
413.3 348.226 220.781 341.253 105.78829
414.48 317.233 150.288 324.441 95.86114
415.66 393.295 260.347 334.205 180.00361
416.84 818.729 616.784 824.328 97.30214
418.02 477.145 323.204 470.462 104.53847
419.2 379.223 257.279 304.678 257.27335
420.38 441.68 332.237 430.938 110.88259
421.56 435.283 239.836 357.367 166.29306
422.74 736.114 539.174 733.561 101.31325
423.92 637.689 429.246 567.701 150.54891
425.1 416.233 253.788 404.941 107.47062
426.28 383.377 236.926 270.534 435.76242
427.46 922.875 661.424 846.996 140.88943
428.63 481.826 311.878 450.107 122.94721
429.81 496.365 384.414 476.696 121.31426
430.99 574.297 416.35 533.781 134.50268
432.17 792.821 590.372 790.956 100.92963
433.35 618.309 472.361 611.118 105.18224
434.52 245.904 122.452 168.322 269.13487
435.7 427.834 223.885 352.832 158.16536
436.88 2166.23 413.785 534.865 1447.3418
438.06 573.89 274.938 434.909 186.87877
439.23 391.734 208.289 372.478 111.72786
440.41 473.925 348.972 466.423 106.3878
441.59 626.174 431.232 583.788 127.78396
442.77 333.445 160.991 235.986 229.95428
443.94 661.75 415.804 584.929 145.42281
445.12 550.816 412.867 556.806 95.83822
446.3 761.735 503.29 725.016 116.56085
447.47 602.774 362.327 496.105 179.73602
448.65 630.746 381.8 540.316 157.04782
449.82 478.746 286.8 376.816 213.23561
451.0 479.771 266.824 398.029 162.3005
452.18 453.812 230.364 326.694 231.96132
453.35 459.751 286.805 430.466 120.38474
454.53 489.328 304.879 406.144 182.14404
455.7 376.78 159.333 306.792 147.46251
456.88 732.354 459.904 666.395 131.94275
458.05 539.789 316.342 440.555 179.89025
459.23 379.797 215.85 295.781 205.11192
460.4 494.251 315.805 455.966 127.31497
461.58 563.853 320.403 473.858 158.646
462.75 376.816 157.367 254.306 226.37827
463.93 586.764 275.318 407.842 235.01175
465.1 474.715 272.271 397.952 161.07769
466.28 302.416 127.964 231.16 169.04891
467.45 305.251 68.305 195.466 186.33546
468.63 518.284 253.337 400.905 179.54242
469.8 716.799 477.851 619.318 168.9069
470.97 442.288 172.341 320.518 182.17912
472.15 611.444 350.49 500.949 173.43901
473.32 645.916 355.464 551.66 148.04163
474.49 734.878 461.927 634.571 158.10025
475.67 485.906 232.453 429.36 128.7172
476.84 405.908 138.456 282.935 185.11521
478.01 611.821 294.372 542.956 127.70279
479.19 541.964 255.009 387.012 217.38522
480.36 414.386 204.934 275.796 295.5765
481.53 583.84 306.89 454.982 187.01177
482.7 505.427 233.974 416.461 148.75214
483.88 395.481 155.526 287.5 181.81939
485.05 453.854 215.404 362.895 161.67075
486.22 568.03 293.072 445.89 179.92578
487.39 389.101 123.141 307.917 143.93624
488.56 555.832 275.383 438.757 171.66052
489.74 759.453 409.499 662.712 138.20573
490.91 401.935 154.981 309.686 159.62905
492.08 448.332 227.383 382.757 142.20444
493.25 410.458 145.004 332.362 141.68323
494.42 483.482 222.027 447.038 116.19681
495.59 490.476 215.02 443.35 120.63936
496.76 527.787 226.84 479.48 119.1207
497.93 596.87 327.919 534.346 130.28882
499.1 569.973 291.518 534.775 114.46955
500.27 845.488 557.532 800.688 118.42426
501.44 933.391 570.94 809.947 151.64886
502.61 456.929 259.976 434.036 113.15286
503.78 628.039 329.581 568.652 124.84057
504.95 952.869 635.418 860.808 140.84487
506.12 627.544 361.586 568.303 128.65848
507.29 394.948 153.494 359.561 117.17232
508.46 236.44 29.986 158.336 160.85246
509.63 952.94 622.486 893.836 121.78146
510.8 972.92 614.467 863.773 143.7806
511.97 547.398 271.946 532.134 105.86625
513.14 340.576 133.617 307.704 118.88264
514.31 686.97 405.015 637.2 121.43586
515.48 487.569 304.61 515.516 86.74926
516.65 491.911 216.958 422.51 133.76334
517.81 370.493 145.037 393.338 90.79938
518.98 607.882 358.431 572.684 116.42829
520.15 329.614 114.153 338.793 95.91415
521.32 574.918 265.465 611.698 89.37705
522.49 1135.567 715.108 1119.441 103.98826
523.65 856.513 595.056 929.401 78.19959
524.82 586.406 315.453 562.36 109.73888
525.99 210.572 35.613 231.091 89.50315
527.16 610.659 344.196 596.07 105.79249
528.32 635.947 424.493 635.524 100.20035
529.49 464.423 215.97 486.848 91.72134
530.66 232.703 -2.262 298.809 78.04308
531.82 358.362 98.412 372.621 94.80014
532.99 437.981 188.026 454.5 93.80084
534.16 471.474 221.519 539.312 78.65341
535.32 690.529 465.071 756.852 77.26942
536.49 347.031 83.074 428.427 76.43112
537.65 768.9 546.948 890.71 64.56576
538.82 387.497 135.041 489.451 71.23278
539.99 562.961 302.507 686.437 67.83902
541.15 702.837 422.388 805.407 73.22066
542.32 303.558 103.599 359.678 78.0847
543.48 663.624 405.162 810.556 63.7557
544.65 860.673 595.209 1005.945 64.63118
545.81 1154.488 770.032 1313.688 70.71672
546.98 2180.605 297.644 734.03 431.49022
548.14 824.488 409.532 897.688 85.00473
549.31 490.018 142.061 624.552 72.11684
550.47 594.544 224.086 710.803 76.11376
551.63 855.993 516.537 1050.838 63.53269
552.8 479.91 193.957 671.472 59.88342
553.96 467.51 178.053 737.826 51.70966
555.13 533.047 207.589 728.878 62.43337
556.29 875.097 414.637 1054.805 71.92807
557.45 481.363 134.913 648.158 67.50194
558.62 621.554 271.095 898.065 55.89715
559.78 736.105 424.144 1025.53 51.87367
560.94 571.059 227.6 796.716 60.34957
562.11 512.099 170.138 768.842 57.11676
563.27 368.556 5.598 664.641 55.07359
564.43 308.027 5.07 618.814 49.36212
565.59 469.192 105.728 771.008 54.63326
566.76 514.906 136.453 852.36 52.86337
567.92 624.196 252.732 937.621 54.23717
569.08 769.581 382.622 1151.354 50.33737
570.24 584.387 126.436 879.334 60.82514
571.4 468.015 120.558 837.976 48.43158
572.57 529.194 183.729 940.046 45.67722
573.73 348.075 1.615 743.666 46.68944
574.89 595.639 171.177 1013.506 50.39149
576.05 680.937 283.484 1140.261 46.38937
577.21 481.458 69.004 899.362 49.6719
578.37 589.048 -36.91 854.915 70.18845
579.53 512.12 103.158 1022.943 44.46272
580.69 818.079 316.119 1329.279 49.54397
581.85 568.035 173.577 1103.54 42.41653
583.01 630.021 206.064 1086.627 48.14613
584.17 675.502 219.546 1238.601 44.74304
585.33 672.072 266.613 1331.091 38.08995
586.49 491.477 139.522 1183.887 33.70038
587.65 673.482 256.027 1349.538 38.1757
588.81 713.573 277.614 1332.129 41.34218
589.97 924.04 497.582 1637.69 37.40506
591.13 559.886 158.434 1333.797 34.15555
592.29 535.593 150.133 1279.192 34.13995
593.45 447.101 90.641 1234.417 31.16522
594.61 376.398 52.946 1253.134 26.95009
595.77 415.551 49.093 1193.49 32.02194
596.93 382.912 7.96 1203.547 31.36135
598.09 534.473 163.018 1366.275 30.8708
599.24 384.591 64.131 1247.117 27.08907
600.4 482.477 178.522 1366.887 25.57758
601.56 423.025 60.067 1342.739 28.29696
602.72 503.609 164.648 1479.643 25.7766
603.87 590.777 199.309 1563.412 28.69784
605.03 388.109 26.648 1332.143 27.68766
606.19 364.571 54.112 1338.054 24.18016
607.35 250.093 -0.367 1253.192 19.97993
608.5 601.05 304.091 1688.453 21.45093
609.66 760.622 476.661 1926.518 19.58547
610.82 312.99 53.034 1414.763 19.09013
611.97 309.597 38.637 1441.805 19.31062
613.13 608.161 316.698 1730.607 20.61398
614.29 534.563 237.104 1670.328 20.75452
615.44 612.58 285.12 1761.817 22.17515
616.6 316.618 35.657 1489.906 19.32003
617.76 572.065 286.607 1777.903 19.14166
618.91 578.183 306.219 1811.745 18.06438
620.07 607.584 295.624 1807.929 20.6281
621.22 188.091 2.131 1412.617 13.18411
622.38 813.097 532.637 2100.805 17.88459
623.53 229.015 -18.942 1490.976 16.42188
624.69 288.117 38.156 1575.368 16.26068
625.84 285.581 54.622 1616.354 14.78868
627.0 497.365 263.914 1744.696 15.76536
628.15 171.104 19.643 1494.492 10.26957
629.31 413.944 168.49 1755.949 15.46206
630.46 188.054 -25.405 1550.065 13.54887
631.61 411.116 172.655 1791.33 14.73186
632.77 369.449 155.495 1775.099 13.21027
633.92 432.021 258.564 1891.127 10.62483
635.08 750.907 418.455 2236.897 18.28225
636.23 352.059 122.6 1934.716 12.66248
637.38 124.562 -55.397 1630.291 10.67569
638.54 568.476 323.02 2128.85 13.59238
639.69 687.69 429.225 2313.433 13.7174
640.84 447.029 264.572 2039.865 10.27759
641.99 212.531 -6.926 1761.936 12.40671
643.15 638.534 389.576 2296.007 13.05884
644.3 216.536 62.079 1869.578 8.54539
645.45 109.039 -55.919 1795.649 8.90909
646.6 633.041 423.583 2353.719 10.85198
647.75 222.044 65.586 2022.291 7.996
648.91 67.546 -108.412 1833.861 9.05939
650.06 243.049 99.091 2060.932 7.33792
651.21 363.551 196.093 2175.003 8.46215
652.36 345.554 238.095 2187.074 5.51358
653.51 194.056 40.598 2089.645 7.48927
654.66 339.559 138.1 2177.716 9.87729
655.81 447.561 283.603 2439.287 7.60588
656.96 195.064 17.105 2087.858 8.59392
658.11 339.566 104.107 2314.429 10.65271
659.27 357.069 185.11 2427.5 7.66857
660.42 141.071 3.112 2209.071 6.25394
661.57 345.574 169.115 2405.141 7.89165
662.72 38.576 -122.883 2153.712 7.09215
663.87 48.579 -87.381 2257.783 5.79744
665.01 267.581 116.622 2469.854 6.41499
666.16 119.584 2.124 2247.425 5.23136
667.31 94.086 -2.874 2398.496 4.03769
668.46 542.089 373.629 2871.067 6.74531
669.61 143.591 33.631 2552.638 4.36522
670.76 85.594 -59.866 2539.709 5.59554
671.91 544.596 346.136 3029.78 7.39518
673.06 382.599 236.638 2886.851 5.5075
674.21 -9.399 -116.359 2562.421 3.99288
675.35 275.104 63.643 2785.492 7.76901
676.5 183.606 29.646 2840.063 5.47822
677.65 34.109 -33.352 2701.634 2.46659
678.8 58.111 -93.35 2671.205 5.47867
679.94 124.114 -28.847 2871.276 5.27429
681.09 284.116 174.655 3196.847 3.62191
682.24 372.119 171.658 3240.918 6.53126
683.39 101.121 -54.84 3017.489 5.07632
684.53 351.624 183.662 3467.06 5.11548
685.68 181.126 63.165 3365.131 3.57246
686.83 247.129 148.167 3406.701 3.037
687.97 302.631 67.169 3425.272 7.01175
689.12 211.634 76.672 3452.843 3.99748
690.27 147.136 -16.326 3349.914 4.85592
691.41 428.139 242.177 3636.985 5.47784
692.56 272.641 159.679 3636.056 3.24942
693.7 292.644 138.181 3702.627 4.33342
694.85 58.146 -22.316 3509.698 2.27809
695.99 285.649 128.186 3828.769 4.25507
697.14 175.651 107.689 3810.34 1.83551
698.28 220.154 141.191 3891.911 2.10527
699.43 246.156 164.693 3965.481 2.14331
700.57 -24.341 -98.304 3643.552 1.97664
701.72 -4.839 -56.802 3813.123 1.34274
702.86 -57.336 -110.799 3805.194 1.36525
704.01 90.166 -23.797 3932.765 2.88036
705.15 309.669 113.705 4117.336 4.89464
706.29 101.171 19.208 4025.407 2.04592
707.44 153.174 9.21 4220.978 3.41813
708.58 6.176 -124.788 4027.549 3.15398
709.72 431.679 310.215 4518.62 2.88622
710.87 -59.819 -151.283 3994.691 2.20609
712.01 29.184 -67.78 4179.762 2.28283
713.15 144.186 73.722 4450.833 1.60983
714.3 252.689 133.724 4645.403 2.63681
715.44 103.191 -40.273 4475.974 3.17663
716.58 189.694 92.229 4627.545 2.14901
717.72 88.196 -24.768 4609.116 2.43779
718.87 238.699 74.734 4693.687 3.54982
720.01 201.201 77.736 4801.758 2.61355
721.15 26.204 -84.261 4566.829 2.37503
722.29 303.206 118.741 4861.9 3.88907
723.43 381.209 240.744 4999.471 2.95174
724.57 272.711 140.746 4922.042 2.76003
725.72 204.214 42.248 4885.612 3.34407
726.86 512.216 287.251 5246.684 4.53611
728.0 165.719 39.753 4999.254 2.53988
729.14 71.721 -53.245 4936.825 2.50429
730.28 412.724 170.758 5301.896 4.71563
731.42 98.726 -6.74 5119.967 2.05718
732.56 508.229 340.263 5451.038 3.28651
733.7 299.731 96.765 5304.109 3.89769
734.84 -22.266 -145.733 4927.18 2.43383
735.98 164.236 29.77 5307.751 2.54768
737.12 68.239 -63.728 5248.322 2.48428
738.26 114.741 -51.225 5414.393 3.03655
739.4 223.744 40.277 5493.963 3.36408
740.53 303.246 132.779 5550.534 3.14644
741.67 210.749 61.782 5581.105 2.699
742.81 -4.249 -131.216 5216.176 2.37437
743.95 264.754 109.287 5740.247 2.76093
745.09 78.756 -66.211 5498.818 2.60497
746.23 305.259 150.791 5771.389 2.74823
747.36 379.761 203.294 5704.96 3.20752
748.5 75.263 -73.704 5494.531 2.67531
749.64 117.766 -12.701 5550.102 2.34536
750.78 88.268 -41.199 5446.672 2.35916
751.92 156.271 -13.197 5628.244 3.00398
753.05 214.273 -11.694 5773.314 3.90609
754.19 451.776 216.808 5930.385 4.11245
755.33 -65.222 -135.19 5626.456 1.21438
756.46 158.281 -5.187 5695.027 2.86775
757.6 62.783 -45.185 5691.598 1.88203
758.74 374.286 243.318 6091.669 2.23941
759.87 307.288 98.32 5714.74 3.72067
761.01 563.291 39.822 5755.311 9.15877
762.14 259.793 78.825 5923.882 3.0961
763.28 372.296 149.827 5920.953 3.85486
764.41 213.798 62.83 5892.023 2.58988
765.55 -17.699 -105.168 5514.094 1.55659
766.69 192.303 45.334 5813.666 2.54786
767.82 237.306 97.837 5814.236 2.43981
768.95 82.808 -42.161 5725.807 2.16661
770.09 552.311 356.341 6072.878 3.42811
771.22 433.813 286.344 6069.449 2.55001
772.36 353.316 173.346 6028.02 3.07395
773.49 418.818 210.849 5988.091 3.59981
774.63 187.821 43.851 5704.162 2.5435
775.76 166.823 12.853 5708.232 2.70342
776.89 330.326 115.856 5840.304 3.74656
778.03 300.828 116.358 5675.875 3.3181
779.16 74.831 -11.639 5606.445 1.53914
780.29 251.833 122.363 5777.016 2.28962
781.43 437.336 245.865 5937.587 3.36402
782.56 225.338 95.368 5750.158 2.29841
783.69 61.841 -49.13 5524.229 1.99109
784.82 242.343 40.873 5631.8 3.60353
785.96 167.846 16.375 5589.871 2.7177
787.09 176.848 62.877 5479.442 2.10412
788.22 256.351 135.88 5491.513 2.24943
789.35 114.853 -40.618 5369.083 2.87393
790.48 143.856 14.385 5529.654 2.34751
791.62 363.358 216.887 5595.226 2.72336
792.75 53.861 -39.611 5261.796 1.76315
793.88 474.863 314.392 5668.367 2.99724
795.01 269.366 124.394 5487.938 2.70291
796.14 349.868 159.896 5395.009 3.6288
797.27 363.871 164.899 5540.08 3.70168
798.4 216.873 58.901 5382.151 2.96759
799.53 20.376 -58.096 5138.722 1.51
800.66 225.878 69.906 5267.293 3.00097
801.79 905.881 675.408 5995.364 4.33222
802.92 184.383 11.911 5265.935 3.28267
804.05 256.386 132.913 5355.505 2.3642
805.18 238.888 21.916 5233.076 4.16361
806.31 172.891 31.918 5179.147 2.73881
807.44 57.893 -105.58 5001.218 3.20108
808.57 259.396 138.923 5353.789 2.31018
809.69 272.398 107.425 5235.86 3.21683
810.82 10.901 -145.572 4958.431 3.0657
811.95 908.403 430.43 5642.002 9.17138
813.08 227.406 9.432 5074.573 4.3034
814.21 661.408 516.435 5621.144 2.84
815.33 209.411 84.937 5129.215 2.46762
816.46 228.413 112.439 5007.786 2.36906
817.59 513.416 356.442 5340.856 3.14929
818.72 349.418 187.444 5154.927 3.26068
819.84 651.421 365.947 5347.998 5.73005
820.97 370.423 166.949 4990.569 4.21829
822.1 406.426 249.951 5080.14 3.23951
823.22 76.928 -14.046 4553.711 1.99166
824.35 117.931 -6.544 4675.282 2.65867
825.48 362.433 205.459 4782.853 3.42934
826.6 259.436 111.961 4606.924 3.28089
827.73 49.438 -102.537 4615.995 3.22081
828.85 215.941 64.466 4770.065 3.21903
829.98 444.443 298.968 4978.636 3.10866
831.11 199.946 -16.529 4532.208 4.75902
832.23 83.948 -21.027 4546.778 2.29815
833.36 356.951 225.475 4701.849 2.93709
834.48 206.953 48.978 4620.92 3.45532
835.6 338.456 131.48 4593.491 4.63862
836.73 50.458 -59.018 4406.562 2.45154
837.85 380.461 221.485 4680.133 3.56556
838.98 -22.037 -116.513 4341.204 2.11938
840.1 294.466 116.99 4599.775 3.95906
841.23 260.468 112.492 4545.846 3.33779
842.35 503.471 337.494 4817.417 3.70489
843.47 163.473 37.997 4430.487 2.85661
844.6 4.476 -79.001 4265.058 1.92162
845.72 94.478 17.002 4269.629 1.82185
846.84 142.481 27.004 4295.2 2.70551
847.96 93.983 -36.494 4381.771 2.95312
849.09 55.986 -36.991 4283.842 2.15183
850.21 157.488 41.011 4277.913 2.74911
851.33 247.991 170.514 4506.484 1.78684
852.45 60.993 -52.484 4312.055 2.59998
853.57 215.996 88.518 4352.625 2.98954
854.7 106.498 5.521 4229.196 2.39075
855.82 63.001 -46.477 4275.768 2.53288
856.94 312.503 142.025 4498.338 3.91334
858.06 -23.995 -123.972 4099.909 2.36696
859.18 277.508 147.03 4463.48 3.0228
860.3 195.01 46.033 4347.551 3.46338
861.42 -23.987 -131.965 4107.622 2.5469
862.54 -40.985 -92.963 4028.193 1.26125
863.66 41.018 -68.46 4109.764 2.62021
864.78 161.52 18.542 4205.335 3.41498
865.9 163.523 78.545 4268.906 2.02795
867.02 796.025 555.547 4889.477 5.54874
868.14 542.528 360.549 4533.047 4.36138
869.26 299.53 167.052 4349.618 3.1674
870.38 -19.467 -138.946 3931.689 2.93514
871.5 -29.465 -134.443 3907.26 2.59739
872.62 14.038 -48.941 4013.331 1.55034
873.74 369.04 266.561 4303.902 2.53828
874.85 30.542 -40.438 3988.438 1.76176
875.97 195.542 84.563 4042.438 2.80401
877.09 300.542 149.063 4215.938 3.72471
878.21 171.042 47.063 4143.438 3.02656
879.33 258.042 90.563 4103.438 4.17355
880.44 173.542 31.563 4055.438 3.52842
881.56 106.042 36.063 4105.438 1.71965
882.68 174.042 61.063 4051.438 2.83129
883.79 508.042 377.063 4368.438 3.28155
884.91 7.042 -103.438 3833.938 2.80591
886.03 271.542 156.563 4111.438 2.90728
887.14 396.042 261.563 4299.438 3.33044
888.26 445.542 286.063 4332.938 3.9408
889.38 393.042 232.063 4343.438 3.91546
890.49 6.042 -108.938 3932.438 2.84505
891.61 214.542 107.563 4254.438 2.57975
892.72 6.542 -82.438 4046.438 2.15505
893.84 53.542 -102.938 4078.438 3.74229
894.95 -28.958 -93.938 4244.938 1.4976
896.07 109.542 -7.438 4271.938 2.73356
897.18 261.042 104.563 4426.438 3.62063
898.3 8.042 -94.938 4268.938 2.35981
899.41 359.542 211.563 4609.938 3.36441
900.53 208.042 83.063 4485.938 2.83858
901.64 302.042 127.063 4506.938 3.99507
902.75 158.042 53.063 4401.938 2.41394
903.87 64.042 -8.438 4224.938 1.71209
904.98 270.542 127.063 4443.438 3.32407
906.09 148.542 53.563 4303.938 2.23461
907.21 305.542 164.063 4383.938 3.35269
908.32 132.042 5.063 4242.938 2.99629
909.43 362.542 256.063 4502.438 2.50753
910.54 164.042 69.063 4235.938 2.27939
911.66 730.542 509.063 4660.938 5.33444
912.77 41.042 -51.938 3945.938 2.32571
913.88 251.042 108.063 4083.938 3.59617
914.99 43.542 -28.938 4013.938 1.79276
916.1 188.542 97.063 4052.438 2.31278
917.22 38.042 -58.938 3750.938 2.54547
918.33 446.042 284.563 4103.938 4.22789
919.44 166.042 47.063 3874.438 3.10864
920.55 446.542 246.563 4168.438 5.09907
921.66 275.042 151.063 3955.938 3.25843
922.77 277.542 166.563 3962.938 2.92329
923.88 377.542 250.563 4038.938 3.35181
924.99 239.542 129.063 3725.438 3.07196
926.1 -16.458 -77.438 3510.938 1.69935
927.21 377.042 260.063 3858.938 3.25044
928.32 -70.458 -137.938 3311.938 1.95599
929.43 151.042 34.563 3589.438 3.2766
930.54 67.042 -29.938 3392.938 2.83327
931.65 142.042 35.063 3401.938 3.1774
932.76 269.042 108.563 3444.438 4.81071
933.86 177.542 35.063 3344.438 4.30532
934.97 48.042 -36.438 3040.938 2.74517
936.08 98.042 -2.438 2952.938 3.39988
937.19 390.042 203.563 3193.438 6.23702
938.3 210.542 157.563 2714.938 2.07162
939.4 370.542 294.563 2731.938 3.11725
940.51 168.042 38.563 2317.438 5.68171
941.62 236.542 164.563 2285.938 3.39304
942.73 616.042 519.063 2622.938 4.60955
943.83 199.042 105.563 2128.938 4.61996
944.94 195.042 124.063 2027.438 3.72912
946.05 -91.458 -146.938 1878.938 2.73853
947.15 -36.958 -137.938 1936.438 4.86793
948.26 102.542 13.563 2071.438 4.32384
949.36 40.042 -55.438 1995.438 4.65553
950.47 159.542 109.563 2192.938 2.39895
951.57 470.042 359.063 2558.938 5.04479
952.68 269.542 194.563 2415.438 3.37611
953.79 307.042 187.563 2443.438 5.29636
954.89 22.542 -16.438 2318.938 1.66908
955.99 248.042 133.563 2524.938 4.78717
957.1 82.542 -18.438 2454.938 4.08265
958.2 85.042 70.563 2571.438 0.57896
959.31 249.542 172.063 2661.938 3.11177
960.41 45.542 -27.438 2440.438 2.95717
961.52 20.042 -76.938 2472.938 3.80329
962.62 255.042 185.563 2692.938 2.77099
963.72 -33.958 -117.438 2377.938 3.34536
964.83 -82.458 -115.438 2374.938 1.32426
965.93 133.542 76.563 2607.938 2.25092
967.03 368.042 219.063 2881.938 5.59467
968.13 231.542 136.563 2713.438 3.68583
969.24 76.042 -18.938 2504.438 3.76397
970.34 101.042 51.563 2536.938 1.99081
971.44 68.542 18.063 2592.438 1.96083
972.54 203.042 110.063 2656.938 3.65072
973.64 39.042 -24.938 2477.438 2.55674
974.75 584.042 451.063 3000.438 5.21615
975.85 1848.042 1539.063 4300.438 11.18932
976.95 71.042 3.563 2528.938 2.67205
978.05 286.042 183.563 2569.438 4.29524
979.15 568.042 427.063 2878.938 5.74985
980.25 35.042 -7.438 2350.438 1.80159
981.35 85.042 -10.438 2406.438 3.95052
982.45 459.042 374.563 2774.438 3.52015
983.55 256.042 149.063 2521.938 4.50842
984.65 178.542 78.563 2469.438 4.1817
985.75 322.542 236.063 2608.438 3.64526
986.85 233.042 126.063 2497.938 4.51032
987.95 97.042 23.563 2266.438 3.27611
989.05 458.042 312.063 2594.938 6.39453
990.15 349.042 248.563 2461.938 4.53964
991.25 205.542 91.063 2310.938 5.15701
992.34 405.542 287.563 2447.438 5.46231
993.44 158.042 147.063 2243.438 0.52372
994.54 169.542 95.063 2223.938 3.49852
995.64 414.542 305.063 2345.938 5.36432
996.74 475.542 308.563 2384.438 8.0438
997.83 -3.458 -80.938 1920.438 3.8713
998.93 138.042 77.563 2004.938 3.1379
1000.03 675.542 527.563 2610.438 7.10456
1001.12 410.542 282.063 2239.438 6.56385
1002.22 411.542 328.063 2223.938 4.4032
1003.32 69.542 41.563 1932.438 1.47969
1004.41 243.542 136.563 1924.438 5.98359
1005.51 216.542 85.563 1864.938 7.36097
1006.6 82.542 10.063 1708.438 4.26756
1007.7 285.542 225.063 1904.438 3.60129
1008.8 -17.958 -97.438 1492.938 4.99751
1009.89 256.042 191.063 1778.938 4.09221
1010.99 220.542 109.563 1696.938 6.99136
1012.08 -25.958 -33.438 1549.938 0.47236
1013.18 171.042 111.563 1763.438 3.60071
1014.27 99.542 8.063 1728.938 5.31585
1015.36 145.042 59.063 1891.438 4.69223
1016.46 221.042 116.063 1908.438 5.85699
1017.55 18.542 -50.938 1682.438 4.00832
1018.65 227.542 148.563 1865.938 4.59883
1019.74 364.542 211.063 1936.438 8.89541
1020.83 243.042 140.063 1793.938 6.22654
1021.93 130.542 17.563 1672.438 6.82705
1023.02 -24.958 -57.938 1413.938 2.24062
1024.11 15.542 -71.438 1369.938 6.03446
1025.2 -14.458 -82.438 1358.938 4.71627
1026.3 236.042 171.063 1589.938 4.57963
1027.39 315.542 221.563 1548.938 7.08008
1028.48 188.542 125.063 1476.938 4.69564
1029.57 142.542 83.063 1371.938 4.61481
1030.66 190.542 102.063 1392.938 6.8542
1031.75 817.542 644.063 1955.938 13.22376
1032.84 305.042 206.563 1384.938 8.3572
1033.94 23.042 -43.438 1152.438 5.55904
1035.03 334.542 236.063 1373.438 8.65846
1036.12 14.542 -42.438 1011.938 5.40407
1037.21 33.542 -0.938 1071.438 3.21522
1038.3 200.542 165.063 1202.938 3.41844
1039.39 38.542 -62.938 904.438 10.49016
1040.48 216.542 156.063 1170.938 5.95927
1041.57 270.542 225.563 1090.438 5.20065
1042.66 144.042 117.063 1066.438 2.84178
1043.74 237.042 147.563 1071.938 9.67996
1044.83 250.042 167.563 1077.438 9.06489
1045.92 -27.458 -81.438 749.438 6.49667
1047.01 277.042 201.563 1081.438 8.5784
1048.1 -46.958 -87.938 732.938 4.99213
1049.19 230.542 121.563 903.438 13.93818
1050.27 94.542 40.563 814.938 6.97067
1051.36 145.542 8.563 735.938 18.83199
1052.45 246.542 162.063 884.938 11.68655
1053.54 205.042 77.563 832.938 16.87628
1054.62 238.542 133.063 828.938 15.15778
1055.71 242.542 132.563 791.938 16.67931
1056.8 352.042 246.063 929.938 15.49686
1057.88 96.042 49.063 714.438 7.06055
1058.97 232.542 130.563 719.438 17.31763
1060.06 405.042 346.563 983.938 9.175
1061.14 146.042 34.063 686.938 17.1517
1062.23 857.542 723.563 1420.438 19.22571
1063.31 265.542 143.063 792.438 18.86108
1064.4 72.542 34.563 568.438 7.11387
1065.48 231.542 148.063 701.438 15.08546
1066.57 101.042 59.563 588.938 7.8355
1067.65 215.042 149.063 701.938 11.93383
1068.74 137.042 51.563 611.938 15.25392
1069.82 220.042 171.063 638.938 10.46843
1070.9 1262.542 1019.563 1619.438 40.50496
1071.99 248.542 183.063 594.438 15.91715
1073.07 223.542 180.563 577.938 10.81577
1074.15 284.042 184.563 605.438 23.63627
1075.24 234.042 155.063 555.938 19.7017
1076.32 237.542 229.063 639.438 2.0662
1077.4 528.042 402.563 824.938 29.70801
1078.49 40.542 20.063 353.938 6.13378
1079.57 255.542 219.063 607.938 9.38069
1080.65 479.542 364.063 807.938 26.01614
1081.73 148.042 104.563 472.438 11.81901
1082.81 -12.458 -44.438 310.438 9.01139
1083.89 273.542 123.063 500.938 39.82247
1084.98 242.542 190.563 479.438 17.99366
1086.06 28.542 -7.438 371.938 9.4838
1087.14 62.042 42.063 326.438 7.02564
1088.22 163.042 151.063 483.438 3.60411
1089.3 13.542 -10.938 306.938 7.70088
1090.38 542.042 457.063 772.438 26.94544
1091.46 236.042 230.063 519.438 2.06624
1092.54 115.042 56.063 376.438 18.40942
1093.62 185.542 137.063 412.938 17.57288
1094.7 63.042 -22.938 228.438 34.20355
1095.78 160.042 141.063 349.438 9.10818
1096.86 269.042 124.063 417.938 49.33361
1097.93 652.042 512.563 801.938 48.20015
1099.01 369.042 284.563 541.438 32.88726
1100.09 119.542 32.063 277.438 35.65121
