196.55 2603.148 972.948 1339.379 444.88612
197.76 3777.555 1427.472 1995.603 413.65146
198.96 3612.896 1340.45 1803.191 491.08429
200.16 2372.354 796.077 1227.164 365.65171
201.36 4027.583 1587.379 2062.06 514.07273
202.56 2654.2 990.115 1401.163 404.83969
203.76 2341.316 849.94 1265.984 358.46531
204.96 2818.431 932.264 1411.806 393.32705
206.16 1935.87 712.367 946.298 523.01677
207.36 3423.072 1181.173 1687.519 442.75972
208.56 2779.655 1052.507 1476.29 407.5546
209.76 1826.812 637.704 982.138 345.23579
210.96 2556.394 888.539 1380.408 339.08472
212.16 5185.688 2056.997 2537.841 650.66709
213.36 3173.693 1126.644 1600.47 432.02584
214.56 2540.888 890.479 1274.997 429.21524
215.76 4736.815 1834.94 2402.485 511.30336
216.96 3892.397 1568.862 2050.473 482.45076
218.16 2799.698 985.792 1447.599 392.78439
219.35 2237.99 716.838 1152.749 348.95966
220.55 2604.15 872.359 1328.661 379.5276
221.75 2319.766 810.596 1150.265 444.30656
222.95 4020.97 1461.314 1932.768 542.92806
224.15 3091.927 1090.029 1574.459 413.24809
225.35 2399.168 782.472 1287.36 320.20915
226.55 2252.77 792.831 1188.111 369.34286
227.75 3634.47 1378.814 1879.768 450.27211
228.94 3146.312 1122.204 1555.138 467.53313
230.14 2779.453 919.113 1379.351 404.21209
231.34 2286.314 847.028 1265.702 343.77234
232.54 2291.974 780.549 1133.115 428.69355
233.74 2403.617 805.869 1171.11 437.45008
234.93 2301.508 791.951 1221.947 351.06289
236.13 2734.994 951.574 1439.095 365.81346
237.33 2642.366 930.131 1313.452 446.68473
238.53 2360.809 887.381 1239.073 418.95354
239.72 3714.215 1373.993 1901.015 444.046
240.92 1813.432 562.676 918.088 351.91727
242.12 3315.25 1152.807 1622.13 460.75731
243.31 2340.753 755.63 1186.695 367.72279
244.51 1994.935 627.0 952.653 420.05932
245.71 3397.39 1278.803 1722.062 477.95746
246.9 4284.935 1688.0 2212.153 495.45374
248.1 2717.255 950.954 1448.759 354.8176
249.3 2632.157 982.33 1398.854 396.094
250.49 2483.357 893.313 1321.511 371.33381
251.69 2986.733 1049.106 1539.214 395.34684
252.89 2632.66 916.154 1388.919 363.078
254.08 1778.312 579.204 954.138 319.81877
255.28 2682.156 976.919 1400.072 402.98305
256.47 1861.852 577.666 955.382 339.98703
257.67 3083.126 1159.099 1530.833 517.58164
258.86 3349.109 1172.898 1590.417 521.22509
260.06 2613.498 917.809 1356.442 386.5848
261.26 3918.614 1459.546 1914.546 540.45432
262.45 2636.914 939.063 1294.389 477.82874
263.65 1704.02 565.158 907.488 332.67944
264.84 3025.674 1081.531 1469.771 500.75863
266.04 2186.16 804.154 1217.419 334.41151
267.23 1711.88 487.661 823.556 364.46431
268.42 2160.573 706.584 1015.802 470.21607
269.62 2591.833 882.641 1322.401 388.66455
270.81 2643.552 959.736 1397.256 384.85445
272.01 2642.194 923.056 1333.752 418.5915
273.2 3128.921 1164.034 1567.583 486.90212
274.4 2113.817 664.852 908.767 594.04478
275.59 2954.056 1028.883 1499.385 409.17441
276.78 2665.752 892.718 1361.913 377.889
277.98 2300.018 772.746 1191.206 364.97475
279.17 2432.952 903.201 1285.069 400.59648
280.37 2461.382 837.985 1198.621 450.14827
281.56 1734.796 528.915 926.504 303.29874
282.75 1952.768 617.508 1021.047 330.88732
283.95 2378.399 801.186 1237.537 361.45467
285.14 2594.619 863.193 1247.675 450.32699
286.33 1966.178 700.267 1012.118 405.93483
287.52 2645.861 948.548 1368.358 404.30551
288.72 3276.782 1136.95 1615.434 447.21061
289.91 3762.977 1410.373 1957.179 430.24447
291.1 2986.954 1007.024 1453.634 443.325
292.29 2788.533 997.623 1395.057 450.61779
293.49 2854.799 1044.239 1446.568 450.01933
294.68 2029.597 729.845 997.629 485.37189
295.87 2305.373 803.102 1201.145 377.41418
297.06 2772.697 940.38 1418.817 382.97996
298.26 1450.679 420.179 733.9 328.47651
299.45 2247.253 789.13 1098.195 471.78577
300.64 2437.15 822.859 1190.661 438.90253
301.83 2356.314 857.028 1294.202 342.94936
303.02 2065.169 630.384 1057.142 336.20592
304.21 3102.567 1123.525 1573.39 439.919
305.4 2481.79 875.356 1160.092 564.18296
306.59 2713.352 920.166 1316.882 452.00718
307.79 2398.834 803.053 1187.683 414.88678
308.98 1824.953 579.113 932.851 352.19231
310.17 2933.622 966.081 1430.275 423.86224
311.36 2371.288 857.597 1178.563 471.60458
312.55 4028.907 1560.657 2066.731 487.725
313.74 1827.037 584.359 957.404 333.11699
314.93 2961.655 1009.007 1474.29 419.66865
316.12 2332.774 787.067 1192.958 380.81795
317.31 1443.437 406.823 740.217 310.92784
318.5 1834.537 574.859 920.404 364.54763
319.69 2384.918 830.799 1262.736 359.80183
320.88 2180.971 736.225 1134.55 362.7057
322.07 1935.538 607.271 993.686 343.74036
323.26 1965.35 607.342 935.817 413.42738
324.45 1330.296 447.415 793.504 255.10265
325.64 2405.378 766.749 1195.274 382.38835
326.83 2663.954 996.024 1395.634 417.39035
328.01 2267.456 738.436 1110.916 410.49758
329.2 2765.334 976.053 1403.683 418.41756
330.39 2171.197 727.38 1086.817 401.68872
331.58 1758.576 542.908 969.366 285.06152
332.77 3363.714 1253.081 1742.233 431.48804
333.96 1300.077 448.82 671.648 382.02353
335.15 1703.335 524.964 868.466 343.04721
336.33 1835.576 590.908 878.866 432.23924
337.52 2131.296 719.415 1040.504 439.71711
338.71 1982.396 710.45 1050.191 374.38748
339.9 1981.983 614.932 995.09 359.60028
341.08 2028.839 688.2 1067.812 353.16006
342.27 2724.415 879.475 1376.672 371.06851
343.46 2859.332 1063.729 1446.619 468.9607
344.65 2737.332 897.229 1356.119 400.9901
345.83 2922.711 983.257 1460.668 406.24387
347.02 1485.431 470.264 791.306 316.21036
348.21 3022.573 1021.584 1513.302 406.93898
349.4 1665.855 462.989 862.946 300.74852
350.58 2146.501 718.045 1108.789 365.57323
351.77 1762.617 575.369 941.11 324.61415
352.96 1381.933 324.088 698.37 282.63296
354.14 2203.376 619.926 1114.21 320.35224
355.33 1836.253 536.13 920.695 338.0765
356.51 1526.901 387.098 701.82 362.16177
357.7 2193.826 679.734 1173.743 306.49109
358.89 1762.999 511.721 949.225 286.00409
360.07 2878.62 915.105 1399.957 404.97181
361.26 3275.472 1061.79 1572.085 433.8042
362.44 2387.656 733.483 1177.108 372.87703
363.63 2043.18 481.743 950.435 333.14779
364.81 2182.864 531.437 1069.458 306.94487
366.0 1662.643 276.518 729.538 305.97432
367.18 4403.298 1403.392 2092.821 435.12883
368.37 1947.091 529.85 875.253 410.31493
369.55 2564.548 737.065 1246.445 358.76656
370.74 3155.768 911.572 1458.582 410.2661
371.92 3450.292 1158.332 1668.41 449.33556
373.11 2205.375 476.078 1016.963 319.7166
374.29 1949.559 421.772 908.985 313.57677
375.48 2280.933 531.741 1060.623 330.73351
376.66 2082.448 441.53 902.257 356.15813
377.84 3398.591 953.85 1582.253 389.04016
379.03 2033.108 405.051 908.67 323.27181
380.21 1731.673 332.184 747.024 337.35665
381.39 1661.553 266.212 675.074 341.27496
382.58 3013.748 816.548 1409.101 370.80207
383.76 3669.865 1148.784 1715.705 444.69726
384.94 4203.126 1254.164 1936.868 431.95301
386.13 2261.315 426.593 963.237 341.88755
387.31 2712.511 618.339 1185.047 369.533
388.49 2321.033 474.688 1029.093 333.03202
389.68 2978.53 637.952 1263.246 374.3166
390.86 3029.969 567.466 1204.521 386.54522
392.04 4028.446 982.706 1677.693 438.2443
393.22 2782.469 445.466 1111.021 351.13632
394.41 2759.473 473.202 1085.367 373.47272
395.59 2233.11 193.463 865.952 303.29812
396.77 3303.146 552.689 1295.349 370.35182
397.95 3541.628 637.576 1375.151 393.72974
399.13 4362.566 792.678 1560.643 464.85023
400.31 3543.536 447.511 1233.657 393.82321
401.5 4219.912 626.304 1514.36 404.66004
402.68 4181.553 734.712 1616.074 391.08154
403.86 3450.31 434.445 1296.108 350.00505
405.04 4844.205 807.263 1861.292 383.00082
406.22 3900.252 367.783 1341.448 362.80136
407.4 5009.262 697.013 1747.671 410.4333
408.58 5270.552 814.301 1875.791 419.81065
409.76 5515.873 947.755 2029.398 422.33128
410.94 4695.969 624.466 1721.521 371.13047
412.12 4402.743 502.9 1505.972 388.79004
413.3 4239.428 359.093 1500.994 339.81359
414.48 4374.728 371.111 1363.838 403.29492
415.66 5194.645 445.277 1491.567 453.92449
416.84 6975.647 1233.1 2392.132 495.46098
418.02 5681.971 623.378 1795.303 431.64823
419.2 5061.208 419.586 1512.357 424.75719
420.38 5527.33 583.97 1792.589 409.00878
421.56 5267.405 427.245 1581.949 419.16902
422.74 6688.832 1081.794 2295.154 462.10822
423.92 6531.349 865.995 2097.57 460.00864
425.1 6152.728 464.111 1706.838 457.7528
426.28 6088.962 405.995 1712.327 435.03242
427.46 8378.102 1356.492 2799.259 486.67675
428.63 6520.284 571.861 2000.716 416.30698
429.81 6403.722 687.964 1968.209 446.45816
430.99 6570.365 754.784 2180.705 407.84741
432.17 7634.844 1145.347 2523.941 470.73296
433.35 7227.104 827.316 2288.823 437.88959
434.52 6266.521 155.069 1442.77 474.60192
435.7 7226.443 376.383 1827.128 472.17511
436.88 8163.007 840.104 2306.7 499.31276
438.06 7729.062 552.531 2072.014 472.30069
439.23 7502.587 399.115 1956.406 456.14265
440.41 7977.78 594.126 2298.869 433.12407
441.59 8491.89 828.456 2548.315 445.58504
442.77 7918.679 276.679 1951.4 456.31478
443.94 9550.907 760.657 2663.231 462.01882
445.12 9998.904 769.833 2568.167 513.20136
446.3 11168.947 1093.118 2946.475 543.65289
447.47 10956.386 666.72 2632.968 523.31488
448.65 11143.327 720.646 2715.525 522.47194
449.82 10257.327 500.146 2418.525 508.61601
451.0 10586.666 609.213 2599.83 501.22411
452.18 10385.324 476.823 2644.96 457.00515
453.35 11116.267 530.16 2753.3 476.17825
454.53 11847.144 558.865 2819.285 499.38855
455.7 12416.186 334.238 2713.311 507.84259
456.88 14812.843 945.935 3424.159 559.55027
458.05 14773.705 591.763 3040.792 579.08416
459.23 14767.365 315.784 2806.205 580.28674
460.4 15791.267 580.16 3298.8 559.51172
461.58 15885.982 719.432 3462.09 552.98722
462.75 14902.404 315.333 3204.667 504.85941
463.93 15791.366 628.696 3520.987 524.24427
465.1 16267.048 525.065 3629.945 507.00786
466.28 16405.76 218.101 3243.888 534.98999
467.45 17355.768 146.66 3291.8 547.16516
468.63 19787.766 523.249 3846.018 579.77298
469.8 21552.225 870.287 4222.273 617.00546
470.97 21262.846 405.259 3823.724 610.14489
472.15 21775.32 595.675 4138.332 597.84646
473.32 21804.26 704.601 4322.388 583.22004
474.49 22153.322 859.499 4671.896 558.5416
475.67 21293.881 507.573 4177.839 566.34338
476.84 21162.102 327.08 4088.476 553.91726
478.01 22946.344 636.347 4688.941 550.5115
479.19 23577.719 548.728 4557.862 574.41315
480.36 24403.982 309.02 4472.808 578.67889
481.53 26494.883 596.897 4836.903 610.8006
482.7 27065.641 497.129 4733.938 627.08784
483.88 27473.898 275.774 4583.755 631.34267
485.05 27550.844 361.935 4823.659 609.38126
486.22 27691.717 478.405 4938.797 610.11021
487.39 26812.654 333.595 4795.508 593.44636
488.56 26944.225 485.876 5021.991 583.28206
489.74 27481.84 897.2 5619.313 562.98192
490.91 26670.799 242.651 4990.851 556.59299
492.08 27575.225 375.876 5230.491 560.27811
493.25 28151.779 278.714 5092.587 579.0154
494.42 29963.258 476.778 5228.824 620.50071
495.59 30550.959 417.26 5317.48 614.94577
496.76 31735.986 465.756 5367.155 637.9858
497.93 32648.662 610.478 5616.483 639.99497
499.1 32428.738 572.753 5591.843 634.69645
500.27 32567.697 1040.792 6267.099 603.23486
501.44 32785.422 1228.534 6296.083 622.72489
502.61 29890.859 423.137 5408.076 591.13505
503.78 30361.236 629.929 5761.278 579.40527
504.95 31929.303 1123.474 6516.415 571.22505
506.12 30838.176 696.943 5888.053 580.63175
507.29 31120.398 335.186 5433.538 603.82677
508.46 32126.74 32.165 5307.125 608.43255
509.63 35573.738 1258.165 6645.125 637.01181
510.8 36653.34 1179.612 6671.095 645.97721
511.97 35647.223 558.552 5824.426 666.34082
513.14 35616.813 258.528 5792.702 638.90805
514.31 36620.52 785.746 6241.206 656.86075
515.48 35387.016 495.01 6045.359 628.6453
516.65 34442.32 525.087 6124.614 605.71608
517.81 33863.137 355.806 5922.374 601.9388
518.98 34374.402 695.01 6349.102 595.66398
520.15 33565.754 161.13 5858.695 586.29653
521.32 35469.121 703.605 6464.457 603.4787
522.49 38141.293 1502.503 7468.221 614.15559
523.65 38569.535 1158.859 7184.404 620.86786
524.82 38861.879 638.073 6545.839 647.00949
525.99 39206.734 78.517 6017.496 658.83747
527.16 41814.492 631.25 6882.031 658.84958
528.32 43103.539 730.182 7018.969 673.79227
529.49 42599.559 411.619 6654.732 675.75165
530.66 42243.371 114.367 6539.298 655.71131
531.82 41798.504 180.957 6592.071 649.14683
532.99 42056.898 320.274 6997.255 625.08224
534.16 42625.098 444.256 7148.912 629.12767
535.32 43791.855 794.401 7641.229 627.99091
536.49 43647.074 294.408 7207.866 627.07642
537.65 46132.941 1011.059 8080.564 638.26084
538.82 45617.219 321.816 7430.58 637.17697
539.99 47698.0 642.721 8076.725 632.97359
541.15 50328.664 818.39 8357.766 656.68929
542.32 51410.273 147.979 7854.74 665.15999
543.48 55248.273 811.155 8785.676 682.63811
544.65 56006.59 992.785 8917.718 694.18642
545.81 59805.699 1483.292 10133.099 674.26253
546.98 59022.234 503.106 9285.714 666.30694
548.14 60664.699 783.792 9857.099 659.96784
549.31 60133.477 402.873 9415.179 662.76716
550.47 60632.676 469.443 9763.554 647.32642
551.63 60666.137 914.806 10766.874 606.48515
552.8 60643.461 454.584 10034.545 628.27892
553.96 60670.816 459.852 10240.767 615.59644
555.13 60680.895 391.45 10690.69 585.3776
556.29 60694.574 934.084 11394.302 571.31212
557.45 60630.863 274.46 10552.64 587.22854
558.62 60682.695 523.468 11224.534 562.17975
559.78 60696.734 771.606 11627.214 552.02
560.94 60684.137 371.982 11276.809 553.07762
562.11 60694.934 391.088 11510.37 542.33578
563.27 60683.414 157.975 11361.672 540.22739
564.43 60675.496 32.397 11656.66 521.69415
565.59 60720.488 205.838 12004.749 512.88336
566.76 60642.379 351.073 12192.839 509.14118
567.92 60721.57 571.349 12448.455 506.43836
569.08 60690.254 715.042 13216.978 479.72741
570.24 60637.34 352.024 12896.877 480.55816
571.4 60672.258 226.366 12819.042 480.00831
572.57 60720.852 367.342 13100.317 473.99376
573.73 60688.453 55.524 13072.134 465.812
574.89 60706.094 452.697 13544.0 460.25516
576.05 60651.02 476.158 13770.987 452.61853
577.21 60656.777 157.714 13514.587 452.94332
578.37 60681.254 18.954 13640.76 445.33229
579.53 60700.691 193.644 13978.47 438.93952
580.69 60689.535 597.535 14724.34 425.37574
581.85 60677.656 351.919 14327.072 431.66422
583.01 60673.695 401.88 14435.816 429.47191
584.17 60668.656 484.83 14656.854 424.66641
585.33 60687.734 572.517 14948.496 418.16434
586.49 60661.816 377.763 14735.049 419.88476
587.65 60663.258 573.278 15187.824 411.16554
588.81 60688.094 566.521 15553.064 401.17037
589.97 60679.098 929.433 15628.847 406.47651
591.13 60636.98 421.02 15287.808 405.0368
592.29 60693.492 336.574 15254.096 404.60419
593.45 60695.652 213.595 14965.508 409.99468
594.61 60640.223 134.052 15178.927 402.17131
595.77 60681.977 196.961 15395.896 397.9556
596.93 60644.18 91.091 14998.683 406.18961
598.09 60660.738 382.753 15545.343 397.54413
599.24 60692.773 138.067 15446.458 395.56545
600.4 60661.816 291.763 15433.549 398.69838
601.56 60674.777 233.39 15322.522 400.56238
602.72 60697.813 368.616 15465.42 399.61569
603.87 60743.527 473.064 15310.146 406.21506
605.03 60697.813 232.116 15238.92 402.92188
606.19 60687.375 148.514 14826.428 412.44867
607.35 60693.492 -3.926 15131.096 401.03951
608.5 60681.617 594.457 15492.328 403.32717
609.66 60701.414 989.651 15859.107 401.57328
610.82 60665.418 146.299 15137.236 403.7047
611.97 60694.574 125.084 14915.802 409.51016
613.13 60711.852 573.754 15514.6 402.50798
614.29 60685.215 496.993 15383.016 404.32708
615.44 60689.895 717.539 15456.908 406.88549
616.6 60700.332 180.141 14843.401 412.73352
617.76 60685.934 663.0 15414.652 406.88956
618.91 60717.969 726.314 15170.268 415.34095
620.07 60690.973 641.049 15204.114 412.34399
621.22 60692.773 17.567 14577.958 416.71412
622.38 60694.574 1061.084 15637.302 409.11499
623.53 60672.258 78.366 14625.542 416.5337
624.69 60699.973 112.137 14268.832 427.98009
625.84 60690.254 217.542 14299.978 429.41941
627.0 60631.223 488.964 14831.709 419.32181
628.15 60696.375 -0.398 14734.646 411.92123
629.31 60652.82 318.175 14728.331 418.6953
630.46 60682.695 -23.532 14344.034 422.52269
631.61 60699.613 374.134 14629.264 423.18435
632.77 60654.258 228.189 14833.106 413.73784
633.92 60673.695 495.38 14691.816 423.89733
635.08 60642.742 949.577 15177.407 419.55212
636.23 60684.137 308.482 14744.809 418.22035
637.38 60684.855 -74.511 14334.446 421.67775
638.54 60661.457 654.76 15135.48 414.39027
639.69 60719.77 936.831 15459.111 411.66358
640.84 60675.98 490.402 14738.753 422.40382
641.99 60676.66 97.409 14039.882 434.49431
643.15 60677.34 816.916 14835.512 427.00727
644.3 60678.02 95.422 14179.142 430.1605
645.45 60678.699 -58.071 14110.771 428.6643
646.6 60679.379 811.436 15075.401 419.71457
647.75 60680.059 161.942 14418.031 424.50714
648.91 60680.738 -136.551 13971.661 431.07722
650.06 60681.418 225.455 14825.291 414.0866
651.21 60682.098 417.462 14565.42 425.95996
652.36 60682.777 450.969 14709.05 422.4398
653.51 60683.457 101.475 14213.68 429.28787
654.66 60684.137 273.982 14861.81 414.11344
655.81 60684.816 651.989 15048.939 416.98294
656.96 60685.496 69.495 14402.569 422.90999
658.11 60686.176 365.002 14800.199 417.87565
659.27 60686.855 531.009 14925.328 417.9138
660.42 60687.535 29.015 14459.958 420.33651
661.57 60688.215 421.022 14835.088 418.11376
662.72 60688.895 -139.971 14611.718 412.35187
663.87 60689.574 -99.965 14122.848 427.40871
665.01 60690.254 316.042 14693.978 419.90877
666.16 60690.934 41.049 14739.607 412.62471
667.31 60691.613 95.555 14982.237 407.04879
668.46 60692.293 760.562 15722.366 400.56487
669.61 60692.973 206.069 15547.996 394.25883
670.76 60693.652 4.575 15214.626 399.00641
671.91 60694.332 769.582 16378.756 383.90725
673.06 60695.012 519.589 16014.886 388.34637
674.21 60695.691 -161.405 15583.016 386.5312
675.35 60696.375 284.102 15720.146 391.37149
676.5 60697.055 167.609 15849.774 385.97632
677.65 60697.734 72.615 15783.904 385.8698
678.8 60698.414 -110.878 15727.034 383.94765
679.94 60699.094 40.629 16048.164 378.93694
681.09 60699.773 370.135 17049.793 361.6959
682.24 60700.453 363.142 17513.924 351.80502
683.39 60701.133 -1.851 17222.553 352.42429
684.53 60701.813 558.155 17196.684 361.47222
685.68 60702.492 214.662 17614.813 347.6282
686.83 60703.172 301.169 17607.443 349.01794
687.97 60703.852 298.175 17622.072 348.68411
689.12 60704.531 178.182 17514.703 349.12627
690.27 60705.211 68.189 17408.832 349.6815
691.41 60705.891 468.195 17969.961 344.18068
692.56 60706.57 358.702 17742.592 347.14824
693.7 60707.25 378.709 17681.721 348.65919
694.85 60707.93 48.215 17192.852 353.81161
695.99 60708.609 398.222 17794.98 346.676
697.14 60709.289 184.229 17551.111 348.50849
698.28 60709.969 342.735 18251.74 337.07754
699.43 60710.648 391.242 18390.369 335.12406
700.57 60711.328 -74.251 17710.5 341.78481
701.72 60712.008 -50.745 17219.129 351.84248
702.86 60712.688 -107.738 17549.26 344.45508
704.01 60713.367 50.269 17415.389 349.33878
705.15 60714.047 433.275 18332.02 336.78771
706.29 60714.727 126.782 17723.648 344.31099
707.44 60715.406 171.288 18374.777 332.59623
708.58 60716.086 -124.205 17936.408 336.86725
709.72 60716.766 629.302 18731.037 331.94311
710.87 60717.445 -137.192 17783.168 339.58379
712.01 60718.125 0.315 17644.297 344.12759
713.15 60718.805 217.322 18427.928 332.23212
714.3 60719.484 348.828 17921.557 343.54743
715.44 60720.164 92.335 18611.186 327.38441
716.58 60720.844 277.342 18420.816 333.14182
717.72 60721.523 52.848 18398.945 330.68982
718.87 60722.203 240.855 18262.076 335.61182
720.01 60722.883 117.362 18078.205 337.43138
721.15 60723.563 -54.132 17879.836 338.89709
722.29 60724.242 345.875 18022.965 341.56282
723.43 60724.922 498.882 18553.596 333.57516
724.57 60725.602 450.388 18287.225 337.92547
725.72 60726.281 244.895 18067.354 339.3549
726.86 60726.961 678.902 18459.484 337.71705
728.0 60727.641 164.408 17772.113 343.9587
729.14 60728.32 -2.085 17477.244 347.44128
730.28 60729.0 481.422 17805.373 347.77042
731.42 60729.68 10.928 17753.004 342.23026
732.56 60730.359 722.435 18545.133 336.69383
733.7 60731.039 386.942 18597.262 331.37307
734.84 60731.719 -127.052 17331.393 348.59217
735.98 60732.398 148.955 17932.521 340.67094
737.12 60733.078 -3.038 17789.152 341.3639
738.26 60733.758 17.468 17486.281 347.56964
739.4 60734.438 228.475 17917.912 342.04572
740.53 60735.117 407.482 18162.541 339.77715
741.67 60735.797 273.488 17733.67 346.28682
742.81 60736.477 -222.505 17185.301 350.18188
743.95 60737.156 241.002 17969.93 341.2285
745.09 60737.836 19.508 17370.561 349.94032
746.23 60738.516 399.515 17605.189 350.69245
747.36 60739.195 453.522 17477.32 354.12586
748.5 60739.875 60.028 17069.949 356.73209
749.64 60740.555 25.035 17006.078 357.54882
750.78 60741.234 -5.458 16833.209 360.75713
751.92 60741.914 74.548 16909.838 360.35831
753.05 60742.594 155.555 16258.969 376.23723
754.19 60743.273 635.562 16783.098 372.24076
755.33 60743.953 -151.932 16117.228 374.30259
756.46 60744.633 245.075 16057.357 382.61116
757.6 60745.313 82.082 15697.487 388.48322
758.74 60745.992 562.088 16315.617 382.03443
759.87 60746.672 244.595 16092.247 381.77312
761.01 60747.352 271.102 15563.377 395.46927
762.14 60748.031 234.608 15825.006 388.14547
763.28 60748.711 408.115 15272.136 405.95069
764.41 60749.391 249.121 15157.766 405.80665
765.55 60750.07 -123.872 14748.896 409.29802
766.69 60750.75 289.635 15202.025 405.44214
767.82 60751.434 266.641 15014.155 410.13552
768.95 60752.113 26.148 14525.285 418.82469
770.09 60752.793 737.655 15281.915 412.63796
771.22 60753.473 661.661 15275.044 411.21083
772.36 60754.152 504.168 14678.674 425.0588
773.49 60754.832 489.175 14838.804 419.9806
774.63 60755.512 196.181 14003.434 438.60523
775.76 60756.191 154.688 13969.563 438.66848
776.89 60756.871 428.195 14067.693 442.30861
778.03 60757.551 360.201 13450.823 461.37877
779.16 60758.23 8.708 13358.952 455.04428
780.29 60758.91 308.215 13035.582 474.96622
781.43 60759.59 606.221 13093.712 481.70902
782.56 60760.27 315.228 13181.842 469.78205
783.69 60760.949 11.735 12475.972 487.38815
784.82 60761.629 233.241 12821.602 480.82821
785.96 60762.309 116.748 12587.731 486.29333
787.09 60762.988 204.255 12186.361 505.40974
788.22 60763.668 394.261 12237.99 509.71622
789.35 60764.348 157.768 11739.62 523.28919
790.48 60765.027 142.275 12009.25 510.85261
791.62 60765.707 580.281 11944.38 529.6102
792.75 60766.387 5.288 11194.01 543.05666
793.88 60767.066 737.795 11788.14 543.23437
795.01 60767.746 353.801 11355.77 549.11943
796.14 60768.426 404.808 11514.898 543.32247
797.27 60769.105 493.815 11487.528 548.27052
798.4 60769.785 283.321 10909.158 569.23953
799.53 60770.465 -4.672 10310.788 589.16554
800.66 60771.145 316.335 10739.418 580.00889
801.79 60771.824 1276.841 11846.548 562.88207
802.92 60772.504 199.848 10216.178 604.73903
804.05 60773.184 381.855 10327.308 607.22552
805.18 60773.863 290.861 10017.937 621.80049
806.31 60774.543 215.868 9756.066 634.77374
807.44 60775.223 -64.625 9580.196 630.80324
808.57 60775.902 400.381 10089.826 623.10609
809.69 60776.582 400.888 9940.456 632.89756
810.82 60777.262 -163.605 9102.586 657.66899
811.95 60777.941 988.401 10112.216 655.31297
813.08 60778.621 103.908 8928.345 687.57604
814.21 60779.301 1064.915 10169.975 655.83737
815.33 60779.98 282.921 9203.104 678.20422
816.46 60780.66 308.928 9013.734 694.69358
817.59 60781.34 847.435 9490.864 693.40421
818.72 60782.02 504.441 8670.494 738.14826
819.84 60782.699 896.448 9116.124 728.5719
820.97 60783.379 446.454 8550.754 744.50512
822.1 60784.059 593.961 8538.383 757.63976
823.22 58199.238 -30.532 7767.513 746.72269
824.35 59245.918 92.474 7844.143 763.10599
825.48 60229.098 574.481 7850.272 819.90555
826.6 58753.777 310.488 7455.902 817.91321
827.73 56709.457 -144.506 7245.032 769.38461
828.85 58019.137 268.501 7361.662 814.17353
829.98 57146.316 610.008 7638.292 804.4113
831.11 53814.496 70.014 6945.921 781.6348
832.23 55724.676 81.521 6962.051 808.70452
833.36 56034.355 524.528 7592.181 785.40682
834.48 53414.535 259.034 6894.811 801.04421
835.6 53448.215 482.041 7014.94 810.7606
836.73 51925.395 -7.952 6711.07 772.93014
837.85 53339.574 535.054 6989.7 818.08554
838.98 52019.754 -104.439 6228.33 823.08697
840.1 51559.434 458.568 6766.959 810.04592
841.23 51001.113 371.074 6570.589 816.67748
842.35 50627.793 720.581 7111.219 780.9426
843.47 49204.973 248.588 6354.849 801.74079
844.6 49275.652 26.594 6149.978 804.27849
845.72 48079.332 155.101 6077.608 809.18827
846.84 49511.012 134.608 5955.738 848.22711
847.96 47154.191 139.114 5813.368 828.56852
849.09 47090.371 58.121 5820.497 816.19543
850.21 46417.051 232.628 5935.127 809.89792
851.33 46754.23 385.134 5976.757 829.26013
852.45 44861.91 25.141 5610.387 802.77164
853.57 43931.09 232.148 5832.016 780.35658
854.7 44553.27 67.654 5477.146 822.3622
855.82 43447.449 -0.339 5659.776 767.61318
856.94 44388.629 485.168 5827.405 821.81782
858.06 43831.809 -64.326 5132.035 844.74761
859.18 43298.492 425.181 5653.165 820.07348
860.3 42331.672 244.688 5345.295 825.13673
861.42 42397.852 -89.306 5013.424 832.6358
862.54 41343.531 -65.799 4962.554 823.51672
863.66 41418.711 50.708 4975.184 840.04875
864.78 41302.891 186.714 5073.814 841.32059
865.9 40268.07 244.221 5222.943 803.89798
867.02 42805.25 1277.228 6443.073 803.89591
868.14 41122.43 879.234 5701.203 834.58015
869.26 38908.109 575.741 5163.833 835.47512
870.38 38480.789 -90.252 4456.962 848.23441
871.5 36597.969 -94.746 4453.592 806.72795
872.62 37873.148 69.761 4578.222 838.49866
873.74 37150.328 699.268 5511.852 757.41141
874.85 37253.668 40.271 4430.417 847.65746
875.97 37106.668 286.271 4564.417 860.66254
877.09 37890.168 373.271 4811.917 845.23298
878.21 35703.668 220.771 4370.917 854.97956
879.33 35372.668 334.771 4641.417 813.57743
880.44 35287.168 254.771 4375.417 850.16767
881.56 34478.168 111.271 4114.417 858.49729
882.68 35379.168 256.271 4367.917 854.22967
883.79 36822.668 826.771 4988.417 864.94382
884.91 33982.668 -58.229 3702.917 905.06718
886.03 33749.668 456.271 4455.417 832.51274
887.14 35122.668 659.271 4800.417 832.2189
888.26 36223.668 777.271 4809.917 878.98615
889.38 35150.668 636.271 4577.417 875.74527
890.49 33317.168 -89.729 4014.417 813.97927
891.61 34539.168 307.771 4176.917 884.72754
892.72 33526.168 -13.229 4058.417 823.73069
893.84 34823.668 -99.229 3906.917 871.73303
894.95 34813.168 -87.229 3941.917 866.19839
896.07 35268.168 152.271 4075.417 895.09536
897.18 35152.668 384.271 4307.417 886.23773
898.3 33700.168 -41.229 3881.917 860.0597
899.41 36071.668 577.271 4446.917 917.25186
900.53 33034.168 335.771 4029.417 885.26074
901.64 33115.168 462.271 4350.417 839.80643
902.75 32867.668 262.771 4055.917 859.57403
903.87 31363.666 116.771 3876.417 831.11271
904.98 32742.666 403.771 4044.917 888.15159
906.09 31754.166 235.771 3943.917 849.97721
907.21 32050.166 438.771 3919.917 908.07441
908.32 30214.166 198.271 3488.417 912.29678
909.43 30185.166 650.771 3977.917 887.67958
910.54 30078.166 280.271 3820.917 841.59489
911.66 30051.666 1160.771 4581.417 844.60357
912.77 28834.666 85.771 3214.417 918.89258
913.88 27964.666 300.271 3645.417 827.00115
914.99 27188.166 69.271 3371.417 821.25066
916.1 27880.166 349.771 3617.417 842.51464
917.22 25541.166 58.771 2918.417 891.10316
918.33 26515.166 688.771 3724.917 850.63089
919.44 28086.666 270.271 3384.417 893.2271
920.55 27072.666 660.771 3674.417 876.41003
921.66 26370.666 428.771 3272.917 912.11548
922.77 26380.666 488.271 3282.417 926.66582
923.88 25789.166 623.271 3542.917 861.95024
924.99 24465.166 373.771 3227.417 844.23211
926.1 23047.666 -11.229 2623.917 875.05193
927.21 23055.666 652.771 3484.417 791.1616
928.32 22147.166 -84.729 2456.417 874.87677
929.43 22694.166 251.771 2756.917 895.85181
930.54 21495.166 111.271 2439.417 918.49463
931.65 21603.166 266.271 2607.917 911.19221
932.76 21595.166 381.771 2750.917 895.40265
933.86 20204.666 302.271 2464.417 920.4927
934.97 18818.666 113.771 2305.417 853.46338
936.08 17472.166 164.771 2138.417 876.92504
937.19 18191.166 708.271 2768.917 848.4182
938.3 17498.166 472.271 2273.917 945.01895
939.4 15276.167 674.771 2431.417 831.20883
940.51 12976.167 305.271 1864.417 812.68194
941.62 13295.167 503.771 1984.417 863.90657
942.73 14008.667 1102.771 2513.917 914.56853
943.83 12094.167 302.771 1592.417 914.31278
944.94 12029.167 338.271 1721.417 845.23962
946.05 11716.167 -35.729 1180.417 966.32297
947.15 11643.667 -25.729 1255.417 910.85622
948.26 11907.167 228.771 1623.917 837.07353
949.36 12080.167 98.271 1469.917 873.54157
950.47 12528.667 326.771 1819.917 817.19389
951.57 14083.167 844.771 2349.917 879.54237
952.68 13258.667 568.771 1976.417 901.49781
953.79 13571.167 439.271 2026.417 827.39067
954.89 13047.167 121.771 1668.417 835.705
955.99 14107.667 391.271 2152.917 778.61255
957.1 13216.667 230.271 1637.417 922.88917
958.2 13880.167 271.271 1806.417 886.48885
959.31 14441.167 455.771 2090.917 855.29959
960.41 13298.667 130.271 1642.917 870.55385
961.52 13324.167 10.271 1452.917 922.88046
962.62 14200.167 493.771 1946.917 943.22237
963.72 12410.667 -50.729 1492.417 807.532
964.83 12753.667 -70.729 1396.917 873.80731
965.93 13429.667 341.771 1883.917 848.68086
967.03 13975.167 714.271 2232.917 873.20526
968.13 13593.667 466.771 1975.417 870.11122
969.24 13091.667 175.771 1604.417 904.06567
970.34 13119.167 206.771 1605.917 922.8771
971.44 13025.167 265.771 1650.417 921.49171
972.54 12843.667 346.771 1881.917 814.05273
973.64 12183.667 142.271 1643.917 801.87992
974.75 13774.667 1069.771 2472.917 905.45797
975.85 18814.666 3162.271 4867.417 917.95058
976.95 12276.167 189.771 1479.917 936.82405
978.05 12579.167 525.771 1934.917 855.36898
979.15 13097.667 896.271 2298.917 869.88426
980.25 10336.667 99.771 1282.917 865.22694
981.35 10280.167 179.271 1406.417 823.12111
982.45 12278.667 891.771 2297.417 810.08282
983.55 11053.167 462.771 1760.417 816.12381
984.65 11237.667 418.271 1628.917 893.68801
985.75 10867.667 675.271 1828.917 883.4944
986.85 10659.667 372.271 1638.417 812.49697
987.95 10403.667 185.271 1345.917 880.40608
989.05 12005.167 783.271 2071.417 871.16652
990.15 11337.167 628.271 1710.417 989.59826
991.25 10339.167 443.271 1513.917 924.29226
992.34 10913.667 835.771 1982.917 878.5192
993.44 10225.667 478.271 1473.917 979.0024
994.54 9547.667 386.771 1334.417 966.70046
995.64 9483.167 731.271 1754.417 855.3909
996.74 9563.667 789.271 1829.917 843.16835
997.83 8403.167 73.771 1008.417 891.18206
998.93 8906.167 315.271 1299.917 872.48595
1000.03 10002.667 1230.771 2285.917 831.3444
1001.12 9712.167 704.771 1735.417 873.95651
1002.22 9138.167 729.271 1828.417 765.03919
1003.32 8012.667 272.271 1190.917 842.58762
1004.41 7924.167 467.271 1408.417 792.321
1005.51 7377.667 402.771 1217.917 855.66236
1006.6 6324.667 188.771 987.917 767.80673
1007.7 7439.167 624.271 1470.917 804.92877
1008.8 5854.167 103.271 755.917 881.16636
1009.89 7012.667 577.771 1331.917 853.26943
1010.99 6718.167 384.771 1149.417 828.27837
1012.08 6233.667 47.271 826.417 793.99712
1013.18 6917.167 394.271 1240.917 770.43975
1014.27 7084.167 202.271 1009.417 852.62107
1015.36 7200.167 334.271 1124.417 868.94037
1016.46 7254.167 402.771 1194.917 864.91601
1017.55 6384.167 148.271 862.917 872.58544
1018.65 7029.167 496.771 1208.917 917.28349
1019.74 7054.167 586.771 1441.917 756.29157
1020.83 6321.667 505.271 1239.417 792.26712
1021.93 5929.167 280.271 1081.417 705.10209
1023.02 5430.667 38.271 740.917 767.44147
1024.11 5126.667 63.771 754.417 733.06683
1025.2 5515.667 88.271 722.417 855.85921
1026.3 5898.667 454.271 1131.917 803.42796
1027.39 5815.667 597.771 1268.417 778.04045
1028.48 5570.667 486.771 1072.417 868.08371
1029.57 4835.167 312.771 901.917 767.61904
1030.66 5249.667 451.771 1035.417 822.05608
1031.75 7309.667 1483.271 2155.917 866.19064
1032.84 5309.167 652.771 1237.417 796.44728
1033.94 4129.667 161.271 678.417 767.36488
1035.03 5276.667 773.771 1262.917 920.56307
1036.12 3687.167 90.271 614.917 685.58551
1037.21 3706.167 66.771 609.417 670.67608
1038.3 4479.667 522.771 1049.417 751.33906
1039.39 3375.167 153.271 549.417 813.31051
1040.48 3779.667 455.771 904.417 740.873
1041.57 4123.667 616.271 1021.917 864.64473
1042.66 3669.667 441.771 862.917 766.4556
1043.74 4012.667 508.271 928.417 834.09034
1044.83 3851.167 543.271 974.917 766.34485
1045.92 2674.667 45.771 481.917 602.75618
1047.01 3993.167 617.771 1054.417 773.02835
1048.1 2564.667 96.771 402.417 807.4365
1049.19 3130.167 502.271 822.417 820.84336
1050.27 2957.667 342.271 705.417 720.20538
1051.36 2896.667 305.271 681.417 688.93381
1052.45 3248.667 469.771 875.417 685.0547
1053.54 3073.167 466.771 758.417 893.68526
1054.62 3273.667 525.271 900.417 732.6206
1055.71 2996.667 467.771 822.917 712.07251
1056.8 3588.667 688.271 1055.917 788.91037
1057.88 2663.667 328.771 652.417 721.43547
1058.97 2860.667 458.771 804.417 694.90085
1060.06 3589.667 834.771 1296.917 596.10968
1061.14 2570.167 367.771 664.417 742.43275
1062.23 5254.667 1608.271 2089.917 757.06984
1063.31 2685.667 547.271 887.917 627.74749
1064.4 2131.167 279.271 610.417 559.23876
1065.48 2505.667 526.771 738.917 932.79963
1066.57 2150.167 362.771 691.917 543.0407
1067.65 2516.667 543.771 885.417 577.4681
1068.74 2115.167 357.271 635.417 632.0051
1069.82 2472.667 544.271 856.417 617.78678
1070.9 6209.167 2151.771 2635.417 838.9185
1071.99 2352.167 561.771 908.917 515.74743
1073.07 2316.167 491.771 826.917 544.3588
1074.15 2490.167 576.771 914.417 566.6872
1075.24 2157.667 526.771 764.417 686.27151
1076.32 2237.167 625.771 880.417 632.79876
1077.4 3318.167 963.771 1324.417 652.82775
1078.49 1614.667 218.271 494.417 505.67333
1079.57 2475.667 655.271 905.917 726.28203
1080.65 2935.167 866.771 1207.917 606.30846
1081.73 1913.667 382.771 651.417 569.85649
1082.81 1403.667 238.271 479.917 482.27433
1083.89 2182.667 548.771 799.417 651.87426
1084.98 2161.167 533.271 847.417 518.19746
1086.06 1323.667 267.771 470.917 519.77236
1087.14 1419.667 283.771 487.417 557.78008
1088.22 1907.667 524.771 765.417 574.6601
1089.3 1414.667 261.771 458.417 586.28036
1090.38 3296.167 1101.771 1433.417 661.66862
1091.46 2196.167 598.771 838.417 666.56517
1092.54 1635.167 405.771 657.917 487.57329
1093.62 1687.167 412.771 674.917 486.13999
1094.7 1200.167 186.271 429.417 416.99083
1095.78 1840.667 490.771 699.917 645.43276
1096.86 1925.167 545.771 843.917 462.65803
1097.93 3394.667 1146.271 1458.417 720.30321
1099.01 2475.167 802.271 1099.917 562.04249
1100.09 1389.667 334.271 492.917 665.25284
