196.55 846.977 637.312 809.19 121.98454
197.76 1040.57 939.8 1092.907 65.81685
198.96 937.863 856.3 965.027 75.01618
200.16 697.605 561.303 735.803 78.10992
201.36 1131.775 1037.285 1194.787 59.99285
202.56 934.67 695.791 952.606 93.01593
203.76 753.01 612.799 782.088 82.82327
204.96 824.85 695.308 792.07 133.87668
206.16 574.267 490.81 587.32 86.47489
207.36 885.786 819.305 904.76 77.79687
208.56 748.248 680.301 752.872 93.62852
209.76 571.847 497.306 560.579 117.80875
210.96 657.809 620.302 695.691 49.75088
212.16 1418.626 1311.814 1432.742 88.32727
213.36 823.844 733.805 871.587 65.34846
214.56 710.037 636.813 706.009 105.82119
215.76 1254.01 1209.3 1195.088 0.0
216.96 1068.917 972.798 1085.364 85.38968
218.16 769.561 694.796 728.933 219.01402
219.35 635.324 483.31 604.647 125.28216
220.55 704.531 634.81 720.026 81.81622
221.75 668.425 581.816 654.845 118.59594
222.95 1046.499 923.809 1059.121 90.67173
224.15 844.187 746.315 819.061 134.53928
225.35 687.801 541.313 705.716 89.10326
226.55 619.088 558.809 606.854 125.4642
227.75 1002.499 842.309 985.621 111.77694
228.94 807.847 687.306 826.079 86.86193
230.14 770.783 694.304 765.768 107.01697
231.34 679.455 537.802 619.751 172.85445
232.54 645.162 577.802 576.631 0.0
233.74 627.653 576.298 625.657 104.04414
234.93 670.094 566.813 639.337 142.41047
236.13 732.487 621.303 775.156 72.2662
237.33 777.604 649.817 785.81 93.96525
238.53 655.738 583.311 672.406 81.29199
239.72 942.777 873.301 998.286 55.58753
240.92 509.404 429.306 569.406 57.17206
242.12 861.264 720.309 914.328 72.64978
243.31 617.872 461.804 654.001 81.2021
244.51 525.513 478.801 563.579 55.09871
245.71 957.146 823.809 962.682 96.01357
246.9 1147.013 1016.801 1154.079 94.85257
248.1 733.481 627.8 740.674 93.62736
249.3 763.357 643.297 746.545 116.28317
250.49 680.768 612.296 654.312 162.96594
251.69 809.047 666.304 790.475 114.95678
252.89 691.466 627.792 684.718 111.85408
254.08 484.347 415.806 457.079 166.06853
255.28 745.303 603.799 697.208 151.48747
256.47 487.55 424.305 460.967 172.51211
257.67 839.543 714.316 859.991 85.96304
258.86 880.827 748.311 843.638 139.0115
260.06 659.65 557.796 706.166 68.64878
261.26 1058.044 951.802 1008.984 185.79713
262.45 683.634 598.303 754.217 54.7294
263.65 446.084 357.292 482.364 70.9921
264.84 812.073 692.302 818.398 94.98412
266.04 598.466 487.792 555.218 164.14194
267.23 441.701 360.292 447.511 93.33916
268.42 593.84 436.803 538.596 154.27137
269.62 686.226 609.305 684.941 101.69881
270.81 691.907 585.307 675.397 118.32551
272.01 692.898 634.302 694.924 96.65824
273.2 782.96 731.789 843.235 45.91493
274.4 516.564 429.797 489.924 144.30599
275.59 785.124 677.298 795.743 91.03495
276.78 700.318 552.307 669.165 126.65893
277.98 615.029 548.295 612.028 104.70923
279.17 683.729 539.306 678.932 103.43543
280.37 680.31 532.288 594.184 239.14779
281.56 419.685 412.299 463.062 14.5498
282.75 512.98 398.314 508.181 104.36737
283.95 618.526 536.293 631.537 86.33976
285.14 602.262 530.293 648.83 60.71425
286.33 503.236 436.295 524.407 75.97263
287.52 700.931 583.29 671.321 133.635
288.72 809.632 681.787 795.718 112.21227
289.91 1018.271 885.298 1018.303 99.97559
291.1 764.337 571.302 725.105 125.50833
292.29 717.637 610.304 688.208 137.77536
293.49 741.794 601.794 740.235 101.12591
294.68 519.828 465.297 469.631 1258.23188
295.87 630.93 525.304 591.829 158.77602
297.06 710.007 643.798 687.097 152.91181
298.26 360.29 299.293 328.244 210.69515
299.45 623.372 543.304 556.001 630.61522
300.64 635.531 483.31 601.526 128.76461
301.83 671.955 587.802 627.251 213.31911
303.02 540.356 450.311 539.552 100.90026
304.21 776.569 658.314 817.414 74.3272
305.4 656.913 540.81 611.88 163.36465
306.59 636.05 567.805 697.467 52.63346
307.79 597.78 526.802 586.277 119.34075
308.98 503.783 417.804 482.268 133.37447
310.17 775.415 614.752 795.359 88.95725
311.36 629.849 525.778 613.564 118.55126
312.55 1005.852 886.78 998.055 107.00705
313.74 465.3 364.797 502.717 72.86998
314.93 774.748 618.301 749.372 119.36063
316.12 555.751 490.803 583.363 70.16873
317.31 360.621 306.797 340.752 158.51672
318.5 476.8 348.297 402.717 236.13122
319.69 631.297 462.296 638.226 96.06125
320.88 559.054 493.807 571.458 84.02559
322.07 427.354 425.795 524.054 1.58634
323.26 460.942 402.81 509.294 54.59228
324.45 412.185 303.799 387.062 130.17288
325.64 536.147 482.795 606.674 43.06783
326.83 719.337 558.302 697.605 115.60095
328.01 596.892 486.299 512.941 415.10863
329.2 714.28 615.802 713.277 101.02885
330.39 557.507 433.798 539.097 117.48365
331.58 479.949 341.799 399.269 240.38638
332.77 804.723 762.303 855.45 45.54072
333.96 360.004 246.296 348.105 111.68683
335.15 398.834 361.8 466.114 35.50283
336.33 429.949 355.799 459.769 71.31895
337.52 546.185 455.799 537.562 110.54616
338.71 565.363 413.8 513.527 151.97728
339.9 453.543 422.787 459.985 82.68
341.08 538.497 430.293 477.623 228.61913
342.27 684.688 568.8 623.553 211.65572
343.46 801.171 666.807 760.104 144.01722
344.65 641.671 581.807 629.104 126.57003
345.83 714.114 631.308 689.777 141.62406
347.02 406.85 301.808 385.07 126.15816
348.21 770.34 643.303 766.596 103.03698
349.4 417.159 298.301 403.139 113.37275
350.58 542.313 454.789 550.675 91.27936
351.77 460.153 387.798 441.157 135.60061
352.96 314.958 236.303 325.243 88.43672
354.14 516.538 412.299 515.002 101.49631
355.33 456.372 369.804 409.501 218.07279
356.51 312.58 265.291 296.873 149.73519
357.7 541.444 427.282 567.779 81.25617
358.89 386.204 339.294 441.502 45.89696
360.07 691.316 589.291 686.166 105.31615
361.26 717.598 618.77 693.315 132.57632
362.44 515.347 448.263 473.565 265.12989
363.63 397.335 364.256 375.6 291.60345
364.81 421.084 396.749 460.351 38.26232
366.0 299.294 201.751 300.721 98.5581
367.18 1011.784 894.26 1026.255 89.03664
368.37 414.101 297.772 447.306 77.79473
369.55 579.789 478.777 584.245 95.77484
370.74 662.524 556.277 659.038 103.39273
371.92 782.012 718.271 792.073 86.36778
373.11 417.029 353.765 420.522 94.76734
374.29 336.778 313.257 348.773 66.22669
375.48 470.949 436.769 497.263 56.50104
376.66 340.11 291.776 354.279 77.33065
377.84 747.601 592.272 697.806 147.18446
379.03 402.817 300.777 358.659 176.29118
380.21 286.563 226.268 329.918 58.17223
381.39 265.506 164.768 283.091 85.13853
382.58 599.2 491.777 643.512 70.79611
383.76 841.094 678.783 822.831 112.67865
384.94 847.588 730.28 866.348 86.21257
386.13 382.5 290.765 405.608 79.87854
387.31 433.248 379.272 503.866 43.32154
388.49 371.681 332.768 378.065 85.90762
389.68 533.518 448.774 505.556 149.24659
390.86 496.49 386.775 514.642 85.80393
392.04 663.002 571.281 741.607 53.85028
393.22 338.99 310.775 434.642 22.77832
394.41 409.153 325.768 385.151 140.41861
395.59 211.872 165.775 284.995 38.66538
396.77 448.913 334.78 436.874 111.79184
397.95 487.642 322.278 455.185 124.42133
399.13 586.059 503.78 570.434 123.44163
400.31 411.29 349.763 373.238 262.10295
401.5 535.07 357.271 519.401 109.6644
402.68 536.006 430.768 587.591 67.10642
403.86 402.283 304.774 387.262 118.20892
405.04 635.887 504.782 676.951 76.14879
406.22 353.363 236.27 337.521 115.64546
407.4 539.253 454.289 550.856 87.9842
408.58 638.452 535.771 657.254 84.5227
409.76 657.92 581.269 697.349 66.03274
410.94 484.49 418.275 467.642 134.12802
412.12 409.482 297.786 446.167 75.27687
413.3 405.731 282.278 426.917 85.35256
414.48 281.32 235.278 365.65 35.31599
415.66 372.858 256.783 401.038 80.46564
416.84 863.967 711.278 876.21 92.57674
418.02 474.544 370.273 513.478 72.81238
419.2 388.496 270.778 355.624 138.74239
420.38 440.107 361.775 517.788 50.20885
421.56 456.798 344.282 456.219 100.51746
422.74 765.216 626.77 736.961 125.64199
423.92 604.432 478.276 614.814 92.3964
425.1 462.32 356.778 512.65 67.7109
426.28 395.164 299.788 388.623 107.36225
427.46 909.546 769.788 947.477 78.65308
428.63 488.186 345.785 503.055 90.54588
429.81 510.603 367.787 545.804 80.22586
430.99 588.594 430.283 636.831 76.64623
432.17 774.215 655.284 839.968 64.39668
433.35 615.154 457.284 653.65 80.3962
434.52 296.638 119.79 295.701 100.53275
435.7 398.893 249.785 447.434 75.44086
436.88 590.585 480.778 626.357 75.42764
438.06 471.342 370.789 500.589 77.46762
439.23 396.938 262.779 419.797 85.44229
440.41 538.523 404.792 596.545 69.74126
441.59 643.636 501.775 676.702 81.09736
442.77 352.29 214.793 444.744 59.79438
443.94 661.852 516.78 655.555 104.53763
445.12 616.744 466.784 668.882 74.2013
446.3 789.056 645.279 838.443 74.43267
447.47 606.973 431.781 623.193 91.52626
448.65 661.999 508.779 723.115 71.48557
449.82 481.999 318.279 518.615 81.72236
451.0 514.737 320.281 557.4 82.00804
452.18 477.89 267.784 492.443 93.52236
453.35 544.47 329.28 589.202 82.79038
454.53 529.304 345.785 588.701 75.54829
455.7 416.062 218.782 493.926 71.70086
456.88 773.16 569.287 852.632 71.9524
458.05 610.887 385.282 647.951 85.88932
459.23 406.594 219.283 524.331 61.40385
460.4 580.47 328.28 623.202 85.51089
461.58 672.543 458.287 692.485 91.48467
462.75 446.243 185.284 505.882 81.39767
463.93 602.148 405.781 707.167 65.15477
465.1 569.789 307.777 631.745 80.87581
466.28 422.198 146.791 453.02 89.93521
467.45 399.47 95.78 461.202 83.10677
468.63 636.416 296.782 672.365 90.42835
469.8 858.212 480.783 868.977 97.22681
470.97 521.769 235.782 557.805 88.80959
472.15 746.673 382.293 777.597 92.17708
473.32 768.698 471.791 886.52 71.59075
474.49 839.781 534.788 943.27 74.66508
475.67 654.756 291.79 797.347 71.79516
476.84 546.991 204.29 642.14 78.26904
478.01 786.215 407.784 929.968 72.47069
479.19 756.94 344.794 818.795 86.95043
480.36 578.488 228.289 703.149 73.7479
481.53 780.864 339.786 888.02 80.45441
482.7 708.141 276.792 858.692 74.1277
483.88 627.472 217.295 769.2 74.32014
485.05 668.16 266.287 796.132 75.84737
486.22 789.331 328.799 898.122 80.89119
487.39 648.194 226.803 829.536 69.91338
488.56 759.157 361.785 933.641 69.48822
489.74 965.497 484.293 1179.123 69.25499
490.91 672.848 172.292 811.071 78.36132
492.08 753.157 286.285 938.141 71.62204
493.25 686.969 194.794 893.709 70.41984
494.42 831.09 309.795 971.847 78.73924
495.59 786.5 288.795 941.114 76.29787
496.76 820.151 292.782 992.658 75.35179
497.93 976.574 386.288 1169.891 75.32983
499.1 946.765 417.795 1133.321 73.92743
500.27 1185.061 613.796 1399.933 72.66736
501.44 1247.96 701.289 1434.735 74.53451
502.61 883.877 297.292 1051.485 77.77645
503.78 978.156 379.799 1220.148 71.20338
504.95 1326.457 737.788 1565.244 71.14198
506.12 1033.627 404.8 1185.234 80.57404
507.29 817.526 242.793 1043.037 71.81977
508.46 681.319 62.793 892.157 74.57835
509.63 1430.319 694.793 1570.657 83.97719
510.8 1384.052 716.291 1598.459 75.69539
511.97 1000.049 370.79 1235.468 72.77378
513.14 853.955 192.302 1134.251 70.24298
514.31 1157.529 498.295 1374.528 75.23506
515.48 1022.366 323.301 1331.019 69.37112
516.65 1018.727 231.291 1273.933 75.52313
517.81 982.532 242.296 1223.519 75.44015
518.98 1192.635 426.289 1435.709 75.91939
520.15 924.372 166.304 1220.001 71.94364
521.32 1184.316 395.291 1484.666 72.42915
522.49 1705.63 830.801 1961.226 77.38946
523.65 1557.8 640.297 1854.717 75.55065
524.82 1246.256 363.79 1484.847 78.71728
525.99 914.602 77.801 1198.812 74.64698
527.16 1377.878 393.807 1632.984 79.41331
528.32 1379.408 402.293 1629.89 79.59577
529.49 1229.787 302.791 1494.752 77.77068
530.66 1025.767 97.31 1346.32 74.33542
531.82 1153.367 173.287 1461.511 76.07995
532.99 1249.972 235.795 1633.7 72.54975
534.16 1354.383 255.795 1684.968 76.8688
535.32 1639.714 524.799 1974.976 76.88129
536.49 1304.949 160.299 1621.769 78.32185
537.65 1787.784 586.79 2169.761 75.86964
538.82 1384.386 139.296 1837.959 73.29823
539.99 1648.704 390.794 2025.002 76.9737
541.15 1765.629 434.286 2110.227 79.43852
542.32 1456.806 96.801 1843.2 77.87482
543.48 1861.197 475.805 2300.027 75.94427
544.65 2057.557 600.808 2482.449 77.41905
545.81 2393.561 823.796 2941.933 74.11064
546.98 2004.047 293.804 2494.975 77.69697
548.14 2219.561 476.296 2658.433 79.88797
549.31 1926.271 234.798 2508.803 74.38298
550.47 2036.127 225.3 2617.234 75.70557
551.63 2414.032 607.796 3027.019 74.66183
552.8 2194.109 271.29 2755.787 77.39269
553.96 2235.564 250.297 2767.424 78.87035
555.13 2333.863 241.8 2935.527 77.66425
556.29 2671.841 594.303 3352.096 75.33334
557.45 2321.485 153.787 3024.658 75.50665
558.62 2595.952 299.8 3296.26 76.62882
559.78 2815.547 428.304 3480.475 78.21459
560.94 2568.924 228.301 3340.346 75.21172
562.11 2611.458 219.303 3450.243 74.03899
563.27 2655.188 51.8 3378.053 78.26788
564.43 2613.096 18.298 3374.329 77.31744
565.59 2740.324 148.31 3573.147 75.68284
566.76 2909.256 198.29 3754.847 76.22443
567.92 3174.677 314.31 3935.087 78.99872
569.08 3308.427 419.802 4193.837 76.53941
570.24 3121.106 217.289 4100.295 74.7827
571.4 3073.535 121.798 4056.01 75.0274
572.57 3285.942 226.81 4264.294 75.76828
573.73 3137.337 37.302 4177.605 74.8746
574.89 3427.611 213.806 4456.786 75.74405
576.05 3602.083 286.292 4674.864 75.55513
577.21 3504.469 117.294 4512.209 77.07031
578.37 3379.981 23.3 4485.174 75.2303
579.53 3586.344 130.805 4638.087 76.66568
580.69 4013.191 338.802 4960.044 79.51085
581.85 3855.303 275.799 4983.208 76.03978
583.01 3956.007 225.298 4960.597 78.78507
584.17 4096.857 250.797 5274.045 76.5652
585.33 4298.602 346.802 5374.312 78.60352
586.49 4152.118 167.295 5422.261 75.82967
587.65 4490.09 298.295 5634.847 78.54875
588.81 4417.72 315.302 5661.958 76.72866
589.97 4815.774 521.799 5897.795 79.8731
591.13 4496.488 219.789 5667.649 78.50237
592.29 4493.987 243.303 5733.656 77.42095
593.45 4560.694 104.803 5779.036 78.52852
594.61 4510.049 108.29 5746.468 78.07059
595.77 4563.217 92.8 5843.967 77.73061
596.93 4582.345 66.291 5865.08 77.87926
598.09 4787.265 217.795 6083.821 77.8972
599.24 4721.751 114.803 6090.363 77.09651
600.4 4756.118 160.795 6204.261 76.03788
601.56 4917.36 113.298 6318.536 77.41946
602.72 5050.401 231.804 6418.415 77.8875
603.87 5148.365 270.315 6514.026 78.12741
605.03 4952.901 101.304 6395.915 77.0754
606.19 4987.484 37.301 6542.165 76.09971
607.35 4914.987 14.303 6367.656 77.13539
608.5 5301.099 340.3 6723.82 77.71258
609.66 5638.579 510.805 7070.88 78.16639
610.82 5188.296 113.796 6724.726 76.75925
611.97 5121.84 82.803 6653.096 76.69425
613.13 5527.496 342.307 7039.63 77.42181
614.29 5425.777 237.301 6992.286 76.80958
615.44 5598.309 341.302 7114.191 77.61838
616.6 5267.726 63.305 6774.441 77.54903
617.76 5568.513 329.801 7189.579 76.36853
618.91 5672.999 361.809 7391.622 75.55237
620.07 5653.162 341.302 7325.631 76.05398
621.22 5228.251 0.303 7099.863 73.63764
622.38 5934.34 580.303 7720.596 74.98344
623.53 5312.035 33.298 7125.51 74.43005
624.69 5411.608 66.805 7172.794 75.21547
625.84 5590.427 73.302 7277.837 76.57849
627.0 5690.603 252.287 7412.804 75.94865
628.15 5537.43 21.804 7452.329 74.22929
629.31 5583.673 215.293 7546.097 73.23044
630.46 5247.952 -33.2 7456.76 70.50975
631.61 5393.99 221.304 7677.647 69.37296
632.77 5365.644 198.793 7733.183 68.5769
633.92 5484.506 282.798 7941.597 67.91807
635.08 5658.374 503.29 8301.494 66.10603
636.23 5169.923 159.301 7972.846 64.12739
637.38 4813.159 -23.699 7813.639 61.71557
638.54 4870.5 324.295 8313.614 56.90354
639.69 4723.088 502.309 8487.354 52.85855
640.84 4077.754 225.299 8338.026 47.48657
641.99 3587.977 43.799 8279.804 43.03273
643.15 3887.699 457.299 8617.58 42.03777
644.3 3180.922 57.299 8463.856 37.15698
645.45 2812.144 -54.201 8340.134 34.14619
646.6 2945.367 498.299 8915.91 29.07081
647.75 2145.089 122.3 8731.188 23.49653
648.91 1554.312 -43.2 8643.464 18.3904
650.06 1344.534 95.3 8882.24 14.21695
651.21 1205.257 258.8 9085.518 10.72264
652.36 1051.979 291.8 9210.794 8.52315
653.51 795.202 97.8 9010.07 7.82518
654.66 756.924 106.801 9258.848 7.10359
655.81 949.147 338.301 9616.624 6.58358
656.96 602.369 29.301 9397.901 6.11691
658.11 751.592 201.301 9693.678 5.79719
659.27 801.814 224.801 9801.954 6.02489
660.42 598.537 23.801 9721.731 5.92637
661.57 920.259 203.302 10014.508 7.30754
662.72 737.982 -70.698 9721.784 8.25817
663.87 956.204 -42.198 9928.062 10.01381
665.01 1453.927 153.802 10224.838 12.90954
666.16 1857.15 3.802 10214.115 18.15172
667.31 2686.372 69.302 10528.392 25.02196
668.46 3946.594 364.803 11167.168 33.15748
669.61 4635.817 85.803 10805.945 42.4436
670.76 5587.04 -15.197 11199.722 49.95343
671.91 6603.762 383.803 11586.998 55.51951
673.06 7033.484 292.803 11827.275 58.43944
674.21 6910.707 -86.197 11452.552 60.63832
675.35 7482.93 143.804 11977.829 62.01716
676.5 7527.152 107.304 11903.105 62.90245
677.65 8041.875 5.804 11984.382 67.08702
678.8 8313.097 -81.696 12054.159 69.17347
679.94 8851.319 20.804 12371.936 71.4956
681.09 9224.042 183.304 12968.712 70.71138
682.24 9327.265 202.305 13234.989 70.01597
683.39 9104.987 5.305 13352.266 68.17794
684.53 9687.21 205.305 13957.043 68.95059
685.68 9544.932 103.305 13729.819 69.28864
686.83 10196.654 149.805 14338.096 70.81085
687.97 10328.377 114.306 14105.373 73.00423
689.12 10704.1 72.806 14535.149 73.51017
690.27 10841.322 14.306 14401.426 75.25493
691.41 11135.045 252.306 14927.703 74.15635
692.56 10967.268 174.306 14832.979 73.6285
693.7 11172.989 173.806 15399.257 72.24209
694.85 10944.212 -17.193 15092.033 72.54776
695.99 11511.435 194.307 15823.81 72.40875
697.14 11673.157 89.807 15674.587 74.32476
698.28 12144.88 205.807 16044.363 75.37981
699.43 12406.103 115.807 16045.14 77.15512
700.57 12062.824 -75.193 15983.417 75.58573
701.72 12341.547 -61.692 16498.693 74.89704
702.86 12091.27 -99.192 16103.971 75.23507
704.01 12342.492 -16.692 16799.748 73.49465
705.15 12525.715 196.308 17168.523 72.64465
706.29 12731.938 30.308 17380.301 73.20827
707.44 13080.16 66.808 17534.078 74.50135
708.58 13241.882 -71.691 17400.854 76.1971
709.72 14073.604 315.809 18098.131 77.36782
710.87 13635.327 -109.191 17654.908 77.37245
712.01 13898.55 -56.691 17912.184 77.66341
713.15 14055.272 79.809 18370.961 76.40559
714.3 14275.495 208.309 18806.238 75.63845
715.44 13980.217 18.31 18631.514 75.01077
716.58 14158.439 111.81 19014.791 74.30907
717.72 14283.162 5.31 19133.568 74.64272
718.87 14739.885 68.31 19176.844 76.78022
720.01 15084.607 57.31 19360.621 77.84829
721.15 15034.83 -70.19 19113.398 78.73928
722.29 15562.052 172.811 19521.176 79.53768
723.43 15689.774 225.811 19856.451 78.77463
724.57 15557.997 187.311 19986.729 77.63201
725.72 15022.22 95.811 19880.506 75.44422
726.86 15560.442 355.311 20546.281 75.30659
728.0 15227.165 33.811 20311.059 74.92809
729.14 15648.888 -38.688 20669.836 75.7542
730.28 16179.609 244.812 20858.611 77.3016
731.42 16231.332 -48.688 20867.389 77.83496
732.56 17237.555 351.312 21565.666 79.59819
733.7 16904.277 203.812 21336.941 79.02505
734.84 16890.0 -91.688 21197.719 79.7659
735.98 16886.723 62.813 21752.996 77.56463
737.12 16724.445 -52.187 21573.771 77.57636
738.26 16507.668 22.813 21732.549 75.93301
739.4 16811.391 113.313 22133.326 75.83137
740.53 17216.113 146.813 22529.604 76.26082
741.67 17340.834 118.813 22277.379 77.72173
742.81 17300.557 -95.186 22174.156 78.11521
743.95 17808.779 158.814 22437.434 79.22378
745.09 17899.502 -2.686 22464.209 79.68252
746.23 18512.225 163.314 22992.486 80.37484
747.36 18125.947 212.314 23110.264 78.23248
748.5 17917.17 -6.686 22847.039 78.4286
749.64 17835.393 5.315 22528.816 79.1621
750.78 17638.615 -16.185 22733.094 77.60598
751.92 17749.338 17.315 23161.869 76.61423
753.05 17475.061 49.315 22690.646 76.96431
754.19 18333.783 323.315 23392.924 78.07011
755.33 18202.504 -118.685 22948.199 79.42637
756.46 18516.727 125.316 23062.477 80.18172
757.6 18590.449 8.816 23131.254 80.36191
758.74 18969.672 285.816 23208.031 81.50982
759.87 18640.895 83.816 23087.307 80.67071
761.01 18452.617 68.316 23176.584 79.55724
762.14 18042.84 68.817 23283.361 77.4257
763.28 18200.563 231.317 23437.637 77.43255
764.41 17794.785 96.317 22849.414 77.78488
765.55 17881.008 -118.183 22932.191 78.08633
766.69 18348.73 118.817 23382.467 78.36222
767.82 18285.953 118.317 23081.744 79.11553
768.95 18536.676 -1.182 22986.021 80.64425
770.09 18813.896 444.318 23153.297 80.89126
771.22 19052.119 352.318 23320.074 81.41762
772.36 18582.842 220.318 23147.852 80.0894
773.49 18619.564 302.818 23196.129 80.00916
774.63 18013.287 56.818 22989.904 78.2994
775.76 17509.01 36.319 22380.682 78.19731
776.89 17597.732 210.819 22652.959 77.4744
778.03 17657.455 138.819 22631.234 77.88686
779.16 17446.178 -42.681 22547.512 77.41793
780.29 17672.4 129.819 22589.289 78.10773
781.43 18145.123 297.819 22433.064 80.62844
782.56 17927.346 137.32 22054.842 81.16805
783.69 18046.068 -0.68 22051.619 81.83613
784.82 18165.289 60.32 22251.895 81.58488
785.96 17839.512 78.32 22133.672 80.53008
787.09 17405.734 99.82 21672.949 80.21977
788.22 17319.457 112.32 21983.225 78.67593
789.35 17208.18 -24.179 21838.002 78.82269
790.48 16788.402 49.821 21608.279 77.64276
791.62 16861.625 237.321 21518.557 78.11719
792.75 16404.848 -33.179 20930.332 78.41256
793.88 17154.57 345.821 21570.109 79.19582
795.01 17218.293 120.321 21295.387 80.74578
796.14 17437.516 221.822 21276.162 81.76791
797.27 17246.738 229.322 21164.939 81.28452
798.4 17209.461 100.322 20896.217 82.27171
799.53 16940.182 -69.678 20784.492 81.56575
800.66 16906.404 107.822 20992.77 80.43392
801.79 16997.627 716.822 21395.047 78.73405
802.92 16075.85 70.823 20581.822 78.03143
804.05 16187.072 174.823 20779.6 77.71135
805.18 15871.795 125.823 20385.377 77.72122
806.31 16107.018 67.823 20369.152 79.00564
807.44 16081.74 -58.177 20479.93 78.58522
808.57 16385.463 159.323 20511.207 79.72795
809.69 16665.186 180.324 20368.984 81.65406
810.82 16690.408 -126.176 20398.26 81.93445
811.95 16998.131 498.324 20386.037 82.96483
813.08 16265.853 34.824 19879.314 81.79111
814.21 16922.574 518.324 20196.59 83.36228
815.33 15913.798 118.824 19702.867 80.65226
816.46 15599.521 161.825 19430.145 80.11957
817.59 15556.242 417.825 19540.42 79.16508
818.72 15280.965 234.825 19530.197 77.97797
819.84 15504.688 436.825 19383.475 79.52785
820.97 14886.91 259.825 18739.75 79.15121
822.1 15046.633 310.325 18890.027 79.31401
823.22 14880.855 -29.174 18414.305 80.84174
824.35 15133.578 26.326 18436.082 82.06112
825.48 15216.8 251.326 18507.857 81.97326
826.6 15251.522 136.326 18357.135 82.95568
827.73 14798.245 -83.674 17736.912 83.50971
828.85 14898.468 89.826 18003.688 82.66583
829.98 14841.19 303.827 18359.465 80.51426
831.11 14359.413 -22.173 17766.742 80.84577
832.23 14172.135 17.827 17927.018 79.03377
833.36 14326.357 261.327 18013.795 79.22859
834.48 13928.08 130.327 17510.072 79.38985
835.6 13964.803 192.827 17510.848 79.52396
836.73 13690.025 -37.172 17347.625 78.96093
837.85 14137.248 218.328 17522.402 80.43724
838.98 14091.971 -94.672 17294.678 81.58236
840.1 14403.692 194.328 17687.455 81.22827
841.23 14542.915 119.828 17257.732 84.15899
842.35 14678.138 350.329 17657.01 82.78773
843.47 14209.86 100.829 17090.785 83.04337
844.6 13973.083 -38.171 16920.063 82.62213
845.72 13917.806 4.829 16962.34 82.0461
846.84 13675.027 22.329 16891.115 80.93468
847.96 13467.75 16.829 16792.393 80.18163
849.09 13060.473 -3.67 16469.17 79.30717
850.21 13303.195 68.83 16711.945 79.51856
851.33 13431.918 196.33 16953.223 78.98593
852.45 13305.141 -56.17 16654.5 79.95676
853.57 13506.363 122.33 16730.775 80.58571
854.7 13822.585 -3.67 16505.553 83.74867
855.82 13699.308 18.331 16425.33 83.385
856.94 13913.03 186.831 16592.105 83.66943
858.06 13587.753 -122.669 16323.383 83.36604
859.18 14040.476 170.331 16786.66 83.47298
860.3 13732.698 87.831 16382.437 83.73855
861.42 13229.92 -103.669 16152.713 82.02064
862.54 13249.643 -96.168 16499.49 80.41748
863.66 12968.865 -43.668 16369.267 79.28219
864.78 12970.588 71.332 16433.543 78.83565
865.9 13000.811 109.332 16517.32 78.56831
867.02 13619.533 676.832 17046.598 79.06467
868.14 13365.756 444.332 16680.873 79.58237
869.26 13214.978 226.833 16216.15 81.23014
870.38 12969.7 -115.667 15969.428 81.35089
871.5 12988.423 -77.667 15703.704 82.79439
872.62 13117.146 -52.167 15886.98 82.62244
873.74 13607.368 306.333 16160.758 83.89478
874.85 13098.979 -52.667 15654.896 83.72812
875.97 13060.979 119.333 15630.896 83.43226
877.09 12921.479 122.333 15581.396 82.79381
878.21 12984.979 63.333 15602.896 83.15322
879.33 12767.479 123.833 15565.396 81.88062
880.44 12225.979 66.333 15300.896 79.81618
881.56 12309.479 40.333 15506.396 79.32948
882.68 12399.979 92.833 15367.896 80.57019
883.79 12522.979 424.833 15543.396 80.0218
884.91 11914.479 -134.167 15177.396 78.68986
886.03 12589.979 169.833 15488.396 81.07906
887.14 12709.979 290.333 15515.896 81.57102
888.26 13174.979 330.333 15726.896 83.42542
889.38 13231.479 273.833 15700.896 83.99296
890.49 13094.979 -86.667 15604.896 84.00468
891.61 13469.479 97.333 15769.396 85.32474
892.72 13325.979 -71.167 16052.396 83.09049
893.84 13382.979 -71.667 16223.896 82.56632
894.95 13470.979 -80.667 16639.896 81.04779
896.07 13715.479 20.833 16548.896 82.85693
897.18 13709.979 147.833 16775.896 81.56179
898.3 13468.479 -53.167 16590.396 81.2425
899.41 13777.479 274.833 17242.396 79.57917
900.53 13510.979 120.333 16882.396 79.88662
901.64 13551.479 219.833 17027.396 79.31933
902.75 13403.479 53.833 16818.896 79.62777
903.87 13269.979 -10.667 16414.396 80.85598
904.98 13522.979 149.833 16538.396 81.60048
906.09 13619.979 22.833 16424.396 82.90153
907.21 13646.979 145.833 16502.396 82.54268
908.32 13551.479 28.333 16140.396 83.93181
909.43 13712.479 272.333 16198.896 84.38824
910.54 13387.479 127.833 16021.396 83.42778
911.66 13676.479 540.333 16217.396 83.79214
912.77 12980.979 -1.667 15441.396 84.06782
913.88 12659.979 150.833 15513.396 81.42617
914.99 12534.479 -48.167 15157.896 82.74756
916.1 12434.979 135.833 15271.396 81.25992
917.22 11935.979 -30.167 14807.396 80.64766
918.33 12338.479 289.833 15369.896 79.89785
919.44 11948.979 76.833 14945.396 79.8473
920.55 12083.979 358.833 15102.396 79.52723
921.66 11770.479 200.333 14444.896 81.225
922.77 11856.979 207.333 14446.396 81.8147
923.88 11957.479 300.833 14430.396 82.49828
924.99 11832.479 142.333 14020.396 84.23472
926.1 11544.479 -86.167 13841.896 83.50513
927.21 12013.479 317.833 13998.396 85.49098
928.32 11373.479 -121.167 13398.896 85.01918
929.43 11151.979 60.833 13208.896 84.35575
930.54 10853.979 23.833 13190.396 82.25493
931.65 10794.479 82.333 12995.896 82.95268
932.76 10635.979 184.333 12781.896 82.96562
933.86 10256.979 93.333 12369.396 82.7924
934.97 9656.979 22.833 11894.896 81.14973
936.08 9332.479 4.833 11603.896 80.41724
937.19 8961.979 312.833 11024.396 80.74589
938.3 8217.979 227.833 9905.896 82.55936
939.4 7705.479 293.333 9500.396 80.505
940.51 6888.479 69.333 8660.896 79.37027
941.62 6732.479 193.833 8013.896 83.61372
942.73 6845.479 508.833 8234.896 82.0165
943.83 6136.479 125.833 7535.896 81.11464
944.94 6215.479 151.833 7414.896 83.48607
946.05 6067.479 -150.667 7261.896 83.88658
947.15 6308.479 -68.667 7300.896 86.53357
948.26 6465.979 64.833 7531.896 85.72508
949.36 6319.479 -1.167 7536.396 83.8553
950.47 6851.979 121.333 7957.396 85.89321
951.57 7151.479 369.833 8358.896 84.88663
952.68 7032.479 229.333 8398.396 83.2794
953.79 7268.979 217.833 8727.896 82.85657
954.89 7025.979 8.833 8520.896 82.43767
955.99 7256.479 167.333 9045.896 79.84565
957.1 7253.479 40.333 8953.896 80.92327
958.2 7456.479 76.333 9356.896 79.52261
959.31 7717.979 203.333 9547.896 80.41731
960.41 7485.979 28.333 9452.896 79.12989
961.52 7598.479 -30.667 9414.896 80.76963
962.62 8119.479 175.833 9765.896 82.83206
963.72 7884.479 -80.667 9427.396 83.77255
964.83 7831.979 -124.667 9410.396 83.44619
965.93 8239.979 112.833 9648.896 85.22539
967.03 8389.479 271.333 9840.396 84.83743
968.13 8251.479 208.333 9783.896 83.99659
969.24 8322.479 8.833 9677.896 85.98193
970.34 8213.479 31.333 9675.896 84.83689
971.44 8143.479 52.333 9737.896 83.53821
972.54 8037.979 141.833 9735.896 82.30242
973.64 7881.479 5.333 9461.396 83.29203
974.75 8381.979 435.833 10012.396 82.97493
975.85 9345.979 1647.833 11151.896 80.99848
976.95 7556.479 7.333 9252.896 81.65156
978.05 7709.479 203.333 9359.396 81.98006
979.15 7893.979 433.833 9610.896 81.29122
980.25 7351.479 2.833 8996.396 81.71007
981.35 7370.979 60.333 9060.896 81.22432
982.45 7722.979 410.333 9336.896 81.92007
983.55 7387.979 186.833 9070.896 81.0569
984.65 7431.979 138.833 8885.896 83.37823
985.75 7633.479 309.833 8916.896 85.0888
986.85 7534.979 180.333 8760.896 85.71286
987.95 7263.979 14.833 8506.396 85.36881
989.05 7414.979 361.833 8685.396 84.73711
990.15 7414.979 271.833 8545.896 86.33179
991.25 7130.479 124.833 8437.896 84.27274
992.34 7221.979 347.833 8374.396 85.64246
993.44 6903.979 140.833 8187.896 84.0449
994.54 6659.479 111.833 7935.396 83.69136
995.64 6717.479 309.833 7992.896 83.39963
996.74 6573.979 351.833 7862.896 82.83975
997.83 6019.479 -49.167 7328.396 82.25814
998.93 6041.979 76.333 7317.396 82.38633
1000.03 6487.479 590.833 7840.896 81.33234
1001.12 6136.479 353.833 7495.396 80.97171
1002.22 6056.979 315.333 7351.896 81.59731
1003.32 5610.479 64.833 6905.896 81.0641
1004.41 5654.479 125.333 6824.396 82.53611
1005.51 5515.979 120.833 6636.396 82.80399
1006.6 5218.479 6.333 6172.896 84.52271
1007.7 5443.979 306.833 6435.396 83.82301
1008.8 5059.479 -47.667 6021.896 84.14355
1009.89 5202.979 235.333 6104.896 84.634
1010.99 5246.479 114.333 6068.896 86.18846
1012.08 5022.479 -29.167 5836.396 86.1238
1013.18 5440.979 126.833 6333.396 85.6214
1014.27 5643.479 47.333 6567.896 85.82305
1015.36 5642.979 64.833 6685.396 84.25486
1016.46 5714.479 124.833 6803.896 83.68907
1017.55 5496.479 -38.167 6532.896 84.22756
1018.65 5444.479 151.833 6482.396 83.60466
1019.74 5393.979 258.833 6437.396 83.1123
1020.83 4943.479 177.833 6159.896 79.66559
1021.93 4815.479 91.833 5880.896 81.59604
1023.02 4415.979 -45.667 5504.396 80.3891
1024.11 4369.979 -60.167 5364.896 81.66073
1025.2 4202.479 -58.167 5193.896 81.12328
1026.3 4453.479 189.833 5276.396 83.82175
1027.39 4326.479 250.833 5281.896 81.00964
1028.48 4159.479 163.333 5010.896 82.43618
1029.57 3968.479 104.333 4769.396 82.8316
1030.66 4067.479 198.333 4801.896 84.04677
1031.75 4587.979 757.333 5290.896 84.49526
1032.84 4022.979 241.333 4657.396 85.63388
1033.94 3635.979 -37.167 4252.896 85.61987
1035.03 3884.979 296.333 4418.396 87.05947
1036.12 3410.479 -58.667 4011.396 85.23569
1037.21 3308.479 -21.667 3894.396 85.03812
1038.3 3404.479 213.833 3975.896 84.81108
1039.39 3098.979 16.833 3608.896 85.80435
1040.48 3237.979 156.833 3740.396 85.97997
1041.57 3166.479 235.333 3755.896 83.25789
1042.66 2964.979 153.833 3560.896 82.50938
1043.74 2892.979 184.833 3474.396 82.32542
1044.83 2832.479 192.833 3317.896 84.46698
1045.92 2432.479 -67.167 3029.396 80.72325
1047.01 2668.479 249.333 3286.896 79.64103
1048.1 2335.979 -79.167 2833.896 82.90746
1049.19 2450.479 144.833 2989.896 81.04026
1050.27 2270.979 105.333 2809.896 80.0738
1051.36 2217.979 41.833 2691.896 82.11678
1052.45 2288.479 197.333 2719.896 82.89769
1053.54 2180.479 131.333 2600.896 82.97607
1054.62 2220.479 203.333 2626.896 83.23062
1055.71 2240.979 181.833 2650.896 83.39789
1056.8 2299.979 261.833 2600.896 87.13517
1057.88 2034.979 105.333 2311.896 87.45032
1058.97 2071.479 165.833 2337.396 87.7546
1060.06 2179.979 360.833 2489.896 85.44352
1061.14 1819.979 99.333 2068.396 87.38401
1062.23 2517.979 781.333 2730.396 89.10161
1063.31 1817.979 185.333 2084.396 85.97115
1064.4 1603.979 66.333 1901.896 83.76973
1065.48 1719.479 148.333 1942.896 87.55035
1066.57 1601.479 79.833 1808.896 88.00409
1067.65 1570.479 210.833 1857.896 82.54974
1068.74 1389.479 58.333 1726.896 79.778
1069.82 1516.979 209.833 1716.396 86.76346
1070.9 2454.979 1117.333 2755.396 81.66025
1071.99 1456.979 198.833 1714.896 82.98772
1073.07 1383.479 154.833 1615.396 84.12141
1074.15 1404.979 187.833 1621.896 84.87397
1075.24 1290.479 193.833 1580.896 79.06246
1076.32 1311.479 239.333 1584.896 79.68012
1077.4 1546.979 478.833 1821.896 79.53061
1078.49 1180.979 43.333 1345.896 87.33905
1079.57 1343.979 275.333 1493.896 87.69725
1080.65 1475.979 398.333 1624.896 87.85902
1081.73 1193.979 114.833 1305.896 90.60362
1082.81 1055.979 -13.167 1169.396 90.40924
1083.89 1265.479 227.833 1351.896 92.31211
1084.98 1162.479 212.833 1323.396 85.51034
1086.06 978.979 48.333 1083.896 89.86863
1087.14 970.479 25.333 1130.396 85.52872
1088.22 1020.479 168.833 1226.396 80.52912
1089.3 839.979 -23.167 993.396 84.90829
1090.38 1363.979 484.333 1528.396 84.25221
1091.46 1096.979 224.333 1222.896 87.3902
1092.54 877.479 71.833 1040.896 83.13662
1093.62 856.979 116.833 1074.396 77.29478
1094.7 715.979 23.333 953.396 74.47305
1095.78 830.979 119.333 1022.896 78.76
1096.86 916.979 153.833 1019.896 88.11672
1097.93 1289.479 515.333 1384.396 89.07826
1099.01 974.979 321.833 1146.896 79.16319
1100.09 695.479 49.333 833.396 82.41
