196.55 1315.312 972.948 0.0 342.36414
197.76 1904.232 1427.472 0.0 476.76074
198.96 1738.94 1340.45 0.0 398.48962
200.16 1188.694 796.077 0.0 392.61713
201.36 1960.045 1587.379 0.0 372.66565
202.56 1337.81 990.115 0.0 347.6947
203.76 1125.794 849.94 0.0 275.85388
204.96 1337.777 932.264 0.0 405.51324
206.16 938.691 712.367 0.0 226.32428
207.36 1604.01 1181.173 0.0 422.83765
208.56 1424.22 1052.507 0.0 371.71289
209.76 983.449 637.704 0.0 345.74463
210.96 1236.658 888.539 0.0 348.11981
212.16 2608.994 2056.997 0.0 551.99683
213.36 1518.62 1126.644 0.0 391.97607
214.56 1213.25 890.479 0.0 322.771
215.76 2328.794 1834.94 0.0 493.85388
216.96 2000.722 1568.862 0.0 431.85938
218.16 1407.247 985.792 0.0 421.45514
219.35 1096.801 716.838 0.0 379.96259
220.55 1304.093 872.359 0.0 431.73376
221.75 1148.859 810.596 0.0 338.26288
222.95 1937.46 1461.314 0.0 476.14612
224.15 1493.433 1090.029 0.0 403.40381
225.35 1207.653 782.472 0.0 425.18048
226.55 1132.203 792.831 0.0 339.37213
227.75 1804.46 1378.814 0.0 425.64612
228.94 1495.449 1122.204 0.0 373.24463
230.14 1376.682 919.113 0.0 457.56915
231.34 1230.012 847.028 0.0 382.98413
232.54 1135.305 780.549 0.0 354.75543
233.74 1121.319 805.869 0.0 315.44971
234.93 1174.36 791.951 0.0 382.4093
236.13 1250.146 951.574 0.0 298.57196
237.33 1288.346 930.131 0.0 358.2149
238.53 1163.386 887.381 0.0 276.00513
239.72 1889.025 1373.993 0.0 515.0321
240.92 951.059 562.676 0.0 388.38293
242.12 1674.862 1152.807 0.0 522.05579
243.31 1081.926 755.63 0.0 326.29529
244.51 982.622 627.0 0.0 355.6225
245.71 1742.814 1278.803 0.0 464.0105
246.9 2172.622 1688.0 0.0 484.62256
248.1 1389.989 950.954 0.0 439.03473
249.3 1266.783 982.33 0.0 284.45251
250.49 1270.539 893.313 0.0 377.22638
251.69 1420.084 1049.106 0.0 370.97876
252.89 1297.846 916.154 0.0 381.69196
254.08 944.949 579.204 0.0 365.74463
255.28 1357.501 976.919 0.0 380.5827
256.47 902.913 577.666 0.0 325.24731
257.67 1563.907 1159.099 0.0 404.80811
258.86 1647.629 1172.898 0.0 474.73108
260.06 1299.49 917.809 0.0 381.68115
261.26 1887.256 1459.546 0.0 427.71033
262.45 1272.5 939.063 0.0 333.43628
263.65 849.895 565.158 0.0 284.73718
264.84 1532.561 1081.531 0.0 451.02942
266.04 1027.346 804.154 0.0 223.19196
267.23 837.444 487.661 0.0 349.78244
268.42 1058.792 706.584 0.0 352.20746
269.62 1299.072 882.641 0.0 416.43085
270.81 1343.388 959.736 0.0 383.65155
272.01 1346.902 923.056 0.0 423.84583
273.2 1560.189 1164.034 0.0 396.15491
274.4 957.075 664.852 0.0 292.22369
275.59 1551.014 1028.883 0.0 522.13062
276.78 1289.644 892.718 0.0 396.92554
277.98 1155.613 772.746 0.0 382.86749
279.17 1183.4 903.201 0.0 280.1994
280.37 1226.007 837.985 0.0 388.02197
281.56 855.953 528.915 0.0 327.03748
282.75 943.14 617.508 0.0 325.63263
283.95 1141.285 801.186 0.0 340.09894
285.14 1248.382 863.193 0.0 385.18927
286.33 1123.406 700.267 0.0 423.13867
287.52 1351.884 948.548 0.0 403.33569
288.72 1558.019 1136.95 0.0 421.06982
289.91 1880.868 1410.373 0.0 470.495
291.1 1374.963 1007.024 0.0 367.93896
292.29 1274.328 997.623 0.0 276.70483
293.49 1368.016 1044.239 0.0 323.77698
294.68 979.478 729.845 0.0 249.6333
295.87 1174.536 803.102 0.0 371.43365
297.06 1386.465 940.38 0.0 446.08539
298.26 671.187 420.179 0.0 251.00845
299.45 1156.426 789.13 0.0 367.29529
300.64 1142.093 822.859 0.0 319.23376
301.83 1287.012 857.028 0.0 429.98413
303.02 1060.434 630.384 0.0 430.05029
304.21 1561.384 1123.525 0.0 437.85864
305.4 1226.045 875.356 0.0 350.6886
306.59 1284.913 920.166 0.0 364.74731
307.79 1156.853 803.053 0.0 353.8006
308.98 878.182 579.113 0.0 299.06921
310.17 1393.11 966.081 0.0 427.02869
311.36 1220.146 857.597 0.0 362.54895
312.55 1942.974 1560.657 0.0 382.3175
313.74 890.673 584.359 0.0 306.31409
314.93 1446.22 1009.007 0.0 437.21295
316.12 1172.048 787.067 0.0 384.98145
317.31 683.185 406.823 0.0 276.36203
318.5 808.173 574.859 0.0 233.31409
319.69 1195.344 830.799 0.0 364.54553
320.88 1059.241 736.225 0.0 323.01587
322.07 936.454 607.271 0.0 329.1839
323.26 925.35 607.342 0.0 318.00775
324.45 716.953 447.415 0.0 269.53748
325.64 1142.162 766.749 0.0 375.41266
326.83 1407.463 996.024 0.0 411.43896
328.01 1104.245 738.436 0.0 365.80872
329.2 1385.353 976.053 0.0 409.3006
330.39 1025.465 727.38 0.0 298.08539
331.58 881.355 542.908 0.0 338.44708
332.77 1717.743 1253.081 0.0 464.66235
333.96 693.637 448.82 0.0 244.81683
335.15 838.135 524.964 0.0 313.17041
336.33 808.855 590.908 0.0 217.94708
337.52 1067.453 719.415 0.0 348.03754
338.71 1028.44 710.45 0.0 317.98956
339.9 993.276 614.932 0.0 378.34381
341.08 1025.48 688.2 0.0 337.27979
342.27 1304.281 879.475 0.0 424.80609
343.46 1505.29 1063.729 0.0 441.56104
344.65 1299.29 897.229 0.0 402.06104
345.83 1450.68 983.257 0.0 467.42273
347.02 766.277 470.264 0.0 296.01321
348.21 1457.792 1021.584 0.0 436.20746
349.4 849.476 462.989 0.0 386.48685
350.58 1131.835 718.045 0.0 413.79053
351.77 928.319 575.369 0.0 352.94977
352.96 634.841 324.088 0.0 310.75272
354.14 1106.099 619.926 0.0 486.1731
355.33 895.925 536.13 0.0 359.79523
356.51 730.566 387.098 0.0 343.46866
357.7 1117.047 679.734 0.0 437.31207
358.89 879.272 511.721 0.0 367.55096
360.07 1387.664 915.105 0.0 472.55908
361.26 1534.406 1061.79 0.0 472.61572
362.44 1084.666 733.483 0.0 351.1825
363.63 888.352 481.743 0.0 406.60831
364.81 962.112 531.437 0.0 430.67511
366.0 641.733 276.518 0.0 365.21487
367.18 2045.899 1403.392 0.0 642.50708
368.37 912.734 529.85 0.0 382.88428
369.55 1252.207 737.065 0.0 515.14197
370.74 1358.805 911.572 0.0 447.23248
371.92 1723.491 1158.332 0.0 565.1582
373.11 1033.982 476.078 0.0 557.90323
374.29 770.742 421.772 0.0 348.97
375.48 945.224 531.741 0.0 413.48279
376.66 868.22 441.53 0.0 426.68994
377.84 1428.734 953.85 0.0 474.88434
379.03 738.012 405.051 0.0 332.96121
380.21 628.944 332.184 0.0 296.75946
381.39 588.334 266.212 0.0 322.12112
382.58 1323.464 816.548 0.0 506.91595
383.76 1688.729 1148.784 0.0 539.94507
384.94 1781.572 1254.164 0.0 527.40784
386.13 991.677 426.593 0.0 565.08398
387.31 1121.588 618.339 0.0 503.24866
388.49 953.492 474.688 0.0 478.80463
389.68 1204.148 637.952 0.0 566.19537
390.86 1102.343 567.466 0.0 534.87622
392.04 1554.657 982.706 0.0 571.95038
393.22 991.343 445.466 0.0 545.87619
394.41 937.187 473.202 0.0 463.98547
395.59 657.794 193.463 0.0 464.33099
396.77 1101.413 552.689 0.0 548.72437
397.95 1205.353 637.576 0.0 567.77765
399.13 1480.267 792.678 0.0 687.58868
400.31 1125.556 447.511 0.0 678.04419
401.5 1385.601 626.304 0.0 759.29651
402.68 1446.334 734.712 0.0 711.62115
403.86 1065.55 434.445 0.0 631.10492
405.04 1622.436 807.263 0.0 815.17377
406.22 1042.808 367.783 0.0 675.02533
407.4 1528.897 697.013 0.0 831.88367
408.58 1698.052 814.301 0.0 883.75134
409.76 1793.418 947.755 0.0 845.66364
410.94 1464.843 624.466 0.0 840.37622
412.12 1265.337 502.9 0.0 762.43695
413.3 1207.597 359.093 0.0 848.50366
414.48 1094.341 371.111 0.0 723.2298
415.66 1253.631 445.277 0.0 808.35458
416.84 2188.695 1233.1 0.0 955.59412
418.02 1456.624 623.378 0.0 833.24603
419.2 1328.5 419.586 0.0 908.9133
420.38 1510.391 583.97 0.0 926.42145
421.56 1403.193 427.245 0.0 975.94772
422.74 2053.455 1081.794 0.0 971.66101
423.92 1809.233 865.995 0.0 943.23792
425.1 1547.341 464.111 0.0 1083.2298
426.28 1414.653 405.995 0.0 1008.65753
427.46 2561.104 1356.492 0.0 1204.6123
428.63 1600.801 571.861 0.0 1028.93964
429.81 1634.714 687.964 0.0 946.75067
430.99 1827.729 754.784 0.0 1072.94507
432.17 2248.606 1145.347 0.0 1103.25891
433.35 1934.167 827.316 0.0 1106.85193
434.52 1174.177 155.069 0.0 1019.10703
435.7 1487.594 376.383 0.0 1111.21094
436.88 1967.243 840.104 0.0 1127.13934
438.06 1747.64 552.531 0.0 1195.10968
439.23 1595.39 399.115 0.0 1196.27499
440.41 1821.456 594.126 0.0 1227.33026
441.59 2156.696 828.456 0.0 1328.24048
442.77 1560.687 276.679 0.0 1284.00845
443.94 2238.974 760.657 0.0 1478.3175
445.12 2233.411 769.833 0.0 1463.57794
446.3 2593.438 1093.118 0.0 1500.32019
447.47 2320.852 666.72 0.0 1654.13123
448.65 2299.328 720.646 0.0 1578.68182
449.82 2003.828 500.146 0.0 1503.68185
451.0 2203.254 609.213 0.0 1594.04089
452.18 2175.265 476.823 0.0 1698.44229
453.35 2181.523 530.16 0.0 1651.36279
454.53 2315.35 558.865 0.0 1756.48492
455.7 2108.095 334.238 0.0 1773.85724
456.88 2901.824 945.935 0.0 1955.88898
458.05 2471.937 591.763 0.0 1880.17389
459.23 2230.729 315.784 0.0 1914.94495
460.4 2620.023 580.16 0.0 2039.86279
461.58 2882.776 719.432 0.0 2163.34369
462.75 2459.911 315.333 0.0 2144.57794
463.93 2779.01 628.696 0.0 2150.31482
465.1 2833.707 525.065 0.0 2308.64209
466.28 2457.615 218.101 0.0 2239.51376
467.45 2559.523 146.66 0.0 2412.86281
468.63 2991.241 523.249 0.0 2467.99292
469.8 3463.278 870.287 0.0 2592.99023
470.97 2852.388 405.259 0.0 2447.12857
472.15 3273.138 595.675 0.0 2677.46313
473.32 3383.615 704.601 0.0 2679.01379
474.49 3739.702 859.499 0.0 2880.2027
475.67 3328.225 507.573 0.0 2820.6521
476.84 3179.823 327.08 0.0 2852.74268
478.01 3645.606 636.347 0.0 3009.25891
479.19 3512.87 548.728 0.0 2964.14142
480.36 3485.494 309.02 0.0 3176.47403
481.53 3821.788 596.897 0.0 3224.89166
482.7 3663.505 497.129 0.0 3166.37546
483.88 3499.003 275.774 0.0 3223.22913
485.05 3648.324 361.935 0.0 3286.38901
486.22 3828.806 478.405 0.0 3350.40189
487.39 3609.938 333.595 0.0 3276.34326
488.56 3831.996 485.876 0.0 3346.12057
489.74 4386.479 897.2 0.0 3489.27954
490.91 3787.297 242.651 0.0 3544.64676
492.08 3911.496 375.876 0.0 3535.62057
493.25 3883.175 278.714 0.0 3604.46048
494.42 4010.052 476.778 0.0 3533.2742
495.59 4006.808 417.26 0.0 3589.54819
496.76 4073.339 465.756 0.0 3607.58325
497.93 4254.909 610.478 0.0 3644.4314
499.1 4324.711 572.753 0.0 3751.95807
500.27 4797.247 1040.792 0.0 3756.45496
501.44 5057.189 1228.534 0.0 3828.65479
502.61 4049.603 423.137 0.0 3626.46603
503.78 4472.147 629.929 0.0 3842.21826
504.95 4957.36 1123.474 0.0 3833.88611
506.12 4430.842 696.943 0.0 3733.89899
507.29 4062.285 335.186 0.0 3727.09882
508.46 3818.492 32.165 0.0 3786.32773
509.63 5125.492 1258.165 0.0 3867.32751
510.8 5258.761 1179.612 0.0 4079.14941
511.97 4372.433 558.552 0.0 3813.8808
513.14 4159.012 258.528 0.0 3900.48425
514.31 4807.113 785.746 0.0 4021.36749
515.48 4566.769 495.01 0.0 4071.75824
516.65 4428.92 525.087 0.0 3903.83282
517.81 4440.942 355.806 0.0 4085.13611
518.98 4767.848 695.01 0.0 4072.83862
520.15 4192.925 161.13 0.0 4031.79506
521.32 4842.664 703.605 0.0 4139.05884
522.49 5841.671 1502.503 0.0 4339.1676
523.65 5413.173 1158.859 0.0 4254.31421
524.82 4908.225 638.073 0.0 4270.1521
525.99 4321.866 78.517 0.0 4243.34834
527.16 5223.083 631.25 0.0 4591.8324
528.32 5243.236 730.182 0.0 4513.05353
529.49 5025.859 411.619 0.0 4614.24002
530.66 4655.191 114.367 0.0 4540.82439
531.82 4813.617 180.957 0.0 4632.66006
532.99 5049.503 320.274 0.0 4729.22888
534.16 5193.259 444.256 0.0 4749.00287
535.32 5804.258 794.401 0.0 5009.85681
536.49 5177.355 294.408 0.0 4882.94693
537.65 6146.53 1011.059 0.0 5135.47137
538.82 5510.088 321.816 0.0 5188.27155
539.99 5902.772 642.721 0.0 5260.05084
541.15 6190.691 818.39 0.0 5372.30127
542.32 5631.83 147.979 0.0 5483.85101
543.48 6470.267 811.155 0.0 5659.11169
544.65 6549.07 992.785 0.0 5556.28442
545.81 7722.747 1483.292 0.0 6239.45496
546.98 6815.084 503.106 0.0 6311.97894
548.14 7203.247 783.792 0.0 6419.4549
549.31 6744.368 402.873 0.0 6341.4949
550.47 7027.342 469.443 0.0 6557.89896
551.63 7826.442 914.806 0.0 6911.63611
552.8 7306.872 454.584 0.0 6852.28799
553.96 7283.575 459.852 0.0 6823.72357
555.13 7622.94 391.45 0.0 7231.48956
556.29 8289.792 934.084 0.0 7355.70758
557.45 7709.166 274.46 0.0 7434.70538
558.62 8012.184 523.468 0.0 7488.71558
559.78 8473.084 771.606 0.0 7701.47845
560.94 8136.378 371.982 0.0 7764.3963
562.11 8274.341 391.088 0.0 7883.2529
563.27 7978.781 157.975 0.0 7820.8062
564.43 8058.709 32.397 0.0 8026.31152
565.59 8294.801 205.838 0.0 8088.96248
566.76 8688.726 351.073 0.0 8337.65259
567.92 9001.447 571.349 0.0 8430.09839
569.08 9260.207 715.042 0.0 8545.16498
570.24 8983.543 352.024 0.0 8631.51935
571.4 8903.771 226.366 0.0 8677.40479
572.57 9101.35 367.342 0.0 8734.00778
573.73 8861.464 55.524 0.0 8805.93944
574.89 9488.352 452.697 0.0 9035.65433
576.05 9592.895 476.158 0.0 9116.73688
577.21 9259.175 157.714 0.0 9101.46072
578.37 9147.988 18.954 0.0 9129.03439
579.53 9641.62 193.644 0.0 9447.97578
580.69 9970.109 597.535 0.0 9372.57434
581.85 9854.001 351.919 0.0 9502.08234
583.01 10023.465 401.88 0.0 9621.58502
584.17 10174.783 484.83 0.0 9689.95273
585.33 10351.366 572.517 0.0 9778.84882
586.49 10021.857 377.763 0.0 9644.09396
587.65 10353.552 573.278 0.0 9780.27417
588.81 10329.915 566.521 0.0 9763.39417
589.97 10974.696 929.433 0.0 10045.26355
591.13 10270.494 421.02 0.0 9849.47403
592.29 10293.646 336.574 0.0 9957.07172
593.45 10136.938 213.595 0.0 9923.34351
594.61 10023.433 134.052 0.0 9889.38077
595.77 10096.086 196.961 0.0 9899.12498
596.93 9921.469 91.091 0.0 9830.37811
598.09 10176.711 382.753 0.0 9793.95807
599.24 10106.048 138.067 0.0 9967.98109
600.4 10236.857 291.763 0.0 9945.09396
601.56 10052.611 233.39 0.0 9819.22092
602.72 10381.73 368.616 0.0 10013.11435
603.87 10230.92 473.064 0.0 9757.8559
605.03 9969.73 232.116 0.0 9737.61435
606.19 9994.817 148.514 0.0 9846.30353
607.35 9765.646 -3.926 0.0 9769.5717
608.5 10438.037 594.457 0.0 9843.57971
609.66 10870.718 989.651 0.0 9881.06641
610.82 9777.345 146.299 0.0 9631.04601
611.97 9725.292 125.084 0.0 9600.20761
613.13 10287.131 573.754 0.0 9713.3772
614.29 10090.524 496.993 0.0 9593.53174
615.44 10328.158 717.539 0.0 9610.61969
616.6 9514.571 180.141 0.0 9334.43048
617.76 10190.122 663.0 0.0 9527.12231
618.91 10161.46 726.314 0.0 9435.14636
620.07 10136.305 641.049 0.0 9495.25555
621.22 9440.048 17.567 0.0 9422.4811
622.38 10521.792 1061.084 0.0 9460.70764
623.53 9458.771 78.366 0.0 9380.40478
624.69 9481.522 112.137 0.0 9369.38518
625.84 9353.707 217.542 0.0 9136.16496
627.0 9786.715 488.964 0.0 9297.75116
628.15 9080.535 -0.398 0.0 9080.93314
629.31 9472.639 318.175 0.0 9154.46338
630.46 9017.684 -23.532 0.0 9041.21559
631.61 9454.475 374.134 0.0 9080.34085
632.77 9515.333 228.189 0.0 9287.14362
633.92 9534.965 495.38 0.0 9039.58502
635.08 10190.274 949.577 0.0 9240.69788
636.23 9237.379 308.482 0.0 8928.89679
637.38 8887.476 -74.511 0.0 8961.98642
638.54 9639.809 654.76 0.0 8985.04865
639.69 9968.203 936.831 0.0 9031.37189
640.84 9519.274 490.402 0.0 9028.87219
641.99 9070.866 97.409 0.0 8973.45734
643.15 10030.459 816.916 0.0 9213.54346
644.3 9038.551 95.422 0.0 8943.12859
645.45 8998.143 -58.071 0.0 9056.21372
646.6 9878.234 811.436 0.0 9066.79883
647.75 9179.827 161.942 0.0 9017.88496
648.91 8786.419 -136.551 0.0 8922.97011
650.06 9271.011 225.455 0.0 9045.55525
651.21 9633.103 417.462 0.0 9215.64038
652.36 9358.195 450.969 0.0 8907.2265
653.51 9202.287 101.475 0.0 9100.81163
654.66 9211.879 273.982 0.0 8937.89676
655.81 9645.971 651.989 0.0 8993.98193
656.96 9025.563 69.495 0.0 8956.06802
658.11 9552.655 365.002 0.0 9187.65317
659.27 9507.747 531.009 0.0 8976.73828
660.42 9130.839 29.015 0.0 9101.82343
661.57 9469.431 421.022 0.0 9048.40857
662.72 8930.523 -139.971 0.0 9070.49467
663.87 9045.615 -99.965 0.0 9145.57982
665.01 9481.707 316.042 0.0 9165.66495
666.16 9262.799 41.049 0.0 9221.75009
667.31 9517.892 95.555 0.0 9422.3362
668.46 10176.983 760.562 0.0 9416.42133
669.61 9536.075 206.069 0.0 9330.00648
670.76 9602.167 4.575 0.0 9597.59162
671.91 10395.76 769.582 0.0 9626.17773
673.06 10204.352 519.589 0.0 9684.76288
674.21 9507.443 -161.405 0.0 9668.84801
675.35 9890.035 284.102 0.0 9605.93314
676.5 9923.628 167.609 0.0 9756.01926
677.65 9661.22 72.615 0.0 9588.60439
678.8 9609.812 -110.878 0.0 9720.68953
679.94 10001.403 40.629 0.0 9960.77467
681.09 10587.496 370.135 0.0 10217.36078
682.24 10889.088 363.142 0.0 10525.94592
683.39 10384.68 -1.851 0.0 10386.53105
684.53 11006.771 558.155 0.0 10448.61621
685.68 10861.364 214.662 0.0 10646.7023
686.83 10982.956 301.169 0.0 10681.78745
687.97 11065.048 298.175 0.0 10766.87259
689.12 10916.14 178.182 0.0 10737.95772
690.27 10768.732 68.189 0.0 10700.54383
691.41 11268.824 468.195 0.0 10800.62897
692.56 11224.916 358.702 0.0 10866.21411
693.7 11338.008 378.709 0.0 10959.29922
694.85 10950.101 48.215 0.0 10901.88535
695.99 11291.192 398.222 0.0 10892.97049
697.14 11041.784 184.229 0.0 10857.55562
698.28 11013.376 342.735 0.0 10670.64075
699.43 11362.469 391.242 0.0 10971.22687
700.57 10753.561 -74.251 0.0 10827.81201
701.72 10986.652 -50.745 0.0 11037.39715
702.86 10549.244 -107.738 0.0 10656.98228
704.01 10975.336 50.269 0.0 10925.06742
705.15 11504.429 433.275 0.0 11071.15353
706.29 11213.021 126.782 0.0 11086.23867
707.44 11241.112 171.288 0.0 11069.82381
708.58 11043.204 -124.205 0.0 11167.40895
709.72 12083.297 629.302 0.0 11453.99506
710.87 10764.389 -137.192 0.0 10901.5802
712.01 11205.48 0.315 0.0 11205.16534
713.15 11636.572 217.322 0.0 11419.25047
714.3 11637.165 348.828 0.0 11288.33658
715.44 11207.257 92.335 0.0 11114.92172
716.58 11621.349 277.342 0.0 11344.00687
717.72 11205.44 52.848 0.0 11152.592
718.87 11528.033 240.855 0.0 11287.17812
720.01 11352.125 117.362 0.0 11234.76324
721.15 11063.217 -54.132 0.0 11117.34838
722.29 11575.809 345.875 0.0 11229.93353
723.43 11854.401 498.882 0.0 11355.51962
724.57 11640.493 450.388 0.0 11190.10477
725.72 11502.085 244.895 0.0 11257.18991
726.86 12008.677 678.902 0.0 11329.77502
728.0 11427.27 164.408 0.0 11262.86116
729.14 11333.361 -2.085 0.0 11335.4463
730.28 11852.453 481.422 0.0 11371.03143
731.42 11139.545 10.928 0.0 11128.61657
732.56 11981.638 722.435 0.0 11259.2027
733.7 11509.729 386.942 0.0 11122.78781
734.84 10856.321 -127.052 0.0 10983.37296
735.98 11401.413 148.955 0.0 11252.4581
737.12 11098.506 -3.038 0.0 11101.54421
738.26 11065.598 17.468 0.0 11048.12934
739.4 11365.189 228.475 0.0 11136.71448
740.53 11557.281 407.482 0.0 11149.79962
741.67 11423.373 273.488 0.0 11149.88477
742.81 10851.966 -222.505 0.0 11074.47087
743.95 11197.558 241.002 0.0 10956.556
745.09 10773.649 19.508 0.0 10754.14114
746.23 11492.741 399.515 0.0 11093.22629
747.36 11533.834 453.522 0.0 11080.31238
748.5 11143.426 60.028 0.0 11083.39753
749.64 10670.518 25.035 0.0 10645.48267
750.78 10730.609 -5.458 0.0 10736.0678
751.92 10711.702 74.548 0.0 10637.15392
753.05 10587.294 155.555 0.0 10431.73906
754.19 11269.886 635.562 0.0 10634.32422
755.33 10260.478 -151.932 0.0 10412.40933
756.46 10640.07 245.075 0.0 10394.99544
757.6 10261.162 82.082 0.0 10179.08058
758.74 10842.254 562.088 0.0 10280.16571
759.87 10522.846 244.595 0.0 10278.25085
761.01 10301.938 271.102 0.0 10030.83698
762.14 10185.03 234.608 0.0 9950.4221
763.28 10505.622 408.115 0.0 10097.50723
764.41 10073.214 249.121 0.0 9824.09238
765.55 9688.307 -123.872 0.0 9812.17849
766.69 9928.398 289.635 0.0 9638.76364
767.82 9765.49 266.641 0.0 9498.84875
768.95 9417.082 26.148 0.0 9390.9339
770.09 9936.175 737.655 0.0 9198.52002
771.22 10040.767 661.661 0.0 9379.10516
772.36 10085.358 504.168 0.0 9581.19028
773.49 9701.95 489.175 0.0 9212.77542
774.63 9290.043 196.181 0.0 9093.86154
775.76 9182.135 154.688 0.0 9027.44667
776.89 9501.727 428.195 0.0 9073.5318
778.03 9176.318 360.201 0.0 8816.11694
779.16 8748.91 8.708 0.0 8740.20209
780.29 8970.503 308.215 0.0 8662.28821
781.43 9395.595 606.221 0.0 8789.37335
782.56 8719.187 315.228 0.0 8403.95847
783.69 8199.778 11.735 0.0 8188.04361
784.82 8540.871 233.241 0.0 8307.62973
785.96 8353.963 116.748 0.0 8237.21486
787.09 8544.055 204.255 0.0 8339.8
788.22 8155.147 394.261 0.0 7760.88562
789.35 8014.739 157.768 0.0 7856.97076
790.48 8016.831 142.275 0.0 7874.55638
791.62 8302.423 580.281 0.0 7722.14154
792.75 7503.015 5.288 0.0 7497.72715
793.88 8192.607 737.795 0.0 7454.81274
795.01 7832.699 353.801 0.0 7478.89792
796.14 7784.291 404.808 0.0 7379.48303
797.27 8037.383 493.815 0.0 7543.56866
798.4 7473.975 283.321 0.0 7190.65381
799.53 7305.567 -4.672 0.0 7310.23943
800.66 7352.159 316.335 0.0 7035.82458
801.79 8520.251 1276.841 0.0 7243.40967
802.92 7166.843 199.848 0.0 6966.99533
804.05 7179.436 381.855 0.0 6797.58096
805.18 7042.527 290.861 0.0 6751.66611
806.31 6907.12 215.868 0.0 6691.25172
807.44 6458.211 -64.625 0.0 6522.83686
808.57 7188.304 400.381 0.0 6787.92249
809.69 7057.396 400.888 0.0 6656.50763
810.82 6392.988 -163.605 0.0 6556.59325
811.95 7623.58 988.401 0.0 6635.17841
813.08 6625.672 103.908 0.0 6521.76401
814.21 7491.264 1064.915 0.0 6426.34912
815.33 6409.356 282.921 0.0 6126.43478
816.46 6548.948 308.928 0.0 6240.0199
817.59 6809.04 847.435 0.0 5961.60504
818.72 6267.632 504.441 0.0 5763.19067
819.84 6761.224 896.448 0.0 5864.77582
820.97 6268.316 446.454 0.0 5821.86142
822.1 6404.908 593.961 0.0 5810.94659
823.22 5513.5 -30.532 0.0 5544.03219
824.35 5510.592 92.474 0.0 5418.11733
825.48 6012.184 574.481 0.0 5437.70294
826.6 5682.776 310.488 0.0 5372.28809
827.73 5208.868 -144.506 0.0 5353.37372
828.85 5578.96 268.501 0.0 5310.45886
829.98 6067.052 610.008 0.0 5457.04449
831.11 5318.144 70.014 0.0 5248.12962
832.23 5167.736 81.521 0.0 5086.21524
833.36 5679.828 524.528 0.0 5155.30035
834.48 5322.42 259.034 0.0 5063.38602
835.6 5419.012 482.041 0.0 4936.97113
836.73 4857.604 -7.952 0.0 4865.55677
837.85 5394.696 535.054 0.0 4859.64191
838.98 4637.789 -104.439 0.0 4742.22753
840.1 5269.38 458.568 0.0 4810.81265
841.23 5103.973 371.074 0.0 4732.89828
842.35 5560.564 720.581 0.0 4839.9834
843.47 4995.157 248.588 0.0 4746.56905
844.6 4663.249 26.594 0.0 4636.65419
845.72 4712.341 155.101 0.0 4557.23982
846.84 4697.433 134.608 0.0 4562.82495
847.96 4411.525 139.114 0.0 4272.41058
849.09 4385.617 58.121 0.0 4327.49572
850.21 4786.709 232.628 0.0 4554.08134
851.33 4740.801 385.134 0.0 4355.66647
852.45 4347.893 25.141 0.0 4322.7521
853.57 4445.485 232.148 0.0 4213.33723
854.7 4412.077 67.654 0.0 4344.42287
855.82 4235.169 -0.339 0.0 4235.508
856.94 4682.761 485.168 0.0 4197.59314
858.06 4063.853 -64.326 0.0 4128.17876
859.18 4600.445 425.181 0.0 4175.26389
860.3 4404.537 244.688 0.0 4159.84952
861.42 3813.129 -89.306 0.0 3902.43491
862.54 3844.721 -65.799 0.0 3910.52029
863.66 3869.313 50.708 0.0 3818.60567
864.78 4102.405 186.714 0.0 3915.69106
865.9 4359.997 244.221 0.0 4115.77618
867.02 5352.589 1277.228 0.0 4075.36182
868.14 4813.681 879.234 0.0 3934.44696
869.26 4442.273 575.741 0.0 3866.53259
870.38 3632.865 -90.252 0.0 3723.11796
871.5 3571.458 -94.746 0.0 3666.20334
872.62 3923.55 69.761 0.0 3853.78872
873.74 4336.642 699.268 0.0 3637.37408
874.85 3664.688 40.271 0.0 3624.41667
875.97 3882.688 286.271 0.0 3596.41666
877.09 4039.688 373.271 0.0 3666.41666
878.21 3758.188 220.771 0.0 3537.41667
879.33 3864.688 334.771 0.0 3529.91666
880.44 3684.688 254.771 0.0 3429.91667
881.56 3588.688 111.271 0.0 3477.41666
882.68 3747.188 256.271 0.0 3490.91666
883.79 4414.688 826.771 0.0 3587.91669
884.91 3207.188 -58.229 0.0 3265.41667
886.03 3945.688 456.271 0.0 3489.41666
887.14 4075.688 659.271 0.0 3416.41669
888.26 4293.188 777.271 0.0 3515.91669
889.38 4027.688 636.271 0.0 3391.41669
890.49 3288.688 -89.729 0.0 3378.41666
891.61 3668.688 307.771 0.0 3360.91666
892.72 3406.688 -13.229 0.0 3419.91667
893.84 3341.688 -99.229 0.0 3440.91666
894.95 3339.688 -87.229 0.0 3426.91666
896.07 3707.188 152.271 0.0 3554.91667
897.18 3980.688 384.271 0.0 3596.41666
898.3 3460.188 -41.229 0.0 3501.41667
899.41 4112.688 577.271 0.0 3535.41669
900.53 3834.688 335.771 0.0 3498.91666
901.64 3852.688 462.271 0.0 3390.41666
902.75 3604.188 262.771 0.0 3341.41666
903.87 3383.688 116.771 0.0 3266.91666
904.98 3764.688 403.771 0.0 3360.91666
906.09 3461.188 235.771 0.0 3225.41667
907.21 3674.188 438.771 0.0 3235.41666
908.32 3291.688 198.271 0.0 3093.41667
909.43 3864.188 650.771 0.0 3213.41669
910.54 3424.188 280.271 0.0 3143.91666
911.66 4274.688 1160.771 0.0 3113.91663
912.77 3077.688 85.771 0.0 2991.91666
913.88 3279.688 300.271 0.0 2979.41666
914.99 3048.688 69.271 0.0 2979.41666
916.1 3178.188 349.771 0.0 2828.41666
917.22 2886.688 58.771 0.0 2827.91667
918.33 3524.688 688.771 0.0 2835.91669
919.44 3024.688 270.271 0.0 2754.41666
920.55 3664.188 660.771 0.0 3003.41669
921.66 3186.688 428.771 0.0 2757.91666
922.77 3152.188 488.271 0.0 2663.91666
923.88 3314.188 623.271 0.0 2690.91669
924.99 3025.688 373.771 0.0 2651.91666
926.1 2499.188 -11.229 0.0 2510.41667
927.21 3253.188 652.771 0.0 2600.41669
928.32 2390.688 -84.729 0.0 2475.41666
929.43 2765.688 251.771 0.0 2513.91667
930.54 2631.688 111.271 0.0 2520.41666
931.65 2531.188 266.271 0.0 2264.91666
932.76 2724.688 381.771 0.0 2342.91666
933.86 2531.688 302.271 0.0 2229.41666
934.97 2186.688 113.771 0.0 2072.91666
936.08 2168.688 164.771 0.0 2003.91667
937.19 2644.188 708.271 0.0 1935.91669
938.3 2228.188 472.271 0.0 1755.91666
939.4 2281.688 674.771 0.0 1606.91669
940.51 1726.188 305.271 0.0 1420.91666
941.62 1886.688 503.771 0.0 1382.91666
942.73 2605.688 1102.771 0.0 1502.91663
943.83 1687.188 302.771 0.0 1384.41666
944.94 1664.188 338.271 0.0 1325.91666
946.05 1245.688 -35.729 0.0 1281.41667
947.15 1365.188 -25.729 0.0 1390.91667
948.26 1611.688 228.771 0.0 1382.91667
949.36 1502.688 98.271 0.0 1404.41666
950.47 1784.688 326.771 0.0 1457.91666
951.57 2366.688 844.771 0.0 1521.91669
952.68 2078.688 568.771 0.0 1509.91669
953.79 2017.188 439.271 0.0 1577.91666
954.89 1692.188 121.771 0.0 1570.41666
955.99 2026.188 391.271 0.0 1634.91666
957.1 1778.688 230.271 0.0 1548.41667
958.2 1883.688 271.271 0.0 1612.41666
959.31 2069.188 455.771 0.0 1613.41666
960.41 1713.688 130.271 0.0 1583.41667
961.52 1503.188 10.271 0.0 1492.91667
962.62 2154.188 493.771 0.0 1660.41666
963.72 1528.688 -50.729 0.0 1579.41667
964.83 1423.688 -70.729 0.0 1494.41666
965.93 1956.188 341.771 0.0 1614.41666
967.03 2243.688 714.271 0.0 1529.41669
968.13 2076.688 466.771 0.0 1609.91666
969.24 1702.188 175.771 0.0 1526.41667
970.34 1801.688 206.771 0.0 1594.91667
971.44 1822.688 265.771 0.0 1556.91666
972.54 1930.188 346.771 0.0 1583.41666
973.64 1720.688 142.271 0.0 1578.41667
974.75 2642.188 1069.771 0.0 1572.41663
975.85 4996.688 3162.271 0.0 1834.41675
976.95 1699.688 189.771 0.0 1509.91667
978.05 2034.188 525.771 0.0 1508.41669
979.15 2557.188 896.271 0.0 1660.91669
980.25 1415.188 99.771 0.0 1315.41666
981.35 1678.188 179.271 0.0 1498.91667
982.45 2366.188 891.771 0.0 1474.41669
983.55 1931.688 462.771 0.0 1468.91666
984.65 1822.688 418.271 0.0 1404.41666
985.75 1995.188 675.271 0.0 1319.91669
986.85 1728.688 372.271 0.0 1356.41666
987.95 1428.688 185.271 0.0 1243.41667
989.05 2139.188 783.271 0.0 1355.91669
990.15 1919.688 628.271 0.0 1291.41669
991.25 1676.688 443.271 0.0 1233.41666
992.34 2098.688 835.771 0.0 1262.91669
993.44 1556.688 478.271 0.0 1078.41666
994.54 1591.688 386.771 0.0 1204.91666
995.64 1923.688 731.271 0.0 1192.41669
996.74 2018.688 789.271 0.0 1229.41669
997.83 1126.688 73.771 0.0 1052.91666
998.93 1412.188 315.271 0.0 1096.91666
1000.03 2457.188 1230.771 0.0 1226.41663
1001.12 1960.688 704.771 0.0 1255.91669
1002.22 1929.688 729.271 0.0 1200.41669
1003.32 1282.188 272.271 0.0 1009.91666
1004.41 1464.188 467.271 0.0 996.91666
1005.51 1277.688 402.771 0.0 874.91666
1006.6 1076.688 188.771 0.0 887.91667
1007.7 1556.188 624.271 0.0 931.91669
1008.8 855.188 103.271 0.0 751.91666
1009.89 1428.688 577.771 0.0 850.91669
1010.99 1400.688 384.771 0.0 1015.91666
1012.08 961.688 47.271 0.0 914.41667
1013.18 1389.688 394.271 0.0 995.41666
1014.27 1188.688 202.271 0.0 986.41667
1015.36 1385.688 334.271 0.0 1051.41666
1016.46 1340.188 402.771 0.0 937.41666
1017.55 1054.688 148.271 0.0 906.41667
1018.65 1402.688 496.771 0.0 905.91666
1019.74 1532.688 586.771 0.0 945.91669
1020.83 1395.688 505.271 0.0 890.41666
1021.93 1220.688 280.271 0.0 940.41666
1023.02 893.188 38.271 0.0 854.91667
1024.11 881.188 63.771 0.0 817.41667
1025.2 883.688 88.271 0.0 795.41666
1026.3 1230.188 454.271 0.0 775.91666
1027.39 1396.688 597.771 0.0 798.91669
1028.48 1252.188 486.771 0.0 765.41666
1029.57 1047.688 312.771 0.0 734.91666
1030.66 1141.188 451.771 0.0 689.41666
1031.75 2389.688 1483.271 0.0 906.41663
1032.84 1335.188 652.771 0.0 682.41669
1033.94 751.688 161.271 0.0 590.41667
1035.03 1364.188 773.771 0.0 590.41669
1036.12 681.188 90.271 0.0 590.91666
1037.21 680.688 66.771 0.0 613.91666
1038.3 1179.688 522.771 0.0 656.91669
1039.39 605.688 153.271 0.0 452.41667
1040.48 1030.188 455.771 0.0 574.41666
1041.57 1107.688 616.271 0.0 491.41669
1042.66 906.688 441.771 0.0 464.91666
1043.74 1030.188 508.271 0.0 521.91666
1044.83 1036.688 543.271 0.0 493.41669
1045.92 561.688 45.771 0.0 515.91667
1047.01 1101.188 617.771 0.0 483.41669
1048.1 493.188 96.771 0.0 396.41666
1049.19 972.688 502.271 0.0 470.41666
1050.27 789.688 342.271 0.0 447.41666
1051.36 832.188 305.271 0.0 526.91666
1052.45 976.188 469.771 0.0 506.41666
1053.54 858.188 466.771 0.0 391.41666
1054.62 918.188 525.271 0.0 392.91669
1055.71 868.188 467.771 0.0 400.41666
1056.8 1183.188 688.271 0.0 494.91669
1057.88 751.188 328.771 0.0 422.41666
1058.97 866.188 458.771 0.0 407.41666
1060.06 1361.688 834.771 0.0 526.91669
1061.14 726.688 367.771 0.0 358.91666
1062.23 2193.188 1608.271 0.0 584.91663
1063.31 945.188 547.271 0.0 397.91669
1064.4 635.188 279.271 0.0 355.91666
1065.48 761.688 526.771 0.0 234.91669
1066.57 674.688 362.771 0.0 311.91666
1067.65 888.688 543.771 0.0 344.91669
1068.74 700.688 357.271 0.0 343.41666
1069.82 844.688 544.271 0.0 300.41669
1070.9 2674.688 2151.771 0.0 522.91675
1071.99 927.188 561.771 0.0 365.41669
1073.07 846.688 491.771 0.0 354.91666
1074.15 924.188 576.771 0.0 347.41669
1075.24 798.688 526.771 0.0 271.91669
1076.32 893.188 625.771 0.0 267.41669
1077.4 1415.188 963.771 0.0 451.41669
1078.49 524.688 218.271 0.0 306.41667
1079.57 957.688 655.271 0.0 302.41669
1080.65 1259.688 866.771 0.0 392.91669
1081.73 776.688 382.771 0.0 393.91666
1082.81 463.688 238.271 0.0 225.41667
1083.89 855.188 548.771 0.0 306.41669
1084.98 822.188 533.271 0.0 288.91669
1086.06 495.688 267.771 0.0 227.91666
1087.14 477.188 283.771 0.0 193.41666
1088.22 820.188 524.771 0.0 295.41669
1089.3 457.188 261.771 0.0 195.41666
1090.38 1455.188 1101.771 0.0 353.41663
1091.46 923.188 598.771 0.0 324.41669
1092.54 636.688 405.771 0.0 230.91666
1093.62 761.688 412.771 0.0 348.91666
1094.7 423.688 186.271 0.0 237.41667
1095.78 782.188 490.771 0.0 291.41666
1096.86 811.688 545.771 0.0 265.91669
1097.93 1565.188 1146.271 0.0 418.91663
1099.01 1064.188 802.271 0.0 261.91669
1100.09 541.188 334.271 0.0 206.91666
