196.55 1333.783 972.948 0.0 360.83569
197.76 1911.893 1427.472 0.0 484.42102
198.96 1824.697 1340.45 0.0 484.24707
200.16 1180.868 796.077 0.0 384.79095
201.36 2035.428 1587.379 0.0 448.04944
202.56 1438.108 990.115 0.0 447.99219
203.76 1236.1 849.94 0.0 386.16003
204.96 1352.592 932.264 0.0 420.32782
206.16 1058.535 712.367 0.0 346.16876
207.36 1683.746 1181.173 0.0 502.57385
208.56 1417.218 1052.507 0.0 364.71094
209.76 915.539 637.704 0.0 277.83484
210.96 1207.51 888.539 0.0 318.97198
212.16 2571.239 2056.997 0.0 514.24146
213.36 1635.986 1126.644 0.0 509.34192
214.56 1321.076 890.479 0.0 430.59668
215.76 2331.1 1834.94 0.0 496.16003
216.96 2020.884 1568.862 0.0 452.02209
218.16 1453.234 985.792 0.0 467.44208
219.35 1166.775 716.838 0.0 449.93671
220.55 1356.47 872.359 0.0 484.11072
221.75 1212.149 810.596 0.0 401.55353
222.95 1924.547 1461.314 0.0 463.23376
224.15 1576.531 1090.029 0.0 486.50256
225.35 1229.011 782.472 0.0 446.53864
226.55 1154.21 792.831 0.0 361.37872
227.75 1757.547 1378.814 0.0 378.73376
228.94 1529.039 1122.204 0.0 406.83484
230.14 1388.193 919.113 0.0 469.08087
231.34 1211.913 847.028 0.0 364.88501
232.54 1107.608 780.549 0.0 327.0589
233.74 1161.949 805.869 0.0 356.08008
234.93 1137.816 791.951 0.0 345.86462
236.13 1381.836 951.574 0.0 430.2619
237.33 1350.475 930.131 0.0 420.34357
238.53 1232.665 887.381 0.0 345.28467
239.72 1743.588 1373.993 0.0 369.59497
240.92 911.779 562.676 0.0 349.10284
242.12 1664.482 1152.807 0.0 511.67578
243.31 1166.356 755.63 0.0 410.72583
244.51 944.153 627.0 0.0 317.15295
245.71 1697.45 1278.803 0.0 418.64673
246.9 2095.653 1688.0 0.0 407.65308
248.1 1281.73 950.954 0.0 330.77594
249.3 1295.092 982.33 0.0 312.76111
250.49 1268.429 893.313 0.0 375.11615
251.69 1535.628 1049.106 0.0 486.52283
252.89 1276.965 916.154 0.0 360.81122
254.08 885.539 579.204 0.0 306.33484
255.28 1340.405 976.919 0.0 363.48602
256.47 977.181 577.666 0.0 399.51581
257.67 1537.182 1159.099 0.0 378.08264
258.86 1619.328 1172.898 0.0 446.42969
260.06 1322.896 917.809 0.0 405.08704
261.26 1949.076 1459.546 0.0 489.53003
262.45 1329.238 939.063 0.0 390.17493
263.65 900.998 565.158 0.0 335.84021
264.84 1476.445 1081.531 0.0 394.91394
266.04 1120.965 804.154 0.0 316.81122
267.23 820.03 487.661 0.0 332.36923
268.42 1115.933 706.584 0.0 409.34894
269.62 1301.454 882.641 0.0 418.81293
270.81 1396.832 959.736 0.0 437.09576
272.01 1246.173 923.056 0.0 323.11694
273.2 1623.859 1164.034 0.0 459.82532
274.4 993.287 664.852 0.0 328.43506
275.59 1451.579 1028.883 0.0 422.69617
276.78 1391.169 892.718 0.0 498.45081
277.98 1172.811 772.746 0.0 400.06525
279.17 1221.007 903.201 0.0 317.80585
280.37 1193.404 837.985 0.0 355.41931
281.56 825.372 528.915 0.0 296.45703
282.75 912.836 617.508 0.0 295.32867
283.95 1135.758 801.186 0.0 334.5722
285.14 1272.323 863.193 0.0 409.13019
286.33 1047.506 700.267 0.0 347.23914
287.52 1325.49 948.548 0.0 376.94128
288.72 1554.579 1136.95 0.0 417.62939
289.91 1874.982 1410.373 0.0 464.60901
291.1 1426.38 1007.024 0.0 419.35596
292.29 1347.291 997.623 0.0 349.66785
293.49 1364.246 1044.239 0.0 320.0072
294.68 1045.222 729.845 0.0 315.37714
295.87 1123.596 803.102 0.0 320.49396
297.06 1394.047 940.38 0.0 453.66705
298.26 714.193 420.179 0.0 294.01419
299.45 1125.856 789.13 0.0 336.72583
300.64 1213.97 822.859 0.0 391.11072
301.83 1173.913 857.028 0.0 316.88501
303.02 1046.198 630.384 0.0 415.81372
304.21 1493.999 1123.525 0.0 370.47351
305.4 1247.438 875.356 0.0 372.08167
306.59 1308.181 920.166 0.0 388.01587
307.79 1135.141 803.053 0.0 332.08795
308.98 872.693 579.113 0.0 293.58087
310.17 1444.46 966.081 0.0 478.37842
311.36 1191.327 857.597 0.0 333.72961
312.55 1964.379 1560.657 0.0 403.72253
313.74 952.352 584.359 0.0 367.99304
314.93 1513.218 1009.007 0.0 504.211
316.12 1182.771 787.067 0.0 395.70386
317.31 720.526 406.823 0.0 313.70309
318.5 884.852 574.859 0.0 309.99304
319.69 1285.299 830.799 0.0 454.50012
320.88 1023.234 736.225 0.0 287.00879
322.07 930.039 607.271 0.0 322.76813
323.26 959.308 607.342 0.0 351.9657
324.45 723.372 447.415 0.0 275.95703
325.64 1126.344 766.749 0.0 359.59418
326.83 1441.38 996.024 0.0 445.35596
328.01 1097.567 738.436 0.0 359.13098
329.2 1359.141 976.053 0.0 383.08795
330.39 1064.047 727.38 0.0 336.66705
331.58 886.307 542.908 0.0 343.39905
332.77 1705.401 1253.081 0.0 452.31995
333.96 726.494 448.82 0.0 277.67413
335.15 850.827 524.964 0.0 325.86298
336.33 858.307 590.908 0.0 267.39905
337.52 1096.872 719.415 0.0 377.45709
338.71 1040.697 710.45 0.0 330.24701
339.9 1004.916 614.932 0.0 389.98438
341.08 1093.388 688.2 0.0 405.18823
342.27 1271.425 879.475 0.0 391.95001
343.46 1500.267 1063.729 0.0 436.53784
344.65 1363.767 897.229 0.0 466.53784
345.83 1452.027 983.257 0.0 468.76978
347.02 752.092 470.264 0.0 281.82779
348.21 1520.433 1021.584 0.0 498.84894
349.4 808.555 462.989 0.0 345.56601
350.58 1093.457 718.045 0.0 375.41235
351.77 846.949 575.369 0.0 271.58008
352.96 615.466 324.088 0.0 291.3779
354.14 1046.97 619.926 0.0 427.04407
355.33 877.856 536.13 0.0 341.72589
356.51 730.945 387.098 0.0 343.84726
357.7 1088.595 679.734 0.0 408.86053
358.89 838.083 511.721 0.0 326.36218
360.07 1305.01 915.105 0.0 389.90527
361.26 1475.497 1061.79 0.0 413.70691
362.44 1011.167 733.483 0.0 277.68402
363.63 861.956 481.743 0.0 380.21219
364.81 941.626 531.437 0.0 410.18945
366.0 599.374 276.518 0.0 322.85635
367.18 2021.322 1403.392 0.0 617.93005
368.37 858.55 529.85 0.0 328.69977
369.55 1119.034 737.065 0.0 381.96863
370.74 1346.599 911.572 0.0 435.02667
371.92 1659.887 1158.332 0.0 501.55481
373.11 944.045 476.078 0.0 467.96701
374.29 810.716 421.772 0.0 388.94418
375.48 1004.042 531.741 0.0 472.30084
376.66 743.709 441.53 0.0 302.17865
377.84 1465.55 953.85 0.0 511.69977
379.03 763.904 405.051 0.0 358.85263
380.21 682.521 332.184 0.0 350.33691
381.39 625.281 266.212 0.0 359.06888
382.58 1287.871 816.548 0.0 471.32367
383.76 1586.05 1148.784 0.0 437.26648
384.94 1758.944 1254.164 0.0 504.78052
386.13 839.676 426.593 0.0 413.08295
387.31 1106.952 618.339 0.0 488.61279
388.49 872.054 474.688 0.0 397.36591
389.68 1157.493 637.952 0.0 519.54071
390.86 1075.123 567.466 0.0 507.65674
392.04 1496.835 982.706 0.0 514.12848
393.22 912.123 445.466 0.0 466.65671
394.41 921.184 473.202 0.0 447.98193
395.59 663.091 193.463 0.0 469.62769
396.77 1091.172 552.689 0.0 538.48352
397.95 1215.631 637.576 0.0 578.0556
399.13 1353.575 792.678 0.0 560.89655
400.31 1086.427 447.511 0.0 638.91602
401.5 1316.627 626.304 0.0 690.32275
402.68 1313.281 734.712 0.0 578.56891
403.86 1005.428 434.445 0.0 570.98273
405.04 1540.855 807.263 0.0 733.59247
406.22 1039.432 367.783 0.0 671.64886
407.4 1471.164 697.013 0.0 774.15137
408.58 1601.594 814.301 0.0 787.29382
409.76 1751.172 947.755 0.0 803.41681
410.94 1377.623 624.466 0.0 753.15674
412.12 1229.124 502.9 0.0 726.22345
413.3 1161.294 359.093 0.0 802.20056
414.48 1101.957 371.111 0.0 730.84564
415.66 1249.485 445.277 0.0 804.20847
416.84 2091.359 1233.1 0.0 858.25867
418.02 1443.31 623.378 0.0 819.93182
419.2 1252.729 419.586 0.0 833.14267
420.38 1433.656 583.97 0.0 849.68573
421.56 1348.193 427.245 0.0 920.94748
422.74 2072.53 1081.794 0.0 990.73596
423.92 1771.383 865.995 0.0 905.38867
425.1 1465.957 464.111 0.0 1001.84564
426.28 1402.502 405.995 0.0 996.50629
427.46 2518.469 1356.492 0.0 1161.97729
428.63 1527.766 571.861 0.0 955.90448
429.81 1676.709 687.964 0.0 988.7453
430.99 1714.05 754.784 0.0 959.26648
432.17 2290.136 1145.347 0.0 1144.78845
433.35 1875.843 827.316 0.0 1048.52747
434.52 1185.685 155.069 0.0 1030.61533
435.7 1456.961 376.383 0.0 1080.57837
436.88 1961.892 840.104 0.0 1121.78766
438.06 1710.327 552.531 0.0 1157.79633
439.23 1621.489 399.115 0.0 1222.3746
440.41 1849.205 594.126 0.0 1255.07928
441.59 2228.526 828.456 0.0 1400.06982
442.77 1731.693 276.679 0.0 1455.01419
443.94 2322.379 760.657 0.0 1561.72253
445.12 2379.506 769.833 0.0 1609.67242
446.3 2702.022 1093.118 0.0 1608.90369
447.47 2285.965 666.72 0.0 1619.24451
448.65 2572.282 720.646 0.0 1851.63544
449.82 2170.282 500.146 0.0 1670.13547
451.0 2336.4 609.213 0.0 1727.18665
452.18 2279.908 476.823 0.0 1803.08536
453.35 2376.412 530.16 0.0 1846.25146
454.53 2388.298 558.865 0.0 1829.43341
455.7 2179.127 334.238 0.0 1844.88947
456.88 3040.949 945.935 0.0 2095.01324
458.05 2555.355 591.763 0.0 1963.59259
459.23 2414.55 315.784 0.0 2098.76648
460.4 2815.912 580.16 0.0 2235.75146
461.58 3017.916 719.432 0.0 2298.48431
462.75 2585.506 315.333 0.0 2270.17242
463.93 2978.237 628.696 0.0 2349.54163
465.1 2977.034 525.065 0.0 2451.96851
466.28 2745.478 218.101 0.0 2527.37631
467.45 2737.412 146.66 0.0 2590.75148
468.63 3260.725 523.249 0.0 2737.47656
469.8 3744.583 870.287 0.0 2874.29541
470.97 3228.323 405.259 0.0 2823.06363
472.15 3502.16 595.675 0.0 2906.48511
473.32 3769.978 704.601 0.0 3065.37634
474.49 4062.534 859.499 0.0 3203.03522
475.67 3731.717 507.573 0.0 3224.14429
476.84 3534.282 327.08 0.0 3207.20215
478.01 4058.636 636.347 0.0 3422.28845
479.19 3853.148 548.728 0.0 3304.42023
480.36 3828.729 309.02 0.0 3519.70938
481.53 4265.091 596.897 0.0 3668.19464
482.7 4157.238 497.129 0.0 3660.10837
483.88 3933.571 275.774 0.0 3657.79724
485.05 4201.449 361.935 0.0 3839.51328
486.22 4315.274 478.405 0.0 3836.8699
487.39 4198.531 333.595 0.0 3864.93579
488.56 4523.396 485.876 0.0 4037.52048
489.74 4965.888 897.2 0.0 4068.68823
490.91 4324.933 242.651 0.0 4082.28201
492.08 4693.396 375.876 0.0 4317.52048
493.25 4502.518 278.714 0.0 4223.80399
494.42 4804.604 476.778 0.0 4327.82596
495.59 4784.441 417.26 0.0 4367.181
496.76 4944.79 465.756 0.0 4479.03442
497.93 5067.339 610.478 0.0 4456.86157
499.1 5051.876 572.753 0.0 4479.12311
500.27 5630.734 1040.792 0.0 4589.94226
501.44 5908.859 1228.534 0.0 4680.3252
502.61 4933.803 423.137 0.0 4510.66623
503.78 5374.502 629.929 0.0 4744.57324
504.95 6009.807 1123.474 0.0 4886.3324
506.12 5477.132 696.943 0.0 4780.18903
507.29 5051.758 335.186 0.0 4716.57245
508.46 4912.563 32.165 0.0 4880.39828
509.63 6294.063 1258.165 0.0 5035.89832
510.8 6379.075 1179.612 0.0 5199.46338
511.97 5682.022 558.552 0.0 5123.47015
513.14 5410.913 258.528 0.0 5152.38513
514.31 6155.811 785.746 0.0 5370.06525
515.48 5772.25 495.01 0.0 5277.24017
516.65 5831.347 525.087 0.0 5306.26007
517.81 5658.864 355.806 0.0 5303.05798
518.98 6104.632 695.01 0.0 5409.62231
520.15 5597.356 161.13 0.0 5436.22572
521.32 6249.51 703.605 0.0 5545.90503
522.49 7209.185 1502.503 0.0 5706.68176
523.65 7132.852 1158.859 0.0 5973.99292
524.82 6446.217 638.073 0.0 5808.14429
525.99 5827.815 78.517 0.0 5749.29805
527.16 6754.962 631.25 0.0 6123.71179
528.32 6733.726 730.182 0.0 6003.54327
529.49 6501.64 411.619 0.0 6090.02127
530.66 6174.535 114.367 0.0 6060.16863
531.82 6563.144 180.957 0.0 6382.18741
532.99 6755.071 320.274 0.0 6434.79724
534.16 6893.409 444.256 0.0 6449.15228
535.32 7363.242 794.401 0.0 6568.84119
536.49 6965.807 294.408 0.0 6671.39908
537.65 7920.087 1011.059 0.0 6909.0285
538.82 7170.461 321.816 0.0 6848.64508
539.99 7598.583 642.721 0.0 6955.86237
541.15 8043.026 818.39 0.0 7224.63623
542.32 7623.958 147.979 0.0 7475.97894
543.48 8395.584 811.155 0.0 7584.42908
544.65 8595.287 992.785 0.0 7602.50171
545.81 9695.733 1483.292 0.0 8212.44177
546.98 8878.129 503.106 0.0 8375.02338
548.14 9461.733 783.792 0.0 8677.94171
549.31 9079.481 402.873 0.0 8676.60867
550.47 9520.133 469.443 0.0 9050.68948
551.63 9965.364 914.806 0.0 9050.55847
552.8 9551.314 454.584 0.0 9096.73087
553.96 9591.787 459.852 0.0 9131.93549
555.13 9972.697 391.45 0.0 9581.24689
556.29 10748.934 934.084 0.0 9814.84918
557.45 10042.177 274.46 0.0 9767.71661
558.62 10450.36 523.468 0.0 9926.89233
559.78 10890.129 771.606 0.0 10118.52338
560.94 10693.49 371.982 0.0 10321.50812
562.11 10640.966 391.088 0.0 10249.8779
563.27 10521.925 157.975 0.0 10363.94975
564.43 10496.71 32.397 0.0 10464.31249
565.59 10739.275 205.838 0.0 10533.43709
566.76 11100.218 351.073 0.0 10749.14478
567.92 11333.873 571.349 0.0 10762.52417
569.08 11673.043 715.042 0.0 10958.00092
570.24 11444.262 352.024 0.0 11092.2381
571.4 11145.917 226.366 0.0 10919.55127
572.57 11467.808 367.342 0.0 11100.46579
573.73 11271.881 55.524 0.0 11216.35643
574.89 11591.474 452.697 0.0 11138.7764
576.05 12178.998 476.158 0.0 11702.84039
577.21 11760.519 157.714 0.0 11602.80447
578.37 11616.729 18.954 0.0 11597.7756
579.53 11551.486 193.644 0.0 11357.842
580.69 12239.978 597.535 0.0 11642.4425
581.85 11897.904 351.919 0.0 11545.98566
583.01 12048.547 401.88 0.0 11646.66705
584.17 12419.592 484.83 0.0 11934.76132
585.33 12239.815 572.517 0.0 11667.29803
586.49 12006.974 377.763 0.0 11629.21017
587.65 12490.104 573.278 0.0 11916.82593
588.81 12205.848 566.521 0.0 11639.32678
589.97 12760.035 929.433 0.0 11830.60242
591.13 11766.229 421.02 0.0 11345.20938
592.29 12008.336 336.574 0.0 11671.76215
593.45 11684.531 213.595 0.0 11470.93628
594.61 11737.022 134.052 0.0 11602.97061
595.77 11432.795 196.961 0.0 11235.83397
596.93 11475.38 91.091 0.0 11384.28924
598.09 11700.376 382.753 0.0 11317.62311
599.24 11296.271 138.067 0.0 11158.20375
600.4 11627.974 291.763 0.0 11336.21017
601.56 11328.145 233.39 0.0 11094.75412
602.72 11239.226 368.616 0.0 10870.60947
603.87 11419.356 473.064 0.0 10946.29242
605.03 11143.726 232.116 0.0 10911.60947
606.19 10847.283 148.514 0.0 10698.76935
607.35 10616.836 -3.926 0.0 10620.76213
608.5 11183.763 594.457 0.0 10589.3053
609.66 11410.551 989.651 0.0 10420.89941
610.82 10545.799 146.299 0.0 10399.50011
611.97 10225.934 125.084 0.0 10100.84921
613.13 10741.994 573.754 0.0 10168.24048
614.29 10526.588 496.993 0.0 10029.59521
615.44 10605.511 717.539 0.0 9887.97223
616.6 9925.454 180.141 0.0 9745.31329
617.76 10306.652 663.0 0.0 9643.65259
618.91 10392.548 726.314 0.0 9666.23425
620.07 10443.608 641.049 0.0 9802.55927
621.22 9409.771 17.567 0.0 9392.20376
622.38 10605.934 1061.084 0.0 9544.84924
623.53 9019.917 78.366 0.0 8941.55126
624.69 9348.421 112.137 0.0 9236.28362
625.84 9306.043 217.542 0.0 9088.5009
627.0 9492.209 488.964 0.0 9003.2453
628.15 8895.096 -0.398 0.0 8895.49368
629.31 9085.66 318.175 0.0 8767.48486
630.46 8580.86 -23.532 0.0 8604.39235
631.61 9175.889 374.134 0.0 8801.75491
632.77 8858.791 228.189 0.0 8630.60162
633.92 9019.047 495.38 0.0 8523.66705
635.08 9608.75 949.577 0.0 8659.17346
636.23 8693.99 308.482 0.0 8385.50812
637.38 8154.555 -74.511 0.0 8229.06601
638.54 8943.941 654.76 0.0 8289.18146
639.69 9250.71 936.831 0.0 8313.87872
640.84 8556.753 490.402 0.0 8066.35071
641.99 8136.315 97.409 0.0 8038.90607
643.15 8855.876 816.916 0.0 8038.96045
644.3 8116.438 95.422 0.0 8021.0153
645.45 7901.999 -58.071 0.0 7960.07017
646.6 8889.561 811.436 0.0 8078.125
647.75 8102.622 161.942 0.0 7940.67989
648.91 7688.183 -136.551 0.0 7824.73427
650.06 7930.245 225.455 0.0 7704.78914
651.21 8255.806 417.462 0.0 7838.34351
652.36 8138.368 450.969 0.0 7687.39886
653.51 7671.429 101.475 0.0 7569.95323
654.66 8125.49 273.982 0.0 7851.50809
655.81 8408.552 651.989 0.0 7756.56299
656.96 7501.113 69.495 0.0 7431.61782
658.11 7945.675 365.002 0.0 7580.6727
659.27 8071.736 531.009 0.0 7540.72705
660.42 7636.797 29.015 0.0 7607.78193
661.57 8040.359 421.022 0.0 7619.33679
662.72 7243.42 -139.971 0.0 7383.39165
663.87 7290.482 -99.965 0.0 7390.44652
665.01 7724.543 316.042 0.0 7408.50089
666.16 7560.104 41.049 0.0 7519.05576
667.31 7651.166 95.555 0.0 7555.61062
668.46 8492.228 760.562 0.0 7731.66547
669.61 7727.789 206.069 0.0 7521.71986
670.76 7604.85 4.575 0.0 7600.27472
671.91 8603.912 769.582 0.0 7834.33008
673.06 8144.473 519.589 0.0 7624.88446
674.21 7611.535 -161.405 0.0 7772.93932
675.35 7947.096 284.102 0.0 7662.99368
676.5 7793.657 167.609 0.0 7626.04855
677.65 7555.719 72.615 0.0 7483.10342
678.8 7482.78 -110.878 0.0 7593.65828
679.94 7748.342 40.629 0.0 7707.71314
681.09 8279.903 370.135 0.0 7909.76801
682.24 8387.465 363.142 0.0 8024.32288
683.39 7824.026 -1.851 0.0 7825.87724
684.53 8555.087 558.155 0.0 7996.93164
685.68 8181.648 214.662 0.0 7966.98648
686.83 8543.71 301.169 0.0 8242.54135
687.97 8405.771 298.175 0.0 8107.59622
689.12 8224.833 178.182 0.0 8046.65108
690.27 8164.395 68.189 0.0 8096.20594
691.41 8659.956 468.195 0.0 8191.7608
692.56 8255.018 358.702 0.0 7896.31567
693.7 8539.079 378.709 0.0 8160.37051
694.85 8074.14 48.215 0.0 8025.9249
695.99 8521.201 398.222 0.0 8122.97928
697.14 8288.263 184.229 0.0 8104.03413
698.28 8451.324 342.735 0.0 8108.58899
699.43 8199.386 391.242 0.0 7808.14386
700.57 7774.947 -74.251 0.0 7849.19873
701.72 7944.009 -50.745 0.0 7994.75359
702.86 7793.07 -107.738 0.0 7900.80797
704.01 8129.631 50.269 0.0 8079.36283
705.15 8512.692 433.275 0.0 8079.41721
706.29 8119.254 126.782 0.0 7992.47256
707.44 8221.815 171.288 0.0 8050.52693
708.58 8066.877 -124.205 0.0 8191.0818
709.72 8820.438 629.302 0.0 8191.13666
710.87 7810.5 -137.192 0.0 7947.69153
712.01 7898.062 0.315 0.0 7897.74639
713.15 8258.123 217.322 0.0 8040.80125
714.3 8361.685 348.828 0.0 8012.85611
715.44 8143.246 92.335 0.0 8050.91049
716.58 8221.807 277.342 0.0 7944.46487
717.72 8019.869 52.848 0.0 7967.02022
718.87 8104.43 240.855 0.0 7863.5746
720.01 8054.991 117.362 0.0 7937.62946
721.15 7826.053 -54.132 0.0 7880.18432
722.29 8222.114 345.875 0.0 7876.2392
723.43 8330.176 498.882 0.0 7831.29404
724.57 8246.237 450.388 0.0 7795.84891
725.72 8026.798 244.895 0.0 7781.90329
726.86 8501.859 678.902 0.0 7822.95764
728.0 8143.921 164.408 0.0 7979.51302
729.14 7825.982 -2.085 0.0 7828.06739
730.28 8215.044 481.422 0.0 7733.62225
731.42 7642.605 10.928 0.0 7631.67712
732.56 8546.667 722.435 0.0 7824.23199
733.7 8152.729 386.942 0.0 7765.78683
734.84 7539.79 -127.052 0.0 7666.84122
735.98 7955.351 148.955 0.0 7806.39609
737.12 7590.913 -3.038 0.0 7593.95095
738.26 7698.474 17.468 0.0 7681.00581
739.4 8092.035 228.475 0.0 7863.56018
740.53 7937.097 407.482 0.0 7529.61505
741.67 8095.658 273.488 0.0 7822.16992
742.81 7443.22 -222.505 0.0 7665.72478
743.95 7717.281 241.002 0.0 7476.27963
745.09 7482.342 19.508 0.0 7462.83401
746.23 7645.404 399.515 0.0 7245.88889
747.36 7976.965 453.522 0.0 7523.44373
748.5 7456.527 60.028 0.0 7396.4986
749.64 7459.588 25.035 0.0 7434.55347
750.78 7359.149 -5.458 0.0 7364.60784
751.92 7578.211 74.548 0.0 7503.6627
753.05 7241.272 155.555 0.0 7085.71758
754.19 7751.834 635.562 0.0 7116.27246
755.33 6803.895 -151.932 0.0 6955.82681
756.46 7312.457 245.075 0.0 7067.38167
757.6 6935.518 82.082 0.0 6853.43654
758.74 7556.58 562.088 0.0 6994.49139
759.87 7265.141 244.595 0.0 7020.54626
761.01 6974.702 271.102 0.0 6703.60065
762.14 6904.264 234.608 0.0 6669.6555
763.28 7160.825 408.115 0.0 6752.71036
764.41 6983.887 249.121 0.0 6734.76523
765.55 6684.448 -123.872 0.0 6808.32009
766.69 6691.509 289.635 0.0 6401.87448
767.82 6925.571 266.641 0.0 6658.92932
768.95 6454.632 26.148 0.0 6428.48419
770.09 7033.194 737.655 0.0 6295.53906
771.22 7100.755 661.661 0.0 6439.09393
772.36 6923.316 504.168 0.0 6419.14828
773.49 6794.878 489.175 0.0 6305.70316
774.63 6400.939 196.181 0.0 6204.75803
775.76 6079.001 154.688 0.0 5924.31288
776.89 6352.562 428.195 0.0 5924.36725
778.03 6148.624 360.201 0.0 5788.42212
779.16 6085.685 8.708 0.0 6076.97699
780.29 6252.747 308.215 0.0 5944.53186
781.43 6453.308 606.221 0.0 5847.08673
782.56 6107.869 315.228 0.0 5792.64108
783.69 5516.931 11.735 0.0 5505.19596
784.82 5797.992 233.241 0.0 5564.75082
785.96 5598.554 116.748 0.0 5481.80568
787.09 5745.115 204.255 0.0 5540.86055
788.22 5840.176 394.261 0.0 5445.91492
789.35 5352.738 157.768 0.0 5194.96979
790.48 5353.799 142.275 0.0 5211.52464
791.62 5853.361 580.281 0.0 5273.07953
792.75 5095.422 5.288 0.0 5090.13389
793.88 5777.983 737.795 0.0 5040.18872
795.01 5413.545 353.801 0.0 5059.74362
796.14 5377.106 404.808 0.0 4972.29846
797.27 5430.668 493.815 0.0 4936.85333
798.4 5111.729 283.321 0.0 4828.40771
799.53 4772.291 -4.672 0.0 4776.96258
800.66 5140.852 316.335 0.0 4824.51746
801.79 6114.914 1276.841 0.0 4838.07227
802.92 4833.975 199.848 0.0 4634.12717
804.05 5061.036 381.855 0.0 4679.18155
805.18 4749.598 290.861 0.0 4458.73642
806.31 4619.159 215.868 0.0 4403.29128
807.44 4412.721 -64.625 0.0 4477.34614
808.57 4808.782 400.381 0.0 4408.40051
809.69 4588.343 400.888 0.0 4187.45538
810.82 4102.405 -163.605 0.0 4266.01024
811.95 5430.966 988.401 0.0 4442.56512
813.08 4207.028 103.908 0.0 4103.11996
814.21 5205.089 1064.915 0.0 4140.17432
815.33 4291.65 282.921 0.0 4008.72922
816.46 4343.212 308.928 0.0 4034.28406
817.59 4857.773 847.435 0.0 4010.33893
818.72 4331.335 504.441 0.0 3826.8938
819.84 4818.396 896.448 0.0 3921.94818
820.97 4281.958 446.454 0.0 3835.50302
822.1 4366.019 593.961 0.0 3772.05792
823.22 3570.58 -30.532 0.0 3601.11252
824.35 3764.642 92.474 0.0 3672.16738
825.48 4117.703 574.481 0.0 3543.22198
826.6 3740.765 310.488 0.0 3430.27686
827.73 3352.326 -144.506 0.0 3496.83173
828.85 3701.887 268.501 0.0 3433.38635
829.98 4048.449 610.008 0.0 3438.44122
831.11 3478.01 70.014 0.0 3407.99583
832.23 3422.572 81.521 0.0 3341.05069
833.36 3907.133 524.528 0.0 3382.60553
834.48 3655.195 259.034 0.0 3396.16019
835.6 3701.756 482.041 0.0 3219.71503
836.73 3228.317 -7.952 0.0 3236.26966
837.85 3833.879 535.054 0.0 3298.82452
838.98 3029.94 -104.439 0.0 3134.37914
840.1 3489.002 458.568 0.0 3030.43399
841.23 3436.563 371.074 0.0 3065.48886
842.35 3749.125 720.581 0.0 3028.54346
843.47 3256.186 248.588 0.0 3007.59834
844.6 3005.747 26.594 0.0 2979.15297
845.72 3102.809 155.101 0.0 2947.70784
846.84 3038.37 134.608 0.0 2903.76245
847.96 2982.932 139.114 0.0 2843.81732
849.09 2953.493 58.121 0.0 2895.37218
850.21 3109.554 232.628 0.0 2876.9268
851.33 3111.116 385.134 0.0 2725.98166
852.45 2777.677 25.141 0.0 2752.53628
853.57 3039.239 232.148 0.0 2807.09114
854.7 2748.8 67.654 0.0 2681.14577
855.82 2760.862 -0.339 0.0 2761.20063
856.94 3239.923 485.168 0.0 2754.75549
858.06 2467.984 -64.326 0.0 2532.31011
859.18 3094.546 425.181 0.0 2669.36496
860.3 2918.607 244.688 0.0 2673.91959
861.42 2422.669 -89.306 0.0 2511.97446
862.54 2446.23 -65.799 0.0 2512.02908
863.66 2637.792 50.708 0.0 2587.08394
864.78 2634.353 186.714 0.0 2447.63881
865.9 2860.414 244.221 0.0 2616.19342
867.02 4012.976 1277.228 0.0 2735.74829
868.14 3450.037 879.234 0.0 2570.80292
869.26 2937.099 575.741 0.0 2361.35779
870.38 2300.66 -90.252 0.0 2390.91239
871.5 2263.221 -94.746 0.0 2357.96725
872.62 2321.283 69.761 0.0 2251.52212
873.74 3076.844 699.268 0.0 2377.57672
874.85 2322.375 40.271 0.0 2282.10417
875.97 2520.375 286.271 0.0 2234.10416
877.09 2672.375 373.271 0.0 2299.10416
878.21 2580.875 220.771 0.0 2360.10417
879.33 2486.875 334.771 0.0 2152.10416
880.44 2393.375 254.771 0.0 2138.60417
881.56 2214.875 111.271 0.0 2103.60416
882.68 2432.375 256.271 0.0 2176.10416
883.79 3085.875 826.771 0.0 2259.10419
884.91 1987.875 -58.229 0.0 2046.10417
886.03 2604.875 456.271 0.0 2148.60416
887.14 2822.875 659.271 0.0 2163.60419
888.26 2765.375 777.271 0.0 1988.10419
889.38 2694.875 636.271 0.0 2058.60419
890.49 1931.375 -89.729 0.0 2021.10416
891.61 2357.375 307.771 0.0 2049.60416
892.72 2127.875 -13.229 0.0 2141.10417
893.84 2120.875 -99.229 0.0 2220.10416
894.95 2123.875 -87.229 0.0 2211.10416
896.07 2289.375 152.271 0.0 2137.10417
897.18 2556.375 384.271 0.0 2172.10416
898.3 2109.375 -41.229 0.0 2150.60417
899.41 2701.375 577.271 0.0 2124.10419
900.53 2425.375 335.771 0.0 2089.60416
901.64 2596.875 462.271 0.0 2134.60416
902.75 2263.875 262.771 0.0 2001.10416
903.87 2047.875 116.771 0.0 1931.10416
904.98 2387.375 403.771 0.0 1983.60416
906.09 2236.375 235.771 0.0 2000.60417
907.21 2379.875 438.771 0.0 1941.10416
908.32 2114.875 198.271 0.0 1916.60417
909.43 2633.375 650.771 0.0 1982.60419
910.54 2201.875 280.271 0.0 1921.60416
911.66 3052.375 1160.771 0.0 1891.60413
912.77 1826.875 85.771 0.0 1741.10416
913.88 2179.375 300.271 0.0 1879.10416
914.99 1828.875 69.271 0.0 1759.60416
916.1 2106.375 349.771 0.0 1756.60416
917.22 1737.375 58.771 0.0 1678.60417
918.33 2488.875 688.771 0.0 1800.10419
919.44 1936.875 270.271 0.0 1666.60416
920.55 2414.875 660.771 0.0 1754.10419
921.66 2107.875 428.771 0.0 1679.10416
922.77 2093.875 488.271 0.0 1605.60416
923.88 2254.375 623.271 0.0 1631.10419
924.99 2013.375 373.771 0.0 1639.60416
926.1 1586.875 -11.229 0.0 1598.10417
927.21 2232.875 652.771 0.0 1580.10419
928.32 1311.875 -84.729 0.0 1396.60416
929.43 1683.875 251.771 0.0 1432.10417
930.54 1575.875 111.271 0.0 1464.60416
931.65 1604.375 266.271 0.0 1338.10416
932.76 1773.875 381.771 0.0 1392.10416
933.86 1645.375 302.271 0.0 1343.10416
934.97 1363.375 113.771 0.0 1249.60416
936.08 1351.875 164.771 0.0 1187.10417
937.19 1925.875 708.271 0.0 1217.60419
938.3 1543.875 472.271 0.0 1071.60416
939.4 1715.875 674.771 0.0 1041.10419
940.51 1212.875 305.271 0.0 907.60416
941.62 1360.375 503.771 0.0 856.60416
942.73 2065.375 1102.771 0.0 962.60413
943.83 1136.875 302.771 0.0 834.10416
944.94 1167.875 338.271 0.0 829.60416
946.05 749.375 -35.729 0.0 785.10417
947.15 814.375 -25.729 0.0 840.10417
948.26 1090.875 228.771 0.0 862.10417
949.36 910.875 98.271 0.0 812.60416
950.47 1210.375 326.771 0.0 883.60416
951.57 1788.875 844.771 0.0 944.10419
952.68 1438.875 568.771 0.0 870.10419
953.79 1450.375 439.271 0.0 1011.10416
954.89 1025.375 121.771 0.0 903.60416
955.99 1345.875 391.271 0.0 954.60416
957.1 1095.375 230.271 0.0 865.10417
958.2 1308.875 271.271 0.0 1037.60416
959.31 1499.375 455.771 0.0 1043.60416
960.41 975.375 130.271 0.0 845.10417
961.52 890.875 10.271 0.0 880.60417
962.62 1529.875 493.771 0.0 1036.10416
963.72 928.375 -50.729 0.0 979.10417
964.83 795.375 -70.729 0.0 866.10416
965.93 1300.875 341.771 0.0 959.10416
967.03 1655.875 714.271 0.0 941.60419
968.13 1378.375 466.771 0.0 911.60416
969.24 980.875 175.771 0.0 805.10417
970.34 1112.375 206.771 0.0 905.60417
971.44 1105.875 265.771 0.0 840.10416
972.54 1315.375 346.771 0.0 968.60416
973.64 1023.875 142.271 0.0 881.60417
974.75 1936.375 1069.771 0.0 866.60413
975.85 4461.375 3162.271 0.0 1299.10425
976.95 1013.375 189.771 0.0 823.60417
978.05 1410.375 525.771 0.0 884.60419
979.15 1871.875 896.271 0.0 975.60419
980.25 837.375 99.771 0.0 737.60416
981.35 967.375 179.271 0.0 788.10417
982.45 1843.875 891.771 0.0 952.10419
983.55 1275.875 462.771 0.0 813.10416
984.65 1268.375 418.271 0.0 850.10416
985.75 1433.375 675.271 0.0 758.10419
986.85 1269.875 372.271 0.0 897.60416
987.95 951.375 185.271 0.0 766.10417
989.05 1613.875 783.271 0.0 830.60419
990.15 1285.375 628.271 0.0 657.10419
991.25 1079.875 443.271 0.0 636.60416
992.34 1499.375 835.771 0.0 663.60419
993.44 1049.375 478.271 0.0 571.10416
994.54 1018.875 386.771 0.0 632.10416
995.64 1445.875 731.271 0.0 714.60419
996.74 1497.875 789.271 0.0 708.60419
997.83 646.875 73.771 0.0 573.10416
998.93 903.875 315.271 0.0 588.60416
1000.03 1920.375 1230.771 0.0 689.60413
1001.12 1439.875 704.771 0.0 735.10419
1002.22 1432.375 729.271 0.0 703.10419
1003.32 803.875 272.271 0.0 531.60416
1004.41 1032.375 467.271 0.0 565.10416
1005.51 1009.375 402.771 0.0 606.60416
1006.6 718.375 188.771 0.0 529.60417
1007.7 1254.875 624.271 0.0 630.60419
1008.8 489.375 103.271 0.0 386.10416
1009.89 1103.875 577.771 0.0 526.10419
1010.99 960.375 384.771 0.0 575.60416
1012.08 561.375 47.271 0.0 514.10417
1013.18 945.875 394.271 0.0 551.60416
1014.27 798.875 202.271 0.0 596.60417
1015.36 893.875 334.271 0.0 559.60416
1016.46 1034.875 402.771 0.0 632.10416
1017.55 652.375 148.271 0.0 504.10417
1018.65 990.375 496.771 0.0 493.60416
1019.74 1230.875 586.771 0.0 644.10419
1020.83 1005.875 505.271 0.0 500.60416
1021.93 903.375 280.271 0.0 623.10416
1023.02 464.375 38.271 0.0 426.10417
1024.11 534.875 63.771 0.0 471.10417
1025.2 483.375 88.271 0.0 395.10416
1026.3 953.875 454.271 0.0 499.60416
1027.39 1094.875 597.771 0.0 497.10419
1028.48 916.875 486.771 0.0 430.10416
1029.57 723.375 312.771 0.0 410.60416
1030.66 841.875 451.771 0.0 390.10416
1031.75 2051.875 1483.271 0.0 568.60413
1032.84 1070.375 652.771 0.0 417.60419
1033.94 521.875 161.271 0.0 360.60417
1035.03 1092.875 773.771 0.0 319.10419
1036.12 450.375 90.271 0.0 360.10416
1037.21 467.375 66.771 0.0 400.60416
1038.3 974.875 522.771 0.0 452.10419
1039.39 407.875 153.271 0.0 254.60417
1040.48 810.375 455.771 0.0 354.60416
1041.57 875.875 616.271 0.0 259.60419
1042.66 784.875 441.771 0.0 343.10416
1043.74 795.375 508.271 0.0 287.10416
1044.83 830.875 543.271 0.0 287.60419
1045.92 355.375 45.771 0.0 309.60417
1047.01 954.875 617.771 0.0 337.10419
1048.1 359.375 96.771 0.0 262.60416
1049.19 816.375 502.271 0.0 314.10416
1050.27 631.875 342.271 0.0 289.60416
1051.36 627.375 305.271 0.0 322.10416
1052.45 817.875 469.771 0.0 348.10416
1053.54 732.875 466.771 0.0 266.10416
1054.62 804.375 525.271 0.0 279.10419
1055.71 790.375 467.771 0.0 322.60416
1056.8 989.375 688.271 0.0 301.10419
1057.88 612.375 328.771 0.0 283.60416
1058.97 746.375 458.771 0.0 287.60416
1060.06 1236.375 834.771 0.0 401.60419
1061.14 657.875 367.771 0.0 290.10416
1062.23 2016.375 1608.271 0.0 408.10413
1063.31 746.875 547.271 0.0 199.60419
1064.4 603.375 279.271 0.0 324.10416
1065.48 696.375 526.771 0.0 169.60419
1066.57 681.375 362.771 0.0 318.60416
1067.65 721.375 543.771 0.0 177.60419
1068.74 606.375 357.271 0.0 249.10416
1069.82 767.875 544.271 0.0 223.60419
1070.9 2594.875 2151.771 0.0 443.10425
1071.99 777.875 561.771 0.0 216.10419
1073.07 729.375 491.771 0.0 237.60416
1074.15 837.375 576.771 0.0 260.60419
1075.24 690.375 526.771 0.0 163.60419
1076.32 802.875 625.771 0.0 177.10419
1077.4 1231.375 963.771 0.0 267.60419
1078.49 445.375 218.271 0.0 227.10417
1079.57 906.875 655.271 0.0 251.60419
1080.65 1205.875 866.771 0.0 339.10419
1081.73 606.375 382.771 0.0 223.60416
1082.81 420.375 238.271 0.0 182.10417
1083.89 803.375 548.771 0.0 254.60419
1084.98 757.875 533.271 0.0 224.60419
1086.06 428.375 267.771 0.0 160.60416
1087.14 535.875 283.771 0.0 252.10416
1088.22 664.875 524.771 0.0 140.10419
1089.3 434.375 261.771 0.0 172.60416
1090.38 1435.875 1101.771 0.0 334.10413
1091.46 784.375 598.771 0.0 185.60419
1092.54 598.375 405.771 0.0 192.60416
1093.62 638.875 412.771 0.0 226.10416
1094.7 429.875 186.271 0.0 243.60417
1095.78 678.875 490.771 0.0 188.10416
1096.86 767.875 545.771 0.0 222.10419
1097.93 1549.875 1146.271 0.0 403.60413
1099.01 992.875 802.271 0.0 190.60419
1100.09 536.875 334.271 0.0 202.60416
