196.55 682.646 637.312 0.0 45.33325
197.76 933.622 939.8 0.0 -6.17883
198.96 886.62 856.3 0.0 30.32062
200.16 544.627 561.303 0.0 -16.67615
201.36 1033.091 1037.285 0.0 -4.19385
202.56 706.103 695.791 0.0 10.31213
203.76 602.62 612.799 0.0 -10.17963
204.96 658.136 695.308 0.0 -37.17139
206.16 491.642 490.81 0.0 0.83121
207.36 820.632 819.305 0.0 1.32629
208.56 728.623 680.301 0.0 48.32208
209.76 462.133 497.306 0.0 -35.17291
210.96 648.625 620.302 0.0 28.32281
212.16 1297.148 1311.814 0.0 -14.66553
213.36 786.63 733.805 0.0 52.82556
214.56 629.647 636.813 0.0 -7.16595
215.76 1215.12 1209.3 0.0 5.82031
216.96 1015.116 972.798 0.0 42.31842
218.16 778.612 694.796 0.0 83.81659
219.35 548.64 483.31 0.0 65.33047
220.55 644.141 634.81 0.0 9.33105
221.75 630.153 581.816 0.0 48.33704
222.95 964.139 923.809 0.0 40.32983
224.15 764.65 746.315 0.0 18.33527
225.35 600.647 541.313 0.0 59.33386
226.55 605.14 558.809 0.0 46.33032
227.75 883.639 842.309 0.0 41.32983
228.94 727.633 687.306 0.0 40.32703
230.14 710.129 694.304 0.0 15.82477
231.34 595.124 537.802 0.0 57.32263
232.54 604.625 577.802 0.0 26.82312
233.74 570.116 576.298 0.0 -6.1814
234.93 566.646 566.813 0.0 -0.16663
236.13 721.627 621.303 0.0 100.32379
237.33 665.155 649.817 0.0 15.33795
238.53 592.642 583.311 0.0 9.33154
239.72 898.623 873.301 0.0 25.32172
240.92 462.132 429.306 0.0 32.82635
242.12 816.139 720.309 0.0 95.82971
243.31 523.63 461.804 0.0 61.82523
244.51 447.123 478.801 0.0 -31.67813
245.71 824.638 823.809 0.0 0.82959
246.9 1057.123 1016.801 0.0 40.3219
248.1 649.621 627.8 0.0 21.82074
249.3 605.614 643.297 0.0 -37.68243
250.49 618.613 612.296 0.0 6.31714
251.69 719.628 666.304 0.0 53.32458
252.89 681.105 627.792 0.0 53.31311
254.08 437.133 415.806 0.0 21.32709
255.28 647.119 603.799 0.0 43.31982
256.47 447.131 424.305 0.0 22.82608
257.67 725.653 714.316 0.0 11.3371
258.86 836.143 748.311 0.0 87.83203
260.06 610.113 557.796 0.0 52.31708
261.26 946.625 951.802 0.0 -5.177
262.45 650.126 598.303 0.0 51.82349
263.65 415.106 357.292 0.0 57.8132
264.84 717.125 692.302 0.0 24.82269
266.04 520.105 487.792 0.0 32.31314
267.23 399.106 360.292 0.0 38.81329
268.42 468.627 436.803 0.0 31.82404
269.62 625.13 609.305 0.0 15.8255
270.81 635.135 585.307 0.0 49.82788
272.01 656.626 634.302 0.0 22.3233
273.2 768.599 731.789 0.0 36.81006
274.4 412.615 429.797 0.0 -17.18188
275.59 713.117 677.298 0.0 35.81891
276.78 621.634 552.307 0.0 69.32745
277.98 528.11 548.295 0.0 -20.18457
279.17 582.633 539.306 0.0 43.32697
280.37 581.597 532.288 0.0 49.30884
281.56 388.619 412.299 0.0 -23.68024
282.75 392.149 398.314 0.0 -6.16519
283.95 574.607 536.293 0.0 38.3139
285.14 583.107 530.293 0.0 52.81409
286.33 503.111 436.295 0.0 66.81598
287.52 632.1 583.29 0.0 48.81042
288.72 742.095 681.787 0.0 60.30786
289.91 881.117 885.298 0.0 -4.18134
291.1 648.624 571.302 0.0 77.32251
292.29 600.129 610.304 0.0 -10.17499
293.49 660.11 601.794 0.0 58.31525
294.68 482.615 465.297 0.0 17.31793
295.87 535.128 525.304 0.0 9.82446
297.06 656.117 643.798 0.0 12.31879
298.26 276.107 299.293 0.0 -23.18628
299.45 499.63 543.304 0.0 -43.6748
300.64 546.641 483.31 0.0 63.33105
301.83 599.624 587.802 0.0 11.82263
303.02 461.142 450.311 0.0 10.83163
304.21 718.65 658.314 0.0 60.33527
305.4 527.641 540.81 0.0 -13.16907
306.59 592.131 567.805 0.0 24.32611
307.79 544.626 526.802 0.0 17.82324
308.98 401.629 417.804 0.0 -16.17526
310.17 696.026 614.752 0.0 81.27319
311.36 572.577 525.778 0.0 46.79895
312.55 979.08 886.78 0.0 92.30048
313.74 401.616 364.797 0.0 36.81833
314.93 687.123 618.301 0.0 68.82208
316.12 482.126 490.803 0.0 -8.67642
317.31 333.614 306.797 0.0 26.81741
318.5 378.116 348.297 0.0 29.81833
319.69 535.113 462.296 0.0 72.81677
320.88 454.134 493.807 0.0 -39.67239
322.07 417.111 425.795 0.0 -8.68393
323.26 466.14 402.81 0.0 63.33057
324.45 358.619 303.799 0.0 54.81976
325.64 477.61 482.795 0.0 -5.18445
326.83 635.624 558.302 0.0 77.32251
328.01 483.62 486.299 0.0 -2.67972
329.2 598.626 615.802 0.0 -17.17676
330.39 503.117 433.798 0.0 69.31885
331.58 388.118 341.799 0.0 46.31955
332.77 773.127 762.303 0.0 10.82397
333.96 270.114 246.296 0.0 23.81732
335.15 359.121 361.8 0.0 -2.67902
336.33 422.118 355.799 0.0 66.31955
337.52 489.119 455.799 0.0 33.31976
338.71 490.62 413.8 0.0 76.82062
339.9 456.594 422.787 0.0 33.80746
341.08 452.608 430.293 0.0 22.31427
342.27 633.122 568.8 0.0 64.32129
343.46 698.135 666.807 0.0 31.3277
344.65 625.135 581.807 0.0 43.3277
345.83 677.136 631.308 0.0 45.82837
347.02 369.636 301.808 0.0 67.82861
348.21 667.127 643.303 0.0 23.82404
349.4 351.122 298.301 0.0 52.82162
350.58 500.6 454.789 0.0 45.81033
351.77 439.616 387.798 0.0 51.81857
352.96 219.627 236.303 0.0 -16.67587
354.14 400.119 412.299 0.0 -12.17999
355.33 360.13 369.804 0.0 -9.67477
356.51 235.603 265.291 0.0 -29.68832
357.7 511.584 427.282 0.0 84.30246
358.89 421.609 339.294 0.0 82.31482
360.07 591.103 589.291 0.0 1.81183
361.26 619.062 618.77 0.0 0.2912
362.44 455.046 448.263 0.0 6.78336
363.63 325.034 364.256 0.0 -39.22272
364.81 408.518 396.749 0.0 11.76947
366.0 249.522 201.751 0.0 47.77155
367.18 946.541 894.26 0.0 52.28107
368.37 353.565 297.772 0.0 55.79269
369.55 466.575 478.777 0.0 -12.20184
370.74 626.576 556.277 0.0 70.29834
371.92 738.064 718.271 0.0 19.79224
373.11 345.551 353.765 0.0 -8.2142
374.29 310.035 313.257 0.0 -3.22202
375.48 366.059 436.769 0.0 -70.71008
376.66 304.074 291.776 0.0 12.29724
377.84 661.565 592.272 0.0 69.29266
379.03 328.575 300.777 0.0 27.79779
380.21 225.556 226.268 0.0 -0.71152
381.39 246.558 164.768 0.0 81.7892
382.58 541.075 491.777 0.0 49.29773
383.76 698.587 678.783 0.0 19.80365
384.94 744.581 730.28 0.0 14.30066
386.13 331.551 290.765 0.0 40.78613
387.31 377.564 379.272 0.0 -1.70758
388.49 317.556 332.768 0.0 -15.21143
389.68 430.07 448.774 0.0 -18.70471
390.86 406.57 386.775 0.0 19.79565
392.04 621.583 571.281 0.0 50.30176
393.22 312.57 310.775 0.0 1.79565
394.41 344.057 325.768 0.0 18.28891
395.59 152.07 165.775 0.0 -13.70445
396.77 376.082 334.78 0.0 41.30127
397.95 397.576 322.278 0.0 75.2984
399.13 528.081 503.78 0.0 24.30099
400.31 350.547 349.763 0.0 0.78409
401.5 428.062 357.271 0.0 70.7915
402.68 482.558 430.768 0.0 51.78918
403.86 295.569 304.774 0.0 -9.2049
405.04 542.586 504.782 0.0 37.80319
406.22 264.561 236.27 0.0 28.29097
407.4 467.098 454.289 0.0 12.80951
408.58 582.562 535.771 0.0 46.79144
409.76 618.06 581.269 0.0 36.79028
410.94 428.07 418.275 0.0 9.79565
412.12 355.592 297.786 0.0 57.80667
413.3 303.077 282.278 0.0 20.79886
414.48 257.078 235.278 0.0 21.7993
415.66 309.586 256.783 0.0 52.80353
416.84 731.077 711.278 0.0 19.79907
418.02 416.066 370.273 0.0 45.7934
419.2 276.577 270.778 0.0 5.79868
420.38 375.571 361.775 0.0 13.79572
421.56 292.585 344.282 0.0 -51.6973
422.74 612.562 626.77 0.0 -14.2088
423.92 500.572 478.276 0.0 22.29636
425.1 338.078 356.778 0.0 -18.70068
426.28 330.597 299.788 0.0 30.80908
427.46 863.597 769.788 0.0 93.80902
428.63 411.591 345.785 0.0 65.80566
429.81 409.096 367.787 0.0 41.30826
430.99 464.587 430.283 0.0 34.30371
432.17 700.09 655.284 0.0 44.8053
433.35 518.588 457.284 0.0 61.30453
434.52 179.101 119.79 0.0 59.31097
435.7 259.592 249.785 0.0 9.80621
436.88 475.077 480.778 0.0 -5.70087
438.06 361.099 370.789 0.0 -9.69003
439.23 289.078 262.779 0.0 26.29941
440.41 389.104 404.792 0.0 -15.68762
441.59 499.07 501.775 0.0 -2.70462
442.77 232.107 214.793 0.0 17.31372
443.94 547.08 516.78 0.0 30.30048
445.12 471.089 466.784 0.0 4.30496
446.3 656.578 645.279 0.0 11.29944
447.47 424.583 431.781 0.0 -7.19791
448.65 466.08 508.779 0.0 -42.6998
449.82 331.08 318.279 0.0 12.8002
451.0 376.583 320.281 0.0 56.30191
452.18 321.089 267.784 0.0 53.30469
453.35 350.08 329.28 0.0 20.80057
454.53 377.591 345.785 0.0 31.80576
455.7 261.584 218.782 0.0 42.80252
456.88 576.094 569.287 0.0 6.80756
458.05 375.586 385.282 0.0 -9.69681
459.23 207.587 219.283 0.0 -11.69629
460.4 392.58 328.28 0.0 64.30057
461.58 409.594 458.287 0.0 -48.69254
462.75 235.589 185.284 0.0 50.30496
463.93 360.082 405.781 0.0 -45.69855
465.1 357.575 307.777 0.0 49.79816
466.28 178.103 146.791 0.0 31.31177
467.45 120.08 95.78 0.0 24.30057
468.63 317.085 296.782 0.0 20.3028
469.8 530.087 480.783 0.0 49.30377
470.97 248.085 235.782 0.0 12.30307
472.15 434.606 382.293 0.0 52.31363
473.32 455.603 471.791 0.0 -16.18823
474.49 537.097 534.788 0.0 2.30914
475.67 313.601 291.79 0.0 21.81104
476.84 216.102 204.29 0.0 11.81123
478.01 417.09 407.784 0.0 9.3053
479.19 317.109 344.794 0.0 -27.68503
480.36 221.099 228.289 0.0 -7.19029
481.53 351.592 339.786 0.0 11.80658
482.7 312.104 276.792 0.0 35.31247
483.88 208.111 217.295 0.0 -9.18385
485.05 274.094 266.287 0.0 7.80756
486.22 341.618 328.799 0.0 12.81946
487.39 216.128 226.803 0.0 -10.67569
488.56 354.091 361.785 0.0 -7.69397
489.74 527.608 484.293 0.0 43.3143
490.91 201.105 172.292 0.0 28.81302
492.08 295.591 286.285 0.0 9.30603
493.25 204.108 194.794 0.0 9.31464
494.42 299.612 309.795 0.0 -10.18375
495.59 274.111 288.795 0.0 -14.6842
496.76 300.085 292.782 0.0 7.30298
497.93 400.596 386.288 0.0 14.30865
499.1 413.61 417.795 0.0 -4.18439
500.27 633.112 613.796 0.0 19.31659
501.44 765.099 701.289 0.0 63.81006
502.61 301.604 297.292 0.0 4.31265
503.78 398.119 379.799 0.0 18.3201
504.95 723.596 737.788 0.0 -14.19147
506.12 437.12 404.8 0.0 32.32043
507.29 231.607 242.793 0.0 -11.18608
508.46 69.106 62.793 0.0 6.31338
509.63 727.106 694.793 0.0 32.31335
510.8 755.603 716.291 0.0 39.31201
511.97 357.6 370.79 0.0 -13.18948
513.14 200.124 192.302 0.0 7.8226
514.31 506.11 498.295 0.0 7.81543
515.48 372.123 323.301 0.0 48.82214
516.65 281.102 231.291 0.0 49.81142
517.81 249.613 242.296 0.0 7.31696
518.98 447.598 426.289 0.0 21.30942
520.15 187.63 166.304 0.0 21.3252
521.32 401.603 395.291 0.0 6.31186
522.49 866.123 830.801 0.0 35.32196
523.65 730.116 640.297 0.0 89.8183
524.82 363.601 363.79 0.0 -0.18896
525.99 41.124 77.801 0.0 -36.67767
527.16 441.636 393.807 0.0 47.82825
528.32 410.107 402.293 0.0 7.81381
529.49 291.104 302.791 0.0 -11.68781
530.66 88.642 97.31 0.0 -8.6688
531.82 164.595 173.287 0.0 -8.69191
532.99 232.611 235.795 0.0 -3.18385
534.16 305.611 255.795 0.0 49.81569
535.32 550.118 524.799 0.0 25.3194
536.49 169.118 160.299 0.0 8.81956
537.65 625.601 586.79 0.0 38.81067
538.82 163.114 139.296 0.0 23.81723
539.99 423.609 390.794 0.0 32.81482
541.15 487.592 434.286 0.0 53.3064
542.32 157.122 96.801 0.0 60.32134
543.48 477.631 475.805 0.0 1.82584
544.65 653.637 600.808 0.0 52.82916
545.81 875.612 823.796 0.0 51.81659
546.98 350.128 293.804 0.0 56.32455
548.14 499.612 476.296 0.0 23.31659
549.31 214.616 234.798 0.0 -20.18134
550.47 245.12 225.3 0.0 19.82045
551.63 597.113 607.796 0.0 -10.68304
552.8 284.602 271.29 0.0 13.31131
553.96 259.615 250.297 0.0 9.31813
555.13 270.12 241.8 0.0 28.32062
556.29 569.127 594.303 0.0 -25.17596
557.45 224.596 153.787 0.0 70.80818
558.62 339.621 299.8 0.0 39.82111
559.78 464.128 428.304 0.0 35.82455
560.94 232.622 228.301 0.0 4.32144
562.11 234.627 219.303 0.0 15.32413
563.27 49.122 51.8 0.0 -2.67875
564.43 45.118 18.298 0.0 26.81929
565.59 129.64 148.31 0.0 -18.66951
566.76 217.101 198.29 0.0 18.81105
567.92 362.141 314.31 0.0 47.83078
569.08 457.125 419.802 0.0 37.32297
570.24 194.099 217.289 0.0 -23.1902
571.4 189.616 121.798 0.0 67.81849
572.57 239.64 226.81 0.0 12.83058
573.73 70.124 37.302 0.0 32.82251
574.89 205.133 213.806 0.0 -8.6731
576.05 345.106 286.292 0.0 58.8132
577.21 125.608 117.294 0.0 8.31463
578.37 20.121 23.3 0.0 -3.17928
579.53 161.63 130.805 0.0 30.82556
580.69 397.125 338.802 0.0 58.32278
581.85 241.619 275.799 0.0 -34.18016
583.01 235.117 225.298 0.0 9.81885
584.17 318.614 250.797 0.0 67.8176
585.33 385.124 346.802 0.0 38.32233
586.49 218.111 167.295 0.0 50.81589
587.65 344.112 298.295 0.0 45.81625
588.81 345.124 315.302 0.0 29.82245
589.97 549.62 521.799 0.0 27.82013
591.13 223.099 219.789 0.0 3.30971
592.29 238.127 243.303 0.0 -5.17624
593.45 107.128 104.803 0.0 2.32431
594.61 113.6 108.29 0.0 5.31052
595.77 125.121 92.8 0.0 32.3209
596.93 84.602 66.291 0.0 18.31149
598.09 223.61 217.795 0.0 5.81561
599.24 102.126 114.803 0.0 -12.67641
600.4 216.611 160.795 0.0 55.81589
601.56 137.617 113.298 0.0 24.31911
602.72 217.629 231.804 0.0 -14.17516
603.87 349.152 270.315 0.0 78.83624
605.03 83.629 101.304 0.0 -17.67516
606.19 100.624 37.301 0.0 63.32224
607.35 31.627 14.303 0.0 17.32377
608.5 388.621 340.3 0.0 48.3208
609.66 581.631 510.805 0.0 70.82571
610.82 117.613 113.796 0.0 3.81678
611.97 75.127 82.803 0.0 -7.67596
613.13 347.636 342.307 0.0 5.32834
614.29 300.123 237.301 0.0 62.82172
615.44 385.625 341.302 0.0 44.32288
616.6 89.13 63.305 0.0 25.82547
617.76 381.123 329.801 0.0 51.32187
618.91 391.639 361.809 0.0 29.82986
620.07 372.625 341.302 0.0 31.32315
621.22 7.126 0.303 0.0 6.82359
622.38 610.627 580.303 0.0 30.32404
623.53 66.116 33.298 0.0 32.81848
624.69 79.13 66.805 0.0 12.32538
625.84 145.125 73.302 0.0 71.82297
627.0 274.096 252.287 0.0 21.80827
628.15 83.628 21.804 0.0 61.82448
629.31 233.606 215.293 0.0 18.31364
630.46 16.121 -33.2 0.0 49.32108
631.61 251.13 221.304 0.0 29.82529
632.77 200.607 198.793 0.0 1.81401
633.92 276.117 282.798 0.0 -6.68115
635.08 571.101 503.29 0.0 67.81113
636.23 151.122 159.301 0.0 -8.17856
637.38 15.622 -23.699 0.0 39.32162
638.54 359.111 324.295 0.0 34.8158
639.69 524.64 502.309 0.0 22.33029
640.84 290.618 225.299 0.0 65.31941
641.99 67.618 43.799 0.0 23.81958
643.15 477.119 457.299 0.0 19.81973
644.3 43.119 57.299 0.0 -14.18008
645.45 0.619 -54.201 0.0 54.82008
646.6 476.12 498.299 0.0 -22.17975
647.75 125.12 122.3 0.0 2.82042
648.91 -49.38 -43.2 0.0 -6.17941
650.06 128.121 95.3 0.0 32.82076
651.21 242.621 258.8 0.0 -16.17908
652.36 294.121 291.8 0.0 2.32111
653.51 89.622 97.8 0.0 -8.17873
654.66 175.622 106.801 0.0 68.82143
655.81 332.122 338.301 0.0 -6.17841
656.96 42.623 29.301 0.0 13.32178
658.11 202.123 201.301 0.0 0.82195
659.27 238.123 224.801 0.0 13.32211
660.42 34.124 23.801 0.0 10.32228
661.57 256.624 203.302 0.0 53.32246
662.72 -63.376 -70.698 0.0 7.32262
663.87 -53.875 -42.198 0.0 -11.67721
665.01 186.625 153.802 0.0 32.82297
666.16 24.125 3.802 0.0 20.32313
667.31 63.626 69.302 0.0 -5.6767
668.46 390.626 364.803 0.0 25.82346
669.61 128.626 85.803 0.0 42.82363
670.76 27.127 -15.197 0.0 42.3238
671.91 453.127 383.803 0.0 69.32397
673.06 270.127 292.803 0.0 -22.67587
674.21 -64.872 -86.197 0.0 21.32431
675.35 228.128 143.804 0.0 84.32448
676.5 117.628 107.304 0.0 10.32465
677.65 -23.371 5.804 0.0 -29.17518
678.8 -52.371 -81.696 0.0 29.32499
679.94 39.129 20.804 0.0 18.32516
681.09 246.13 183.304 0.0 62.82533
682.24 210.13 202.305 0.0 7.8255
683.39 12.63 5.305 0.0 7.32567
684.53 268.131 205.305 0.0 62.82582
685.68 122.631 103.305 0.0 19.32601
686.83 187.632 149.805 0.0 37.82617
687.97 145.632 114.306 0.0 31.32634
689.12 56.132 72.806 0.0 -16.67349
690.27 34.133 14.306 0.0 19.82668
691.41 309.633 252.306 0.0 57.32686
692.56 200.633 174.306 0.0 26.32703
693.7 206.134 173.806 0.0 32.32719
694.85 -6.366 -17.193 0.0 10.82736
695.99 222.634 194.307 0.0 28.32753
697.14 163.635 89.807 0.0 73.82769
698.28 183.635 205.807 0.0 -22.17213
699.43 164.135 115.807 0.0 48.32804
700.57 -30.864 -75.193 0.0 44.3282
701.72 18.636 -61.692 0.0 80.32837
702.86 -101.364 -99.192 0.0 -2.17146
704.01 -29.363 -16.692 0.0 -12.67129
705.15 240.637 196.308 0.0 44.32889
706.29 50.637 30.308 0.0 20.32905
707.44 98.638 66.808 0.0 31.82922
708.58 -94.362 -71.691 0.0 -22.67062
709.72 366.138 315.809 0.0 50.32956
710.87 -106.361 -109.191 0.0 2.82973
712.01 -25.861 -56.691 0.0 30.82989
713.15 90.639 79.809 0.0 10.83007
714.3 213.64 208.309 0.0 5.33023
715.44 23.64 18.31 0.0 5.3304
716.58 170.14 111.81 0.0 58.33057
717.72 -16.359 5.31 0.0 -21.66926
718.87 112.141 68.31 0.0 43.83091
720.01 81.141 57.31 0.0 23.83108
721.15 -40.858 -70.19 0.0 29.33125
722.29 123.642 172.811 0.0 -49.16858
723.43 280.142 225.811 0.0 54.33157
724.57 209.643 187.311 0.0 22.33176
725.72 97.643 95.811 0.0 1.83192
726.86 382.143 355.311 0.0 26.83209
728.0 73.644 33.811 0.0 39.83226
729.14 4.644 -38.688 0.0 43.33243
730.28 293.144 244.812 0.0 48.33261
731.42 11.145 -48.688 0.0 59.83277
732.56 374.145 351.312 0.0 22.83295
733.7 162.145 203.812 0.0 -41.66689
734.84 -122.354 -91.688 0.0 -30.66673
735.98 86.146 62.813 0.0 23.33344
737.12 -43.354 -52.187 0.0 8.83362
738.26 17.647 22.813 0.0 -5.16622
739.4 114.147 113.313 0.0 0.83395
740.53 190.647 146.813 0.0 43.83412
741.67 96.648 118.813 0.0 -22.16571
742.81 -63.852 -95.186 0.0 31.33446
743.95 139.648 158.814 0.0 -19.16537
745.09 -16.851 -2.686 0.0 -14.1652
746.23 171.649 163.314 0.0 8.33498
747.36 245.649 212.314 0.0 33.33514
748.5 -2.85 -6.686 0.0 3.83531
749.64 25.65 5.315 0.0 20.33548
750.78 -48.85 -16.185 0.0 -32.66435
751.92 26.151 17.315 0.0 8.83582
753.05 111.151 49.315 0.0 61.83599
754.19 281.151 323.315 0.0 -42.16385
755.33 -74.848 -118.685 0.0 43.83632
756.46 125.652 125.316 0.0 0.33649
757.6 18.652 8.816 0.0 9.83666
758.74 283.153 285.816 0.0 -2.66318
759.87 137.653 83.816 0.0 53.83701
761.01 112.154 68.316 0.0 43.83717
762.14 91.654 68.817 0.0 22.83733
763.28 236.154 231.317 0.0 4.83751
764.41 94.155 96.317 0.0 -2.16232
765.55 -98.845 -118.183 0.0 19.33784
766.69 110.155 118.817 0.0 -8.66198
767.82 130.156 118.317 0.0 11.83818
768.95 0.156 -1.182 0.0 1.33835
770.09 390.656 444.318 0.0 -53.66147
771.22 369.657 352.318 0.0 17.33868
772.36 263.157 220.318 0.0 42.83887
773.49 274.157 302.818 0.0 -28.66098
774.63 77.158 56.818 0.0 20.3392
775.76 55.658 36.319 0.0 19.33937
776.89 191.158 210.819 0.0 -19.66046
778.03 161.659 138.819 0.0 22.83969
779.16 10.159 -42.681 0.0 52.83987
780.29 157.159 129.819 0.0 27.34004
781.43 321.66 297.819 0.0 23.84024
782.56 137.66 137.32 0.0 0.34038
783.69 -9.84 -0.68 0.0 -9.15945
784.82 73.161 60.32 0.0 12.84072
785.96 41.661 78.32 0.0 -36.65911
787.09 128.661 99.82 0.0 28.84106
788.22 133.662 112.32 0.0 21.34122
789.35 -1.838 -24.179 0.0 22.3414
790.48 99.662 49.821 0.0 49.84157
791.62 276.163 237.321 0.0 38.84172
792.75 -3.837 -33.179 0.0 29.3419
793.88 349.163 345.821 0.0 3.34207
795.01 173.664 120.321 0.0 53.34224
796.14 235.664 221.822 0.0 13.84241
797.27 269.164 229.322 0.0 39.84259
798.4 100.665 100.322 0.0 0.34275
799.53 -36.335 -69.678 0.0 33.34292
800.66 99.665 107.822 0.0 -8.15691
801.79 741.166 716.822 0.0 24.34326
802.92 63.666 70.823 0.0 -7.15657
804.05 182.666 174.823 0.0 7.84358
805.18 132.167 125.823 0.0 6.34377
806.31 117.167 67.823 0.0 49.34393
807.44 -35.333 -58.177 0.0 22.8441
808.57 191.168 159.323 0.0 31.84427
809.69 191.668 180.324 0.0 11.34444
810.82 -104.832 -126.176 0.0 21.34461
811.95 532.669 498.324 0.0 34.34476
813.08 61.669 34.824 0.0 26.84495
814.21 589.669 518.324 0.0 71.34509
815.33 126.17 118.824 0.0 7.34528
816.46 158.67 161.825 0.0 -3.15454
817.59 396.17 417.825 0.0 -21.65439
818.72 260.671 234.825 0.0 25.84578
819.84 466.671 436.825 0.0 29.84595
820.97 250.671 259.825 0.0 -9.15385
822.1 298.172 310.325 0.0 -12.15369
823.22 -11.828 -29.174 0.0 17.34647
824.35 25.172 26.326 0.0 -1.15336
825.48 262.673 251.326 0.0 11.34682
826.6 121.673 136.326 0.0 -14.65302
827.73 -77.827 -83.674 0.0 5.84715
828.85 119.174 89.826 0.0 29.34731
829.98 353.174 303.827 0.0 49.34747
831.11 55.674 -22.173 0.0 77.84765
832.23 20.175 17.827 0.0 2.34782
833.36 265.175 261.327 0.0 3.84799
834.48 161.675 130.327 0.0 31.34816
835.6 200.676 192.827 0.0 7.84833
836.73 -27.324 -37.172 0.0 9.8485
837.85 238.176 218.328 0.0 19.84866
838.98 -92.323 -94.672 0.0 2.34884
840.1 187.677 194.328 0.0 -6.65099
841.23 183.178 119.828 0.0 63.34917
842.35 410.678 350.329 0.0 60.34933
843.47 85.678 100.829 0.0 -15.15048
844.6 12.179 -38.171 0.0 50.34969
845.72 25.679 4.829 0.0 20.84985
846.84 34.679 22.329 0.0 12.35002
847.96 41.68 16.829 0.0 24.85019
849.09 -11.32 -3.67 0.0 -7.64964
850.21 82.68 68.83 0.0 13.85053
851.33 194.681 196.33 0.0 -1.64929
852.45 11.181 -56.17 0.0 67.35087
853.57 111.681 122.33 0.0 -10.64896
854.7 11.682 -3.67 0.0 15.35121
855.82 -24.318 18.331 0.0 -42.64862
856.94 189.182 186.831 0.0 2.35153
858.06 -91.817 -122.669 0.0 30.85172
859.18 217.183 170.331 0.0 46.85188
860.3 84.683 87.831 0.0 -3.14795
861.42 -132.316 -103.669 0.0 -28.64778
862.54 -84.316 -96.168 0.0 11.85239
863.66 -14.816 -43.668 0.0 28.85256
864.78 49.185 71.332 0.0 -22.14727
865.9 133.185 109.332 0.0 23.85291
867.02 689.185 676.832 0.0 12.35309
868.14 443.186 444.332 0.0 -1.14676
869.26 211.186 226.833 0.0 -15.64659
870.38 -135.814 -115.667 0.0 -20.14643
871.5 -89.813 -77.667 0.0 -12.14626
872.62 -32.313 -52.167 0.0 19.85391
873.74 325.187 306.333 0.0 18.85406
874.85 -24.813 -52.667 0.0 27.85417
875.97 105.188 119.333 0.0 -14.14584
877.09 198.688 122.333 0.0 76.35416
878.21 87.188 63.333 0.0 23.85417
879.33 111.188 123.833 0.0 -12.64584
880.44 79.688 66.333 0.0 13.35416
881.56 0.688 40.333 0.0 -39.64583
882.68 86.688 92.833 0.0 -6.14584
883.79 505.688 424.833 0.0 80.85416
884.91 -96.313 -134.167 0.0 37.85417
886.03 226.688 169.833 0.0 56.85417
887.14 317.688 290.333 0.0 27.35416
888.26 407.688 330.333 0.0 77.35416
889.38 284.688 273.833 0.0 10.85416
890.49 -91.313 -86.667 0.0 -4.64584
891.61 106.188 97.333 0.0 8.85416
892.72 -51.813 -71.167 0.0 19.35416
893.84 -59.813 -71.667 0.0 11.85416
894.95 -76.813 -80.667 0.0 3.85416
896.07 29.188 20.833 0.0 8.35417
897.18 168.688 147.833 0.0 20.85417
898.3 -46.813 -53.167 0.0 6.35417
899.41 227.188 274.833 0.0 -47.64584
900.53 124.688 120.333 0.0 4.35416
901.64 205.688 219.833 0.0 -14.14583
902.75 108.188 53.833 0.0 54.35417
903.87 8.188 -10.667 0.0 18.85417
904.98 159.188 149.833 0.0 9.35417
906.09 105.688 22.833 0.0 82.85417
907.21 181.688 145.833 0.0 35.85417
908.32 34.188 28.333 0.0 5.85417
909.43 310.188 272.333 0.0 37.85416
910.54 156.188 127.833 0.0 28.35416
911.66 577.188 540.333 0.0 36.85419
912.77 -3.813 -1.667 0.0 -2.14583
913.88 165.188 150.833 0.0 14.35417
914.99 -27.813 -48.167 0.0 20.35417
916.1 123.688 135.833 0.0 -12.14583
917.22 -6.313 -30.167 0.0 23.85417
918.33 332.688 289.833 0.0 42.85416
919.44 109.188 76.833 0.0 32.35416
920.55 373.188 358.833 0.0 14.35416
921.66 182.688 200.333 0.0 -17.64583
922.77 206.188 207.333 0.0 -1.14583
923.88 288.188 300.833 0.0 -12.64584
924.99 198.188 142.333 0.0 55.85417
926.1 -92.313 -86.167 0.0 -6.14584
927.21 359.188 317.833 0.0 41.35416
928.32 -129.313 -121.167 0.0 -8.14584
929.43 86.688 60.833 0.0 25.85417
930.54 8.688 23.833 0.0 -15.14583
931.65 73.688 82.333 0.0 -8.64584
932.76 173.188 184.333 0.0 -11.14583
933.86 108.688 93.333 0.0 15.35416
934.97 7.688 22.833 0.0 -15.14583
936.08 15.188 4.833 0.0 10.35417
937.19 332.188 312.833 0.0 19.35416
938.3 209.188 227.833 0.0 -18.64583
939.4 319.188 293.333 0.0 25.85416
940.51 73.688 69.333 0.0 4.35416
941.62 187.688 193.833 0.0 -6.14583
942.73 547.688 508.833 0.0 38.85416
943.83 147.688 125.833 0.0 21.85416
944.94 149.688 151.833 0.0 -2.14583
946.05 -115.813 -150.667 0.0 34.85417
947.15 -80.813 -68.667 0.0 -12.14584
948.26 51.188 64.833 0.0 -13.64584
949.36 -39.313 -1.167 0.0 -38.14583
950.47 145.688 121.333 0.0 24.35416
951.57 383.188 369.833 0.0 13.35416
952.68 226.688 229.333 0.0 -2.64583
953.79 208.188 217.833 0.0 -9.64583
954.89 18.688 8.833 0.0 9.85417
955.99 198.188 167.333 0.0 30.85417
957.1 31.688 40.333 0.0 -8.64583
958.2 126.188 76.333 0.0 49.85416
959.31 230.188 203.333 0.0 26.85417
960.41 8.188 28.333 0.0 -20.14583
961.52 -20.313 -30.667 0.0 10.35417
962.62 229.688 175.833 0.0 53.85417
963.72 -63.813 -80.667 0.0 16.85416
964.83 -103.313 -124.667 0.0 21.35416
965.93 139.688 112.833 0.0 26.85416
967.03 302.688 271.333 0.0 31.35416
968.13 201.188 208.333 0.0 -7.14583
969.24 12.188 8.833 0.0 3.35417
970.34 67.688 31.333 0.0 36.35417
971.44 31.688 52.333 0.0 -20.64583
972.54 125.688 141.833 0.0 -16.14583
973.64 -1.313 5.333 0.0 -6.64583
974.75 543.688 435.833 0.0 107.85416
975.85 1652.188 1647.833 0.0 4.35413
976.95 18.188 7.333 0.0 10.85417
978.05 220.688 203.333 0.0 17.35417
979.15 500.688 433.833 0.0 66.85416
980.25 23.688 2.833 0.0 20.85417
981.35 30.688 60.333 0.0 -29.64583
982.45 424.688 410.333 0.0 14.35416
983.55 202.188 186.833 0.0 15.35417
984.65 130.688 138.833 0.0 -8.14583
985.75 267.688 309.833 0.0 -42.14584
986.85 155.688 180.333 0.0 -24.64583
987.95 44.188 14.833 0.0 29.35417
989.05 397.188 361.833 0.0 35.35416
990.15 273.188 271.833 0.0 1.35416
991.25 133.688 124.833 0.0 8.85416
992.34 334.688 347.833 0.0 -13.14584
993.44 169.688 140.833 0.0 28.85417
994.54 149.188 111.833 0.0 37.35416
995.64 367.688 309.833 0.0 57.85416
996.74 367.688 351.833 0.0 15.85416
997.83 -55.813 -49.167 0.0 -6.64583
998.93 76.188 76.333 0.0 -0.14584
1000.03 579.688 590.833 0.0 -11.14581
1001.12 348.688 353.833 0.0 -5.14584
1002.22 367.188 315.333 0.0 51.85416
1003.32 66.688 64.833 0.0 1.85416
1004.41 149.688 125.333 0.0 24.35416
1005.51 127.188 120.833 0.0 6.35416
1006.6 45.188 6.333 0.0 38.85417
1007.7 282.688 306.833 0.0 -24.14584
1008.8 -59.813 -47.667 0.0 -12.14583
1009.89 197.188 235.333 0.0 -38.14583
1010.99 166.688 114.333 0.0 52.35416
1012.08 -37.313 -29.167 0.0 -8.14583
1013.18 158.688 126.833 0.0 31.85416
1014.27 73.688 47.333 0.0 26.35417
1015.36 121.688 64.833 0.0 56.85416
1016.46 175.688 124.833 0.0 50.85416
1017.55 -14.313 -38.167 0.0 23.85417
1018.65 172.688 151.833 0.0 20.85417
1019.74 300.188 258.833 0.0 41.35416
1020.83 214.188 177.833 0.0 36.35417
1021.93 119.188 91.833 0.0 27.35416
1023.02 -0.313 -45.667 0.0 45.35417
1024.11 -31.813 -60.167 0.0 28.35417
1025.2 -42.313 -58.167 0.0 15.85417
1026.3 181.188 189.833 0.0 -8.64583
1027.39 278.188 250.833 0.0 27.35417
1028.48 156.188 163.333 0.0 -7.14583
1029.57 80.188 104.333 0.0 -24.14584
1030.66 186.688 198.333 0.0 -11.64583
1031.75 770.188 757.333 0.0 12.85419
1032.84 237.188 241.333 0.0 -4.14583
1033.94 8.188 -37.167 0.0 45.35417
1035.03 323.188 296.333 0.0 26.85416
1036.12 -29.313 -58.667 0.0 29.35417
1037.21 -20.313 -21.667 0.0 1.35417
1038.3 201.188 213.833 0.0 -12.64583
1039.39 -17.813 16.833 0.0 -34.64583
1040.48 184.188 156.833 0.0 27.35417
1041.57 229.188 235.333 0.0 -6.14583
1042.66 167.188 153.833 0.0 13.35417
1043.74 184.688 184.833 0.0 -0.14583
1044.83 217.688 192.833 0.0 24.85417
1045.92 -33.313 -67.167 0.0 33.85416
1047.01 248.688 249.333 0.0 -0.64583
1048.1 -49.813 -79.167 0.0 29.35416
1049.19 139.688 144.833 0.0 -5.14583
1050.27 76.688 105.333 0.0 -28.64584
1051.36 98.188 41.833 0.0 56.35417
1052.45 208.688 197.333 0.0 11.35417
1053.54 151.188 131.333 0.0 19.85417
1054.62 199.688 203.333 0.0 -3.64583
1055.71 130.188 181.833 0.0 -51.64583
1056.8 275.188 261.833 0.0 13.35416
1057.88 63.688 105.333 0.0 -41.64584
1058.97 169.188 165.833 0.0 3.35417
1060.06 394.688 360.833 0.0 33.85416
1061.14 108.688 99.333 0.0 9.35416
1062.23 850.188 781.333 0.0 68.85419
1063.31 189.688 185.333 0.0 4.35417
1064.4 88.688 66.333 0.0 22.35416
1065.48 208.188 148.333 0.0 59.85417
1066.57 137.188 79.833 0.0 57.35416
1067.65 179.688 210.833 0.0 -31.14583
1068.74 111.688 58.333 0.0 53.35417
1069.82 193.688 209.833 0.0 -16.14583
1070.9 1147.188 1117.333 0.0 29.85413
1071.99 243.688 198.833 0.0 44.85417
1073.07 176.188 154.833 0.0 21.35417
1074.15 241.188 187.833 0.0 53.35417
1075.24 190.188 193.833 0.0 -3.64583
1076.32 263.188 239.333 0.0 23.85417
1077.4 486.688 478.833 0.0 7.85416
1078.49 48.688 43.333 0.0 5.35417
1079.57 262.688 275.333 0.0 -12.64584
1080.65 408.188 398.333 0.0 9.85416
1081.73 142.188 114.833 0.0 27.35416
1082.81 13.188 -13.167 0.0 26.35417
1083.89 209.688 227.833 0.0 -18.14583
1084.98 229.188 212.833 0.0 16.35417
1086.06 63.188 48.333 0.0 14.85417
1087.14 43.188 25.333 0.0 17.85417
1088.22 146.188 168.833 0.0 -22.64583
1089.3 12.188 -23.167 0.0 35.35417
1090.38 497.688 484.333 0.0 13.35416
1091.46 247.188 224.333 0.0 22.85417
1092.54 56.688 71.833 0.0 -15.14584
1093.62 173.688 116.833 0.0 56.85416
1094.7 9.688 23.333 0.0 -13.64583
1095.78 113.188 119.333 0.0 -6.14584
1096.86 204.688 153.833 0.0 50.85417
1097.93 570.188 515.333 0.0 54.85419
1099.01 328.688 321.833 0.0 6.85416
1100.09 83.188 49.333 0.0 33.85417
