196.55 906.342 637.312 784.191 183.16381
197.76 1218.589 939.8 1026.126 322.95085
198.96 1099.722 856.3 897.256 594.34628
200.16 734.922 561.303 603.974 406.88371
201.36 1240.818 1037.285 1124.277 233.96764
202.56 877.247 695.791 767.988 251.33709
203.76 731.038 612.799 638.321 463.28668
204.96 874.329 695.308 690.155 0.0
206.16 684.269 490.81 550.358 324.88028
207.36 1069.073 819.305 936.887 212.42128
208.56 879.533 680.301 740.575 330.54515
209.76 622.623 497.306 459.691 0.0
210.96 732.083 620.302 687.879 165.41259
212.16 1631.864 1311.814 1359.72 668.06947
213.36 1002.917 733.805 804.727 379.44578
214.56 801.392 636.813 689.496 312.39656
215.76 1454.538 1209.3 1180.821 0.0
216.96 1159.36 972.798 1064.633 203.14902
218.16 896.971 694.796 735.734 493.85211
219.35 741.113 483.31 591.198 238.95281
220.55 783.48 634.81 762.068 116.82547
221.75 774.409 581.816 639.279 335.16378
222.95 1185.352 923.809 1021.684 267.22124
224.15 968.414 746.315 842.525 230.84812
225.35 739.103 541.313 654.706 174.4287
226.55 763.324 558.809 583.409 831.388
227.75 1188.852 842.309 968.184 275.30708
228.94 932.123 687.306 800.691 215.91691
230.14 879.367 694.304 759.423 284.19239
231.34 713.9 537.802 644.445 165.12908
232.54 738.767 577.802 594.314 974.84272
233.74 765.649 576.298 618.423 449.49969
234.93 802.736 566.813 598.336 748.39783
236.13 855.028 621.303 751.829 179.06435
237.33 847.854 649.817 710.228 327.81697
238.53 787.347 583.311 663.438 254.64077
239.72 1138.455 873.301 990.995 225.29066
240.92 593.968 429.306 469.532 409.34127
242.12 991.563 720.309 913.394 140.48406
243.31 688.839 461.804 607.648 155.67073
244.51 596.744 478.801 536.285 205.17557
245.71 1092.168 823.809 883.249 451.47648
246.9 1303.744 1016.801 1099.785 345.78136
248.1 869.616 627.8 737.401 220.63301
249.3 798.31 643.297 716.328 212.25473
250.49 803.337 612.296 682.604 271.72276
251.69 900.578 666.304 760.633 248.35806
252.89 789.586 627.792 699.582 225.37309
254.08 558.623 415.806 504.691 160.67647
255.28 828.172 603.799 709.452 212.36808
256.47 573.284 424.305 454.597 491.816
257.67 979.304 714.316 860.423 181.36501
258.86 1056.819 748.311 868.162 257.40904
260.06 717.443 557.796 657.959 159.38763
261.26 1201.872 951.802 1046.169 264.99753
262.45 845.845 598.303 684.894 285.87428
263.65 502.981 357.292 469.227 130.15536
264.84 934.294 692.302 772.089 303.29595
266.04 579.086 487.792 581.082 97.86117
267.23 465.375 360.292 408.872 216.31266
268.42 606.211 436.803 563.263 133.96166
269.62 841.023 609.305 688.582 292.28677
270.81 779.174 585.307 700.495 168.30378
272.01 771.556 634.302 679.104 306.35848
273.2 913.675 731.789 786.154 334.56418
274.4 534.677 429.797 445.698 659.59085
275.59 882.227 677.298 756.502 258.73457
276.78 793.201 552.307 662.271 219.06631
277.98 677.843 548.295 601.35 244.17482
279.17 799.729 539.306 677.546 188.38438
280.37 667.152 532.288 585.625 252.8523
281.56 525.277 412.299 493.807 138.61016
282.75 626.547 398.314 485.655 261.31236
283.95 737.637 536.293 629.386 216.28199
285.14 758.926 530.293 631.176 226.63173
286.33 610.209 436.295 477.22 424.96404
287.52 807.252 583.29 663.734 278.40763
288.72 920.207 681.787 795.676 209.34515
289.91 1100.543 885.298 930.068 480.78396
291.1 865.005 571.302 755.3 159.62343
292.29 804.051 610.304 718.858 178.4801
293.49 805.054 601.794 710.56 186.87807
294.68 629.888 465.297 531.408 248.9611
295.87 698.184 525.304 520.488 0.0
297.06 811.332 643.798 687.857 380.24655
298.26 394.848 299.293 380.596 117.52871
299.45 763.339 543.304 569.648 835.26527
300.64 720.98 483.31 594.568 213.62043
301.83 757.4 587.802 644.445 299.41726
303.02 657.241 450.311 571.583 170.63343
304.21 950.02 658.314 740.38 355.45438
305.4 758.085 540.81 616.423 287.3516
306.59 822.784 567.805 712.097 176.71084
307.79 696.661 526.802 592.459 258.70771
308.98 502.367 417.804 488.923 118.90393
310.17 879.654 614.752 693.442 336.63986
311.36 694.761 525.778 607.183 207.58384
312.55 1173.467 886.78 972.146 335.82979
313.74 581.466 364.797 404.988 539.10459
314.93 959.533 618.301 747.575 263.96074
316.12 708.239 490.803 581.039 240.96406
317.31 448.021 306.797 364.539 244.57837
318.5 508.966 348.297 455.488 149.89042
319.69 722.26 462.296 579.524 221.75899
320.88 650.49 493.807 528.561 450.83617
322.07 548.104 425.795 517.865 132.84416
323.26 613.008 402.81 477.343 282.0171
324.45 383.277 303.799 393.307 88.79462
325.64 640.237 482.795 587.495 150.3744
326.83 807.005 558.302 706.8 167.47964
328.01 648.644 486.299 559.676 221.24726
329.2 831.661 615.802 702.459 249.09666
330.39 641.332 433.798 510.857 269.31729
331.58 535.988 341.799 401.517 325.17651
332.77 1013.317 762.303 842.619 312.53503
333.96 382.626 246.296 378.894 102.81518
335.15 508.8 361.8 408.836 312.52805
336.33 479.988 355.799 449.017 133.22446
337.52 631.777 455.799 509.307 328.88291
338.71 593.722 413.8 506.256 194.6022
339.9 507.735 422.787 476.951 156.83417
341.08 606.715 430.293 514.466 209.59483
342.27 836.483 568.8 617.271 552.26265
343.46 790.385 666.807 721.206 227.17014
344.65 876.885 581.807 712.206 226.28876
345.83 925.04 631.308 714.865 351.53359
347.02 483.329 301.808 430.155 141.43007
348.21 876.711 643.303 730.263 268.40806
349.4 504.061 298.301 410.85 182.81737
350.58 577.858 454.789 526.589 171.40591
351.77 507.149 387.798 409.923 539.44355
352.96 392.606 236.303 321.908 182.58563
354.14 618.96 412.299 475.242 328.33423
355.33 496.34 369.804 383.648 914.05997
356.51 407.775 265.291 286.263 679.40039
357.7 596.145 427.282 483.335 301.25477
358.89 473.581 339.294 424.335 157.90802
360.07 841.064 589.291 649.053 421.29459
361.26 793.442 618.77 740.074 143.99597
362.44 546.623 448.263 481.965 291.85518
363.63 465.3 364.256 356.109 0.0
364.81 511.981 396.749 447.0 229.31157
366.0 347.554 201.751 269.834 214.15551
367.18 1165.367 894.26 948.696 498.02821
368.37 495.648 297.772 403.537 187.08945
369.55 727.211 478.777 561.878 298.9536
370.74 847.499 556.277 634.668 371.50104
371.92 920.676 718.271 819.813 199.33189
373.11 431.274 353.765 402.878 157.81884
374.29 412.955 313.257 311.769 0.0
375.48 556.42 436.769 444.045 1644.57807
376.66 480.766 291.776 353.929 304.07382
377.84 844.148 592.272 650.037 436.03168
379.03 480.633 300.777 369.798 260.57904
380.21 328.608 226.268 300.726 137.44723
381.39 284.264 164.768 184.885 594.01116
382.58 758.738 491.777 615.154 216.37901
383.76 990.667 678.783 765.864 358.15428
384.94 1004.756 730.28 876.936 187.15559
386.13 469.352 290.765 383.457 192.66656
387.31 565.465 379.272 448.103 270.50741
388.49 465.003 332.768 367.371 382.15034
389.68 634.588 448.774 514.74 281.68029
390.86 587.665 386.775 484.32 205.94591
392.04 828.489 571.281 691.175 214.52865
393.22 492.165 310.775 374.82 283.22225
394.41 408.58 325.768 378.45 157.19234
395.59 282.771 165.775 217.175 227.61696
396.77 537.517 334.78 425.451 223.59723
397.95 577.894 322.278 429.813 237.70429
399.13 658.833 503.78 598.016 164.53751
400.31 458.779 349.763 345.624 0.0
401.5 562.52 357.271 495.653 148.32014
402.68 625.264 430.768 508.385 250.5846
403.86 439.799 304.774 365.951 220.71361
405.04 774.301 504.782 597.494 290.70471
406.22 412.653 236.27 285.784 356.23179
407.4 734.308 454.289 548.285 297.90582
408.58 758.625 535.771 600.008 346.92182
409.76 784.997 581.269 657.124 268.57633
410.94 616.665 418.275 461.82 455.59569
412.12 567.685 297.786 414.147 231.95001
413.3 452.366 282.278 364.038 208.03445
414.48 431.339 235.278 260.262 784.74753
415.66 497.379 256.783 394.574 174.60872
416.84 1013.655 711.278 848.828 219.83167
418.02 550.304 370.273 478.197 166.81254
419.2 522.077 270.778 358.748 285.66509
420.38 554.56 361.775 441.465 241.91818
421.56 578.328 344.282 371.77 851.45489
422.74 895.837 626.77 749.719 218.84534
423.92 753.321 478.276 633.48 177.21552
425.1 541.839 356.778 388.262 587.79359
426.28 534.835 299.788 362.06 377.45468
427.46 1130.441 769.788 908.915 259.2261
428.63 623.346 345.785 414.052 406.57767
429.81 659.785 367.787 484.255 250.71068
430.99 699.667 430.283 586.364 172.5927
432.17 989.768 655.284 761.473 314.99096
433.35 789.718 457.284 597.668 236.8022
434.52 368.119 119.79 241.603 203.86045
435.7 488.712 249.785 357.922 220.94918
436.88 775.55 480.778 599.972 247.30345
438.06 614.78 370.789 475.009 234.11142
439.23 469.733 262.779 353.407 228.35425
440.41 715.931 404.792 486.922 378.83386
441.59 830.982 501.775 600.385 333.84537
442.77 498.848 214.793 307.096 307.74037
443.94 768.967 516.78 621.646 240.48321
445.12 765.69 466.784 540.393 406.07301
446.3 1014.128 645.279 758.552 325.62675
447.47 768.067 431.781 532.255 334.6995
448.65 829.283 508.779 564.712 573.0218
449.82 600.783 318.279 412.712 299.16031
451.0 720.778 320.281 440.465 333.23581
452.18 608.007 267.784 434.458 204.1242
453.35 696.861 329.28 421.291 399.49447
454.53 723.74 345.785 440.197 400.32353
455.7 571.539 218.782 321.98 341.82556
456.88 1047.63 569.287 719.596 318.23905
458.05 733.801 385.282 524.494 250.35067
459.23 612.667 219.283 361.864 275.90228
460.4 829.861 328.28 499.791 292.44744
461.58 913.735 458.287 518.451 757.00538
462.75 708.19 185.284 308.393 424.75067
463.93 859.306 405.781 458.741 856.35328
465.1 803.711 307.777 439.878 375.42002
466.28 702.669 146.791 309.908 340.78543
467.45 583.861 95.78 275.291 271.89402
468.63 906.223 296.782 488.415 318.02554
469.8 1195.062 480.783 687.509 345.51972
470.97 793.906 235.782 378.849 390.1131
472.15 1044.953 382.293 580.951 333.56756
473.32 1151.669 471.791 582.408 614.62438
474.49 1211.73 534.788 692.205 430.03236
475.67 945.014 291.79 510.248 299.01543
476.84 802.803 204.29 345.038 425.23734
478.01 978.268 407.784 570.473 350.66048
479.19 940.37 344.794 505.625 370.31134
480.36 775.597 228.289 424.574 278.83255
481.53 890.79 339.786 545.002 268.49981
482.7 831.825 276.792 524.567 224.00653
483.88 765.498 217.295 441.009 245.04621
485.05 882.13 266.287 466.596 307.4459
486.22 970.594 328.799 542.372 300.50337
487.39 809.895 226.803 433.698 281.82992
488.56 779.424 361.785 588.632 184.10575
489.74 992.215 484.293 816.966 152.67904
490.91 614.192 172.292 452.937 157.45884
492.08 660.924 286.285 523.632 157.84416
493.25 639.792 194.794 475.046 158.78527
494.42 809.393 309.795 584.654 181.76498
495.59 905.92 288.795 546.43 239.535
496.76 962.012 292.782 573.705 238.2258
497.93 1218.863 386.288 662.335 301.60592
499.1 1295.132 417.795 698.64 312.39169
500.27 1721.971 613.796 971.734 309.59938
501.44 1836.675 701.289 996.154 385.05276
502.61 1407.114 297.292 609.357 355.63787
503.78 1608.855 379.799 677.386 413.00685
504.95 2012.469 737.788 1086.19 365.86436
506.12 1783.433 404.8 733.466 419.46254
507.29 1552.137 242.793 573.386 396.05898
508.46 1357.27 62.793 392.017 393.19042
509.63 2319.27 694.793 1085.017 416.29346
510.8 2341.853 716.291 1104.843 418.36456
511.97 1896.147 370.79 732.879 421.26572
513.14 1760.9 192.302 598.445 386.21846
514.31 2215.843 498.295 899.85 427.72375
515.48 2097.928 323.301 734.22 431.8682
516.65 1978.092 231.291 685.328 384.72615
517.81 1987.049 242.296 682.814 396.06862
518.98 2287.413 426.289 885.14 405.60548
520.15 2121.84 166.304 577.648 475.4024
521.32 2308.064 395.291 841.553 428.62134
522.49 3023.139 830.801 1388.43 393.15349
523.65 2859.466 640.297 1176.988 413.49137
524.82 2573.514 363.79 948.748 377.75754
525.99 2120.217 77.801 598.51 392.23788
527.16 2736.751 393.807 992.575 391.29427
528.32 2825.742 402.293 985.241 415.7229
529.49 2603.142 302.791 831.132 435.39119
530.66 2561.769 97.31 677.358 424.87175
531.82 2674.496 173.287 719.966 457.52845
532.99 2859.498 235.795 836.509 436.76398
534.16 3093.526 255.795 930.785 420.41091
535.32 3357.199 524.799 1185.727 428.54871
536.49 3005.988 160.299 823.517 429.07291
537.65 3650.436 586.79 1290.169 435.56136
538.82 3255.732 139.296 911.749 403.447
539.99 3600.081 390.794 1115.835 442.635
541.15 3875.501 434.286 1229.212 432.89745
542.32 3618.377 96.801 950.915 412.30714
543.48 4180.101 475.805 1331.662 432.81706
544.65 4218.696 600.808 1536.025 386.85042
545.81 4993.971 823.796 1832.234 413.528
546.98 4506.578 293.804 1336.133 404.16923
548.14 4665.471 476.296 1582.234 378.78919
549.31 4414.043 234.798 1313.068 387.58816
550.47 4776.933 225.3 1430.966 377.52005
551.63 5091.048 607.796 1798.314 376.58005
552.8 4611.197 271.29 1443.183 370.33315
553.96 4555.677 250.297 1466.698 353.94418
555.13 4704.222 241.8 1555.756 339.61725
556.29 5099.711 594.303 1940.263 334.73562
557.45 4249.891 153.787 1521.611 299.46145
558.62 4296.694 299.8 1860.481 256.09942
559.78 4409.078 428.304 1960.633 259.78583
560.94 4571.272 228.301 1847.56 268.2072
562.11 4943.606 219.303 1826.908 293.8721
563.27 4988.483 51.8 1725.271 294.99676
564.43 4852.805 18.298 1747.082 279.64786
565.59 4735.113 148.31 1876.698 265.38031
566.76 4447.514 198.29 2027.248 232.33027
567.92 4122.796 314.31 2298.633 191.92872
569.08 3816.478 419.802 2446.524 167.59455
570.24 3546.991 217.289 2235.219 165.00581
571.4 3841.754 121.798 2220.278 177.26911
572.57 4646.507 226.81 2365.344 206.66953
573.73 5369.005 37.302 2190.3 247.64092
574.89 6029.334 213.806 2492.401 255.22428
576.05 6124.481 286.292 2661.227 245.82525
577.21 6088.292 117.294 2489.546 251.70172
578.37 6602.616 23.3 2464.901 269.4673
579.53 7823.417 130.805 2657.227 304.48638
580.69 8864.188 338.802 2923.734 329.81081
581.85 9028.672 275.799 2796.952 347.17742
583.01 8928.832 225.298 2964.857 317.69831
584.17 9355.81 250.797 3099.828 319.58272
585.33 10275.217 346.802 3171.01 351.54685
586.49 10836.815 167.295 3068.575 367.75222
587.65 11429.893 298.295 3348.154 364.98729
588.81 11364.611 315.302 3349.655 364.14053
589.97 11709.749 521.799 3577.031 366.18984
591.13 11756.097 219.789 3411.574 361.43743
592.29 12408.528 243.303 3407.329 384.48567
593.45 12520.395 104.803 3434.698 372.85235
594.61 12349.646 108.29 3294.379 384.21265
595.77 12400.905 92.8 3441.191 367.58269
596.93 12795.486 66.291 3410.473 380.63702
598.09 13496.132 217.795 3689.14 382.51273
599.24 13499.739 114.803 3618.039 382.0735
600.4 13458.315 160.795 3699.575 375.76571
601.56 13628.516 113.298 3677.292 379.2155
602.72 14345.262 231.804 3953.568 379.21422
603.87 14604.859 270.315 3971.474 387.29882
605.03 14686.762 101.304 3872.568 386.75251
606.19 14717.822 37.301 3954.365 374.78385
607.35 14508.528 14.303 3889.329 374.04205
608.5 15064.511 340.3 4245.546 377.03671
609.66 15940.706 510.805 4468.517 389.86921
610.82 15493.26 113.796 4064.524 389.28177
611.97 15318.712 82.803 4115.764 377.78473
613.13 15444.646 342.307 4445.72 368.04336
614.29 15710.455 237.301 4377.995 373.68502
615.44 16428.584 341.302 4630.879 375.03186
616.6 16423.023 63.305 4329.583 383.46585
617.76 16602.244 329.801 4634.285 378.03469
618.91 16247.852 361.809 4662.684 369.36768
620.07 16487.768 341.302 4653.314 374.45319
621.22 16696.738 0.303 4391.039 380.26509
622.38 18026.211 580.303 5017.764 393.15072
623.53 17074.254 33.298 4593.778 373.66583
624.69 17106.629 66.805 4666.938 370.42026
625.84 17136.479 73.302 4848.524 357.32737
627.0 17614.285 252.287 5003.255 365.44127
628.15 17893.684 21.804 4789.488 374.85449
629.31 18217.953 215.293 5094.451 368.97061
630.46 17911.693 -33.2 4837.48 368.42684
631.61 18083.234 221.304 5155.292 362.0181
632.77 18125.031 198.793 5068.031 368.15284
633.92 18913.332 282.798 5326.357 369.39258
635.08 19665.408 503.29 5601.893 375.83077
636.23 19325.771 159.301 5251.561 376.38438
637.38 19123.061 -23.699 5196.35 366.7927
638.54 19392.92 324.295 5716.93 353.60498
639.69 19901.824 502.309 5919.909 358.08324
640.84 20330.336 225.299 5724.777 365.58078
641.99 20277.08 43.799 5535.551 368.43035
643.15 21099.826 457.299 6031.325 370.33426
644.3 20183.07 57.299 5648.098 359.98023
645.45 20029.316 -54.201 5666.372 351.07528
646.6 21216.061 498.299 6356.146 353.67541
647.75 21585.805 122.3 6053.919 361.84897
648.91 21735.551 -43.2 5896.693 366.65224
650.06 22121.295 95.3 6104.967 366.50942
651.21 21778.041 258.8 6486.74 345.52742
652.36 22221.785 291.8 6522.514 351.96585
653.51 22346.529 97.8 6303.788 358.50424
654.66 23334.775 106.801 6517.062 362.35615
655.81 24024.02 338.301 6872.835 362.46986
656.96 23745.766 29.301 6660.109 357.67081
658.11 23935.01 201.301 7031.883 347.46248
659.27 24096.754 224.801 7047.656 349.88216
660.42 24445.5 23.801 7002.93 349.92475
661.57 25426.744 203.302 7231.204 358.9043
662.72 25904.99 -70.698 7041.478 365.22844
663.87 26208.234 -42.198 7165.751 364.18727
665.01 26767.979 153.802 7552.525 359.71312
666.16 26546.725 3.802 7302.798 363.65169
667.31 27254.969 69.302 7748.572 354.01369
668.46 27706.715 364.803 8218.846 348.12532
669.61 27482.459 85.803 8133.12 340.44461
670.76 27962.703 -15.197 8192.894 340.85759
671.91 27777.449 383.803 8852.167 323.48216
673.06 27827.693 292.803 8704.44 327.34282
674.21 28232.939 -86.197 8625.214 325.08095
675.35 28872.684 143.804 8696.988 335.88518
676.5 29444.428 107.304 8960.262 331.38217
677.65 28385.174 5.804 8980.535 316.21415
678.8 27984.918 -81.696 9047.809 307.42757
679.94 27950.164 20.804 9334.583 299.87141
681.09 29435.408 183.304 9974.856 298.74839
682.24 30127.152 202.305 10238.13 298.18024
683.39 31223.898 5.305 10168.904 307.1608
684.53 31651.143 205.305 10680.178 300.20257
685.68 31563.889 103.305 10857.451 292.54376
686.83 30119.633 149.805 11004.225 276.10715
687.97 29894.877 114.306 11071.999 271.77774
689.12 30491.123 72.806 11315.272 270.56622
690.27 32814.367 14.306 11274.046 291.3039
691.41 35335.613 252.306 11700.319 306.4576
692.56 37104.355 174.306 11797.094 317.73831
693.7 37400.102 173.806 11924.867 316.79093
694.85 36804.848 -17.193 11851.141 310.2545
695.99 36751.594 194.307 12337.414 301.05381
697.14 37764.336 89.807 12533.688 302.75544
698.28 39279.582 205.807 12608.962 315.03094
699.43 41207.328 115.807 12545.235 330.59864
700.57 42047.07 -75.193 12643.009 331.1967
701.72 42271.316 -61.692 12816.283 328.72409
702.86 42271.563 -99.192 12984.057 323.85499
704.01 42030.305 -16.692 13435.83 312.55846
705.15 43517.551 196.308 13878.604 316.62262
706.29 44071.797 30.308 13804.878 319.73041
707.44 46258.543 66.808 14121.151 328.6652
708.58 46378.785 -71.691 14087.425 328.06056
709.72 46874.531 315.809 14831.699 320.74314
710.87 46139.277 -109.191 14264.973 321.74719
712.01 45906.02 -56.691 14516.246 315.39772
713.15 46695.766 79.809 15163.02 309.05859
714.3 48033.012 208.309 15113.294 320.86382
715.44 49819.254 18.31 15359.567 324.621
716.58 50280.0 111.81 15553.341 324.89129
717.72 51090.246 5.31 15678.114 325.94637
718.87 49937.492 68.31 15879.389 315.40658
720.01 49741.734 57.31 16093.662 309.82373
721.15 49233.48 -70.19 15793.436 310.79699
722.29 51009.227 172.811 16468.209 311.96792
723.43 52604.469 225.811 16748.482 317.01083
724.57 52965.215 187.311 16671.756 320.16792
725.72 53399.961 95.811 16993.531 315.45173
726.86 53328.703 355.311 17002.805 318.20641
728.0 52917.949 33.811 17141.578 309.12356
729.14 52587.695 -38.688 17211.852 305.07094
730.28 53493.441 244.812 17751.625 304.15947
731.42 54618.184 -48.688 17619.398 309.41026
732.56 56262.93 351.312 18129.172 314.5014
733.7 56922.676 203.812 18323.945 313.01571
734.84 55926.918 -91.688 18077.221 308.32125
735.98 56333.664 62.813 18537.494 304.58361
737.12 55392.91 -52.187 18588.768 297.437
738.26 55703.652 22.813 18737.541 297.52417
739.4 57698.898 113.313 19299.814 300.13594
740.53 58134.145 146.813 19140.088 305.30455
741.67 59463.891 118.813 19408.361 307.65406
742.81 59106.633 -95.186 19243.137 306.13729
743.95 59189.379 158.814 19426.41 306.37223
745.09 58049.625 -2.686 19422.184 298.8556
746.23 58288.867 163.314 19837.457 295.44135
747.36 58720.113 212.314 20136.23 293.65612
748.5 59075.859 -6.686 19742.504 299.1644
749.64 60844.602 5.315 20219.277 300.97655
750.78 61204.348 -16.185 20203.551 302.77612
751.92 61035.594 17.315 20237.826 301.76427
753.05 60630.84 49.315 20320.6 298.8539
754.19 59794.582 323.315 20479.373 295.05406
755.33 58607.328 -118.685 20275.146 287.95969
756.46 59462.574 125.316 20781.42 287.26258
757.6 59798.316 8.816 20320.193 294.36458
758.74 61403.063 285.816 20974.467 295.41437
759.87 61633.309 83.816 20582.24 300.26451
761.01 61999.051 68.316 20903.016 297.24804
762.14 61014.297 68.817 20837.789 293.44485
763.28 59820.543 231.317 20895.563 288.36874
764.41 59643.789 96.317 20980.836 285.12733
765.55 59507.531 -118.183 20814.109 284.85038
766.69 59717.277 118.817 20793.883 288.2625
767.82 60399.523 118.317 20800.656 291.46223
768.95 60623.766 -1.182 20581.932 294.5373
770.09 61400.012 444.318 20882.705 298.24121
771.22 61846.258 352.318 21385.479 292.36662
772.36 60048.5 220.318 20991.252 288.038
773.49 59412.746 302.818 21116.025 284.00202
774.63 58514.992 56.818 20900.799 280.4559
775.76 58770.234 36.319 21013.572 279.98858
776.89 59096.48 210.819 20756.846 286.60364
778.03 60248.727 138.819 20719.121 292.07495
779.16 61059.473 -42.681 20723.895 294.23317
780.29 60425.715 129.819 20908.668 290.17919
781.43 59286.461 297.819 20588.441 290.71874
782.56 58326.207 137.32 20687.715 283.15216
783.69 56604.949 -0.68 20196.488 280.26517
784.82 56902.695 60.32 20393.262 279.55805
785.96 57524.441 78.32 20505.535 281.22346
787.09 57909.684 99.82 20453.311 284.02924
788.22 58734.43 112.32 20499.584 287.5428
789.35 59086.676 -24.179 20483.357 288.23966
790.48 58291.922 49.821 20368.131 286.64835
791.62 57142.164 237.321 20444.404 281.60839
792.75 55532.91 -33.179 19987.178 277.54795
793.88 55269.156 345.821 20153.451 277.28373
795.01 55529.398 120.321 20121.727 277.02592
796.14 56064.145 221.822 20278.0 278.42953
797.27 56043.891 229.322 19759.773 285.78227
798.4 56986.633 100.322 20093.047 284.53505
799.53 55909.379 -69.678 19343.32 288.35864
800.66 55351.125 107.822 19516.594 284.6306
801.79 56018.871 716.822 20288.367 282.56353
802.92 54591.613 70.823 19606.141 279.08832
804.05 52996.859 174.823 19523.416 273.00195
805.18 52679.605 125.823 19437.189 272.13912
806.31 52914.848 67.823 19198.963 276.23563
807.44 53692.594 -58.177 19203.736 279.05209
808.57 55559.84 159.323 19985.01 279.43808
809.69 55920.582 180.324 19799.283 284.11424
810.82 56018.328 -126.176 19596.557 284.66899
811.95 55164.574 498.324 19998.83 280.33247
813.08 52800.32 34.824 19121.605 276.45047
814.21 52663.563 518.324 19863.379 269.55333
815.33 51511.309 118.824 19114.652 270.54617
816.46 50701.555 161.825 18712.926 272.4352
817.59 51493.797 417.825 18868.199 276.82892
818.72 51894.543 234.825 18819.973 277.96238
819.84 51623.289 436.825 18696.246 280.32906
820.97 51689.031 259.825 18356.02 284.19902
822.1 51735.277 310.325 18748.795 278.90033
823.22 49811.523 -29.174 18138.068 274.34377
824.35 48333.27 26.326 18345.342 263.69835
825.48 47232.012 251.326 18140.115 262.62641
826.6 46660.758 136.326 17963.889 260.96911
827.73 46691.504 -83.674 17596.662 264.56046
828.85 47325.746 89.826 17820.936 266.40138
829.98 47914.492 303.827 18008.211 268.9202
831.11 48246.738 -22.173 17508.484 275.33999
832.23 48790.98 17.827 17873.258 273.15585
833.36 48579.227 261.327 17914.031 273.71387
834.48 46359.473 130.327 17510.805 265.98317
835.6 45361.219 192.827 17511.578 260.80629
836.73 43389.961 -37.172 17082.852 253.66281
837.85 42800.707 218.328 17306.625 249.1903
838.98 42753.953 -94.672 16900.4 252.12382
840.1 44020.195 194.328 17479.674 253.54348
841.23 44571.441 119.828 17148.447 261.04062
842.35 46791.188 350.329 17855.221 265.30217
843.47 47330.93 100.829 17375.994 273.39883
844.6 46875.176 -38.171 17120.268 273.41268
845.72 47414.422 4.829 16961.041 279.60014
846.84 46896.668 22.329 17055.314 275.19744
847.96 46312.91 16.829 17166.59 269.95176
849.09 46021.656 -3.67 17074.363 269.50015
850.21 45778.902 68.83 17183.637 267.0791
851.33 45486.145 196.33 16716.41 274.15009
852.45 45915.891 -56.17 16874.184 271.53633
853.57 46591.137 122.33 17019.957 275.00197
854.7 46116.879 -3.67 16521.73 279.08885
855.82 46295.125 18.331 16829.506 275.274
856.94 46718.871 186.831 17127.279 274.6801
858.06 45991.117 -122.669 16716.053 273.85562
859.18 45288.859 170.331 16926.826 269.25994
860.3 45590.105 87.831 17049.1 268.27165
861.42 45270.352 -103.669 16831.873 267.92187
862.54 45026.594 -96.168 16676.146 269.03121
863.66 45681.84 -43.668 16690.42 273.24768
864.78 46611.086 71.332 17034.695 274.35452
865.9 45644.328 109.332 16724.969 274.04906
867.02 46036.574 676.832 17307.242 272.7518
868.14 45646.82 444.332 17198.016 269.80627
869.26 44844.566 226.833 16961.789 266.61398
870.38 43086.809 -115.667 16441.063 260.93605
871.5 43151.055 -77.667 16530.836 260.28066
872.62 42961.801 -52.167 16666.109 257.2871
873.74 43055.043 306.333 16925.385 257.22713
874.85 42819.418 -52.667 16573.521 257.85877
875.97 43533.418 119.333 16590.021 263.58391
877.09 43962.418 122.333 16584.021 266.31585
878.21 43127.418 63.333 16111.521 268.34236
879.33 43642.918 123.833 16197.521 270.74737
880.44 42889.418 66.333 16025.521 268.32873
881.56 42709.918 40.333 16105.521 265.60279
882.68 41818.418 92.833 16215.521 258.80044
883.79 41737.918 424.833 16592.521 255.52871
884.91 40343.418 -134.167 15862.021 253.0452
886.03 40838.418 169.833 16124.021 254.90853
887.14 41579.918 290.333 16637.521 252.57912
888.26 42270.918 330.333 16600.521 257.77566
889.38 43038.918 273.833 16755.021 259.47817
890.49 43888.918 -86.667 16621.021 263.20568
891.61 45106.918 97.333 17207.021 263.0649
892.72 45428.918 -71.167 17100.521 264.97153
893.84 45367.418 -71.667 17289.021 261.7355
894.95 45708.418 -80.667 17700.021 257.52144
896.07 45168.418 20.833 17935.021 252.02138
897.18 44897.418 147.833 18021.521 250.3657
898.3 44352.418 -53.167 17895.521 247.40295
899.41 45178.918 274.833 18195.021 250.5782
900.53 45381.918 120.333 18364.521 248.08769
901.64 45501.418 219.833 18278.521 250.74681
902.75 45940.418 53.833 18022.021 255.3768
903.87 46533.918 -10.667 17833.521 260.8389
904.98 46635.418 149.833 17740.521 264.26246
906.09 45969.918 22.833 17442.021 263.77282
907.21 45212.918 145.833 17727.021 256.33697
908.32 44105.918 28.333 17427.021 253.33855
909.43 43198.918 272.333 17324.521 251.73652
910.54 41976.418 127.833 17101.521 246.54974
911.66 41941.418 540.333 17398.021 245.59171
912.77 41293.918 -1.667 16875.521 244.68285
913.88 41395.918 150.833 16798.021 247.76007
914.99 41226.418 -48.167 16249.521 253.25425
916.1 42176.418 135.833 16502.521 256.86678
917.22 41740.418 -30.167 16246.521 256.62829
918.33 42684.918 289.833 16533.021 261.00224
919.44 41839.918 76.833 16088.021 260.8369
920.55 41520.918 358.833 16400.521 256.59447
921.66 40482.418 200.333 15967.521 255.48047
922.77 39102.418 207.333 15947.521 247.10687
923.88 38604.918 300.833 16007.021 243.87895
924.99 37986.918 142.333 15734.021 242.72283
926.1 37329.418 -86.167 15213.021 244.5593
927.21 37044.918 317.833 15502.021 241.87719
928.32 37102.418 -121.167 14935.021 247.23115
929.43 36900.418 60.833 14756.021 250.6915
930.54 36891.918 23.833 14597.021 252.98573
931.65 37001.418 82.333 14405.521 257.75747
932.76 36624.918 184.333 14277.521 258.5688
933.86 35856.418 93.333 13962.521 257.85999
934.97 34649.918 22.833 13555.521 255.87737
936.08 32323.916 4.833 12906.021 250.51247
937.19 29855.416 312.833 12296.021 246.5336
938.3 27536.916 227.833 11325.521 246.07905
939.4 25277.416 293.333 10516.521 244.38644
940.51 23221.916 69.333 9564.021 243.84777
941.62 22073.916 193.833 9042.521 247.26925
942.73 22007.916 508.833 9195.521 247.49461
943.83 21609.916 125.833 8592.521 253.74839
944.94 21156.916 151.833 8445.021 253.28118
946.05 21353.916 -150.667 8261.521 255.63605
947.15 21680.916 -68.667 8341.521 258.60997
948.26 22032.416 64.833 8432.521 262.52873
949.36 22161.916 -1.167 8590.521 257.95961
950.47 22951.416 121.333 9100.521 254.25556
951.57 23778.416 369.833 10024.021 242.47078
952.68 23788.916 229.333 10070.021 239.40993
953.79 23649.416 217.833 10104.021 237.01334
954.89 23821.416 8.833 9996.021 238.43132
955.99 24867.416 167.333 10524.521 238.48254
957.1 25459.916 40.333 10531.521 242.29463
958.2 26338.916 76.333 10740.521 246.26896
959.31 26702.916 203.333 10763.021 250.95045
960.41 27034.416 28.333 10701.521 253.02735
961.52 27961.416 -30.667 10987.521 254.05343
962.62 27704.416 175.833 11196.021 249.80141
963.72 26952.916 -80.667 10638.521 252.19807
964.83 27012.916 -124.667 10787.021 248.70199
965.93 26936.416 112.833 11027.021 245.76803
967.03 26396.916 271.333 11214.021 238.74924
968.13 26079.416 208.333 10987.521 240.00959
969.24 25978.416 8.833 11066.521 234.85547
970.34 26068.416 31.333 11033.021 236.66445
971.44 26722.416 52.333 11193.021 239.39352
972.54 26586.916 141.833 10972.521 244.1681
973.64 26639.416 5.333 10840.021 245.82235
974.75 27369.916 435.833 11194.021 250.35893
975.85 28776.416 1647.833 12404.521 252.20202
976.95 26450.416 7.333 10512.521 251.71453
978.05 26982.416 203.333 10883.521 250.73608
979.15 26793.416 433.833 10871.021 252.55447
980.25 25791.916 2.833 10386.521 248.36151
981.35 25248.916 60.333 10520.521 240.80432
982.45 25119.916 410.333 10796.521 237.90812
983.55 24569.916 186.833 10480.521 236.87414
984.65 24198.916 138.833 10459.021 233.13611
985.75 23556.916 309.833 10232.021 234.29393
986.85 23661.916 180.333 10122.021 236.19314
987.95 23713.916 14.833 9940.021 238.77719
989.05 23960.916 361.833 10201.521 239.8357
990.15 23778.416 271.833 9856.021 245.26423
991.25 23090.416 124.833 9537.521 243.9854
992.34 23204.916 347.833 9617.521 246.57879
993.44 22394.416 140.833 9195.521 245.76865
994.54 22564.916 111.833 9134.021 248.86518
995.64 22403.416 309.833 9324.521 245.0843
996.74 21957.916 351.833 9276.021 242.10701
997.83 20583.416 -49.167 8508.021 241.11407
998.93 20132.916 76.333 8520.021 237.53346
1000.03 20206.916 590.833 8878.021 236.70375
1001.12 19549.416 353.833 8577.521 233.4182
1002.22 18779.916 315.333 8394.521 228.54505
1003.32 18699.416 64.833 8046.521 233.4667
1004.41 18508.916 125.333 7921.021 235.81733
1005.51 18278.916 120.833 7732.021 238.57095
1006.6 17508.916 6.333 7254.521 241.4753
1007.7 17505.416 306.833 7382.021 243.08306
1008.8 16929.416 -47.667 6818.521 247.25632
1009.89 17182.416 235.333 7115.521 246.31716
1010.99 17407.416 114.333 7114.521 247.03742
1012.08 16901.416 -29.167 7068.021 238.5534
1013.18 17496.416 126.833 7416.521 238.27609
1014.27 18585.916 47.333 7789.021 239.46436
1015.36 18695.916 64.833 8086.521 232.25889
1016.46 18266.416 124.833 7881.021 233.89819
1017.55 17744.416 -38.167 7664.521 230.86205
1018.65 17338.916 151.833 7666.521 228.7132
1019.74 17311.916 258.833 7573.021 233.15074
1020.83 17023.916 177.833 7421.521 232.56225
1021.93 16464.916 91.833 7099.021 233.66126
1023.02 15847.917 -45.667 6536.521 241.46354
1024.11 15310.417 -60.167 6335.021 240.34609
1025.2 15336.417 -58.167 6400.521 238.35467
1026.3 15300.417 189.833 6370.521 244.48062
1027.39 14577.917 250.833 6160.521 242.43386
1028.48 13911.917 163.333 5957.521 237.28233
1029.57 13498.417 104.333 5787.521 235.67907
1030.66 12897.917 198.333 5543.021 237.61133
1031.75 13122.917 757.333 5936.021 238.77832
1032.84 12004.917 241.333 5443.521 226.12763
1033.94 11457.917 -37.167 4984.021 228.93157
1035.03 11490.417 296.333 5224.521 227.14402
1036.12 11026.417 -58.667 4769.521 229.59099
1037.21 10758.417 -21.667 4711.021 227.77932
1038.3 10581.917 213.833 4707.521 230.72551
1039.39 10228.917 16.833 4329.521 236.79164
1040.48 10442.417 156.833 4486.521 237.55948
1041.57 10275.917 235.333 4397.521 241.23332
1042.66 9832.417 153.833 4105.021 244.95378
1043.74 9661.917 184.833 4107.021 241.62749
1044.83 9189.917 192.833 3955.021 239.14501
1045.92 8715.417 -67.167 3648.521 236.36498
1047.01 8676.417 249.333 3927.521 229.10969
1048.1 7928.917 -79.167 3349.521 233.56119
1049.19 7835.917 144.833 3456.521 232.24061
1050.27 7368.917 105.333 3279.021 228.86889
1051.36 7052.917 41.833 3118.521 227.87766
1052.45 7016.917 197.333 3250.021 223.39605
1053.54 6868.417 131.333 3119.021 225.49491
1054.62 6765.417 203.333 3148.521 222.80698
1055.71 6534.417 181.833 2935.521 230.69369
1056.8 6547.917 261.833 3059.021 224.72871
1057.88 6321.417 105.333 2808.021 229.99638
1058.97 6206.917 165.833 2806.521 228.76934
1060.06 6301.917 360.833 2897.021 234.25253
1061.14 5820.917 99.333 2514.021 236.94923
1062.23 6549.917 781.333 3166.021 241.90102
1063.31 5685.917 185.333 2433.021 244.72189
1064.4 5142.417 66.333 2209.521 236.84738
1065.48 5097.417 148.333 2342.021 225.60567
1066.57 4773.917 79.833 2179.521 223.56105
1067.65 4687.917 210.833 2247.521 219.82181
1068.74 4477.417 58.333 2048.521 222.04357
1069.82 4439.417 209.833 2082.521 225.85633
1070.9 5317.917 1117.333 2964.521 227.40428
1071.99 3988.417 198.833 1952.521 216.09228
1073.07 4031.917 154.833 1851.021 228.57634
1074.15 4084.917 187.833 1929.521 223.7533
1075.24 3929.417 193.833 1857.021 224.60386
1076.32 3905.417 239.333 1887.521 222.43121
1077.4 4194.917 478.833 2117.021 226.84115
1078.49 3548.917 43.333 1595.021 225.9207
1079.57 3771.917 275.333 1770.521 233.85584
1080.65 3901.917 398.333 1899.021 233.46522
1081.73 3476.417 114.833 1561.521 232.36416
1082.81 3287.917 -13.167 1407.021 232.43996
1083.89 3396.417 227.833 1567.021 236.6049
1084.98 3232.917 212.833 1531.021 229.10878
1086.06 2962.417 48.333 1321.521 228.88092
1087.14 2818.417 25.333 1303.021 218.60457
1088.22 2877.917 168.833 1389.521 221.93095
1089.3 2669.917 -23.167 1215.021 217.50206
1090.38 3116.417 484.333 1691.521 218.03434
1091.46 2760.917 224.333 1441.021 208.48273
1092.54 2532.417 71.833 1228.521 212.72672
1093.62 2494.917 116.833 1268.021 206.57654
1094.7 2370.417 23.333 1075.021 223.17307
1095.78 2455.417 119.333 1187.021 218.79842
1096.86 2500.917 153.833 1148.521 235.96188
1097.93 2888.417 515.333 1525.021 235.03146
1099.01 2611.417 321.833 1273.521 240.58142
1100.09 2126.917 49.333 953.521 229.77352
