196.55 779.276 972.948 1339.379 -52.8534
197.76 1079.435 1427.472 1995.603 -61.25987
198.96 954.864 1340.45 1803.191 -83.32663
200.16 688.289 796.077 1227.164 -25.00393
201.36 1083.955 1587.379 2062.06 -106.05531
202.56 782.328 990.115 1401.163 -50.55068
203.76 671.579 849.94 1265.984 -42.8706
204.96 779.33 932.264 1411.806 -31.89173
206.16 569.089 712.367 946.298 -61.2477
207.36 921.357 1181.173 1687.519 -51.31179
208.56 800.386 1052.507 1476.29 -59.49281
209.76 563.713 637.704 982.138 -21.482
210.96 670.242 888.539 1380.408 -44.38087
212.16 1393.108 2056.997 2537.841 -138.06759
213.36 840.096 1126.644 1600.47 -60.47549
214.56 707.633 890.479 1274.997 -47.55226
215.76 1247.579 1834.94 2402.485 -103.49154
216.96 1053.986 1568.862 2050.473 -106.90706
218.16 779.084 985.792 1447.599 -44.76063
219.35 623.828 716.838 1152.749 -21.33711
220.55 735.898 872.359 1328.661 -29.90591
221.75 653.271 810.596 1150.265 -46.31697
222.95 1049.162 1461.314 1932.768 -87.42142
224.15 833.464 1090.029 1574.459 -52.96215
225.35 716.442 782.472 1287.36 -13.07818
226.55 620.637 792.831 1188.111 -43.56249
227.75 993.662 1378.814 1879.768 -76.88365
228.94 822.713 1122.204 1555.138 -69.1772
230.14 779.74 919.113 1379.351 -30.28269
231.34 669.957 847.028 1265.702 -42.29324
232.54 665.528 780.549 1133.115 -32.62414
233.74 643.677 805.869 1171.11 -44.40702
234.93 675.872 791.951 1221.947 -26.99551
236.13 755.694 951.574 1439.095 -40.17877
237.33 756.223 930.131 1313.452 -45.36891
238.53 704.469 887.381 1239.073 -52.00891
239.72 1013.506 1373.993 1901.015 -68.40067
240.92 502.952 562.676 918.088 -16.80416
242.12 881.472 1152.807 1622.13 -57.81401
243.31 594.716 755.63 1186.695 -37.32961
244.51 595.696 627.0 952.653 -9.6126
245.71 943.376 1278.803 1722.062 -75.67291
246.9 1117.196 1688.0 2212.153 -108.90024
248.1 755.959 950.954 1448.759 -39.17081
249.3 685.13 982.33 1398.854 -71.35247
250.49 678.655 893.313 1321.511 -50.13056
251.69 823.05 1049.106 1539.214 -46.12367
252.89 773.374 916.154 1388.919 -30.20103
254.08 514.213 579.204 954.138 -17.33406
255.28 742.008 976.919 1400.072 -55.5142
256.47 555.167 577.666 955.382 -5.95653
257.67 821.867 1159.099 1530.833 -90.71881
258.86 926.445 1172.898 1590.417 -59.0282
260.06 757.06 917.809 1356.442 -36.64791
261.26 1068.433 1459.546 1914.546 -85.95884
262.45 720.908 939.063 1294.389 -61.39571
263.65 512.469 565.158 907.488 -15.39108
264.84 789.052 1081.531 1469.771 -75.33478
266.04 628.374 804.154 1217.419 -42.53443
267.23 476.564 487.661 823.556 -3.30362
268.42 649.979 706.584 1015.802 -18.30605
269.62 729.001 882.641 1322.401 -34.93721
270.81 733.569 959.736 1397.256 -51.69291
272.01 674.218 923.056 1333.752 -60.58942
273.2 899.14 1164.034 1567.583 -65.64116
274.4 580.201 664.852 908.767 -34.70495
275.59 850.057 1028.883 1499.385 -38.00755
276.78 762.094 892.718 1361.913 -27.84024
277.98 693.847 772.746 1191.206 -18.85449
279.17 704.118 903.201 1285.069 -52.13389
280.37 702.808 837.985 1198.621 -37.48278
281.56 491.413 528.915 926.504 -9.43235
282.75 563.393 617.508 1021.047 -13.40988
283.95 658.23 801.186 1237.537 -32.76155
285.14 674.921 863.193 1247.675 -48.96781
286.33 591.918 700.267 1012.118 -34.74382
287.52 767.021 948.548 1368.358 -43.24052
288.72 879.357 1136.95 1615.434 -53.83507
289.91 1034.772 1410.373 1957.179 -68.68997
291.1 797.362 1007.024 1453.634 -46.94542
292.29 729.525 997.623 1395.057 -67.45716
293.49 718.657 1044.239 1446.568 -80.92417
294.68 547.011 729.845 997.629 -68.27638
295.87 610.955 803.102 1201.145 -48.27302
297.06 798.962 940.38 1418.817 -29.55832
298.26 414.04 420.179 733.9 -1.95675
299.45 658.716 789.13 1098.195 -42.1966
300.64 675.398 822.859 1190.661 -40.09258
301.83 719.957 857.028 1294.202 -31.35384
303.02 582.564 630.384 1057.142 -11.20541
304.21 839.369 1123.525 1573.39 -63.16477
305.4 709.803 875.356 1160.092 -58.14247
306.59 699.667 920.166 1316.882 -55.58095
307.79 672.123 803.053 1187.683 -34.04041
308.98 515.74 579.113 932.851 -17.91511
310.17 811.95 966.081 1430.275 -33.20401
311.36 674.845 857.597 1178.563 -56.93803
312.55 1128.462 1560.657 2066.731 -85.40147
313.74 487.391 584.359 957.404 -25.99348
314.93 805.886 1009.007 1474.29 -43.65523
316.12 638.503 787.067 1192.958 -36.60177
317.31 427.44 406.823 740.217 6.18386
318.5 479.891 574.859 920.404 -27.48335
319.69 703.774 830.799 1262.736 -29.40808
320.88 568.284 736.225 1134.55 -42.16203
322.07 598.513 607.271 993.686 -2.26629
323.26 532.423 607.342 935.817 -22.80811
324.45 425.913 447.415 793.504 -6.21285
325.64 654.942 766.749 1195.274 -26.09111
326.83 769.862 996.024 1395.634 -56.59594
328.01 638.484 738.436 1110.916 -26.83433
329.2 769.123 976.053 1403.683 -48.38986
330.39 572.962 727.38 1086.817 -42.96107
331.58 599.223 542.908 969.366 13.20525
332.77 932.884 1253.081 1742.233 -65.45959
333.96 373.345 448.82 671.648 -33.87134
335.15 539.245 524.964 868.466 4.15729
336.33 515.723 590.908 878.866 -26.10974
337.52 591.913 719.415 1040.504 -39.70929
338.71 557.864 710.45 1050.191 -44.91254
339.9 528.882 614.932 995.09 -22.63539
341.08 540.111 688.2 1067.812 -39.01064
342.27 738.53 879.475 1376.672 -28.34791
343.46 815.879 1063.729 1446.619 -64.73145
344.65 805.879 897.229 1356.119 -19.90676
345.83 726.14 983.257 1460.668 -53.85657
347.02 457.83 470.264 791.306 -3.87306
348.21 826.979 1021.584 1513.302 -39.5767
349.4 522.411 462.989 862.946 14.85697
350.58 601.425 718.045 1108.789 -29.84543
351.77 555.177 575.369 941.11 -5.52103
352.96 384.074 324.088 698.37 16.02697
354.14 597.698 619.926 1114.21 -4.49684
355.33 471.216 536.13 920.695 -16.88006
356.51 409.852 387.098 701.82 7.23007
357.7 616.555 679.734 1173.743 -12.78918
358.89 501.182 511.721 949.225 -2.40904
360.07 752.043 915.105 1399.957 -33.6313
361.26 858.57 1061.79 1572.085 -39.82409
362.44 582.294 733.483 1177.108 -34.08045
363.63 528.326 481.743 950.435 9.93883
364.81 558.05 531.437 1069.458 4.94662
366.0 369.238 276.518 729.538 20.46718
367.18 1089.321 1403.392 2092.821 -45.55516
368.37 510.687 529.85 875.253 -5.54811
369.55 645.989 737.065 1246.445 -17.87983
370.74 796.179 911.572 1458.582 -21.09522
371.92 933.211 1158.332 1668.41 -44.13474
373.11 528.362 476.078 1016.963 9.66638
374.29 468.087 421.772 908.985 9.50615
375.48 547.238 531.741 1060.623 2.93018
376.66 466.538 441.53 902.257 5.42792
377.84 842.687 953.85 1582.253 -17.68982
379.03 499.109 405.051 908.67 18.67633
380.21 434.216 332.184 747.024 24.59546
381.39 339.977 266.212 675.074 18.04145
382.58 723.013 816.548 1409.101 -15.78492
383.76 1023.887 1148.784 1715.705 -22.03082
384.94 1016.152 1254.164 1936.868 -34.86304
386.13 565.743 426.593 963.237 25.92967
387.31 692.401 618.339 1185.047 13.06879
388.49 577.811 474.688 1029.093 18.60072
389.68 722.445 637.952 1263.246 13.51251
390.86 754.326 567.466 1204.521 29.33176
392.04 853.794 982.706 1677.693 -18.54889
393.22 580.826 445.466 1111.021 20.33783
394.41 586.692 473.202 1085.367 18.53905
395.59 511.231 193.463 865.952 47.25246
396.77 701.318 552.689 1295.349 20.01313
397.95 757.774 637.576 1375.151 16.29647
399.13 902.033 792.678 1560.643 14.23956
400.31 774.055 447.511 1233.657 41.53728
401.5 882.95 626.304 1514.36 28.89974
402.68 918.977 734.712 1616.074 20.90681
403.86 720.255 434.445 1296.108 33.16954
405.04 1003.316 807.263 1861.292 18.60034
406.22 729.879 367.783 1341.448 37.18902
407.4 1021.569 697.013 1747.671 30.89078
408.58 1155.355 814.301 1875.791 32.12975
409.76 1197.618 947.755 2029.398 23.10037
410.94 989.826 624.466 1721.521 33.30366
412.12 956.526 502.9 1505.972 45.22362
413.3 906.75 359.093 1500.994 47.96008
414.48 911.226 371.111 1363.838 54.40717
415.66 959.196 445.277 1491.567 49.11825
416.84 1411.94 1233.1 2392.132 15.43012
418.02 1069.448 623.378 1795.303 38.06297
419.2 991.06 419.586 1512.357 52.29583
420.38 1127.421 583.97 1792.589 44.9646
421.56 1041.34 427.245 1581.949 53.18206
422.74 1472.665 1081.794 2295.154 32.21394
423.92 1303.587 865.995 2097.57 35.53107
425.1 1189.726 464.111 1706.838 58.38891
426.28 1134.094 405.995 1712.327 55.7361
427.46 1703.499 1356.492 2799.259 24.05148
428.63 1181.979 571.861 2000.716 42.69977
429.81 1315.738 687.964 1968.209 49.03545
430.99 1372.386 754.784 2180.705 43.31255
432.17 1587.099 1145.347 2523.941 32.04362
433.35 1491.243 827.316 2288.823 45.42756
434.52 1114.591 155.069 1442.77 74.51436
435.7 1276.55 376.383 1827.128 62.04859
436.88 1486.535 840.104 2306.7 44.07698
438.06 1406.045 552.531 2072.014 56.17135
439.23 1351.821 399.115 1956.406 61.17711
440.41 1536.113 594.126 2298.869 55.25684
441.59 1693.54 828.456 2548.315 50.29974
442.77 1493.04 276.679 1951.4 72.63067
443.94 1742.462 760.657 2663.231 51.60405
445.12 1778.718 769.833 2568.167 56.10112
446.3 2125.916 1093.118 2946.475 55.72578
447.47 1880.674 666.72 2632.968 61.73963
448.65 1986.177 720.646 2715.525 63.43897
449.82 1849.177 500.146 2418.525 70.32139
451.0 1984.484 609.213 2599.83 69.08767
452.18 1943.933 476.823 2644.96 67.66683
453.35 2157.557 530.16 2753.3 73.20265
454.53 2183.074 558.865 2819.285 71.85431
455.7 2160.65 334.238 2713.311 76.76989
456.88 2675.977 945.935 3424.159 69.80973
458.05 2474.316 591.763 3040.792 76.86936
459.23 2402.886 315.784 2806.205 83.80522
460.4 2693.557 580.16 3298.8 77.7373
461.58 2746.882 719.432 3462.09 73.92279
462.75 2602.718 315.333 3204.667 79.16654
463.93 2941.509 628.696 3520.987 79.96473
465.1 2927.989 525.065 3629.945 77.39186
466.28 2938.448 218.101 3243.888 89.90541
467.45 2906.057 146.66 3291.8 87.73528
468.63 3291.435 523.249 3846.018 83.30964
469.8 3620.482 870.287 4222.273 82.04671
470.97 3378.721 405.259 3823.724 86.98237
472.15 3608.945 595.675 4138.332 85.05679
473.32 3720.448 704.601 4322.388 83.36163
474.49 3970.689 859.499 4671.896 81.60719
475.67 3885.687 507.573 4177.839 92.04002
476.84 3694.377 327.08 4088.476 89.52252
478.01 4162.099 636.347 4688.941 86.99986
479.19 4118.372 548.728 4557.862 89.03778
480.36 4230.26 309.02 4472.808 94.17482
481.53 4295.43 596.897 4836.903 87.22943
482.7 4384.708 497.129 4733.938 91.75725
483.88 4234.608 275.774 4583.755 91.89535
485.05 4438.477 361.935 4823.659 91.36695
486.22 4518.128 478.405 4938.797 90.56878
487.39 4461.264 333.595 4795.508 92.50896
488.56 4760.36 485.876 5021.991 94.23226
489.74 5034.611 897.2 5619.313 87.61779
490.91 4665.279 242.651 4990.851 93.14327
492.08 4771.36 375.876 5230.491 90.54237
493.25 4739.491 278.714 5092.587 92.66504
494.42 4914.204 476.778 5228.824 93.37927
495.59 5015.728 417.26 5317.48 93.84206
496.76 5153.625 465.756 5367.155 95.6435
497.93 5137.618 610.478 5616.483 90.43419
499.1 5169.538 572.753 5591.843 91.58602
500.27 5520.584 1040.792 6267.099 85.71621
501.44 5544.64 1228.534 6296.083 85.17147
502.61 5084.398 423.137 5408.076 93.5069
503.78 5297.293 629.929 5761.278 90.95784
504.95 5665.023 1123.474 6516.415 84.21284
506.12 5360.674 696.943 5888.053 89.84073
507.29 5263.23 335.186 5433.538 96.65956
508.46 5219.66 32.165 5307.125 98.34188
509.63 5952.16 1258.165 6645.125 87.13625
510.8 5955.233 1179.612 6671.095 86.96414
511.97 5663.616 558.552 5824.426 96.94618
513.14 5610.457 258.528 5792.702 96.70691
514.31 5973.347 785.746 6241.206 95.09009
515.48 5813.981 495.01 6045.359 95.8313
516.65 5766.567 525.087 6124.614 93.60577
517.81 5912.464 355.806 5922.374 99.82199
518.98 6098.974 695.01 6349.102 95.57616
520.15 5848.715 161.13 5858.695 99.82485
521.32 6200.042 703.605 6464.457 95.41015
522.49 6679.291 1502.503 7468.221 86.7756
523.65 6799.391 1158.859 7184.404 93.61032
524.82 6437.187 638.073 6545.839 98.16086
525.99 6244.672 78.517 6017.496 103.82517
527.16 6670.95 631.25 6882.031 96.62312
528.32 6811.135 730.182 7018.969 96.69517
529.49 6770.423 411.619 6654.732 101.8531
530.66 6685.588 114.367 6539.298 102.27691
531.82 6824.047 180.957 6592.071 103.61834
532.99 7031.108 320.274 6997.255 100.50701
534.16 7233.633 444.256 7148.912 101.26362
535.32 7558.033 794.401 7641.229 98.7849
536.49 7441.223 294.408 7207.866 103.3754
537.65 8088.806 1011.059 8080.564 100.11659
538.82 7702.25 321.816 7430.58 103.82163
539.99 8080.682 642.721 8076.725 100.05323
541.15 8283.24 818.39 8357.766 99.01152
542.32 8337.125 147.979 7854.74 106.25924
543.48 8945.382 811.155 8785.676 102.0027
544.65 9283.9 992.785 8917.718 104.62064
545.81 9804.584 1483.292 10133.099 96.20206
546.98 9681.55 503.106 9285.714 104.50704
548.14 10217.084 783.792 9857.099 103.96752
549.31 10149.271 402.873 9415.179 108.14545
550.47 10538.174 469.443 9763.554 108.33453
551.63 11029.465 914.806 10766.874 102.66534
552.8 10914.472 454.584 10034.545 109.18508
553.96 11140.701 459.852 10240.767 109.20092
555.13 11239.864 391.45 10690.69 105.33218
556.29 12106.479 934.084 11394.302 106.80843
557.45 11712.143 274.46 10552.64 111.28121
558.62 12321.34 523.468 11224.534 110.2495
559.78 12507.05 771.606 11627.214 108.1049
560.94 12233.221 371.982 11276.809 108.77054
562.11 12625.574 391.088 11510.37 110.02946
563.27 12848.53 157.975 11361.672 113.27114
564.43 12811.438 32.397 11656.66 109.9342
565.59 13369.328 205.838 12004.749 111.5653
566.76 13425.187 351.073 12192.839 110.40679
567.92 13865.613 571.349 12448.455 111.93185
569.08 14176.838 715.042 13216.978 107.67769
570.24 14231.354 352.024 12896.877 110.63765
571.4 14425.581 226.366 12819.042 112.75773
572.57 14595.423 367.342 13100.317 111.742
573.73 14535.862 55.524 13072.134 111.24508
574.89 15087.522 452.697 13544.0 111.79044
576.05 15253.47 476.158 13770.987 111.15082
577.21 15131.991 157.714 13514.587 112.10915
578.37 15599.46 18.954 13640.76 114.37915
579.53 15598.596 193.644 13978.47 111.75297
580.69 15877.147 597.535 14724.34 108.16043
581.85 15873.008 351.919 14327.072 111.06203
583.01 16288.462 401.88 14435.816 113.20118
584.17 16538.131 484.83 14656.854 113.27458
585.33 16895.172 572.517 14948.496 113.54117
586.49 16928.322 377.763 14735.049 115.27638
587.65 16946.703 573.278 15187.824 112.03512
588.81 17165.268 566.521 15553.064 110.75767
589.97 17583.389 929.433 15628.847 113.29673
591.13 16960.76 421.02 15287.808 111.25295
592.29 17076.193 336.574 15254.096 112.21448
593.45 17331.264 213.595 14965.508 116.03694
594.61 17237.115 134.052 15178.927 113.68033
595.77 17362.15 196.961 15395.896 112.93679
596.93 17359.662 91.091 14998.683 115.83743
598.09 17392.537 382.753 15545.343 112.18258
599.24 17566.504 138.067 15446.458 113.84891
600.4 17754.322 291.763 15433.549 115.32695
601.56 17260.248 233.39 15322.522 112.84186
602.72 17838.336 368.616 15465.42 115.718
603.87 17686.416 473.064 15310.146 116.01575
605.03 17300.836 232.116 15238.92 113.73987
606.19 17698.576 148.514 14826.428 119.56782
607.35 17480.193 -3.926 15131.096 115.52094
608.5 17725.555 594.457 15492.328 114.99024
609.66 18049.287 989.651 15859.107 114.72939
610.82 17253.773 146.299 15137.236 114.11878
611.97 17460.979 125.084 14915.802 117.20793
613.13 17746.545 573.754 15514.6 114.93855
614.29 17377.506 496.993 15383.016 113.39841
615.44 17819.242 717.539 15456.908 116.02737
616.6 17284.5 180.141 14843.401 116.64772
617.76 17843.195 663.0 15414.652 116.46285
618.91 17715.662 726.314 15170.268 117.62256
620.07 17297.527 641.049 15204.114 114.37481
621.22 17258.504 17.567 14577.958 118.40985
622.38 17715.979 1061.084 15637.302 114.26074
623.53 17549.082 78.366 14625.542 120.09696
624.69 17275.906 112.137 14268.832 121.24136
625.84 17270.838 217.542 14299.978 121.09621
627.0 17436.238 488.964 14831.709 118.15921
628.15 17128.955 -0.398 14734.646 116.24908
629.31 17227.445 318.175 14728.331 117.34273
630.46 17025.34 -23.532 14344.034 118.66221
631.61 16980.311 374.134 14629.264 116.49264
632.77 17545.326 228.189 14833.106 118.57059
633.92 17195.463 495.38 14691.816 117.63574
635.08 17681.281 949.577 15177.407 117.59842
636.23 17317.221 308.482 14744.809 117.81902
637.38 17003.41 -74.511 14334.446 118.52295
638.54 17394.729 654.76 15135.48 115.60177
639.69 17687.137 936.831 15459.111 115.34212
640.84 17644.566 490.402 14738.753 120.39403
641.99 16960.246 97.409 14039.882 120.94581
643.15 17735.926 816.916 14835.512 120.68976
644.3 17199.605 95.422 14179.142 121.44649
645.45 17376.283 -58.071 14110.771 123.04713
646.6 17622.463 811.436 15075.401 117.85662
647.75 17380.643 161.942 14418.031 120.78137
648.91 17504.822 -136.551 13971.661 125.04329
650.06 17462.002 225.455 14825.291 118.05987
651.21 17848.682 417.462 14565.42 123.20661
652.36 17616.861 450.969 14709.05 120.39413
653.51 17949.041 101.475 14213.68 126.46901
654.66 17699.721 273.982 14861.81 119.45397
655.81 18215.9 651.989 15048.939 121.99744
656.96 17789.08 69.495 14402.569 123.62725
658.11 18131.26 365.002 14800.199 123.07596
659.27 17951.439 531.009 14925.328 121.02296
660.42 17728.119 29.015 14459.958 122.6469
661.57 18372.299 421.022 14835.088 124.53999
662.72 17891.479 -139.971 14611.718 122.23312
663.87 18269.158 -99.965 14122.848 129.15254
665.01 18104.338 316.042 14693.978 123.7194
666.16 18281.518 41.049 14739.607 124.09699
667.31 18612.697 95.555 14982.237 124.3873
668.46 19320.377 760.562 15722.366 124.04797
669.61 18762.057 206.069 15547.996 120.94952
670.76 19358.236 4.575 15214.626 127.24258
671.91 19840.916 769.582 16378.756 122.18029
673.06 19933.596 519.589 16014.886 125.28967
674.21 19124.275 -161.405 15583.016 122.49216
675.35 19843.455 284.102 15720.146 126.71222
676.5 19706.135 167.609 15849.774 124.59074
677.65 19759.314 72.615 15783.904 125.30289
678.8 19666.494 -110.878 15727.034 124.87361
679.94 20486.674 40.629 16048.164 127.72763
681.09 20493.854 370.135 17049.793 120.64827
682.24 21277.033 363.142 17513.924 121.94133
683.39 21127.711 -1.851 17222.553 122.67224
684.53 21723.891 558.155 17196.684 127.20918
685.68 21439.57 214.662 17614.813 121.98118
686.83 21819.75 301.169 17607.443 124.33977
687.97 21605.93 298.175 17622.072 122.99631
689.12 21919.109 178.182 17514.703 125.40536
690.27 21636.289 68.189 17408.832 124.37889
691.41 22103.469 468.195 17969.961 123.61766
692.56 21975.148 358.702 17742.592 124.34758
693.7 22602.828 378.709 17681.721 128.44076
694.85 21855.508 48.215 17192.852 127.19601
695.99 22454.688 398.222 17794.98 126.78492
697.14 22305.867 184.229 17551.111 127.37829
698.28 22537.047 342.735 18251.74 123.92822
699.43 22852.727 391.242 18390.369 124.79208
700.57 22312.406 -74.251 17710.5 125.87557
701.72 22488.586 -50.745 17219.129 130.51242
702.86 21901.266 -107.738 17549.26 124.64748
704.01 22625.445 50.269 17415.389 130.003
705.15 22881.125 433.275 18332.02 125.41578
706.29 23111.305 126.782 17723.648 130.61713
707.44 22765.484 171.288 18374.777 124.12014
708.58 22804.164 -124.205 17936.408 126.95233
709.72 22993.344 629.302 18731.037 123.5464
710.87 22938.023 -137.192 17783.168 128.76536
712.01 22508.703 0.315 17644.297 127.56978
713.15 23290.883 217.322 18427.928 126.70397
714.3 23547.563 348.828 17921.557 132.01555
715.44 23461.742 92.335 18611.186 126.19254
716.58 23568.922 277.342 18420.816 128.37442
717.72 23208.602 52.848 18398.945 126.21624
718.87 23682.281 240.855 18262.076 130.07679
720.01 23075.961 117.362 18078.205 127.82584
721.15 23254.639 -54.132 17879.836 129.96996
722.29 23251.318 345.875 18022.965 129.577
723.43 23538.998 498.882 18553.596 127.61275
724.57 23037.678 450.388 18287.225 126.63282
725.72 23152.357 244.895 18067.354 128.53144
726.86 23521.537 678.902 18459.484 128.46955
728.0 23545.717 164.408 17772.113 132.79021
729.14 23234.396 -2.085 17477.244 132.93692
730.28 23859.076 481.422 17805.373 134.94412
731.42 23307.756 10.928 17753.004 131.30835
732.56 24195.936 722.435 18545.133 131.70565
733.7 23274.115 386.942 18597.262 125.68243
734.84 23301.295 -127.052 17331.393 134.19493
735.98 23523.975 148.955 17932.521 131.44169
737.12 23276.154 -3.038 17789.152 130.83938
738.26 23401.334 17.468 17486.281 133.86064
739.4 23059.514 228.475 17917.912 129.06594
740.53 23207.193 407.482 18162.541 128.41248
741.67 22784.373 273.488 17733.67 128.92698
742.81 23005.553 -222.505 17185.301 133.43472
743.95 22851.232 241.002 17969.93 127.53298
745.09 22636.912 19.508 17370.561 130.35177
746.23 22853.092 399.515 17605.189 130.501
747.36 22641.271 453.522 17477.32 130.33372
748.5 22589.451 60.028 17069.949 132.44872
749.64 21977.631 25.035 17006.078 129.27707
750.78 22324.811 -5.458 16833.209 132.61304
751.92 22250.49 74.548 16909.838 131.72296
753.05 21812.17 155.555 16258.969 134.48462
754.19 22431.35 635.562 16783.098 134.97903
755.33 21748.029 -151.932 16117.228 134.61028
756.46 22145.709 245.075 16057.357 138.50394
757.6 21797.387 82.082 15697.487 139.06334
758.74 21596.066 562.088 16315.617 133.51915
759.87 21657.746 244.595 16092.247 135.11876
761.01 21226.426 271.102 15563.377 137.03209
762.14 20984.605 234.608 15825.006 133.09473
763.28 21258.785 408.115 15272.136 140.27611
764.41 20487.465 249.121 15157.766 135.74905
765.55 20507.145 -123.872 14748.896 138.71673
766.69 21013.324 289.635 15202.025 138.9696
767.82 20748.504 266.641 15014.155 138.88349
768.95 19993.684 26.148 14525.285 137.71534
770.09 19717.363 737.655 15281.915 130.49621
771.22 20265.543 661.661 15275.044 134.1502
772.36 19907.223 504.168 14678.674 136.88699
773.49 19672.902 489.175 14838.804 133.68797
774.63 19498.082 196.181 14003.434 139.79538
775.76 18753.262 154.688 13969.563 134.62715
776.89 18699.941 428.195 14067.693 133.96201
778.03 18904.621 360.201 13450.823 141.66187
779.16 18013.801 8.708 13358.952 134.86714
780.29 18183.98 308.215 13035.582 140.4514
781.43 18505.16 606.221 13093.712 143.33495
782.56 17854.84 315.228 13181.842 136.31879
783.69 17397.02 11.735 12475.972 139.48134
784.82 17285.199 233.241 12821.602 135.45813
785.96 17215.379 116.748 12587.731 137.10732
787.09 17262.059 204.255 12186.361 142.36064
788.22 17049.738 394.261 12237.99 140.62697
789.35 16629.918 157.768 11739.62 142.2238
790.48 16611.598 142.275 12009.25 138.78282
791.62 16313.776 580.281 11944.38 138.44913
792.75 15821.456 5.288 11194.01 141.35813
793.88 16059.136 737.795 11788.14 138.65034
795.01 15461.815 353.801 11355.77 137.32101
796.14 15811.995 404.808 11514.898 138.67742
797.27 15189.675 493.815 11487.528 133.67512
798.4 14908.854 283.321 10909.158 137.64124
799.53 15270.034 -4.672 10310.788 148.07586
800.66 14636.714 316.335 10739.418 137.39101
801.79 15403.894 1276.841 11846.548 133.65605
802.92 14940.573 199.848 10216.178 147.16693
804.05 14330.752 381.855 10327.308 140.25402
805.18 14075.432 290.861 10017.937 141.71341
806.31 14467.111 215.868 9756.066 149.38099
807.44 13926.791 -64.625 9580.196 145.06662
808.57 14117.971 400.381 10089.826 141.5725
809.69 14232.15 400.888 9940.456 144.98835
810.82 13555.83 -163.605 9102.586 148.05906
811.95 14139.51 988.401 10112.216 144.14046
813.08 13502.189 103.908 8928.345 151.83158
814.21 13589.369 1064.915 10169.975 137.55488
815.33 13031.549 282.921 9203.104 142.9189
816.46 12854.229 308.928 9013.734 144.11924
817.59 12506.908 847.435 9490.864 134.89406
818.72 12576.088 504.441 8670.494 147.82719
819.84 12663.768 896.448 9116.124 143.16038
820.97 11840.447 446.454 8550.754 140.59195
822.1 12141.627 593.961 8538.383 145.35565
823.22 11464.306 -30.532 7767.513 147.40666
824.35 11659.485 92.474 7844.143 149.21964
825.48 11491.665 574.481 7850.272 150.04806
826.6 11133.845 310.488 7455.902 151.47276
827.73 11028.524 -144.506 7245.032 151.20067
828.85 11164.204 268.501 7361.662 153.60858
829.98 10816.884 610.008 7638.292 145.22573
831.11 10495.063 70.014 6945.921 151.61708
832.23 10645.743 81.521 6962.051 153.53792
833.36 10727.423 524.528 7592.181 144.36044
834.48 10421.103 259.034 6894.811 153.14061
835.6 10349.282 482.041 7014.94 151.03923
836.73 10114.962 -7.952 6711.07 150.66053
837.85 10122.642 535.054 6989.7 148.53779
838.98 9983.321 -104.439 6228.33 159.29463
840.1 10092.001 458.568 6766.959 152.70824
841.23 9670.18 371.074 6570.589 149.99732
842.35 10065.859 720.581 7111.219 146.23389
843.47 9885.039 248.588 6354.849 157.81264
844.6 9372.219 26.594 6149.978 152.6219
845.72 9180.398 155.101 6077.608 152.38982
846.84 9504.578 134.608 5955.738 160.9648
847.96 9339.758 139.114 5813.368 162.14721
849.09 9165.438 58.121 5820.497 158.04794
850.21 8936.617 232.628 5935.127 152.63464
851.33 9067.297 385.134 5976.757 155.2709
852.45 8466.977 25.141 5610.387 151.14528
853.57 8864.656 232.148 5832.016 154.15556
854.7 8495.336 67.654 5477.146 155.79434
855.82 8153.015 -0.339 5659.776 144.04927
856.94 8861.195 485.168 5827.405 156.78875
858.06 8269.375 -64.326 5132.035 160.37571
859.18 8328.054 425.181 5653.165 151.16482
860.3 8449.733 244.688 5345.295 160.86409
861.42 8146.914 -89.306 5013.424 161.40809
862.54 8036.093 -65.799 4962.554 161.12417
863.66 7991.772 50.708 4975.184 161.25704
864.78 8128.952 186.714 5073.814 162.51434
865.9 7965.632 244.221 5222.943 155.0882
867.02 8316.812 1277.228 6443.073 136.27167
868.14 8148.491 879.234 5701.203 150.75288
869.26 7783.671 575.741 5163.833 157.10081
870.38 7221.351 -90.252 4456.962 160.793
871.5 7508.53 -94.746 4453.592 167.16603
872.62 7326.71 69.761 4578.222 160.96288
873.74 7416.389 699.268 5511.852 139.57412
874.85 6997.479 40.271 4430.417 158.47329
875.97 7284.979 286.271 4564.417 163.5921
877.09 7184.979 373.271 4811.917 153.46366
878.21 6836.479 220.771 4370.917 159.40906
879.33 7109.479 334.771 4641.417 157.30823
880.44 7086.479 254.771 4375.417 165.79218
881.56 6635.979 111.271 4114.417 162.98953
882.68 6753.479 256.271 4367.917 158.01965
883.79 6916.479 826.771 4988.417 146.32933
884.91 6529.979 -58.229 3702.917 175.16492
886.03 6678.979 456.271 4455.417 155.60094
887.14 6563.479 659.271 4800.417 142.57427
888.26 6864.479 777.271 4809.917 150.94825
889.38 6797.479 636.271 4577.417 156.33038
890.49 6382.979 -89.729 4014.417 157.71145
891.61 6940.479 307.771 4176.917 171.42565
892.72 6770.979 -13.229 4058.417 166.62078
893.84 6631.479 -99.229 3906.917 168.00956
894.95 6421.979 -87.229 3941.917 161.55305
896.07 6684.479 152.271 4075.417 166.50434
897.18 7093.479 384.271 4307.417 171.01604
898.3 6318.479 -41.229 3881.917 162.10736
899.41 6784.479 577.271 4446.917 160.40766
900.53 6667.979 335.771 4029.417 171.43517
901.64 6703.479 462.271 4350.417 160.51889
902.75 6278.979 262.771 4055.917 158.60735
903.87 6278.479 116.771 3876.417 163.89065
904.98 6431.479 403.771 4044.917 165.54426
906.09 6351.479 235.771 3943.917 164.92631
907.21 6232.979 438.771 3919.917 166.44543
908.32 6036.979 198.271 3488.417 177.46046
909.43 6137.979 650.771 3977.917 164.92238
910.54 5557.479 280.271 3820.917 149.04648
911.66 6233.979 1160.771 4581.417 148.31142
912.77 5674.479 85.771 3214.417 178.63025
913.88 5745.479 300.271 3645.417 162.77939
914.99 5245.479 69.271 3371.417 156.75286
916.1 5345.979 349.771 3617.417 152.89931
917.22 5362.479 58.771 2918.417 185.4673
918.33 5495.479 688.771 3724.917 158.31611
919.44 5387.479 270.271 3384.417 164.3214
920.55 5537.479 660.771 3674.417 161.82087
921.66 5143.979 428.771 3272.917 165.78644
922.77 5073.479 488.271 3282.417 164.10053
923.88 5170.979 623.271 3542.917 155.76232
924.99 5087.479 373.771 3227.417 165.18196
926.1 4760.979 -11.229 2623.917 181.09844
927.21 4783.479 652.771 3484.417 145.87658
928.32 4232.479 -84.729 2456.417 169.89218
929.43 4531.979 251.771 2756.917 170.85664
930.54 4204.479 111.271 2439.417 175.81407
931.65 4124.479 266.271 2607.917 164.7648
932.76 4263.479 381.771 2750.917 163.8442
933.86 4046.479 302.271 2464.417 173.17094
934.97 3809.479 113.771 2305.417 168.62708
936.08 3666.979 164.771 2138.417 177.44867
937.19 3853.479 708.271 2768.917 152.63216
938.3 3282.979 472.271 2273.917 156.00781
939.4 3130.479 674.771 2431.417 139.7953
940.51 2618.479 305.271 1864.417 148.36383
941.62 2573.979 503.771 1984.417 139.81794
942.73 3080.979 1102.771 2513.917 140.18454
943.83 2365.479 302.771 1592.417 159.94379
944.94 2440.979 338.271 1721.417 152.02363
946.05 2189.479 -35.729 1180.417 182.97218
947.15 2331.979 -25.729 1255.417 184.03123
948.26 2389.479 228.771 1623.917 154.87331
949.36 2395.479 98.271 1469.917 167.47825
950.47 2460.479 326.771 1819.917 142.90021
951.57 2955.479 844.771 2349.917 140.23281
952.68 2727.979 568.771 1976.417 153.39146
953.79 2626.979 439.271 2026.417 137.83916
954.89 2587.979 121.771 1668.417 159.45528
955.99 2772.979 391.271 2152.917 135.19791
957.1 2723.479 230.271 1637.417 177.18195
958.2 2724.979 271.271 1806.417 159.83553
959.31 2864.979 455.771 2090.917 147.33905
960.41 2684.479 130.271 1642.917 168.85701
961.52 2660.979 10.271 1452.917 183.73938
962.62 2825.479 493.771 1946.917 160.45936
963.72 2663.479 -50.729 1492.417 175.88801
964.83 2539.979 -70.729 1396.917 177.88409
965.93 2886.979 341.771 1883.917 165.04331
967.03 2988.479 714.271 2232.917 149.75238
968.13 2825.979 466.771 1975.417 156.37921
969.24 2622.979 175.771 1604.417 171.29567
970.34 2595.479 206.771 1605.917 170.7262
971.44 2631.479 265.771 1650.417 170.85297
972.54 2648.479 346.771 1881.917 149.93419
973.64 2528.979 142.271 1643.917 158.93951
974.75 3032.479 1069.771 2472.917 139.87914
975.85 4044.979 3162.271 4867.417 51.76733
976.95 2426.479 189.771 1479.917 173.36866
978.05 2515.479 525.771 1934.917 141.19961
979.15 2748.479 896.271 2298.917 132.05103
980.25 2304.979 99.771 1282.917 186.38518
981.35 2418.479 179.271 1406.417 182.47289
982.45 2726.979 891.771 2297.417 130.55979
983.55 2565.979 462.771 1760.417 162.07878
984.65 2412.979 418.271 1628.917 164.764
985.75 2493.979 675.271 1828.917 157.64877
986.85 2348.479 372.271 1638.417 156.08064
987.95 2165.979 185.271 1345.917 170.65572
989.05 2354.979 783.271 2071.417 122.01323
990.15 2356.479 628.271 1710.417 159.70199
991.25 2111.979 443.271 1513.917 155.85999
992.34 2317.979 835.771 1982.917 129.20837
993.44 2047.979 478.271 1473.917 157.6573
994.54 1984.979 386.771 1334.417 168.65039
995.64 2218.479 731.271 1754.417 145.35645
996.74 2182.479 789.271 1829.917 133.87921
997.83 1595.479 73.771 1008.417 162.81122
998.93 1772.979 315.271 1299.917 148.04393
1000.03 2336.479 1230.771 2285.917 104.79199
1001.12 2130.479 704.771 1735.417 138.33156
1002.22 2050.979 729.271 1828.417 120.24869
1003.32 1644.479 272.271 1190.917 149.37295
1004.41 1727.479 467.271 1408.417 133.9015
1005.51 1594.979 402.771 1217.917 146.25706
1006.6 1389.479 188.771 987.917 150.24895
1007.7 1648.979 624.271 1470.917 121.03152
1008.8 1315.479 103.271 755.917 185.73753
1009.89 1642.979 577.771 1331.917 141.247
1010.99 1481.479 384.771 1149.417 143.42697
1012.08 1342.979 47.271 826.417 166.29855
1013.18 1500.979 394.271 1240.917 130.7168
1014.27 1561.979 202.271 1009.417 168.45881
1015.36 1609.979 334.271 1124.417 161.45227
1016.46 1620.979 402.771 1194.917 153.78587
1017.55 1433.479 148.271 862.917 179.83849
1018.65 1642.979 496.771 1208.917 160.95135
1019.74 1484.479 586.771 1441.917 104.97722
1020.83 1461.479 505.271 1239.417 130.24774
1021.93 1374.479 280.271 1081.417 136.58042
1023.02 1253.479 38.271 740.917 172.94748
1024.11 1147.979 63.771 754.417 156.9847
1025.2 1117.979 88.271 722.417 162.3772
1026.3 1299.979 454.271 1131.917 124.80094
1027.39 1389.979 597.771 1268.417 118.12618
1028.48 1233.979 486.771 1072.417 127.58707
1029.57 1161.979 312.771 901.917 144.14229
1030.66 1167.979 451.771 1035.417 122.71283
1031.75 1767.479 1483.271 2155.917 42.25229
1032.84 1234.479 652.771 1237.417 99.49756
1033.94 955.479 161.271 678.417 153.57531
1035.03 1255.479 773.771 1262.917 98.47949
1036.12 881.479 90.271 614.917 150.80808
1037.21 841.979 66.771 609.417 142.85714
1038.3 1065.479 522.771 1049.417 103.04996
1039.39 820.979 153.271 549.417 168.55114
1040.48 983.979 455.771 904.417 117.73392
1041.57 1003.479 616.271 1021.917 95.45478
1042.66 918.979 441.771 862.917 113.3119
1043.74 930.479 508.271 928.417 100.4909
1044.83 945.979 543.271 974.917 93.29601
1045.92 680.479 45.771 481.917 145.52664
1047.01 930.979 617.771 1054.417 71.73053
1048.1 599.479 96.771 402.417 164.47415
1049.19 807.479 502.271 822.417 95.33416
1050.27 713.479 342.271 705.417 102.22018
1051.36 719.979 305.271 681.417 110.25201
1052.45 851.979 469.771 875.417 94.22218
1053.54 735.979 466.771 758.417 92.30659
1054.62 725.979 525.271 900.417 53.50142
1055.71 744.479 467.771 822.917 77.914
1056.8 844.479 688.271 1055.917 42.48882
1057.88 602.479 328.771 652.417 84.57033
1058.97 642.979 458.771 804.417 53.29396
1060.06 875.979 834.771 1296.917 8.91675
1061.14 640.479 367.771 664.417 91.93061
1062.23 1318.979 1608.271 2089.917 -60.06316
1063.31 735.479 547.271 887.917 55.25045
1064.4 493.979 279.271 610.417 64.83799
1065.48 701.979 526.771 738.917 82.58863
1066.57 585.979 362.771 691.917 67.81442
1067.65 643.479 543.771 885.417 29.18471
1068.74 525.479 357.271 635.417 60.47487
1069.82 592.479 544.271 856.417 15.44418
1070.9 1635.479 2151.771 2635.417 -106.7499
1071.99 697.479 561.771 908.917 39.09261
1073.07 606.979 491.771 826.917 34.37558
1074.15 642.479 576.771 914.417 19.46074
1075.24 577.479 526.771 764.417 21.33779
1076.32 613.479 625.771 880.417 -4.82695
1077.4 847.479 963.771 1324.417 -32.24538
1078.49 455.979 218.271 494.417 86.08072
1079.57 686.479 655.271 905.917 12.45118
1080.65 774.479 866.771 1207.917 -27.05342
1081.73 461.479 382.771 651.417 29.29817
1082.81 366.479 238.271 479.917 53.0563
1083.89 587.479 548.771 799.417 15.44345
1084.98 559.979 533.271 847.417 8.5019
1086.06 383.979 267.771 470.917 57.20439
1087.14 384.479 283.771 487.417 49.45268
1088.22 484.479 524.771 765.417 -16.74313
1089.3 344.979 261.771 458.417 42.3138
1090.38 803.479 1101.771 1433.417 -89.94286
1091.46 607.479 598.771 838.417 3.63385
1092.54 393.479 405.771 657.917 -4.87483
1093.62 482.479 412.771 674.917 26.59142
1094.7 352.979 186.271 429.417 68.5631
1095.78 521.979 490.771 699.917 14.92181
1096.86 519.479 545.771 843.917 -8.81838
1097.93 843.979 1146.271 1458.417 -96.84312
1099.01 623.979 802.271 1099.917 -59.9006
1100.09 360.479 334.271 492.917 16.52002
