196.55 798.389 972.948 1339.379 -47.6376
197.76 1035.009 1427.472 1995.603 -69.07948
198.96 948.193 1340.45 1803.191 -84.76843
200.16 681.594 796.077 1227.164 -26.55698
201.36 1109.137 1587.379 2062.06 -100.75014
202.56 816.259 990.115 1401.163 -42.2959
203.76 692.784 849.94 1265.984 -37.77376
204.96 727.809 932.264 1411.806 -42.6355
206.16 614.757 712.367 946.298 -41.72545
207.36 928.77 1181.173 1687.519 -49.84787
208.56 784.871 1052.507 1476.29 -63.15399
209.76 524.495 637.704 982.138 -32.86831
210.96 676.596 888.539 1380.408 -43.08911
212.16 1428.795 2056.997 2537.841 -130.64591
213.36 910.18 1126.644 1600.47 -45.68431
214.56 822.614 890.479 1274.997 -17.64949
215.76 1293.784 1834.94 2402.485 -95.35029
216.96 1060.789 1568.862 2050.473 -105.49459
218.16 800.566 985.792 1447.599 -40.10885
219.35 655.668 716.838 1152.749 -14.03271
220.55 730.485 872.359 1328.661 -31.09225
221.75 686.607 810.596 1150.265 -36.50294
222.95 1081.215 1461.314 1932.768 -80.62256
224.15 881.52 1090.029 1574.459 -43.04209
225.35 722.342 782.472 1287.36 -11.90972
226.55 699.396 792.831 1188.111 -23.63773
227.75 1038.215 1378.814 1879.768 -67.98994
228.94 885.995 1122.204 1555.138 -54.56024
230.14 802.955 919.113 1379.351 -25.23853
231.34 650.688 847.028 1265.702 -46.8957
232.54 635.505 780.549 1133.115 -41.13976
233.74 635.061 805.869 1171.11 -46.76582
234.93 682.525 791.951 1221.947 -25.44821
236.13 739.958 951.574 1439.095 -43.40654
237.33 734.468 930.131 1313.452 -51.04421
238.53 692.802 887.381 1239.073 -55.32634
239.72 968.826 1373.993 1901.015 -76.87839
240.92 594.906 562.676 918.088 9.06824
242.12 936.443 1152.807 1622.13 -46.10111
243.31 624.636 755.63 1186.695 -30.38858
244.51 544.599 627.0 952.653 -25.30338
245.71 975.307 1278.803 1722.062 -68.46936
246.9 1193.599 1688.0 2212.153 -94.32387
248.1 777.329 950.954 1448.759 -34.87813
249.3 722.064 982.33 1398.854 -62.4854
250.49 780.383 893.313 1321.511 -26.37326
251.69 857.683 1049.106 1539.214 -39.05723
252.89 763.257 916.154 1388.919 -32.34113
254.08 557.995 579.204 954.138 -5.65686
255.28 783.967 976.919 1400.072 -45.59842
256.47 557.497 577.666 955.382 -5.33953
257.67 908.743 1159.099 1530.833 -67.34828
258.86 991.983 1172.898 1590.417 -43.33118
260.06 764.247 917.809 1356.442 -35.00934
261.26 1068.368 1459.546 1914.546 -85.97295
262.45 726.049 939.063 1294.389 -59.94889
263.65 525.893 565.158 907.488 -11.46991
264.84 813.324 1081.531 1469.771 -69.08304
266.04 631.757 804.154 1217.419 -41.71598
267.23 484.029 487.661 823.556 -1.08139
268.42 612.866 706.584 1015.802 -30.30829
269.62 709.044 882.641 1322.401 -39.47528
270.81 783.72 959.736 1397.256 -40.23037
272.01 755.277 923.056 1333.752 -40.85245
273.2 864.128 1164.034 1567.583 -74.3173
274.4 585.881 664.852 908.767 -32.37645
275.59 833.606 1028.883 1499.385 -41.50408
276.78 782.539 892.718 1361.913 -23.48259
277.98 662.796 772.746 1191.206 -26.27481
279.17 740.859 903.201 1285.069 -42.51257
280.37 672.722 837.985 1198.621 -45.82545
281.56 515.331 528.915 926.504 -3.41659
282.75 588.203 617.508 1021.047 -7.26186
283.95 658.482 801.186 1237.537 -32.7039
285.14 681.754 863.193 1247.675 -47.19045
286.33 606.613 700.267 1012.118 -30.0316
287.52 732.672 948.548 1368.358 -51.42239
288.72 924.86 1136.95 1615.434 -44.32523
289.91 1038.697 1410.373 1957.179 -67.97205
291.1 823.552 1007.024 1453.634 -41.0813
292.29 776.364 997.623 1395.057 -55.672
293.49 779.024 1044.239 1446.568 -65.91982
294.68 551.608 729.845 997.629 -66.5595
295.87 649.547 803.102 1201.145 -38.57755
297.06 798.97 940.38 1418.817 -29.5567
298.26 468.21 420.179 733.9 15.31001
299.45 680.636 789.13 1098.195 -35.10412
300.64 657.985 822.859 1190.661 -44.827
301.83 755.188 857.028 1294.202 -23.29512
303.02 623.938 630.384 1057.142 -1.51047
304.21 865.384 1123.525 1573.39 -57.38196
305.4 725.849 875.356 1160.092 -52.50716
306.59 714.997 920.166 1316.882 -51.71661
307.79 697.141 803.053 1187.683 -27.53603
308.98 576.955 579.113 932.851 -0.60991
310.17 804.037 966.081 1430.275 -34.90879
311.36 641.246 857.597 1178.563 -67.40616
312.55 1079.56 1560.657 2066.731 -95.06443
313.74 538.153 584.359 957.404 -12.38612
314.93 846.871 1009.007 1474.29 -34.84671
316.12 685.685 787.067 1192.958 -24.9775
317.31 456.791 406.823 740.217 14.98769
318.5 555.153 574.859 920.404 -5.70283
319.69 672.838 830.799 1262.736 -36.57017
320.88 690.812 736.225 1134.55 -11.40119
322.07 549.249 607.271 993.686 -15.01523
323.26 553.804 607.342 935.817 -16.29877
324.45 458.831 447.415 793.504 3.29858
325.64 648.432 766.749 1195.274 -27.61028
326.83 777.552 996.024 1395.634 -54.67163
328.01 630.148 738.436 1110.916 -29.07228
329.2 795.641 976.053 1403.683 -42.18875
330.39 573.47 727.38 1086.817 -42.8198
331.58 533.559 542.908 969.366 -2.19229
332.77 957.73 1253.081 1742.233 -60.38019
333.96 470.155 448.82 671.648 9.5748
335.15 526.237 524.964 868.466 0.37049
336.33 473.059 590.908 878.866 -40.9258
337.52 642.831 719.415 1040.504 -23.85137
338.71 649.693 710.45 1050.191 -17.88361
339.9 557.68 614.932 995.09 -15.06014
341.08 560.026 688.2 1067.812 -33.76432
342.27 747.146 879.475 1376.672 -26.61512
343.46 834.948 1063.729 1446.619 -59.75119
344.65 788.948 897.229 1356.119 -23.59634
345.83 774.537 983.257 1460.668 -43.71917
347.02 496.809 470.264 791.306 8.2684
348.21 839.866 1021.584 1513.302 -36.95588
349.4 494.69 462.989 862.946 7.92609
350.58 641.536 718.045 1108.789 -19.58024
351.77 580.061 575.369 941.11 1.28288
352.96 429.502 324.088 698.37 28.16434
354.14 584.74 619.926 1114.21 -7.1186
355.33 522.636 536.13 920.695 -3.509
356.51 429.078 387.098 701.82 13.33894
357.7 592.056 679.734 1173.743 -17.74846
358.89 551.343 511.721 949.225 9.05642
360.07 848.851 915.105 1399.957 -13.66481
361.26 843.902 1061.79 1572.085 -42.69851
362.44 635.557 733.483 1177.108 -22.0741
363.63 554.299 481.743 950.435 15.48054
364.81 569.455 531.437 1069.458 7.06635
366.0 443.586 276.518 729.538 36.87885
367.18 1078.517 1403.392 2092.821 -47.12217
368.37 574.216 529.85 875.253 12.84469
369.55 695.521 737.065 1246.445 -8.1559
370.74 801.793 911.572 1458.582 -20.06896
371.92 966.535 1158.332 1668.41 -37.60157
373.11 565.733 476.078 1016.963 16.57556
374.29 471.889 421.772 908.985 10.28645
375.48 627.996 531.741 1060.623 18.19967
376.66 519.159 441.53 902.257 16.84931
377.84 892.216 953.85 1582.253 -9.80804
379.03 549.476 405.051 908.67 28.67747
380.21 476.817 332.184 747.024 34.86481
381.39 417.906 266.212 675.074 37.10158
382.58 853.84 816.548 1409.101 6.29352
383.76 1046.462 1148.784 1715.705 -18.04878
384.94 1064.333 1254.164 1936.868 -27.80576
386.13 597.278 426.593 963.237 31.80595
387.31 668.308 618.339 1185.047 8.81727
388.49 596.453 474.688 1029.093 21.9633
389.68 762.664 637.952 1263.246 19.94453
390.86 702.709 567.466 1204.521 21.22932
392.04 944.466 982.706 1677.693 -5.50224
393.22 694.709 445.466 1111.021 37.44883
394.41 680.498 473.202 1085.367 33.86276
395.59 530.573 193.463 865.952 50.12865
396.77 727.786 552.689 1295.349 23.577
397.95 817.429 637.576 1375.151 24.38442
399.13 932.377 792.678 1560.643 18.19083
400.31 686.646 447.511 1233.657 30.41864
401.5 829.946 626.304 1514.36 22.93121
402.68 942.406 734.712 1616.074 23.56514
403.86 769.392 434.445 1296.108 38.8721
405.04 1082.145 807.263 1861.292 26.07916
406.22 750.129 367.783 1341.448 39.26878
407.4 995.311 697.013 1747.671 28.39153
408.58 1102.31 814.301 1875.791 27.13254
409.76 1095.54 947.755 2029.398 13.66304
410.94 936.209 624.466 1721.521 28.41631
412.12 883.954 502.9 1505.972 37.98872
413.3 799.11 359.093 1500.994 38.53368
414.48 813.291 371.111 1363.838 44.54192
415.66 858.689 445.277 1491.567 39.51222
416.84 1362.882 1233.1 2392.132 11.19743
418.02 975.805 623.378 1795.303 30.07249
419.2 908.338 419.586 1512.357 44.72588
420.38 1014.345 583.97 1792.589 35.6088
421.56 968.464 427.245 1581.949 46.87081
422.74 1321.038 1081.794 2295.154 19.71748
423.92 1102.798 865.995 2097.57 19.22766
425.1 985.291 464.111 1706.838 41.93839
426.28 962.63 405.995 1712.327 42.61052
427.46 1446.494 1356.492 2799.259 6.23816
428.63 1086.457 571.861 2000.716 36.01453
429.81 1120.405 687.964 1968.209 33.778
430.99 1147.962 754.784 2180.705 27.5736
432.17 1362.912 1145.347 2523.941 15.78164
433.35 1230.687 827.316 2288.823 27.59968
434.52 849.489 155.069 1442.77 53.92711
435.7 994.774 376.383 1827.128 42.62573
436.88 1274.518 840.104 2306.7 29.62058
438.06 1135.492 552.531 2072.014 38.36573
439.23 1024.427 399.115 1956.406 40.15382
440.41 1256.167 594.126 2298.869 38.83526
441.59 1317.3 828.456 2548.315 28.42352
442.77 1082.21 276.679 1951.4 48.0994
443.94 1457.06 760.657 2663.231 36.60323
445.12 1428.368 769.833 2568.167 36.61915
446.3 1629.563 1093.118 2946.475 28.94449
447.47 1537.511 666.72 2632.968 44.28693
448.65 1586.152 720.646 2715.525 43.38638
449.82 1408.652 500.146 2418.525 47.358
451.0 1527.739 609.213 2599.83 46.14275
452.18 1429.459 476.823 2644.96 43.938
453.35 1577.197 530.16 2753.3 47.09719
454.53 1630.093 558.865 2819.285 47.39066
455.7 1590.692 334.238 2713.311 52.81274
456.88 2003.816 945.935 3424.159 42.68703
458.05 1897.645 591.763 3040.792 53.32243
459.23 1763.462 315.784 2806.205 58.12984
460.4 1939.197 580.16 3298.8 49.98957
461.58 2147.68 719.432 3462.09 52.07531
462.75 1943.368 315.333 3204.667 56.34637
463.93 2220.558 628.696 3520.987 55.03811
465.1 2316.021 525.065 3629.945 57.68197
466.28 2203.214 218.101 3243.888 65.6065
467.45 2251.697 146.66 3291.8 66.92982
468.63 2494.1 523.249 3846.018 59.31353
469.8 2850.598 870.287 4222.273 59.07871
470.97 2760.009 405.259 3823.724 68.88325
472.15 2966.573 595.675 4138.332 66.92431
473.32 3118.714 704.601 4322.388 66.729
474.49 3326.766 859.499 4671.896 64.71696
475.67 3187.625 507.573 4177.839 73.02066
476.84 3189.397 327.08 4088.476 76.09721
478.01 3588.412 636.347 4688.941 72.84383
479.19 3484.615 548.728 4557.862 73.22997
480.36 3580.083 309.02 4472.808 78.55979
481.53 3885.318 596.897 4836.903 77.55699
482.7 3879.803 497.129 4733.938 79.84014
483.88 3889.885 275.774 4583.755 83.89339
485.05 4098.316 361.935 4823.659 83.74298
486.22 4283.423 478.405 4938.797 85.3068
487.39 4323.274 333.595 4795.508 89.41635
488.56 4417.001 485.876 5021.991 86.66282
489.74 4753.526 897.2 5619.313 81.66528
490.91 4456.121 242.651 4990.851 88.73826
492.08 4661.501 375.876 5230.491 88.27941
493.25 4622.571 278.714 5092.587 90.23622
494.42 4779.521 476.778 5228.824 90.54508
495.59 4938.341 417.26 5317.48 92.2628
496.76 4937.873 465.756 5367.155 91.24164
497.93 5214.949 610.478 5616.483 91.97895
499.1 5151.568 572.753 5591.843 91.228
500.27 5457.566 1040.792 6267.099 84.51043
501.44 5526.128 1228.534 6296.083 84.80616
502.61 5117.576 423.137 5408.076 94.17245
503.78 5275.875 629.929 5761.278 90.54044
504.95 5601.813 1123.474 6516.415 83.04076
506.12 5351.92 696.943 5888.053 89.6721
507.29 5099.982 335.186 5433.538 93.45758
508.46 5049.165 32.165 5307.125 95.10973
509.63 5780.165 1258.165 6645.125 83.94345
510.8 5878.623 1179.612 6671.095 85.56908
511.97 5394.809 558.552 5824.426 91.84148
513.14 5404.188 258.528 5792.702 92.97972
514.31 5632.296 785.746 6241.206 88.83854
515.48 5563.507 495.01 6045.359 91.31853
516.65 5521.17 525.087 6124.614 89.22331
517.81 5469.111 355.806 5922.374 91.85741
518.98 5684.675 695.01 6349.102 88.24874
520.15 5348.636 161.13 5858.695 91.04777
521.32 5756.851 703.605 6464.457 87.71698
522.49 6290.235 1502.503 7468.221 80.25407
523.65 6176.653 1158.859 7184.404 83.27535
524.82 5758.125 638.073 6545.839 86.66648
525.99 5623.779 78.517 6017.496 93.37063
527.16 6067.765 631.25 6882.031 86.97337
528.32 6144.346 730.182 7018.969 86.09234
529.49 6059.395 411.619 6654.732 90.4641
530.66 6025.257 114.367 6539.298 91.99928
531.82 6179.633 180.957 6592.071 93.56682
532.99 6264.885 320.274 6997.255 89.03142
534.16 6435.705 444.256 7148.912 89.36251
535.32 6756.287 794.401 7641.229 87.07515
536.49 6571.059 294.408 7207.866 90.78888
537.65 7240.081 1011.059 8080.564 88.11114
538.82 6874.019 321.816 7430.58 92.17078
539.99 7238.843 642.721 8076.725 88.72907
541.15 7398.546 818.39 8357.766 87.2772
542.32 7442.282 147.979 7854.74 94.6481
543.48 7948.589 811.155 8785.676 89.50298
544.65 8216.626 992.785 8917.718 91.15334
545.81 8811.566 1483.292 10133.099 84.72183
546.98 8562.683 503.106 9285.714 91.76747
548.14 8988.566 783.792 9857.099 90.42761
549.31 9055.697 402.873 9415.179 96.01122
550.47 9294.42 469.443 9763.554 94.95235
551.63 9674.61 914.806 10766.874 88.91336
552.8 9639.034 454.584 10034.545 95.87148
553.96 9884.381 459.852 10240.767 96.35631
555.13 10114.192 391.45 10690.69 94.40252
556.29 10637.366 934.084 11394.302 92.76367
557.45 10461.269 274.46 10552.64 99.11102
558.62 10939.373 523.468 11224.534 97.33521
559.78 11297.183 771.606 11627.214 96.95981
560.94 11046.918 371.982 11276.809 97.89185
562.11 11553.502 391.088 11510.37 100.3879
563.27 11588.146 157.975 11361.672 102.02142
564.43 11826.15 32.397 11656.66 101.45807
565.59 12206.168 205.838 12004.749 101.7071
566.76 12387.625 351.073 12192.839 101.64491
567.92 12794.577 571.349 12448.455 102.9142
569.08 13065.732 715.042 13216.978 98.79023
570.24 13161.22 352.024 12896.877 102.10718
571.4 13397.425 226.366 12819.042 104.59301
572.57 13498.305 367.342 13100.317 103.12564
573.73 13579.052 55.524 13072.134 103.89439
574.89 14035.723 452.697 13544.0 103.7561
576.05 14504.893 476.158 13770.987 105.52023
577.21 14481.571 157.714 13514.587 107.2396
578.37 14675.829 18.954 13640.76 107.59862
579.53 15218.181 193.644 13978.47 108.9933
580.69 15288.46 597.535 14724.34 103.99326
581.85 15568.967 351.919 14327.072 108.88645
583.01 15636.47 401.88 14435.816 108.55536
584.17 16184.063 484.83 14656.854 110.77622
585.33 16214.779 572.517 14948.496 108.80833
586.49 16492.477 377.763 14735.049 112.24067
587.65 16779.021 573.278 15187.824 110.88776
588.81 16967.916 566.521 15553.064 109.44081
589.97 17293.012 929.433 15628.847 111.3213
591.13 16915.584 421.02 15287.808 110.94908
592.29 17092.957 336.574 15254.096 112.32686
593.45 17227.773 213.595 14965.508 115.33541
594.61 17448.809 134.052 15178.927 115.08741
595.77 17430.102 196.961 15395.896 113.38387
596.93 17622.807 91.091 14998.683 117.6026
598.09 17654.568 382.753 15545.343 113.91072
599.24 17873.186 138.067 15446.458 115.85227
600.4 17956.477 291.763 15433.549 116.66202
601.56 18007.879 233.39 15322.522 117.79663
602.72 18222.092 368.616 15465.42 118.25997
603.87 18470.381 473.064 15310.146 121.29957
605.03 17969.092 232.116 15238.92 118.19289
606.19 18519.143 148.514 14826.428 125.15831
607.35 18378.457 -3.926 15131.096 121.45594
608.5 18350.965 594.457 15492.328 119.18822
609.66 19020.453 989.651 15859.107 121.26067
610.82 18419.338 146.299 15137.236 121.8939
611.97 18584.865 125.084 14915.802 124.80653
613.13 18866.9 573.754 15514.6 122.43716
614.29 18607.826 496.993 15383.016 121.66335
615.44 18814.596 717.539 15456.908 122.7804
616.6 18721.045 180.141 14843.401 126.44462
617.76 18942.098 663.0 15414.652 123.9122
618.91 19245.715 726.314 15170.268 128.21559
620.07 19061.004 641.049 15204.114 126.48405
621.22 18628.186 17.567 14577.958 127.81675
622.38 19509.865 1061.084 15637.302 126.56768
623.53 18757.926 78.366 14625.542 128.40678
624.69 19032.408 112.137 14268.832 133.64893
625.84 19041.732 217.542 14299.978 133.67141
627.0 19334.404 488.964 14831.709 131.39354
628.15 19234.047 -0.398 14734.646 130.53538
629.31 19201.574 318.175 14728.331 131.0423
630.46 19241.373 -23.532 14344.034 134.08607
631.61 19301.271 374.134 14629.264 132.77422
632.77 19659.117 228.189 14833.106 133.04374
633.92 19477.469 495.38 14691.816 133.71024
635.08 19747.762 949.577 15177.407 132.12264
636.23 19970.918 308.482 14744.809 136.2011
637.38 19420.689 -74.511 14334.446 135.29918
638.54 19820.342 654.76 15135.48 132.3524
639.69 19962.896 936.831 15459.111 131.01293
640.84 20075.834 490.402 14738.753 137.45754
641.99 19777.092 97.409 14039.882 141.14916
643.15 20445.848 816.916 14835.512 140.02067
644.3 20042.605 95.422 14179.142 141.63292
645.45 19770.861 -58.071 14110.771 139.94744
646.6 20176.119 811.436 15075.401 135.75946
647.75 19988.877 161.942 14418.031 139.07696
648.91 20147.133 -136.551 13971.661 143.77218
650.06 20240.891 225.455 14825.291 137.09357
651.21 20600.148 417.462 14565.42 142.65441
652.36 20485.904 450.969 14709.05 140.51635
653.51 20345.162 101.475 14213.68 143.44808
654.66 20824.418 273.982 14861.81 140.87386
655.81 21043.176 651.989 15048.939 141.63546
656.96 21000.934 69.495 14402.569 146.03593
658.11 21078.189 365.002 14800.199 143.49085
659.27 21426.947 531.009 14925.328 145.16795
660.42 20939.705 29.015 14459.958 144.90176
661.57 21575.461 421.022 14835.088 146.76247
662.72 20777.219 -139.971 14611.718 141.79522
663.87 21360.977 -99.965 14122.848 150.89098
665.01 21668.232 316.042 14693.978 148.50665
666.16 21970.49 41.049 14739.607 149.1945
667.31 21976.246 95.555 14982.237 146.98165
668.46 22712.504 760.562 15722.366 146.71989
669.61 22546.762 206.069 15547.996 145.61856
670.76 23308.018 4.575 15214.626 153.21081
671.91 23899.775 769.582 16378.756 148.18333
673.06 24014.033 519.589 16014.886 151.62307
674.21 23046.289 -161.405 15583.016 147.40266
675.35 23704.047 284.102 15720.146 151.72246
676.5 24014.803 167.609 15849.774 152.06569
677.65 24243.561 72.615 15783.904 153.84444
678.8 24063.318 -110.878 15727.034 152.63499
679.94 24654.574 40.629 16048.164 153.76474
681.09 25256.832 370.135 17049.793 149.20388
682.24 26447.59 363.142 17513.924 152.08897
683.39 25609.846 -1.851 17222.553 148.69424
684.53 26406.104 558.155 17196.684 155.34997
685.68 26749.361 214.662 17614.813 152.49695
686.83 27249.117 301.169 17607.443 155.71201
687.97 26976.375 298.175 17622.072 153.99653
689.12 27563.631 178.182 17514.703 157.96392
690.27 26857.389 68.189 17408.832 154.48792
691.41 28255.146 468.195 17969.961 158.76656
692.56 27792.402 358.702 17742.592 157.81106
693.7 28399.66 378.709 17681.721 161.94262
694.85 27996.918 48.215 17192.852 163.01718
695.99 28598.674 398.222 17794.98 162.10176
697.14 27872.432 184.229 17551.111 159.43105
698.28 28113.689 342.735 18251.74 155.06699
699.43 28198.945 391.242 18390.369 154.49473
700.57 28232.203 -74.251 17710.5 159.16137
701.72 28073.959 -50.745 17219.129 162.85414
702.86 28647.717 -107.738 17549.26 162.85586
704.01 29790.975 50.269 17415.389 171.26692
705.15 29593.73 433.275 18332.02 162.919
706.29 29143.488 126.782 17723.648 164.89701
707.44 29531.746 171.288 18374.777 161.29028
708.58 30199.002 -124.205 17936.408 167.89689
709.72 29876.26 629.302 18731.037 161.56991
710.87 30258.016 -137.192 17783.168 169.61271
712.01 29684.773 0.315 17644.297 168.24127
713.15 30639.031 217.322 18427.928 167.0549
714.3 30340.287 348.828 17921.557 170.67047
715.44 30343.545 92.335 18611.186 163.35361
716.58 30439.303 277.342 18420.816 166.24137
717.72 30829.559 52.848 18398.945 167.75617
718.87 31073.316 240.855 18262.076 171.08975
720.01 30023.074 117.362 18078.205 166.50506
721.15 30208.83 -54.132 17879.836 168.74661
722.29 30259.588 345.875 18022.965 169.22306
723.43 31078.844 498.882 18553.596 169.37384
724.57 30708.602 450.388 18287.225 169.6389
725.72 30150.359 244.895 18067.354 167.79652
726.86 30956.115 678.902 18459.484 170.28246
728.0 30370.873 164.408 17772.113 171.55254
729.14 30581.131 -2.085 17477.244 174.9679
730.28 30758.387 481.422 17805.373 174.7694
731.42 30460.645 10.928 17753.004 171.62432
732.56 31249.9 722.435 18545.133 171.2842
733.7 30701.658 386.942 18597.262 166.46998
734.84 30617.416 -127.052 17331.393 176.10084
735.98 30593.172 148.955 17932.521 171.19298
737.12 31001.93 -3.038 17789.152 174.26167
738.26 30293.188 17.468 17486.281 173.31297
739.4 30930.943 228.475 17917.912 173.56385
740.53 30843.701 407.482 18162.541 171.4228
741.67 30401.459 273.488 17733.67 172.55245
742.81 30642.715 -222.505 17185.301 177.30678
743.95 30201.473 241.002 17969.93 168.99201
745.09 30229.729 19.508 17370.561 174.11175
746.23 30624.486 399.515 17605.189 175.66862
747.36 30733.744 453.522 17477.32 177.86995
748.5 30472.5 60.028 17069.949 178.79255
749.64 29460.758 25.035 17006.078 173.34461
750.78 30076.016 -5.458 16833.209 178.64522
751.92 29679.771 74.548 16909.838 175.85218
753.05 29541.029 155.555 16258.969 182.47978
754.19 30724.785 635.562 16783.098 186.33941
755.33 29155.543 -151.932 16117.228 180.1413
756.46 29282.301 245.075 16057.357 183.63716
757.6 28871.557 82.082 15697.487 184.36585
758.74 29092.314 562.088 16315.617 181.10372
759.87 28524.072 244.595 16092.247 178.44585
761.01 27770.828 271.102 15563.377 179.82757
762.14 28335.086 234.608 15825.006 180.24221
763.28 28489.844 408.115 15272.136 188.92418
764.41 27804.1 249.121 15157.766 184.82551
765.55 27810.357 -123.872 14748.896 187.82133
766.69 27371.113 289.635 15202.025 181.60387
767.82 27423.871 266.641 15014.155 184.14785
768.95 27139.129 26.148 14525.285 186.9972
770.09 26476.885 737.655 15281.915 176.97174
771.22 27472.643 661.661 15275.044 183.46869
772.36 26558.4 504.168 14678.674 183.81052
773.49 26191.156 489.175 14838.804 179.11252
774.63 26047.914 196.181 14003.434 187.233
775.76 25087.172 154.688 13969.563 180.47563
776.89 25870.428 428.195 14067.693 186.53349
778.03 25763.686 360.201 13450.823 194.05865
779.16 25262.441 8.708 13358.952 189.16308
780.29 25200.699 308.215 13035.582 195.58235
781.43 25094.457 606.221 13093.712 196.10214
782.56 24409.213 315.228 13181.842 187.25972
783.69 24277.471 11.735 12475.972 194.68288
784.82 23538.729 233.241 12821.602 185.13521
785.96 23474.484 116.748 12587.731 187.29667
787.09 23438.242 204.255 12186.361 193.9057
788.22 23097.498 394.261 12237.99 191.68994
789.35 23394.256 157.768 11739.62 200.62843
790.48 22716.514 142.275 12009.25 190.2274
791.62 22166.77 580.281 11944.38 189.95337
792.75 22280.527 5.288 11194.01 199.08654
793.88 21803.785 737.795 11788.14 190.6365
795.01 22051.041 353.801 11355.77 197.21235
796.14 22120.299 404.808 11514.898 195.45737
797.27 21569.057 493.815 11487.528 191.70266
798.4 21597.313 283.321 10909.158 200.58647
799.53 20950.57 -4.672 10310.788 203.14404
800.66 20262.326 316.335 10739.418 191.36364
801.79 21436.084 1276.841 11846.548 190.72661
802.92 20291.842 199.848 10216.178 200.59238
804.05 20055.598 381.855 10327.308 197.81646
805.18 20413.855 290.861 10017.937 206.8761
806.31 20226.613 215.868 9756.066 209.75188
807.44 19856.869 -64.625 9580.196 206.5512
808.57 20131.127 400.381 10089.826 203.63133
809.69 19496.883 400.888 9940.456 200.17672
810.82 18715.141 -163.605 9102.586 203.73793
811.95 19865.898 988.401 10112.216 206.90356
813.08 18876.154 103.908 8928.345 212.73025
814.21 18685.412 1064.915 10169.975 193.52423
815.33 18500.17 282.921 9203.104 204.22505
816.46 18127.426 308.928 9013.734 204.69723
817.59 17416.684 847.435 9490.864 191.69762
818.72 17676.941 504.441 8670.494 210.29132
819.84 17854.197 896.448 9116.124 206.30678
820.97 17384.955 446.454 8550.754 209.00635
822.1 17004.711 593.961 8538.383 206.56947
823.22 16349.969 -30.532 7767.513 210.05907
824.35 16684.227 92.474 7844.143 214.04105
825.48 16259.483 574.481 7850.272 215.57796
826.6 15865.24 310.488 7455.902 217.68859
827.73 15643.997 -144.506 7245.032 213.66023
828.85 15935.254 268.501 7361.662 220.87126
829.98 16332.012 610.008 7638.292 223.6962
831.11 15652.269 70.014 6945.921 226.62107
832.23 15655.025 81.521 6962.051 226.34165
833.36 15491.283 524.528 7592.181 211.76416
834.48 14750.54 259.034 6894.811 218.38449
835.6 15273.797 482.041 7014.94 226.41947
836.73 14827.554 -7.952 6711.07 220.79859
837.85 14656.312 535.054 6989.7 218.77666
838.98 14500.568 -104.439 6228.33 230.62595
840.1 14623.825 458.568 6766.959 224.54627
841.23 14166.082 371.074 6570.589 222.51755
842.35 14515.34 720.581 7111.219 215.85888
843.47 14291.097 248.588 6354.849 229.96903
844.6 13829.354 26.594 6149.978 225.41065
845.72 14067.11 155.101 6077.608 234.90069
846.84 13851.868 134.608 5955.738 235.646
847.96 13904.125 139.114 5813.368 242.58717
849.09 13297.882 58.121 5820.497 229.76218
850.21 13435.639 232.628 5935.127 231.53025
851.33 13442.396 385.134 5976.757 233.51473
852.45 12903.153 25.141 5610.387 230.57199
853.57 13217.41 232.148 5832.016 231.88513
854.7 12813.668 67.654 5477.146 235.62313
855.82 12733.425 -0.339 5659.776 224.97359
856.94 12741.182 485.168 5827.405 229.41724
858.06 12105.938 -64.326 5132.035 234.20745
859.18 12337.196 425.181 5653.165 227.85102
860.3 12990.953 244.688 5345.295 249.89702
861.42 12286.71 -89.306 5013.424 242.53714
862.54 11551.467 -65.799 4962.554 231.0352
863.66 12136.725 50.708 4975.184 245.42745
864.78 12284.481 186.714 5073.814 247.54492
865.9 11934.238 244.221 5222.943 234.79954
867.02 12542.495 1277.228 6443.073 218.07209
868.14 12450.253 879.234 5701.203 239.96461
869.26 11956.51 575.741 5163.833 248.05014
870.38 11363.267 -90.252 4456.962 251.87987
871.5 11185.524 -94.746 4453.592 248.00861
872.62 11353.781 69.761 4578.222 250.2854
873.74 11386.038 699.268 5511.852 222.05889
874.85 10873.167 40.271 4430.417 246.75482
875.97 10972.667 286.271 4564.417 249.79038
877.09 11234.667 373.271 4811.917 244.70068
878.21 10511.167 220.771 4370.917 247.95265
879.33 10908.667 334.771 4641.417 245.5251
880.44 10760.667 254.771 4375.417 254.95752
881.56 10247.167 111.271 4114.417 253.19828
882.68 10306.667 256.271 4367.917 244.43731
883.79 10777.167 826.771 4988.417 239.09763
884.91 10341.167 -58.229 3702.917 276.49542
886.03 10318.167 456.271 4455.417 246.60007
887.14 10423.667 659.271 4800.417 235.78973
888.26 10323.167 777.271 4809.917 236.71547
889.38 10736.167 636.271 4577.417 256.26802
890.49 10256.167 -89.729 4014.417 252.08402
891.61 10811.167 307.771 4176.917 271.46551
892.72 10662.167 -13.229 4058.417 262.18872
893.84 10564.667 -99.229 3906.917 266.18841
894.95 10610.167 -87.229 3941.917 265.50034
896.07 10954.667 152.271 4075.417 275.35035
897.18 10834.667 384.271 4307.417 266.37798
898.3 10542.167 -41.229 3881.917 269.7681
899.41 11083.167 577.271 4446.917 271.49504
900.53 10449.667 335.771 4029.417 273.81878
901.64 10560.667 462.271 4350.417 259.72268
902.75 10048.167 262.771 4055.917 257.97574
903.87 10388.167 116.771 3876.417 273.20116
904.98 10415.167 403.771 4044.917 274.9518
906.09 9978.167 235.771 3943.917 262.72958
907.21 9907.167 438.771 3919.917 271.99079
908.32 10015.667 198.271 3488.417 298.38786
909.43 9694.167 650.771 3977.917 271.80642
910.54 9430.667 280.271 3820.917 258.43861
911.66 9776.667 1160.771 4581.417 251.87924
912.77 9042.167 85.771 3214.417 286.27069
913.88 9092.167 300.271 3645.417 262.82549
914.99 8757.667 69.271 3371.417 263.11364
916.1 9070.167 349.771 3617.417 266.8709
917.22 8568.167 58.771 2918.417 297.56817
918.33 8896.667 688.771 3724.917 270.33932
919.44 8733.167 270.271 3384.417 271.75657
920.55 9063.667 660.771 3674.417 278.82825
921.66 8664.167 428.771 3272.917 289.55604
922.77 8512.167 488.271 3282.417 287.16812
923.88 8776.667 623.271 3542.917 279.25976
924.99 7980.167 373.771 3227.417 266.55009
926.1 7711.667 -11.229 2623.917 293.07279
927.21 7965.167 652.771 3484.417 258.23835
928.32 7507.667 -84.729 2456.417 298.77842
929.43 7424.667 251.771 2756.917 286.32646
930.54 7132.167 111.271 2439.417 301.56596
931.65 7183.167 266.271 2607.917 295.38606
932.76 7045.667 381.771 2750.917 281.2784
933.86 6766.167 302.271 2464.417 298.95742
934.97 6702.667 113.771 2305.417 300.63687
936.08 6203.167 164.771 2138.417 305.95132
937.19 6188.167 708.271 2768.917 265.93097
938.3 5405.667 472.271 2273.917 273.82715
939.4 5251.167 674.771 2431.417 260.51896
940.51 4626.167 305.271 1864.417 277.13224
941.62 4694.167 503.771 1984.417 283.01135
942.73 4604.167 1102.771 2513.917 248.12429
943.83 4003.167 302.771 1592.417 286.93118
944.94 4133.667 338.271 1721.417 274.40315
946.05 3936.667 -35.729 1180.417 326.63813
947.15 4237.167 -25.729 1255.417 332.74087
948.26 3963.167 228.771 1623.917 267.67066
949.36 4346.167 98.271 1469.917 309.69334
950.47 4381.667 326.771 1819.917 271.5673
951.57 4940.667 844.771 2349.917 272.12615
952.68 4632.667 568.771 1976.417 288.70158
953.79 4577.167 439.271 2026.417 260.71302
954.89 4541.167 121.771 1668.417 285.74065
955.99 4821.667 391.271 2152.917 251.49184
957.1 4798.167 230.271 1637.417 324.62135
958.2 4786.167 271.271 1806.417 294.10208
959.31 4988.667 455.771 2090.917 277.21659
960.41 4838.667 130.271 1642.917 311.26888
961.52 4690.167 10.271 1452.917 324.39672
962.62 4943.167 493.771 1946.917 306.19059
963.72 4790.167 -50.729 1492.417 313.70307
964.83 4738.167 -70.729 1396.917 327.66051
965.93 5162.667 341.771 1883.917 312.60959
967.03 5151.167 714.271 2232.917 292.1613
968.13 5199.167 466.771 1975.417 313.68501
969.24 4844.667 175.771 1604.417 326.80568
970.34 4743.667 206.771 1605.917 324.26182
971.44 5006.167 265.771 1650.417 342.35439
972.54 4888.667 346.771 1881.917 295.86087
973.64 4545.667 142.271 1643.917 293.23797
974.75 5050.667 1069.771 2472.917 283.71217
975.85 6193.667 3162.271 4867.417 177.77927
976.95 4401.667 189.771 1479.917 326.46664
978.05 4666.667 525.771 1934.917 293.85857
979.15 4929.667 896.271 2298.917 287.55622
980.25 4405.167 99.771 1282.917 363.89393
981.35 4295.167 179.271 1406.417 335.40397
982.45 4891.167 891.771 2297.417 284.52369
983.55 4596.167 462.771 1760.417 318.53035
984.65 4453.667 418.271 1628.917 333.32588
985.75 4222.167 675.271 1828.917 307.45101
986.85 4135.667 372.271 1638.417 297.23241
987.95 4052.667 185.271 1345.917 333.21069
989.05 4344.167 783.271 2071.417 276.43574
990.15 3853.667 628.271 1710.417 298.05558
991.25 3813.167 443.271 1513.917 314.75358
992.34 4147.167 835.771 1982.917 288.66389
993.44 3808.167 478.271 1473.917 334.44584
994.54 3617.667 386.771 1334.417 340.9392
995.64 3721.167 731.271 1754.417 292.22579
996.74 3715.167 789.271 1829.917 281.16155
997.83 3360.167 73.771 1008.417 351.61938
998.93 3312.667 315.271 1299.917 304.41362
1000.03 3834.167 1230.771 2285.917 246.73327
1001.12 3602.167 704.771 1735.417 281.12431
1002.22 3550.167 729.271 1828.417 256.64438
1003.32 3106.167 272.271 1190.917 308.48625
1004.41 3108.667 467.271 1408.417 280.65747
1005.51 2844.667 402.771 1217.917 299.56554
1006.6 2767.667 188.771 987.917 322.70654
1007.7 2939.167 624.271 1470.917 273.41964
1008.8 2669.667 103.271 755.917 393.22948
1009.89 2807.167 577.771 1331.917 295.61868
1010.99 2968.667 384.771 1149.417 337.92064
1012.08 2728.167 47.271 826.417 344.08139
1013.18 2812.167 394.271 1240.917 285.5853
1014.27 3146.167 202.271 1009.417 364.72911
1015.36 3072.667 334.271 1124.417 346.56844
1016.46 3069.167 402.771 1194.917 336.60419
1017.55 2915.667 148.271 862.917 387.24018
1018.65 2931.667 496.771 1208.917 341.90976
1019.74 3016.167 586.771 1441.917 284.09143
1020.83 2737.167 505.271 1239.417 304.01263
1021.93 2599.667 280.271 1081.417 289.50984
1023.02 2274.667 38.271 740.917 318.28209
1024.11 2335.167 63.771 754.417 328.87998
1025.2 2338.167 88.271 722.417 354.79155
1026.3 2480.667 454.271 1131.917 299.03468
1027.39 2434.167 597.771 1268.417 273.82501
1028.48 2258.667 486.771 1072.417 302.5542
1029.57 2128.667 312.771 901.917 308.22519
1030.66 2165.667 451.771 1035.417 293.65344
1031.75 2672.667 1483.271 2155.917 176.82348
1032.84 2155.167 652.771 1237.417 256.9754
1033.94 1784.667 161.271 678.417 313.91449
1035.03 2032.667 773.771 1262.917 257.36616
1036.12 1684.667 90.271 614.917 303.89944
1037.21 1723.167 66.771 609.417 305.24435
1038.3 1874.667 522.771 1049.417 256.69924
1039.39 1523.667 153.271 549.417 345.93213
1040.48 1789.167 455.771 904.417 297.20453
1041.57 1755.667 616.271 1021.917 280.88436
1042.66 1603.167 441.771 862.917 275.77045
1043.74 1769.167 508.271 928.417 300.10907
1044.83 1649.667 543.271 974.917 256.32026
1045.92 1331.167 45.771 481.917 294.71698
1047.01 1537.667 617.771 1054.417 210.67322
1048.1 1162.167 96.771 402.417 348.57201
1049.19 1387.667 502.271 822.417 276.56014
1050.27 1411.167 342.271 705.417 294.34339
1051.36 1275.167 305.271 681.417 257.85099
1052.45 1340.667 469.771 875.417 214.69363
1053.54 1263.167 466.771 758.417 273.06948
1054.62 1274.667 525.271 900.417 199.76118
1055.71 1251.167 467.771 822.917 220.58425
1056.8 1371.667 688.271 1055.917 185.88429
1057.88 1085.167 328.771 652.417 233.71095
1058.97 1161.167 458.771 804.417 203.21256
1060.06 1381.667 834.771 1296.917 118.33837
1061.14 1079.667 367.771 664.417 239.98171
1062.23 1743.167 1608.271 2089.917 28.00725
1063.31 1076.167 547.271 887.917 155.26265
1064.4 960.167 279.271 610.417 205.61812
1065.48 1060.167 526.771 738.917 251.42879
1066.57 1010.667 362.771 691.917 196.84157
1067.65 978.167 543.771 885.417 127.14799
1068.74 877.167 357.271 635.417 186.91483
1069.82 968.167 544.271 856.417 135.80057
1070.9 1858.667 2151.771 2635.417 -60.60303
1071.99 1012.667 561.771 908.917 129.88657
1073.07 931.667 491.771 826.917 131.25505
1074.15 945.667 576.771 914.417 109.25526
1075.24 855.167 526.771 764.417 138.18707
1076.32 926.167 625.771 880.417 117.96613
1077.4 1124.167 963.771 1324.417 44.47461
1078.49 670.667 218.271 494.417 163.82498
1079.57 948.667 655.271 905.917 117.05594
1080.65 1035.667 866.771 1207.917 49.50839
1081.73 817.667 382.771 651.417 161.88445
1082.81 658.167 238.271 479.917 173.76499
1083.89 787.167 548.771 799.417 95.11263
1084.98 774.667 533.271 847.417 76.84197
1086.06 606.167 267.771 470.917 166.57781
1087.14 652.667 283.771 487.417 181.1458
1088.22 738.667 524.771 765.417 88.88408
1089.3 609.167 261.771 458.417 176.66069
1090.38 1011.667 1101.771 1433.417 -27.1688
1091.46 752.167 598.771 838.417 64.00939
1092.54 597.167 405.771 657.917 75.9068
1093.62 639.667 412.771 674.917 86.55329
1094.7 533.667 186.271 429.417 142.87552
1095.78 626.667 490.771 699.917 64.97659
1096.86 730.667 545.771 843.917 62.01524
1097.93 1076.167 1146.271 1458.417 -22.45882
1099.01 837.667 802.271 1099.917 11.89194
1100.09 518.667 334.271 492.917 116.23114
