196.55 3292.986 972.948 1339.379 633.14451
197.76 4830.823 1427.472 1995.603 599.04302
198.96 4361.882 1340.45 1803.191 652.94327
200.16 2865.526 796.077 1227.164 480.05368
201.36 5202.487 1587.379 2062.06 761.58713
202.56 3394.156 990.115 1401.163 584.85676
203.76 2834.412 849.94 1265.984 476.98532
204.96 3440.167 932.264 1411.806 522.97928
206.16 2423.547 712.367 946.298 731.48648
207.36 4233.758 1181.173 1687.519 602.86461
208.56 3658.557 1052.507 1476.29 614.94888
209.76 2362.169 637.704 982.138 500.66698
210.96 3173.968 888.539 1380.408 464.64098
212.16 6334.014 2056.997 2537.841 889.48204
213.36 3954.671 1126.644 1600.47 596.84984
214.56 3215.896 890.479 1274.997 604.76205
215.76 5922.912 1834.94 2402.485 720.29059
216.96 4939.796 1568.862 2050.473 699.92923
218.16 3481.828 985.792 1447.599 540.49329
219.35 2763.459 716.838 1152.749 469.50489
220.55 3321.9 872.359 1328.661 536.82496
221.75 2970.07 810.596 1150.265 635.75873
222.95 5012.695 1461.314 1932.768 753.2826
224.15 3873.424 1090.029 1574.459 574.57104
225.35 3029.25 782.472 1287.36 445.0056
226.55 2886.313 792.831 1188.111 529.61971
227.75 4502.195 1378.814 1879.768 623.4866
228.94 3903.169 1122.204 1555.138 642.3538
230.14 3440.26 919.113 1379.351 547.7912
231.34 2983.498 847.028 1265.702 510.29393
232.54 2754.438 780.549 1133.115 559.86472
233.74 2884.443 805.869 1171.11 569.09646
234.93 2840.809 791.951 1221.947 476.48278
236.13 3267.702 951.574 1439.095 475.08214
237.33 3313.804 930.131 1313.452 621.84828
238.53 2937.84 887.381 1239.073 583.02607
239.72 4682.763 1373.993 1901.015 627.82343
240.92 2304.082 562.676 918.088 489.96813
242.12 4123.548 1152.807 1622.13 632.98335
243.31 2908.377 755.63 1186.695 499.40237
244.51 2409.41 627.0 952.653 547.33453
245.71 4245.225 1278.803 1722.062 669.23064
246.9 5388.91 1688.0 2212.153 706.07467
248.1 3393.706 950.954 1448.759 490.70405
249.3 3212.385 982.33 1398.854 535.39647
250.49 3134.268 893.313 1321.511 523.34541
251.69 3750.613 1049.106 1539.214 551.20625
252.89 3354.714 916.154 1388.919 515.80812
254.08 2218.669 579.204 954.138 437.26815
255.28 3377.471 976.919 1400.072 567.30048
256.47 2341.611 577.666 955.382 467.00267
257.67 3926.893 1159.099 1530.833 744.56298
258.86 4021.458 1172.898 1590.417 682.25951
260.06 3142.445 917.809 1356.442 507.17481
261.26 4867.115 1459.546 1914.546 748.91591
262.45 3285.232 939.063 1294.389 660.28593
263.65 2120.538 565.158 907.488 454.35086
264.84 3803.821 1081.531 1469.771 701.18819
266.04 2654.214 804.154 1217.419 447.66922
267.23 2022.361 487.661 823.556 456.89827
268.42 2564.672 706.584 1015.802 600.90053
269.62 3319.347 882.641 1322.401 554.09889
270.81 3360.58 959.736 1397.256 548.73911
272.01 3252.585 923.056 1333.752 567.21515
273.2 3972.218 1164.034 1567.583 695.87222
274.4 2383.326 664.852 908.767 704.53782
275.59 3696.237 1028.883 1499.385 566.91676
276.78 3326.963 892.718 1361.913 518.81379
277.98 2938.123 772.746 1191.206 517.46371
279.17 3040.345 903.201 1285.069 559.65485
280.37 3102.689 837.985 1198.621 627.975
281.56 2172.648 528.915 926.504 413.42565
282.75 2511.984 617.508 1021.047 469.46527
283.95 2941.625 801.186 1237.537 490.53081
285.14 3129.272 863.193 1247.675 589.38489
286.33 2584.564 700.267 1012.118 604.23015
287.52 3404.011 948.548 1368.358 584.89939
288.72 4031.455 1136.95 1615.434 604.93213
289.91 4816.767 1410.373 1957.179 622.96172
291.1 3608.674 1007.024 1453.634 582.53392
292.29 3408.23 997.623 1395.057 606.54224
293.49 3467.976 1044.239 1446.568 602.42624
294.68 2501.179 729.845 997.629 661.4768
295.87 2978.29 803.102 1201.145 546.47029
297.06 3501.914 940.38 1418.817 535.39658
298.26 1654.478 420.179 733.9 393.43827
299.45 2849.877 789.13 1098.195 666.76898
300.64 3013.4 822.859 1190.661 595.57678
301.83 3064.498 857.028 1294.202 504.94037
303.02 2609.664 630.384 1057.142 463.79459
304.21 3786.101 1123.525 1573.39 591.86092
305.4 3031.076 875.356 1160.092 757.09358
306.59 3413.611 920.166 1316.882 628.52093
307.79 2771.261 803.053 1187.683 511.71411
308.98 2122.26 579.113 932.851 436.23927
310.17 3773.965 966.081 1430.275 604.89511
311.36 3027.612 857.597 1178.563 676.08873
312.55 4850.611 1560.657 2066.731 650.09334
313.74 2181.473 584.359 957.404 428.12849
314.93 3666.557 1009.007 1474.29 571.16821
316.12 2946.055 787.067 1192.958 531.91288
317.31 1714.239 406.823 740.217 392.15355
318.5 2245.473 574.859 920.404 483.47151
319.69 3063.475 830.799 1262.736 516.89791
320.88 2735.11 736.225 1134.55 501.82294
322.07 2469.387 607.271 993.686 481.89436
323.26 2431.783 607.342 935.817 555.42662
324.45 1710.148 447.415 793.504 364.85833
325.64 2954.447 766.749 1195.274 510.51823
326.83 3391.174 996.024 1395.634 599.37311
328.01 2730.588 738.436 1110.916 534.83538
329.2 3462.761 976.053 1403.683 581.50868
330.39 2650.914 727.38 1086.817 535.15229
331.58 2284.501 542.908 969.366 408.38545
332.77 4262.849 1253.081 1742.233 615.30316
333.96 1652.415 448.82 671.648 540.14415
335.15 2103.676 524.964 868.466 459.59433
336.33 2262.501 590.908 878.866 580.49862
337.52 2591.648 719.415 1040.504 583.08946
338.71 2684.882 710.45 1050.191 581.15912
339.9 2438.838 614.932 995.09 479.77526
341.08 2554.419 688.2 1067.812 491.61176
342.27 3242.146 879.475 1376.672 475.19859
343.46 3454.433 1063.729 1446.619 624.38436
344.65 3461.933 897.229 1356.119 558.89323
345.83 3617.021 983.257 1460.668 551.676
347.02 1981.667 470.264 791.306 470.78105
348.21 3605.172 1021.584 1513.302 525.42149
349.4 2031.94 462.989 862.946 392.27953
350.58 2734.188 718.045 1108.789 515.97506
351.77 2206.443 575.369 941.11 445.96414
352.96 1535.996 324.088 698.37 323.79503
354.14 2737.118 619.926 1114.21 428.33518
355.33 2158.877 536.13 920.695 421.96982
356.51 1783.539 387.098 701.82 443.70637
357.7 2792.726 679.734 1173.743 427.72397
358.89 2259.359 511.721 949.225 399.45699
360.07 3501.186 915.105 1399.957 533.37494
361.26 4013.474 1061.79 1572.085 578.42682
362.44 2898.836 733.483 1177.108 488.10504
363.63 2542.843 481.743 950.435 439.75579
364.81 2705.704 531.437 1069.458 404.12326
366.0 1997.643 276.518 729.538 379.92253
367.18 5309.427 1403.392 2092.821 566.56054
368.37 2362.972 529.85 875.253 530.71948
369.55 3219.201 737.065 1246.445 487.28634
370.74 3896.348 911.572 1458.582 545.65312
371.92 4321.355 1158.332 1668.41 620.1065
373.11 2671.068 476.078 1016.963 405.81514
374.29 2325.43 421.772 908.985 390.72386
375.48 2851.446 531.741 1060.623 438.60499
376.66 2461.967 441.53 902.257 438.53193
377.84 4206.972 953.85 1582.253 517.68066
379.03 2399.408 405.051 908.67 396.0053
380.21 2024.771 332.184 747.024 408.00992
381.39 1935.859 266.212 675.074 408.36511
382.58 3729.584 816.548 1409.101 491.60739
383.76 4567.754 1148.784 1715.705 603.07723
384.94 5086.757 1254.164 1936.868 561.38396
386.13 2737.362 426.593 963.237 430.59563
387.31 3318.502 618.339 1185.047 476.46485
388.49 2899.095 474.688 1029.093 437.29901
389.68 3710.852 637.952 1263.246 491.43312
390.86 3808.146 567.466 1204.521 508.69745
392.04 4811.139 982.706 1677.693 550.86409
393.22 3389.646 445.466 1111.021 442.36494
394.41 3285.888 473.202 1085.367 459.46503
395.59 2649.822 193.463 865.952 365.2638
396.77 4015.521 552.689 1295.349 466.27384
397.95 4374.672 637.576 1375.151 506.67336
399.13 5154.551 792.678 1560.643 567.97793
400.31 4236.423 447.511 1233.657 481.96048
401.5 4855.268 626.304 1514.36 476.20463
402.68 5057.859 734.712 1616.074 490.50794
403.86 4123.205 434.445 1296.108 428.09767
405.04 5748.313 807.263 1861.292 468.77718
406.22 4801.327 367.783 1341.448 455.34607
407.4 6175.277 697.013 1747.671 521.41286
408.58 6251.944 814.301 1875.791 512.26483
409.76 6399.24 947.755 2029.398 504.00027
410.94 5633.146 624.466 1721.521 456.55707
412.12 5365.927 502.9 1505.972 484.81349
413.3 5290.789 359.093 1500.994 431.88474
414.48 5443.906 371.111 1363.838 510.99613
415.66 6194.607 445.277 1491.567 549.49666
416.84 8286.936 1233.1 2392.132 608.59755
418.02 6788.06 623.378 1795.303 526.03048
419.2 5870.142 419.586 1512.357 498.78322
420.38 6280.969 583.97 1792.589 471.36416
421.56 6366.196 427.245 1581.949 514.32686
422.74 8216.298 1081.794 2295.154 587.99544
423.92 7888.733 865.995 2097.57 570.22385
425.1 7467.906 464.111 1706.838 563.58288
426.28 7149.16 405.995 1712.327 516.1908
427.46 9766.336 1356.492 2799.259 582.89705
428.63 7337.87 571.861 2000.716 473.52665
429.81 7311.249 687.964 1968.209 517.34512
430.99 7887.754 754.784 2180.705 500.23607
432.17 9297.576 1145.347 2523.941 591.34366
433.35 8737.665 827.316 2288.823 541.24592
434.52 7515.952 155.069 1442.77 571.62997
435.7 8411.311 376.383 1827.128 553.84808
436.88 9366.259 840.104 2306.7 581.35655
438.06 8732.395 552.531 2072.014 538.33188
439.23 8297.729 399.115 1956.406 507.20193
440.41 8876.627 594.126 2298.869 485.85029
441.59 9644.675 828.456 2548.315 512.61293
442.77 9118.479 276.679 1951.4 527.95651
443.94 10964.61 760.657 2663.231 536.32358
445.12 11446.282 769.833 2568.167 593.68577
446.3 12862.553 1093.118 2946.475 635.03331
447.47 12230.433 666.72 2632.968 588.11074
448.65 12182.141 720.646 2715.525 574.54596
449.82 11006.641 500.146 2418.525 547.67574
451.0 11613.285 609.213 2599.83 552.79702
452.18 11915.812 476.823 2644.96 527.59509
453.35 12799.435 530.16 2753.3 551.88956
454.53 13512.193 558.865 2819.285 573.04963
455.7 14374.55 334.238 2713.311 590.15886
456.88 16948.162 945.935 3424.159 645.71357
458.05 16188.813 591.763 3040.792 636.86657
459.23 16149.754 315.784 2806.205 635.79497
460.4 16962.434 580.16 3298.8 602.59088
461.58 17244.838 719.432 3462.09 602.53242
462.75 16262.282 315.333 3204.667 551.92487
463.93 17365.668 628.696 3520.987 578.67523
465.1 18084.701 525.065 3629.945 565.5497
466.28 18080.363 218.101 3243.888 590.33438
467.45 19479.434 146.66 3291.8 614.68732
468.63 21916.52 523.249 3846.018 643.83864
469.8 24019.078 870.287 4222.273 690.59925
470.97 23100.49 405.259 3823.724 663.90132
472.15 23476.154 595.675 4138.332 645.85659
473.32 23636.863 704.601 4322.388 633.87541
474.49 24284.482 859.499 4671.896 614.44239
475.67 23417.775 507.573 4177.839 624.21098
476.84 23277.422 327.08 4088.476 610.1549
478.01 25193.076 636.347 4688.941 605.95086
479.19 26182.006 548.728 4557.862 639.372
480.36 27230.424 309.02 4472.808 646.56039
481.53 29064.604 596.897 4836.903 671.40713
482.7 29447.949 497.129 4733.938 683.31668
483.88 29502.711 275.774 4583.755 678.43695
485.05 29280.662 361.935 4823.659 648.15144
486.22 28916.178 478.405 4938.797 637.56207
487.39 28150.643 333.595 4795.508 623.43324
488.56 28764.164 485.876 5021.991 623.40316
489.74 29787.918 897.2 5619.313 611.81765
490.91 28733.891 242.651 4990.851 600.04297
492.08 29487.664 375.876 5230.491 599.67236
493.25 30986.213 278.714 5092.587 637.89593
494.42 32578.033 476.778 5228.824 675.52491
495.59 33227.918 417.26 5317.48 669.57513
496.76 34433.168 465.756 5367.155 693.01461
497.93 34831.043 610.478 5616.483 683.59023
499.1 34539.77 572.753 5591.843 676.75649
500.27 35174.328 1040.792 6267.099 653.11005
501.44 34816.719 1228.534 6296.083 662.80929
502.61 32180.598 423.137 5408.076 637.06818
503.78 32778.441 629.929 5761.278 626.51189
504.95 34338.219 1123.474 6516.415 615.89299
506.12 33663.734 696.943 5888.053 635.06247
507.29 33502.625 335.186 5433.538 650.55219
508.46 34537.684 32.165 5307.125 654.13798
509.63 39045.684 1258.165 6645.125 701.46273
510.8 40053.332 1179.612 6671.095 707.89113
511.97 38627.336 558.552 5824.426 722.93376
513.14 38130.496 258.528 5792.702 684.32917
514.31 39343.125 785.746 6241.206 706.76681
515.48 37463.879 495.01 6045.359 666.06391
516.65 36759.57 525.087 6124.614 647.09904
517.81 36110.121 355.806 5922.374 642.3045
518.98 37271.453 695.01 6349.102 646.90211
520.15 35931.879 161.13 5858.695 627.82524
521.32 38482.188 703.605 6464.457 655.78114
522.49 42164.734 1502.503 7468.221 681.59829
523.65 42563.973 1158.859 7184.404 687.15958
524.82 42507.773 638.073 6545.839 708.72308
525.99 42141.027 78.517 6017.496 708.24483
527.16 44852.875 631.25 6882.031 707.45763
528.32 45639.801 730.182 7018.969 714.12217
529.49 45194.98 411.619 6654.732 717.32421
530.66 44080.047 114.367 6539.298 684.29801
531.82 44322.602 180.957 6592.071 688.51748
532.99 44215.211 320.274 6997.255 657.40691
534.16 44625.094 444.256 7148.912 658.95763
535.32 46582.855 794.401 7641.229 668.75432
536.49 46205.5 294.408 7207.866 664.08288
537.65 49258.98 1011.059 8080.564 682.47948
538.82 48182.094 321.816 7430.58 673.25744
539.99 51111.359 642.721 8076.725 678.88909
541.15 53403.957 818.39 8357.766 697.47904
542.32 54525.969 147.979 7854.74 705.58806
543.48 58756.141 811.155 8785.676 726.62655
544.65 59135.109 992.785 8917.718 733.66335
545.81 59450.328 1483.292 10133.099 670.1541
546.98 59479.113 503.106 9285.714 671.50903
548.14 59450.328 783.792 9857.099 646.58384
549.31 59457.766 402.873 9415.179 655.26951
550.47 59464.234 469.443 9763.554 634.75458
551.63 59451.621 914.806 10766.874 594.15763
552.8 59431.246 454.584 10034.545 615.62527
553.96 59455.824 459.852 10240.767 603.17437
555.13 59464.883 391.45 10690.69 573.57079
556.29 59477.172 934.084 11394.302 559.67372
557.45 59419.926 274.46 10552.64 575.4469
558.62 59466.5 523.468 11224.534 550.81457
559.78 59479.113 771.606 11627.214 540.80348
560.94 59467.793 371.982 11276.809 541.92344
562.11 59477.496 391.088 11510.37 531.38689
563.27 59467.145 157.975 11361.672 529.37142
564.43 59460.031 32.397 11656.66 511.23788
565.59 59500.461 205.838 12004.749 502.54319
566.76 59430.273 351.073 12192.839 498.90532
567.92 59501.43 571.349 12448.455 496.16531
569.08 59473.293 715.042 13216.978 469.99323
570.24 59425.746 352.024 12896.877 470.90006
571.4 59457.121 226.366 12819.042 470.35876
572.57 59500.781 367.342 13100.317 464.41179
573.73 59471.676 55.524 13072.134 456.46412
574.89 59487.523 452.697 13544.0 450.94692
576.05 59438.039 476.158 13770.987 443.49482
577.21 59443.211 157.714 13514.587 443.85761
578.37 59465.207 18.954 13640.76 436.40508
579.53 59482.672 193.644 13978.47 430.10358
580.69 59472.645 597.535 14724.34 416.76168
581.85 59461.973 351.919 14327.072 422.96533
583.01 59458.414 401.88 14435.816 420.81232
584.17 59453.887 484.83 14656.854 416.09481
585.33 59471.027 572.517 14948.496 409.70087
586.49 59447.742 377.763 14735.049 411.4286
587.65 59449.035 573.278 15187.824 402.85723
588.81 59471.352 566.521 15553.064 393.05148
589.97 59463.266 929.433 15628.847 398.20522
591.13 59425.422 421.02 15287.808 396.88737
592.29 59476.203 336.574 15254.096 396.44406
593.45 59478.145 213.595 14965.508 401.74146
594.61 59428.336 134.052 15178.927 394.11617
595.77 59465.852 196.961 15395.896 389.95422
596.93 59431.891 91.091 14998.683 398.05758
598.09 59446.77 382.753 15545.343 389.53778
599.24 59475.555 138.067 15446.458 387.61413
600.4 59447.742 291.763 15433.549 390.68034
601.56 59459.383 233.39 15322.522 392.50762
602.72 59480.082 368.616 15465.42 391.54954
603.87 59521.16 473.064 15310.146 397.97646
605.03 59480.082 232.116 15238.92 394.80736
606.19 59470.703 148.514 14826.428 404.15954
607.35 59476.203 -3.926 15131.096 392.99665
608.5 59465.527 594.457 15492.328 395.16432
609.66 59483.316 989.651 15859.107 393.38134
610.82 59450.977 146.299 15137.236 395.60353
611.97 59477.172 125.084 14915.802 401.2793
613.13 59492.695 573.754 15514.6 394.3481
614.29 59468.762 496.993 15383.016 396.1553
615.44 59472.969 717.539 15456.908 398.62919
616.6 59482.348 180.141 14843.401 404.42715
617.76 59469.41 663.0 15414.652 398.64286
618.91 59498.195 726.314 15170.268 406.89607
620.07 59473.938 641.049 15204.114 403.98699
621.22 59475.555 17.567 14577.958 408.35433
622.38 59477.172 1061.084 15637.302 400.76301
623.53 59457.121 78.366 14625.542 408.18063
624.69 59482.023 112.137 14268.832 419.37675
625.84 59473.293 217.542 14299.978 420.77772
627.0 59420.25 488.964 14831.709 410.87871
628.15 59478.789 -0.398 14734.646 403.65804
629.31 59439.656 318.175 14728.331 410.27649
630.46 59466.5 -23.532 14344.034 414.05782
631.61 59481.699 374.134 14629.264 414.64066
632.77 59440.949 228.189 14833.106 405.43031
633.92 59458.414 495.38 14691.816 415.33686
635.08 59430.598 949.577 15177.407 411.03259
636.23 59467.793 308.482 14744.809 409.79477
637.38 59468.441 -74.511 14334.446 413.23568
638.54 59447.418 654.76 15135.48 406.00644
639.69 59499.813 936.831 15459.111 403.26299
640.84 59460.465 490.402 14738.753 413.8729
641.99 59461.078 97.409 14039.882 425.77575
643.15 59461.688 816.916 14835.512 418.33555
644.3 59462.297 95.422 14179.142 421.52838
645.45 59462.91 -58.071 14110.771 420.08358
646.6 59463.52 811.436 15075.401 411.19058
647.75 59464.133 161.942 14418.031 415.97798
648.91 59464.742 -136.551 13971.661 422.45815
650.06 59465.352 225.455 14825.291 405.75728
651.21 59465.965 417.462 14565.42 417.36414
652.36 59466.574 450.969 14709.05 413.90988
653.51 59467.184 101.475 14213.68 420.66928
654.66 59467.797 273.982 14861.81 405.7754
655.81 59468.406 651.989 15048.939 408.53385
656.96 59469.016 69.495 14402.569 414.42276
658.11 59469.629 365.002 14800.199 409.44801
659.27 59470.238 531.009 14925.328 409.46173
660.42 59470.848 29.015 14459.958 411.9054
661.57 59471.461 421.022 14835.088 409.67233
662.72 59472.07 -139.971 14611.718 404.10316
663.87 59472.68 -99.965 14122.848 418.85278
665.01 59473.293 316.042 14693.978 411.44468
666.16 59473.902 41.049 14739.607 404.34477
667.31 59474.516 95.555 14982.237 398.87304
668.46 59475.125 760.562 15722.366 392.4297
669.61 59475.734 206.069 15547.996 386.32477
670.76 59476.348 4.575 15214.626 391.00312
671.91 59476.957 769.582 16378.756 376.10815
673.06 59477.566 519.589 16014.886 380.4895
674.21 59478.18 -161.405 15583.016 378.79822
675.35 59478.789 284.102 15720.146 383.48355
676.5 59479.398 167.609 15849.774 378.21173
677.65 59480.012 72.615 15783.904 378.11918
678.8 59480.621 -110.878 15727.034 376.25855
679.94 59481.23 40.629 16048.164 371.32888
681.09 59481.844 370.135 17049.793 354.39401
682.24 59482.453 363.142 17513.924 344.7033
683.39 59483.066 -1.851 17222.553 345.35254
684.53 59483.676 558.155 17196.684 354.15104
685.68 59484.285 214.662 17614.813 340.62707
686.83 59484.898 301.169 17607.443 341.97845
687.97 59485.508 298.175 17622.072 341.65138
689.12 59486.117 178.182 17514.703 342.09825
690.27 59486.73 68.189 17408.832 342.65477
691.41 59487.34 468.195 17969.961 337.21823
692.56 59487.949 358.702 17742.592 340.13818
693.7 59488.563 378.709 17681.721 341.61598
694.85 59489.172 48.215 17192.852 346.70293
695.99 59489.781 398.222 17794.98 339.66994
697.14 59490.395 184.229 17551.111 341.48999
698.28 59491.004 342.735 18251.74 330.2711
699.43 59491.617 391.242 18390.369 328.35134
700.57 59492.227 -74.251 17710.5 334.93006
701.72 59492.836 -50.745 17219.129 344.78295
702.86 59493.449 -107.738 17549.26 337.54995
704.01 59494.059 50.269 17415.389 342.31718
705.15 59494.668 433.275 18332.02 329.97506
706.29 59495.281 126.782 17723.648 337.38108
707.44 59495.891 171.288 18374.777 325.89688
708.58 59496.5 -124.205 17936.408 330.11451
709.72 59497.113 629.302 18731.037 325.20535
710.87 59497.723 -137.192 17783.168 332.77744
712.01 59498.332 0.315 17644.297 337.21423
713.15 59498.945 217.322 18427.928 325.5335
714.3 59499.555 348.828 17921.557 336.60525
715.44 59500.168 92.335 18611.186 320.79655
716.58 59500.777 277.342 18420.816 326.41728
717.72 59501.387 52.848 18398.945 324.03916
718.87 59502.0 240.855 18262.076 328.8409
720.01 59502.609 117.362 18078.205 330.6373
721.15 59503.219 -54.132 17879.836 332.09244
722.29 59503.832 345.875 18022.965 334.65892
723.43 59504.441 498.882 18553.596 326.81526
724.57 59505.051 450.388 18287.225 331.08261
725.72 59505.664 244.895 18067.354 332.50614
726.86 59506.273 678.902 18459.484 330.85177
728.0 59506.883 164.408 17772.113 337.02561
729.14 59507.496 -2.085 17477.244 340.45689
730.28 59508.105 481.422 17805.373 340.72298
731.42 59508.719 10.928 17753.004 335.34853
732.56 59509.328 722.435 18545.133 329.84284
733.7 59509.938 386.942 18597.262 324.66753
734.84 59510.551 -127.052 17331.393 341.59746
735.98 59511.16 148.955 17932.521 333.80371
737.12 59511.77 -3.038 17789.152 334.49961
738.26 59512.383 17.468 17486.281 340.57789
739.4 59512.992 228.475 17917.912 335.14078
740.53 59513.602 407.482 18162.541 332.89734
741.67 59514.215 273.488 17733.67 339.29044
742.81 59514.824 -222.505 17185.301 343.16404
743.95 59515.434 241.002 17969.93 334.33737
745.09 59516.047 19.508 17370.561 342.89873
746.23 59516.656 399.515 17605.189 343.59095
747.36 59517.27 453.522 17477.32 346.94811
748.5 59517.879 60.028 17069.949 349.54807
749.64 59518.488 25.035 17006.078 350.35217
750.78 59519.102 -5.458 16833.209 353.49923
751.92 59519.711 74.548 16909.838 353.09854
753.05 59520.32 155.555 16258.969 368.64708
754.19 59520.934 635.562 16783.098 364.67094
755.33 59521.543 -151.932 16117.228 366.78893
756.46 59522.152 245.075 16057.357 374.87995
757.6 59522.766 82.082 15697.487 380.65411
758.74 59523.375 562.088 16315.617 374.27352
759.87 59523.984 244.595 16092.247 374.05786
761.01 59524.598 271.102 15563.377 387.47338
762.14 59525.207 234.608 15825.006 380.30203
763.28 59525.82 408.115 15272.136 397.72351
764.41 59526.43 249.121 15157.766 397.60362
765.55 59527.039 -123.872 14748.896 401.07473
766.69 59527.652 289.635 15202.025 397.24025
767.82 59528.262 266.641 15014.155 401.84143
768.95 59528.871 26.148 14525.285 410.38803
770.09 59529.484 737.655 15281.915 404.22702
771.22 59530.094 661.661 15275.044 402.83919
772.36 59530.703 504.168 14678.674 416.42747
773.49 59531.316 489.175 14838.804 411.45414
774.63 59531.926 196.181 14003.434 429.74332
775.76 59532.535 154.688 13969.563 429.81095
776.89 59533.148 428.195 14067.693 433.3367
778.03 59533.758 360.201 13450.823 452.03014
779.16 59534.371 8.708 13358.952 445.87696
780.29 59534.98 308.215 13035.582 465.3497
781.43 59535.59 606.221 13093.712 471.90721
782.56 59536.203 315.228 13181.842 460.26854
783.69 59536.813 11.735 12475.972 477.56696
784.82 59537.422 233.241 12821.602 471.1033
785.96 59538.035 116.748 12587.731 476.47635
787.09 59538.645 204.255 12186.361 495.19164
788.22 59539.254 394.261 12237.99 499.37814
789.35 59539.867 157.768 11739.62 512.71678
790.48 59540.477 142.275 12009.25 500.53363
791.62 59541.086 580.281 11944.38 518.83398
792.75 59541.699 5.288 11194.01 532.11093
793.88 59542.309 737.795 11788.14 532.15093
795.01 59542.922 353.801 11355.77 537.98665
796.14 59543.531 404.808 11514.898 532.29741
797.27 59544.141 493.815 11487.528 537.12811
798.4 59544.754 283.321 10909.158 557.71073
799.53 59545.363 -4.672 10310.788 577.28918
800.66 59545.973 316.335 10739.418 568.25448
801.79 59546.586 1276.841 11846.548 551.29009
802.92 59547.195 199.848 10216.178 592.50592
804.05 59547.805 381.855 10327.308 594.90452
805.18 59548.418 290.861 10017.937 609.2022
806.31 59549.027 215.868 9756.066 621.92793
807.44 59505.137 -64.625 9580.196 617.63466
808.57 59550.25 400.381 10089.826 610.45673
809.69 59550.859 400.888 9940.456 620.04873
810.82 59071.473 -163.605 9102.586 639.26025
811.95 59552.082 988.401 10112.216 641.87714
813.08 57887.691 103.908 8928.345 654.81554
814.21 59059.805 1064.915 10169.975 636.95231
815.33 56085.414 282.921 9203.104 625.57563
816.46 53744.023 308.928 9013.734 613.85736
817.59 56397.137 847.435 9490.864 642.68125
818.72 54906.746 504.441 8670.494 666.20073
819.84 55705.855 896.448 9116.124 666.80738
820.97 52175.469 446.454 8550.754 638.29101
822.1 52553.578 593.961 8538.383 654.03901
823.22 51668.188 -30.532 7767.513 662.97028
824.35 49144.301 92.474 7844.143 632.79059
825.48 49923.41 574.481 7850.272 678.26202
826.6 48132.523 310.488 7455.902 669.26888
827.73 47615.133 -144.506 7245.032 646.31433
828.85 49390.742 268.501 7361.662 692.52967
829.98 49921.855 610.008 7638.292 701.62005
831.11 46157.465 70.014 6945.921 670.27449
832.23 45401.574 81.521 6962.051 658.67099
833.36 46928.188 524.528 7592.181 656.56393
834.48 42462.297 259.034 6894.811 635.99587
835.6 43633.906 482.041 7014.94 660.53161
836.73 42879.02 -7.952 6711.07 638.29187
837.85 44028.629 535.054 6989.7 673.83369
838.98 42106.238 -104.439 6228.33 666.54382
840.1 42612.352 458.568 6766.959 668.21765
841.23 41107.461 371.074 6570.589 657.08995
842.35 43771.574 720.581 7111.219 673.65723
843.47 41008.684 248.588 6354.849 667.51317
844.6 38031.793 26.594 6149.978 620.65682
845.72 38788.906 155.101 6077.608 652.32183
846.84 38576.016 134.608 5955.738 660.37706
847.96 39212.125 139.114 5813.368 688.6018
849.09 38172.238 58.121 5820.497 661.43058
850.21 38002.848 232.628 5935.127 662.34502
851.33 37354.957 385.134 5976.757 661.16449
852.45 36270.07 25.141 5610.387 648.94064
853.57 36858.18 232.148 5832.016 654.05165
854.7 35993.789 67.654 5477.146 664.13143
855.82 34719.402 -0.339 5659.776 613.41054
856.94 36295.512 485.168 5827.405 670.3248
858.06 34933.621 -64.326 5132.035 673.50878
859.18 34162.734 425.181 5653.165 645.32624
860.3 34108.844 244.688 5345.295 663.924
861.42 33357.957 -89.306 5013.424 655.4778
862.54 32278.066 -65.799 4962.554 643.22977
863.66 31065.678 50.708 4975.184 629.81253
864.78 33706.289 186.714 5073.814 685.87867
865.9 33241.398 244.221 5222.943 662.76395
867.02 35403.508 1277.228 6443.073 660.61362
868.14 35150.121 879.234 5701.203 710.72393
869.26 32330.73 575.741 5163.833 692.11752
870.38 29584.342 -90.252 4456.962 652.58834
871.5 28321.953 -94.746 4453.592 624.77103
872.62 29413.563 69.761 4578.222 650.86067
873.74 29309.174 699.268 5511.852 594.48118
874.85 28818.979 40.271 4430.417 655.52968
875.97 29947.979 286.271 4564.417 693.33094
877.09 28963.979 373.271 4811.917 644.13134
878.21 27723.479 220.771 4370.917 662.69259
879.33 28655.979 334.771 4641.417 657.61639
880.44 28572.479 254.771 4375.417 687.2153
881.56 27072.479 111.271 4114.417 673.50054
882.68 28219.979 256.271 4367.917 680.10986
883.79 29680.479 826.771 4988.417 693.32446
884.91 26227.479 -58.229 3702.917 698.87498
886.03 26821.479 456.271 4455.417 659.271
887.14 27419.479 659.271 4800.417 646.203
888.26 29061.979 777.271 4809.917 701.39333
889.38 27810.479 636.271 4577.417 689.50021
890.49 25385.479 -89.729 4014.417 620.71886
891.61 26923.979 307.771 4176.917 687.90917
892.72 25320.979 -13.229 4058.417 622.21048
893.84 25342.479 -99.229 3906.917 635.06693
894.95 26250.979 -87.229 3941.917 653.69208
896.07 26849.979 152.271 4075.417 680.51784
897.18 26562.979 384.271 4307.417 667.2887
898.3 25300.979 -41.229 3881.917 645.96648
899.41 26951.479 577.271 4446.917 681.56647
900.53 25843.479 335.771 4029.417 690.58346
901.64 26685.479 462.271 4350.417 674.43995
902.75 24657.479 262.771 4055.917 643.126
903.87 24953.979 116.771 3876.417 660.62625
904.98 25322.479 403.771 4044.917 684.36444
906.09 24110.979 235.771 3943.917 643.85836
907.21 24897.979 438.771 3919.917 702.61943
908.32 23732.979 198.271 3488.417 715.30893
909.43 23871.979 650.771 3977.917 697.93175
910.54 21685.479 280.271 3820.917 604.55658
911.66 24511.979 1160.771 4581.417 682.65498
912.77 20794.479 85.771 3214.417 661.9064
913.88 21859.979 300.271 3645.417 644.50724
914.99 21656.979 69.271 3371.417 653.74784
916.1 20597.979 349.771 3617.417 619.65734
917.22 20882.479 58.771 2918.417 728.19182
918.33 21473.979 688.771 3724.917 684.59185
919.44 20090.979 270.271 3384.417 636.47331
920.55 21966.979 660.771 3674.417 706.99107
921.66 19113.479 428.771 3272.917 656.9532
922.77 19449.979 488.271 3282.417 678.62267
923.88 19149.479 623.271 3542.917 634.53611
924.99 19296.479 373.771 3227.417 663.10637
926.1 18338.479 -11.229 2623.917 696.34503
927.21 18780.979 652.771 3484.417 640.20037
928.32 16295.479 -84.729 2456.417 644.5993
929.43 16896.979 251.771 2756.917 664.44064
930.54 17010.479 111.271 2439.417 725.86549
931.65 17149.979 266.271 2607.917 721.01882
932.76 16512.479 381.771 2750.917 680.86595
933.86 15830.979 302.271 2464.417 718.20818
934.97 14408.479 113.771 2305.417 652.23623
936.08 13606.979 164.771 2138.417 681.08512
937.19 13771.479 708.271 2768.917 633.93757
938.3 12502.479 472.271 2273.917 667.73435
939.4 12664.979 674.771 2431.417 682.56263
940.51 10687.479 305.271 1864.417 665.89082
941.62 10267.479 503.771 1984.417 659.42231
942.73 11872.979 1102.771 2513.917 763.22433
943.83 9612.979 302.771 1592.417 721.91983
944.94 9050.479 338.271 1721.417 629.88361
946.05 8590.479 -35.729 1180.417 709.30712
947.15 8098.979 -25.729 1255.417 634.17514
948.26 8815.479 228.771 1623.917 615.47035
949.36 8400.979 98.271 1469.917 605.30997
950.47 9508.479 326.771 1819.917 614.92379
951.57 11061.479 844.771 2349.917 678.78526
952.68 10576.979 568.771 1976.417 710.98913
953.79 10091.479 439.271 2026.417 608.14884
954.89 9404.479 121.771 1668.417 600.18323
955.99 10620.479 391.271 2152.917 580.66202
957.1 9853.479 230.271 1637.417 683.88142
958.2 10572.479 271.271 1806.417 671.02478
959.31 11269.479 455.771 2090.917 661.32989
960.41 9631.479 130.271 1642.917 628.11854
961.52 9157.479 10.271 1452.917 634.05783
962.62 10991.979 493.771 1946.917 722.44704
963.72 9157.979 -50.729 1492.417 596.7491
964.83 9127.979 -70.729 1396.917 626.76626
965.93 10124.979 341.771 1883.917 634.38935
967.03 11005.979 714.271 2232.917 677.68981
968.13 10089.479 466.771 1975.417 637.83751
969.24 9460.979 175.771 1604.417 649.93077
970.34 9533.479 206.771 1605.917 666.6002
971.44 9267.979 265.771 1650.417 650.14524
972.54 9607.979 346.771 1881.917 603.27877
973.64 8543.479 142.271 1643.917 559.46673
974.75 11263.479 1069.771 2472.917 726.48958
975.85 17147.979 3162.271 4867.417 820.206
976.95 8539.979 189.771 1479.917 647.22985
978.05 9354.979 525.771 1934.917 626.56459
979.15 10349.979 896.271 2298.917 673.99109
980.25 7957.479 99.771 1282.917 664.13693
981.35 7836.979 179.271 1406.417 624.02595
982.45 9903.979 891.771 2297.417 641.14358
983.55 8198.979 462.771 1760.417 596.1726
984.65 7977.979 418.271 1628.917 624.43601
985.75 8656.979 675.271 1828.917 691.86821
986.85 7849.479 372.271 1638.417 590.54876
987.95 7263.479 185.271 1345.917 609.85084
989.05 9187.479 783.271 2071.417 652.42675
990.15 8048.979 628.271 1710.417 685.74014
991.25 6723.979 443.271 1513.917 586.62802
992.34 8353.479 835.771 1982.917 655.34029
993.44 7279.979 478.271 1473.917 683.14538
994.54 7243.479 386.771 1334.417 723.5518
995.64 7384.479 731.271 1754.417 650.2698
996.74 7900.979 789.271 1829.917 683.39373
997.83 5545.979 73.771 1008.417 585.48467
998.93 6364.479 315.271 1299.917 614.35374
1000.03 8571.979 1230.771 2285.917 695.75296
1001.12 7627.479 704.771 1735.417 671.68644
1002.22 7348.479 729.271 1828.417 602.21384
1003.32 5625.979 272.271 1190.917 582.78264
1004.41 6001.479 467.271 1408.417 588.02879
1005.51 5805.979 402.771 1217.917 662.85176
1006.6 4761.979 188.771 987.917 572.26201
1007.7 6158.479 624.271 1470.917 653.66274
1008.8 4410.979 103.271 755.917 660.03762
1009.89 5562.979 577.771 1331.917 661.04036
1010.99 5078.479 384.771 1149.417 613.84085
1012.08 4209.479 47.271 826.417 534.20141
1013.18 5286.479 394.271 1240.917 577.83411
1014.27 5126.479 202.271 1009.417 610.07662
1015.36 5255.479 334.271 1124.417 622.82281
1016.46 5559.979 402.771 1194.917 651.04281
1017.55 4780.979 148.271 862.917 648.25229
1018.65 5435.479 496.771 1208.917 693.49679
1019.74 5499.979 586.771 1441.917 574.54625
1020.83 5308.979 505.271 1239.417 654.32619
1021.93 4519.479 280.271 1081.417 529.14317
1023.02 3631.979 38.271 740.917 511.45373
1024.11 3646.979 63.771 754.417 518.81994
1025.2 3549.479 88.271 722.417 545.80636
1026.3 4412.979 454.271 1131.917 584.18546
1027.39 4847.979 597.771 1268.417 633.74856
1028.48 4385.979 486.771 1072.417 665.79634
1029.57 3923.479 312.771 901.917 612.87174
1030.66 4237.979 451.771 1035.417 648.71679
1031.75 6924.979 1483.271 2155.917 809.00045
1032.84 4546.979 652.771 1237.417 666.07989
1033.94 3036.979 161.271 678.417 556.07299
1035.03 4387.979 773.771 1262.917 738.88156
1036.12 2831.479 90.271 614.917 522.48739
1037.21 2647.479 66.771 609.417 475.57876
1038.3 3907.979 522.771 1049.417 642.78655
1039.39 2401.979 153.271 549.417 567.64658
1040.48 3446.479 455.771 904.417 666.60785
1041.57 3683.479 616.271 1021.917 756.12958
1042.66 3197.979 441.771 862.917 654.45461
1043.74 3369.979 508.271 928.417 681.12263
1044.83 3445.979 543.271 974.917 672.4745
1045.92 2003.979 45.771 481.917 448.98018
1047.01 3481.979 617.771 1054.417 655.95692
1048.1 2003.979 96.771 402.417 623.99292
1049.19 2963.979 502.271 822.417 768.93343
1050.27 2484.979 342.271 705.417 590.04074
1051.36 2626.979 305.271 681.417 617.23622
1052.45 2935.479 469.771 875.417 607.84757
1053.54 2635.479 466.771 758.417 743.61026
1054.62 3033.979 525.271 900.417 668.72878
1055.71 2720.979 467.771 822.917 634.44595
1056.8 3484.479 688.271 1055.917 760.57127
1057.88 2330.979 328.771 652.417 618.64178
1058.97 2676.979 458.771 804.417 641.75758
1060.06 3776.479 834.771 1296.917 636.53253
1061.14 2177.479 367.771 664.417 610.05689
1062.23 5765.979 1608.271 2089.917 863.22926
1063.31 2707.479 547.271 887.917 634.15077
1064.4 1944.979 279.271 610.417 503.0135
1065.48 2305.479 526.771 738.917 838.4365
1066.57 2035.979 362.771 691.917 508.3486
1067.65 2517.479 543.771 885.417 577.70592
1068.74 1956.479 357.271 635.417 574.95315
1069.82 2303.979 544.271 856.417 563.74554
1070.9 7131.979 2151.771 2635.417 1029.7218
1071.99 2481.979 561.771 908.917 553.14166
1073.07 2461.979 491.771 826.917 587.86598
1074.15 2542.979 576.771 914.417 582.32858
1075.24 2178.979 526.771 764.417 695.23969
1076.32 2415.479 625.771 880.417 702.82248
1077.4 3611.479 963.771 1324.417 734.15754
1078.49 1498.979 218.271 494.417 463.7797
1079.57 2716.479 655.271 905.917 822.35881
1080.65 3285.979 866.771 1207.917 709.14206
1081.73 2052.979 382.771 651.417 621.71385
1082.81 1381.979 238.271 479.917 473.29942
1083.89 2294.979 548.771 799.417 696.68349
1084.98 2339.479 533.271 847.417 574.95851
1086.06 1368.979 267.771 470.917 542.07776
1087.14 1460.979 283.771 487.417 578.06653
1088.22 2134.479 524.771 765.417 668.91171
1089.3 1393.479 261.771 458.417 575.50591
1090.38 3863.479 1101.771 1433.417 832.7284
1091.46 2282.479 598.771 838.417 702.58186
1092.54 1801.979 405.771 657.917 553.73044
1093.62 1867.979 412.771 674.917 555.114
1094.7 1143.479 186.271 429.417 393.67663
1095.78 1982.479 490.771 699.917 713.23831
1096.86 2079.979 545.771 843.917 514.58315
1097.93 4088.979 1146.271 1458.417 942.73536
1099.01 2876.979 802.271 1099.917 697.03935
1100.09 1459.479 334.271 492.917 709.2581
