196.55 1308.914 972.948 0.0 335.96643
197.76 1973.189 1427.472 0.0 545.7179
198.96 1801.613 1340.45 0.0 461.16248
200.16 1159.073 796.077 0.0 362.99542
201.36 2069.043 1587.379 0.0 481.66443
202.56 1426.399 990.115 0.0 436.28394
203.76 1173.074 849.94 0.0 323.13464
204.96 1339.75 932.264 0.0 407.48553
206.16 952.12 712.367 0.0 239.75372
207.36 1646.418 1181.173 0.0 465.245
208.56 1433.317 1052.507 0.0 380.81042
209.76 932.533 637.704 0.0 294.82831
210.96 1242.432 888.539 0.0 353.89362
212.16 2550.593 2056.997 0.0 493.5957
213.36 1525.315 1126.644 0.0 398.67114
214.56 1316.529 890.479 0.0 426.04968
215.76 2297.074 1834.94 0.0 462.13464
216.96 1995.293 1568.862 0.0 426.43127
218.16 1395.038 985.792 0.0 409.24628
219.35 1115.518 716.838 0.0 398.67975
220.55 1297.595 872.359 0.0 425.23523
221.75 1192.451 810.596 0.0 381.8548
222.95 1954.929 1461.314 0.0 493.61499
224.15 1515.208 1090.029 0.0 425.17908
225.35 1171.003 782.472 0.0 388.53107
226.55 1110.992 792.831 0.0 318.16119
227.75 1818.429 1378.814 0.0 439.61499
228.94 1528.033 1122.204 0.0 405.82825
230.14 1399.2 919.113 0.0 480.08783
231.34 1117.894 847.028 0.0 270.86584
232.54 1090.47 780.549 0.0 309.92133
233.74 1207.319 805.869 0.0 401.44971
234.93 1112.427 791.951 0.0 320.47559
236.13 1379.56 951.574 0.0 427.98615
237.33 1346.078 930.131 0.0 415.94733
238.53 1188.171 887.381 0.0 300.79065
239.72 1847.266 1373.993 0.0 473.27344
240.92 857.43 562.676 0.0 294.75433
242.12 1574.903 1152.807 0.0 422.09656
243.31 1100.764 755.63 0.0 345.13403
244.51 978.292 627.0 0.0 351.29193
245.71 1671.39 1278.803 0.0 392.58716
246.9 2142.792 1688.0 0.0 454.79199
248.1 1348.626 950.954 0.0 397.67169
249.3 1314.178 982.33 0.0 331.84802
250.49 1245.615 893.313 0.0 352.30182
251.69 1432.675 1049.106 0.0 383.56934
252.89 1364.04 916.154 0.0 447.88568
254.08 822.033 579.204 0.0 242.82831
255.28 1340.998 976.919 0.0 364.07916
256.47 909.892 577.666 0.0 332.22656
257.67 1467.963 1159.099 0.0 308.86414
258.86 1589.735 1172.898 0.0 416.83691
260.06 1214.602 917.809 0.0 296.79248
261.26 1899.458 1459.546 0.0 439.91223
262.45 1278.522 939.063 0.0 339.45837
263.65 839.053 565.158 0.0 273.8949
264.84 1459.407 1081.531 0.0 377.87512
266.04 1082.04 804.154 0.0 277.88568
267.23 834.065 487.661 0.0 346.40414
268.42 959.598 706.584 0.0 253.01385
269.62 1336.803 882.641 0.0 454.1618
270.81 1350.648 959.736 0.0 390.91156
272.01 1295.996 923.056 0.0 372.93994
273.2 1624.105 1164.034 0.0 460.07129
274.4 1015.255 664.852 0.0 350.4035
275.59 1426.37 1028.883 0.0 397.48682
276.78 1251.584 892.718 0.0 358.86536
277.98 1135.872 772.746 0.0 363.12616
279.17 1283.52 903.201 0.0 380.31903
280.37 1230.427 837.985 0.0 392.44165
281.56 855.985 528.915 0.0 327.06995
282.75 963.131 617.508 0.0 345.62366
283.95 1157.655 801.186 0.0 356.46893
285.14 1289.18 863.193 0.0 425.98737
286.33 1046.448 700.267 0.0 346.18152
287.52 1349.156 948.548 0.0 400.60815
288.72 1595.299 1136.95 0.0 458.34924
289.91 1941.832 1410.373 0.0 531.45898
291.1 1439.381 1007.024 0.0 432.35669
292.29 1286.739 997.623 0.0 289.1156
293.49 1343.346 1044.239 0.0 299.10754
294.68 970.73 729.845 0.0 240.88501
295.87 1102.662 803.102 0.0 299.56012
297.06 1378.357 940.38 0.0 437.97748
298.26 679.629 420.179 0.0 259.45035
299.45 1122.264 789.13 0.0 333.13403
300.64 1121.595 822.859 0.0 298.73523
301.83 1186.394 857.028 0.0 329.36584
303.02 972.684 630.384 0.0 342.29993
304.21 1519.195 1123.525 0.0 395.6698
305.4 1235.582 875.356 0.0 360.22595
306.59 1302.392 920.166 0.0 382.22656
307.79 1209.983 803.053 0.0 406.9306
308.98 916.2 579.113 0.0 337.08783
310.17 1404.842 966.081 0.0 438.76111
311.36 1206.021 857.597 0.0 348.42444
312.55 1966.239 1560.657 0.0 405.58167
313.74 916.781 584.359 0.0 332.422
314.93 1432.317 1009.007 0.0 423.31049
316.12 1114.534 787.067 0.0 327.46765
317.31 709.153 406.823 0.0 302.32956
318.5 881.781 574.859 0.0 306.922
319.69 1252.563 830.799 0.0 421.76477
320.88 1028.109 736.225 0.0 291.88379
322.07 918.461 607.271 0.0 311.1908
323.26 919.031 607.342 0.0 311.68896
324.45 685.485 447.415 0.0 238.06995
325.64 1090.885 766.749 0.0 324.13531
326.83 1316.881 996.024 0.0 320.85669
328.01 1083.562 738.436 0.0 345.12549
329.2 1372.983 976.053 0.0 396.9306
330.39 1061.857 727.38 0.0 334.47748
331.58 882.96 542.908 0.0 340.05151
332.77 1705.085 1253.081 0.0 452.00464
333.96 716.14 448.82 0.0 267.32025
335.15 853.664 524.964 0.0 328.69946
336.33 905.96 590.908 0.0 315.05151
337.52 1088.485 719.415 0.0 369.07001
338.71 1084.613 710.45 0.0 374.16241
339.9 999.735 614.932 0.0 384.80304
341.08 1059.206 688.2 0.0 371.00586
342.27 1282.202 879.475 0.0 402.72723
343.46 1516.622 1063.729 0.0 452.89307
344.65 1344.122 897.229 0.0 446.89307
345.83 1469.224 983.257 0.0 485.96704
347.02 764.75 470.264 0.0 294.4855
348.21 1468.598 1021.584 0.0 447.01385
349.4 831.753 462.989 0.0 368.76419
350.58 1082.144 718.045 0.0 364.099
351.77 981.319 575.369 0.0 405.94977
352.96 661.611 324.088 0.0 337.5231
354.14 1052.023 619.926 0.0 432.09778
355.33 922.764 536.13 0.0 386.63409
356.51 746.335 387.098 0.0 359.2377
357.7 1150.02 679.734 0.0 470.2851
358.89 912.282 511.721 0.0 400.56134
360.07 1382.361 915.105 0.0 467.25623
361.26 1548.41 1061.79 0.0 486.62
362.44 1215.299 733.483 0.0 481.81531
363.63 958.93 481.743 0.0 477.18649
364.81 1020.819 531.437 0.0 489.38196
366.0 726.612 276.518 0.0 450.09464
367.18 2122.967 1403.392 0.0 719.57495
368.37 980.627 529.85 0.0 450.7771
369.55 1328.906 737.065 0.0 591.84119
370.74 1448.932 911.572 0.0 537.3598
371.92 1787.063 1158.332 0.0 628.73083
373.11 1092.144 476.078 0.0 616.06509
374.29 1038.032 421.772 0.0 616.26047
375.48 1098.231 531.741 0.0 566.49036
376.66 948.779 441.53 0.0 507.24872
377.84 1598.627 953.85 0.0 644.77716
379.03 1009.355 405.051 0.0 604.30423
380.21 865.027 332.184 0.0 532.84247
381.39 748.129 266.212 0.0 481.91647
382.58 1543.343 816.548 0.0 726.79498
383.76 1936.198 1148.784 0.0 787.41455
384.94 1991.264 1254.164 0.0 737.1001
386.13 1135.195 426.593 0.0 708.60199
387.31 1383.089 618.339 0.0 764.74939
388.49 1222.04 474.688 0.0 747.35175
389.68 1451.998 637.952 0.0 814.04523
390.86 1518.049 567.466 0.0 950.58228
392.04 1871.417 982.706 0.0 888.71112
393.22 1349.049 445.466 0.0 903.58231
394.41 1347.091 473.202 0.0 873.88867
395.59 1144.036 193.463 0.0 950.573
396.77 1655.854 552.689 0.0 1103.16492
397.95 1782.445 637.576 0.0 1144.86896
399.13 2033.315 792.678 0.0 1240.63715
400.31 1717.901 447.511 0.0 1270.38928
401.5 1995.461 626.304 0.0 1369.15686
402.68 2097.629 734.712 0.0 1362.91644
403.86 1771.972 434.445 0.0 1337.52679
405.04 2341.622 807.263 0.0 1534.35919
406.22 1819.384 367.783 0.0 1451.60138
407.4 2311.529 697.013 0.0 1614.51575
408.58 2529.948 814.301 0.0 1715.64758
409.76 2625.782 947.755 0.0 1678.0274
410.94 2300.049 624.466 0.0 1675.5824
412.12 2314.62 502.9 0.0 1811.71967
413.3 2169.509 359.093 0.0 1810.41516
414.48 2108.573 371.111 0.0 1737.46149
415.66 2331.173 445.277 0.0 1885.89609
416.84 3234.534 1233.1 0.0 2001.43372
418.02 2581.729 623.378 0.0 1958.35101
419.2 2413.983 419.586 0.0 1994.39682
420.38 2655.562 583.97 0.0 2071.59161
421.56 2534.058 427.245 0.0 2106.81284
422.74 3327.923 1081.794 0.0 2246.12927
423.92 3042.651 865.995 0.0 2176.65625
425.1 2694.573 464.111 0.0 2230.46149
426.28 2563.965 405.995 0.0 2157.96942
427.46 3759.452 1356.492 0.0 2402.96021
428.63 2826.979 571.861 0.0 2255.1181
429.81 3026.85 687.964 0.0 2338.88617
430.99 3129.198 754.784 0.0 2374.41467
432.17 3555.428 1145.347 0.0 2410.08118
433.35 3365.313 827.316 0.0 2537.99792
434.52 2735.733 155.069 0.0 2580.66367
435.7 3008.556 376.383 0.0 2632.17358
436.88 3544.547 840.104 0.0 2704.44293
438.06 3267.093 552.531 0.0 2714.56183
439.23 3300.585 399.115 0.0 2901.47067
440.41 3592.938 594.126 0.0 2998.81158
441.59 3934.51 828.456 0.0 3106.05469
442.77 3600.129 276.679 0.0 3323.45035
443.94 4172.239 760.657 0.0 3411.58191
445.12 4288.377 769.833 0.0 3518.54425
446.3 4704.598 1093.118 0.0 3611.4801
447.47 4534.468 666.72 0.0 3867.74792
448.65 4737.2 720.646 0.0 4016.55389
449.82 4387.2 500.146 0.0 3887.05392
451.0 4768.443 609.213 0.0 4159.22961
452.18 4803.339 476.823 0.0 4326.51627
453.35 5057.251 530.16 0.0 4527.09106
454.53 5149.492 558.865 0.0 4590.62726
455.7 5187.532 334.238 0.0 4853.29425
456.88 6077.748 945.935 0.0 5131.81207
458.05 5659.122 591.763 0.0 5067.35895
459.23 5456.698 315.784 0.0 5140.91443
460.4 6032.751 580.16 0.0 5452.59106
461.58 6359.235 719.432 0.0 5639.80292
462.75 6090.877 315.333 0.0 5775.54425
463.93 6611.879 628.696 0.0 5983.18323
465.1 6765.906 525.065 0.0 6240.84106
466.28 6460.348 218.101 0.0 6242.24692
467.45 6502.751 146.66 0.0 6356.09108
468.63 7064.071 523.249 0.0 6540.82227
469.8 7587.711 870.287 0.0 6717.42407
470.97 7077.109 405.259 0.0 6671.84976
472.15 7289.616 595.675 0.0 6693.94092
473.32 7707.848 704.601 0.0 7003.24695
474.49 7857.978 859.499 0.0 6998.47858
475.67 7744.246 507.573 0.0 7236.6731
476.84 7453.771 327.08 0.0 7126.69141
478.01 8128.428 636.347 0.0 7492.08093
479.19 7878.308 548.728 0.0 7329.5799
480.36 7811.054 309.02 0.0 7502.03409
481.53 8146.607 596.897 0.0 7549.71075
482.7 8008.45 497.129 0.0 7511.32077
483.88 7786.474 275.774 0.0 7510.70007
485.05 7950.248 361.935 0.0 7588.3121
486.22 7976.947 478.405 0.0 7498.54227
487.39 7915.137 333.595 0.0 7581.54175
488.56 7973.031 485.876 0.0 7487.15524
489.74 8401.206 897.2 0.0 7504.0061
490.91 7772.027 242.651 0.0 7529.37625
492.08 7735.531 375.876 0.0 7359.65524
493.25 7501.257 278.714 0.0 7222.54276
494.42 7686.987 476.778 0.0 7210.20926
495.59 7538.923 417.26 0.0 7121.66293
496.76 7500.596 465.756 0.0 7034.84058
497.93 7600.401 610.478 0.0 6989.9231
499.1 7559.397 572.753 0.0 6986.64459
500.27 8044.538 1040.792 0.0 7003.74646
501.44 8080.605 1228.534 0.0 6852.07129
502.61 7063.976 423.137 0.0 6640.83957
503.78 7282.036 629.929 0.0 6652.10693
504.95 7915.888 1123.474 0.0 6792.41394
506.12 7130.587 696.943 0.0 6433.6441
507.29 6640.155 335.186 0.0 6304.96893
508.46 6280.578 32.165 0.0 6248.41342
509.63 7789.578 1258.165 0.0 6531.41345
510.8 7625.386 1179.612 0.0 6445.77441
511.97 6590.169 558.552 0.0 6031.61761
513.14 6394.894 258.528 0.0 6136.36609
514.31 6901.372 785.746 0.0 6115.62628
515.48 6556.33 495.01 0.0 6061.31976
516.65 6373.297 525.087 0.0 5848.20978
517.81 6278.089 355.806 0.0 5922.28308
518.98 6609.516 695.01 0.0 5914.50659
520.15 5884.264 161.13 0.0 5723.13393
521.32 6518.861 703.605 0.0 5815.2561
522.49 7360.304 1502.503 0.0 5857.8009
523.65 6889.281 1158.859 0.0 5730.42212
524.82 6211.246 638.073 0.0 5573.1731
525.99 5501.355 78.517 0.0 5422.83809
527.16 6404.199 631.25 0.0 5772.94861
528.32 6321.142 730.182 0.0 5590.95978
529.49 5962.912 411.619 0.0 5551.29324
530.66 5518.12 114.367 0.0 5403.75359
531.82 5629.824 180.957 0.0 5448.86758
532.99 5925.474 320.274 0.0 5605.20007
534.16 5898.41 444.256 0.0 5454.15375
535.32 6332.934 794.401 0.0 5538.53308
536.49 5750.459 294.408 0.0 5456.05142
537.65 6629.695 1011.059 0.0 5618.63593
538.82 5700.627 321.816 0.0 5378.8111
539.99 6070.782 642.721 0.0 5428.0611
541.15 6330.582 818.39 0.0 5512.19189
542.32 5683.215 147.979 0.0 5535.23627
543.48 6432.354 811.155 0.0 5621.19861
544.65 6491.326 992.785 0.0 5498.54077
545.81 7574.538 1483.292 0.0 6091.24646
546.98 6507.175 503.106 0.0 6004.06927
548.14 6841.538 783.792 0.0 6057.7464
549.31 6395.832 402.873 0.0 5992.95877
550.47 6612.587 469.443 0.0 6143.14407
551.63 7133.589 914.806 0.0 6218.78308
552.8 6585.284 454.584 0.0 6130.70059
553.96 6542.255 459.852 0.0 6082.40375
555.13 6672.113 391.45 0.0 6280.66241
556.29 7392.098 934.084 0.0 6458.01373
557.45 6525.837 274.46 0.0 6251.37677
558.62 6909.177 523.468 0.0 6385.70874
559.78 7093.175 771.606 0.0 6321.56927
560.94 6781.728 371.982 0.0 6409.74591
562.11 6740.111 391.088 0.0 6349.02292
563.27 6499.202 157.975 0.0 6341.2271
564.43 6450.921 32.397 0.0 6418.52392
565.59 6591.518 205.838 0.0 6385.67976
566.76 6877.246 351.073 0.0 6526.1731
567.92 7126.556 571.349 0.0 6555.20728
569.08 7276.445 715.042 0.0 6561.40277
570.24 7006.067 352.024 0.0 6654.04327
571.4 6740.806 226.366 0.0 6514.44043
572.57 6904.531 367.342 0.0 6537.18893
573.73 6507.381 55.524 0.0 6451.85643
574.89 7055.007 452.697 0.0 6602.3096
576.05 7104.053 476.158 0.0 6627.89508
577.21 6836.257 157.714 0.0 6678.54276
578.37 6538.625 18.954 0.0 6519.67159
579.53 6765.815 193.644 0.0 6572.1711
580.69 7329.419 597.535 0.0 6731.8844
581.85 6938.998 351.919 0.0 6587.07941
583.01 7006.857 401.88 0.0 6604.9776
584.17 7109.679 484.83 0.0 6624.84824
585.33 7131.355 572.517 0.0 6558.83807
586.49 7023.436 377.763 0.0 6645.67209
587.65 7204.987 573.278 0.0 6631.70923
588.81 7218.868 566.521 0.0 6652.34729
589.97 7621.549 929.433 0.0 6692.11609
591.13 6869.054 421.02 0.0 6448.03409
592.29 6841.06 336.574 0.0 6504.48627
593.45 6571.637 213.595 0.0 6358.04175
594.61 6683.669 134.052 0.0 6549.61758
595.77 6460.151 196.961 0.0 6263.19041
596.93 6317.81 91.091 0.0 6226.71893
598.09 6679.397 382.753 0.0 6296.64459
599.24 6370.034 138.067 0.0 6231.96742
600.4 6501.436 291.763 0.0 6209.67209
601.56 6416.896 233.39 0.0 6183.5051
602.72 6513.713 368.616 0.0 6145.09726
603.87 6613.835 473.064 0.0 6140.77142
605.03 6207.713 232.116 0.0 5975.59726
606.19 6249.343 148.514 0.0 6100.82892
607.35 5896.06 -3.926 0.0 5899.98625
608.5 6431.138 594.457 0.0 5836.68079
609.66 6882.841 989.651 0.0 5893.18945
610.82 5828.563 146.299 0.0 5682.26476
611.97 5856.598 125.084 0.0 5731.51376
613.13 6227.711 573.754 0.0 5653.95776
614.29 6169.766 496.993 0.0 5672.77344
615.44 6301.932 717.539 0.0 5584.39362
616.6 5632.803 180.141 0.0 5452.66193
617.76 6009.292 663.0 0.0 5346.29175
618.91 6112.929 726.314 0.0 5386.61511
620.07 5925.971 641.049 0.0 5284.92157
621.22 5138.034 17.567 0.0 5120.46743
622.38 6299.598 1061.084 0.0 5238.51379
623.53 5233.806 78.366 0.0 5155.44042
624.69 5187.29 112.137 0.0 5075.15276
625.84 5204.445 217.542 0.0 4986.90276
627.0 5384.35 488.964 0.0 4895.38641
628.15 4986.162 -0.398 0.0 4986.56009
629.31 5252.616 318.175 0.0 4934.44092
630.46 4787.177 -23.532 0.0 4810.70876
631.61 5085.777 374.134 0.0 4711.6431
632.77 5073.167 228.189 0.0 4844.97809
633.92 5236.857 495.38 0.0 4741.4776
635.08 5716.759 949.577 0.0 4767.18225
636.23 5027.728 308.482 0.0 4719.24591
637.38 4566.253 -74.511 0.0 4640.76425
638.54 5190.923 654.76 0.0 4536.1629
639.69 5478.993 936.831 0.0 4542.16144
640.84 5136.438 490.402 0.0 4646.03625
641.99 4577.462 97.409 0.0 4480.05353
643.15 5297.487 816.916 0.0 4480.57129
644.3 4530.011 95.422 0.0 4434.58855
645.45 4200.535 -58.071 0.0 4258.60581
646.6 5237.559 811.436 0.0 4426.12354
647.75 4438.583 161.942 0.0 4276.64082
648.91 4035.607 -136.551 0.0 4172.15834
650.06 4406.131 225.455 0.0 4180.67586
651.21 4704.155 417.462 0.0 4286.69312
652.36 4555.18 450.969 0.0 4104.21088
653.51 4248.204 101.475 0.0 4146.72813
654.66 4406.728 273.982 0.0 4132.74588
655.81 4776.252 651.989 0.0 4124.26318
656.96 4143.776 69.495 0.0 4074.28091
658.11 4419.8 365.002 0.0 4054.79819
659.27 4563.324 531.009 0.0 4032.31543
660.42 4114.349 29.015 0.0 4085.3332
661.57 4339.873 421.022 0.0 3918.85046
662.72 3784.397 -139.971 0.0 3924.36797
663.87 3868.921 -99.965 0.0 3968.88548
665.01 4212.445 316.042 0.0 3896.40274
666.16 3950.969 41.049 0.0 3909.9205
667.31 4101.493 95.555 0.0 4005.93777
668.46 4785.518 760.562 0.0 4024.95551
669.61 4169.042 206.069 0.0 3962.97279
670.76 4099.565 4.575 0.0 4094.99005
671.91 4870.59 769.582 0.0 4101.00781
673.06 4601.114 519.589 0.0 4081.52509
674.21 3795.638 -161.405 0.0 3957.04259
675.35 4261.162 284.102 0.0 3977.06009
676.5 4195.186 167.609 0.0 4027.57736
677.65 3854.21 72.615 0.0 3781.59512
678.8 3763.734 -110.878 0.0 3874.61238
679.94 3985.259 40.629 0.0 3944.62989
681.09 4342.783 370.135 0.0 3972.6474
682.24 4499.307 363.142 0.0 4136.16467
683.39 4005.831 -1.851 0.0 4007.68242
684.53 4550.855 558.155 0.0 3992.69971
685.68 4169.379 214.662 0.0 3954.71744
686.83 4393.903 301.169 0.0 4092.73471
687.97 4168.927 298.175 0.0 3870.75198
689.12 4104.452 178.182 0.0 3926.26973
690.27 4098.476 68.189 0.0 4030.28699
691.41 4422.5 468.195 0.0 3954.30475
692.56 4237.524 358.702 0.0 3878.82202
693.7 4341.048 378.709 0.0 3962.33975
694.85 3776.072 48.215 0.0 3727.85703
695.99 4304.096 398.222 0.0 3905.8743
697.14 4133.121 184.229 0.0 3948.89204
698.28 4256.145 342.735 0.0 3913.4093
699.43 4164.169 391.242 0.0 3772.92706
700.57 3591.693 -74.251 0.0 3665.94434
701.72 3698.217 -50.745 0.0 3748.96185
702.86 3565.741 -107.738 0.0 3673.47911
704.01 3531.765 50.269 0.0 3481.49662
705.15 4277.29 433.275 0.0 3844.01437
706.29 3849.813 126.782 0.0 3723.03164
707.44 3847.838 171.288 0.0 3676.54915
708.58 3482.862 -124.205 0.0 3607.06667
709.72 4352.386 629.302 0.0 3723.08392
710.87 3414.41 -137.192 0.0 3551.60144
712.01 3522.434 0.315 0.0 3522.11895
713.15 3928.458 217.322 0.0 3711.13646
714.3 3939.482 348.828 0.0 3590.65396
715.44 3645.006 92.335 0.0 3552.67123
716.58 3876.031 277.342 0.0 3598.68875
717.72 3531.555 52.848 0.0 3478.70625
718.87 3733.079 240.855 0.0 3492.22377
720.01 3571.103 117.362 0.0 3453.74127
721.15 3327.127 -54.132 0.0 3381.25854
722.29 3826.651 345.875 0.0 3480.77606
723.43 3910.675 498.882 0.0 3411.79355
724.57 3724.699 450.388 0.0 3274.31107
725.72 3646.224 244.895 0.0 3401.32858
726.86 4108.748 678.902 0.0 3429.84583
728.0 3486.272 164.408 0.0 3321.86336
729.14 3269.796 -2.085 0.0 3271.88087
730.28 3833.82 481.422 0.0 3352.39838
731.42 3201.844 10.928 0.0 3190.91589
732.56 3980.868 722.435 0.0 3258.43341
733.7 3659.392 386.942 0.0 3272.45065
734.84 2888.417 -127.052 0.0 3015.46817
735.98 3364.441 148.955 0.0 3215.48569
737.12 3066.465 -3.038 0.0 3069.50319
738.26 3060.989 17.468 0.0 3043.5207
739.4 3336.013 228.475 0.0 3107.53796
740.53 3444.537 407.482 0.0 3037.05548
741.67 3324.561 273.488 0.0 3051.073
742.81 2883.085 -222.505 0.0 3105.5905
743.95 3186.11 241.002 0.0 2945.108
745.09 2888.134 19.508 0.0 2868.62527
746.23 3318.658 399.515 0.0 2919.14279
747.36 3383.682 453.522 0.0 2930.16028
748.5 2841.706 60.028 0.0 2781.6778
749.64 2934.73 25.035 0.0 2909.69531
750.78 2780.754 -5.458 0.0 2786.21282
751.92 2965.278 74.548 0.0 2890.73009
753.05 2887.802 155.555 0.0 2732.2476
754.19 3378.827 635.562 0.0 2743.26514
755.33 2556.351 -151.932 0.0 2708.28262
756.46 2914.875 245.075 0.0 2669.80013
757.6 2634.399 82.082 0.0 2552.3174
758.74 3179.923 562.088 0.0 2617.8349
759.87 2812.947 244.595 0.0 2568.35242
761.01 2660.971 271.102 0.0 2389.86993
762.14 2600.496 234.608 0.0 2365.88744
763.28 2951.02 408.115 0.0 2542.90469
764.41 2682.044 249.121 0.0 2432.92221
765.55 2311.568 -123.872 0.0 2435.43972
766.69 2657.092 289.635 0.0 2367.45724
767.82 2722.616 266.641 0.0 2455.97473
768.95 2309.14 26.148 0.0 2282.99225
770.09 2966.164 737.655 0.0 2228.50952
771.22 3069.188 661.661 0.0 2407.52704
772.36 2782.213 504.168 0.0 2278.04453
773.49 2701.237 489.175 0.0 2212.06204
774.63 2414.761 196.181 0.0 2218.57956
775.76 2295.785 154.688 0.0 2141.09682
776.89 2604.309 428.195 0.0 2176.11432
778.03 2430.833 360.201 0.0 2070.63184
779.16 2094.857 8.708 0.0 2086.14935
780.29 2388.882 308.215 0.0 2080.66687
781.43 2676.906 606.221 0.0 2070.68414
782.56 2305.43 315.228 0.0 1990.20163
783.69 2050.454 11.735 0.0 2038.71915
784.82 2178.978 233.241 0.0 1945.73666
785.96 2129.502 116.748 0.0 2012.75417
787.09 2083.526 204.255 0.0 1879.27144
788.22 2253.05 394.261 0.0 1858.78894
789.35 1933.074 157.768 0.0 1775.30646
790.48 2031.099 142.275 0.0 1888.82396
791.62 2306.123 580.281 0.0 1725.84149
792.75 1719.647 5.288 0.0 1714.35886
793.88 2485.671 737.795 0.0 1747.87622
795.01 2105.195 353.801 0.0 1751.39377
796.14 2102.719 404.808 0.0 1697.91125
797.27 2209.243 493.815 0.0 1715.42877
798.4 1903.267 283.321 0.0 1619.94617
799.53 1617.792 -4.672 0.0 1622.46368
800.66 1935.816 316.335 0.0 1619.48108
801.79 3019.34 1276.841 0.0 1742.49854
802.92 1738.364 199.848 0.0 1538.51608
804.05 1945.388 381.855 0.0 1563.53348
805.18 1784.912 290.861 0.0 1494.05099
806.31 1674.436 215.868 0.0 1458.5685
807.44 1415.96 -64.625 0.0 1480.58588
808.57 1894.985 400.381 0.0 1494.60339
809.69 1794.509 400.888 0.0 1393.62079
810.82 1297.533 -163.605 0.0 1461.13829
811.95 2514.557 988.401 0.0 1526.1557
813.08 1572.581 103.908 0.0 1468.67319
814.21 2597.105 1064.915 0.0 1532.19067
815.33 1729.129 282.921 0.0 1446.20822
816.46 1707.653 308.928 0.0 1398.72559
817.59 2139.177 847.435 0.0 1291.74298
818.72 1845.202 504.441 0.0 1340.7605
819.84 2241.726 896.448 0.0 1345.27802
820.97 1780.75 446.454 0.0 1334.2955
822.1 1945.274 593.961 0.0 1351.31293
823.22 1172.798 -30.532 0.0 1203.33041
824.35 1284.822 92.474 0.0 1192.34792
825.48 1783.346 574.481 0.0 1208.8653
826.6 1494.871 310.488 0.0 1184.38281
827.73 967.395 -144.506 0.0 1111.90027
828.85 1471.419 268.501 0.0 1202.91772
829.98 1782.443 610.008 0.0 1172.43524
831.11 1148.967 70.014 0.0 1078.95261
832.23 1121.491 81.521 0.0 1039.97012
833.36 1670.015 524.528 0.0 1145.48749
834.48 1335.039 259.034 0.0 1076.00504
835.6 1552.564 482.041 0.0 1070.52252
836.73 1054.588 -7.952 0.0 1062.53992
837.85 1563.112 535.054 0.0 1028.05743
838.98 937.636 -104.439 0.0 1042.07488
840.1 1416.66 458.568 0.0 958.09232
841.23 1472.184 371.074 0.0 1101.10983
842.35 1878.208 720.581 0.0 1157.6272
843.47 1195.232 248.588 0.0 946.64473
844.6 999.257 26.594 0.0 972.66219
845.72 1074.781 155.101 0.0 919.67964
846.84 1067.305 134.608 0.0 932.69714
847.96 1036.329 139.114 0.0 897.21466
849.09 1021.353 58.121 0.0 963.23204
850.21 1132.377 232.628 0.0 899.74956
851.33 1311.401 385.134 0.0 926.26694
852.45 854.925 25.141 0.0 829.78445
853.57 1243.45 232.148 0.0 1011.30196
854.7 1004.974 67.654 0.0 937.31941
855.82 954.998 -0.339 0.0 955.33686
856.94 1455.522 485.168 0.0 970.35437
858.06 809.046 -64.326 0.0 873.37176
859.18 1281.57 425.181 0.0 856.38925
860.3 1149.594 244.688 0.0 904.90665
861.42 731.118 -89.306 0.0 820.42416
862.54 839.643 -65.799 0.0 905.44161
863.66 856.667 50.708 0.0 805.95912
864.78 1007.691 186.714 0.0 820.97658
865.9 1202.715 244.221 0.0 958.49408
867.02 2242.239 1277.228 0.0 965.01147
868.14 1793.263 879.234 0.0 914.02899
869.26 1380.787 575.741 0.0 805.04639
870.38 693.311 -90.252 0.0 783.56388
871.5 645.836 -94.746 0.0 740.58133
872.62 810.86 69.761 0.0 741.09878
873.74 1543.384 699.268 0.0 844.11627
874.85 828.896 40.271 0.0 788.62498
875.97 1100.896 286.271 0.0 814.62503
877.09 1241.396 373.271 0.0 868.12503
878.21 1022.896 220.771 0.0 802.12498
879.33 1055.396 334.771 0.0 720.62503
880.44 1029.896 254.771 0.0 775.12505
881.56 859.896 111.271 0.0 748.62498
882.68 1120.896 256.271 0.0 864.62503
883.79 1655.396 826.771 0.0 828.62506
884.91 573.896 -58.229 0.0 632.12498
886.03 1141.896 456.271 0.0 685.62503
887.14 1435.896 659.271 0.0 776.62506
888.26 1450.896 777.271 0.0 673.62506
889.38 1283.396 636.271 0.0 647.12506
890.49 594.896 -89.729 0.0 684.62498
891.61 1083.396 307.771 0.0 775.62503
892.72 701.396 -13.229 0.0 714.62498
893.84 567.896 -99.229 0.0 667.12498
894.95 599.896 -87.229 0.0 687.12498
896.07 871.396 152.271 0.0 719.12498
897.18 1129.896 384.271 0.0 745.62503
898.3 646.896 -41.229 0.0 688.12498
899.41 1378.896 577.271 0.0 801.62506
900.53 1021.896 335.771 0.0 686.12497
901.64 1206.896 462.271 0.0 744.62503
902.75 1005.896 262.771 0.0 743.12497
903.87 796.396 116.771 0.0 679.62498
904.98 1075.396 403.771 0.0 671.62503
906.09 888.896 235.771 0.0 653.12498
907.21 1109.396 438.771 0.0 670.62503
908.32 789.396 198.271 0.0 591.12498
909.43 1381.896 650.771 0.0 731.12506
910.54 914.896 280.271 0.0 634.62497
911.66 1817.396 1160.771 0.0 656.625
912.77 658.896 85.771 0.0 573.12498
913.88 1009.396 300.271 0.0 709.12497
914.99 708.896 69.271 0.0 639.62498
916.1 893.396 349.771 0.0 543.62497
917.22 594.896 58.771 0.0 536.12498
918.33 1270.896 688.771 0.0 582.12506
919.44 866.396 270.271 0.0 596.12497
920.55 1359.896 660.771 0.0 699.12506
921.66 1089.896 428.771 0.0 661.12503
922.77 1064.896 488.271 0.0 576.62503
923.88 1303.396 623.271 0.0 680.12506
924.99 965.896 373.771 0.0 592.12497
926.1 549.896 -11.229 0.0 561.12498
927.21 1370.896 652.771 0.0 718.12506
928.32 431.396 -84.729 0.0 516.12501
929.43 769.396 251.771 0.0 517.62498
930.54 622.896 111.271 0.0 511.62498
931.65 767.896 266.271 0.0 501.62497
932.76 901.896 381.771 0.0 520.12497
933.86 880.896 302.271 0.0 578.62497
934.97 541.396 113.771 0.0 427.62498
936.08 575.896 164.771 0.0 411.12498
937.19 1192.896 708.271 0.0 484.62506
938.3 875.396 472.271 0.0 403.12497
939.4 1152.396 674.771 0.0 477.62506
940.51 602.396 305.271 0.0 297.12497
941.62 807.396 503.771 0.0 303.62497
942.73 1571.896 1102.771 0.0 469.125
943.83 680.896 302.771 0.0 378.12497
944.94 674.896 338.271 0.0 336.62497
946.05 254.896 -35.729 0.0 290.625
947.15 341.396 -25.729 0.0 367.12501
948.26 587.396 228.771 0.0 358.62498
949.36 433.896 98.271 0.0 335.62501
950.47 686.896 326.771 0.0 360.12497
951.57 1307.396 844.771 0.0 462.62506
952.68 913.396 568.771 0.0 344.625
953.79 933.396 439.271 0.0 494.12497
954.89 505.896 121.771 0.0 384.12501
955.99 860.396 391.271 0.0 469.12497
957.1 545.396 230.271 0.0 315.12498
958.2 689.896 271.271 0.0 418.62497
959.31 916.396 455.771 0.0 460.62497
960.41 549.896 130.271 0.0 419.62498
961.52 355.896 10.271 0.0 345.62501
962.62 917.896 493.771 0.0 424.12497
963.72 308.396 -50.729 0.0 359.12501
964.83 262.396 -70.729 0.0 333.12501
965.93 747.896 341.771 0.0 406.12497
967.03 1062.396 714.271 0.0 348.12506
968.13 919.396 466.771 0.0 452.62497
969.24 571.396 175.771 0.0 395.62498
970.34 566.896 206.771 0.0 360.12498
971.44 624.396 265.771 0.0 358.62497
972.54 725.396 346.771 0.0 378.62497
973.64 492.896 142.271 0.0 350.62502
974.75 1466.396 1069.771 0.0 396.625
975.85 3798.896 3162.271 0.0 636.625
976.95 456.396 189.771 0.0 266.62502
978.05 952.396 525.771 0.0 426.625
979.15 1287.396 896.271 0.0 391.12506
980.25 369.896 99.771 0.0 270.12501
981.35 485.896 179.271 0.0 306.62502
982.45 1323.896 891.771 0.0 432.12506
983.55 840.896 462.771 0.0 378.12497
984.65 771.396 418.271 0.0 353.12497
985.75 1027.896 675.271 0.0 352.62506
986.85 770.396 372.271 0.0 398.12497
987.95 530.396 185.271 0.0 345.12498
989.05 1191.396 783.271 0.0 408.12506
990.15 887.896 628.271 0.0 259.625
991.25 729.896 443.271 0.0 286.62497
992.34 1193.896 835.771 0.0 358.12506
993.44 747.396 478.271 0.0 269.12497
994.54 672.396 386.771 0.0 285.62497
995.64 1044.896 731.271 0.0 313.62506
996.74 1074.896 789.271 0.0 285.62506
997.83 281.896 73.771 0.0 208.12501
998.93 577.896 315.271 0.0 262.62497
1000.03 1661.396 1230.771 0.0 430.625
1001.12 1083.396 704.771 0.0 378.62506
1002.22 1058.896 729.271 0.0 329.62506
1003.32 555.396 272.271 0.0 283.12497
1004.41 741.396 467.271 0.0 274.12497
1005.51 732.396 402.771 0.0 329.62497
1006.6 438.396 188.771 0.0 249.62502
1007.7 906.896 624.271 0.0 282.625
1008.8 283.396 103.271 0.0 180.12501
1009.89 831.896 577.771 0.0 254.125
1010.99 642.396 384.771 0.0 257.62497
1012.08 305.896 47.271 0.0 258.62501
1013.18 649.396 394.271 0.0 255.12497
1014.27 466.396 202.271 0.0 264.12502
1015.36 602.396 334.271 0.0 268.12497
1016.46 710.396 402.771 0.0 307.62497
1017.55 377.396 148.271 0.0 229.12502
1018.65 706.396 496.771 0.0 209.62497
1019.74 1002.896 586.771 0.0 416.125
1020.83 765.396 505.271 0.0 260.12497
1021.93 595.396 280.271 0.0 315.12497
1023.02 318.896 38.271 0.0 280.62501
1024.11 373.396 63.771 0.0 309.62501
1025.2 276.396 88.271 0.0 188.12501
1026.3 678.896 454.271 0.0 224.62497
1027.39 889.896 597.771 0.0 292.125
1028.48 770.896 486.771 0.0 284.12497
1029.57 606.396 312.771 0.0 293.62497
1030.66 708.896 451.771 0.0 257.12497
1031.75 1824.396 1483.271 0.0 341.125
1032.84 838.896 652.771 0.0 186.125
1033.94 315.396 161.271 0.0 154.12502
1035.03 941.396 773.771 0.0 167.625
1036.12 320.396 90.271 0.0 230.12501
1037.21 290.396 66.771 0.0 223.62501
1038.3 778.896 522.771 0.0 256.125
1039.39 343.396 153.271 0.0 190.12502
1040.48 665.896 455.771 0.0 210.12497
1041.57 784.896 616.271 0.0 168.625
1042.66 648.896 441.771 0.0 207.12497
1043.74 696.396 508.271 0.0 188.12497
1044.83 730.896 543.271 0.0 187.625
1045.92 229.896 45.771 0.0 184.125
1047.01 835.896 617.771 0.0 218.125
1048.1 239.896 96.771 0.0 143.12499
1049.19 658.896 502.271 0.0 156.62497
1050.27 555.896 342.271 0.0 213.62497
1051.36 549.396 305.271 0.0 244.12497
1052.45 694.396 469.771 0.0 224.62497
1053.54 616.396 466.771 0.0 149.62497
1054.62 724.896 525.271 0.0 199.625
1055.71 692.396 467.771 0.0 224.62497
1056.8 907.396 688.271 0.0 219.125
1057.88 502.396 328.771 0.0 173.625
1058.97 635.896 458.771 0.0 177.12497
1060.06 1131.396 834.771 0.0 296.62506
1061.14 584.896 367.771 0.0 217.12497
1062.23 1959.396 1608.271 0.0 351.125
1063.31 755.896 547.271 0.0 208.625
1064.4 479.396 279.271 0.0 200.125
1065.48 689.896 526.771 0.0 163.125
1066.57 515.396 362.771 0.0 152.62497
1067.65 701.396 543.771 0.0 157.625
1068.74 519.896 357.271 0.0 162.62497
1069.82 714.896 544.271 0.0 170.625
1070.9 2661.396 2151.771 0.0 509.625
1071.99 772.896 561.771 0.0 211.125
1073.07 700.896 491.771 0.0 209.12497
1074.15 801.896 576.771 0.0 225.125
1075.24 711.396 526.771 0.0 184.625
1076.32 775.396 625.771 0.0 149.625
1077.4 1243.396 963.771 0.0 279.62506
1078.49 388.396 218.271 0.0 170.12502
1079.57 843.896 655.271 0.0 188.625
1080.65 1177.896 866.771 0.0 311.12506
1081.73 581.396 382.771 0.0 198.62497
1082.81 369.396 238.271 0.0 131.12502
1083.89 761.896 548.771 0.0 213.125
1084.98 717.396 533.271 0.0 184.125
1086.06 364.396 267.771 0.0 96.625
1087.14 434.396 283.771 0.0 150.625
1088.22 632.396 524.771 0.0 107.625
1089.3 430.396 261.771 0.0 168.625
1090.38 1346.396 1101.771 0.0 244.625
1091.46 756.896 598.771 0.0 158.125
1092.54 581.896 405.771 0.0 176.12497
1093.62 622.396 412.771 0.0 209.62497
1094.7 341.896 186.271 0.0 155.62502
1095.78 624.896 490.771 0.0 134.12497
1096.86 725.896 545.771 0.0 180.125
1097.93 1443.396 1146.271 0.0 297.125
1099.01 991.396 802.271 0.0 189.125
1100.09 527.396 334.271 0.0 193.12497
