196.55 747.896 972.948 1339.379 -61.41719
197.76 1046.358 1427.472 1995.603 -67.08192
198.96 1000.923 1340.45 1803.191 -73.37316
200.16 646.533 796.077 1227.164 -34.69002
201.36 1125.178 1587.379 2062.06 -97.371
202.56 770.619 990.115 1401.163 -53.39931
203.76 692.956 849.94 1265.984 -37.73255
204.96 794.293 932.264 1411.806 -28.77158
206.16 568.312 712.367 946.298 -61.57978
207.36 890.741 1181.173 1687.519 -57.35828
208.56 805.416 1052.507 1476.29 -58.30585
209.76 546.143 637.704 982.138 -26.58307
210.96 673.319 888.539 1380.408 -43.75538
212.16 1403.578 2056.997 2537.841 -135.89022
213.36 845.994 1126.644 1600.47 -59.23072
214.56 761.299 890.479 1274.997 -33.59555
215.76 1311.956 1834.94 2402.485 -92.14854
216.96 1046.527 1568.862 2050.473 -108.45584
218.16 786.91 985.792 1447.599 -43.06587
219.35 639.565 716.838 1152.749 -17.72686
220.55 752.0 872.359 1328.661 -26.37716
221.75 665.441 810.596 1150.265 -42.73416
222.95 1056.474 1461.314 1932.768 -85.87036
224.15 867.48 1090.029 1574.459 -45.94028
225.35 711.987 782.472 1287.36 -13.96063
226.55 641.753 792.831 1188.111 -38.22045
227.75 994.974 1378.814 1879.768 -76.62166
228.94 870.643 1122.204 1555.138 -58.10616
230.14 813.592 919.113 1379.351 -22.92746
231.34 620.352 847.028 1265.702 -54.14148
232.54 636.786 780.549 1133.115 -40.77616
233.74 602.839 805.869 1171.11 -55.58805
234.93 659.552 791.951 1221.947 -30.7908
236.13 734.377 951.574 1439.095 -44.55113
237.33 744.5 930.131 1313.452 -48.42722
238.53 683.435 887.381 1239.073 -57.9897
239.72 955.293 1373.993 1901.015 -79.44625
240.92 551.397 562.676 918.088 -3.17364
242.12 919.663 1152.807 1622.13 -49.67657
243.31 622.871 755.63 1186.695 -30.79806
244.51 590.105 627.0 952.653 -11.32954
245.71 926.507 1278.803 1722.062 -79.47876
246.9 1189.605 1688.0 2212.153 -95.08582
248.1 749.079 950.954 1448.759 -40.55299
249.3 733.625 982.33 1398.854 -59.70983
250.49 799.845 893.313 1321.511 -21.82806
251.69 834.78 1049.106 1539.214 -43.73027
252.89 757.333 916.154 1388.919 -33.59413
254.08 534.143 579.204 954.138 -12.01839
255.28 765.021 976.919 1400.072 -50.07592
256.47 573.929 577.666 955.382 -0.98922
257.67 844.597 1159.099 1530.833 -84.60411
258.86 922.714 1172.898 1590.417 -59.92167
260.06 739.69 917.809 1356.442 -40.60792
261.26 1117.631 1459.546 1914.546 -75.1461
262.45 748.41 939.063 1294.389 -53.65588
263.65 519.989 565.158 907.488 -13.19457
264.84 862.507 1081.531 1469.771 -56.41471
266.04 671.333 804.154 1217.419 -32.1395
267.23 462.145 487.661 823.556 -7.59661
268.42 603.345 706.584 1015.802 -33.38739
269.62 778.838 882.641 1322.401 -23.60435
270.81 761.046 959.736 1397.256 -45.41282
272.01 737.598 923.056 1333.752 -45.15703
273.2 868.034 1164.034 1567.583 -73.34922
274.4 556.56 664.852 908.767 -44.39738
275.59 874.962 1028.883 1499.385 -32.71424
276.78 751.267 892.718 1361.913 -30.1478
277.98 647.885 772.746 1191.206 -29.83828
279.17 703.487 903.201 1285.069 -52.29898
280.37 718.353 837.985 1198.621 -33.17255
281.56 510.865 528.915 926.504 -4.53997
282.75 571.545 617.508 1021.047 -11.38981
283.95 661.235 801.186 1237.537 -32.07287
285.14 700.047 863.193 1247.675 -42.43266
286.33 578.32 700.267 1012.118 -39.1044
287.52 794.658 948.548 1368.358 -36.65726
288.72 824.294 1136.95 1615.434 -65.34284
289.91 1007.495 1410.373 1957.179 -73.6784
291.1 835.696 1007.024 1453.634 -38.36213
292.29 780.559 997.623 1395.057 -54.61634
293.49 758.573 1044.239 1446.568 -71.003
294.68 573.748 729.845 997.629 -58.29178
295.87 622.624 803.102 1201.145 -45.34131
297.06 768.306 940.38 1418.817 -35.96578
298.26 432.424 420.179 733.9 3.90311
299.45 651.871 789.13 1098.195 -44.41128
300.64 655.5 822.859 1190.661 -45.50263
301.83 760.352 857.028 1294.202 -22.11394
303.02 622.091 630.384 1057.142 -1.94331
304.21 845.324 1123.525 1573.39 -61.84095
305.4 728.344 875.356 1160.092 -51.6308
306.59 720.929 920.166 1316.882 -50.22138
307.79 698.942 803.053 1187.683 -27.06762
308.98 519.592 579.113 932.851 -16.82628
310.17 877.33 966.081 1430.275 -19.11949
311.36 749.211 857.597 1178.563 -33.76877
312.55 1107.36 1560.657 2066.731 -89.57127
313.74 559.371 584.359 957.404 -6.69821
314.93 809.416 1009.007 1474.29 -42.89652
316.12 635.566 787.067 1192.958 -37.32553
317.31 423.313 406.823 740.217 4.94597
318.5 521.371 574.859 920.404 -15.47911
319.69 696.222 830.799 1262.736 -31.1565
320.88 656.078 736.225 1134.55 -20.12107
322.07 580.975 607.271 993.686 -6.80487
323.26 623.721 607.342 935.817 4.98639
324.45 472.365 447.415 793.504 7.20903
325.64 713.04 766.749 1195.274 -12.53344
326.83 791.196 996.024 1395.634 -51.25729
328.01 626.8 738.436 1110.916 -29.97119
329.2 801.442 976.053 1403.683 -40.83206
330.39 653.306 727.38 1086.817 -20.60821
331.58 533.553 542.908 969.366 -2.19365
332.77 956.189 1253.081 1742.233 -60.69519
333.96 417.657 448.82 671.648 -13.98508
335.15 501.546 524.964 868.466 -6.81746
336.33 576.553 590.908 878.866 -4.98509
337.52 605.865 719.415 1040.504 -35.3642
338.71 577.923 710.45 1050.191 -39.00841
339.9 589.515 614.932 995.09 -6.68585
341.08 632.859 688.2 1067.812 -14.57836
342.27 793.014 879.475 1376.672 -17.38973
343.46 849.734 1063.729 1446.619 -55.88942
344.65 790.734 897.229 1356.119 -23.20707
345.83 794.981 983.257 1460.668 -39.43694
347.02 516.793 470.264 791.306 14.49292
348.21 832.345 1021.584 1513.302 -38.48545
349.4 517.137 462.989 862.946 13.53847
350.58 614.002 718.045 1108.789 -26.62685
351.77 559.339 575.369 941.11 -4.38299
352.96 440.501 324.088 698.37 31.10292
354.14 726.332 619.926 1114.21 21.52741
355.33 524.871 536.13 920.695 -2.92786
356.51 448.839 387.098 701.82 19.61787
357.7 674.288 679.734 1173.743 -1.10244
358.89 603.294 511.721 949.225 20.93071
360.07 819.651 915.105 1399.957 -19.68715
361.26 844.153 1061.79 1572.085 -42.64927
362.44 726.095 733.483 1177.108 -1.6654
363.63 625.498 481.743 950.435 30.6715
364.81 711.94 531.437 1069.458 33.54961
366.0 486.525 276.518 729.538 46.3571
367.18 1156.543 1403.392 2092.821 -35.80472
368.37 551.302 529.85 875.253 6.21074
369.55 781.808 737.065 1246.445 8.78381
370.74 877.62 911.572 1458.582 -6.20691
371.92 1008.023 1158.332 1668.41 -29.46797
373.11 632.803 476.078 1016.963 28.97557
374.29 585.745 421.772 908.985 33.65534
375.48 713.471 531.741 1060.623 34.36121
376.66 542.25 441.53 902.257 21.86104
377.84 996.802 953.85 1582.253 6.83512
379.03 641.185 405.051 908.67 46.88741
380.21 535.478 332.184 747.024 49.00532
381.39 567.224 266.212 675.074 73.62206
382.58 890.029 816.548 1409.101 12.4008
383.76 1177.97 1148.784 1715.705 5.14819
384.94 1225.672 1254.164 1936.868 -4.17346
386.13 757.426 426.593 963.237 61.64848
387.31 826.335 618.339 1185.047 36.70237
388.49 757.634 474.688 1029.093 51.03595
389.68 891.821 637.952 1263.246 40.59998
390.86 901.945 567.466 1204.521 52.50389
392.04 1214.042 982.706 1677.693 33.2863
393.22 881.945 445.466 1111.021 65.58117
394.41 961.757 473.202 1085.367 79.80767
395.59 751.289 193.463 865.952 82.94945
396.77 932.262 552.689 1295.349 51.10998
397.95 988.776 637.576 1375.151 47.61548
399.13 1230.295 792.678 1560.643 56.98394
400.31 1102.842 447.511 1233.657 83.3599
401.5 1290.776 626.304 1514.36 74.82322
402.68 1278.724 734.712 1616.074 61.72408
403.86 1115.01 434.445 1296.108 78.98265
405.04 1373.535 807.263 1861.292 53.72451
406.22 1151.841 367.783 1341.448 80.5265
407.4 1528.099 697.013 1747.671 79.10154
408.58 1662.12 814.301 1875.791 79.87067
409.76 1753.094 947.755 2029.398 74.4552
410.94 1456.945 624.466 1721.521 75.88305
412.12 1371.113 502.9 1505.972 86.55536
413.3 1373.055 359.093 1500.994 88.79592
414.48 1322.834 371.111 1363.838 95.86958
415.66 1508.658 445.277 1491.567 101.6335
416.84 2035.366 1233.1 2392.132 69.21868
418.02 1760.049 623.378 1795.303 96.99177
419.2 1648.243 419.586 1512.357 112.43503
420.38 1642.101 583.97 1792.589 87.54871
421.56 1652.756 427.245 1581.949 106.13205
422.74 1959.309 1081.794 2295.154 72.32106
423.92 1863.191 865.995 2097.57 80.96918
425.1 1732.334 464.111 1706.838 102.05163
426.28 1831.32 405.995 1712.327 109.10895
427.46 2404.664 1356.492 2799.259 72.65017
428.63 1873.898 571.861 2000.716 91.12452
429.81 1947.418 687.964 1968.209 98.376
430.99 1926.97 754.784 2180.705 82.20556
432.17 2140.275 1145.347 2523.941 72.16974
433.35 2079.873 827.316 2288.823 85.70309
434.52 1756.093 155.069 1442.77 124.33196
435.7 1986.333 376.383 1827.128 110.97401
436.88 2426.522 840.104 2306.7 108.17006
438.06 2301.879 552.531 2072.014 115.12781
439.23 2149.99 399.115 1956.406 112.43076
440.41 2339.086 594.126 2298.869 102.35911
441.59 2407.977 828.456 2548.315 91.84018
442.77 2145.924 276.679 1951.4 111.61528
443.94 2561.36 760.657 2663.231 94.64562
445.12 2692.652 769.833 2568.167 106.92225
446.3 3060.646 1093.118 2946.475 106.16021
447.47 2996.165 666.72 2632.968 118.4716
448.65 3132.392 720.646 2715.525 120.89688
449.82 2943.392 500.146 2418.525 127.35995
451.0 3001.853 609.213 2599.83 120.1959
452.18 2957.184 476.823 2644.96 114.40054
453.35 3022.516 530.16 2753.3 112.10971
454.53 3194.554 558.865 2819.285 116.60175
455.7 3294.944 334.238 2713.311 124.44787
456.88 3925.671 945.935 3424.159 120.23674
458.05 3926.535 591.763 3040.792 136.16709
459.23 3969.47 315.784 2806.205 146.70959
460.4 4267.516 580.16 3298.8 135.63238
461.58 4332.515 719.432 3462.09 131.73654
462.75 4072.652 315.333 3204.667 130.04102
463.93 4305.074 628.696 3520.987 127.10956
465.1 4358.308 525.065 3629.945 123.45867
466.28 4386.995 218.101 3243.888 137.77882
467.45 4528.516 146.66 3291.8 139.32149
468.63 4999.912 523.249 3846.018 134.72688
469.8 5557.626 870.287 4222.273 139.83765
470.97 5545.379 405.259 3823.724 150.36341
472.15 5807.268 595.675 4138.332 147.10975
473.32 5894.495 704.601 4322.388 143.45493
474.49 6031.976 859.499 4671.896 135.6752
475.67 5634.749 507.573 4177.839 139.69494
476.84 5501.56 327.08 4088.476 137.56807
478.01 5884.275 636.347 4688.941 129.49551
479.19 5897.605 548.728 4557.862 133.41729
480.36 6140.911 309.02 4472.808 140.06215
481.53 6616.957 596.897 4836.903 141.98232
482.7 6819.742 497.129 4733.938 149.23055
483.88 7081.631 275.774 4583.755 157.98252
485.05 7160.671 361.935 4823.659 152.37912
486.22 7239.897 478.405 4938.797 151.58962
487.39 7164.813 333.595 4795.508 153.10065
488.56 7125.522 485.876 5021.991 146.37295
489.74 7371.859 897.2 5619.313 137.11361
490.91 6962.677 242.651 4990.851 141.52787
492.08 7100.022 375.876 5230.491 138.51038
493.25 7072.482 278.714 5092.587 141.12894
494.42 7445.787 476.778 5228.824 146.65282
495.59 7761.008 417.26 5317.48 149.86566
496.76 8019.723 465.756 5367.155 154.11859
497.93 8384.541 610.478 5616.483 155.29474
499.1 8576.196 572.753 5591.843 159.46005
500.27 8548.91 1040.792 6267.099 143.66011
501.44 8498.534 1228.534 6296.083 143.46186
502.61 7882.054 423.137 5408.076 149.62905
503.78 7927.988 629.929 5761.278 142.22496
504.95 8161.885 1123.474 6516.415 130.51156
506.12 7845.611 696.943 5888.053 137.70982
507.29 7874.735 335.186 5433.538 147.8821
508.46 8105.8 32.165 5307.125 153.05586
509.63 9076.801 1258.165 6645.125 145.14004
510.8 9516.963 1179.612 6671.095 151.82331
511.97 9266.313 558.552 5824.426 165.36212
513.14 9254.352 258.528 5792.702 162.55042
514.31 9490.385 785.746 6241.206 159.5583
515.48 9357.572 495.01 6045.359 159.67577
516.65 9130.372 525.087 6124.614 153.67879
517.81 9101.034 355.806 5922.374 157.1027
518.98 9190.443 695.01 6349.102 150.25283
520.15 8673.371 161.13 5858.695 149.40139
521.32 9163.651 703.605 6464.457 146.85408
522.49 9887.761 1502.503 7468.221 140.55739
523.65 9915.871 1158.859 7184.404 145.33144
524.82 10049.749 638.073 6545.839 159.31024
525.99 10140.384 78.517 6017.496 169.42082
527.16 10750.669 631.25 6882.031 161.89048
528.32 11031.079 730.182 7018.969 163.79785
529.49 11260.274 411.619 6654.732 173.76997
530.66 11238.312 114.367 6539.298 173.13717
531.82 11300.106 180.957 6592.071 173.43552
532.99 11265.631 320.274 6997.255 163.92672
534.16 11347.853 444.256 7148.912 162.62725
535.32 11457.241 794.401 7641.229 155.73403
536.49 11380.553 294.408 7207.866 160.356
537.65 12124.125 1011.059 8080.564 157.19723
538.82 12098.501 321.816 7430.58 165.66432
539.99 12595.294 642.721 8076.725 160.78245
541.15 13116.146 818.39 8357.766 163.11371
542.32 13300.67 147.979 7854.74 170.66431
543.48 14631.962 811.155 8785.676 173.31207
544.65 14951.728 992.785 8917.718 176.13957
545.81 16084.91 1483.292 10133.099 168.8086
546.98 16036.28 503.106 9285.714 176.86289
548.14 16793.41 783.792 9857.099 176.44745
549.31 16543.994 402.873 9415.179 179.1009
550.47 16828.111 469.443 9763.554 176.01112
551.63 17162.533 914.806 10766.874 164.91692
552.8 16831.217 454.584 10034.545 170.94676
553.96 17119.061 459.852 10240.767 170.32362
555.13 17421.424 391.45 10690.69 165.35175
556.29 18079.346 934.084 11394.302 163.90923
557.45 18403.262 274.46 10552.64 176.38145
558.62 19386.203 523.468 11224.534 176.26968
559.78 19891.279 771.606 11627.214 176.12715
560.94 20018.826 371.982 11276.809 180.1665
562.11 21143.0 391.088 11510.37 186.62996
563.27 21746.014 157.975 11361.672 192.68674
564.43 21864.586 32.397 11656.66 187.81568
565.59 22241.064 205.838 12004.749 186.75644
566.76 22529.748 351.073 12192.839 187.29196
567.92 23014.533 571.349 12448.455 188.96172
569.08 22999.475 715.042 13216.978 178.24786
570.24 23033.066 352.024 12896.877 180.79959
571.4 22926.684 226.366 12819.042 180.26603
572.57 22976.721 367.342 13100.317 177.56556
573.73 23288.695 55.524 13072.134 178.48865
574.89 23591.332 452.697 13544.0 176.74815
576.05 24141.988 476.158 13770.987 178.00778
577.21 24107.982 157.714 13514.587 179.31045
578.37 24723.078 18.954 13640.76 181.35719
579.53 25924.494 193.644 13978.47 186.66069
580.69 26407.164 597.535 14724.34 182.69969
581.85 26720.521 351.919 14327.072 188.68202
583.01 27527.307 401.88 14435.816 193.28452
584.17 27858.625 484.83 14656.854 193.15374
585.33 28155.885 572.517 14948.496 191.87123
586.49 28322.164 377.763 14735.049 194.63568
587.65 28394.787 573.278 15187.824 190.36861
588.81 28258.539 566.521 15553.064 184.77922
589.97 28539.645 929.433 15628.847 187.83206
591.13 27623.91 421.02 15287.808 182.97759
592.29 27538.877 336.574 15254.096 182.35135
593.45 27572.313 213.595 14965.508 185.45878
594.61 27468.814 134.052 15178.927 181.6882
595.77 27354.891 196.961 15395.896 178.6831
596.93 27761.527 91.091 14998.683 185.61305
598.09 28279.195 382.753 15545.343 183.98204
599.24 28544.566 138.067 15446.458 185.56163
600.4 28944.664 291.763 15433.549 189.23066
601.56 29475.773 233.39 15322.522 193.79765
602.72 29649.248 368.616 15465.42 193.95252
603.87 30051.539 473.064 15310.146 199.35506
605.03 29490.248 232.116 15238.92 194.96578
606.19 29738.729 148.514 14826.428 201.59687
607.35 29522.377 -3.926 15131.096 195.08596
608.5 29419.734 594.457 15492.328 193.48588
609.66 29698.307 989.651 15859.107 193.07132
610.82 28848.223 146.299 15137.236 191.46183
611.97 28702.846 125.084 14915.802 193.21417
613.13 28861.824 573.754 15514.6 189.33379
614.29 27964.293 496.993 15383.016 184.51739
615.44 28205.818 717.539 15456.908 186.49563
616.6 28224.838 180.141 14843.401 191.25826
617.76 27918.105 663.0 15414.652 184.75968
618.91 28374.475 726.314 15170.268 191.41685
620.07 28330.787 641.049 15204.114 190.13674
621.22 27816.066 17.567 14577.958 190.91863
622.38 28955.346 1061.084 15637.302 191.36831
623.53 28366.684 78.366 14625.542 194.45917
624.69 29002.182 112.137 14268.832 204.07337
625.84 28789.475 217.542 14299.978 202.89056
627.0 29036.918 488.964 14831.709 199.04107
628.15 29087.125 -0.398 14734.646 197.40371
629.31 28594.268 318.175 14728.331 196.22336
630.46 29215.203 -23.532 14344.034 203.50514
631.61 28826.027 374.134 14629.264 199.59056
632.77 29086.891 228.189 14833.106 197.59579
633.92 28570.307 495.38 14691.816 197.76038
635.08 28643.904 949.577 15177.407 194.64898
636.23 28685.326 308.482 14744.809 196.56555
637.38 27707.137 -74.511 14334.446 192.80818
638.54 28201.508 654.76 15135.48 190.23051
639.69 27970.254 936.831 15459.111 186.15137
640.84 28210.795 490.402 14738.753 194.55159
641.99 27729.09 97.409 14039.882 198.1835
643.15 28450.885 816.916 14835.512 197.12366
644.3 28063.178 95.422 14179.142 198.58217
645.45 28064.973 -58.071 14110.771 198.48512
646.6 28822.268 811.436 15075.401 196.37478
647.75 28523.561 161.942 14418.031 198.94389
648.91 28974.855 -136.551 13971.661 206.3437
650.06 29055.15 225.455 14825.291 197.46589
651.21 29751.443 417.462 14565.42 207.33721
652.36 29511.738 450.969 14709.05 203.81964
653.51 29186.533 101.475 14213.68 206.09862
654.66 29266.326 273.982 14861.81 198.7434
655.81 29848.621 651.989 15048.939 202.79734
656.96 29816.416 69.495 14402.569 207.54041
658.11 29722.209 365.002 14800.199 203.3724
659.27 29800.504 531.009 14925.328 203.3406
660.42 29237.299 29.015 14459.958 202.40039
661.57 30034.592 421.022 14835.088 205.44911
662.72 28705.387 -139.971 14611.718 195.53936
663.87 29207.182 -99.965 14122.848 206.05732
665.01 29158.475 316.042 14693.978 200.60204
666.16 30097.77 41.049 14739.607 204.48754
667.31 30049.564 95.555 14982.237 201.21347
668.46 30967.857 760.562 15722.366 201.89608
669.61 30131.652 206.069 15547.996 195.05752
670.76 31426.447 4.575 15214.626 206.58624
671.91 31883.24 769.582 16378.756 199.32931
673.06 32435.535 519.589 16014.886 205.97183
674.21 31549.33 -161.405 15583.016 201.40935
675.35 32306.623 284.102 15720.146 207.45291
676.5 32615.918 167.609 15849.774 206.91217
677.65 33203.211 72.615 15783.904 210.87128
678.8 32769.008 -110.878 15727.034 207.6024
679.94 33617.801 40.629 16048.164 209.75854
681.09 34780.094 370.135 17049.793 206.29895
682.24 35416.391 363.142 17513.924 204.3828
683.39 35071.684 -1.851 17222.553 203.62699
684.53 36273.977 558.155 17196.684 214.65733
685.68 35401.273 214.662 17614.813 202.22016
686.83 36119.066 301.169 17607.443 206.96481
687.97 35989.859 298.175 17622.072 206.02572
689.12 36438.156 178.182 17514.703 209.15369
690.27 34929.449 68.189 17408.832 201.03787
691.41 36500.242 468.195 17969.961 205.87664
692.56 36363.539 358.702 17742.592 207.11611
693.7 36714.832 378.709 17681.721 209.99883
694.85 36499.625 48.215 17192.852 212.61116
695.99 36587.922 398.222 17794.98 208.02553
697.14 35844.715 184.229 17551.111 205.33614
698.28 36317.508 342.735 18251.74 200.87533
699.43 36226.805 391.242 18390.369 199.09611
700.57 36791.598 -74.251 17710.5 207.28909
701.72 36021.891 -50.745 17219.129 208.87608
702.86 36760.688 -107.738 17549.26 208.80348
704.01 37992.48 50.269 17415.389 218.49669
705.15 37791.273 433.275 18332.02 208.71854
706.29 38148.57 126.782 17723.648 216.07136
707.44 38147.363 171.288 18374.777 208.61976
708.58 38320.156 -124.205 17936.408 212.86299
709.72 38436.453 629.302 18731.037 208.85927
710.87 38911.746 -137.192 17783.168 217.90265
712.01 38644.543 0.315 17644.297 219.02215
713.15 39243.336 217.322 18427.928 214.30376
714.3 38736.629 348.828 17921.557 218.451
715.44 38737.426 92.335 18611.186 208.67975
716.58 38907.719 277.342 18420.816 212.91609
717.72 38849.012 52.848 18398.945 211.46821
718.87 39516.309 240.855 18262.076 217.94002
720.01 37694.602 117.362 18078.205 209.21757
721.15 37757.895 -54.132 17879.836 210.84027
722.29 37708.691 345.875 18022.965 211.36294
723.43 38675.984 498.882 18553.596 211.45227
724.57 38471.277 450.388 18287.225 213.15938
725.72 37648.574 244.895 18067.354 209.86824
726.86 38561.367 678.902 18459.484 213.05525
728.0 37377.16 164.408 17772.113 211.34357
729.14 38390.457 -2.085 17477.244 219.6454
730.28 37525.25 481.422 17805.373 213.83013
731.42 38430.043 10.928 17753.004 216.54239
732.56 39025.34 722.435 18545.133 214.91081
733.7 38291.633 386.942 18597.262 208.14951
734.84 38694.926 -127.052 17331.393 222.36791
735.98 37681.723 148.955 17932.521 211.0531
737.12 38921.016 -3.038 17789.152 218.77044
738.26 38304.809 17.468 17486.281 219.1754
739.4 38931.105 228.475 17917.912 218.7895
740.53 38343.398 407.482 18162.541 213.66257
741.67 38478.191 273.488 17733.67 218.81046
742.81 38512.488 -222.505 17185.301 222.51508
743.95 37794.281 241.002 17969.93 211.81923
745.09 38420.574 19.508 17370.561 221.31837
746.23 38388.871 399.515 17605.189 220.79551
747.36 37982.664 453.522 17477.32 220.45105
748.5 37763.957 60.028 17069.949 221.65846
749.64 36976.254 25.035 17006.078 217.60276
750.78 37199.047 -5.458 16833.209 220.94685
751.92 37005.84 74.548 16909.838 219.36832
753.05 36839.637 155.555 16258.969 227.80314
754.19 37703.93 635.562 16783.098 229.56052
755.33 35839.223 -151.932 16117.228 221.2232
756.46 35673.52 245.075 16057.357 224.05649
757.6 36043.813 82.082 15697.487 230.29649
758.74 35290.605 562.088 16315.617 220.44913
759.87 35016.402 244.595 16092.247 219.41299
761.01 34104.195 271.102 15563.377 221.24303
762.14 34697.488 234.608 15825.006 221.05196
763.28 34652.285 408.115 15272.136 230.38295
764.41 33931.078 249.121 15157.766 225.92233
765.55 33974.371 -123.872 14748.896 229.2663
766.69 33229.668 289.635 15202.025 220.89036
767.82 33734.961 266.641 15014.155 226.94211
768.95 33218.754 26.148 14525.285 228.92815
770.09 32043.549 737.655 15281.915 215.24569
771.22 33185.844 661.661 15275.044 222.56437
772.36 32839.137 504.168 14678.674 228.12061
773.49 31948.432 489.175 14838.804 219.23394
774.63 32062.727 196.181 14003.434 230.79571
775.76 31281.021 154.688 13969.563 225.31027
776.89 31589.814 428.195 14067.693 228.46602
778.03 31548.609 360.201 13450.823 238.25001
779.16 31091.404 8.708 13358.952 232.82493
780.29 30366.197 308.215 13035.582 236.16811
781.43 30664.992 606.221 13093.712 240.71106
782.56 29347.287 315.228 13181.842 225.63869
783.69 29230.08 11.735 12475.972 234.41744
784.82 28654.875 233.241 12821.602 225.77709
785.96 28290.67 116.748 12587.731 225.9158
787.09 27647.463 204.255 12186.361 229.03492
788.22 27578.758 394.261 12237.99 229.5265
789.35 27874.053 157.768 11739.62 239.30788
790.48 27082.346 142.275 12009.25 227.01717
791.62 26584.141 580.281 11944.38 228.82465
792.75 26646.936 5.288 11194.01 238.11163
793.88 25745.73 737.795 11788.14 226.3091
795.01 26007.523 353.801 11355.77 233.17393
796.14 25849.818 404.808 11514.898 229.02613
797.27 24793.613 493.815 11487.528 221.03358
798.4 25440.406 283.321 10909.158 236.75392
799.53 24564.701 -4.672 10310.788 238.1801
800.66 23815.996 316.335 10739.418 225.45787
801.79 24912.789 1276.841 11846.548 223.61972
802.92 23802.584 199.848 10216.178 235.64256
804.05 23291.379 381.855 10327.308 230.35174
805.18 23515.672 290.861 10017.937 238.76458
806.31 23548.967 215.868 9756.066 244.57666
807.44 22997.762 -64.625 9580.196 239.11678
808.57 23232.055 400.381 10089.826 235.63448
809.69 22756.35 400.888 9940.456 234.34459
810.82 21459.145 -163.605 9102.586 233.351
811.95 23193.438 988.401 10112.216 243.37448
813.08 21713.232 103.908 8928.345 244.88049
814.21 21420.027 1064.915 10169.975 223.55825
815.33 21502.82 282.921 9203.104 237.88636
816.46 20609.615 308.928 9013.734 233.21239
817.59 20373.41 847.435 9490.864 225.90541
818.72 20526.203 504.441 8670.494 245.18286
819.84 20360.498 896.448 9116.124 236.79826
820.97 19542.293 446.454 8550.754 235.62602
822.1 19373.586 593.961 8538.383 236.38756
823.22 18534.881 -30.532 7767.513 238.07779
824.35 18859.176 92.474 7844.143 242.09888
825.48 18881.969 574.481 7850.272 251.62194
826.6 17927.264 310.488 7455.902 246.54659
827.73 17709.059 -144.506 7245.032 241.60598
828.85 18028.852 268.501 7361.662 250.38698
829.98 17793.646 610.008 7638.292 244.49267
831.11 17286.441 70.014 6945.921 250.38772
832.23 17003.734 81.521 6962.051 245.94347
833.36 17080.029 524.528 7592.181 234.24327
834.48 16304.324 259.034 6894.811 241.79975
835.6 16848.617 482.041 7014.94 250.52546
836.73 16416.912 -7.952 6711.07 244.4532
837.85 15752.707 535.054 6989.7 235.7628
838.98 16240.001 -104.439 6228.33 258.09312
840.1 15954.795 458.568 6766.959 245.64467
841.23 15532.09 371.074 6570.589 244.55166
842.35 15950.384 720.581 7111.219 238.31429
843.47 15550.678 248.588 6354.849 250.59673
844.6 14919.473 26.594 6149.978 243.21321
845.72 15224.767 155.101 6077.608 254.44741
846.84 15242.561 134.608 5955.738 259.53642
847.96 14948.855 139.114 5813.368 260.99894
849.09 14667.649 58.121 5820.497 253.53306
850.21 14469.443 232.628 5935.127 249.65923
851.33 14378.738 385.134 5976.757 250.26017
852.45 13765.532 25.141 5610.387 246.0123
853.57 13885.826 232.148 5832.016 243.82141
854.7 13446.621 67.654 5477.146 247.32392
855.82 13339.915 -0.339 5659.776 235.68875
856.94 13723.709 485.168 5827.405 247.80892
858.06 13006.504 -64.326 5132.035 251.53814
859.18 13330.298 425.181 5653.165 246.8469
860.3 13376.592 244.688 5345.295 257.45766
861.42 12730.887 -89.306 5013.424 251.24183
862.54 12249.681 -65.799 4962.554 244.92073
863.66 12457.976 50.708 4975.184 251.951
864.78 12944.77 186.714 5073.814 261.05576
865.9 12514.563 244.221 5222.943 246.45565
867.02 13316.858 1277.228 6443.073 233.06215
868.14 12872.652 879.234 5701.203 248.7245
869.26 12241.446 575.741 5163.833 254.26049
870.38 11669.741 -90.252 4456.962 258.6197
871.5 11414.535 -94.746 4453.592 253.04365
872.62 11813.329 69.761 4578.222 260.47841
873.74 11720.124 699.268 5511.852 229.00081
874.85 11292.271 40.271 4430.417 256.30128
875.97 11014.271 286.271 4564.417 250.76284
877.09 11313.271 373.271 4811.917 246.47157
878.21 10913.771 220.771 4370.917 257.6536
879.33 10963.271 334.771 4641.417 246.79299
880.44 10811.771 254.771 4375.417 256.19771
881.56 10455.271 111.271 4114.417 258.39678
882.68 10466.271 256.271 4367.917 248.31906
883.79 10765.771 826.771 4988.417 238.82378
884.91 10334.271 -58.229 3702.917 276.31206
886.03 10346.771 456.271 4455.417 247.31531
887.14 10775.771 659.271 4800.417 244.29229
888.26 10614.771 777.271 4809.917 243.94654
889.38 10873.271 636.271 4577.417 259.7468
890.49 10319.271 -89.729 4014.417 253.62158
891.61 10924.271 307.771 4176.917 274.38873
892.72 10553.271 -13.229 4058.417 259.51421
893.84 10655.271 -99.229 3906.917 268.45002
894.95 10423.271 -87.229 3941.917 260.86173
896.07 10873.271 152.271 4075.417 273.27558
897.18 10730.271 384.271 4307.417 263.71694
898.3 10171.771 -41.229 3881.917 260.32679
899.41 10687.271 577.271 4446.917 261.26422
900.53 10324.771 335.771 4029.417 270.43739
901.64 10145.271 462.271 4350.417 249.03902
902.75 10119.771 262.771 4055.917 259.86345
903.87 10009.271 116.771 3876.417 263.12317
904.98 10123.771 403.771 4044.917 266.94892
906.09 9645.771 235.771 3943.917 253.76563
907.21 9707.271 438.771 3919.917 266.24853
908.32 9337.271 198.271 3488.417 277.76883
909.43 9257.271 650.771 3977.917 258.67515
910.54 9187.771 280.271 3820.917 251.57838
911.66 9321.271 1160.771 4581.417 238.56606
912.77 8386.771 85.771 3214.417 265.32244
913.88 8425.771 300.271 3645.417 242.90419
914.99 8173.771 69.271 3371.417 245.43132
916.1 8776.771 349.771 3617.417 257.89207
917.22 8168.271 58.771 2918.417 283.58407
918.33 8292.271 688.771 3724.917 250.43262
919.44 8085.271 270.271 3384.417 250.95164
920.55 8344.271 660.771 3674.417 254.95695
921.66 7741.271 428.771 3272.917 257.10707
922.77 7851.771 488.271 3282.417 263.53313
923.88 8110.271 623.271 3542.917 256.43521
924.99 7329.771 373.771 3227.417 243.75835
926.1 7016.771 -11.229 2623.917 266.7025
927.21 7308.771 652.771 3484.417 235.05764
928.32 6696.771 -84.729 2456.417 266.8678
929.43 6762.771 251.771 2756.917 259.90503
930.54 6583.271 111.271 2439.417 277.98946
931.65 6416.271 266.271 2607.917 262.63579
932.76 6239.771 381.771 2750.917 247.26211
933.86 6153.771 302.271 2464.417 270.63392
934.97 5975.771 113.771 2305.417 267.47022
936.08 5672.271 164.771 2138.417 279.05209
937.19 5476.771 708.271 2768.917 231.40803
938.3 4965.271 472.271 2273.917 249.38309
939.4 4709.771 674.771 2431.417 229.69912
940.51 4222.271 305.271 1864.417 251.22732
941.62 4192.771 503.771 1984.417 249.14805
942.73 4167.771 1102.771 2513.917 217.19938
943.83 3584.771 302.771 1592.417 254.48848
944.94 3524.271 338.271 1721.417 230.34448
946.05 3399.271 -35.729 1180.417 282.44968
947.15 3529.771 -25.729 1255.417 277.525
948.26 3524.271 228.771 1623.917 236.21187
949.36 3848.771 98.271 1469.917 273.43064
950.47 3872.271 326.771 1819.917 237.45169
951.57 4269.771 844.771 2349.917 227.5527
952.68 4187.271 568.771 1976.417 257.06042
953.79 4000.271 439.271 2026.417 224.36502
954.89 3892.771 121.771 1668.417 243.81794
955.99 4146.771 391.271 2152.917 213.18133
957.1 4112.271 230.271 1637.417 275.87761
958.2 4081.771 271.271 1806.417 248.21746
959.31 4225.771 455.771 2090.917 230.56047
960.41 3979.771 130.271 1642.917 254.48786
961.52 3945.271 10.271 1452.917 272.76272
962.62 4179.771 493.771 1946.917 253.6566
963.72 3883.771 -50.729 1492.417 254.96618
964.83 3920.771 -70.729 1396.917 271.96616
965.93 4366.771 341.771 1883.917 260.99998
967.03 4317.271 714.271 2232.917 237.25084
968.13 4192.771 466.771 1975.417 246.97647
969.24 3921.771 175.771 1604.417 262.20634
970.34 3894.771 206.771 1605.917 263.58939
971.44 4042.271 265.771 1650.417 272.74123
972.54 3878.271 346.771 1881.917 230.04329
973.64 3645.771 142.271 1643.917 233.31067
974.75 4190.771 1069.771 2472.917 222.42877
975.85 5258.771 3162.271 4867.417 122.95138
976.95 3491.771 189.771 1479.917 255.94006
978.05 3828.271 525.771 1934.917 234.36183
979.15 4075.271 896.271 2298.917 226.64308
980.25 3335.771 99.771 1282.917 273.50813
981.35 3480.271 179.271 1406.417 268.99819
982.45 3889.271 891.771 2297.417 213.24715
983.55 3516.271 462.771 1760.417 235.31074
984.65 3654.771 418.271 1628.917 267.33665
985.75 3382.771 675.271 1828.917 234.69074
986.85 3241.271 372.271 1638.417 226.59317
987.95 3024.271 185.271 1345.917 244.6052
989.05 3373.771 783.271 2071.417 201.10299
990.15 3210.271 628.271 1710.417 238.6
991.25 3009.771 443.271 1513.917 239.71513
992.34 3212.271 835.771 1982.917 207.16634
993.44 3011.271 478.271 1473.917 254.40774
994.54 2838.771 386.771 1334.417 258.74646
995.64 2949.771 731.271 1754.417 216.83126
996.74 2911.771 789.271 1829.917 203.95988
997.83 2526.271 73.771 1008.417 262.39884
998.93 2575.771 315.271 1299.917 229.57493
1000.03 3004.771 1230.771 2285.917 168.1284
1001.12 2852.271 704.771 1735.417 208.36449
1002.22 2727.771 729.271 1828.417 181.823
1003.32 2371.771 272.271 1190.917 228.54292
1004.41 2326.271 467.271 1408.417 197.52518
1005.51 2248.271 402.771 1217.917 226.40121
1006.6 2108.271 188.771 987.917 240.19394
1007.7 2262.771 624.271 1470.917 193.52838
1008.8 1943.771 103.271 755.917 282.00594
1009.89 2169.771 577.771 1331.917 211.09975
1010.99 2251.271 384.771 1149.417 244.09994
1012.08 2040.771 47.271 826.417 255.85711
1013.18 2166.271 394.271 1240.917 209.29649
1014.27 2229.271 202.271 1009.417 251.1318
1015.36 2251.771 334.271 1124.417 242.67673
1016.46 2245.771 402.771 1194.917 232.65918
1017.55 2095.271 148.271 862.917 272.44262
1018.65 2100.271 496.771 1208.917 225.16456
1019.74 2115.771 586.771 1441.917 178.79991
1020.83 2010.771 505.271 1239.417 205.06827
1021.93 1923.771 280.271 1081.417 205.14369
1023.02 1700.271 38.271 740.917 236.53453
1024.11 1680.271 63.771 754.417 234.05629
1025.2 1580.271 88.271 722.417 235.27711
1026.3 1814.271 454.271 1131.917 200.69483
1027.39 1771.271 597.771 1268.417 174.9806
1028.48 1660.271 486.771 1072.417 200.3771
1029.57 1525.771 312.771 901.917 205.8913
1030.66 1565.771 451.771 1035.417 190.8692
1031.75 2090.771 1483.271 2155.917 90.31496
1032.84 1573.771 652.771 1237.417 157.53128
1033.94 1257.771 161.271 678.417 212.02916
1035.03 1571.771 773.771 1262.917 163.14155
1036.12 1080.271 90.271 614.917 188.69873
1037.21 1206.771 66.771 609.417 210.08178
1038.3 1460.271 522.771 1049.417 178.01339
1039.39 1083.271 153.271 549.417 234.76203
1040.48 1178.771 455.771 904.417 161.15162
1041.57 1276.271 616.271 1021.917 162.70351
1042.66 1204.771 441.771 862.917 181.1724
1043.74 1191.271 508.271 928.417 162.56261
1044.83 1174.771 543.271 974.917 146.3005
1045.92 938.771 45.771 481.917 204.74803
1047.01 1161.771 617.771 1054.417 124.58612
1048.1 779.771 96.771 402.417 223.46125
1049.19 1014.771 502.271 822.417 160.08328
1050.27 988.271 342.271 705.417 177.88995
1051.36 919.271 305.271 681.417 163.23455
1052.45 1026.271 469.771 875.417 137.18864
1053.54 853.771 466.771 758.417 132.69518
1054.62 900.771 525.271 900.417 100.0944
1055.71 856.771 467.771 822.917 109.53246
1056.8 1021.271 688.271 1055.917 90.57631
1057.88 793.271 328.771 652.417 143.52107
1058.97 895.271 458.771 804.417 126.28532
1060.06 1110.771 834.771 1296.917 59.72142
1061.14 788.271 367.771 664.417 141.75151
1062.23 1463.771 1608.271 2089.917 -30.0013
1063.31 865.271 547.271 887.917 93.35208
1064.4 659.271 279.271 610.417 114.75305
1065.48 788.271 526.771 738.917 123.26424
1066.57 719.771 362.771 691.917 108.46255
1067.65 806.771 543.771 885.417 76.98029
1068.74 703.771 357.271 635.417 124.57492
1069.82 756.271 544.271 856.417 67.91696
1070.9 1731.771 2151.771 2635.417 -86.84035
1071.99 773.271 561.771 908.917 60.9254
1073.07 638.271 491.771 826.917 43.7123
1074.15 755.771 576.771 914.417 53.01412
1075.24 709.771 526.771 764.417 77.00533
1076.32 727.771 625.771 880.417 40.05563
1077.4 959.771 963.771 1324.417 -1.10912
1078.49 552.771 218.271 494.417 121.13165
1079.57 777.771 655.271 905.917 48.87373
1080.65 937.771 866.771 1207.917 20.81221
1081.73 550.771 382.771 651.417 62.53585
1082.81 423.771 238.271 479.917 76.76525
1083.89 630.771 548.771 799.417 32.71548
1084.98 645.271 533.271 847.417 35.65223
1086.06 466.771 267.771 470.917 97.95919
1087.14 502.771 283.771 487.417 107.53965
1088.22 595.271 524.771 765.417 29.29616
1089.3 384.771 261.771 458.417 62.54901
1090.38 943.771 1101.771 1433.417 -47.64121
1091.46 648.771 598.771 838.417 20.86412
1092.54 514.771 405.771 657.917 43.22894
1093.62 495.771 412.771 674.917 31.66176
1094.7 417.271 186.271 429.417 95.00472
1095.78 504.771 490.771 699.917 6.69389
1096.86 604.271 545.771 843.917 19.62127
1097.93 891.271 1146.271 1458.417 -81.69263
1099.01 680.771 802.271 1099.917 -40.82033
1100.09 443.771 334.271 492.917 69.02168
