196.55 1517.669 1299.977 1468.077 129.50176
197.76 1910.613 1894.409 1982.22 18.45349
198.96 1782.855 1747.928 1816.471 50.95636
200.16 1236.903 1105.313 1221.466 113.29053
201.36 2068.387 1973.947 2131.243 60.04014
202.56 1538.519 1390.732 1472.275 181.2376
203.76 1266.476 1081.438 1313.596 79.70342
204.96 1391.933 1374.643 1489.417 15.0641
206.16 1094.93 950.05 1030.371 180.37551
207.36 1679.815 1619.226 1776.337 38.56399
208.56 1482.043 1390.377 1568.635 51.42324
209.76 1068.452 937.698 1050.461 115.95427
210.96 1255.68 1237.848 1334.759 18.40052
212.16 2636.271 2486.932 2571.158 177.3073
213.36 1605.47 1530.752 1573.505 174.76765
214.56 1365.806 1225.948 1408.201 76.73881
215.76 2415.976 2293.438 2320.096 459.66042
216.96 1989.53 1917.508 1996.182 91.544
218.16 1448.17 1385.572 1408.352 274.79369
219.35 1134.586 1019.576 1202.039 63.03184
220.55 1330.844 1276.057 1310.288 160.04807
221.75 1259.976 1096.342 1259.321 100.40169
222.95 2036.535 1844.598 1978.999 142.80972
224.15 1668.908 1464.403 1641.282 115.61885
225.35 1288.72 1166.454 1284.117 103.91193
226.55 1212.0 1085.582 1204.456 106.34607
227.75 1830.535 1747.598 1830.999 99.4441
228.94 1510.952 1510.198 1600.461 0.8355
230.14 1460.833 1342.781 1325.881 0.0
231.34 1258.801 1145.358 1248.385 110.11059
232.54 1200.559 1008.838 1151.134 134.73449
233.74 1169.616 1134.002 1163.766 119.655
234.93 1213.462 1091.973 1243.868 79.98221
236.13 1403.61 1251.316 1453.674 75.25969
237.33 1431.906 1214.81 1369.736 140.1284
238.53 1246.602 1105.537 1252.538 95.96222
239.72 1855.871 1723.89 1862.469 95.23873
240.92 1048.608 868.223 1023.629 116.07322
242.12 1676.949 1572.605 1695.416 84.96333
243.31 1189.798 1111.265 1178.839 116.21863
244.51 1015.957 915.883 1085.052 59.15614
245.71 1769.156 1654.108 1725.124 162.00291
246.9 2218.457 2026.883 2165.052 138.65177
248.1 1453.648 1325.425 1459.762 95.44849
249.3 1344.393 1312.037 1334.059 146.92631
250.49 1303.928 1197.553 1339.601 74.88635
251.69 1586.247 1418.787 1554.798 123.12256
252.89 1375.742 1308.197 1312.482 1576.25912
254.08 1040.952 851.698 932.461 234.33114
255.28 1384.218 1361.457 1415.847 41.84764
256.47 1057.229 761.733 1026.254 111.70954
257.67 1634.269 1465.839 1613.613 113.97822
258.86 1683.067 1596.021 1741.495 59.83602
260.06 1377.635 1282.056 1394.31 85.14528
261.26 1949.766 1863.842 1951.342 98.19895
262.45 1438.731 1317.326 1393.8 158.75379
263.65 931.035 759.694 938.774 95.67876
264.84 1519.094 1345.354 1546.176 86.51451
266.04 1128.742 1036.697 1180.982 63.79393
267.23 874.828 771.191 888.565 88.29645
268.42 1077.989 1041.806 1127.049 42.44709
269.62 1385.677 1262.255 1321.714 207.57776
270.81 1461.089 1305.169 1430.585 124.32215
272.01 1428.645 1258.332 1365.717 158.60093
273.2 1622.28 1534.806 1627.57 94.29719
274.4 1051.651 942.518 1080.308 79.20229
275.59 1512.288 1414.489 1495.432 120.82466
276.78 1397.624 1240.185 1439.127 79.13792
277.98 1245.36 1088.614 1215.562 123.47292
279.17 1365.159 1236.701 1340.67 123.5543
280.37 1263.178 1175.851 1245.989 124.50754
281.56 956.925 750.46 922.555 119.97112
282.75 1061.65 926.422 1096.533 79.49433
283.95 1246.879 1024.668 1228.606 108.96024
285.14 1391.965 1243.162 1343.689 148.02324
286.33 1177.119 1011.095 1123.311 147.94956
287.52 1417.452 1279.793 1407.236 108.01589
288.72 1602.248 1491.383 1593.573 108.48837
289.91 1911.909 1815.499 1911.557 100.36611
291.1 1487.008 1374.361 1514.093 80.61661
292.29 1368.712 1325.771 1411.256 50.23269
293.49 1433.274 1328.62 1455.979 82.17281
294.68 1145.065 986.524 1047.725 259.0501
295.87 1205.454 1068.79 1214.007 94.1106
297.06 1474.995 1338.492 1506.64 81.18005
298.26 739.793 667.675 723.523 129.1332
299.45 1213.298 1067.765 1263.839 74.22382
300.64 1253.844 1090.557 1278.288 86.97905
301.83 1275.801 1235.858 1311.385 52.88646
303.02 1094.895 952.534 1155.829 70.02681
304.21 1540.615 1421.406 1557.49 87.5996
305.4 1291.551 1190.06 1275.497 118.79051
306.59 1431.729 1245.733 1360.254 162.41121
307.79 1243.352 1138.835 1242.425 100.89499
308.98 936.833 890.781 943.881 86.72733
310.17 1556.06 1349.625 1641.459 70.73708
311.36 1269.947 1192.203 1262.92 109.93622
312.55 2021.428 1951.649 2022.376 98.65913
313.74 983.737 907.011 1012.391 72.80858
314.93 1561.543 1384.877 1507.635 143.91376
316.12 1292.024 1084.322 1211.091 163.84292
317.31 819.807 674.043 753.976 182.35829
318.5 1011.237 862.011 969.391 138.9699
319.69 1316.256 1066.066 1293.935 109.79539
320.88 1182.21 990.678 1197.21 92.73696
322.07 1012.911 892.091 1097.603 58.79002
323.26 1138.879 938.573 1055.331 171.55663
324.45 759.925 755.96 830.555 5.31505
325.64 1205.153 1106.111 1205.854 99.29812
326.83 1429.508 1301.361 1449.093 86.74301
328.01 1152.183 1025.441 1160.805 93.63072
329.2 1492.352 1375.835 1560.425 63.12211
330.39 1173.495 1049.992 1228.64 69.13183
331.58 1008.339 788.466 986.472 111.04333
332.77 1746.196 1655.81 1742.257 104.55632
333.96 737.514 608.047 782.184 74.3476
335.15 939.027 743.415 939.637 99.68913
336.33 1041.339 830.966 980.972 140.24272
337.52 1156.425 1009.46 1153.556 101.99131
338.71 1132.355 980.928 1078.471 155.24156
339.9 1011.283 994.399 1018.116 71.18887
341.08 1118.551 1009.655 1130.772 89.90988
342.27 1379.406 1250.406 1517.511 48.2956
343.46 1560.503 1489.675 1635.502 48.5697
344.65 1522.503 1311.675 1542.002 91.53414
345.83 1640.347 1435.15 1622.334 109.62303
347.02 913.433 753.643 945.917 83.1052
348.21 1593.489 1364.806 1642.549 82.33631
349.4 974.078 743.893 982.678 96.3986
350.58 1234.159 994.296 1233.445 100.29866
351.77 1097.616 887.002 1020.266 158.04279
352.96 872.782 615.303 936.341 80.20225
354.14 1279.804 960.451 1360.43 79.84244
355.33 1035.298 846.765 1135.339 65.33285
356.51 939.054 642.748 907.318 111.99549
357.7 1267.374 1023.578 1319.79 82.30463
358.89 1143.809 817.136 1108.521 112.11046
360.07 1570.64 1247.242 1578.901 97.5093
361.26 1687.955 1492.982 1756.557 73.97252
362.44 1389.963 1073.26 1363.694 109.04489
363.63 1193.539 814.978 1250.37 86.94715
364.81 1244.547 874.256 1288.506 89.38815
366.0 969.286 629.683 966.712 100.7638
367.18 2324.845 1896.343 2359.114 92.59481
368.37 1119.936 798.427 1163.013 88.18467
369.55 1451.81 1083.732 1477.296 93.52414
370.74 1667.396 1240.225 1679.88 97.16052
371.92 1907.971 1536.943 1940.055 92.04084
373.11 1248.374 874.174 1243.065 101.43927
374.29 1105.883 727.452 1061.702 113.21786
375.48 1347.853 867.526 1328.476 104.20376
376.66 1158.38 803.764 1223.881 84.40874
377.84 1842.936 1345.927 1844.513 99.6837
379.03 1237.138 733.245 1230.13 101.41022
380.21 1057.165 648.578 1074.811 95.85993
381.39 987.509 454.052 1008.143 96.27596
382.58 1682.345 1166.748 1740.839 89.811
383.76 2028.976 1508.033 2124.371 84.52227
384.94 2233.514 1619.642 2223.959 101.58107
386.13 1424.546 766.661 1266.731 131.5586
387.31 1578.557 934.937 1647.638 90.30712
388.49 1387.458 695.074 1474.103 88.87782
389.68 1775.433 1053.334 1788.467 98.22698
390.86 1728.105 942.321 1819.134 89.61829
392.04 2173.53 1341.604 2229.958 93.64806
393.22 1677.605 752.321 1677.134 100.05103
394.41 1638.13 762.062 1658.769 97.69837
395.59 1372.812 426.825 1514.342 86.98599
396.77 1921.065 870.12 1982.5 94.47715
397.95 2060.189 861.222 2051.171 100.75781
399.13 2289.186 1231.629 2416.125 89.28325
400.31 1905.807 803.734 2078.026 86.48513
401.5 2265.627 1086.469 2343.223 93.82567
402.68 2365.009 1132.052 2481.143 91.39165
403.86 2127.847 790.841 2201.884 94.75304
405.04 2692.718 1253.552 2782.122 94.15115
406.22 2191.869 782.488 2245.974 96.30301
407.4 2676.022 1139.325 2853.821 89.62966
408.58 2819.334 1296.472 2907.932 94.50202
409.76 2989.025 1377.014 3162.142 90.30228
410.94 2779.105 1071.821 2772.134 100.41004
412.12 2648.646 836.928 2742.992 95.0502
413.3 2446.654 804.206 2716.129 85.90556
414.48 2460.119 686.69 2582.086 93.56505
415.66 2701.39 846.54 2731.288 98.41368
416.84 3486.74 1734.2 3554.712 96.26633
418.02 2906.28 1026.901 3029.345 93.85426
419.2 2713.568 819.713 2781.046 96.55958
420.38 2897.898 939.318 3122.425 89.71527
421.56 2976.253 846.568 3035.165 97.30826
422.74 3551.248 1479.978 3680.349 94.13278
423.92 3237.949 1236.296 3499.466 88.44469
425.1 3119.119 880.69 3147.586 98.7442
426.28 2941.557 812.341 3101.863 92.99826
427.46 4067.264 1867.344 4131.572 97.15982
428.63 3258.922 1013.463 3296.785 98.34177
429.81 3211.92 1043.87 3448.74 90.15249
430.99 3476.976 1104.033 3604.871 94.88591
432.17 3902.25 1600.976 4007.119 95.64164
433.35 3640.613 1226.504 3801.495 93.75214
434.52 2941.71 517.774 3005.485 97.43638
435.7 3212.68 763.944 3347.534 94.78037
436.88 3827.533 1247.697 3912.503 96.81137
438.06 3615.987 945.309 3680.779 97.63142
439.23 3589.412 814.187 3635.878 98.35325
440.41 3989.398 1128.223 4072.15 97.18907
441.59 4100.727 1280.331 4219.259 95.96682
442.77 3714.293 816.175 3808.523 96.85098
443.94 4372.928 1263.649 4410.876 98.79422
445.12 4357.078 1302.488 4592.453 92.84568
446.3 4879.205 1652.684 4929.669 98.46002
447.47 4557.202 1265.591 4660.124 96.96801
448.65 4757.549 1323.658 5051.001 92.12703
449.82 4563.549 981.658 4633.501 98.08446
451.0 4823.116 1109.597 4982.541 95.88364
452.18 4916.199 1024.498 5168.578 93.90989
453.35 5158.721 1095.145 5395.668 94.49027
454.53 5407.715 1108.46 5521.077 97.43097
455.7 5294.167 917.075 5469.582 96.14686
456.88 6104.576 1576.896 6334.907 95.15908
458.05 5913.718 1201.052 6203.622 94.2049
459.23 5751.976 840.033 6012.872 94.95643
460.4 6483.721 1213.645 6698.668 96.0812
461.58 6907.783 1368.399 6986.616 98.59683
462.75 6529.578 920.488 6707.453 96.92629
463.93 7137.151 1293.113 7132.083 100.08679
465.1 7143.81 1147.732 7311.296 97.28263
466.28 6985.847 836.245 7099.609 98.18369
467.45 7089.221 753.145 7423.668 94.98619
468.63 7879.046 1198.065 8054.956 97.43455
469.8 8318.77 1508.53 8615.663 95.8226
470.97 8035.925 1016.056 8142.831 98.49995
472.15 8429.0 1255.178 8684.731 96.55792
473.32 8808.347 1385.245 9044.109 96.9217
474.49 9232.85 1596.338 9434.655 97.4254
475.67 8899.003 1180.271 9116.277 97.26217
476.84 8827.089 935.264 9161.36 95.93645
478.01 9614.25 1454.476 9788.119 97.91365
479.19 9633.896 1213.63 9915.604 96.7627
480.36 9618.607 1038.319 9834.404 97.54667
481.53 9873.353 1311.931 10236.2 95.93415
482.7 10120.691 1243.219 10415.941 96.78122
483.88 10077.204 993.588 10358.395 96.99737
485.05 10263.575 1163.396 10542.907 97.02189
486.22 10510.546 1204.47 10760.681 97.38249
487.39 10537.368 919.297 10659.924 98.74181
488.56 10991.095 1326.95 11099.951 98.88615
489.74 11363.052 1634.655 11744.772 96.22437
490.91 10884.949 1006.2 11088.19 97.98412
492.08 10989.595 1161.45 11344.451 96.51521
493.25 11126.724 1010.143 11266.938 98.63296
494.42 11519.997 1195.585 11633.186 98.91557
495.59 11287.532 1161.101 11347.229 99.41395
496.76 11610.132 1146.559 11782.539 98.37902
497.93 11872.592 1370.857 11975.405 99.03048
499.1 11904.446 1318.107 12094.146 98.23962
500.27 12334.17 1866.572 12625.852 97.28902
501.44 12583.28 2012.306 12511.57 100.683
502.61 11558.777 1113.213 11912.024 96.72883
503.78 12064.597 1312.947 12427.222 96.7373
504.95 13062.799 1927.86 13074.114 99.89848
506.12 12210.269 1483.934 12602.388 96.47326
507.29 11933.379 997.668 12047.105 98.97075
508.46 11969.621 633.687 12112.856 98.75221
509.63 13387.121 1972.687 13488.356 99.12089
510.8 13489.227 1968.735 13609.483 98.96693
511.97 12880.245 1234.79 13305.027 96.48075
513.14 12652.301 834.858 12912.385 97.84655
514.31 13411.86 1533.614 13660.062 97.95322
515.48 13171.836 1162.874 13197.927 99.78321
516.65 13025.675 1094.758 13095.943 99.41449
517.81 13366.842 999.559 13167.518 101.63811
518.98 13720.229 1274.828 13791.529 99.43035
520.15 13193.799 784.265 13329.339 98.91958
521.32 14091.64 1327.242 14291.4 98.45913
522.49 15269.25 2226.88 15044.844 101.75072
523.65 14685.236 1927.011 15039.391 97.29908
524.82 14360.503 1242.271 14595.277 98.24179
525.99 14188.422 657.367 14265.51 99.43352
527.16 15366.261 1331.156 15329.251 100.26439
528.32 15069.086 1364.171 15375.314 97.81439
529.49 14967.813 1067.729 15271.566 97.86147
530.66 15126.43 608.05 15059.871 100.46056
531.82 15360.334 842.376 15255.156 100.72975
532.99 15568.704 946.588 16052.395 96.79798
534.16 16181.239 1044.104 16379.937 98.70436
535.32 16509.252 1503.473 16681.889 98.86262
536.49 16730.84 851.966 16728.973 100.01176
537.65 17533.83 1647.283 17814.111 98.26632
538.82 17334.221 822.55 17439.893 99.36409
539.99 18178.809 1215.136 18256.521 99.54398
541.15 18665.266 1388.937 18845.617 98.96686
542.32 18808.699 778.402 18709.303 100.55433
543.48 19762.35 1470.742 19664.379 100.53849
544.65 20182.191 1604.124 20111.666 100.38106
545.81 21570.17 2196.072 22201.352 96.84492
546.98 21670.748 1139.287 21878.299 98.99923
548.14 22661.17 1557.572 22616.352 100.21283
549.31 22413.908 925.499 22535.057 99.43938
550.47 23226.27 1109.934 23259.889 99.84822
551.63 24447.342 1734.559 24572.518 99.4519
552.8 24858.383 1054.761 24695.152 100.69047
553.96 24213.65 1027.018 24477.809 98.87356
555.13 24625.855 1095.928 25045.971 98.24587
556.29 26348.99 1701.806 26438.049 99.63997
557.45 26009.627 907.373 26256.947 99.02436
558.62 26395.82 1256.912 26532.428 99.45953
559.78 27246.748 1430.287 27305.299 99.77372
560.94 28122.992 1132.399 27893.594 100.85721
562.11 28204.783 1057.303 28391.84 99.31568
563.27 28225.406 773.906 28327.512 99.62943
564.43 28387.959 651.976 28605.598 99.22143
565.59 29214.086 835.576 29441.039 99.20661
566.76 29345.504 1039.771 29812.277 98.37771
567.92 30404.465 1234.566 30447.914 99.85127
569.08 31765.473 1472.845 31358.551 101.36159
570.24 31344.4 1024.316 31587.695 99.20397
571.4 31484.322 818.505 31947.475 98.51215
572.57 31690.379 981.073 32060.33 98.80965
573.73 32964.508 706.861 33351.594 98.81425
574.89 32859.867 1065.204 33134.379 99.144
576.05 34148.035 1225.694 34211.773 99.80677
577.21 33485.723 810.143 33633.438 99.54997
578.37 34059.148 598.925 34152.262 99.72249
579.53 35329.469 797.752 35345.504 99.95359
580.69 35172.887 1322.351 36328.469 96.69891
581.85 35734.719 1113.457 35875.848 99.59402
583.01 36173.996 1096.992 36358.641 99.47636
584.17 36275.895 1176.037 36684.059 98.8505
585.33 37013.922 1333.367 37089.012 99.78999
586.49 37496.824 1088.598 37534.02 99.89794
587.65 37052.996 1356.585 37827.188 97.87722
588.81 37812.715 1359.364 38187.801 98.98153
589.97 38112.891 1749.444 38298.512 99.49213
591.13 38339.109 1203.819 38559.902 99.40895
592.29 38694.109 1152.316 39193.176 98.68808
593.45 38405.367 975.797 38263.922 100.37933
594.61 38298.246 974.29 38652.027 99.06103
595.77 38363.234 919.418 38933.344 98.50026
596.93 38374.469 858.755 38457.734 99.77854
598.09 38585.945 1262.607 39183.645 98.42383
599.24 38699.523 1005.822 39146.09 98.82915
600.4 38966.824 1180.098 39324.02 99.06356
601.56 38673.875 1077.983 39772.016 97.16199
602.72 39781.125 1283.778 39916.172 99.65043
603.87 38606.84 1379.871 39325.695 98.10557
605.03 39341.125 1062.278 39978.172 98.36302
606.19 40437.129 1013.37 40235.719 100.51351
607.35 38370.109 868.316 38412.676 99.88662
608.5 41135.441 1451.922 41656.555 98.70385
609.66 39364.055 1915.246 39878.09 98.64595
610.82 39126.754 987.066 39827.434 98.196
611.97 38888.988 999.306 39393.051 98.68712
613.13 38898.055 1501.153 38826.543 100.19159
614.29 40000.371 1428.89 39653.969 100.90622
615.44 39763.68 1609.848 39877.758 99.7019
616.6 38789.676 981.755 38666.715 100.32629
617.76 39360.457 1553.883 39462.051 99.732
618.91 39591.535 1572.098 39633.0 99.89106
620.07 39501.059 1584.338 40462.633 97.52671
621.22 38996.523 872.822 39094.09 99.74473
622.38 40028.488 2023.306 40242.551 99.43991
623.53 39056.324 887.505 39150.973 99.75264
624.69 37882.383 996.258 39424.422 95.98722
625.84 38603.973 995.345 39245.551 98.32268
627.0 39110.418 1398.87 39587.738 98.75011
628.15 38400.453 818.79 38811.508 98.91807
629.31 39423.0 1199.678 39537.73 99.70074
630.46 38036.32 794.412 38478.93 98.82549
631.61 38715.09 1195.262 39394.129 98.22236
632.77 39426.672 1133.165 39081.898 100.90852
633.92 38062.996 1348.492 38807.641 98.01212
635.08 38996.797 1863.267 39023.07 99.9293
636.23 38979.492 1158.399 39014.094 99.9086
637.38 39128.578 745.393 39444.176 99.18448
638.54 39615.031 1562.101 40090.227 98.76663
639.69 40335.5 1854.582 40522.957 99.51522
640.84 39780.855 1302.472 40425.492 98.35228
641.99 39096.906 870.466 39348.039 99.34733
643.15 40270.961 1707.96 40674.59 98.96417
644.3 39657.016 913.454 40219.141 98.56986
645.45 38996.566 757.448 39276.691 99.27277
646.6 40116.621 1723.942 39482.242 101.6801
647.75 39633.676 988.935 40235.793 98.46582
648.91 38396.727 675.929 38627.344 99.39234
650.06 39923.781 1011.423 40480.895 98.5885
651.21 39988.336 1356.917 40454.445 98.80783
652.36 41210.387 1226.911 41564.496 99.12214
653.51 40761.441 895.405 40485.047 100.69815
654.66 40610.496 1117.899 40683.098 99.8165
655.81 41442.547 1402.893 41599.648 99.60917
656.96 41277.102 696.387 41494.699 99.46665
658.11 41188.156 1111.381 41527.25 99.16099
659.27 40854.207 1338.875 41410.801 98.61101
660.42 41917.762 827.369 42195.348 99.32898
661.57 41544.813 1244.363 42177.898 98.45338
662.72 41148.367 684.857 41365.949 99.46515
663.87 41136.422 677.851 41650.0 98.74652
665.01 41948.973 1122.345 42599.551 98.43148
666.16 42308.027 884.839 42831.602 98.75181
667.31 43664.582 932.333 44152.152 98.87188
668.46 43846.633 1611.827 44582.203 98.28819
669.61 44718.688 1002.821 45205.754 98.89811
670.76 43836.742 885.815 44848.305 97.69903
671.91 45559.293 1674.808 45945.855 99.12683
673.06 45620.848 1348.302 46260.406 98.57598
674.21 45785.902 722.296 45359.957 100.95423
675.35 45582.453 1151.29 44976.508 101.38264
676.5 46250.508 1092.784 46855.059 98.67893
677.65 45751.063 897.778 45309.109 100.99514
678.8 46166.613 684.772 46746.656 98.74073
679.94 46660.668 917.766 46943.707 99.38504
681.09 49260.223 1256.76 49671.758 99.14998
682.24 49070.273 1347.754 49220.809 99.68555
683.39 49736.828 861.248 50009.859 99.44448
684.53 51071.379 1380.742 51695.41 98.75974
685.68 52798.934 1154.736 53279.461 99.07812
686.83 50571.488 1227.73 51274.012 98.59625
687.97 51342.539 878.724 51072.063 100.53887
689.12 52606.594 923.218 52493.113 100.22005
690.27 52303.648 786.712 52814.664 99.01781
691.41 51548.699 1340.706 52109.215 98.89594
692.56 52111.754 1192.2 53431.266 97.47409
693.7 52043.809 1125.194 52275.316 99.5474
694.85 52306.359 726.688 53831.367 97.1283
695.99 53052.414 1215.182 53286.918 99.54965
697.14 55146.469 1093.676 55459.965 99.42336
698.28 52773.52 1249.169 53895.516 97.86881
699.43 53448.074 1183.163 53765.066 99.39715
700.57 53486.629 698.157 54502.617 98.1117
701.72 52445.68 829.151 53611.168 97.79188
702.86 53893.734 624.145 54756.219 98.4067
704.01 54969.289 849.139 55011.77 99.92157
705.15 56985.84 1351.633 57276.82 99.4797
706.29 54084.395 979.627 53834.371 100.47304
707.44 56236.445 1117.621 57186.422 98.30569
708.58 56162.5 759.115 56656.973 99.1154
709.72 56112.055 1652.609 56387.023 99.49763
710.87 56079.105 633.603 56811.574 98.69616
712.01 56667.66 876.097 56930.625 99.53088
713.15 56736.715 1090.591 57445.676 98.74198
714.3 57851.766 1242.085 58236.223 99.32544
715.44 58880.82 913.579 59205.773 99.44254
716.58 57562.375 1166.573 58115.824 99.02817
717.72 57080.926 704.567 57891.375 98.5828
718.87 57670.48 927.061 57335.426 100.59398
720.01 58994.535 834.555 59235.477 99.58744
721.15 57670.086 570.549 57304.527 100.64434
722.29 57790.641 1169.042 57845.078 99.90395
723.43 57600.695 1287.036 58928.129 97.69707
724.57 57704.746 1055.53 57864.68 99.71847
725.72 58214.801 882.024 58990.73 98.66469
726.86 57681.355 1464.518 57626.281 100.09806
728.0 59049.406 826.512 59164.332 99.803
729.14 59030.961 758.506 59548.883 99.11904
730.28 60228.016 1266.0 59959.934 100.45675
731.42 60078.066 612.994 59466.984 101.0383
732.56 61431.121 1535.988 61504.031 99.87842
733.7 59782.172 1135.982 59727.082 100.09402
734.84 58540.727 601.476 59133.133 98.98789
735.98 59777.281 972.47 60925.184 98.08532
737.12 58635.332 664.464 59174.234 99.07895
738.26 58319.387 786.458 58674.785 99.38606
739.4 59656.941 1009.952 60203.336 99.07693
740.53 58677.992 1234.946 59079.387 99.30608
741.67 58755.047 1050.44 59032.938 99.52073
742.81 59478.102 540.934 59024.488 100.77563
743.95 60273.152 995.928 59168.539 101.89885
745.09 59755.207 740.422 59995.09 99.59517
746.23 58729.762 1222.416 59953.141 97.91697
747.36 59801.313 1279.409 61276.191 97.54174
748.5 59711.867 794.903 61611.742 96.87607
749.64 58151.922 839.397 58732.793 98.99665
750.78 59661.973 758.391 59515.84 100.24871
751.92 59608.027 890.885 60904.891 97.83907
753.05 59899.582 921.379 59285.941 101.05139
754.19 58501.633 1394.873 58359.992 100.24864
755.33 58860.688 583.867 59226.043 99.37697
756.46 57495.238 1001.861 58310.594 98.57726
757.6 56344.293 692.855 57365.645 98.19781
758.74 57570.848 1356.349 58071.195 99.11778
759.87 57414.898 778.843 57201.746 100.37778
761.01 57091.953 486.837 56824.297 100.47509
762.14 56134.508 566.831 57044.848 98.38815
763.28 56706.559 799.325 57173.898 99.17101
764.41 57112.113 626.819 57182.949 99.87475
765.55 56238.668 203.813 56357.5 99.78838
766.69 57055.219 808.307 56586.051 100.84114
767.82 56004.273 893.301 56138.602 99.75685
768.95 54415.828 586.295 54162.148 100.4735
770.09 56387.379 1378.288 56006.699 100.69685
771.22 54952.434 1400.782 54892.75 100.11157
772.36 53745.488 1263.776 54256.301 99.03607
773.49 53982.539 1225.77 54383.852 99.24506
774.63 51934.594 851.264 52321.402 99.24848
775.76 54774.648 751.258 54885.953 99.79439
776.89 52638.699 1144.252 53674.004 98.02911
778.03 53260.754 972.246 52336.555 101.7993
779.16 52714.305 617.74 52877.105 99.68848
780.29 50870.859 947.234 51847.656 98.08097
781.43 50976.414 1312.728 51423.707 99.1074
782.56 50763.965 930.222 50899.258 99.72925
783.69 48746.02 607.716 49748.309 97.96036
784.82 50204.074 785.21 49614.859 101.20667
785.96 49807.625 712.204 49471.906 100.68852
787.09 49111.18 770.698 49026.457 100.17557
788.22 49997.734 916.692 50007.508 99.98009
789.35 48016.785 579.186 48530.559 98.92855
790.48 47569.34 714.18 47772.109 99.56911
791.62 48092.395 1073.174 48850.16 98.41395
792.75 47171.445 489.668 47627.211 99.03312
793.88 47207.0 1236.661 47463.762 99.44456
795.01 46224.555 876.155 47340.313 97.59867
796.14 46126.105 907.649 46555.363 99.05963
797.27 46011.16 968.643 46124.914 99.74809
798.4 45544.215 760.637 46249.465 98.44962
799.53 45726.766 523.631 45430.516 100.6597
800.66 46140.32 754.625 46188.066 99.89491
801.79 45611.875 1929.619 45467.117 100.33249
802.92 43683.426 635.113 44036.668 99.18611
804.05 43717.48 860.607 43972.215 99.40913
805.18 44246.531 673.101 43939.266 100.71018
806.31 44302.586 668.595 44797.316 98.87889
807.44 43641.141 407.589 44292.867 98.51493
808.57 44036.191 828.583 44442.918 99.06745
809.69 43038.246 835.577 43361.969 99.23877
810.82 42298.801 268.071 41910.02 100.93363
811.95 41707.852 1536.065 41944.07 99.41542
813.08 41395.906 473.559 41414.121 99.95551
814.21 41800.961 1475.053 42449.672 98.4168
815.33 41037.512 639.547 40711.223 100.81426
816.46 40570.566 636.541 40607.773 99.90692
817.59 39653.121 1161.535 40373.324 98.1633
818.72 40466.672 833.529 40714.875 99.37765
819.84 40116.727 1317.022 40060.926 100.14402
820.97 39188.781 903.016 39603.477 98.92845
822.1 37612.832 1023.01 38340.023 98.05131
823.22 36852.887 325.504 36958.574 99.7115
824.35 36894.441 403.998 37744.125 97.72448
825.48 35784.492 1032.992 35852.676 99.80418
826.6 35370.547 643.986 35570.727 99.42686
827.73 35164.098 224.48 35839.777 98.10284
828.85 33639.152 622.974 33744.328 99.68245
829.98 35313.207 1010.468 34808.879 101.49217
831.11 35351.258 391.462 35855.93 98.57696
832.23 35123.313 346.956 35085.48 100.10891
833.36 33862.867 941.45 34406.031 98.3769
834.48 33386.418 594.944 33802.582 98.74678
835.6 33710.973 857.438 34297.633 98.24564
836.73 32920.527 307.432 33055.184 99.58881
837.85 33460.078 882.926 34044.734 98.23696
838.98 32368.133 228.92 32408.783 99.87368
840.1 32884.188 732.414 32830.832 100.16622
841.23 33904.738 753.908 33475.883 101.3106
842.35 32745.793 1165.401 33288.434 98.31074
843.47 31401.346 605.895 31556.984 99.49715
844.6 31068.9 315.389 31638.035 98.18299
845.72 32311.953 495.383 31882.586 101.36797
846.84 31683.006 469.377 31296.137 101.25498
847.96 31120.559 464.371 31899.188 97.52304
849.09 30993.613 390.865 31533.738 98.26565
850.21 30264.166 579.859 30625.289 98.79808
851.33 30352.719 758.353 30542.34 99.36335
852.45 30623.273 340.347 31219.389 98.06952
853.57 30468.826 623.841 30644.939 99.41337
854.7 28607.379 379.335 29228.99 97.84534
855.82 29178.434 343.829 29296.541 99.59207
856.94 29912.986 853.823 29967.092 99.81416
858.06 29240.039 177.817 28879.643 101.25566
859.18 29130.092 762.311 29481.693 98.77573
860.3 28447.146 546.305 28860.744 98.53927
861.42 27895.699 116.799 28400.293 98.21594
862.54 28798.252 215.793 28931.844 99.53478
863.66 29732.307 289.287 29698.395 100.11531
864.78 27645.359 524.781 27900.445 99.0682
865.9 27626.912 640.775 27936.496 98.86581
867.02 30249.467 1717.268 30186.547 100.22101
868.14 29291.52 1258.262 29551.598 99.08078
869.26 28469.072 838.256 28394.148 100.2719
870.38 27293.625 153.75 27413.697 99.55953
871.5 26341.68 173.244 27025.248 97.45431
872.62 25040.232 293.738 26275.799 95.24454
873.74 26693.785 969.232 26843.35 99.42195
874.85 27536.563 343.229 27284.625 100.93513
875.97 26347.563 580.729 26137.625 100.82145
877.09 26148.063 688.229 26464.125 98.77381
878.21 26077.063 503.729 25988.125 100.34899
879.33 25873.063 660.729 26136.125 98.96739
880.44 24745.563 575.229 24863.625 99.51391
881.56 25196.563 427.729 25675.625 98.10256
882.68 25665.063 580.229 26322.125 97.4475
883.79 26027.063 1213.229 25927.625 100.40235
884.91 24849.563 221.229 24993.125 99.42046
886.03 25750.063 674.729 25612.125 100.55314
887.14 24823.563 931.229 24933.625 99.54145
888.26 24447.563 1007.729 24240.125 100.89288
889.38 24844.063 845.729 25052.625 99.13842
890.49 25119.063 136.729 25526.125 98.39672
891.61 25913.563 593.729 25815.625 100.3883
892.72 25458.563 263.229 25648.625 99.25129
893.84 25952.563 113.229 25860.125 100.35902
894.95 26483.563 175.229 26487.625 99.98456
896.07 26330.563 370.729 26107.125 100.86818
897.18 26499.563 593.229 26594.125 99.63631
898.3 25239.563 161.229 25740.125 98.04306
899.41 25422.563 793.729 25713.125 98.83399
900.53 24767.563 558.729 25628.125 96.56728
901.64 25588.063 651.729 25970.625 98.48902
902.75 26271.563 457.229 26757.625 98.15188
903.87 25140.563 289.729 25484.625 98.6344
904.98 24725.563 658.729 24654.625 100.29562
906.09 24635.563 401.729 24634.625 100.00387
907.21 24166.063 637.229 23786.125 101.64128
908.32 23671.563 340.729 23721.125 99.78802
909.43 24665.063 800.229 24497.625 100.70656
910.54 23947.063 539.229 24454.125 97.87972
911.66 25149.563 1471.729 24663.125 102.09749
912.77 22869.063 286.229 22537.125 101.49179
913.88 22844.063 472.729 23485.625 97.21216
914.99 22552.563 275.229 22674.625 99.45506
916.1 22099.063 517.729 22313.625 99.01558
917.22 21510.563 238.229 21503.125 100.03498
918.33 22331.563 849.229 22336.125 99.97877
919.44 22745.063 479.229 23368.125 97.27788
920.55 22085.063 980.229 22042.625 100.20148
921.66 20784.063 674.729 21028.125 98.80088
922.77 21919.063 655.729 21377.625 102.61288
923.88 21714.063 898.729 21208.125 102.49115
924.99 20332.063 604.229 20226.125 100.53989
926.1 19441.563 110.229 19644.625 98.96049
927.21 20506.063 955.229 20969.625 97.68385
928.32 18652.063 60.729 18987.625 98.22706
929.43 17897.563 464.729 17910.125 99.92799
930.54 17948.063 316.229 17962.125 99.92031
931.65 19049.563 384.229 18848.625 101.08824
932.76 18325.063 547.729 18294.625 100.17151
933.86 16656.563 427.229 16937.125 98.30064
934.97 15931.063 283.729 15978.125 99.70013
936.08 15841.063 262.729 15670.125 101.10945
937.19 15308.063 837.729 15335.625 99.80989
938.3 13927.063 635.229 13961.625 99.74065
939.4 13116.063 851.229 13430.625 97.49938
940.51 11824.063 413.229 11857.625 99.70673
941.62 11365.563 578.229 11275.625 100.84074
942.73 11508.063 1341.729 11535.625 99.72962
943.83 10484.063 498.229 10521.625 99.62525
944.94 10724.563 468.729 10586.625 101.3633
946.05 10066.563 -8.771 9940.125 101.27087
947.15 10076.063 95.229 10235.625 98.42647
948.26 10381.063 401.229 10564.625 98.19389
949.36 10608.063 214.229 10854.125 97.68736
950.47 12085.563 474.229 12382.125 97.50953
951.57 12380.063 1038.229 12525.625 98.73285
952.68 12082.063 710.229 12094.625 99.88965
953.79 12067.063 668.229 12134.625 99.41078
954.89 11738.063 335.729 11492.625 102.19987
955.99 12470.563 626.229 12270.125 101.7214
957.1 12327.563 366.729 12352.625 99.7909
958.2 12532.563 417.729 12489.125 100.35984
959.31 12847.563 650.229 13240.625 96.87808
960.41 12510.063 240.729 12570.625 99.50882
961.52 12527.563 157.229 12546.625 99.84614
962.62 12854.063 591.229 13187.625 97.35192
963.72 13115.063 115.229 13626.625 96.21384
964.83 12572.063 37.229 12657.125 99.32597
965.93 12247.563 561.729 12517.125 97.74526
967.03 12998.063 847.229 12935.125 100.52067
968.13 13026.063 667.729 13069.125 99.65276
969.24 12591.063 262.229 12850.125 97.94197
970.34 11853.563 359.229 11852.625 100.00816
971.44 12068.063 443.729 12252.125 98.44126
972.54 12344.563 525.229 12481.125 98.85778
973.64 12139.563 240.729 12050.125 100.75734
974.75 13237.563 1283.729 12918.625 102.74121
975.85 15377.063 3546.729 15501.125 98.9622
976.95 12262.063 311.729 12315.625 99.55379
978.05 12287.563 634.729 12609.625 97.31052
979.15 12154.063 1091.229 12670.125 95.54308
980.25 11507.563 229.729 11239.625 102.43361
981.35 11729.563 291.229 11579.125 101.33273
982.45 12259.563 1123.729 12052.625 101.89349
983.55 11533.063 772.729 11245.625 102.74458
984.65 11435.563 583.729 11410.125 100.23496
985.75 11126.063 826.229 10988.625 101.35241
986.85 11115.563 594.729 11181.125 99.38069
987.95 10733.063 310.229 10922.125 98.21839
989.05 11140.563 951.729 11134.625 100.05831
990.15 10577.563 770.229 10673.625 99.03
991.25 10459.063 548.729 10309.625 101.53098
992.34 10778.063 974.229 10804.125 99.73486
993.44 9974.563 597.229 9851.125 101.3339
994.54 9579.563 486.729 9829.625 97.3235
995.64 10038.063 909.729 10093.125 99.40041
996.74 10329.563 1008.729 10399.125 99.25922
997.83 9020.063 180.229 8810.625 102.42674
998.93 8727.563 469.729 8526.625 102.49398
1000.03 10163.563 1488.229 10064.125 101.1595
1001.12 8981.563 950.729 9133.625 98.1417
1002.22 9319.063 1006.729 9446.125 98.49441
1003.32 8463.063 398.229 8497.125 99.57942
1004.41 7905.563 633.729 8140.125 96.87516
1005.51 7749.063 569.229 7961.625 97.12458
1006.6 7649.563 331.229 7491.625 102.20571
1007.7 7718.563 786.729 7732.125 99.80473
1008.8 6865.063 167.229 6967.125 98.49906
1009.89 7398.563 720.229 7386.125 100.18658
1010.99 7176.563 591.729 7048.625 101.98141
1012.08 7286.563 186.229 7296.125 99.8655
1013.18 8135.563 486.229 8030.125 101.39765
1014.27 8319.063 395.229 8184.625 101.7259
1015.36 8456.063 476.229 8311.625 101.8434
1016.46 8671.563 544.229 8542.625 101.61204
1017.55 7721.063 292.729 7864.625 98.10401
1018.65 7878.563 581.729 8065.125 97.50698
1019.74 7494.063 772.229 7645.125 97.80205
1020.83 7373.063 618.229 7416.125 99.36653
1021.93 6861.563 498.229 7189.125 95.10436
1023.02 6677.563 175.729 6664.625 100.19938
1024.11 6342.063 203.229 6349.125 99.88509
1025.2 5815.563 175.229 5929.125 98.02634
1026.3 6337.563 654.729 6321.625 100.28124
1027.39 6416.563 817.729 6383.125 100.60081
1028.48 5835.063 642.729 5979.625 97.29126
1029.57 5670.063 436.229 5648.625 100.41128
1030.66 5520.563 572.729 5449.625 101.45456
1031.75 6627.063 1766.729 6494.125 102.81207
1032.84 5832.063 792.729 5607.625 104.66132
1033.94 5020.063 238.729 4971.625 101.02342
1035.03 5561.063 896.729 5472.625 101.93268
1036.12 4568.563 162.729 4471.125 102.26157
1037.21 4556.063 235.729 4562.125 99.85987
1038.3 4768.563 662.229 4776.125 99.81617
1039.39 4236.563 244.729 4211.625 100.62864
1040.48 4340.063 631.729 4306.625 100.90989
1041.57 4380.063 702.229 4288.125 102.56386
1042.66 4196.563 562.229 4219.625 99.36943
1043.74 4328.563 663.729 4464.625 96.42025
1044.83 4236.063 699.229 4136.625 102.89281
1045.92 3659.063 210.229 3480.125 105.47227
1047.01 3956.563 782.229 3992.625 98.8767
1048.1 3173.063 187.729 3207.125 98.87188
1049.19 3634.063 545.729 3552.125 102.72544
1050.27 3367.063 426.729 3331.125 101.23735
1051.36 3262.563 469.229 3256.125 100.23099
1052.45 3273.563 680.229 3290.625 99.34636
1053.54 3241.563 567.229 3351.125 96.06442
1054.62 3307.063 690.729 3322.625 99.4087
1055.71 3034.063 601.729 3071.625 98.47919
1056.8 3212.063 860.229 3193.125 100.81176
1057.88 2793.563 435.729 2865.125 97.05431
1058.97 2782.063 495.729 2820.625 98.34132
1060.06 3226.563 1025.729 3225.625 100.04262
1061.14 2676.063 500.729 2643.625 101.51372
1062.23 3952.563 1947.229 3872.625 104.15174
1063.31 2765.063 681.729 2741.625 101.1378
1064.4 2354.063 387.729 2366.625 99.36518
1065.48 2539.563 598.729 2542.125 99.86814
1066.57 2425.063 486.229 2459.125 98.27348
1067.65 2574.563 701.729 2547.125 101.48681
1068.74 2300.063 490.729 2200.625 105.81541
1069.82 2271.563 663.729 2190.625 105.30079
1070.9 4076.063 2472.229 4081.125 99.68534
1071.99 2373.063 714.229 2298.625 104.69816
1073.07 2147.063 699.229 2170.125 98.43208
1074.15 2210.563 661.229 2277.625 95.85111
1075.24 1955.563 662.229 2013.125 95.73894
1076.32 2091.563 703.229 2156.625 95.52341
1077.4 2591.563 1180.229 2652.125 95.88541
1078.49 1690.563 362.229 1689.625 100.07063
1079.57 2152.563 787.229 2097.125 104.23221
1080.65 2317.563 1155.729 2278.125 103.51369
1081.73 1737.563 596.729 1754.625 98.52642
1082.81 1538.063 379.729 1603.125 94.68181
1083.89 1894.563 705.229 1898.625 99.65958
1084.98 1803.563 714.729 1901.625 91.7379
1086.06 1487.563 348.229 1418.125 106.49012
1087.14 1518.563 399.729 1524.125 99.50529
1088.22 1744.063 636.729 1734.125 100.90555
1089.3 1423.063 339.229 1342.625 108.01653
1090.38 2280.063 1283.229 2283.625 99.64389
1091.46 1719.563 821.729 1708.625 101.23323
1092.54 1388.563 461.729 1484.625 90.60877
1093.62 1527.563 540.229 1456.625 107.74092
1094.7 1226.563 390.229 1254.125 96.80951
1095.78 1483.063 571.229 1413.125 108.30714
1096.86 1540.563 751.229 1541.625 99.86557
1097.93 2128.563 1432.729 2117.625 101.59696
1099.01 1776.563 948.729 1681.625 112.95375
1100.09 1250.563 412.729 1219.625 103.83414
