196.55 801.238 972.948 1339.379 -46.8599
197.76 1026.977 1427.472 1995.603 -70.49334
198.96 981.532 1340.45 1803.191 -77.56368
200.16 667.702 796.077 1227.164 -29.77955
201.36 1047.518 1587.379 2062.06 -113.7314
202.56 758.57 990.115 1401.163 -56.33052
203.76 652.559 849.94 1265.984 -47.44212
204.96 760.549 932.264 1411.806 -35.80825
206.16 510.116 712.367 946.298 -86.45699
207.36 900.454 1181.173 1687.519 -55.44
208.56 766.552 1052.507 1476.29 -67.47674
209.76 543.871 637.704 982.138 -27.24269
210.96 687.969 888.539 1380.408 -40.77691
212.16 1420.943 2056.997 2537.841 -132.27874
213.36 853.694 1126.644 1600.47 -57.60567
214.56 748.656 890.479 1274.997 -36.88349
215.76 1234.559 1834.94 2402.485 -105.78557
216.96 1075.094 1568.862 2050.473 -102.52423
218.16 766.945 985.792 1447.599 -47.38928
219.35 672.856 716.838 1152.749 -10.08973
220.55 715.301 872.359 1328.661 -34.41988
221.75 670.853 810.596 1150.265 -41.14085
222.95 1063.254 1461.314 1932.768 -84.43238
224.15 865.861 1090.029 1574.459 -46.27458
225.35 658.341 782.472 1287.36 -24.58597
226.55 656.541 792.831 1188.111 -34.47937
227.75 1020.754 1378.814 1879.768 -71.4756
228.94 844.871 1122.204 1555.138 -64.05904
230.14 768.777 919.113 1379.351 -32.6648
231.34 719.497 847.028 1265.702 -30.46073
232.54 599.942 780.549 1133.115 -51.22667
233.74 688.409 805.869 1171.11 -32.15952
234.93 717.396 791.951 1221.947 -17.33859
236.13 754.044 951.574 1439.095 -40.5171
237.33 733.428 930.131 1313.452 -51.31553
238.53 726.246 887.381 1239.073 -45.81688
239.72 991.922 1373.993 1901.015 -72.49614
240.92 601.611 562.676 918.088 10.95499
242.12 909.939 1152.807 1622.13 -51.74846
243.31 649.564 755.63 1186.695 -24.60565
244.51 568.737 627.0 952.653 -17.89114
245.71 980.781 1278.803 1722.062 -67.23433
246.9 1182.737 1688.0 2212.153 -96.39613
248.1 764.689 950.954 1448.759 -37.41714
249.3 757.677 982.33 1398.854 -53.93527
250.49 729.39 893.313 1321.511 -38.28209
251.69 839.462 1049.106 1539.214 -42.77505
252.89 718.802 916.154 1388.919 -41.74416
254.08 590.371 579.204 954.138 2.97841
255.28 730.614 976.919 1400.072 -58.20682
256.47 533.139 577.666 955.382 -11.78837
257.67 872.011 1159.099 1530.833 -77.22958
258.86 953.534 1172.898 1590.417 -52.54015
260.06 764.732 917.809 1356.442 -34.8987
261.26 1069.784 1459.546 1914.546 -85.66179
262.45 709.572 939.063 1294.389 -64.58617
263.65 520.46 565.158 907.488 -13.05691
264.84 871.154 1081.531 1469.771 -54.18751
266.04 659.802 804.154 1217.419 -34.92959
267.23 489.117 487.661 823.556 0.43353
268.42 607.517 706.584 1015.802 -32.03826
269.62 758.536 882.641 1322.401 -28.22091
270.81 757.289 959.736 1397.256 -46.27152
272.01 727.257 923.056 1333.752 -47.67507
273.2 863.948 1164.034 1567.583 -74.36192
274.4 573.122 664.852 908.767 -37.60718
275.59 854.539 1028.883 1499.385 -37.05486
276.78 776.501 892.718 1361.913 -24.7695
277.98 590.397 772.746 1191.206 -43.57613
279.17 722.714 903.201 1285.069 -47.26416
280.37 671.243 837.985 1198.621 -46.23558
281.56 493.457 528.915 926.504 -8.91831
282.75 574.916 617.508 1021.047 -10.55456
283.95 627.72 801.186 1237.537 -39.75372
285.14 654.535 863.193 1247.675 -54.26994
286.33 650.842 700.267 1012.118 -15.84886
287.52 730.078 948.548 1368.358 -52.04046
288.72 872.168 1136.95 1615.434 -55.33761
289.91 1010.567 1410.373 1957.179 -73.11654
291.1 810.839 1007.024 1453.634 -43.92773
292.29 774.749 997.623 1395.057 -56.07823
293.49 757.582 1044.239 1446.568 -71.24923
294.68 656.807 729.845 997.629 -27.27471
295.87 667.304 803.102 1201.145 -34.11638
297.06 808.882 940.38 1418.817 -27.4849
298.26 404.405 420.179 733.9 -5.02802
299.45 698.064 789.13 1098.195 -29.46511
300.64 674.801 822.859 1190.661 -40.25498
301.83 727.997 857.028 1294.202 -29.51483
303.02 608.904 630.384 1057.142 -5.03345
304.21 879.203 1123.525 1573.39 -54.31006
305.4 705.644 875.356 1160.092 -59.60335
306.59 752.639 920.166 1316.882 -42.2283
307.79 656.599 803.053 1187.683 -38.07642
308.98 542.277 579.113 932.851 -10.41335
310.17 832.56 966.081 1430.275 -28.76406
311.36 752.418 857.597 1178.563 -32.76934
312.55 1150.096 1560.657 2066.731 -81.12666
313.74 537.937 584.359 957.404 -12.44397
314.93 832.552 1009.007 1474.29 -37.92421
316.12 662.729 787.067 1192.958 -30.63323
317.31 463.362 406.823 740.217 16.95853
318.5 546.937 574.859 920.404 -8.08047
319.69 688.76 830.799 1262.736 -32.88417
320.88 629.816 736.225 1134.55 -26.71417
322.07 584.0 607.271 993.686 -6.02222
323.26 548.014 607.342 935.817 -18.06169
324.45 474.957 447.415 793.504 7.95802
325.64 624.055 766.749 1195.274 -33.29904
326.83 792.339 996.024 1395.634 -50.97112
328.01 646.902 738.436 1110.916 -24.57435
329.2 785.599 976.053 1403.683 -44.53694
330.39 619.382 727.38 1086.817 -30.04642
331.58 508.642 542.908 969.366 -8.03505
332.77 935.859 1253.081 1742.233 -64.85135
333.96 360.205 448.82 671.648 -39.76838
335.15 518.662 524.964 868.466 -1.83483
336.33 490.642 590.908 878.866 -34.81968
337.52 561.457 719.415 1040.504 -49.19461
338.71 592.032 710.45 1050.191 -34.8556
339.9 548.38 614.932 995.09 -17.50629
341.08 601.85 688.2 1067.812 -22.74693
342.27 702.634 879.475 1376.672 -35.56757
343.46 847.974 1063.729 1446.619 -56.34916
344.65 756.974 897.229 1356.119 -30.56403
345.83 849.234 983.257 1460.668 -28.07295
347.02 441.049 470.264 791.306 -9.10022
348.21 877.517 1021.584 1513.302 -29.29891
349.4 510.264 462.989 862.946 11.82004
350.58 626.42 718.045 1108.789 -23.44876
351.77 560.909 575.369 941.11 -3.95356
352.96 406.174 324.088 698.37 21.93161
354.14 635.429 619.926 1114.21 3.1366
355.33 548.564 536.13 920.695 3.23321
356.51 444.283 387.098 701.82 18.16994
357.7 666.561 679.734 1173.743 -2.66671
358.89 586.295 511.721 949.225 17.04528
360.07 805.597 915.105 1399.957 -22.58569
361.26 930.216 1061.79 1572.085 -25.78381
362.44 687.515 733.483 1177.108 -10.36208
363.63 614.305 481.743 950.435 28.28332
364.81 669.603 531.437 1069.458 25.68051
366.0 400.225 276.518 729.538 27.30733
367.18 1141.92 1403.392 2092.821 -37.92584
368.37 598.894 529.85 875.253 19.98934
369.55 768.001 737.065 1246.445 6.07323
370.74 786.816 911.572 1458.582 -22.80694
371.92 1017.606 1158.332 1668.41 -27.58914
373.11 634.767 476.078 1016.963 29.33871
374.29 595.565 421.772 908.985 35.67089
375.48 682.512 531.741 1060.623 28.50744
376.66 584.926 441.53 902.257 31.12384
377.84 945.394 953.85 1582.253 -1.34566
379.03 595.871 405.051 908.67 37.88977
380.21 564.992 332.184 747.024 56.11986
381.39 536.252 266.212 675.074 66.04667
382.58 925.214 816.548 1409.101 18.33859
383.76 1071.766 1148.784 1715.705 -13.58535
384.94 1124.411 1254.164 1936.868 -19.00576
386.13 699.897 426.593 963.237 50.92833
387.31 831.421 618.339 1185.047 37.59997
388.49 779.649 474.688 1029.093 55.00698
389.68 883.461 637.952 1263.246 39.26298
390.86 892.091 567.466 1204.521 50.95715
392.04 1122.801 982.706 1677.693 20.15787
393.22 868.591 445.466 1111.021 63.57479
394.41 892.279 473.202 1085.367 68.45816
395.59 728.434 193.463 865.952 79.55085
396.77 1050.013 552.689 1295.349 66.96526
397.95 1092.974 637.576 1375.151 61.74257
399.13 1176.541 792.678 1560.643 49.98439
400.31 1057.775 447.511 1233.657 77.62722
401.5 1207.346 626.304 1514.36 65.42856
402.68 1309.252 734.712 1616.074 65.18771
403.86 1238.646 434.445 1296.108 93.33125
405.04 1457.321 807.263 1861.292 61.67359
406.22 1218.901 367.783 1341.448 87.41392
407.4 1425.003 697.013 1747.671 69.28895
408.58 1474.689 814.301 1875.791 62.21329
409.76 1586.142 947.755 2029.398 59.02009
410.94 1501.591 624.466 1721.521 79.95272
412.12 1447.963 502.9 1505.972 94.21686
413.3 1467.761 359.093 1500.994 97.08965
414.48 1365.548 371.111 1363.838 100.17231
415.66 1410.951 445.277 1491.567 92.29501
416.84 1882.576 1233.1 2392.132 56.03607
418.02 1519.654 623.378 1795.303 76.47894
419.2 1636.446 419.586 1512.357 111.35546
420.38 1660.749 583.97 1792.589 89.09163
421.56 1674.533 427.245 1581.949 108.01803
422.74 2041.374 1081.794 2295.154 79.08453
423.92 1858.851 865.995 2097.57 80.61676
425.1 1661.548 464.111 1706.838 96.35564
426.28 1618.215 405.995 1712.327 92.79571
427.46 2159.558 1356.492 2799.259 55.66151
428.63 1830.73 571.861 2000.716 88.10336
429.81 1932.298 687.964 1968.209 97.19499
430.99 2060.266 754.784 2180.705 91.5536
432.17 2374.1 1145.347 2523.941 89.13088
433.35 2098.183 827.316 2288.823 86.95594
434.52 1701.523 155.069 1442.77 120.09416
435.7 1827.675 376.383 1827.128 100.0377
436.88 2138.733 840.104 2306.7 88.54715
438.06 2170.29 552.531 2072.014 106.46772
439.23 2148.706 399.115 1956.406 112.34831
440.41 2448.542 594.126 2298.869 108.7798
441.59 2617.619 828.456 2548.315 104.02963
442.77 2328.905 276.679 1951.4 122.54135
443.94 2547.596 760.657 2663.231 93.92217
445.12 2613.97 769.833 2568.167 102.54702
446.3 2704.363 1093.118 2946.475 86.93658
447.47 2723.431 666.72 2632.968 104.60079
448.65 2841.623 720.646 2715.525 106.32111
449.82 2860.623 500.146 2418.525 123.04542
451.0 3085.616 609.213 2599.83 124.40376
452.18 3232.998 476.823 2644.96 127.12178
453.35 3280.753 530.16 2753.3 123.72562
454.53 3325.388 558.865 2819.285 122.38978
455.7 3260.218 334.238 2713.311 122.98824
456.88 3529.538 945.935 3424.159 104.25219
458.05 3527.821 591.763 3040.792 119.88658
459.23 3571.266 315.784 2806.205 130.72015
460.4 4060.753 580.16 3298.8 128.02702
461.58 4385.38 719.432 3462.09 133.66406
462.75 4231.971 315.333 3204.667 135.55506
463.93 4583.328 628.696 3520.987 136.7301
465.1 4675.001 525.065 3629.945 133.65852
466.28 4472.44 218.101 3243.888 140.60271
467.45 4378.253 146.66 3291.8 134.54389
468.63 4613.19 523.249 3846.018 123.08836
469.8 4941.923 870.287 4222.273 121.46934
470.97 4889.163 405.259 3823.724 131.16719
472.15 5389.748 595.675 4138.332 135.32423
473.32 5660.94 704.601 4322.388 136.99919
474.49 6097.373 859.499 4671.896 137.39056
475.67 6013.68 507.573 4177.839 150.0193
476.84 6028.495 327.08 4088.476 151.5771
478.01 6216.101 636.347 4688.941 137.6835
479.19 6198.11 548.728 4557.862 140.91278
480.36 5975.318 309.02 4472.808 136.08516
481.53 6150.805 596.897 4836.903 130.9882
482.7 6251.7 497.129 4733.938 135.82323
483.88 6338.657 275.774 4583.755 140.73606
485.05 6680.538 361.935 4823.659 141.61796
486.22 7055.984 478.405 4938.797 147.46638
487.39 7081.989 333.595 4795.508 151.24442
488.56 7455.36 485.876 5021.991 153.64434
489.74 7859.35 897.2 5619.313 147.43718
490.91 7334.145 242.651 4990.851 149.35122
492.08 7362.36 375.876 5230.491 143.91427
493.25 7105.48 278.714 5092.587 141.81442
494.42 7221.814 476.778 5228.824 141.93963
495.59 7159.527 417.26 5317.48 137.5911
496.76 7286.006 465.756 5367.155 139.14905
497.93 7587.928 610.478 5616.483 139.38158
499.1 7915.712 572.753 5591.843 146.30062
500.27 8432.944 1040.792 6267.099 141.44123
501.44 8758.447 1228.534 6296.083 148.59083
502.61 8400.015 423.137 5408.076 160.01957
503.78 8444.087 629.929 5761.278 152.28271
504.95 8599.771 1123.474 6516.415 138.63116
506.12 8387.717 696.943 5888.053 148.15278
507.29 7938.22 335.186 5433.538 149.12729
508.46 7906.775 32.165 5307.125 149.28283
509.63 8534.774 1258.165 6645.125 135.07821
510.8 8534.412 1179.612 6671.095 133.93104
511.97 8297.735 558.552 5824.426 146.96863
513.14 8421.997 258.528 5792.702 147.51016
514.31 9092.897 785.746 6241.206 152.27226
515.48 9211.709 495.01 6045.359 157.04777
516.65 9445.31 525.087 6124.614 159.30315
517.81 9556.074 355.806 5922.374 165.27722
518.98 9737.345 695.01 6349.102 159.92549
520.15 9381.564 161.13 5858.695 161.83115
521.32 9656.098 703.605 6464.457 155.40223
522.49 10212.895 1502.503 7468.221 146.00743
523.65 9964.938 1158.859 7184.404 146.14575
524.82 9674.18 638.073 6545.839 152.95303
525.99 9566.524 78.517 6017.496 159.75823
527.16 9990.919 631.25 6882.031 149.736
528.32 10229.063 730.182 7018.969 151.04473
529.49 10508.728 411.619 6654.732 161.73195
530.66 10813.116 114.367 6539.298 166.51927
531.82 11287.482 180.957 6592.071 173.23861
532.99 11675.657 320.274 6997.255 170.06762
534.16 11778.37 444.256 7148.912 169.04842
535.32 12120.827 794.401 7641.229 165.4259
536.49 12006.142 294.408 7207.866 169.40485
537.65 12512.05 1011.059 8080.564 162.68453
538.82 12108.547 321.816 7430.58 165.80564
539.99 12389.795 642.721 8076.725 158.01814
541.15 12473.99 818.39 8357.766 154.59636
542.32 12535.792 147.979 7854.74 160.73954
543.48 13504.166 811.155 8785.676 159.16958
544.65 13986.494 992.785 8917.718 163.95987
545.81 15226.444 1483.292 10133.099 158.88392
546.98 15423.462 503.106 9285.714 169.88525
548.14 16392.945 783.792 9857.099 172.03379
549.31 16548.566 402.873 9415.179 179.15164
550.47 17260.717 469.443 9763.554 180.66574
551.63 18046.074 914.806 10766.874 173.885
552.8 18044.652 454.584 10034.545 183.61315
553.96 17957.121 459.852 10240.767 178.89195
555.13 18355.531 391.45 10690.69 174.42142
556.29 18588.516 934.084 11394.302 168.77691
557.45 18657.141 274.46 10552.64 178.85152
558.62 19008.318 523.468 11224.534 172.7384
559.78 19273.961 771.606 11627.214 170.44052
560.94 18896.449 371.982 11276.809 169.87402
562.11 19875.174 391.088 11510.37 175.22791
563.27 20328.135 157.975 11361.672 180.03129
564.43 20827.67 32.397 11656.66 178.89541
565.59 21360.855 205.838 12004.749 179.29636
566.76 22112.18 351.073 12192.839 183.76572
567.92 23069.328 571.349 12448.455 189.42307
569.08 23582.627 715.042 13216.978 182.91236
570.24 23931.975 352.024 12896.877 187.96514
571.4 24080.752 226.366 12819.042 189.43063
572.57 24007.514 367.342 13100.317 185.66102
573.73 23909.34 55.524 13072.134 183.25675
574.89 24163.057 452.697 13544.0 181.11535
576.05 24296.959 476.158 13770.987 179.17342
577.21 23929.48 157.714 13514.587 177.97404
578.37 24059.689 18.954 13640.76 176.48714
579.53 24827.693 193.644 13978.47 178.70411
580.69 25310.313 597.535 14724.34 174.93536
581.85 25587.615 351.919 14327.072 180.57545
583.01 26269.883 401.88 14435.816 184.32464
584.17 26908.178 484.83 14656.854 186.44724
585.33 27212.023 572.517 14948.496 185.30569
586.49 28066.186 377.763 14735.049 192.85277
587.65 28603.314 573.278 15187.824 191.79546
588.81 28771.682 566.521 15553.064 188.20324
589.97 29259.744 929.433 15628.847 192.73089
591.13 28577.818 421.02 15287.808 189.39396
592.29 28427.045 336.574 15254.096 188.30521
593.45 28634.488 213.595 14965.508 192.65904
594.61 28334.734 134.052 15178.927 187.44378
595.77 27932.004 196.961 15395.896 182.48017
596.93 27758.467 91.091 14998.683 185.59252
598.09 27796.213 382.753 15545.343 180.79669
599.24 27671.729 138.067 15446.458 179.85993
600.4 27656.686 291.763 15433.549 180.72454
601.56 27853.854 233.39 15322.522 183.04872
602.72 28017.934 368.616 15465.42 183.14683
603.87 28692.436 473.064 15310.146 190.19488
605.03 28351.934 232.116 15238.92 187.38046
606.19 28846.867 148.514 14826.428 195.52065
607.35 28813.545 -3.926 15131.096 190.40257
608.5 29211.848 594.457 15492.328 192.09047
609.66 29969.51 989.651 15859.107 194.89522
610.82 29216.76 146.299 15137.236 193.92023
611.97 29211.016 125.084 14915.802 196.6499
613.13 29534.576 573.754 15514.6 193.83656
614.29 28838.922 496.993 15383.016 190.39289
615.44 29169.469 717.539 15456.908 193.03356
616.6 29032.037 180.141 14843.401 196.76317
617.76 28488.736 663.0 15414.652 188.62793
618.91 28569.254 726.314 15170.268 192.76536
620.07 28126.441 641.049 15204.114 188.73357
621.22 27426.729 17.567 14577.958 188.24468
622.38 28411.016 1061.084 15637.302 187.63394
623.53 27748.252 78.366 14625.542 190.20795
624.69 27832.879 112.137 14268.832 195.81366
625.84 27666.127 217.542 14299.978 194.91362
627.0 28143.297 488.964 14831.709 192.8106
628.15 28242.305 -0.398 14734.646 191.6703
629.31 27788.248 318.175 14728.331 190.62995
630.46 28338.318 -23.532 14344.034 197.40191
631.61 28528.221 374.134 14629.264 197.50144
632.77 29044.877 228.189 14833.106 197.30812
633.92 28855.383 495.38 14691.816 199.76846
635.08 28995.338 949.577 15177.407 197.11903
636.23 29125.449 308.482 14744.809 199.61427
637.38 28236.764 -74.511 14334.446 196.48386
638.54 28530.527 654.76 15135.48 192.50263
639.69 28290.041 936.831 15459.111 188.35341
640.84 28329.881 490.402 14738.753 195.38738
641.99 27693.18 97.409 14039.882 197.92594
643.15 28041.477 816.916 14835.512 194.20319
644.3 27584.773 95.422 14179.142 195.18531
645.45 27403.07 -58.071 14110.771 193.81358
646.6 28001.869 811.436 15075.401 190.62324
647.75 27747.166 161.942 14418.031 193.49784
648.91 28124.463 -136.551 13971.661 200.31605
650.06 27848.762 225.455 14825.291 189.20286
651.21 28728.059 417.462 14565.42 200.10377
652.36 28860.355 450.969 14709.05 199.25112
653.51 28767.652 101.475 14213.68 203.1304
654.66 28525.451 273.982 14861.81 193.66468
655.81 29449.748 651.989 15048.939 200.0268
656.96 29291.045 69.495 14402.569 203.87497
658.11 29601.842 365.002 14800.199 202.53856
659.27 30009.141 531.009 14925.328 204.79004
660.42 29508.438 29.015 14459.958 204.27926
661.57 30312.234 421.022 14835.088 207.3753
662.72 28959.533 -139.971 14611.718 197.26219
663.87 29728.33 -99.965 14122.848 209.7215
665.01 29786.627 316.042 14693.978 204.97091
666.16 30519.924 41.049 14739.607 207.35962
667.31 30219.223 95.555 14982.237 202.35313
668.46 31105.52 760.562 15722.366 202.81617
669.61 30116.816 206.069 15547.996 194.96082
670.76 31090.115 4.575 15214.626 204.37499
671.91 31422.912 769.582 16378.756 196.38022
673.06 31806.209 519.589 16014.886 201.91043
674.21 30638.506 -161.405 15583.016 195.62429
675.35 31632.305 284.102 15720.146 203.08444
676.5 31482.602 167.609 15849.774 199.68538
677.65 32055.898 72.615 15783.904 203.5688
678.8 31655.195 -110.878 15727.034 200.56983
679.94 33070.992 40.629 16048.164 206.34259
681.09 34093.289 370.135 17049.793 202.18133
682.24 34803.59 363.142 17513.924 200.80978
683.39 34429.887 -1.851 17222.553 199.9009
684.53 35681.184 558.155 17196.684 211.09456
685.68 35308.48 214.662 17614.813 201.68687
686.83 36271.777 301.169 17607.443 207.84721
687.97 36038.074 298.175 17622.072 206.30404
689.12 36662.871 178.182 17514.703 210.44989
690.27 35452.672 68.189 17408.832 204.05519
691.41 36717.969 468.195 17969.961 207.12067
692.56 36464.766 358.702 17742.592 207.69841
693.7 37253.063 378.709 17681.721 213.10945
694.85 36811.359 48.215 17192.852 214.42942
695.99 36621.656 398.222 17794.98 208.21945
697.14 35993.453 184.229 17551.111 206.19259
698.28 36160.754 342.735 18251.74 200.00005
699.43 36124.051 391.242 18390.369 198.52523
700.57 36445.348 -74.251 17710.5 205.3422
701.72 36020.645 -50.745 17219.129 208.86887
702.86 36170.941 -107.738 17549.26 205.46346
704.01 37555.738 50.269 17415.389 215.98163
705.15 37406.535 433.275 18332.02 206.56902
706.29 37186.836 126.782 17723.648 210.60598
707.44 37405.133 171.288 18374.777 204.54235
708.58 37414.93 -124.205 17936.408 207.85083
709.72 37982.227 629.302 18731.037 206.34997
710.87 38390.523 -137.192 17783.168 214.9941
712.01 38236.82 0.315 17644.297 216.71132
713.15 39552.117 217.322 18427.928 215.99938
714.3 38610.914 348.828 17921.557 217.7356
715.44 38743.715 92.335 18611.186 208.71371
716.58 38820.012 277.342 18420.816 212.43268
717.72 38780.309 52.848 18398.945 211.09373
718.87 40097.105 240.855 18262.076 221.16287
720.01 37942.402 117.362 18078.205 210.59724
721.15 38260.199 -54.132 17879.836 213.64113
722.29 38418.996 345.875 18022.965 215.38116
723.43 39022.297 498.882 18553.596 213.3704
724.57 39013.594 450.388 18287.225 216.19981
725.72 37938.391 244.895 18067.354 211.49437
726.86 39125.688 678.902 18459.484 216.22905
728.0 37699.984 164.408 17772.113 213.17699
729.14 38604.781 -2.085 17477.244 220.87156
730.28 37519.578 481.422 17805.373 213.79739
731.42 38240.879 10.928 17753.004 215.4762
732.56 38919.676 722.435 18545.133 214.31795
733.7 38245.973 386.942 18597.262 207.89877
734.84 38557.27 -127.052 17331.393 221.57943
735.98 37682.566 148.955 17932.521 211.05784
737.12 38411.363 -3.038 17789.152 215.90597
738.26 38039.66 17.468 17486.281 217.65756
739.4 38737.461 228.475 17917.912 217.69481
740.53 38167.258 407.482 18162.541 212.67051
741.67 38256.555 273.488 17733.67 217.54107
742.81 38524.352 -222.505 17185.301 222.58323
743.95 37637.648 241.002 17969.93 210.93575
745.09 38597.945 19.508 17370.561 222.34062
746.23 38417.742 399.515 17605.189 220.96331
747.36 38435.039 453.522 17477.32 223.10836
748.5 38132.34 60.028 17069.949 223.82415
749.64 37300.137 25.035 17006.078 219.51008
750.78 37735.434 -5.458 16833.209 224.1323
751.92 37748.73 74.548 16909.838 223.78102
753.05 37037.027 155.555 16258.969 229.02891
754.19 38478.324 635.562 16783.098 234.35627
755.33 36754.121 -151.932 16117.228 226.84671
756.46 36441.422 245.075 16057.357 228.91285
757.6 36419.719 82.082 15697.487 232.70377
758.74 35955.516 562.088 16315.617 224.66983
759.87 35524.813 244.595 16092.247 222.6211
761.01 34865.609 271.102 15563.377 226.22211
762.14 35072.406 234.608 15825.006 223.45676
763.28 35087.703 408.115 15272.136 233.31229
764.41 34385.504 249.121 15157.766 228.9704
765.55 34570.801 -123.872 14748.896 233.27651
766.69 33458.098 289.635 15202.025 222.42217
767.82 34026.395 266.641 15014.155 228.91827
768.95 33479.191 26.148 14525.285 230.72437
770.09 32185.488 737.655 15281.915 216.22161
771.22 33505.785 661.661 15275.044 224.75374
772.36 32928.086 504.168 14678.674 228.74814
773.49 32204.381 489.175 14838.804 221.0176
774.63 31938.68 196.181 14003.434 229.89729
775.76 31224.977 154.688 13969.563 224.90459
776.89 31814.273 428.195 14067.693 230.11167
778.03 31825.07 360.201 13450.823 240.36191
779.16 31360.369 8.708 13358.952 234.83961
780.29 30330.166 308.215 13035.582 235.88501
781.43 30927.463 606.221 13093.712 242.81293
782.56 29685.762 315.228 13181.842 228.26934
783.69 29666.059 11.735 12475.972 237.91528
784.82 29062.355 233.241 12821.602 229.01405
785.96 28708.152 116.748 12587.731 229.26343
787.09 28303.451 204.255 12186.361 234.50965
788.22 28012.748 394.261 12237.99 233.1908
789.35 28187.045 157.768 11739.62 242.01032
790.48 27505.842 142.275 12009.25 230.58586
791.62 27009.141 580.281 11944.38 232.5645
792.75 27190.938 5.288 11194.01 242.97368
793.88 26069.734 737.795 11788.14 229.24117
795.01 26200.033 353.801 11355.77 234.92371
796.14 26244.33 404.808 11514.898 232.57706
797.27 25020.127 493.815 11487.528 223.09397
798.4 25350.424 283.321 10909.158 235.90709
799.53 24975.723 -4.672 10310.788 242.16462
800.66 24067.02 316.335 10739.418 227.86621
801.79 25193.316 1276.841 11846.548 226.27379
802.92 24118.113 199.848 10216.178 238.79271
804.05 23614.412 381.855 10327.308 233.59979
805.18 23686.209 290.861 10017.937 240.5178
806.31 23966.006 215.868 9756.066 248.94805
807.44 23276.305 -64.625 9580.196 242.00479
808.57 23611.102 400.381 10089.826 239.54644
809.69 23098.398 400.888 9940.456 237.93017
810.82 21701.195 -163.605 9102.586 235.96319
811.95 23307.494 988.401 10112.216 244.62458
813.08 21935.791 103.908 8928.345 247.40257
814.21 21648.588 1064.915 10169.975 226.06851
815.33 21694.387 282.921 9203.104 240.03392
816.46 20757.684 308.928 9013.734 234.91339
817.59 20576.48 847.435 9490.864 228.25483
818.72 20931.777 504.441 8670.494 250.14944
819.84 20701.076 896.448 9116.124 240.94171
820.97 19680.873 446.454 8550.754 237.33598
822.1 19615.17 593.961 8538.383 239.42849
823.22 18855.467 -30.532 7767.513 242.1889
824.35 19383.766 92.474 7844.143 248.86632
825.48 19135.563 574.481 7850.272 255.10739
826.6 18219.859 310.488 7455.902 250.64146
827.73 18164.658 -144.506 7245.032 247.77145
828.85 18340.955 268.501 7361.662 254.78704
829.98 18120.752 610.008 7638.292 249.1468
831.11 17808.049 70.014 6945.921 257.97374
832.23 17404.348 81.521 6962.051 251.76589
833.36 17501.645 524.528 7592.181 240.20869
834.48 16681.441 259.034 6894.811 247.48284
835.6 17448.238 482.041 7014.94 259.70394
836.73 16819.037 -7.952 6711.07 250.43807
837.85 16216.334 535.054 6989.7 242.94564
838.98 16478.631 -104.439 6228.33 261.8613
840.1 16227.429 458.568 6766.959 249.96644
841.23 15638.727 371.074 6570.589 246.27174
842.35 16237.023 720.581 7111.219 242.79959
843.47 15768.821 248.588 6354.849 254.16918
844.6 15073.118 26.594 6149.978 245.72238
845.72 15387.416 155.101 6077.608 257.19371
846.84 15560.713 134.608 5955.738 265.0019
847.96 15188.011 139.114 5813.368 265.21368
849.09 14940.809 58.121 5820.497 258.27345
850.21 14830.605 232.628 5935.127 255.99263
851.33 14769.903 385.134 5976.757 257.25572
852.45 14055.7 25.141 5610.387 251.20755
853.57 14023.498 232.148 5832.016 246.2799
854.7 13733.295 67.654 5477.146 252.62338
855.82 13439.093 -0.339 5659.776 237.44097
856.94 13973.39 485.168 5827.405 252.48263
858.06 13050.188 -64.326 5132.035 252.3788
859.18 13402.985 425.181 5653.165 248.23726
860.3 13887.782 244.688 5345.295 267.47981
861.42 13129.58 -89.306 5013.424 259.05517
862.54 12539.377 -65.799 4962.554 250.68199
863.66 12633.175 50.708 4975.184 255.50873
864.78 13104.472 186.714 5073.814 264.32359
865.9 12572.77 244.221 5222.943 247.62474
867.02 13552.066 1277.228 6443.073 237.61528
868.14 13207.364 879.234 5701.203 255.6659
869.26 12518.662 575.741 5163.833 260.30256
870.38 11917.959 -90.252 4456.962 264.07838
871.5 11669.757 -94.746 4453.592 258.65497
872.62 11998.054 69.761 4578.222 264.57569
873.74 12036.852 699.268 5511.852 235.58205
874.85 11330.5 40.271 4430.417 257.17209
875.97 11441.5 286.271 4564.417 260.74917
877.09 11674.5 373.271 4811.917 254.60985
878.21 11084.5 220.771 4370.917 261.76742
879.33 11095.0 334.771 4641.417 249.85174
880.44 10900.0 254.771 4375.417 258.33886
881.56 10697.5 111.271 4114.417 264.44776
882.68 10672.5 256.271 4367.917 253.3348
883.79 11139.5 826.771 4988.417 247.80411
884.91 10769.0 -58.229 3702.917 287.87049
886.03 10611.0 456.271 4455.417 253.92246
887.14 10815.0 659.271 4800.417 245.2396
888.26 10897.0 777.271 4809.917 250.94516
889.38 11120.5 636.271 4577.417 266.01983
890.49 10441.0 -89.729 4014.417 256.58759
891.61 11315.5 307.771 4176.917 284.50025
892.72 10750.5 -13.229 4058.417 264.35818
893.84 10901.5 -99.229 3906.917 274.59632
894.95 10695.5 -87.229 3941.917 267.61823
896.07 11116.0 152.271 4075.417 279.46269
897.18 10886.0 384.271 4307.417 267.68645
898.3 10488.5 -41.229 3881.917 268.40014
899.41 10814.5 577.271 4446.917 264.55211
900.53 10549.5 335.771 4029.417 276.52161
901.64 10381.0 462.271 4350.417 255.10179
902.75 10266.5 262.771 4055.917 263.73173
903.87 10176.0 116.771 3876.417 267.55789
904.98 10494.0 403.771 4044.917 277.11686
906.09 9739.5 235.771 3943.917 256.29329
907.21 9880.0 438.771 3919.917 271.21038
908.32 9507.0 198.271 3488.417 282.92755
909.43 9338.0 650.771 3977.917 261.10154
910.54 9310.0 280.271 3820.917 255.03056
911.66 9548.0 1160.771 4581.417 245.19433
912.77 8714.5 85.771 3214.417 275.79756
913.88 8707.0 300.271 3645.417 251.31128
914.99 8236.5 69.271 3371.417 247.33096
916.1 8907.0 349.771 3617.417 261.87749
917.22 8408.5 58.771 2918.417 291.98472
918.33 8548.0 688.771 3724.917 258.85545
919.44 8312.5 270.271 3384.417 258.24831
920.55 8584.0 660.771 3674.417 262.91175
921.66 7893.0 428.771 3272.917 262.44185
922.77 7967.5 488.271 3282.417 267.67497
923.88 8350.0 623.271 3542.917 264.6461
924.99 7693.0 373.771 3227.417 256.48694
926.1 7119.0 -11.229 2623.917 270.58195
927.21 7390.5 652.771 3484.417 237.94391
928.32 6905.0 -84.729 2456.417 275.06209
929.43 6928.5 251.771 2756.917 266.52057
930.54 6581.5 111.271 2439.417 277.91339
931.65 6519.5 266.271 2607.917 267.04418
932.76 6551.5 381.771 2750.917 260.41997
933.86 6329.0 302.271 2464.417 278.73832
934.97 6214.5 113.771 2305.417 278.3629
936.08 5906.5 164.771 2138.417 290.91992
937.19 5652.0 708.271 2768.917 239.91163
938.3 4878.5 472.271 2273.917 244.56688
939.4 4706.0 674.771 2431.417 229.48445
940.51 4337.0 305.271 1864.417 258.58577
941.62 4183.0 503.771 1984.417 248.48814
942.73 4314.0 1102.771 2513.917 227.56181
943.83 3594.0 302.771 1592.417 255.20412
944.94 3618.0 338.271 1721.417 237.121
946.05 3477.5 -35.729 1180.417 288.88224
947.15 3705.5 -25.729 1255.417 291.24157
948.26 3560.5 228.771 1623.917 238.80867
949.36 3998.5 98.271 1469.917 284.34667
950.47 3992.0 326.771 1819.917 245.47028
951.57 4407.0 844.771 2349.917 236.67002
952.68 4253.5 568.771 1976.417 261.76536
953.79 4082.0 439.271 2026.417 229.51447
954.89 4119.5 121.771 1668.417 258.47736
955.99 4283.0 391.271 2152.917 220.91438
957.1 4313.5 230.271 1637.417 290.17812
958.2 4201.0 271.271 1806.417 255.9841
959.31 4425.5 455.771 2090.917 242.77523
960.41 4067.5 130.271 1642.917 260.28758
961.52 4103.5 10.271 1452.917 283.73071
962.62 4318.5 493.771 1946.917 263.2034
963.72 4059.0 -50.729 1492.417 266.32151
964.83 4060.5 -70.729 1396.917 281.4868
965.93 4434.0 341.771 1883.917 265.35942
967.03 4402.5 714.271 2232.917 242.86301
968.13 4286.5 466.771 1975.417 253.18926
969.24 4012.5 175.771 1604.417 268.55706
970.34 4075.0 206.771 1605.917 276.47077
971.44 4086.0 265.771 1650.417 275.89938
972.54 4112.0 346.771 1881.917 245.26851
973.64 3711.5 142.271 1643.917 237.68782
974.75 4314.0 1069.771 2472.917 231.21111
975.85 5361.0 3162.271 4867.417 128.9467
976.95 3609.5 189.771 1479.917 265.06533
978.05 4035.5 525.771 1934.917 249.06785
979.15 4196.0 896.271 2298.917 235.25033
980.25 3567.0 99.771 1282.917 293.05173
981.35 3558.0 179.271 1406.417 275.33233
982.45 4094.0 891.771 2297.417 227.81193
983.55 3689.0 462.771 1760.417 248.62171
984.65 3674.5 418.271 1628.917 268.9663
985.75 3546.0 675.271 1828.917 248.83974
986.85 3367.5 372.271 1638.417 236.56274
987.95 3021.0 185.271 1345.917 244.32339
989.05 3345.5 783.271 2071.417 198.9083
990.15 3217.0 628.271 1710.417 239.22185
991.25 3031.0 443.271 1513.917 241.69797
992.34 3356.5 835.771 1982.917 219.73921
993.44 3041.0 478.271 1473.917 257.39366
994.54 2937.0 386.771 1334.417 269.11207
995.64 2953.0 731.271 1754.417 217.14688
996.74 3027.0 789.271 1829.917 215.03274
997.83 2612.0 73.771 1008.417 271.57122
998.93 2609.5 315.271 1299.917 233.00046
1000.03 3084.5 1230.771 2285.917 175.68463
1001.12 2868.5 704.771 1735.417 209.93916
1002.22 2744.0 729.271 1828.417 183.29954
1003.32 2413.5 272.271 1190.917 233.0854
1004.41 2453.0 467.271 1408.417 210.9906
1005.51 2328.0 402.771 1217.917 236.18219
1006.6 2153.5 188.771 987.917 245.85364
1007.7 2398.5 624.271 1470.917 209.55979
1008.8 1950.0 103.271 755.917 282.96038
1009.89 2256.5 577.771 1331.917 222.60008
1010.99 2280.0 384.771 1149.417 247.85714
1012.08 2075.0 47.271 826.417 260.25027
1013.18 2222.0 394.271 1240.917 215.87885
1014.27 2290.0 202.271 1009.417 258.65575
1015.36 2357.5 334.271 1124.417 256.0577
1016.46 2265.5 402.771 1194.917 235.14979
1017.55 2096.5 148.271 862.917 272.61463
1018.65 2175.5 496.771 1208.917 235.7283
1019.74 2241.0 586.771 1441.917 193.44411
1020.83 2066.5 505.271 1239.417 212.65928
1021.93 1981.5 280.271 1081.417 212.34951
1023.02 1717.0 38.271 740.917 238.9154
1024.11 1668.0 63.771 754.417 232.27956
1025.2 1705.0 88.271 722.417 254.94595
1026.3 1840.0 454.271 1131.917 204.49167
1027.39 1771.5 597.771 1268.417 175.01476
1028.48 1758.0 486.771 1072.417 217.06451
1029.57 1591.5 312.771 901.917 217.04798
1030.66 1560.5 451.771 1035.417 189.9661
1031.75 2091.0 1483.271 2155.917 90.34905
1032.84 1593.5 652.771 1237.417 160.90583
1033.94 1303.5 161.271 678.417 220.87176
1035.03 1624.0 773.771 1262.917 173.81917
1036.12 1145.5 90.271 614.917 201.13171
1037.21 1196.0 66.771 609.417 208.09689
1038.3 1484.5 522.771 1049.417 182.61404
1039.39 1115.0 153.271 549.417 242.77148
1040.48 1212.0 455.771 904.417 168.55816
1041.57 1294.0 616.271 1021.917 167.0741
1042.66 1196.5 441.771 862.917 179.2085
1043.74 1235.0 508.271 928.417 172.97069
1044.83 1204.5 543.271 974.917 153.18789
1045.92 948.5 45.771 481.917 206.97875
1047.01 1215.5 617.771 1054.417 136.89108
1048.1 780.0 96.771 402.417 223.53624
1049.19 1014.0 502.271 822.417 159.84251
1050.27 994.5 342.271 705.417 179.60529
1051.36 868.0 305.271 681.417 149.60398
1052.45 1011.5 469.771 875.417 133.54732
1053.54 900.0 466.771 758.417 148.54632
1054.62 949.5 525.271 900.417 113.08379
1055.71 944.5 467.771 822.917 134.23476
1056.8 1052.5 688.271 1055.917 99.07067
1057.88 911.5 328.771 652.417 180.05149
1058.97 902.5 458.771 804.417 128.37682
1060.06 1078.5 834.771 1296.917 52.73859
1061.14 842.0 367.771 664.417 159.86375
1062.23 1474.0 1608.271 2089.917 -27.87751
1063.31 808.0 547.271 887.917 76.53966
1064.4 683.5 279.271 610.417 122.06983
1065.48 796.0 526.771 738.917 126.90758
1066.57 693.0 362.771 691.917 100.32913
1067.65 747.5 543.771 885.417 59.63168
1068.74 716.0 357.271 635.417 128.9716
1069.82 746.5 544.271 856.417 64.78676
1070.9 1675.0 2151.771 2635.417 -98.57846
1071.99 758.0 561.771 908.917 56.52644
1073.07 661.0 491.771 826.917 50.49418
1074.15 713.5 576.771 914.417 40.49485
1075.24 699.5 526.771 764.417 72.68344
1076.32 753.0 625.771 880.417 49.96318
1077.4 929.0 963.771 1324.417 -9.64126
1078.49 535.0 218.271 494.417 114.69634
1079.57 695.5 655.271 905.917 16.05021
1080.65 864.0 866.771 1207.917 -0.81221
1081.73 572.5 382.771 651.417 70.62427
1082.81 458.5 238.271 479.917 91.13717
1083.89 618.5 548.771 799.417 27.8198
1084.98 605.0 533.271 847.417 22.83308
1086.06 463.0 267.771 470.917 96.10297
1087.14 497.0 283.771 487.417 104.70589
1088.22 594.0 524.771 765.417 28.76808
1089.3 452.5 261.771 458.417 96.99121
1090.38 909.5 1101.771 1433.417 -57.97477
1091.46 626.5 598.771 838.417 11.5709
1092.54 470.5 405.771 657.917 25.67132
1093.62 574.0 412.771 674.917 61.50361
1094.7 390.0 186.271 429.417 83.78888
1095.78 545.5 490.771 699.917 26.16794
1096.86 592.0 545.771 843.917 15.50556
1097.93 950.0 1146.271 1458.417 -62.87796
1099.01 658.0 802.271 1099.917 -48.47063
1100.09 423.5 334.271 492.917 56.24426
