196.55 736.614 637.312 784.191 67.60796
197.76 1019.072 939.8 1026.126 91.82906
198.96 947.07 856.3 897.256 221.62759
200.16 590.581 561.303 603.974 68.61499
201.36 1086.019 1037.285 1124.277 56.02137
202.56 723.54 695.791 767.988 38.43561
203.76 641.069 612.799 638.321 110.76724
204.96 716.598 695.308 690.155 0.0
206.16 521.107 490.81 550.358 50.8782
207.36 876.09 819.305 936.887 48.29381
208.56 729.575 680.301 740.575 81.75023
209.76 472.093 497.306 459.691 0.0
210.96 648.078 620.302 687.879 41.1024
212.16 1396.619 1311.814 1359.72 177.02114
213.36 780.587 733.805 804.727 65.96293
214.56 664.617 636.813 689.496 52.77628
215.76 1221.069 1209.3 1180.821 0.0
216.96 1042.562 972.798 1064.633 75.96723
218.16 753.556 694.796 735.734 143.5335
219.35 550.105 483.31 591.198 61.91091
220.55 612.107 634.81 762.068 -17.84067
221.75 615.128 581.816 639.279 57.97073
222.95 1020.602 923.809 1021.684 98.89491
224.15 746.622 746.315 842.525 0.3191
225.35 654.617 541.313 654.706 99.92114
226.55 534.604 558.809 583.409 -98.39939
227.75 936.602 842.309 968.184 74.91034
228.94 791.093 687.306 800.691 91.53468
230.14 731.085 694.304 759.423 56.48218
231.34 579.077 537.802 644.445 38.70424
232.54 593.079 577.802 594.314 92.51913
233.74 591.563 576.298 618.423 36.23796
234.93 599.615 566.813 598.336 104.0551
236.13 732.581 621.303 751.829 85.25382
237.33 659.631 649.817 710.228 16.24468
238.53 597.608 583.311 663.438 17.84377
239.72 927.074 873.301 990.995 45.68873
240.92 474.09 429.306 469.532 111.33227
242.12 842.102 720.309 913.394 63.0773
243.31 498.586 461.804 607.648 25.22008
244.51 489.575 478.801 536.285 18.74167
245.71 890.602 823.809 883.249 112.36918
246.9 1083.074 1016.801 1099.785 79.8629
248.1 697.07 627.8 737.401 63.20242
249.3 659.059 643.297 716.328 21.58339
250.49 660.058 612.296 682.604 67.93256
251.69 728.084 666.304 760.633 65.49416
252.89 652.544 627.792 699.582 34.47784
254.08 458.593 415.806 504.691 48.13693
255.28 678.067 603.799 709.452 70.29479
256.47 468.089 424.305 454.597 144.54163
257.67 780.128 714.316 860.423 45.04332
258.86 799.61 748.311 868.162 42.80205
260.06 674.058 557.796 657.959 116.07262
261.26 988.079 951.802 1046.169 38.44182
262.45 608.08 598.303 684.894 11.29153
263.65 426.544 357.292 469.227 61.86817
264.84 752.577 692.302 772.089 75.54489
266.04 536.044 487.792 581.082 51.72231
267.23 456.044 360.292 408.872 197.10493
268.42 529.082 436.803 563.263 72.97064
269.62 683.087 609.305 688.582 93.06829
270.81 660.096 585.307 700.495 64.92706
272.01 637.08 634.302 679.104 6.19854
273.2 783.033 731.789 786.154 94.25921
274.4 473.061 429.797 445.698 272.08948
275.59 748.064 677.298 756.502 89.34631
276.78 650.594 552.307 662.271 89.3812
277.98 541.552 548.295 601.35 -12.70874
279.17 583.092 539.306 677.546 31.67407
280.37 667.029 532.288 585.625 252.62114
281.56 409.567 412.299 493.807 -3.35171
282.75 436.12 398.314 485.655 43.28506
283.95 561.047 536.293 629.386 26.5901
285.14 576.047 530.293 631.176 45.35361
286.33 509.554 436.295 477.22 179.00952
287.52 667.534 583.29 663.734 104.72444
288.72 762.026 681.787 795.676 70.45351
289.91 901.063 885.298 930.068 35.21439
291.1 694.077 571.302 755.3 66.72631
292.29 597.586 610.304 718.858 -11.71652
293.49 637.051 601.794 710.56 32.41546
294.68 475.061 465.297 531.408 14.76852
295.87 552.584 525.304 520.488 0.0
297.06 662.564 643.798 687.857 42.59208
298.26 327.546 299.293 380.596 34.75018
299.45 526.586 543.304 569.648 -63.46344
300.64 587.607 483.31 594.568 93.74282
301.83 648.577 587.802 644.445 107.29574
303.02 474.109 450.311 571.583 19.62356
304.21 716.121 658.314 740.38 70.43987
305.4 572.606 540.81 616.423 42.05106
306.59 610.089 567.805 712.097 29.30454
307.79 580.579 526.802 592.459 81.90615
308.98 459.585 417.804 488.923 58.7475
310.17 699.404 614.752 693.442 107.57615
311.36 605.994 525.778 607.183 98.54019
312.55 958.0 886.78 972.146 83.42815
313.74 409.062 364.797 404.988 110.13715
314.93 715.575 618.301 747.575 75.24647
316.12 493.08 490.803 581.039 2.52417
317.31 284.059 306.797 364.539 -39.37819
318.5 378.062 348.297 455.488 27.76791
319.69 582.557 462.296 579.524 102.58697
320.88 501.595 493.807 528.561 22.40834
322.07 455.554 425.795 517.865 32.3223
323.26 459.105 402.81 477.343 75.52982
324.45 289.067 303.799 393.307 -16.45878
325.64 500.552 482.795 587.495 16.96039
326.83 685.577 558.302 706.8 85.70828
328.01 511.569 486.299 559.676 34.43787
329.2 652.079 615.802 702.459 41.86274
330.39 535.064 433.798 510.857 131.41267
331.58 416.566 341.799 401.517 125.20088
332.77 786.582 762.303 842.619 30.22909
333.96 329.059 246.296 378.894 62.41618
335.15 379.571 361.8 408.836 37.78248
336.33 382.066 355.799 449.017 28.17868
337.52 523.067 455.799 509.307 125.71639
338.71 497.07 413.8 506.256 90.06458
339.9 437.024 422.787 476.951 26.28554
341.08 460.048 430.293 514.466 35.3494
342.27 621.572 568.8 617.271 108.87507
343.46 739.595 666.807 721.206 133.80461
344.65 678.095 581.807 712.206 73.84122
345.83 669.097 631.308 714.865 45.2261
347.02 351.098 301.808 430.155 38.40385
348.21 649.082 643.303 730.263 6.64535
349.4 397.074 298.301 410.85 87.75943
350.58 532.034 454.789 526.589 107.5838
351.77 405.563 387.798 409.923 80.29512
352.96 240.082 236.303 321.908 4.41454
354.14 422.068 412.299 475.242 15.52018
355.33 329.086 369.804 383.648 -294.13885
356.51 272.039 265.291 286.263 32.17595
357.7 483.507 427.282 483.335 100.30608
358.89 342.05 339.294 424.335 3.2405
360.07 619.539 589.291 649.053 50.61503
361.26 685.467 618.77 740.074 54.98342
362.44 479.94 448.263 481.965 93.9921
363.63 358.418 364.256 356.109 0.0
364.81 356.891 396.749 447.0 -79.31618
366.0 220.398 201.751 269.834 27.38961
367.18 929.432 894.26 948.696 64.61041
368.37 331.972 297.772 403.537 32.33612
369.55 515.991 478.777 561.878 44.78186
370.74 691.492 556.277 634.668 172.48823
371.92 779.971 718.271 819.813 60.76279
373.11 355.948 353.765 402.878 4.44534
374.29 328.421 313.257 311.769 0.0
375.48 431.463 436.769 444.045 -72.93689
376.66 289.488 291.776 353.929 -3.68146
377.84 660.972 592.272 650.037 118.92975
379.03 309.49 300.777 369.798 12.62392
380.21 222.458 226.268 300.726 -5.11706
381.39 176.96 164.768 184.885 60.60508
382.58 573.49 491.777 615.154 66.2305
383.76 761.011 678.783 765.864 94.42693
384.94 782.5 730.28 876.936 35.6073
386.13 325.949 290.765 383.457 37.95807
387.31 420.471 379.272 448.103 59.85644
388.49 339.458 332.768 367.371 19.33414
389.68 465.481 448.774 514.74 25.32665
390.86 456.983 386.775 484.32 71.9746
392.04 637.004 571.281 691.175 54.81739
393.22 339.483 310.775 374.82 44.82428
394.41 352.459 325.768 378.45 50.66429
395.59 204.982 165.775 217.175 76.27871
396.77 388.502 334.78 425.451 59.24975
397.95 426.492 322.278 429.813 96.91204
399.13 525.501 503.78 598.016 23.04992
400.31 311.442 349.763 345.624 0.0
401.5 421.968 357.271 495.653 46.75266
402.68 458.96 430.768 508.385 36.32172
403.86 319.981 304.774 365.951 24.85688
405.04 562.509 504.782 597.494 62.26445
406.22 265.466 236.27 285.784 58.96613
407.4 454.531 454.289 548.285 0.25805
408.58 578.468 535.771 600.008 66.46771
409.76 620.964 581.269 657.124 52.32953
410.94 405.983 418.275 461.82 -28.2284
412.12 326.021 297.786 414.147 24.26536
413.3 309.994 282.278 364.038 33.89927
414.48 279.496 235.278 260.262 176.9825
415.66 344.01 256.783 394.574 63.30407
416.84 731.995 711.278 848.828 15.06105
418.02 394.975 370.273 478.197 22.8885
419.2 330.493 270.778 358.748 67.88166
420.38 399.983 361.775 441.465 47.94578
421.56 355.507 344.282 371.77 40.83817
422.74 693.467 626.77 749.719 54.24798
423.92 528.485 478.276 633.48 32.35074
425.1 372.996 356.778 388.262 51.50907
426.28 311.53 299.788 362.06 18.85522
427.46 840.029 769.788 908.915 50.4872
428.63 421.018 345.785 414.052 110.20294
429.81 453.027 367.787 484.255 73.18695
430.99 511.011 430.283 586.364 51.72183
432.17 734.017 655.284 761.473 74.14386
433.35 518.014 457.284 597.668 43.25972
434.52 180.536 119.79 241.603 49.86824
435.7 280.02 249.785 357.922 27.95932
436.88 517.995 480.778 599.972 31.22349
438.06 379.033 370.789 475.009 7.90985
439.23 266.496 262.779 353.407 4.10163
440.41 417.041 404.792 486.922 14.9149
441.59 524.482 501.775 600.385 23.02711
442.77 231.546 214.793 307.096 18.15002
443.94 602.0 516.78 621.646 81.26494
445.12 519.015 466.784 540.393 70.95766
446.3 736.496 645.279 758.552 80.52852
447.47 485.005 431.781 532.255 52.97291
448.65 569.499 508.779 564.712 108.55866
449.82 360.999 318.279 412.712 45.23801
451.0 431.005 320.281 440.465 92.12815
452.18 380.514 267.784 434.458 67.63515
453.35 363.0 329.28 421.291 36.64774
454.53 346.518 345.785 440.197 0.77654
455.7 297.007 218.782 321.98 75.80087
456.88 614.524 569.287 719.596 30.09635
458.05 420.509 385.282 524.494 25.30433
459.23 257.511 219.283 361.864 26.8114
460.4 407.0 328.28 499.791 45.89787
461.58 456.524 458.287 518.451 -2.92959
462.75 218.515 185.284 308.393 26.99329
463.93 403.003 405.781 458.741 -5.24468
465.1 380.991 307.777 439.878 55.4229
466.28 163.539 146.791 309.908 10.26759
467.45 143.0 95.78 275.291 26.3048
468.63 315.508 296.782 488.415 9.7717
469.8 561.511 480.783 687.509 39.05083
470.97 277.009 235.782 378.849 28.81612
472.15 425.546 382.293 580.951 21.77247
473.32 506.539 471.791 582.408 31.41307
474.49 552.03 534.788 692.205 10.95292
475.67 355.037 291.79 510.248 28.95125
476.84 237.537 204.29 345.038 23.62156
478.01 443.517 407.784 570.473 21.9635
479.19 338.55 344.794 505.625 -3.88219
480.36 253.032 228.289 424.574 12.60562
481.53 415.021 339.786 545.002 36.66145
482.7 292.042 276.792 524.567 6.15474
483.88 230.554 217.295 441.009 5.92682
485.05 286.024 266.287 466.596 9.85358
486.22 404.066 328.799 542.372 35.24195
487.39 224.583 226.803 433.698 -1.07325
488.56 347.519 361.785 588.632 -6.2889
489.74 567.548 484.293 816.966 25.02594
490.91 237.043 172.292 452.937 23.07234
492.08 257.519 286.285 523.632 -12.11988
493.25 238.549 194.794 475.046 15.61286
494.42 334.055 309.795 584.654 8.82611
495.59 278.553 288.795 546.43 -3.9753
496.76 304.508 292.782 573.705 4.17418
497.93 422.528 386.288 662.335 13.1283
499.1 435.553 417.795 698.64 6.32299
500.27 713.556 613.796 971.734 27.87079
501.44 761.033 701.289 996.154 20.26145
502.61 321.542 297.292 609.357 7.77094
503.78 417.068 379.799 677.386 12.52372
504.95 751.028 737.788 1086.19 3.80023
506.12 467.069 404.8 733.466 18.94621
507.29 238.047 242.793 573.386 -1.43574
508.46 64.045 62.793 392.017 0.38035
509.63 762.045 694.793 1085.017 17.23425
510.8 753.54 716.291 1104.843 9.58659
511.97 400.535 370.79 732.879 8.21484
513.14 184.577 192.302 598.445 -1.90198
514.31 503.052 498.295 899.85 1.18472
515.48 368.075 323.301 734.22 10.8961
516.65 312.038 231.291 685.328 17.78427
517.81 258.557 242.296 682.814 3.69137
518.98 443.531 426.289 885.14 3.75772
520.15 167.586 166.304 577.648 0.3116
521.32 407.539 395.291 841.553 2.74466
522.49 912.575 830.801 1388.43 14.66453
523.65 693.062 640.297 1176.988 9.83145
524.82 399.537 363.79 948.748 6.11093
525.99 53.576 77.801 598.51 -4.6524
527.16 470.097 393.807 992.575 12.74106
528.32 492.546 402.293 985.241 15.48222
529.49 324.041 302.791 831.132 4.02188
530.66 97.607 97.31 677.358 0.05116
531.82 176.026 173.287 719.966 0.50102
532.99 282.554 235.795 836.509 7.78392
534.16 310.553 255.795 930.785 8.11242
535.32 575.566 524.799 1185.727 7.6812
536.49 167.066 160.299 823.517 1.02042
537.65 628.035 586.79 1290.169 5.86391
538.82 222.058 139.296 911.749 10.71417
539.99 398.05 390.794 1115.835 1.00074
541.15 454.02 434.286 1229.212 2.48259
542.32 112.073 96.801 950.915 1.78806
543.48 515.088 475.805 1331.662 4.58994
544.65 634.1 600.808 1536.025 3.55978
545.81 865.056 823.796 1832.234 4.0915
546.98 383.584 293.804 1336.133 8.61342
548.14 519.556 476.296 1582.234 3.91163
549.31 270.063 234.798 1313.068 3.27056
550.47 278.569 225.3 1430.966 4.41829
551.63 631.557 607.796 1798.314 1.99586
552.8 300.538 271.29 1443.183 2.49571
553.96 303.561 250.297 1466.698 4.37882
555.13 269.07 241.8 1555.756 2.07544
556.29 602.082 594.303 1940.263 0.57794
557.45 209.027 153.787 1521.611 4.03847
558.62 369.072 299.8 1860.481 4.43854
559.78 473.584 428.304 1960.633 2.95499
560.94 305.073 228.301 1847.56 4.7412
562.11 262.082 219.303 1826.908 2.66104
563.27 97.072 51.8 1725.271 2.70527
564.43 53.065 18.298 1747.082 2.01107
565.59 143.605 148.31 1876.698 -0.27222
566.76 243.537 198.29 2027.248 2.47389
567.92 369.606 314.31 2298.633 2.78663
569.08 503.578 419.802 2446.524 4.13358
570.24 249.532 217.289 2235.219 1.59784
571.4 163.563 121.798 2220.278 1.99025
572.57 232.105 226.81 2365.344 0.24761
573.73 70.077 37.302 2190.3 1.5223
574.89 279.592 213.806 2492.401 2.88713
576.05 333.544 286.292 2661.227 1.9896
577.21 134.549 117.294 2489.546 0.72738
578.37 -2.93 23.3 2464.901 -1.07427
579.53 169.587 130.805 2657.227 1.53508
580.69 382.078 338.802 2923.734 1.67415
581.85 263.067 275.799 2796.952 -0.50499
583.01 262.064 225.298 2964.857 1.34203
584.17 311.559 250.797 3099.828 2.13275
585.33 391.076 346.802 3171.01 1.56768
586.49 159.554 167.295 3068.575 -0.26683
587.65 374.555 298.295 3348.154 2.50042
588.81 334.076 315.302 3349.655 0.61874
589.97 610.569 521.799 3577.031 2.90548
591.13 275.032 219.789 3411.574 1.73079
592.29 191.081 243.303 3407.329 -1.65049
593.45 157.083 104.803 3434.698 1.57
594.61 122.535 108.29 3294.379 0.4471
595.77 104.571 92.8 3441.191 0.35154
596.93 100.538 66.291 3410.473 1.02409
598.09 227.053 217.795 3689.14 0.26669
599.24 150.08 114.803 3618.039 1.007
600.4 162.554 160.795 3699.575 0.04969
601.56 146.065 113.298 3677.292 0.91938
602.72 237.085 231.804 3953.568 0.14189
603.87 316.125 270.315 3971.474 1.2377
605.03 88.585 101.304 3872.568 -0.33726
606.19 119.076 37.301 3954.365 2.08764
607.35 32.581 14.303 3889.329 0.47169
608.5 386.071 340.3 4245.546 1.17203
609.66 612.088 510.805 4468.517 2.55913
610.82 113.557 113.796 4064.524 -0.00606
611.97 98.082 82.803 4115.764 0.37885
613.13 387.597 342.307 4445.72 1.10371
614.29 342.574 237.301 4377.995 2.5424
615.44 377.578 341.302 4630.879 0.84568
616.6 100.087 63.305 4329.583 0.86217
617.76 428.575 329.801 4634.285 2.29466
618.91 399.102 361.809 4662.684 0.86711
620.07 385.079 341.302 4653.314 1.01522
621.22 25.08 0.303 4391.039 0.56432
622.38 656.082 580.303 5017.764 1.70771
623.53 73.063 33.298 4593.778 0.87195
624.69 84.087 66.805 4666.938 0.37569
625.84 118.578 73.302 4848.524 0.94815
627.0 280.527 252.287 5003.255 0.59439
628.15 31.584 21.804 4789.488 0.20513
629.31 244.046 215.293 5094.451 0.5893
630.46 -5.928 -33.2 4837.48 0.55991
631.61 235.586 221.304 5155.292 0.28946
632.77 190.047 198.793 5068.031 -0.17962
633.92 330.064 282.798 5326.357 0.93715
635.08 571.537 503.29 5601.893 1.33854
636.23 209.573 159.301 5251.561 0.98723
637.38 30.574 -23.699 5196.35 1.0397
638.54 397.053 324.295 5716.93 1.34922
639.69 551.604 502.309 5919.909 0.9099
640.84 332.066 225.299 5724.777 1.94141
641.99 89.066 43.799 5535.551 0.82429
643.15 534.567 457.299 6031.325 1.38622
644.3 105.068 57.299 5648.098 0.85441
645.45 22.568 -54.201 5666.372 1.34198
646.6 516.069 498.299 6356.146 0.30334
647.75 182.569 122.3 6053.919 1.01608
648.91 -26.43 -43.2 5896.693 0.28233
650.06 141.571 95.3 6104.967 0.76994
651.21 245.071 258.8 6486.74 -0.22044
652.36 270.072 291.8 6522.514 -0.34873
653.51 95.072 97.8 6303.788 -0.04396
654.66 159.073 106.801 6517.062 0.81545
655.81 361.074 338.301 6872.835 0.3485
656.96 74.574 29.301 6660.109 0.68277
658.11 228.575 201.301 7031.883 0.39929
659.27 295.575 224.801 7047.656 1.03731
660.42 64.576 23.801 7002.93 0.58423
661.57 232.077 203.302 7231.204 0.40944
662.72 -75.923 -70.698 7041.478 -0.07346
663.87 -19.922 -42.198 7165.751 0.30904
665.01 154.578 153.802 7552.525 0.01049
666.16 62.079 3.802 7302.798 0.79842
667.31 46.579 69.302 7748.572 -0.2959
668.46 449.58 364.803 8218.846 1.07941
669.61 94.581 85.803 8133.12 0.10908
670.76 22.081 -15.197 8192.894 0.45416
671.91 448.082 383.803 8852.167 0.75904
673.06 306.082 292.803 8704.44 0.15787
674.21 -64.417 -86.197 8625.214 0.25001
675.35 215.084 143.804 8696.988 0.83337
676.5 108.084 107.304 8960.262 0.00881
677.65 6.085 5.804 8980.535 0.00313
678.8 -37.915 -81.696 9047.809 0.47956
679.94 54.586 20.804 9334.583 0.36271
681.09 226.587 183.304 9974.856 0.44203
682.24 272.087 202.305 10238.13 0.69533
683.39 -28.912 5.305 10168.904 -0.33666
684.53 265.088 205.305 10680.178 0.57073
685.68 112.589 103.305 10857.451 0.08633
686.83 134.09 149.805 11004.225 -0.14479
687.97 186.09 114.306 11071.999 0.65511
689.12 105.091 72.806 11315.272 0.28717
690.27 53.091 14.306 11274.046 0.34446
691.41 265.592 252.306 11700.319 0.11605
692.56 238.092 174.306 11797.094 0.5488
693.7 165.593 173.806 11924.867 -0.06989
694.85 29.094 -17.193 11851.141 0.39001
695.99 196.094 194.307 12337.414 0.01472
697.14 171.095 89.807 12533.688 0.65324
698.28 209.095 205.807 12608.962 0.02651
699.43 231.096 115.807 12545.235 0.92755
700.57 -48.403 -75.193 12643.009 0.21064
701.72 -16.403 -61.692 12816.283 0.35168
702.86 -54.902 -99.192 12984.057 0.33853
704.01 34.598 -16.692 13435.83 0.38127
705.15 236.099 196.308 13878.604 0.29082
706.29 31.1 30.308 13804.878 0.00575
707.44 103.6 66.808 14121.151 0.26178
708.58 -82.899 -71.691 14087.425 -0.07916
709.72 366.101 315.809 14831.699 0.34647
710.87 -53.898 -109.191 14264.973 0.38467
712.01 -50.397 -56.691 14516.246 0.04319
713.15 149.603 79.809 15163.02 0.46273
714.3 215.104 208.309 15113.294 0.04558
715.44 28.604 18.31 15359.567 0.06711
716.58 170.105 111.81 15553.341 0.37752
717.72 68.606 5.31 15678.114 0.40386
718.87 131.106 68.31 15879.389 0.39716
720.01 85.107 57.31 16093.662 0.17333
721.15 -64.393 -70.19 15793.436 0.03654
722.29 187.108 172.811 16468.209 0.08774
723.43 346.608 225.811 16748.482 0.7311
724.57 261.609 187.311 16671.756 0.45072
725.72 136.11 95.811 16993.531 0.23849
726.86 451.11 355.311 17002.805 0.57546
728.0 109.611 33.811 17141.578 0.44307
729.14 37.611 -38.688 17211.852 0.4423
730.28 274.112 244.812 17751.625 0.16736
731.42 9.613 -48.688 17619.398 0.32998
732.56 407.613 351.312 18129.172 0.31669
733.7 194.614 203.812 18323.945 -0.05076
734.84 -53.386 -91.688 18077.221 0.21081
735.98 120.115 62.813 18537.494 0.31017
737.12 -11.884 -52.187 18588.768 0.21621
738.26 17.116 22.813 18737.541 -0.03044
739.4 164.617 113.313 19299.814 0.26739
740.53 255.617 146.813 19140.088 0.57286
741.67 153.118 118.813 19408.361 0.17784
742.81 -79.881 -95.186 19243.137 0.07914
743.95 194.119 158.814 19426.41 0.18324
745.09 -1.38 -2.686 19422.184 0.00672
746.23 243.62 163.314 19837.457 0.40818
747.36 246.621 212.314 20136.23 0.17219
748.5 -46.879 -6.686 19742.504 -0.20352
749.64 8.622 5.315 20219.277 0.01636
750.78 -11.377 -16.185 20203.551 0.02378
751.92 45.123 17.315 20237.826 0.13753
753.05 98.624 49.315 20320.6 0.24324
754.19 310.124 323.315 20479.373 -0.06544
755.33 -82.375 -118.685 20275.146 0.17804
756.46 120.626 125.316 20781.42 -0.02271
757.6 6.626 8.816 20320.193 -0.01078
758.74 325.127 285.816 20974.467 0.19001
759.87 135.627 83.816 20582.24 0.25276
761.01 139.128 68.316 20903.016 0.33987
762.14 97.129 68.817 20837.789 0.13632
763.28 240.129 231.317 20895.563 0.04265
764.41 103.13 96.317 20980.836 0.03262
765.55 -79.87 -118.183 20814.109 0.18303
766.69 150.631 118.817 20793.883 0.15388
767.82 179.132 118.317 20800.656 0.29404
768.95 2.132 -1.182 20581.932 0.0161
770.09 448.133 444.318 20882.705 0.01867
771.22 347.133 352.318 21385.479 -0.02465
772.36 280.134 220.318 20991.252 0.28798
773.49 312.135 302.818 21116.025 0.04476
774.63 81.635 56.818 20900.799 0.11906
775.76 92.636 36.319 21013.572 0.26847
776.89 222.636 210.819 20756.846 0.05752
778.03 210.637 138.819 20719.121 0.34896
779.16 3.137 -42.681 20723.895 0.22064
780.29 180.138 129.819 20908.668 0.24216
781.43 306.639 297.819 20588.441 0.04346
782.56 177.139 137.32 20687.715 0.19377
783.69 -13.86 -0.68 20196.488 -0.06526
784.82 67.64 60.32 20393.262 0.036
785.96 82.141 78.32 20505.535 0.01871
787.09 90.642 99.82 20453.311 -0.0451
788.22 183.142 112.32 20499.584 0.34738
789.35 45.643 -24.179 20483.357 0.34047
790.48 93.643 49.821 20368.131 0.21568
791.62 288.144 237.321 20444.404 0.25151
792.75 -2.355 -33.179 19987.178 0.15396
793.88 409.645 345.821 20153.451 0.32222
795.01 206.146 120.321 20121.727 0.42909
796.14 223.646 221.822 20278.0 0.0091
797.27 289.647 229.322 19759.773 0.30888
798.4 101.648 100.322 20093.047 0.00663
799.53 -28.852 -69.678 19343.32 0.2103
800.66 145.149 107.822 19516.594 0.19232
801.79 762.149 716.822 20288.367 0.2316
802.92 85.65 70.823 19606.141 0.0759
804.05 242.15 174.823 19523.416 0.34797
805.18 130.151 125.823 19437.189 0.02241
806.31 90.652 67.823 19198.963 0.11933
807.44 -81.348 -58.177 19203.736 -0.12029
808.57 203.653 159.323 19985.01 0.2236
809.69 183.653 180.324 19799.283 0.01697
810.82 -116.346 -126.176 19596.557 0.04984
811.95 544.155 498.324 19998.83 0.23502
813.08 96.155 34.824 19121.605 0.32133
814.21 640.156 518.324 19863.379 0.62978
815.33 167.656 118.824 19114.652 0.25707
816.46 173.657 161.825 18712.926 0.06378
817.59 454.658 417.825 18868.199 0.19963
818.72 268.658 234.825 18819.973 0.18204
819.84 466.659 436.825 18696.246 0.16339
820.97 264.659 259.825 18356.02 0.02671
822.1 394.66 310.325 18748.795 0.45738
823.22 -23.839 -29.174 18138.068 0.02937
824.35 63.161 26.326 18345.342 0.20108
825.48 341.162 251.326 18140.115 0.50219
826.6 168.162 136.326 17963.889 0.17858
827.73 -84.837 -83.674 17596.662 -0.00658
828.85 133.664 89.826 17820.936 0.24723
829.98 375.664 303.827 18008.211 0.40576
831.11 41.665 -22.173 17508.484 0.36415
832.23 -7.835 17.827 17873.258 -0.14372
833.36 278.166 261.327 17914.031 0.09539
834.48 149.666 130.327 17510.805 0.11127
835.6 281.667 192.827 17511.578 0.51297
836.73 -7.832 -37.172 17082.852 0.17138
837.85 274.168 218.328 17306.625 0.32678
838.98 -92.831 -94.672 16900.4 0.01083
840.1 215.169 194.328 17479.674 0.12057
841.23 171.17 119.828 17148.447 0.3015
842.35 436.171 350.329 17855.221 0.49039
843.47 133.671 100.829 17375.994 0.19011
844.6 -48.328 -38.171 17120.268 -0.0592
845.72 50.672 4.829 16961.041 0.27036
846.84 28.673 22.329 17055.314 0.03724
847.96 50.174 16.829 17166.59 0.19443
849.09 5.174 -3.67 17074.363 0.05179
850.21 81.175 68.83 17183.637 0.07213
851.33 217.675 196.33 16716.41 0.12921
852.45 -23.324 -56.17 16874.184 0.19401
853.57 126.177 122.33 17019.957 0.02276
854.7 14.177 -3.67 16521.73 0.108
855.82 -15.822 18.331 16829.506 -0.20316
856.94 211.178 186.831 17127.279 0.14372
858.06 -43.821 -122.669 16716.053 0.46825
859.18 230.68 170.331 16926.826 0.36015
860.3 99.18 87.831 17049.1 0.06691
861.42 -76.319 -103.669 16831.873 0.16149
862.54 -84.819 -96.168 16676.146 0.06767
863.66 -3.818 -43.668 16690.42 0.23814
864.78 70.682 71.332 17034.695 -0.00383
865.9 132.683 109.332 16724.969 0.14054
867.02 721.684 676.832 17307.242 0.2697
868.14 479.184 444.332 17198.016 0.20802
869.26 252.185 226.833 16961.789 0.15149
870.38 -93.815 -115.667 16441.063 0.13199
871.5 -102.314 -77.667 16530.836 -0.1484
872.62 -36.813 -52.167 16666.109 0.09184
873.74 331.187 306.333 16925.385 0.14955
874.85 -5.813 -52.667 16573.521 0.28181
875.97 106.188 119.333 16590.021 -0.07981
877.09 203.188 122.333 16584.021 0.49117
878.21 113.688 63.333 16111.521 0.31377
879.33 142.188 123.833 16197.521 0.11419
880.44 94.188 66.333 16025.521 0.17453
881.56 68.688 40.333 16105.521 0.17649
882.68 133.688 92.833 16215.521 0.2534
883.79 446.188 424.833 16592.521 0.13208
884.91 -107.313 -134.167 15862.021 0.16788
886.03 220.188 169.833 16124.021 0.31562
887.14 323.188 290.333 16637.521 0.20098
888.26 365.688 330.333 16600.521 0.21729
889.38 297.688 273.833 16755.021 0.14474
890.49 -77.813 -86.667 16621.021 0.05299
891.61 155.188 97.333 17207.021 0.33814
892.72 -29.813 -71.167 17100.521 0.24083
893.84 -106.813 -71.667 17289.021 -0.20244
894.95 -102.813 -80.667 17700.021 -0.12455
896.07 26.188 20.833 17935.021 0.02989
897.18 156.688 147.833 18021.521 0.04954
898.3 -81.313 -53.167 17895.521 -0.15681
899.41 291.188 274.833 18195.021 0.09126
900.53 142.688 120.333 18364.521 0.12253
901.64 246.688 219.833 18278.521 0.1487
902.75 117.188 53.833 18022.021 0.35259
903.87 8.688 -10.667 17833.521 0.10846
904.98 155.688 149.833 17740.521 0.03328
906.09 95.688 22.833 17442.021 0.41824
907.21 158.188 145.833 17727.021 0.07027
908.32 24.688 28.333 17427.021 -0.02095
909.43 342.688 272.333 17324.521 0.41258
910.54 126.188 127.833 17101.521 -0.0097
911.66 617.688 540.333 17398.021 0.45887
912.77 -4.313 -1.667 16875.521 -0.01568
913.88 185.188 150.833 16798.021 0.20637
914.99 24.688 -48.167 16249.521 0.44702
916.1 162.188 135.833 16502.521 0.16102
917.22 -12.813 -30.167 16246.521 0.10662
918.33 298.688 289.833 16533.021 0.05451
919.44 102.688 76.833 16088.021 0.16148
920.55 399.688 358.833 16400.521 0.25467
921.66 176.188 200.333 15967.521 -0.15314
922.77 210.188 207.333 15947.521 0.01813
923.88 315.688 300.833 16007.021 0.09458
924.99 150.688 142.333 15734.021 0.05358
926.1 -47.313 -86.167 15213.021 0.25396
927.21 338.688 317.833 15502.021 0.13734
928.32 -89.313 -121.167 14935.021 0.21157
929.43 139.688 60.833 14756.021 0.5366
930.54 1.188 23.833 14597.021 -0.15539
931.65 116.188 82.333 14405.521 0.23636
932.76 179.688 184.333 14277.521 -0.03297
933.86 147.688 93.333 13962.521 0.39191
934.97 31.688 22.833 13555.521 0.06543
936.08 41.688 4.833 12906.021 0.28566
937.19 335.688 312.833 12296.021 0.19072
938.3 212.688 227.833 11325.521 -0.13648
939.4 347.688 293.333 10516.521 0.53168
940.51 99.188 69.333 9564.021 0.31443
941.62 230.688 193.833 9042.521 0.41649
942.73 618.688 508.833 9195.521 1.26463
943.83 134.188 125.833 8592.521 0.09867
944.94 111.188 151.833 8445.021 -0.49011
946.05 -96.813 -150.667 8261.521 0.64019
947.15 -85.813 -68.667 8341.521 -0.20387
948.26 114.688 64.833 8432.521 0.59579
949.36 -43.813 -1.167 8590.521 -0.49636
950.47 147.188 121.333 9100.521 0.28793
951.57 395.688 369.833 10024.021 0.2678
952.68 284.688 229.333 10070.021 0.5625
953.79 237.688 217.833 10104.021 0.20083
954.89 37.188 8.833 9996.021 0.28391
955.99 221.188 167.333 10524.521 0.51997
957.1 54.688 40.333 10531.521 0.13682
958.2 140.188 76.333 10740.521 0.59877
959.31 214.188 203.333 10763.021 0.10279
960.41 26.688 28.333 10701.521 -0.01542
961.52 4.688 -30.667 10987.521 0.32087
962.62 221.688 175.833 11196.021 0.41609
963.72 -87.313 -80.667 10638.521 -0.062
964.83 -104.813 -124.667 10787.021 0.18195
965.93 164.688 112.833 11027.021 0.47511
967.03 313.688 271.333 11214.021 0.38705
968.13 201.688 208.333 10987.521 -0.06165
969.24 15.188 8.833 11066.521 0.05746
970.34 33.188 31.333 11033.021 0.01685
971.44 39.688 52.333 11193.021 -0.11351
972.54 134.188 141.833 10972.521 -0.07059
973.64 34.688 5.333 10840.021 0.27093
974.75 540.688 435.833 11194.021 0.97465
975.85 1753.688 1647.833 12404.521 0.98408
976.95 51.188 7.333 10512.521 0.41745
978.05 237.188 203.333 10883.521 0.31698
979.15 516.188 433.833 10871.021 0.78905
980.25 4.188 2.833 10386.521 0.01304
981.35 35.688 60.333 10520.521 -0.23562
982.45 443.688 410.333 10796.521 0.32114
983.55 223.688 186.833 10480.521 0.35803
984.65 188.688 138.833 10459.021 0.48307
985.75 319.188 309.833 10232.021 0.09428
986.85 181.188 180.333 10122.021 0.00859
987.95 46.688 14.833 9940.021 0.32094
989.05 362.188 361.833 10201.521 0.0036
990.15 263.688 271.833 9856.021 -0.08499
991.25 187.688 124.833 9537.521 0.66776
992.34 394.188 347.833 9617.521 0.50006
993.44 196.188 140.833 9195.521 0.61133
994.54 197.188 111.833 9134.021 0.94605
995.64 340.688 309.833 9324.521 0.34227
996.74 388.688 351.833 9276.021 0.41297
997.83 -15.813 -49.167 8508.021 0.38978
998.93 121.688 76.333 8520.021 0.53714
1000.03 678.188 590.833 8878.021 1.05409
1001.12 370.188 353.833 8577.521 0.19887
1002.22 338.188 315.333 8394.521 0.28288
1003.32 60.188 64.833 8046.521 -0.05821
1004.41 199.688 125.333 7921.021 0.95379
1005.51 169.188 120.833 7732.021 0.6353
1006.6 43.188 6.333 7254.521 0.50846
1007.7 289.188 306.833 7382.021 -0.2494
1008.8 -44.313 -47.667 6818.521 0.04885
1009.89 250.188 235.333 7115.521 0.2159
1010.99 168.188 114.333 7114.521 0.76932
1012.08 -45.313 -29.167 7068.021 -0.2275
1013.18 151.688 126.833 7416.521 0.34095
1014.27 65.188 47.333 7789.021 0.23062
1015.36 107.688 64.833 8086.521 0.53423
1016.46 187.688 124.833 7881.021 0.81037
1017.55 -1.813 -38.167 7664.521 0.47197
1018.65 164.188 151.833 7666.521 0.1644
1019.74 269.188 258.833 7573.021 0.14156
1020.83 197.188 177.833 7421.521 0.26719
1021.93 111.688 91.833 7099.021 0.28334
1023.02 -4.313 -45.667 6536.521 0.62827
1024.11 -8.813 -60.167 6335.021 0.80301
1025.2 -77.313 -58.167 6400.521 -0.29644
1026.3 173.188 189.833 6370.521 -0.26932
1027.39 282.688 250.833 6160.521 0.53902
1028.48 223.188 163.333 5957.521 1.033
1029.57 167.688 104.333 5787.521 1.11476
1030.66 196.688 198.333 5543.021 -0.03079
1031.75 758.188 757.333 5936.021 0.01649
1032.84 299.188 241.333 5443.521 1.11211
1033.94 16.688 -37.167 4984.021 1.07254
1035.03 332.688 296.333 5224.521 0.73768
1036.12 -34.313 -58.667 4769.521 0.50442
1037.21 -32.813 -21.667 4711.021 -0.23551
1038.3 220.688 213.833 4707.521 0.15253
1039.39 -28.313 16.833 4329.521 -1.04681
1040.48 188.688 156.833 4486.521 0.73572
1041.57 252.688 235.333 4397.521 0.41695
1042.66 154.188 153.833 4105.021 0.00896
1043.74 223.188 184.833 4107.021 0.97788
1044.83 199.688 192.833 3955.021 0.18219
1045.92 -28.813 -67.167 3648.521 1.03222
1047.01 287.188 249.333 3927.521 1.02915
1048.1 -20.313 -79.167 3349.521 1.71652
1049.19 183.688 144.833 3456.521 1.17324
1050.27 141.188 105.333 3279.021 1.12973
1051.36 53.188 41.833 3118.521 0.36904
1052.45 229.188 197.333 3250.021 1.04348
1053.54 166.188 131.333 3119.021 1.16659
1054.62 206.688 203.333 3148.521 0.11389
1055.71 170.688 181.833 2935.521 -0.40476
1056.8 334.188 261.833 3059.021 2.58668
1057.88 90.688 105.333 2808.021 -0.5419
1058.97 137.188 165.833 2806.521 -1.08479
1060.06 442.188 360.833 2897.021 3.20773
1061.14 126.188 99.333 2514.021 1.11212
1062.23 830.688 781.333 3166.021 2.06963
1063.31 240.688 185.333 2433.021 2.46272
1064.4 90.188 66.333 2209.521 1.11302
1065.48 226.688 148.333 2342.021 3.5718
1066.57 113.188 79.833 2179.521 1.58853
1067.65 204.188 210.833 2247.521 -0.32631
1068.74 97.688 58.333 2048.521 1.97741
1069.82 148.688 209.833 2082.521 -3.26514
1070.9 1170.688 1117.333 2964.521 2.8884
1071.99 248.688 198.833 1952.521 2.84282
1073.07 174.188 154.833 1851.021 1.14104
1074.15 260.688 187.833 1929.521 4.18296
1075.24 211.188 193.833 1857.021 1.04343
1076.32 248.188 239.333 1887.521 0.53721
1077.4 478.688 478.833 2117.021 -0.0089
1078.49 56.188 43.333 1595.021 0.8284
1079.57 240.188 275.333 1770.521 -2.3506
1080.65 423.688 398.333 1899.021 1.6895
1081.73 130.688 114.833 1561.521 1.09589
1082.81 24.188 -13.167 1407.021 2.63023
1083.89 154.688 227.833 1567.021 -5.46196
1084.98 236.188 212.833 1531.021 1.77169
1086.06 41.188 48.333 1321.521 -0.56126
1087.14 44.188 25.333 1303.021 1.47565
1088.22 154.688 168.833 1389.521 -1.15884
1089.3 -19.313 -23.167 1215.021 0.31127
1090.38 507.188 484.333 1691.521 1.89317
1091.46 273.688 224.333 1441.021 4.05644
1092.54 123.688 71.833 1228.521 4.48299
1093.62 128.188 116.833 1268.021 0.9863
1094.7 0.188 23.333 1075.021 -2.20083
1095.78 135.688 119.333 1187.021 1.53174
1096.86 169.188 153.833 1148.521 1.54362
1097.93 552.688 515.333 1525.021 3.69958
1099.01 350.188 321.833 1273.521 2.97936
1100.09 74.688 49.333 953.521 2.80408
