196.55 2694.289 972.948 1339.379 469.75871
197.76 3917.506 1427.472 1995.603 438.28501
198.96 3532.771 1340.45 1803.191 473.76917
200.16 2353.18 796.077 1227.164 361.20397
201.36 4089.932 1587.379 2062.06 527.20748
202.56 2764.387 990.115 1401.163 431.646
203.76 2328.654 849.94 1265.984 355.42198
204.96 2769.421 932.264 1411.806 383.10687
206.16 2096.222 712.367 946.298 591.56361
207.36 3347.737 1181.173 1687.519 427.88148
208.56 2895.231 1052.507 1476.29 434.82708
209.76 1880.089 637.704 982.138 360.70382
210.96 2580.583 888.539 1380.408 344.00242
212.16 5065.504 2056.997 2537.841 625.67276
213.36 3182.257 1126.644 1600.47 433.83335
214.56 2503.141 890.479 1274.997 419.39864
215.76 4680.154 1834.94 2402.485 501.31972
216.96 3899.96 1568.862 2050.473 484.02111
218.16 2747.51 985.792 1447.599 381.48367
219.35 2326.743 716.838 1152.749 369.31996
220.55 2545.478 872.359 1328.661 366.6694
221.75 2443.433 810.596 1150.265 480.71453
222.95 3866.135 1461.314 1932.768 510.08611
224.15 3123.356 1090.029 1574.459 419.73586
225.35 2385.896 782.472 1287.36 317.58055
226.55 2280.498 792.831 1188.111 376.35758
227.75 3719.635 1378.814 1879.768 467.27273
228.94 3159.089 1122.204 1555.138 470.48442
230.14 2698.405 919.113 1379.351 386.60203
231.34 2440.466 847.028 1265.702 380.5912
232.54 2212.2 780.549 1133.115 406.06691
233.74 2401.205 805.869 1171.11 436.78966
234.93 2342.162 791.951 1221.947 360.51723
236.13 2746.308 951.574 1439.095 368.13417
237.33 2721.157 930.131 1313.452 467.23978
238.53 2428.212 887.381 1239.073 438.11888
239.72 3688.241 1373.993 1901.015 439.11758
240.92 1864.109 562.676 918.088 366.17593
242.12 3224.391 1152.807 1622.13 441.39758
243.31 2320.767 755.63 1186.695 363.0864
244.51 1892.486 627.0 952.653 388.59979
245.71 3438.018 1278.803 1722.062 487.12315
246.9 4284.486 1688.0 2212.153 495.36813
248.1 2721.644 950.954 1448.759 355.69915
249.3 2625.607 982.33 1398.854 394.52151
250.49 2461.745 893.313 1321.511 366.28654
251.69 2998.16 1049.106 1539.214 397.67831
252.89 2588.484 916.154 1388.919 353.73392
254.08 1808.089 579.204 954.138 327.76074
255.28 2692.419 976.919 1400.072 405.40845
256.47 1881.992 577.666 955.382 345.31892
257.67 3263.805 1159.099 1530.833 566.186
258.86 3350.075 1172.898 1590.417 521.45635
260.06 2584.873 917.809 1356.442 380.05889
261.26 3885.328 1459.546 1914.546 533.13869
262.45 2621.69 939.063 1294.389 473.5444
263.65 1768.857 565.158 907.488 351.61932
264.84 3079.338 1081.531 1469.771 514.58098
266.04 2148.484 804.154 1217.419 325.29495
267.23 1634.729 487.661 823.556 341.49569
268.42 2182.425 706.584 1015.802 477.2828
269.62 2726.385 882.641 1322.401 419.26117
270.81 2671.441 959.736 1397.256 391.22893
272.01 2592.445 923.056 1333.752 406.47826
273.2 3141.82 1164.034 1567.583 490.09849
274.4 2031.842 664.852 908.767 560.43694
275.59 2907.695 1028.883 1499.385 399.32072
276.78 2637.579 892.718 1361.913 371.88448
277.98 2326.168 772.746 1191.206 371.22383
279.17 2438.217 903.201 1285.069 401.97514
280.37 2356.106 837.985 1198.621 420.95642
281.56 1723.547 528.915 926.504 300.46937
282.75 2110.621 617.508 1021.047 370.00459
283.95 2414.336 801.186 1237.537 369.69052
285.14 2502.081 863.193 1247.675 426.25881
286.33 2094.403 700.267 1012.118 447.05224
287.52 2619.81 948.548 1368.358 398.10007
288.72 3192.381 1136.95 1615.434 429.57129
289.91 3920.077 1410.373 1957.179 458.97505
291.1 2928.593 1007.024 1453.634 430.2574
292.29 2685.522 997.623 1395.057 424.69886
293.49 2821.423 1044.239 1446.568 441.72382
294.68 2077.597 729.845 997.629 503.29691
295.87 2377.787 803.102 1201.145 395.6067
297.06 2718.822 940.38 1418.817 371.71943
298.26 1542.591 420.179 733.9 357.77389
299.45 2360.767 789.13 1098.195 508.51407
300.64 2426.478 822.859 1190.661 436.00094
301.83 2440.966 857.028 1294.202 362.3126
303.02 2138.585 630.384 1057.142 353.40901
304.21 3101.483 1123.525 1573.39 439.67804
305.4 2464.105 875.356 1160.092 557.97201
306.59 2640.992 920.166 1316.882 433.76737
307.79 2334.573 803.053 1187.683 398.17958
308.98 1750.405 579.113 932.851 331.11793
310.17 3105.864 966.081 1430.275 460.96788
311.36 2330.134 857.597 1178.563 458.78288
312.55 3914.466 1560.657 2066.731 465.11162
313.74 1872.587 584.359 957.404 345.32744
314.93 3010.231 1009.007 1474.29 430.10878
316.12 2342.063 787.067 1192.958 383.10645
317.31 1457.363 406.823 740.217 315.10467
318.5 1770.587 574.859 920.404 346.04082
319.69 2491.755 830.799 1262.736 384.53634
320.88 2258.324 736.225 1134.55 382.12511
322.07 1978.776 607.271 993.686 354.9297
323.26 1974.115 607.342 935.817 416.09588
324.45 1377.047 447.415 793.504 268.61096
325.64 2433.041 766.749 1195.274 388.84361
326.83 2705.093 996.024 1395.634 427.68513
328.01 2223.281 738.436 1110.916 398.63811
329.2 2924.073 976.053 1403.683 455.53815
330.39 2197.322 727.38 1086.817 408.95717
331.58 1893.302 542.908 969.366 316.6533
332.77 3319.553 1253.081 1742.233 422.45999
333.96 1351.49 448.82 671.648 405.0963
335.15 1691.761 524.964 868.466 339.6778
336.33 1690.802 590.908 878.866 381.96308
337.52 2149.047 719.415 1040.504 445.24541
338.71 2141.271 710.45 1050.191 421.15143
339.9 1952.519 614.932 995.09 351.8498
341.08 2049.826 688.2 1067.812 358.68864
342.27 2728.379 879.475 1376.672 371.86571
343.46 2851.196 1063.729 1446.619 466.836
344.65 2701.696 897.229 1356.119 393.22456
345.83 2878.676 983.257 1460.668 397.02014
347.02 1581.921 470.264 791.306 346.26561
348.21 2974.925 1021.584 1513.302 397.24877
349.4 1698.369 462.989 862.946 308.87781
350.58 2139.938 718.045 1108.789 363.89349
351.77 1767.205 575.369 941.11 325.86859
352.96 1364.298 324.088 698.37 277.92105
354.14 2182.664 619.926 1114.21 316.16201
355.33 1764.267 536.13 920.695 319.35775
356.51 1558.525 387.098 701.82 372.21005
357.7 2256.661 679.734 1173.743 319.21051
358.89 1750.561 511.721 949.225 283.16119
360.07 2891.27 915.105 1399.957 407.58068
361.26 3220.23 1061.79 1572.085 422.97867
362.44 2408.825 733.483 1177.108 377.64884
363.63 1973.497 481.743 950.435 318.28037
364.81 2168.593 531.437 1069.458 304.29228
366.0 1670.16 276.518 729.538 307.63354
367.18 4311.141 1403.392 2092.821 421.76172
368.37 2019.562 529.85 875.253 431.29634
369.55 2594.282 737.065 1246.445 364.60388
370.74 3003.527 911.572 1458.582 382.43461
371.92 3501.699 1158.332 1668.41 459.41402
373.11 2234.382 476.078 1016.963 325.07946
374.29 1890.477 421.772 908.985 301.45022
375.48 2222.515 531.741 1060.623 319.68806
376.66 2027.057 441.53 902.257 344.13562
377.84 3402.062 953.85 1582.253 389.59246
379.03 1995.792 405.051 908.67 315.86225
380.21 1735.056 332.184 747.024 338.17199
381.39 1588.036 266.212 675.074 323.2939
382.58 2971.92 816.548 1409.101 363.74307
383.76 3618.875 1148.784 1715.705 435.70311
384.94 4158.711 1254.164 1936.868 425.44726
386.13 2338.872 426.593 963.237 356.33973
387.31 2850.444 618.339 1185.047 393.87238
388.49 2300.928 474.688 1029.093 329.40557
389.68 2868.863 637.952 1263.246 356.7782
390.86 2873.853 567.466 1204.521 362.03924
392.04 3963.181 982.706 1677.693 428.85345
393.22 2915.353 445.466 1111.021 371.10217
394.41 2816.918 473.202 1085.367 382.85663
395.59 2161.481 193.463 865.952 292.64681
396.77 3103.319 552.689 1295.349 343.44483
397.95 3270.9 637.576 1375.151 357.02456
399.13 4091.201 792.678 1560.643 429.51462
400.31 3545.805 447.511 1233.657 394.11184
401.5 4121.72 626.304 1514.36 393.60309
402.68 4324.536 734.712 1616.074 407.30445
403.86 3504.618 434.445 1296.108 356.30782
405.04 4647.14 807.263 1861.292 364.30448
406.22 3617.485 367.783 1341.448 333.75984
407.4 4747.585 697.013 1747.671 385.52735
408.58 5223.347 814.301 1875.791 415.36364
409.76 5643.505 947.755 2029.398 434.13113
410.94 4841.353 624.466 1721.521 384.38266
412.12 4533.167 502.9 1505.972 401.79244
413.3 4288.262 359.093 1500.994 344.09014
414.48 4186.124 371.111 1363.838 384.29639
415.66 4775.13 445.277 1491.567 413.82906
416.84 6787.507 1233.1 2392.132 479.2284
418.02 5777.542 623.378 1795.303 439.80326
419.2 5316.017 419.586 1512.357 448.07495
420.38 5549.726 583.97 1792.589 410.86181
421.56 5328.778 427.245 1581.949 424.48403
422.74 6581.602 1081.794 2295.154 453.27078
423.92 6141.833 865.995 2097.57 428.38117
425.1 5630.624 464.111 1706.838 415.74007
426.28 5789.223 405.995 1712.327 412.08734
427.46 8240.351 1356.492 2799.259 477.12905
428.63 6653.569 571.861 2000.716 425.63513
429.81 6600.871 687.964 1968.209 461.85747
430.99 6798.875 754.784 2180.705 423.87286
432.17 7616.08 1145.347 2523.941 469.37182
433.35 6864.228 827.316 2288.823 413.06064
434.52 5691.045 155.069 1442.77 429.91171
435.7 6745.304 376.383 1827.128 439.01016
436.88 8043.379 840.104 2306.7 491.15592
438.06 7870.448 552.531 2072.014 481.60558
439.23 7772.997 399.115 1956.406 473.50672
440.41 8165.504 594.126 2298.869 444.13594
441.59 8582.235 828.456 2548.315 450.83812
442.77 7710.091 276.679 1951.4 443.85969
443.94 8845.467 760.657 2663.231 424.94061
445.12 9376.09 769.833 2568.167 478.56849
446.3 10574.369 1093.118 2946.475 511.57175
447.47 10609.671 666.72 2632.968 505.68155
448.65 11468.849 720.646 2715.525 538.7898
449.82 10764.849 500.146 2418.525 535.07176
451.0 11226.426 609.213 2599.83 533.36288
452.18 10997.473 476.823 2644.96 485.23898
453.35 11286.839 530.16 2753.3 483.85083
454.53 11496.941 558.865 2819.285 483.89576
455.7 11740.033 334.238 2713.311 479.42177
456.88 14183.392 945.935 3424.159 534.15098
458.05 14055.641 591.763 3040.792 549.76379
459.23 14660.875 315.784 2806.205 576.01074
460.4 15846.839 580.16 3298.8 561.55584
461.58 16624.02 719.432 3462.09 579.89678
462.75 15658.59 315.333 3204.667 531.03104
463.93 16302.063 628.696 3520.987 541.90146
465.1 16162.782 525.065 3629.945 503.64974
466.28 15638.397 218.101 3243.888 509.62924
467.45 16099.339 146.66 3291.8 507.21689
468.63 18221.65 523.249 3846.018 532.64015
469.8 20097.748 870.287 4222.273 573.61398
470.97 20513.268 405.259 3823.724 588.21756
472.15 22046.719 595.675 4138.332 605.50734
473.32 22669.896 704.601 4322.388 607.14728
474.49 23384.096 859.499 4671.896 590.82505
475.67 22356.918 507.573 4177.839 595.30687
476.84 21306.662 327.08 4088.476 557.76052
478.01 22600.58 636.347 4688.941 541.97959
479.19 22698.307 548.728 4557.862 552.47793
480.36 23254.33 309.02 4472.808 551.06816
481.53 24612.295 596.897 4836.903 566.40001
482.7 25599.877 497.129 4733.938 592.4919
483.88 26312.148 275.774 4583.755 604.37528
485.05 27867.891 361.935 4823.659 616.48719
486.22 28348.93 478.405 4938.797 624.84463
487.39 28158.043 333.595 4795.508 623.59909
488.56 28197.059 485.876 5021.991 610.90115
489.74 28399.326 897.2 5619.313 582.41149
490.91 26723.111 242.651 4990.851 557.69472
492.08 26814.059 375.876 5230.491 544.59889
493.25 27063.316 278.714 5092.587 556.40444
494.42 28239.52 476.778 5228.824 584.22711
495.59 29226.658 417.26 5317.48 587.92044
496.76 30823.395 465.756 5367.155 619.36679
497.93 32391.361 610.478 5616.483 634.85513
499.1 32794.414 572.753 5591.843 641.98215
500.27 33927.012 1040.792 6267.099 629.24394
501.44 34050.32 1228.534 6296.083 647.68564
502.61 31352.121 423.137 5408.076 620.44858
503.78 31819.537 629.929 5761.278 607.82471
504.95 32229.988 1123.474 6516.415 576.80058
506.12 31080.527 696.943 5888.053 585.30034
507.29 30556.836 335.186 5433.538 592.77295
508.46 31106.102 32.165 5307.125 589.08381
509.63 34100.102 1258.165 6645.125 609.65619
510.8 35838.016 1179.612 6671.095 631.13014
511.97 35254.184 558.552 5824.426 658.87693
513.14 36042.465 258.528 5792.702 646.5994
514.31 37687.168 785.746 6241.206 676.41269
515.48 37216.602 495.01 6045.359 661.60874
516.65 37273.906 525.087 6124.614 656.28438
517.81 36377.0 355.806 5922.374 647.09882
518.98 36478.215 695.01 6349.102 632.87265
520.15 34815.266 161.13 5858.695 608.22716
521.32 36040.77 703.605 6464.457 613.40168
522.49 38937.359 1502.503 7468.221 627.4996
523.65 38556.086 1158.859 7184.404 620.64466
524.82 38317.918 638.073 6545.839 637.80193
525.99 38297.348 78.517 6017.496 643.52529
527.16 41332.93 631.25 6882.031 651.14554
528.32 43133.965 730.182 7018.969 674.27608
529.49 43537.258 411.619 6654.732 690.77139
530.66 44052.223 114.367 6539.298 683.86494
531.82 44436.125 180.957 6592.071 690.28821
532.99 44811.648 320.274 6997.255 666.33966
534.16 45091.785 444.256 7148.912 665.91834
535.32 46086.059 794.401 7641.229 661.49845
536.49 45109.801 294.408 7207.866 648.23409
537.65 47272.926 1011.059 8080.564 654.38622
538.82 46226.117 321.816 7430.58 645.74243
539.99 47944.063 642.721 8076.725 636.28355
541.15 49627.051 818.39 8357.766 647.3833
542.32 50715.25 147.979 7854.74 656.14163
543.48 54447.375 811.155 8785.676 672.59489
544.65 56218.156 992.785 8917.718 696.85605
545.81 60385.012 1483.292 10133.099 680.95993
546.98 60678.66 503.106 9285.714 685.16723
548.14 60701.512 783.792 9857.099 660.37356
549.31 60710.078 402.873 9415.179 669.16509
550.47 60717.527 469.443 9763.554 648.23939
551.63 60703.0 914.806 10766.874 606.85932
552.8 60679.535 454.584 10034.545 628.65548
553.96 60707.844 459.852 10240.767 615.97501
555.13 60718.27 391.45 10690.69 585.74049
556.29 60732.426 934.084 11394.302 571.67399
557.45 60666.5 274.46 10552.64 587.57526
558.62 60720.133 523.468 11224.534 562.5296
559.78 60734.66 771.606 11627.214 552.36936
560.94 60721.625 371.982 11276.809 553.4214
562.11 60732.797 391.088 11510.37 542.6763
563.27 60720.879 157.975 11361.672 540.56179
564.43 60712.684 32.397 11656.66 522.01406
565.59 60759.242 205.838 12004.749 513.21182
566.76 60678.418 351.073 12192.839 509.44551
567.92 60760.359 571.349 12448.455 506.76494
569.08 60727.957 715.042 13216.978 480.02899
570.24 60673.203 352.024 12896.877 480.84404
571.4 60709.332 226.366 12819.042 480.30272
572.57 60759.613 367.342 13100.317 474.29818
573.73 60726.094 55.524 13072.134 466.10118
574.89 60744.344 452.697 13544.0 460.54734
576.05 60687.355 476.158 13770.987 452.89183
577.21 60693.316 157.714 13514.587 453.21688
578.37 60718.645 18.954 13640.76 445.60678
579.53 60738.758 193.644 13978.47 439.21567
580.69 60727.211 597.535 14724.34 425.64243
581.85 60714.918 351.919 14327.072 431.93085
583.01 60710.82 401.88 14435.816 429.73645
584.17 60705.609 484.83 14656.854 424.92716
585.33 60725.348 572.517 14948.496 418.42598
586.49 60698.531 377.763 14735.049 420.14048
587.65 60700.02 573.278 15187.824 411.41709
588.81 60725.723 566.521 15553.064 401.42146
589.97 60716.41 929.433 15628.847 406.73035
591.13 60672.832 421.02 15287.808 405.27795
592.29 60731.309 336.574 15254.096 404.85769
593.45 60733.543 213.595 14965.508 410.25153
594.61 60676.184 134.052 15178.927 402.41034
595.77 60719.391 196.961 15395.896 398.20177
596.93 60680.281 91.091 14998.683 406.43177
598.09 60697.414 382.753 15545.343 397.78601
599.24 60730.563 138.067 15446.458 395.8123
600.4 60698.531 291.763 15433.549 398.94085
601.56 60711.938 233.39 15322.522 400.80865
602.72 60735.777 368.616 15465.42 399.86716
603.87 60783.082 473.064 15310.146 406.48165
605.03 60735.777 232.116 15238.92 403.17487
606.19 60724.977 148.514 14826.428 412.70485
607.35 60731.309 -3.926 15131.096 401.28938
608.5 60719.016 594.457 15492.328 403.5782
609.66 60739.504 989.651 15859.107 401.82944
610.82 60702.254 146.299 15137.236 403.95042
611.97 60732.426 125.084 14915.802 409.76607
613.13 60750.305 573.754 15514.6 402.76535
614.29 60722.742 496.993 15383.016 404.57918
615.44 60727.582 717.539 15456.908 407.14118
616.6 60738.383 180.141 14843.401 412.99302
617.76 60723.484 663.0 15414.652 407.14411
618.91 60756.637 726.314 15170.268 415.60866
620.07 60728.699 641.049 15204.114 412.60304
621.22 60730.563 17.567 14577.958 416.97366
622.38 60732.426 1061.084 15637.302 409.37467
623.53 60709.332 78.366 14625.542 416.78856
624.69 60738.012 112.137 14268.832 428.24879
625.84 60727.957 217.542 14299.978 429.68715
627.0 60666.871 488.964 14831.709 419.57036
628.15 60734.289 -0.398 14734.646 412.17854
629.31 60689.219 318.175 14728.331 418.94789
630.46 60720.133 -23.532 14344.034 422.78326
631.61 60737.641 374.134 14629.264 423.45112
632.77 60690.707 228.189 14833.106 413.98741
633.92 60710.82 495.38 14691.816 424.15884
635.08 60678.789 949.577 15177.407 419.80548
636.23 60721.625 308.482 14744.809 418.48003
637.38 60722.367 -74.511 14334.446 421.93809
638.54 60698.156 654.76 15135.48 414.64371
639.69 60758.496 936.831 15459.111 411.93025
640.84 60713.188 490.402 14738.753 422.66496
641.99 60713.891 97.409 14039.882 434.76134
643.15 60714.594 816.916 14835.512 427.27301
644.3 60715.297 95.422 14179.142 430.42518
645.45 60716.0 -58.071 14110.771 428.92756
646.6 60716.703 811.436 15075.401 419.97624
647.75 60717.406 161.942 14418.031 424.76912
648.91 60718.109 -136.551 13971.661 431.34211
650.06 60718.813 225.455 14825.291 414.34273
651.21 60719.516 417.462 14565.42 426.22444
652.36 60720.219 450.969 14709.05 422.7024
653.51 60720.922 101.475 14213.68 429.55335
654.66 60721.625 273.982 14861.81 414.37043
655.81 60722.328 651.989 15048.939 417.24349
656.96 60723.035 69.495 14402.569 423.17189
658.11 60723.738 365.002 14800.199 418.13586
659.27 60724.441 531.009 14925.328 418.17491
660.42 60725.145 29.015 14459.958 420.59712
661.57 60725.848 421.022 14835.088 418.37485
662.72 60726.551 -139.971 14611.718 412.60714
663.87 60727.254 -99.965 14122.848 427.67364
665.01 60727.957 316.042 14693.978 420.171
666.16 60728.66 41.049 14739.607 412.88138
667.31 60729.363 95.555 14982.237 407.30237
668.46 60730.066 760.562 15722.366 400.81733
669.61 60730.77 206.069 15547.996 394.5052
670.76 60731.473 4.575 15214.626 399.25506
671.91 60732.176 769.582 16378.756 384.1497
673.06 60732.879 519.589 16014.886 388.59074
674.21 60733.582 -161.405 15583.016 386.77186
675.35 60734.289 284.102 15720.146 391.61711
676.5 60734.992 167.609 15849.774 386.21823
677.65 60735.695 72.615 15783.904 386.11141
678.8 60736.398 -110.878 15727.034 384.18748
679.94 60737.102 40.629 16048.164 379.17438
681.09 60737.805 370.135 17049.793 361.92391
682.24 60738.508 363.142 17513.924 352.0269
683.39 60739.211 -1.851 17222.553 352.64536
684.53 60739.914 558.155 17196.684 361.70121
685.68 60740.617 214.662 17614.813 347.84731
686.83 60741.32 301.169 17607.443 349.23837
687.97 60742.023 298.175 17622.072 348.90445
689.12 60742.727 178.182 17514.703 349.34658
690.27 60743.43 68.189 17408.832 349.9019
691.41 60744.133 468.195 17969.961 344.39918
692.56 60744.836 358.702 17742.592 347.36836
693.7 60745.543 378.709 17681.721 348.8805
694.85 60746.246 48.215 17192.852 354.0351
695.99 60746.949 398.222 17794.98 346.89639
697.14 60747.652 184.229 17551.111 348.72939
698.28 60748.355 342.735 18251.74 337.29188
699.43 60749.059 391.242 18390.369 335.33746
700.57 60749.762 -74.251 17710.5 342.00092
701.72 60750.465 -50.745 17219.129 352.06517
702.86 60751.168 -107.738 17549.26 344.67301
704.01 60751.871 50.269 17415.389 349.56051
705.15 60752.574 433.275 18332.02 337.00296
706.29 60753.277 126.782 17723.648 344.53006
707.44 60753.98 171.288 18374.777 332.80814
708.58 60754.684 -124.205 17936.408 337.08096
709.72 60755.387 629.302 18731.037 332.15647
710.87 60756.09 -137.192 17783.168 339.79944
712.01 60756.797 0.315 17644.297 344.34677
713.15 60757.5 217.322 18427.928 332.44461
714.3 60758.203 348.828 17921.557 343.76776
715.44 60758.906 92.335 18611.186 327.59361
716.58 60759.609 277.342 18420.816 333.35548
717.72 60760.313 52.848 18398.945 330.90125
718.87 60761.016 240.855 18262.076 335.82719
720.01 60761.719 117.362 18078.205 337.6476
721.15 60762.422 -54.132 17879.836 339.11377
722.29 60763.125 345.875 18022.965 341.78279
723.43 60763.828 498.882 18553.596 333.79065
724.57 60764.531 450.388 18287.225 338.14373
725.72 60765.234 244.895 18067.354 339.57346
726.86 60765.938 678.902 18459.484 337.93626
728.0 60766.641 164.408 17772.113 344.18019
729.14 60767.348 -2.085 17477.244 347.66456
730.28 60768.051 481.422 17805.373 347.99583
731.42 60768.754 10.928 17753.004 342.45049
732.56 60769.457 722.435 18545.133 336.9132
733.7 60770.16 386.942 18597.262 331.5879
734.84 60770.863 -127.052 17331.393 348.81639
735.98 60771.566 148.955 17932.521 340.89119
737.12 60772.27 -3.038 17789.152 341.58418
738.26 60772.973 17.468 17486.281 347.79412
739.4 60773.676 228.475 17917.912 342.26754
740.53 60774.379 407.482 18162.541 339.99828
741.67 60775.082 273.488 17733.67 346.51182
742.81 60775.785 -222.505 17185.301 350.40769
743.95 60776.488 241.002 17969.93 341.45035
745.09 60777.191 19.508 17370.561 350.16714
746.23 60777.895 399.515 17605.189 350.92132
747.36 60778.602 453.522 17477.32 354.35734
748.5 60779.305 60.028 17069.949 356.9639
749.64 60780.008 25.035 17006.078 357.78116
750.78 60780.711 -5.458 16833.209 360.99157
751.92 60781.414 74.548 16909.838 360.59294
753.05 60782.117 155.555 16258.969 376.48267
754.19 60782.82 635.562 16783.098 372.48567
755.33 60783.523 -151.932 16117.228 374.54581
756.46 60784.227 245.075 16057.357 382.86156
757.6 60784.93 82.082 15697.487 388.73692
758.74 60785.633 562.088 16315.617 382.28606
759.87 60786.336 244.595 16092.247 382.02341
761.01 60787.039 271.102 15563.377 395.7288
762.14 60787.742 234.608 15825.006 388.40019
763.28 60788.445 408.115 15272.136 406.21801
764.41 60789.148 249.121 15157.766 406.07332
765.55 60789.855 -123.872 14748.896 409.56552
766.69 60790.559 289.635 15202.025 405.70909
767.82 60791.262 266.641 15014.155 410.40558
768.95 60791.965 26.148 14525.285 419.09954
770.09 60792.668 737.655 15281.915 412.91212
771.22 60793.371 661.661 15275.044 411.48385
772.36 60794.074 504.168 14678.674 425.34045
773.49 60794.777 489.175 14838.804 420.25897
774.63 60795.48 196.181 14003.434 438.89471
775.76 60796.184 154.688 13969.563 438.95796
776.89 60796.887 428.195 14067.693 442.60199
778.03 60797.59 360.201 13450.823 461.68463
779.16 60798.293 8.708 13358.952 455.34437
780.29 60798.996 308.215 13035.582 475.28118
781.43 60799.699 606.221 13093.712 482.03022
782.56 60800.402 315.228 13181.842 470.09396
783.69 60801.109 11.735 12475.972 487.71036
784.82 60801.813 233.241 12821.602 481.14743
785.96 60802.516 116.748 12587.731 486.61573
787.09 60803.219 204.255 12186.361 505.74549
788.22 60803.922 394.261 12237.99 510.05609
789.35 60804.625 157.768 11739.62 523.63695
790.48 60805.328 142.275 12009.25 511.19221
791.62 60806.031 580.281 11944.38 529.96504
792.75 60806.734 5.288 11194.01 543.41727
793.88 60807.438 737.795 11788.14 543.59971
795.01 60808.141 353.801 11355.77 549.48658
796.14 60808.844 404.808 11514.898 543.68626
797.27 60809.547 493.815 11487.528 548.63838
798.4 60810.25 283.321 10909.158 569.62034
799.53 60810.953 -4.672 10310.788 589.55805
800.66 60811.66 316.335 10739.418 580.3976
801.79 60812.363 1276.841 11846.548 563.26561
802.92 60813.066 199.848 10216.178 605.144
804.05 60813.77 381.855 10327.308 607.63361
805.18 60814.473 290.861 10017.937 622.21798
806.31 60815.176 215.868 9756.066 635.19965
807.44 60815.879 -64.625 9580.196 631.22478
808.57 60816.582 400.381 10089.826 623.52592
809.69 60817.285 400.888 9940.456 633.32424
810.82 60817.988 -163.605 9102.586 658.10851
811.95 60818.691 988.401 10112.216 655.7596
813.08 60819.395 103.908 8928.345 688.03809
814.21 60820.098 1064.915 10169.975 656.28544
815.33 60820.801 282.921 9203.104 678.66183
816.46 60821.504 308.928 9013.734 695.16279
817.59 60822.207 847.435 9490.864 693.87702
818.72 60822.914 504.441 8670.494 738.64905
819.84 60823.617 896.448 9116.124 729.06971
820.97 60824.32 446.454 8550.754 745.01031
822.1 60825.023 593.961 8538.383 758.1554
823.22 60825.727 -30.532 7767.513 780.40406
824.35 60826.43 92.474 7844.143 783.4953
825.48 60827.133 574.481 7850.272 828.12507
826.6 60827.836 310.488 7455.902 846.93964
827.73 60726.039 -144.506 7245.032 823.7396
828.85 60829.242 268.501 7361.662 853.79065
829.98 60829.945 610.008 7638.292 856.8228
831.11 58649.148 70.014 6945.921 851.94774
832.23 59676.852 81.521 6962.051 866.14451
833.36 60064.555 524.528 7592.181 842.42998
834.48 58352.758 259.034 6894.811 875.46237
835.6 57172.461 482.041 7014.94 867.76815
836.73 56640.668 -7.952 6711.07 843.10811
837.85 56595.371 535.054 6989.7 868.52668
838.98 53736.574 -104.439 6228.33 850.19708
840.1 57009.277 458.568 6766.959 896.43631
841.23 55162.48 371.074 6570.589 883.80156
842.35 55214.684 720.581 7111.219 852.71776
843.47 53976.387 248.588 6354.849 879.8805
844.6 53159.09 26.594 6149.978 867.69829
845.72 52006.293 155.101 6077.608 875.49399
846.84 53521.996 134.608 5955.738 917.13099
847.96 52709.699 139.114 5813.368 926.47581
849.09 52001.402 58.121 5820.497 901.42123
850.21 50383.605 232.628 5935.127 879.4561
851.33 50383.309 385.134 5976.757 894.16219
852.45 48013.012 25.141 5610.387 859.18996
853.57 49540.715 232.148 5832.016 880.53081
854.7 48710.922 67.654 5477.146 899.22067
855.82 47013.625 -0.339 5659.776 830.61854
856.94 48907.828 485.168 5827.405 906.41157
858.06 46885.031 -64.326 5132.035 903.50455
859.18 46206.734 425.181 5653.165 875.70185
860.3 47058.438 244.688 5345.295 917.80737
861.42 44989.641 -89.306 5013.424 883.428
862.54 44414.844 -65.799 4962.554 884.59661
863.66 45449.047 50.708 4975.184 921.89168
864.78 45356.25 186.714 5073.814 924.26057
865.9 44716.453 244.221 5222.943 893.24586
867.02 45421.156 1277.228 6443.073 854.5344
868.14 45708.859 879.234 5701.203 929.69544
869.26 44099.063 575.741 5163.833 948.61481
870.38 41119.766 -90.252 4456.962 906.26942
871.5 43255.473 -94.746 4453.592 953.10018
872.62 40250.176 69.761 4578.222 891.22235
873.74 40748.379 699.268 5511.852 832.17479
874.85 39306.23 40.271 4430.417 894.41132
875.97 39715.23 286.271 4564.417 921.63668
877.09 40726.23 373.271 4811.917 909.12775
878.21 39110.73 220.771 4370.917 937.07457
879.33 40290.23 334.771 4641.417 927.76288
880.44 39886.23 254.771 4375.417 961.7779
881.56 36830.73 111.271 4114.417 917.26514
882.68 37361.73 256.271 4367.917 902.44789
883.79 38887.73 826.771 4988.417 914.56511
884.91 36243.23 -58.229 3702.917 965.1702
886.03 36417.23 456.271 4455.417 899.21605
887.14 35899.73 659.271 4800.417 850.98333
888.26 36290.23 777.271 4809.917 880.63674
889.38 37438.23 636.271 4577.417 933.78836
890.49 35977.23 -89.729 4014.417 878.79331
891.61 38603.73 307.771 4176.917 989.77818
892.72 37756.23 -13.229 4058.417 927.62142
893.84 37823.23 -99.229 3906.917 946.60705
894.95 36393.23 -87.229 3941.917 905.41421
896.07 38107.23 152.271 4075.417 967.46235
897.18 37471.73 384.271 4307.417 945.35005
898.3 36821.23 -41.229 3881.917 939.6148
899.41 38990.73 577.271 4446.917 992.68674
900.53 36777.73 335.771 4029.417 986.61216
901.64 36557.23 462.271 4350.417 928.33352
902.75 35157.23 262.771 4055.917 919.93455
903.87 34794.73 116.771 3876.417 922.37302
904.98 36328.73 403.771 4044.917 986.63884
906.09 35337.73 235.771 3943.917 946.61754
907.21 33882.23 438.771 3919.917 960.70261
908.32 34477.23 198.271 3488.417 1041.86746
909.43 33401.23 650.771 3977.917 984.34094
910.54 31521.229 280.271 3820.917 882.35194
911.66 33295.73 1160.771 4581.417 939.44135
912.77 30762.729 85.771 3214.417 980.51868
913.88 30798.729 300.271 3645.417 911.72279
914.99 29155.229 69.271 3371.417 880.81988
916.1 30078.229 349.771 3617.417 909.7821
917.22 29806.729 58.771 2918.417 1040.26717
918.33 29633.729 688.771 3724.917 953.3454
919.44 30649.229 270.271 3384.417 975.51491
920.55 31164.729 660.771 3674.417 1012.19448
921.66 28494.229 428.771 3272.917 986.77981
922.77 26834.729 488.271 3282.417 942.91632
923.88 27982.229 623.271 3542.917 937.06423
924.99 28351.729 373.771 3227.417 980.4285
926.1 25616.729 -11.229 2623.917 972.54416
927.21 24908.229 652.771 3484.417 856.58512
928.32 23250.729 -84.729 2456.417 918.30452
929.43 24353.229 251.771 2756.917 962.078
930.54 23336.229 111.271 2439.417 997.57311
931.65 23281.229 266.271 2607.917 982.85388
932.76 23137.229 381.771 2750.917 960.49203
933.86 21582.229 302.271 2464.417 984.20544
934.97 20475.729 113.771 2305.417 929.07151
936.08 19916.229 164.771 2138.417 1000.75994
937.19 20130.229 708.271 2768.917 942.51794
938.3 17484.229 472.271 2273.917 944.24535
939.4 16482.229 674.771 2431.417 899.8659
940.51 14547.229 305.271 1864.417 913.44625
941.62 13647.729 503.771 1984.417 887.71797
942.73 15775.229 1102.771 2513.917 1039.75492
943.83 12886.729 302.771 1592.417 975.7686
944.94 12565.729 338.271 1721.417 884.03253
946.05 11860.229 -35.729 1180.417 978.1688
947.15 12503.229 -25.729 1255.417 977.94948
948.26 12849.229 228.771 1623.917 904.59783
949.36 12383.229 98.271 1469.917 895.63638
950.47 13601.729 326.771 1819.917 889.05978
951.57 14900.729 844.771 2349.917 933.86019
952.68 14538.729 568.771 1976.417 992.43422
953.79 14437.229 439.271 2026.417 881.95797
954.89 13860.729 121.771 1668.417 888.30673
955.99 14588.229 391.271 2152.917 805.89173
957.1 14413.729 230.271 1637.417 1007.95942
958.2 14590.729 271.271 1806.417 932.77517
959.31 14976.229 455.771 2090.917 888.0222
960.41 14828.729 130.271 1642.917 971.70525
961.52 14072.729 10.271 1452.917 974.76863
962.62 14907.229 493.771 1946.917 991.87974
963.72 14312.729 -50.729 1492.417 930.79077
964.83 14349.729 -70.729 1396.917 982.55715
965.93 15049.229 341.771 1883.917 953.70093
967.03 16049.729 714.271 2232.917 1009.81133
968.13 14424.229 466.771 1975.417 925.16473
969.24 13999.729 175.771 1604.417 967.62673
970.34 13447.729 206.771 1605.917 946.36018
971.44 14480.229 265.771 1650.417 1026.57725
972.54 13750.229 346.771 1881.917 873.10657
973.64 13017.729 142.271 1643.917 857.42315
974.75 15273.229 1069.771 2472.917 1012.25816
975.85 18985.229 3162.271 4867.417 927.95339
976.95 12977.229 189.771 1479.917 991.16384
978.05 13331.229 525.771 1934.917 908.73908
979.15 13869.729 896.271 2298.917 924.92755
980.25 11968.229 99.771 1282.917 1003.12732
981.35 12495.229 179.271 1406.417 1003.62636
982.45 13959.729 891.771 2297.417 929.67641
983.55 13368.729 462.771 1760.417 994.56715
984.65 12572.729 418.271 1628.917 1003.96489
985.75 12637.729 675.271 1828.917 1036.92646
986.85 11539.729 372.271 1638.417 882.00417
987.95 11059.729 185.271 1345.917 936.93172
989.05 11740.729 783.271 2071.417 850.63799
990.15 11491.729 628.271 1710.417 1003.88123
991.25 10606.729 443.271 1513.917 949.28302
992.34 11577.229 835.771 1982.917 936.36385
993.44 11089.229 478.271 1473.917 1065.73631
994.54 9941.729 386.771 1334.417 1008.28377
995.64 10516.729 731.271 1754.417 956.409
996.74 10566.229 789.271 1829.917 939.50877
997.83 8669.729 73.771 1008.417 919.70222
998.93 9584.729 315.271 1299.917 941.40033
1000.03 11136.729 1230.771 2285.917 938.82361
1001.12 10052.229 704.771 1735.417 906.9516
1002.22 9604.729 729.271 1828.417 807.48692
1003.32 8323.229 272.271 1190.917 876.39423
1004.41 8394.729 467.271 1408.417 842.31995
1005.51 7913.729 402.771 1217.917 921.42514
1006.6 7033.729 188.771 987.917 856.53427
1007.7 7898.229 624.271 1470.917 859.15008
1008.8 6920.229 103.271 755.917 1044.51107
1009.89 7497.729 577.771 1331.917 917.58889
1010.99 7182.729 384.771 1149.417 889.03363
1012.08 6534.729 47.271 826.417 832.63719
1013.18 7388.729 394.271 1240.917 826.13748
1014.27 8039.729 202.271 1009.417 971.00891
1015.36 8076.729 334.271 1124.417 979.87717
1016.46 8016.229 402.771 1194.917 961.11831
1017.55 6871.229 148.271 862.917 940.73982
1018.65 7732.729 496.771 1208.917 1016.07822
1019.74 7393.229 586.771 1441.917 795.94124
1020.83 6929.729 505.271 1239.417 875.09297
1021.93 6617.729 280.271 1081.417 791.04931
1023.02 6081.729 38.271 740.917 860.10017
1024.11 5703.229 63.771 754.417 816.54847
1025.2 5552.229 88.271 722.417 861.62484
1026.3 6107.729 454.271 1131.917 834.27925
1027.39 6212.229 597.771 1268.417 837.17188
1028.48 5737.229 486.771 1072.417 896.52454
1029.57 5468.729 312.771 901.917 875.1582
1030.66 5347.229 451.771 1035.417 838.77213
1031.75 7691.229 1483.271 2155.917 922.91626
1032.84 5542.229 652.771 1237.417 836.31116
1033.94 4433.729 161.271 678.417 826.16115
1035.03 5603.229 773.771 1262.917 987.32486
1036.12 3966.229 90.271 614.917 738.77615
1037.21 3916.729 66.771 609.417 709.47901
1038.3 5018.729 522.771 1049.417 853.69675
1039.39 3859.729 153.271 549.417 935.62973
1040.48 4541.229 455.771 904.417 910.61986
1041.57 4784.229 616.271 1021.917 1027.48689
1042.66 4197.729 441.771 862.917 891.84263
1043.74 4107.729 508.271 928.417 856.71636
1044.83 4022.229 543.271 974.917 805.97514
1045.92 3072.729 45.771 481.917 694.02439
1047.01 4186.229 617.771 1054.417 817.24319
1048.1 2922.229 96.771 402.417 924.42239
1049.19 3520.229 502.271 822.417 942.68236
1050.27 3297.729 342.271 705.417 813.84889
1051.36 3186.729 305.271 681.417 766.04818
1052.45 3360.729 469.771 875.417 712.6804
1053.54 3286.729 466.771 758.417 966.91191
1054.62 3262.729 525.271 900.417 729.70506
1055.71 3141.729 467.771 822.917 752.9184
1056.8 3720.229 688.271 1055.917 824.69549
1057.88 2831.229 328.771 652.417 773.20888
1058.97 3083.729 458.771 804.417 759.43584
1060.06 3930.729 834.771 1296.917 669.90944
1061.14 2642.729 367.771 664.417 766.89374
1062.23 5487.229 1608.271 2089.917 805.35479
1063.31 2796.229 547.271 887.917 660.20422
1064.4 2250.229 279.271 610.417 595.19346
1065.48 2636.229 526.771 738.917 994.34337
1066.57 2533.729 362.771 691.917 659.57339
1067.65 2768.229 543.771 885.417 651.10063
1068.74 2367.729 357.271 635.417 722.80728
1069.82 2578.729 544.271 856.417 651.76528
1070.9 6339.229 2151.771 2635.417 865.81059
1071.99 2648.729 561.771 908.917 601.17622
1073.07 2521.229 491.771 826.917 605.54485
1074.15 2682.229 576.771 914.417 623.57002
1075.24 2269.229 526.771 764.417 733.21636
1076.32 2405.229 625.771 880.417 698.79728
1077.4 3390.729 963.771 1324.417 672.9479
1078.49 1657.729 218.271 494.417 521.26744
1079.57 2552.729 655.271 905.917 757.0276
1080.65 3059.229 866.771 1207.917 642.67488
1081.73 2004.229 382.771 651.417 603.56723
1082.81 1553.729 238.271 479.917 544.37451
1083.89 2326.229 548.771 799.417 709.15128
1084.98 2364.229 533.271 847.417 582.83702
1086.06 1525.229 267.771 470.917 618.99296
1087.14 1514.229 283.771 487.417 604.21487
1088.22 2133.229 524.771 765.417 668.39228
1089.3 1445.729 261.771 458.417 602.07653
1090.38 3335.229 1101.771 1433.417 673.447
1091.46 2186.729 598.771 838.417 662.62707
1092.54 1718.229 405.771 657.917 520.51553
1093.62 1684.729 412.771 674.917 485.21017
1094.7 1166.729 186.271 429.417 403.23879
1095.78 1810.729 490.771 699.917 631.11858
1096.86 1983.229 545.771 843.917 482.13255
1097.93 3493.729 1146.271 1458.417 752.03919
1099.01 2495.229 802.271 1099.917 568.78288
1100.09 1429.729 334.271 492.917 690.50564
