196.55 1264.913 972.948 0.0 291.96545
197.76 1828.953 1427.472 0.0 401.48108
198.96 1747.121 1340.45 0.0 406.67078
200.16 1210.61 796.077 0.0 414.53314
201.36 2014.668 1587.379 0.0 427.28931
202.56 1291.871 990.115 0.0 301.75562
203.76 1217.455 849.94 0.0 367.51538
204.96 1331.039 932.264 0.0 398.77521
206.16 969.142 712.367 0.0 256.77557
207.36 1618.103 1181.173 0.0 436.93005
208.56 1428.505 1052.507 0.0 375.99841
209.76 912.6 637.704 0.0 274.89569
210.96 1278.503 888.539 0.0 389.96405
212.16 2571.187 2056.997 0.0 514.1897
213.36 1605.161 1126.644 0.0 478.51624
214.56 1281.411 890.479 0.0 390.93115
215.76 2415.955 1834.94 0.0 581.0155
216.96 1976.74 1568.862 0.0 407.87732
218.16 1488.634 985.792 0.0 502.84247
219.35 1096.2 716.838 0.0 379.36163
220.55 1250.032 872.359 0.0 377.67212
221.75 1126.234 810.596 0.0 315.63849
222.95 1957.813 1461.314 0.0 496.49951
224.15 1535.184 1090.029 0.0 445.1554
225.35 1130.8 782.472 0.0 348.3277
226.55 1083.589 792.831 0.0 290.75824
227.75 1809.813 1378.814 0.0 430.99951
228.94 1507.1 1122.204 0.0 384.89563
230.14 1364.663 919.113 0.0 445.55048
231.34 1165.837 847.028 0.0 318.80884
232.54 1146.168 780.549 0.0 365.61932
233.74 1129.85 805.869 0.0 323.98071
234.93 1168.468 791.951 0.0 376.51721
236.13 1432.055 951.574 0.0 480.48151
237.33 1327.287 930.131 0.0 397.15582
238.53 1186.863 887.381 0.0 299.48254
239.72 1858.284 1373.993 0.0 484.2915
240.92 946.658 562.676 0.0 383.98181
242.12 1605.203 1152.807 0.0 452.39612
243.31 1117.939 755.63 0.0 362.3092
244.51 893.895 627.0 0.0 266.89496
245.71 1734.647 1278.803 0.0 455.84424
246.9 2151.395 1688.0 0.0 463.39502
248.1 1368.176 950.954 0.0 417.22235
249.3 1341.242 982.33 0.0 358.91162
250.49 1238.466 893.313 0.0 345.15302
251.69 1519.053 1049.106 0.0 469.94702
252.89 1332.979 916.154 0.0 416.82477
254.08 977.1 579.204 0.0 397.89569
255.28 1315.124 976.919 0.0 338.20502
256.47 903.992 577.666 0.0 326.32654
257.67 1527.789 1159.099 0.0 368.69019
258.86 1670.639 1172.898 0.0 497.74109
260.06 1285.911 917.809 0.0 368.1012
261.26 1937.613 1459.546 0.0 478.06763
262.45 1236.389 939.063 0.0 297.32617
263.65 903.034 565.158 0.0 337.87653
264.84 1536.892 1081.531 0.0 455.3606
266.04 1182.979 804.154 0.0 378.82477
267.23 805.089 487.661 0.0 317.42831
268.42 1058.721 706.584 0.0 352.13666
269.62 1336.605 882.641 0.0 453.96442
270.81 1299.597 959.736 0.0 339.86139
272.01 1263.279 923.056 0.0 340.22278
273.2 1554.1 1164.034 0.0 390.0658
274.4 978.574 664.852 0.0 313.72205
275.59 1542.071 1028.883 0.0 513.18774
276.78 1251.321 892.718 0.0 358.60266
277.98 1185.416 772.746 0.0 412.66998
279.17 1250.545 903.201 0.0 347.34393
280.37 1201.326 837.985 0.0 363.34143
281.56 839.568 528.915 0.0 310.65332
282.75 937.853 617.508 0.0 320.34503
283.95 1265.476 801.186 0.0 464.29047
285.14 1261.087 863.193 0.0 397.89386
286.33 1017.747 700.267 0.0 317.48041
287.52 1309.321 948.548 0.0 360.77271
288.72 1598.274 1136.95 0.0 461.3241
289.91 1850.405 1410.373 0.0 440.03247
291.1 1396.782 1007.024 0.0 389.7572
292.29 1339.829 997.623 0.0 342.20581
293.49 1349.805 1044.239 0.0 305.56653
294.68 998.463 729.845 0.0 268.61859
295.87 1136.497 803.102 0.0 333.39532
297.06 1336.516 940.38 0.0 396.13593
298.26 637.866 420.179 0.0 217.68698
299.45 1089.939 789.13 0.0 300.8092
300.64 1210.532 822.859 0.0 387.67212
301.83 1161.837 857.028 0.0 304.80884
303.02 1029.418 630.384 0.0 399.0343
304.21 1480.629 1123.525 0.0 357.10364
305.4 1237.976 875.356 0.0 362.62036
306.59 1325.992 920.166 0.0 405.82654
307.79 1165.224 803.053 0.0 362.17096
308.98 896.163 579.113 0.0 317.05054
310.17 1439.832 966.081 0.0 473.75037
311.36 1122.747 857.597 0.0 265.15039
312.55 1979.187 1560.657 0.0 418.52991
313.74 834.684 584.359 0.0 250.3255
314.93 1403.005 1009.007 0.0 393.99847
316.12 1114.945 787.067 0.0 327.87793
317.31 658.132 406.823 0.0 251.30814
318.5 860.684 574.859 0.0 285.8255
319.69 1227.245 830.799 0.0 396.44604
320.88 1168.932 736.225 0.0 432.70605
322.07 957.303 607.271 0.0 350.0321
323.26 949.755 607.342 0.0 342.41339
324.45 694.568 447.415 0.0 247.15332
325.64 1118.971 766.749 0.0 352.22174
326.83 1327.782 996.024 0.0 331.7572
328.01 1123.4 738.436 0.0 384.96375
329.2 1407.224 976.053 0.0 431.17096
330.39 1035.516 727.38 0.0 308.13593
331.58 864.458 542.908 0.0 321.54987
332.77 1651.166 1253.081 0.0 398.08496
333.96 637.076 448.82 0.0 188.25641
335.15 847.342 524.964 0.0 322.37762
336.33 912.958 590.908 0.0 322.04987
337.52 1080.068 719.415 0.0 360.65326
338.71 1086.121 710.45 0.0 375.67072
339.9 1005.997 614.932 0.0 391.06537
341.08 1051.197 688.2 0.0 362.99744
342.27 1267.008 879.475 0.0 387.5329
343.46 1467.487 1063.729 0.0 403.75781
344.65 1369.487 897.229 0.0 472.25781
345.83 1489.429 983.257 0.0 506.17175
347.02 777.539 470.264 0.0 307.27524
348.21 1485.221 1021.584 0.0 463.63666
349.4 830.729 462.989 0.0 367.73978
350.58 1196.266 718.045 0.0 478.22095
351.77 943.85 575.369 0.0 368.48071
352.96 740.276 324.088 0.0 416.18839
354.14 1035.234 619.926 0.0 415.30847
355.33 847.439 536.13 0.0 311.3092
356.51 705.595 387.098 0.0 318.49704
357.7 1119.403 679.734 0.0 439.66815
358.89 902.029 511.721 0.0 390.3078
360.07 1335.205 915.105 0.0 420.10046
361.26 1504.939 1061.79 0.0 443.14941
362.44 1078.632 733.483 0.0 345.14832
363.63 907.874 481.743 0.0 426.13022
364.81 958.566 531.437 0.0 427.12915
366.0 670.337 276.518 0.0 393.81906
367.18 1978.195 1403.392 0.0 574.8031
368.37 907.379 529.85 0.0 377.52887
369.55 1220.25 737.065 0.0 483.18481
370.74 1525.36 911.572 0.0 613.78827
371.92 1717.603 1158.332 0.0 559.27014
373.11 917.124 476.078 0.0 441.0452
374.29 838.816 421.772 0.0 417.0441
375.48 993.666 531.741 0.0 461.92505
376.66 893.697 441.53 0.0 452.16742
377.84 1495.879 953.85 0.0 542.02887
379.03 827.029 405.051 0.0 421.97787
380.21 684.282 332.184 0.0 352.09729
381.39 667.224 266.212 0.0 401.01114
382.58 1413.974 816.548 0.0 597.42609
383.76 1680.676 1148.784 0.0 531.89246
384.94 1837.797 1254.164 0.0 583.63342
386.13 953.345 426.593 0.0 526.75214
387.31 1110.213 618.339 0.0 491.87366
388.49 961.337 474.688 0.0 486.64899
389.68 1233.482 637.952 0.0 595.52924
390.86 1190.703 567.466 0.0 623.23621
392.04 1668.46 982.706 0.0 685.75421
393.22 1067.703 445.466 0.0 622.23624
394.41 1035.058 473.202 0.0 561.85596
395.59 800.147 193.463 0.0 606.68445
396.77 1269.684 552.689 0.0 716.99561
397.95 1300.916 637.576 0.0 663.34003
399.13 1603.518 792.678 0.0 810.84039
400.31 1264.574 447.511 0.0 817.06213
401.5 1492.661 626.304 0.0 866.35632
402.68 1611.224 734.712 0.0 876.51117
403.86 1281.371 434.445 0.0 846.92572
405.04 1794.845 807.263 0.0 987.58209
406.22 1192.829 367.783 0.0 825.04584
407.4 1644.768 697.013 0.0 947.75537
408.58 1794.105 814.301 0.0 979.80457
409.76 1937.387 947.755 0.0 989.63202
410.94 1566.203 624.466 0.0 941.73621
412.12 1453.0 502.9 0.0 950.09979
413.3 1363.192 359.093 0.0 1004.09863
414.48 1322.968 371.111 0.0 951.85736
415.66 1450.066 445.277 0.0 1004.78903
416.84 2315.302 1233.1 0.0 1082.20203
418.02 1735.321 623.378 0.0 1111.94281
419.2 1453.582 419.586 0.0 1033.99521
420.38 1578.258 583.97 0.0 994.2879
421.56 1489.568 427.245 0.0 1062.32333
422.74 2195.495 1081.794 0.0 1113.70105
423.92 1975.145 865.995 0.0 1109.15002
425.1 1596.968 464.111 0.0 1132.85736
426.28 1563.492 405.995 0.0 1157.49664
427.46 2711.937 1356.492 0.0 1355.44482
428.63 1781.892 571.861 0.0 1210.0307
429.81 1855.495 687.964 0.0 1167.53107
430.99 1994.676 754.784 0.0 1239.89246
432.17 2468.171 1145.347 0.0 1322.82385
433.35 2144.674 827.316 0.0 1317.35803
434.52 1457.653 155.069 0.0 1302.5831
435.7 1711.224 376.383 0.0 1334.84106
436.88 2134.858 840.104 0.0 1294.75397
438.06 1885.045 552.531 0.0 1332.51398
439.23 1811.524 399.115 0.0 1412.40915
440.41 2089.537 594.126 0.0 1495.41095
441.59 2422.537 828.456 0.0 1594.08105
442.77 1873.866 276.679 0.0 1597.18692
443.94 2374.687 760.657 0.0 1614.02991
445.12 2444.95 769.833 0.0 1675.11676
446.3 2844.079 1093.118 0.0 1750.96082
447.47 2580.182 666.72 0.0 1913.4613
448.65 2591.021 720.646 0.0 1870.37469
449.82 2349.021 500.146 0.0 1848.87473
451.0 2503.071 609.213 0.0 1893.85779
452.18 2433.284 476.823 0.0 1956.46158
453.35 2591.742 530.16 0.0 2061.58179
454.53 2612.947 558.865 0.0 2054.08234
455.7 2487.458 334.238 0.0 2153.21979
456.88 3231.052 945.935 0.0 2285.117
458.05 2875.845 591.763 0.0 2284.08209
459.23 2742.176 315.784 0.0 2426.39246
460.4 3168.242 580.16 0.0 2588.08179
461.58 3298.497 719.432 0.0 2579.06537
462.75 2896.95 315.333 0.0 2581.61676
463.93 3219.295 628.696 0.0 2590.599
465.1 3273.75 525.065 0.0 2748.68481
466.28 3053.15 218.101 0.0 2835.04868
467.45 3014.242 146.66 0.0 2867.5818
468.63 3559.624 523.249 0.0 3036.375
469.8 3846.231 870.287 0.0 2975.94409
470.97 3408.79 405.259 0.0 3003.53043
472.15 3753.811 595.675 0.0 3158.13525
473.32 4048.15 704.601 0.0 3343.54871
474.49 4260.047 859.499 0.0 3400.5484
475.67 3900.708 507.573 0.0 3393.13477
476.84 3773.318 327.08 0.0 3446.23828
478.01 4259.171 636.347 0.0 3622.82361
479.19 4122.14 548.728 0.0 3573.41144
480.36 4024.879 309.02 0.0 3715.8588
481.53 4354.945 596.897 0.0 3758.04816
482.7 4359.092 497.129 0.0 3861.96286
483.88 4240.858 275.774 0.0 3965.08386
485.05 4300.053 361.935 0.0 3938.11728
486.22 4436.903 478.405 0.0 3958.49832
487.39 4400.387 333.595 0.0 4066.79175
488.56 4637.113 485.876 0.0 4151.23776
489.74 5056.697 897.2 0.0 4159.49731
490.91 4466.424 242.651 0.0 4223.77322
492.08 4636.113 375.876 0.0 4260.23776
493.25 4584.918 278.714 0.0 4306.20438
494.42 4734.413 476.778 0.0 4257.63553
495.59 4795.137 417.26 0.0 4377.8768
496.76 4782.234 465.756 0.0 4316.47876
497.93 4950.216 610.478 0.0 4339.73804
499.1 4943.026 572.753 0.0 4370.2735
500.27 5528.134 1040.792 0.0 4487.34265
501.44 5725.1 1228.534 0.0 4496.56592
502.61 4755.703 423.137 0.0 4332.56613
503.78 5033.29 629.929 0.0 4403.36035
504.95 5688.661 1123.474 0.0 4565.1864
506.12 5274.511 696.943 0.0 4577.56744
507.29 4864.976 335.186 0.0 4529.79022
508.46 4608.145 32.165 0.0 4575.97983
509.63 5915.645 1258.165 0.0 4657.47986
510.8 5954.316 1179.612 0.0 4774.7041
511.97 5210.376 558.552 0.0 4651.82465
513.14 4872.837 258.528 0.0 4614.30896
514.31 5577.916 785.746 0.0 4792.16974
515.48 5298.061 495.01 0.0 4803.05023
516.65 5350.429 525.087 0.0 4825.34161
517.81 5175.855 355.806 0.0 4820.04968
518.98 5497.213 695.01 0.0 4802.20337
520.15 5077.939 161.13 0.0 4916.80922
521.32 5640.705 703.605 0.0 4937.10034
522.49 6628.45 1502.503 0.0 5125.9469
523.65 6251.184 1158.859 0.0 5092.32544
524.82 5737.208 638.073 0.0 5099.13501
525.99 5156.671 78.517 0.0 5078.15352
527.16 5999.818 631.25 0.0 5368.56824
528.32 6029.421 730.182 0.0 5299.23859
529.49 5850.926 411.619 0.0 5439.3074
530.66 5475.142 114.367 0.0 5360.77557
531.82 5684.384 180.957 0.0 5503.42764
532.99 5931.858 320.274 0.0 5611.58386
534.16 6090.582 444.256 0.0 5646.32513
535.32 6587.847 794.401 0.0 5793.44617
536.49 6139.958 294.408 0.0 5845.54996
537.65 7043.987 1011.059 0.0 6032.92792
538.82 6397.521 321.816 0.0 6075.70465
539.99 6928.029 642.721 0.0 6285.30768
541.15 7202.834 818.39 0.0 6384.44434
542.32 6529.063 147.979 0.0 6381.08441
543.48 7449.326 811.155 0.0 6638.17126
544.65 7625.371 992.785 0.0 6632.58569
545.81 8859.634 1483.292 0.0 7376.34216
546.98 7925.553 503.106 0.0 7422.4472
548.14 8349.134 783.792 0.0 7565.3421
549.31 8041.405 402.873 0.0 7638.5325
550.47 8442.011 469.443 0.0 7972.56741
551.63 9046.855 914.806 0.0 8132.04968
552.8 8688.874 454.584 0.0 8234.29044
553.96 8597.073 459.852 0.0 8137.22162
555.13 8806.621 391.45 0.0 8415.17072
556.29 9798.721 934.084 0.0 8864.63629
557.45 9125.939 274.46 0.0 8851.47931
558.62 9491.897 523.468 0.0 8968.42944
559.78 9778.553 771.606 0.0 9006.9472
560.94 9643.118 371.982 0.0 9271.13605
562.11 9634.276 391.088 0.0 9243.18845
563.27 9444.008 157.975 0.0 9286.03276
564.43 9464.292 32.397 0.0 9431.89452
565.59 9923.2 205.838 0.0 9717.36189
566.76 10167.708 351.073 0.0 9816.63501
567.92 10509.366 571.349 0.0 9938.01733
569.08 10863.058 715.042 0.0 10148.01556
570.24 10633.935 352.024 0.0 10281.91095
571.4 10612.295 226.366 0.0 10385.9292
572.57 10670.255 367.342 0.0 10302.91306
573.73 10499.781 55.524 0.0 10444.25682
574.89 11077.489 452.697 0.0 10624.79202
576.05 11175.534 476.158 0.0 10699.37653
577.21 10939.918 157.714 0.0 10782.20389
578.37 10981.177 18.954 0.0 10962.22286
579.53 11212.66 193.644 0.0 11019.01582
580.69 11507.947 597.535 0.0 10910.41223
581.85 11759.624 351.919 0.0 11407.70538
583.01 11759.016 401.88 0.0 11357.1358
584.17 11794.242 484.83 0.0 11309.41171
585.33 12004.671 572.517 0.0 11432.1535
586.49 11931.192 377.763 0.0 11553.42892
587.65 12238.913 573.278 0.0 11665.6355
588.81 12245.727 566.521 0.0 11679.20569
589.97 12695.345 929.433 0.0 11765.91199
591.13 12117.379 421.02 0.0 11696.3588
592.29 12087.056 336.574 0.0 11750.48187
593.45 11919.387 213.595 0.0 11705.79175
594.61 11820.376 134.052 0.0 11686.32413
595.77 11917.287 196.961 0.0 11720.32616
596.93 11642.984 91.091 0.0 11551.89373
598.09 11888.526 382.753 0.0 11505.7735
599.24 11923.944 138.067 0.0 11785.87758
600.4 11937.192 291.763 0.0 11645.42892
601.56 11770.182 233.39 0.0 11536.79123
602.72 11942.719 368.616 0.0 11574.10263
603.87 12075.237 473.064 0.0 11602.17328
605.03 11715.219 232.116 0.0 11483.10263
606.19 11702.116 148.514 0.0 11553.60236
607.35 11418.056 -3.926 0.0 11421.98186
608.5 12186.731 594.457 0.0 11592.27405
609.66 12522.771 989.651 0.0 11533.12012
610.82 11447.245 146.299 0.0 11300.9464
611.97 11377.221 125.084 0.0 11252.13632
613.13 11763.374 573.754 0.0 11189.62036
614.29 11681.784 496.993 0.0 11184.7915
615.44 11932.003 717.539 0.0 11214.46442
616.6 11143.605 180.141 0.0 10963.46466
617.76 11827.395 663.0 0.0 11164.39478
618.91 11815.313 726.314 0.0 11088.99988
620.07 11755.168 641.049 0.0 11114.11884
621.22 11024.944 17.567 0.0 11007.37758
622.38 12058.721 1061.084 0.0 10997.63635
623.53 10956.795 78.366 0.0 10878.42919
624.69 11073.05 112.137 0.0 10960.91252
625.84 10936.058 217.542 0.0 10718.51555
627.0 11354.995 488.964 0.0 10866.03143
628.15 10683.497 -0.398 0.0 10683.89505
629.31 10937.311 318.175 0.0 10619.13525
630.46 10665.897 -23.532 0.0 10689.42946
631.61 10832.995 374.134 0.0 10458.86136
632.77 10945.531 228.189 0.0 10717.34186
633.92 11006.016 495.38 0.0 10510.6358
635.08 11548.763 949.577 0.0 10599.18616
636.23 10812.118 308.482 0.0 10503.63605
637.38 10473.229 -74.511 0.0 10547.73935
638.54 11170.137 654.76 0.0 10515.37677
639.69 11380.59 936.831 0.0 10443.75861
640.84 11017.866 490.402 0.0 10527.46399
641.99 10578.471 97.409 0.0 10481.06183
643.15 11471.075 816.916 0.0 10654.15967
644.3 10519.68 95.422 0.0 10424.25749
645.45 10332.784 -58.071 0.0 10390.85532
646.6 11379.389 811.436 0.0 10567.95313
647.75 10600.992 161.942 0.0 10439.05
648.91 10282.597 -136.551 0.0 10419.14784
650.06 10716.201 225.455 0.0 10490.74568
651.21 10962.306 417.462 0.0 10544.84351
652.36 10965.91 450.969 0.0 10514.94135
653.51 10714.515 101.475 0.0 10613.03917
654.66 10672.619 273.982 0.0 10398.63699
655.81 11289.724 651.989 0.0 10637.73486
656.96 10426.827 69.495 0.0 10357.33169
658.11 10985.932 365.002 0.0 10620.92953
659.27 11078.536 531.009 0.0 10547.52734
660.42 10557.641 29.015 0.0 10528.62519
661.57 10910.245 421.022 0.0 10489.22302
662.72 10365.85 -139.971 0.0 10505.82085
663.87 10420.954 -99.965 0.0 10520.91869
665.01 10985.558 316.042 0.0 10669.51553
666.16 10805.662 41.049 0.0 10764.61337
667.31 10898.767 95.555 0.0 10803.2112
668.46 11851.871 760.562 0.0 11091.30902
669.61 11075.476 206.069 0.0 10869.40688
670.76 11023.08 4.575 0.0 11018.5047
671.91 11977.185 769.582 0.0 11207.60254
673.06 11804.289 519.589 0.0 11284.70038
674.21 11099.893 -161.405 0.0 11261.29723
675.35 11519.997 284.102 0.0 11235.89505
676.5 11426.602 167.609 0.0 11258.99289
677.65 11281.706 72.615 0.0 11209.09072
678.8 11147.811 -110.878 0.0 11258.68855
679.94 11731.915 40.629 0.0 11691.28638
681.09 12209.52 370.135 0.0 11839.38422
682.24 12248.123 363.142 0.0 11884.98108
683.39 11993.228 -1.851 0.0 11995.0789
684.53 12569.832 558.155 0.0 12011.67676
685.68 12592.937 214.662 0.0 12378.27457
686.83 12592.541 301.169 0.0 12291.37241
687.97 12696.646 298.175 0.0 12398.47025
689.12 12573.75 178.182 0.0 12395.56807
690.27 12339.854 68.189 0.0 12271.66492
691.41 12950.458 468.195 0.0 12482.26276
692.56 12972.563 358.702 0.0 12613.8606
693.7 12957.167 378.709 0.0 12578.4584
694.85 12503.771 48.215 0.0 12455.55625
695.99 12995.376 398.222 0.0 12597.15408
697.14 12762.48 184.229 0.0 12578.25191
698.28 12896.085 342.735 0.0 12553.34973
699.43 13005.188 391.242 0.0 12613.94659
700.57 12434.293 -74.251 0.0 12508.54443
701.72 12575.897 -50.745 0.0 12626.64227
702.86 12125.502 -107.738 0.0 12233.2401
704.01 12960.606 50.269 0.0 12910.33793
705.15 13071.211 433.275 0.0 12637.93576
706.29 12932.815 126.782 0.0 12806.03359
707.44 12756.419 171.288 0.0 12585.13045
708.58 12719.523 -124.205 0.0 12843.72829
709.72 13557.628 629.302 0.0 12928.32611
710.87 12458.232 -137.192 0.0 12595.42395
712.01 12925.837 0.315 0.0 12925.52178
713.15 13177.441 217.322 0.0 12960.11961
714.3 13484.546 348.828 0.0 13135.71744
715.44 12876.15 92.335 0.0 12783.81528
716.58 13369.754 277.342 0.0 13092.41214
717.72 12927.858 52.848 0.0 12875.00996
718.87 13208.463 240.855 0.0 12967.6078
720.01 12953.567 117.362 0.0 12836.20563
721.15 12951.172 -54.132 0.0 13005.30346
722.29 13240.776 345.875 0.0 12894.90131
723.43 13569.881 498.882 0.0 13070.99911
724.57 13415.484 450.388 0.0 12965.09598
725.72 13131.589 244.895 0.0 12886.69382
726.86 13745.693 678.902 0.0 13066.79163
728.0 13048.298 164.408 0.0 12883.88948
729.14 12832.402 -2.085 0.0 12834.48731
730.28 13417.507 481.422 0.0 12936.08514
731.42 12716.611 10.928 0.0 12705.68298
732.56 13654.215 722.435 0.0 12931.77985
733.7 13260.819 386.942 0.0 12873.87766
734.84 12533.424 -127.052 0.0 12660.47549
735.98 12905.528 148.955 0.0 12756.57333
737.12 12729.133 -3.038 0.0 12732.17116
738.26 12777.737 17.468 0.0 12760.26899
739.4 12988.342 228.475 0.0 12759.86682
740.53 13249.446 407.482 0.0 12841.96466
741.67 12918.55 273.488 0.0 12645.06152
742.81 12419.654 -222.505 0.0 12642.15935
743.95 12725.759 241.002 0.0 12484.75717
745.09 12449.363 19.508 0.0 12429.85501
746.23 13126.968 399.515 0.0 12727.45285
747.36 13048.072 453.522 0.0 12594.55066
748.5 12512.177 60.028 0.0 12452.14851
749.64 12253.28 25.035 0.0 12228.24536
750.78 12382.885 -5.458 0.0 12388.34319
751.92 12091.989 74.548 0.0 12017.44102
753.05 12040.094 155.555 0.0 11884.53886
754.19 12738.198 635.562 0.0 12102.63672
755.33 11795.303 -151.932 0.0 11947.23453
756.46 12130.907 245.075 0.0 11885.83235
757.6 11780.512 82.082 0.0 11698.43019
758.74 12452.115 562.088 0.0 11890.02704
759.87 11986.72 244.595 0.0 11742.12488
761.01 11712.324 271.102 0.0 11441.22272
762.14 11559.429 234.608 0.0 11324.82054
763.28 11958.533 408.115 0.0 11550.41837
764.41 11462.138 249.121 0.0 11213.0162
765.55 11121.742 -123.872 0.0 11245.61404
766.69 11272.346 289.635 0.0 10982.71091
767.82 11280.95 266.641 0.0 11014.30872
768.95 10698.055 26.148 0.0 10671.90656
770.09 11185.659 737.655 0.0 10448.00439
771.22 11399.264 661.661 0.0 10737.60223
772.36 11534.368 504.168 0.0 11030.20004
773.49 10960.973 489.175 0.0 10471.79788
774.63 10702.576 196.181 0.0 10506.39474
775.76 10413.181 154.688 0.0 10258.49257
776.89 10661.285 428.195 0.0 10233.09039
778.03 10642.39 360.201 0.0 10282.18823
779.16 10097.994 8.708 0.0 10089.28607
780.29 10272.099 308.215 0.0 9963.88391
781.43 10489.703 606.221 0.0 9883.48175
782.56 9844.308 315.228 0.0 9529.07956
783.69 9328.911 11.735 0.0 9317.17642
784.82 9708.016 233.241 0.0 9474.77426
785.96 9508.12 116.748 0.0 9391.37209
787.09 9548.725 204.255 0.0 9344.46992
788.22 9245.329 394.261 0.0 8851.06775
789.35 8867.434 157.768 0.0 8709.66559
790.48 9054.038 142.275 0.0 8911.76341
791.62 9354.642 580.281 0.0 8774.36029
792.75 8515.746 5.288 0.0 8510.45811
793.88 9246.351 737.795 0.0 8508.55591
795.01 8652.455 353.801 0.0 8298.65378
796.14 8730.56 404.808 0.0 8325.75159
797.27 8874.664 493.815 0.0 8380.84943
798.4 8255.769 283.321 0.0 7972.44727
799.53 8181.873 -4.672 0.0 8186.54461
800.66 8267.477 316.335 0.0 7951.14197
801.79 9537.081 1276.841 0.0 8260.23975
802.92 8207.686 199.848 0.0 8007.83762
804.05 7994.79 381.855 0.0 7612.93546
805.18 7848.895 290.861 0.0 7558.03329
806.31 7898.499 215.868 0.0 7682.63063
807.44 7477.603 -64.625 0.0 7542.22846
808.57 8058.208 400.381 0.0 7657.82629
809.69 7788.812 400.888 0.0 7387.92413
810.82 7206.416 -163.605 0.0 7370.02147
811.95 8457.521 988.401 0.0 7469.11932
813.08 7473.125 103.908 0.0 7369.21713
814.21 8150.229 1064.915 0.0 7085.31445
815.33 7253.333 282.921 0.0 6970.41232
816.46 7202.438 308.928 0.0 6893.51013
817.59 7754.542 847.435 0.0 6907.10797
818.72 7048.646 504.441 0.0 6544.20532
819.84 7578.251 896.448 0.0 6681.80316
820.97 6931.355 446.454 0.0 6484.90097
822.1 7070.96 593.961 0.0 6476.99884
823.22 6186.064 -30.532 0.0 6216.59616
824.35 6222.168 92.474 0.0 6129.69399
825.48 6721.773 574.481 0.0 6147.29181
826.6 6434.377 310.488 0.0 6123.88965
827.73 6032.981 -144.506 0.0 6177.487
828.85 6306.586 268.501 0.0 6038.08484
829.98 6643.19 610.008 0.0 6033.18268
831.11 6005.294 70.014 0.0 5935.28001
832.23 5856.399 81.521 0.0 5774.87784
833.36 6318.003 524.528 0.0 5793.47565
834.48 6002.108 259.034 0.0 5743.07352
835.6 6079.712 482.041 0.0 5597.67084
836.73 5644.316 -7.952 0.0 5652.26868
837.85 5964.421 535.054 0.0 5429.36652
838.98 5232.025 -104.439 0.0 5336.46435
840.1 5840.129 458.568 0.0 5381.56168
841.23 5693.734 371.074 0.0 5322.65952
842.35 6140.838 720.581 0.0 5420.25732
843.47 5465.942 248.588 0.0 5217.35469
844.6 5183.547 26.594 0.0 5156.95253
845.72 5217.651 155.101 0.0 5062.55037
846.84 5291.256 134.608 0.0 5156.64819
847.96 4928.86 139.114 0.0 4789.74554
849.09 4997.964 58.121 0.0 4939.84337
850.21 5165.069 232.628 0.0 4932.44121
851.33 5333.673 385.134 0.0 4948.53903
852.45 4845.277 25.141 0.0 4820.13638
853.57 5179.382 232.148 0.0 4947.23421
854.7 4922.486 67.654 0.0 4854.83205
855.82 4720.09 -0.339 0.0 4720.42939
856.94 5207.695 485.168 0.0 4722.52722
858.06 4478.799 -64.326 0.0 4543.12505
859.18 5208.904 425.181 0.0 4783.72287
860.3 4911.508 244.688 0.0 4666.82022
861.42 4348.612 -89.306 0.0 4437.91806
862.54 4406.717 -65.799 0.0 4472.51589
863.66 4468.821 50.708 0.0 4418.11372
864.78 4539.425 186.714 0.0 4352.71107
865.9 4782.03 244.221 0.0 4537.8089
867.02 5701.634 1277.228 0.0 4424.40674
868.14 5279.738 879.234 0.0 4400.50409
869.26 4849.843 575.741 0.0 4274.10193
870.38 4160.947 -90.252 0.0 4251.19975
871.5 4130.552 -94.746 0.0 4225.29758
872.62 4396.656 69.761 0.0 4326.89492
873.74 4778.76 699.268 0.0 4079.49274
874.85 4169.313 40.271 0.0 4129.04167
875.97 4386.313 286.271 0.0 4100.04166
877.09 4462.813 373.271 0.0 4089.54166
878.21 4146.813 220.771 0.0 3926.04167
879.33 4303.313 334.771 0.0 3968.54166
880.44 4115.313 254.771 0.0 3860.54167
881.56 4098.813 111.271 0.0 3987.54166
882.68 4186.813 256.271 0.0 3930.54166
883.79 4748.313 826.771 0.0 3921.54169
884.91 3698.313 -58.229 0.0 3756.54167
886.03 4336.313 456.271 0.0 3880.04166
887.14 4480.313 659.271 0.0 3821.04169
888.26 4550.813 777.271 0.0 3773.54169
889.38 4518.313 636.271 0.0 3882.04169
890.49 3528.813 -89.729 0.0 3618.54166
891.61 4154.313 307.771 0.0 3846.54166
892.72 3800.813 -13.229 0.0 3814.04167
893.84 3823.313 -99.229 0.0 3922.54166
894.95 3820.813 -87.229 0.0 3908.04166
896.07 4161.313 152.271 0.0 4009.04167
897.18 4287.313 384.271 0.0 3903.04166
898.3 4007.313 -41.229 0.0 4048.54167
899.41 4488.313 577.271 0.0 3911.04169
900.53 4203.313 335.771 0.0 3867.54166
901.64 4329.813 462.271 0.0 3867.54166
902.75 4007.313 262.771 0.0 3744.54166
903.87 3824.813 116.771 0.0 3708.04166
904.98 4202.313 403.771 0.0 3798.54166
906.09 3883.813 235.771 0.0 3648.04167
907.21 4059.313 438.771 0.0 3620.54166
908.32 3674.813 198.271 0.0 3476.54167
909.43 4248.313 650.771 0.0 3597.54169
910.54 3716.313 280.271 0.0 3436.04166
911.66 4519.813 1160.771 0.0 3359.04163
912.77 3329.313 85.771 0.0 3243.54166
913.88 3688.813 300.271 0.0 3388.54166
914.99 3273.313 69.271 0.0 3204.04166
916.1 3483.313 349.771 0.0 3133.54166
917.22 3134.313 58.771 0.0 3075.54167
918.33 3806.313 688.771 0.0 3117.54169
919.44 3307.313 270.271 0.0 3037.04166
920.55 3981.313 660.771 0.0 3320.54169
921.66 3439.813 428.771 0.0 3011.04166
922.77 3454.313 488.271 0.0 2966.04166
923.88 3750.813 623.271 0.0 3127.54169
924.99 3277.813 373.771 0.0 2904.04166
926.1 2828.313 -11.229 0.0 2839.54167
927.21 3605.813 652.771 0.0 2953.04169
928.32 2782.313 -84.729 0.0 2867.04166
929.43 3107.313 251.771 0.0 2855.54167
930.54 2923.313 111.271 0.0 2812.04166
931.65 2766.313 266.271 0.0 2500.04166
932.76 3017.313 381.771 0.0 2635.54166
933.86 2638.313 302.271 0.0 2336.04166
934.97 2450.813 113.771 0.0 2337.04166
936.08 2306.813 164.771 0.0 2142.04167
937.19 2929.813 708.271 0.0 2221.54169
938.3 2390.313 472.271 0.0 1918.04166
939.4 2521.313 674.771 0.0 1846.54169
940.51 1916.813 305.271 0.0 1611.54166
941.62 2046.313 503.771 0.0 1542.54166
942.73 2643.813 1102.771 0.0 1541.04163
943.83 1781.813 302.771 0.0 1479.04166
944.94 1809.813 338.271 0.0 1471.54166
946.05 1430.313 -35.729 0.0 1466.04167
947.15 1465.813 -25.729 0.0 1491.54167
948.26 1866.313 228.771 0.0 1637.54167
949.36 1633.813 98.271 0.0 1535.54166
950.47 1874.813 326.771 0.0 1548.04166
951.57 2478.813 844.771 0.0 1634.04169
952.68 2222.313 568.771 0.0 1653.54169
953.79 2251.813 439.271 0.0 1812.54166
954.89 1828.313 121.771 0.0 1706.54166
955.99 2148.813 391.271 0.0 1757.54166
957.1 1914.813 230.271 0.0 1684.54167
958.2 2124.813 271.271 0.0 1853.54166
959.31 2253.313 455.771 0.0 1797.54166
960.41 2006.313 130.271 0.0 1876.04167
961.52 1743.313 10.271 0.0 1733.04167
962.62 2311.313 493.771 0.0 1817.54166
963.72 1698.313 -50.729 0.0 1749.04167
964.83 1636.813 -70.729 0.0 1707.54166
965.93 2184.813 341.771 0.0 1843.04166
967.03 2466.313 714.271 0.0 1752.04169
968.13 2324.813 466.771 0.0 1858.04166
969.24 1907.313 175.771 0.0 1731.54167
970.34 1979.313 206.771 0.0 1772.54167
971.44 1993.813 265.771 0.0 1728.04166
972.54 2075.313 346.771 0.0 1728.54166
973.64 1810.313 142.271 0.0 1668.04167
974.75 2816.813 1069.771 0.0 1747.04163
975.85 5164.313 3162.271 0.0 2002.04175
976.95 1758.313 189.771 0.0 1568.54167
978.05 2170.813 525.771 0.0 1645.04169
979.15 2662.313 896.271 0.0 1766.04169
980.25 1566.313 99.771 0.0 1466.54166
981.35 1736.813 179.271 0.0 1557.54167
982.45 2541.313 891.771 0.0 1649.54169
983.55 2075.313 462.771 0.0 1612.54166
984.65 1908.313 418.271 0.0 1490.04166
985.75 2118.313 675.271 0.0 1443.04169
986.85 1910.813 372.271 0.0 1538.54166
987.95 1655.813 185.271 0.0 1470.54167
989.05 2354.313 783.271 0.0 1571.04169
990.15 2135.313 628.271 0.0 1507.04169
991.25 1770.813 443.271 0.0 1327.54166
992.34 2235.813 835.771 0.0 1400.04169
993.44 1761.313 478.271 0.0 1283.04166
994.54 1665.813 386.771 0.0 1279.04166
995.64 1986.813 731.271 0.0 1255.54169
996.74 2053.813 789.271 0.0 1264.54169
997.83 1249.813 73.771 0.0 1176.04166
998.93 1472.813 315.271 0.0 1157.54166
1000.03 2656.813 1230.771 0.0 1426.04163
1001.12 2103.813 704.771 0.0 1399.04169
1002.22 1971.813 729.271 0.0 1242.54169
1003.32 1362.813 272.271 0.0 1090.54166
1004.41 1632.813 467.271 0.0 1165.54166
1005.51 1471.813 402.771 0.0 1069.04166
1006.6 1255.813 188.771 0.0 1067.04167
1007.7 1627.813 624.271 0.0 1003.54169
1008.8 1025.313 103.271 0.0 922.04166
1009.89 1524.813 577.771 0.0 947.04169
1010.99 1443.313 384.771 0.0 1058.54166
1012.08 928.313 47.271 0.0 881.04167
1013.18 1453.813 394.271 0.0 1059.54166
1014.27 1343.313 202.271 0.0 1141.04167
1015.36 1472.813 334.271 0.0 1138.54166
1016.46 1477.313 402.771 0.0 1074.54166
1017.55 1221.813 148.271 0.0 1073.54167
1018.65 1468.813 496.771 0.0 972.04166
1019.74 1684.813 586.771 0.0 1098.04169
1020.83 1521.313 505.271 0.0 1016.04166
1021.93 1245.813 280.271 0.0 965.54166
1023.02 885.813 38.271 0.0 847.54167
1024.11 958.813 63.771 0.0 895.04167
1025.2 937.813 88.271 0.0 849.54166
1026.3 1344.813 454.271 0.0 890.54166
1027.39 1375.813 597.771 0.0 778.04169
1028.48 1320.813 486.771 0.0 834.04166
1029.57 1067.813 312.771 0.0 755.04166
1030.66 1230.813 451.771 0.0 779.04166
1031.75 2374.813 1483.271 0.0 891.54163
1032.84 1377.313 652.771 0.0 724.54169
1033.94 822.813 161.271 0.0 661.54167
1035.03 1414.313 773.771 0.0 640.54169
1036.12 762.813 90.271 0.0 672.54166
1037.21 794.813 66.771 0.0 728.04166
1038.3 1176.813 522.771 0.0 654.04169
1039.39 674.313 153.271 0.0 521.04167
1040.48 1067.313 455.771 0.0 611.54166
1041.57 1231.313 616.271 0.0 615.04169
1042.66 1019.813 441.771 0.0 578.04166
1043.74 1065.313 508.271 0.0 557.04166
1044.83 1069.313 543.271 0.0 526.04169
1045.92 606.813 45.771 0.0 561.04167
1047.01 1292.813 617.771 0.0 675.04169
1048.1 514.313 96.771 0.0 417.54166
1049.19 921.813 502.271 0.0 419.54166
1050.27 798.813 342.271 0.0 456.54166
1051.36 846.813 305.271 0.0 541.54166
1052.45 1028.813 469.771 0.0 559.04166
1053.54 844.813 466.771 0.0 378.04166
1054.62 1028.813 525.271 0.0 503.54169
1055.71 943.813 467.771 0.0 476.04166
1056.8 1215.313 688.271 0.0 527.04169
1057.88 771.813 328.771 0.0 443.04166
1058.97 953.313 458.771 0.0 494.54166
1060.06 1348.313 834.771 0.0 513.54169
1061.14 769.813 367.771 0.0 402.04166
1062.23 2254.313 1608.271 0.0 646.04163
1063.31 1017.313 547.271 0.0 470.04169
1064.4 690.313 279.271 0.0 411.04166
1065.48 849.313 526.771 0.0 322.54169
1066.57 691.313 362.771 0.0 328.54166
1067.65 900.813 543.771 0.0 357.04169
1068.74 696.813 357.271 0.0 339.54166
1069.82 888.813 544.271 0.0 344.54169
1070.9 2720.313 2151.771 0.0 568.54175
1071.99 920.813 561.771 0.0 359.04169
1073.07 892.813 491.771 0.0 401.04166
1074.15 973.813 576.771 0.0 397.04169
1075.24 804.313 526.771 0.0 277.54169
1076.32 944.813 625.771 0.0 319.04169
1077.4 1399.813 963.771 0.0 436.04169
1078.49 541.813 218.271 0.0 323.54167
1079.57 1076.813 655.271 0.0 421.54169
1080.65 1317.313 866.771 0.0 450.54169
1081.73 772.813 382.771 0.0 390.04166
1082.81 532.313 238.271 0.0 294.04167
1083.89 848.813 548.771 0.0 300.04169
1084.98 847.813 533.271 0.0 314.54169
1086.06 507.813 267.771 0.0 240.04166
1087.14 549.813 283.771 0.0 266.04166
1088.22 821.313 524.771 0.0 296.54169
1089.3 548.813 261.771 0.0 287.04166
1090.38 1496.813 1101.771 0.0 395.04163
1091.46 946.313 598.771 0.0 347.54169
1092.54 645.313 405.771 0.0 239.54166
1093.62 643.313 412.771 0.0 230.54166
1094.7 446.313 186.271 0.0 260.04167
1095.78 729.813 490.771 0.0 239.04166
1096.86 849.813 545.771 0.0 304.04169
1097.93 1510.313 1146.271 0.0 364.04163
1099.01 1077.313 802.271 0.0 275.04169
1100.09 529.813 334.271 0.0 195.54166
