196.55 760.944 972.948 1339.379 -57.85643
197.76 1069.12 1427.472 1995.603 -63.07541
198.96 977.806 1340.45 1803.191 -78.36886
200.16 665.192 796.077 1227.164 -30.36166
201.36 1156.318 1587.379 2062.06 -90.81072
202.56 715.412 990.115 1401.163 -66.83007
203.76 677.899 849.94 1265.984 -41.35157
204.96 809.386 932.264 1411.806 -25.62414
206.16 567.322 712.367 946.298 -62.0029
207.36 906.357 1181.173 1687.519 -54.27421
208.56 795.478 1052.507 1476.29 -60.6511
209.76 557.578 637.704 982.138 -23.26309
210.96 690.199 888.539 1380.408 -40.32352
212.16 1434.844 2056.997 2537.841 -129.38788
213.36 895.271 1126.644 1600.47 -48.8309
214.56 750.665 890.479 1274.997 -36.3609
215.76 1331.899 1834.94 2402.485 -88.63459
216.96 1089.913 1568.862 2050.473 -99.44743
218.16 796.198 985.792 1447.599 -41.05469
219.35 643.236 716.838 1152.749 -16.8847
220.55 761.55 872.359 1328.661 -24.28417
221.75 675.144 810.596 1150.265 -39.87752
222.95 1081.286 1461.314 1932.768 -80.60755
224.15 854.065 1090.029 1574.459 -48.70946
225.35 676.894 782.472 1287.36 -20.91131
226.55 620.465 792.831 1188.111 -43.60619
227.75 1004.286 1378.814 1879.768 -74.76285
228.94 835.578 1122.204 1555.138 -66.20553
230.14 790.549 919.113 1379.351 -27.93401
231.34 662.292 847.028 1265.702 -44.12403
232.54 689.106 780.549 1133.115 -25.9364
233.74 620.684 805.869 1171.11 -50.70214
234.93 685.579 791.951 1221.947 -24.73784
236.13 724.557 951.574 1439.095 -46.56558
237.33 750.502 930.131 1313.452 -46.86141
238.53 676.365 887.381 1239.073 -60.00005
239.72 1027.935 1373.993 1901.015 -65.66285
240.92 541.493 562.676 918.088 -5.96026
242.12 937.515 1152.807 1622.13 -45.87279
243.31 652.728 755.63 1186.695 -23.87162
244.51 596.206 627.0 952.653 -9.45595
245.71 959.879 1278.803 1722.062 -71.94994
246.9 1187.706 1688.0 2212.153 -95.44804
248.1 704.442 950.954 1448.759 -49.51979
249.3 732.691 982.33 1398.854 -59.93393
250.49 730.013 893.313 1321.511 -38.1366
251.69 903.778 1049.106 1539.214 -29.65214
252.89 723.405 916.154 1388.919 -40.77065
254.08 547.578 579.204 954.138 -8.43506
255.28 720.084 976.919 1400.072 -60.69527
256.47 548.085 577.666 955.382 -7.83129
257.67 896.28 1159.099 1530.833 -70.70088
258.86 951.044 1172.898 1590.417 -53.13653
260.06 742.377 917.809 1356.442 -39.99529
261.26 1038.971 1459.546 1914.546 -92.43398
262.45 742.149 939.063 1294.389 -55.4178
263.65 459.541 565.158 907.488 -30.85242
264.84 869.928 1081.531 1469.771 -54.50341
266.04 640.405 804.154 1217.419 -39.62333
267.23 530.676 487.661 823.556 12.80611
268.42 582.464 706.584 1015.802 -40.1403
269.62 751.135 882.641 1322.401 -29.90391
270.81 782.8 959.736 1397.256 -40.44067
272.01 762.878 923.056 1333.752 -39.00169
273.2 902.29 1164.034 1567.583 -64.86061
274.4 604.506 664.852 908.767 -24.74057
275.59 794.727 1028.883 1499.385 -49.76731
276.78 690.121 892.718 1361.913 -43.17978
277.98 627.934 772.746 1191.206 -34.60597
279.17 678.443 903.201 1285.069 -58.85747
280.37 669.89 837.985 1198.621 -46.6107
281.56 503.449 528.915 926.504 -6.40522
282.75 556.751 617.508 1021.047 -15.0559
283.95 610.626 801.186 1237.537 -43.67109
285.14 754.898 863.193 1247.675 -28.1665
286.33 547.248 700.267 1012.118 -49.06797
287.52 766.833 948.548 1368.358 -43.28521
288.72 842.033 1136.95 1615.434 -61.63567
289.91 983.32 1410.373 1957.179 -78.09948
291.1 779.656 1007.024 1453.634 -50.90986
292.29 769.957 997.623 1395.057 -57.28406
293.49 726.162 1044.239 1446.568 -79.05873
294.68 598.734 729.845 997.629 -48.9611
295.87 652.142 803.102 1201.145 -37.92545
297.06 749.591 940.38 1418.817 -39.87746
298.26 428.355 420.179 733.9 2.60616
299.45 670.728 789.13 1098.195 -38.30983
300.64 714.55 822.859 1190.661 -29.44768
301.83 722.792 857.028 1294.202 -30.70536
303.02 602.501 630.384 1057.142 -6.53381
304.21 858.93 1123.525 1573.39 -58.81663
305.4 721.415 875.356 1160.092 -54.06446
306.59 774.585 920.166 1316.882 -36.69626
307.79 687.242 803.053 1187.683 -30.10955
308.98 534.049 579.113 932.851 -12.7391
310.17 822.37 966.081 1430.275 -30.95935
311.36 719.46 857.597 1178.563 -43.03795
312.55 1058.767 1560.657 2066.731 -99.17318
313.74 508.277 584.359 957.404 -20.39474
314.93 822.978 1009.007 1474.29 -39.98191
316.12 622.785 787.067 1192.958 -40.47431
317.31 470.92 406.823 740.217 19.22543
318.5 494.777 574.859 920.404 -23.17543
319.69 722.47 830.799 1262.736 -25.0798
320.88 646.893 736.225 1134.55 -22.4271
322.07 552.384 607.271 993.686 -14.20404
323.26 597.372 607.342 935.817 -3.03524
324.45 447.949 447.415 793.504 0.15418
325.64 692.069 766.749 1195.274 -17.4272
326.83 781.656 996.024 1395.634 -53.64445
328.01 631.763 738.436 1110.916 -28.63868
329.2 765.242 976.053 1403.683 -49.29735
330.39 588.591 727.38 1086.817 -38.61275
331.58 518.677 542.908 969.366 -5.68186
332.77 920.828 1253.081 1742.233 -67.92424
333.96 420.784 448.82 671.648 -12.58181
335.15 542.849 524.964 868.466 5.20651
336.33 528.677 590.908 878.866 -21.61105
337.52 603.949 719.415 1040.504 -35.96092
338.71 622.806 710.45 1050.191 -25.79747
339.9 562.854 614.932 995.09 -13.69904
341.08 643.169 688.2 1067.812 -11.86229
342.27 730.256 879.475 1376.672 -30.01206
343.46 817.029 1063.729 1446.619 -64.43119
344.65 805.529 897.229 1356.119 -19.98311
345.83 846.114 983.257 1460.668 -28.72635
347.02 449.886 470.264 791.306 -6.34759
348.21 824.464 1021.584 1513.302 -40.08823
349.4 523.799 462.989 862.946 15.20408
350.58 611.697 718.045 1108.789 -27.21667
351.77 570.684 575.369 941.11 -1.28098
352.96 411.099 324.088 698.37 23.24754
354.14 622.356 619.926 1114.21 0.49167
355.33 506.728 536.13 920.695 -7.64555
356.51 471.233 387.098 701.82 26.73326
357.7 602.753 679.734 1173.743 -15.583
358.89 496.984 511.721 949.225 -3.36854
360.07 802.505 915.105 1399.957 -23.22359
361.26 849.651 1061.79 1572.085 -41.57177
362.44 644.343 733.483 1177.108 -20.09365
363.63 569.113 481.743 950.435 18.64124
364.81 591.305 531.437 1069.458 11.12752
366.0 417.427 276.518 729.538 31.10436
367.18 1085.814 1403.392 2092.821 -46.06383
368.37 468.459 529.85 875.253 -17.77382
369.55 740.738 737.065 1246.445 0.72107
370.74 790.51 911.572 1458.582 -22.13171
371.92 986.28 1158.332 1668.41 -33.73064
373.11 563.008 476.078 1016.963 16.07167
374.29 542.199 421.772 908.985 24.71763
375.48 617.751 531.741 1060.623 16.26266
376.66 564.381 441.53 902.257 26.66456
377.84 903.459 953.85 1582.253 -8.01895
379.03 512.195 405.051 908.67 21.27485
380.21 537.579 332.184 747.024 49.51195
381.39 440.665 266.212 675.074 42.66798
382.58 802.56 816.548 1409.101 -2.36064
383.76 1041.653 1148.784 1715.705 -18.89691
384.94 1043.039 1254.164 1936.868 -30.92485
386.13 586.051 426.593 963.237 29.71387
387.31 723.552 618.339 1185.047 18.56549
388.49 570.715 474.688 1029.093 17.32081
389.68 753.895 637.952 1263.246 18.54209
390.86 728.938 567.466 1204.521 25.34655
392.04 909.667 982.706 1677.693 -10.5094
393.22 677.438 445.466 1111.021 34.85385
394.41 669.258 473.202 1085.367 32.02667
395.59 518.302 193.463 865.952 48.304
396.77 770.489 552.689 1295.349 29.32699
397.95 794.145 637.576 1375.151 21.22761
399.13 966.581 792.678 1560.643 22.64469
400.31 733.429 447.511 1233.657 36.3695
401.5 887.194 626.304 1514.36 29.37766
402.68 943.665 734.712 1616.074 23.70797
403.86 738.623 434.445 1296.108 35.30128
405.04 1022.339 807.263 1861.292 20.40515
406.22 737.88 367.783 1341.448 38.0107
407.4 992.976 697.013 1747.671 28.16927
408.58 1083.558 814.301 1875.791 25.36601
409.76 1111.294 947.755 2029.398 15.11952
410.94 913.438 624.466 1721.521 26.34066
412.12 898.132 502.9 1505.972 39.40218
413.3 796.324 359.093 1500.994 38.28971
414.48 762.003 371.111 1363.838 39.37555
415.66 882.382 445.277 1491.567 41.77665
416.84 1339.095 1233.1 2392.132 9.14514
418.02 982.045 623.378 1795.303 30.60489
419.2 862.052 419.586 1512.357 40.49031
420.38 1011.073 583.97 1792.589 35.33814
421.56 927.16 427.245 1581.949 43.29381
422.74 1262.287 1081.794 2295.154 14.8755
423.92 1161.024 865.995 2097.57 23.9554
425.1 1002.003 464.111 1706.838 43.28318
426.28 944.797 405.995 1712.327 41.24539
427.46 1525.161 1356.492 2799.259 11.69069
428.63 1078.639 571.861 2000.716 35.46742
429.81 1107.075 687.964 1968.209 32.73684
430.99 1208.153 754.784 2180.705 31.79486
432.17 1389.596 1145.347 2523.941 17.71726
433.35 1220.375 827.316 2288.823 26.8941
434.52 906.647 155.069 1442.77 58.36589
435.7 1063.954 376.383 1827.128 47.39432
436.88 1269.231 840.104 2306.7 29.26008
438.06 1165.654 552.531 2072.014 40.35079
439.23 1052.138 399.115 1956.406 41.93329
440.41 1254.819 594.126 2298.869 38.75616
441.59 1313.031 828.456 2548.315 28.17526
442.77 1112.355 276.679 1951.4 49.89941
443.94 1408.767 760.657 2663.231 34.06491
445.12 1473.553 769.833 2568.167 39.1318
446.3 1627.274 1093.118 2946.475 28.821
447.47 1529.21 666.72 2632.968 43.86477
448.65 1557.86 720.646 2715.525 41.96815
449.82 1353.36 500.146 2418.525 44.47577
451.0 1495.939 609.213 2599.83 44.54526
452.18 1469.646 476.823 2644.96 45.79154
453.35 1613.903 530.16 2753.3 48.74829
454.53 1664.775 558.865 2819.285 48.92498
455.7 1609.389 334.238 2713.311 53.59864
456.88 2032.49 945.935 3424.159 43.84407
458.05 1843.339 591.763 3040.792 51.10499
459.23 1821.653 315.784 2806.205 60.46647
460.4 2024.403 580.16 3298.8 53.12372
461.58 2236.354 719.432 3462.09 55.30846
462.75 1970.553 315.333 3204.667 57.28727
463.93 2303.76 628.696 3520.987 57.91479
465.1 2307.738 525.065 3629.945 57.4152
466.28 2221.369 218.101 3243.888 66.2065
467.45 2265.403 146.66 3291.8 67.36561
468.63 2599.796 523.249 3846.018 62.49448
469.8 2870.789 870.287 4222.273 59.68109
470.97 2777.703 405.259 3823.724 69.40087
472.15 2919.219 595.675 4138.332 65.58762
473.32 3184.869 704.601 4322.388 68.55759
474.49 3359.433 859.499 4671.896 65.57381
475.67 3228.783 507.573 4177.839 74.14204
476.84 3263.054 327.08 4088.476 78.05544
478.01 3654.096 636.347 4688.941 74.46463
479.19 3653.755 548.728 4557.862 77.44883
480.36 3616.747 309.02 4472.808 79.44033
481.53 3916.997 596.897 4836.903 78.30412
482.7 3931.955 497.129 4733.938 81.07105
483.88 3986.02 275.774 4583.755 86.12492
485.05 4179.99 361.935 4823.659 85.57353
486.22 4288.042 478.405 4938.797 85.41035
487.39 4302.371 333.595 4795.508 88.94786
488.56 4431.182 485.876 5021.991 86.97544
489.74 4815.669 897.2 5619.313 82.98128
490.91 4515.269 242.651 4990.851 89.98396
492.08 4747.682 375.876 5230.491 90.05464
493.25 4751.212 278.714 5092.587 92.90853
494.42 4764.655 476.778 5228.824 90.23224
495.59 4897.477 417.26 5317.48 91.42888
496.76 4953.067 465.756 5367.155 91.55165
497.93 5055.118 610.478 5616.483 88.78616
499.1 5144.705 572.753 5591.843 91.09126
500.27 5438.698 1040.792 6267.099 84.14941
501.44 5477.79 1228.534 6296.083 83.85229
502.61 5123.226 423.137 5408.076 94.2858
503.78 5156.992 629.929 5761.278 88.22363
504.95 5604.982 1123.474 6516.415 83.09952
506.12 5262.035 696.943 5888.053 87.94056
507.29 5071.126 335.186 5433.538 92.8916
508.46 5039.312 32.165 5307.125 94.92294
509.63 5782.812 1258.165 6645.125 83.99259
510.8 5675.776 1179.612 6671.095 81.87523
511.97 5418.469 558.552 5824.426 92.29079
513.14 5278.292 258.528 5792.702 90.70484
514.31 5663.934 785.746 6241.206 89.41845
515.48 5632.113 495.01 6045.359 92.5546
516.65 5533.326 525.087 6124.614 89.4404
517.81 5532.241 355.806 5922.374 92.99151
518.98 5656.34 695.01 6349.102 87.7476
520.15 5378.728 161.13 5858.695 91.57593
521.32 5683.004 703.605 6464.457 86.43512
522.49 6266.842 1502.503 7468.221 79.86195
523.65 6244.777 1158.859 7184.404 84.40594
524.82 5837.283 638.073 6545.839 88.00637
525.99 5572.885 78.517 6017.496 92.51367
527.16 6016.343 631.25 6882.031 86.15072
528.32 5974.991 730.182 7018.969 83.39937
529.49 6058.547 411.619 6654.732 90.45052
530.66 6057.822 114.367 6539.298 92.50612
531.82 6202.304 180.957 6592.071 93.92045
532.99 6301.02 320.274 6997.255 89.5726
534.16 6473.841 444.256 7148.912 89.93131
535.32 6858.906 794.401 7641.229 88.57394
536.49 6505.177 294.408 7207.866 89.83593
537.65 7138.74 1011.059 8080.564 86.67766
538.82 6794.648 321.816 7430.58 91.05426
539.99 7248.483 642.721 8076.725 88.85875
541.15 7369.725 818.39 8357.766 86.89493
542.32 7247.392 147.979 7854.74 92.11928
543.48 8035.178 811.155 8785.676 90.58881
544.65 8137.7 992.785 8917.718 90.15742
545.81 8881.698 1483.292 10133.099 85.53262
546.98 8598.778 503.106 9285.714 92.17846
548.14 8951.698 783.792 9857.099 90.02127
549.31 9190.82 402.873 9415.179 97.51053
550.47 9260.534 469.443 9763.554 94.58776
551.63 9738.241 914.806 10766.874 89.55922
552.8 9640.69 454.584 10034.545 95.88877
553.96 9932.006 459.852 10240.767 96.84323
555.13 10121.306 391.45 10690.69 94.47158
556.29 10723.464 934.084 11394.302 93.58677
557.45 10603.439 274.46 10552.64 100.49425
558.62 11017.484 523.468 11224.534 98.06515
559.78 11133.778 771.606 11627.214 95.45456
560.94 11142.027 371.982 11276.809 98.76402
562.11 11589.6 391.088 11510.37 100.71254
563.27 11710.756 157.975 11361.672 103.11579
564.43 11943.271 32.397 11656.66 102.46562
565.59 12302.736 205.838 12004.749 102.52555
566.76 12613.283 351.073 12192.839 103.55052
567.92 12897.144 571.349 12448.455 103.77776
569.08 13135.835 715.042 13216.978 99.35096
570.24 13330.383 352.024 12896.877 103.45565
571.4 13512.549 226.366 12819.042 105.50722
572.57 13521.872 367.342 13100.317 103.31073
573.73 13701.156 55.524 13072.134 104.83246
574.89 14042.807 452.697 13544.0 103.81021
576.05 14580.04 476.158 13770.987 106.08547
577.21 14550.212 157.714 13514.587 107.7535
578.37 14693.441 18.954 13640.76 107.72792
579.53 15108.771 193.644 13978.47 108.19961
580.69 15527.063 597.535 14724.34 105.68227
581.85 15498.584 351.919 14327.072 108.38282
583.01 16051.092 401.88 14435.816 111.50978
584.17 16292.191 484.83 14656.854 111.53919
585.33 16261.385 572.517 14948.496 109.13252
586.49 16487.613 377.763 14735.049 112.2068
587.65 17025.156 573.278 15187.824 112.57194
588.81 16973.021 566.521 15553.064 109.47488
589.97 17431.127 929.433 15628.847 112.2609
591.13 17292.248 421.02 15287.808 113.48267
592.29 17077.057 336.574 15254.096 112.22027
593.45 17224.371 213.595 14965.508 115.31234
594.61 17449.469 134.052 15178.927 115.0918
595.77 17528.713 196.961 15395.896 114.03267
596.93 17548.461 91.091 14998.683 117.10389
598.09 17720.205 382.753 15545.343 114.34361
599.24 18016.285 138.067 15446.458 116.78705
600.4 18156.613 291.763 15433.549 117.98377
601.56 18032.498 233.39 15322.522 117.95978
602.72 18343.686 368.616 15465.42 119.0654
603.87 18709.922 473.064 15310.146 122.91404
605.03 18378.686 232.116 15238.92 120.92228
606.19 18690.25 148.514 14826.428 126.32406
607.35 18501.557 -3.926 15131.096 122.26928
608.5 18685.078 594.457 15492.328 121.43091
609.66 19221.043 989.651 15859.107 122.60967
610.82 18723.469 146.299 15137.236 123.92267
611.97 18713.463 125.084 14915.802 125.67598
613.13 18942.979 573.754 15514.6 122.94635
614.29 18736.436 496.993 15383.016 122.52731
615.44 18926.699 717.539 15456.908 123.54097
616.6 18829.635 180.141 14843.401 127.18518
617.76 19094.207 663.0 15414.652 124.94334
618.91 19294.285 726.314 15170.268 128.55186
620.07 19166.105 641.049 15204.114 127.20575
621.22 18696.785 17.567 14577.958 128.28789
622.38 19775.963 1061.084 15637.302 128.39325
623.53 18866.049 78.366 14625.542 129.15003
624.69 19404.0 112.137 14268.832 136.27378
625.84 19127.334 217.542 14299.978 134.27927
627.0 19380.576 488.964 14831.709 131.71546
628.15 19252.643 -0.398 14734.646 130.66158
629.31 19142.219 318.175 14728.331 130.6304
630.46 19176.484 -23.532 14344.034 133.63444
631.61 19311.863 374.134 14629.264 132.84852
632.77 19595.762 228.189 14833.106 132.60994
633.92 19693.092 495.38 14691.816 135.22909
635.08 20028.418 949.577 15177.407 134.09522
636.23 20029.027 308.482 14744.809 136.60362
637.38 19353.299 -74.511 14334.446 134.83148
638.54 19890.977 654.76 15135.48 132.84019
639.69 19984.465 936.831 15459.111 131.16145
640.84 20111.453 490.402 14738.753 137.70752
641.99 19933.709 97.409 14039.882 142.27247
643.15 20367.465 816.916 14835.512 139.46153
644.3 19994.223 95.422 14179.142 141.28938
645.45 19753.479 -58.071 14110.771 139.82476
646.6 20427.734 811.436 15075.401 137.52346
647.75 20043.49 161.942 14418.031 139.46004
648.91 20211.246 -136.551 13971.661 144.22662
650.06 20398.004 225.455 14825.291 138.1697
651.21 20630.76 417.462 14565.42 142.87078
652.36 20743.016 450.969 14709.05 142.31962
653.51 20268.271 101.475 14213.68 142.90323
654.66 20899.529 273.982 14861.81 141.38875
655.81 21208.285 651.989 15048.939 142.78229
656.96 20932.041 69.495 14402.569 145.55528
658.11 20948.297 365.002 14800.199 142.59102
659.27 21409.555 531.009 14925.328 145.04712
660.42 20954.811 29.015 14459.958 145.00643
661.57 21622.066 421.022 14835.088 147.0858
662.72 20833.322 -139.971 14611.718 142.17554
663.87 21148.078 -99.965 14122.848 149.3941
665.01 21619.836 316.042 14693.978 148.17005
666.16 21825.592 41.049 14739.607 148.2087
667.31 22181.348 95.555 14982.237 148.3594
668.46 22669.604 760.562 15722.366 146.43315
669.61 22634.861 206.069 15547.996 146.1928
670.76 23180.117 4.575 15214.626 152.36992
671.91 23998.873 769.582 16378.756 148.8182
673.06 23925.129 519.589 16014.886 151.04932
674.21 23318.887 -161.405 15583.016 149.13405
675.35 23830.643 284.102 15720.146 152.54259
676.5 24040.898 167.609 15849.774 152.2321
677.65 24275.654 72.615 15783.904 154.04872
678.8 23864.412 -110.878 15727.034 151.37911
679.94 24755.168 40.629 16048.164 154.39316
681.09 25383.924 370.135 17049.793 149.96584
682.24 26324.68 363.142 17513.924 151.37233
683.39 25633.936 -1.851 17222.553 148.8341
684.53 26380.693 558.155 17196.684 155.19725
685.68 26792.449 214.662 17614.813 152.74458
686.83 27073.705 301.169 17607.443 154.69844
687.97 26817.961 298.175 17622.072 153.0821
689.12 27463.719 178.182 17514.703 157.38761
690.27 26626.475 68.189 17408.832 153.15629
691.41 28185.23 468.195 17969.961 158.36708
692.56 27798.486 358.702 17742.592 157.84606
693.7 28261.244 378.709 17681.721 161.14267
694.85 28072.0 48.215 17192.852 163.45511
695.99 28676.756 398.222 17794.98 162.55059
697.14 27853.512 184.229 17551.111 159.3221
698.28 28218.768 342.735 18251.74 155.65372
699.43 28171.525 391.242 18390.369 154.34239
700.57 28325.781 -74.251 17710.5 159.68754
701.72 28157.037 -50.745 17219.129 163.3352
702.86 28562.293 -107.738 17549.26 162.37206
704.01 29575.551 50.269 17415.389 170.02636
705.15 29523.307 433.275 18332.02 162.52554
706.29 29086.563 126.782 17723.648 164.57351
707.44 29364.818 171.288 18374.777 160.37327
708.58 30063.576 -124.205 17936.408 167.14704
709.72 29548.832 629.302 18731.037 159.76109
710.87 30023.088 -137.192 17783.168 168.30175
712.01 29751.344 0.315 17644.297 168.61856
713.15 30273.1 217.322 18427.928 165.04546
714.3 30033.357 348.828 17921.557 168.92385
715.44 30355.113 92.335 18611.186 163.41607
716.58 30206.869 277.342 18420.816 164.96028
717.72 30502.625 52.848 18398.945 165.97414
718.87 30759.883 240.855 18262.076 169.3505
720.01 29576.139 117.362 18078.205 164.01667
721.15 29863.895 -54.132 17879.836 166.82324
722.29 30228.15 345.875 18022.965 169.04522
723.43 30554.908 498.882 18553.596 166.47191
724.57 30475.164 450.388 18287.225 168.33016
725.72 29766.92 244.895 18067.354 165.64508
726.86 30774.176 678.902 18459.484 169.25921
728.0 29885.932 164.408 17772.113 168.79839
729.14 30531.189 -2.085 17477.244 174.68219
730.28 30389.945 481.422 17805.373 172.64262
731.42 29973.201 10.928 17753.004 168.87693
732.56 31159.457 722.435 18545.133 170.77674
733.7 30435.715 386.942 18597.262 165.00958
734.84 30270.971 -127.052 17331.393 174.11644
735.98 30491.227 148.955 17932.521 170.61972
737.12 30942.982 -3.038 17789.152 173.93036
738.26 30120.74 17.468 17486.281 172.3258
739.4 30592.996 228.475 17917.912 171.6534
740.53 30549.752 407.482 18162.541 169.76722
741.67 30023.008 273.488 17733.67 170.38494
742.81 30449.764 -222.505 17185.301 176.19836
743.95 29981.521 241.002 17969.93 167.75137
745.09 30201.277 19.508 17370.561 173.94777
746.23 30401.533 399.515 17605.189 174.37281
747.36 30520.789 453.522 17477.32 176.61903
748.5 30168.547 60.028 17069.949 177.00564
749.64 29272.303 25.035 17006.078 172.23481
750.78 30088.059 -5.458 16833.209 178.71674
751.92 29547.814 74.548 16909.838 175.06836
753.05 29253.572 155.555 16258.969 180.69471
754.19 30575.328 635.562 16783.098 185.41384
755.33 28819.084 -151.932 16117.228 178.07322
756.46 29052.84 245.075 16057.357 182.186
757.6 28757.098 82.082 15697.487 183.63286
758.74 28799.854 562.088 16315.617 179.24724
759.87 28358.109 244.595 16092.247 177.39861
761.01 27805.365 271.102 15563.377 180.05341
762.14 28123.121 234.608 15825.006 178.88263
763.28 28158.879 408.115 15272.136 186.69756
764.41 27573.135 249.121 15157.766 183.27631
765.55 27810.391 -123.872 14748.896 187.82155
766.69 27246.146 289.635 15202.025 180.76586
767.82 27334.904 266.641 15014.155 183.54458
768.95 27004.16 26.148 14525.285 186.06633
770.09 26405.916 737.655 15281.915 176.48379
771.22 27368.672 661.661 15275.044 182.75721
772.36 26458.43 504.168 14678.674 183.10523
773.49 26105.686 489.175 14838.804 178.51689
774.63 26115.441 196.181 14003.434 187.72207
775.76 24993.197 154.688 13969.563 179.79539
776.89 25791.453 428.195 14067.693 185.95448
778.03 25538.711 360.201 13450.823 192.34006
779.16 25186.967 8.708 13358.952 188.59774
780.29 24997.223 308.215 13035.582 193.98362
781.43 25110.479 606.221 13093.712 196.23044
782.56 24292.236 315.228 13181.842 186.35057
783.69 24114.492 11.735 12475.972 193.37531
784.82 23360.248 233.241 12821.602 183.71739
785.96 23358.504 116.748 12587.731 186.36666
787.09 23525.762 204.255 12186.361 194.63612
788.22 22789.518 394.261 12237.99 189.08957
789.35 23378.773 157.768 11739.62 200.49475
790.48 22470.529 142.275 12009.25 188.15456
791.62 22142.785 580.281 11944.38 189.74232
792.75 22267.543 5.288 11194.01 198.97049
793.88 21681.799 737.795 11788.14 189.53258
795.01 21790.055 353.801 11355.77 194.84017
796.14 22078.311 404.808 11514.898 195.07944
797.27 21262.068 493.815 11487.528 188.91027
798.4 21571.824 283.321 10909.158 200.3466
799.53 20758.08 -4.672 10310.788 201.278
800.66 20137.336 316.335 10739.418 190.16447
801.79 21376.594 1276.841 11846.548 190.16377
802.92 20550.35 199.848 10216.178 203.17324
804.05 20143.105 381.855 10327.308 198.69634
805.18 20252.361 290.861 10017.937 205.21585
806.31 20022.617 215.868 9756.066 207.6136
807.44 19920.375 -64.625 9580.196 207.20964
808.57 20197.631 400.381 10089.826 204.31769
809.69 19493.387 400.888 9940.456 200.14007
810.82 18459.143 -163.605 9102.586 200.97521
811.95 19917.4 988.401 10112.216 207.46804
813.08 18784.656 103.908 8928.345 211.69338
814.21 18726.912 1064.915 10169.975 193.98002
815.33 18492.668 282.921 9203.104 204.14095
816.46 17970.426 308.928 9013.734 202.89363
817.59 17648.182 847.435 9490.864 194.37593
818.72 17745.938 504.441 8670.494 211.13623
819.84 17710.193 896.448 9116.124 204.55484
820.97 17268.949 446.454 8550.754 207.57494
822.1 17008.707 593.961 8538.383 206.61977
823.22 16406.463 -30.532 7767.513 210.78354
824.35 16632.719 92.474 7844.143 213.37658
825.48 16260.476 574.481 7850.272 215.59159
826.6 15886.231 310.488 7455.902 217.98237
827.73 15710.988 -144.506 7245.032 214.5668
828.85 15921.744 268.501 7361.662 220.6808
829.98 16318.001 610.008 7638.292 223.49686
831.11 15545.757 70.014 6945.921 225.07202
832.23 15827.014 81.521 6962.051 228.84129
833.36 15326.27 524.528 7592.181 209.42938
834.48 14758.026 259.034 6894.811 218.4973
835.6 15247.282 482.041 7014.94 226.0136
836.73 14953.538 -7.952 6711.07 222.67363
837.85 14635.295 535.054 6989.7 218.45105
838.98 14348.051 -104.439 6228.33 228.21756
840.1 14627.808 458.568 6766.959 224.6094
841.23 14115.563 371.074 6570.589 221.70267
842.35 14324.32 720.581 7111.219 212.86982
843.47 14219.576 248.588 6354.849 228.79776
844.6 13807.333 26.594 6149.978 225.05104
845.72 14136.589 155.101 6077.608 236.07381
846.84 13898.846 134.608 5955.738 236.45302
847.96 13766.602 139.114 5813.368 240.16353
849.09 13404.358 58.121 5820.497 231.60997
850.21 13587.614 232.628 5935.127 234.19532
851.33 13288.87 385.134 5976.757 230.76908
852.45 12792.627 25.141 5610.387 228.59309
853.57 13255.883 232.148 5832.016 232.57216
854.7 12893.64 67.654 5477.146 237.10149
855.82 12779.896 -0.339 5659.776 225.79461
856.94 12793.652 485.168 5827.405 230.39942
858.06 12083.908 -64.326 5132.035 233.78349
859.18 12378.165 425.181 5653.165 228.63467
860.3 12955.421 244.688 5345.295 249.20039
861.42 12175.678 -89.306 5013.424 240.36121
862.54 11722.934 -65.799 4962.554 234.4452
863.66 12104.69 50.708 4975.184 244.77694
864.78 12224.446 186.714 5073.814 246.31648
865.9 11754.703 244.221 5222.943 231.19349
867.02 12608.959 1277.228 6443.073 219.35869
868.14 12531.715 879.234 5701.203 241.654
869.26 11770.972 575.741 5163.833 244.00623
870.38 11223.728 -90.252 4456.962 248.8112
871.5 11275.984 -94.746 4453.592 249.99747
872.62 11269.24 69.761 4578.222 248.41024
873.74 11535.997 699.268 5511.852 225.17486
874.85 10935.125 40.271 4430.417 248.16612
875.97 10968.625 286.271 4564.417 249.6959
877.09 11163.625 373.271 4811.917 243.10015
878.21 10395.625 220.771 4370.917 245.1686
879.33 10923.125 334.771 4641.417 245.86082
880.44 10705.625 254.771 4375.417 253.62176
881.56 10128.125 111.271 4114.417 250.22457
882.68 10417.625 256.271 4367.917 247.13594
883.79 10683.625 826.771 4988.417 236.84991
884.91 10285.125 -58.229 3702.917 275.00539
886.03 10425.125 456.271 4455.417 249.2746
887.14 10492.125 659.271 4800.417 237.44285
888.26 10409.625 777.271 4809.917 238.85942
889.38 10656.125 636.271 4577.417 254.23709
890.49 10307.125 -89.729 4014.417 253.32565
891.61 10855.625 307.771 4176.917 272.61455
892.72 10695.625 -13.229 4058.417 263.01045
893.84 10610.625 -99.229 3906.917 267.3356
894.95 10524.125 -87.229 3941.917 263.36485
896.07 11037.625 152.271 4075.417 277.46493
897.18 10765.625 384.271 4307.417 264.61812
898.3 10527.625 -41.229 3881.917 269.39743
899.41 11077.625 577.271 4446.917 271.35182
900.53 10565.125 335.771 4029.417 276.94463
901.64 10578.625 462.271 4350.417 260.18455
902.75 10190.625 262.771 4055.917 261.73141
903.87 10432.625 116.771 3876.417 274.38366
904.98 10449.125 403.771 4044.917 275.88442
906.09 9878.625 235.771 3943.917 260.04516
907.21 9961.625 438.771 3919.917 273.55516
908.32 9867.125 198.271 3488.417 293.87311
909.43 9884.125 650.771 3977.917 277.51576
910.54 9702.625 280.271 3820.917 266.11964
911.66 9593.625 1160.771 4581.417 246.52814
912.77 9098.625 85.771 3214.417 288.07524
913.88 9298.125 300.271 3645.417 268.98241
914.99 8840.125 69.271 3371.417 265.61074
916.1 9361.125 349.771 3617.417 275.77511
917.22 8505.625 58.771 2918.417 295.38112
918.33 8925.625 688.771 3724.917 271.29309
919.44 8841.625 270.271 3384.417 275.23932
920.55 9104.125 660.771 3674.417 280.17074
921.66 8735.125 428.771 3272.917 292.05092
922.77 8629.625 488.271 3282.417 291.37183
923.88 8783.125 623.271 3542.917 279.48095
924.99 7964.625 373.771 3227.417 266.00547
926.1 7759.125 -11.229 2623.917 294.87377
927.21 7895.125 652.771 3484.417 255.76482
928.32 7459.625 -84.729 2456.417 296.88788
929.43 7486.625 251.771 2756.917 288.79971
930.54 7204.125 111.271 2439.417 304.65677
931.65 7266.125 266.271 2607.917 298.92881
932.76 7077.125 381.771 2750.917 282.60624
933.86 6848.625 302.271 2464.417 302.77116
934.97 6795.125 113.771 2305.417 304.85555
936.08 6269.625 164.771 2138.417 309.31861
937.19 6134.625 708.271 2768.917 263.33268
938.3 5429.625 472.271 2273.917 275.15696
939.4 5236.625 674.771 2431.417 259.69116
940.51 4678.625 305.271 1864.417 280.49681
941.62 4660.625 503.771 1984.417 280.74602
942.73 4662.625 1102.771 2513.917 252.26691
943.83 4095.625 302.771 1592.417 294.10046
944.94 4055.625 338.271 1721.417 268.76084
946.05 3936.625 -35.729 1180.417 326.6347
947.15 4277.125 -25.729 1255.417 335.85984
948.26 4058.125 228.771 1623.917 274.47699
949.36 4435.625 98.271 1469.917 316.21532
950.47 4422.625 326.771 1819.917 274.3104
951.57 4959.125 844.771 2349.917 273.35251
952.68 4722.125 568.771 1976.417 295.05676
953.79 4621.625 439.271 2026.417 263.51418
954.89 4590.125 121.771 1668.417 288.90611
955.99 4956.625 391.271 2152.917 259.15277
957.1 4776.625 230.271 1637.417 323.09048
958.2 4778.625 271.271 1806.417 293.61082
959.31 5018.125 455.771 2090.917 279.01817
960.41 4889.625 130.271 1642.917 314.63771
961.52 4715.125 10.271 1452.917 326.12677
962.62 5014.625 493.771 1946.917 311.10809
963.72 4724.125 -50.729 1492.417 309.4234
964.83 4814.125 -70.729 1396.917 332.83604
965.93 5278.125 341.771 1883.917 320.09647
967.03 5215.125 714.271 2232.917 296.37285
968.13 5194.125 466.771 1975.417 313.35083
969.24 4825.125 175.771 1604.417 325.43785
970.34 4860.125 206.771 1605.917 332.58537
971.44 4915.625 265.771 1650.417 335.81543
972.54 4861.625 346.771 1881.917 294.09938
973.64 4537.125 142.271 1643.917 292.66916
974.75 5058.625 1069.771 2472.917 284.27936
975.85 6138.125 3162.271 4867.417 174.52199
976.95 4318.625 189.771 1479.917 320.03004
978.05 4858.125 525.771 1934.917 307.44541
979.15 5072.125 896.271 2298.917 297.71264
980.25 4473.625 99.771 1282.917 369.68007
981.35 4317.125 179.271 1406.417 337.19336
982.45 4865.625 891.771 2297.417 282.70663
983.55 4552.625 462.771 1760.417 315.17493
984.65 4427.125 418.271 1628.917 331.13353
985.75 4324.625 675.271 1828.917 316.33229
986.85 4176.625 372.271 1638.417 300.46731
987.95 4082.625 185.271 1345.917 335.79187
989.05 4272.125 783.271 2071.417 270.84308
990.15 3895.625 628.271 1710.417 301.9329
991.25 3892.125 443.271 1513.917 322.1284
992.34 4139.125 835.771 1982.917 287.96289
993.44 3898.125 478.271 1473.917 343.48101
994.54 3780.125 386.771 1334.417 358.08255
995.64 3716.625 731.271 1754.417 291.78189
996.74 3810.625 789.271 1829.917 290.33454
997.83 3306.125 73.771 1008.417 345.83732
998.93 3333.125 315.271 1299.917 306.49135
1000.03 3866.625 1230.771 2285.917 249.80945
1001.12 3631.625 704.771 1735.417 283.98254
1002.22 3539.625 729.271 1828.417 255.68529
1003.32 3179.125 272.271 1190.917 316.42818
1004.41 3125.125 467.271 1408.417 282.40621
1005.51 2854.125 402.771 1217.917 300.72586
1006.6 2773.625 188.771 987.917 323.45211
1007.7 2949.125 624.271 1470.917 274.59584
1008.8 2675.125 103.271 755.917 394.06581
1009.89 2842.125 577.771 1331.917 300.25416
1010.99 2892.125 384.771 1149.417 327.91055
1012.08 2769.625 47.271 826.417 349.40238
1013.18 2950.625 394.271 1240.917 301.93904
1014.27 3165.125 202.271 1009.417 367.07791
1015.36 3223.625 334.271 1124.417 365.67355
1016.46 3044.125 402.771 1194.917 333.44294
1017.55 2925.625 148.271 862.917 388.63363
1018.65 2969.125 496.771 1208.917 347.16967
1019.74 3025.625 586.771 1441.917 285.19747
1020.83 2804.625 505.271 1239.417 313.2013
1021.93 2701.125 280.271 1081.417 302.17399
1023.02 2317.625 38.271 740.917 324.39587
1024.11 2350.125 63.771 754.417 331.04581
1025.2 2370.625 88.271 722.417 359.90997
1026.3 2474.625 454.271 1131.917 298.1431
1027.39 2469.625 597.771 1268.417 279.11219
1028.48 2372.625 486.771 1072.417 322.01276
1029.57 2173.625 312.771 901.917 315.85628
1030.66 2104.625 451.771 1035.417 283.19474
1031.75 2733.125 1483.271 2155.917 185.81161
1032.84 2208.125 652.771 1237.417 266.03358
1033.94 1872.625 161.271 678.417 330.92292
1035.03 2144.125 773.771 1262.917 280.15249
1036.12 1619.625 90.271 614.917 291.50219
1037.21 1811.625 66.771 609.417 321.54566
1038.3 1936.125 522.771 1049.417 268.36902
1039.39 1574.125 153.271 549.417 358.66945
1040.48 1725.625 455.771 904.417 283.04155
1041.57 1838.625 616.271 1021.917 301.33529
1042.66 1700.625 441.771 862.917 298.91169
1043.74 1702.625 508.271 928.417 284.27133
1044.83 1588.125 543.271 974.917 242.06282
1045.92 1371.125 45.771 481.917 303.87868
1047.01 1583.125 617.771 1054.417 221.08404
1048.1 1174.625 96.771 402.417 352.6481
1049.19 1493.625 502.271 822.417 309.65704
1050.27 1345.125 342.271 705.417 276.15741
1051.36 1259.625 305.271 681.417 253.71918
1052.45 1340.125 469.771 875.417 214.56011
1053.54 1286.125 466.771 758.417 280.94148
1054.62 1263.125 525.271 900.417 196.68461
1055.71 1244.625 467.771 822.917 218.74229
1056.8 1337.625 688.271 1055.917 176.62494
1057.88 1096.125 328.771 652.417 237.09687
1058.97 1232.125 458.771 804.417 223.74178
1060.06 1357.625 834.771 1296.917 113.13619
1061.14 1054.125 367.771 664.417 231.37157
1062.23 1735.125 1608.271 2089.917 26.33763
1063.31 1117.625 547.271 887.917 167.43317
1064.4 909.125 279.271 610.417 190.20446
1065.48 1045.625 526.771 738.917 244.57425
1066.57 960.625 362.771 691.917 181.63807
1067.65 1096.125 543.771 885.417 161.67448
1068.74 891.625 357.271 635.417 192.11294
1069.82 962.625 544.271 856.417 134.02522
1070.9 1876.625 2151.771 2635.417 -56.88991
1071.99 955.625 561.771 908.917 113.45495
1073.07 873.625 491.771 826.917 113.93671
1074.15 995.125 576.771 914.417 123.90324
1075.24 851.125 526.771 764.417 136.48635
1076.32 927.625 625.771 880.417 118.53881
1077.4 1134.125 963.771 1324.417 47.23587
1078.49 694.625 218.271 494.417 172.50095
1079.57 934.625 655.271 905.917 111.45373
1080.65 1048.625 866.771 1207.917 53.30688
1081.73 766.125 382.771 651.417 142.69871
1082.81 671.625 238.271 479.917 179.33443
1083.89 807.125 548.771 799.417 103.07538
1084.98 749.125 533.271 847.417 68.71145
1086.06 622.125 267.771 470.917 174.4334
1087.14 653.125 283.771 487.417 181.37086
1088.22 706.125 524.771 765.417 75.36144
1089.3 529.625 261.771 458.417 136.21147
1090.38 1056.125 1101.771 1433.417 -13.76344
1091.46 788.125 598.771 838.417 79.01417
1092.54 553.125 405.771 657.917 58.44005
1093.62 678.125 412.771 674.917 101.22387
1094.7 527.625 186.271 429.417 140.39072
1095.78 651.125 490.771 699.917 76.67097
1096.86 691.125 545.771 843.917 48.75271
1097.93 1035.625 1146.271 1458.417 -35.44686
1099.01 768.625 802.271 1099.917 -11.30398
1100.09 516.125 334.271 492.917 114.62903
