196.55 730.378 586.267 768.672 79.00598
197.76 1053.253 838.596 1083.103 87.7918
198.96 996.548 775.589 917.878 155.28888
200.16 602.281 485.634 622.73 85.08442
201.36 1107.998 902.884 1116.794 95.88759
202.56 808.293 615.969 767.31 127.07951
203.76 678.445 536.085 714.765 79.67302
204.96 729.097 614.201 695.22 141.81392
206.16 610.09 415.738 536.809 160.52794
207.36 911.706 705.169 870.243 125.11744
208.56 755.596 602.609 809.479 73.95326
209.76 530.014 448.68 525.581 105.7645
210.96 661.404 557.12 679.816 84.99352
212.16 1437.858 1182.785 1383.698 126.95681
213.36 795.432 679.658 846.943 69.2075
214.56 708.187 582.779 664.01 154.38289
215.76 1309.945 1010.085 1226.765 138.38832
216.96 1065.691 877.557 1040.939 115.14991
218.16 782.506 633.532 752.688 125.02443
219.35 551.316 465.728 574.508 78.6798
220.55 737.022 625.736 743.234 94.71318
221.75 651.317 519.32 607.75 149.26827
222.95 1018.576 846.719 1039.245 89.26426
224.15 767.166 662.796 801.036 75.49919
225.35 654.118 461.776 658.435 97.8047
226.55 585.248 534.725 602.933 74.07106
227.75 958.076 804.719 946.745 107.97801
228.94 859.514 668.68 844.581 108.4894
230.14 754.124 624.647 759.105 96.29517
231.34 615.301 542.117 650.704 67.39715
232.54 638.507 452.624 617.429 112.78952
233.74 637.26 460.06 587.014 139.57771
234.93 620.912 486.768 643.21 85.74708
236.13 740.747 553.133 714.692 116.12705
237.33 714.66 537.333 727.125 93.43211
238.53 666.727 523.243 648.459 114.58951
239.72 992.459 812.104 953.328 127.708
240.92 556.74 415.67 456.781 343.14358
242.12 896.008 701.717 907.67 94.33733
243.31 593.795 447.153 559.793 130.18664
244.51 552.527 404.107 535.403 113.04207
245.71 892.974 722.715 908.133 91.82427
246.9 1156.027 958.107 1144.403 106.23938
248.1 732.082 558.59 692.415 129.64069
249.3 734.383 571.046 744.601 94.11245
250.49 713.211 532.039 653.413 149.2679
251.69 768.555 612.644 764.53 102.65008
252.89 720.67 575.983 714.223 104.66317
254.08 448.514 364.18 459.581 88.39947
255.28 750.739 574.077 721.54 119.80139
256.47 470.137 347.166 497.668 81.70736
257.67 804.351 592.822 790.787 106.85183
258.86 794.899 702.25 845.147 64.83619
260.06 698.177 551.538 667.876 126.04627
261.26 1008.473 826.623 1029.892 89.46274
262.45 747.144 561.629 682.079 154.01788
263.65 432.204 367.984 447.761 80.49958
264.84 780.336 618.618 767.741 108.44551
266.04 564.67 459.983 600.223 74.64819
267.23 436.738 346.485 405.298 153.45694
268.42 557.349 395.637 552.305 103.2201
269.62 702.898 542.157 741.905 80.47152
270.81 720.323 504.691 657.419 141.18644
272.01 689.075 547.127 622.504 188.31718
273.2 828.505 633.94 864.447 84.40758
274.4 472.088 379.553 487.326 85.86112
275.59 805.397 595.565 724.664 162.53509
276.78 688.651 497.185 666.732 112.92848
277.98 604.061 463.015 597.2 105.113
279.17 664.48 474.179 571.044 196.46007
280.37 583.025 466.922 617.921 76.89022
281.56 406.705 309.576 429.502 80.99066
282.75 509.961 316.289 448.811 146.14315
283.95 552.478 454.494 605.061 65.07665
285.14 638.047 518.996 602.636 142.33646
286.33 528.766 383.523 523.925 103.448
287.52 695.642 513.945 703.597 95.80557
288.72 805.683 601.409 856.045 80.22172
289.91 1010.794 789.561 1028.552 92.56976
291.1 696.767 538.115 705.666 94.68868
292.29 635.226 519.651 668.218 77.79362
293.49 769.492 516.513 690.125 145.71547
294.68 544.52 441.051 519.751 131.47214
295.87 566.021 429.143 523.992 144.31073
297.06 688.362 530.063 727.127 80.32904
298.26 352.41 294.491 346.486 111.39222
299.45 589.295 467.153 589.793 99.59399
300.64 572.522 470.236 631.234 63.53254
301.83 677.801 514.617 641.704 128.4037
303.02 519.762 414.244 544.497 81.00992
304.21 767.632 601.795 766.999 100.38342
305.4 626.987 452.734 600.196 118.16835
306.59 688.637 497.166 690.168 99.20681
307.79 607.041 459.625 604.467 101.77744
308.98 470.124 329.147 444.105 122.63306
310.17 690.39 552.918 667.976 119.4811
311.36 628.257 470.283 632.29 97.51033
312.55 1061.339 855.304 1025.429 121.10837
313.74 409.657 298.556 469.901 64.84034
314.93 732.596 608.609 716.479 114.94144
316.12 579.178 420.131 576.617 101.63678
317.31 350.314 263.043 334.526 122.08713
318.5 440.157 321.056 486.901 71.81444
319.69 635.574 465.034 587.263 139.52551
320.88 578.22 418.188 511.807 170.93973
322.07 464.3 376.524 459.963 105.19881
323.26 461.35 368.729 476.546 85.90623
324.45 328.205 297.576 321.002 130.74721
325.64 544.095 455.017 554.237 89.77787
326.83 745.267 527.115 696.666 128.66445
328.01 526.911 403.084 601.227 62.49344
329.2 661.041 568.125 669.967 91.23583
330.39 536.862 416.564 536.127 100.61539
331.58 470.637 296.074 431.427 128.96816
332.77 853.315 654.136 888.267 85.0717
333.96 353.78 243.042 306.988 173.17343
335.15 422.685 291.594 411.528 109.30242
336.33 423.637 325.574 388.427 156.01826
337.52 468.205 405.076 558.502 41.14613
338.71 538.548 362.589 522.378 110.11955
339.9 417.011 335.903 472.358 59.43992
341.08 552.115 366.999 490.712 149.63407
342.27 652.287 489.598 665.641 92.41487
343.46 746.754 572.689 748.844 98.8135
344.65 678.754 522.689 681.844 98.05845
345.83 745.028 574.199 755.645 94.14897
347.02 373.097 298.201 375.22 97.24349
348.21 741.349 554.637 732.305 105.09089
349.4 383.924 287.603 429.791 67.74253
350.58 504.108 372.443 487.059 114.87445
351.77 448.26 342.56 433.514 116.21217
352.96 250.384 205.638 319.842 39.1804
354.14 498.308 329.58 482.615 110.2545
355.33 400.795 290.153 381.293 121.39802
356.51 302.622 205.462 326.123 80.52307
357.7 508.093 397.832 536.755 79.36848
358.89 420.821 309.007 382.437 152.27258
360.07 645.19 528.465 643.698 101.2952
361.26 710.276 573.173 742.023 81.19811
362.44 502.796 382.063 471.256 135.36028
363.63 380.966 234.476 382.203 99.16268
364.81 447.485 279.366 415.436 123.55375
366.0 250.273 151.896 247.3 103.11698
367.18 1001.905 758.53 954.78 124.01262
368.37 408.859 267.694 382.162 123.32269
369.55 586.448 419.271 527.452 154.53464
370.74 613.017 510.274 603.027 110.76993
371.92 780.187 596.188 773.974 103.49486
373.11 389.721 305.097 400.27 88.91539
374.29 306.74 248.487 335.003 67.33201
375.48 394.797 306.155 391.998 103.26059
376.66 320.106 223.259 324.577 95.58719
377.84 675.359 524.694 715.662 78.89533
379.03 367.811 210.766 320.302 143.37327
380.21 263.248 159.635 311.897 68.0496
381.39 241.023 110.145 206.697 135.55091
382.58 577.277 419.765 573.765 102.2809
383.76 813.073 641.35 787.281 117.67416
384.94 835.408 637.807 793.004 127.32263
386.13 344.358 252.602 311.92 154.68293
387.31 437.756 303.19 493.049 70.87667
388.49 314.783 241.136 387.434 50.3401
389.68 467.352 377.231 506.251 69.85076
390.86 497.989 294.236 464.901 119.38785
392.04 683.819 540.822 663.954 116.13256
393.22 389.989 278.736 385.401 104.30158
394.41 351.42 240.641 380.585 79.15959
395.59 209.455 111.735 179.363 144.49523
396.77 390.148 281.316 426.767 74.82378
397.95 437.051 355.275 451.565 84.92702
399.13 549.545 422.812 560.654 91.94065
400.31 402.57 238.073 311.057 225.38735
401.5 541.413 356.678 513.674 117.66905
402.68 525.023 423.645 573.197 67.78744
403.86 316.284 248.728 308.676 112.69119
405.04 595.367 466.342 630.555 78.57161
406.22 277.208 192.17 315.448 68.98029
407.4 529.799 354.432 523.721 103.59034
408.58 633.379 449.676 646.136 93.50658
409.76 632.434 484.16 667.148 81.02925
410.94 439.489 325.236 443.901 96.28221
412.12 366.203 297.891 361.02 108.21092
413.3 322.723 220.781 341.253 84.61857
414.48 308.894 150.288 324.441 91.07298
415.66 342.004 260.347 334.205 110.55894
416.84 838.791 616.784 824.328 106.96874
418.02 454.633 323.204 470.462 89.25056
419.2 332.154 257.279 304.678 157.96851
420.38 450.523 332.237 430.938 119.84267
421.56 344.196 239.836 357.367 88.79302
422.74 740.81 539.174 733.561 103.72945
423.92 547.763 429.246 567.701 85.5997
425.1 416.894 253.788 404.941 107.90812
426.28 334.628 236.926 270.534 290.71224
427.46 880.594 661.424 846.996 118.10504
428.63 463.326 311.878 450.107 109.56354
429.81 466.82 384.414 476.696 89.29814
430.99 560.073 416.35 533.781 122.3894
432.17 744.689 590.372 790.956 76.93374
433.35 596.881 472.361 611.118 89.73925
434.52 164.848 122.452 168.322 92.42516
435.7 317.032 223.885 352.832 72.23653
436.88 577.825 413.785 534.865 135.48052
438.06 414.971 274.938 434.909 87.53624
439.23 343.928 208.289 372.478 82.61154
440.41 477.896 348.972 466.423 109.76818
441.59 616.386 431.232 583.788 121.36795
442.77 248.41 160.991 235.986 116.56565
443.94 623.339 415.804 584.929 122.71142
445.12 552.052 412.867 556.806 96.69719
446.3 757.962 503.29 725.016 114.85924
447.47 499.956 362.327 496.105 102.8789
448.65 538.736 381.8 540.316 99.00351
449.82 366.236 286.8 376.816 88.24698
451.0 417.887 266.824 398.029 115.13499
452.18 339.949 230.364 326.694 113.76089
453.35 421.373 286.805 430.466 93.67069
454.53 441.361 304.879 406.144 134.77628
455.7 255.627 159.333 306.792 65.30214
456.88 668.546 459.904 666.395 101.04146
458.05 455.867 316.342 440.555 112.32704
459.23 279.073 215.85 295.781 79.09699
460.4 463.373 315.805 455.966 105.28483
461.58 531.011 320.403 473.858 137.24471
462.75 236.052 157.367 254.306 81.16954
463.93 404.216 275.318 407.842 97.26413
465.1 374.948 272.271 397.952 81.69665
466.28 212.656 127.964 231.16 82.06898
467.45 174.373 68.305 195.466 83.41253
468.63 391.23 253.337 400.905 93.44369
469.8 642.607 477.851 619.318 116.46231
470.97 340.333 172.341 320.518 113.3726
472.15 483.375 350.49 500.949 88.32017
473.32 539.656 355.464 551.66 93.88154
474.49 662.162 461.927 634.571 115.98156
475.67 427.382 232.453 429.36 98.99554
476.84 227.45 138.456 282.935 61.59685
478.01 499.689 294.372 542.956 82.59454
479.19 371.889 255.009 387.012 88.54367
480.36 306.868 204.934 275.796 143.84792
481.53 432.169 306.89 454.982 84.59521
482.7 409.43 233.974 416.461 96.14738
483.88 261.835 155.526 287.5 80.5527
485.05 378.046 215.404 362.895 110.27213
486.22 443.102 293.072 445.89 98.17608
487.39 283.952 123.141 307.917 87.03027
488.56 413.963 275.383 438.757 84.8241
489.74 671.115 409.499 662.712 103.3188
490.91 284.636 154.981 309.686 83.80766
492.08 377.463 227.383 382.757 96.59305
493.25 273.252 145.004 332.362 68.45098
494.42 424.869 222.027 447.038 90.14768
495.59 402.198 215.02 443.35 81.97677
496.76 439.298 226.84 479.48 84.09534
497.93 522.457 327.919 534.346 94.24058
499.1 525.129 291.518 534.775 96.03475
500.27 744.006 557.532 800.688 76.68909
501.44 846.005 570.94 809.947 115.08672
502.61 433.999 259.976 434.036 99.97868
503.78 550.842 329.581 568.652 92.55021
504.95 909.423 635.418 860.808 121.56895
506.12 594.979 361.586 568.303 112.90489
507.29 341.478 153.494 359.561 91.22461
508.46 190.773 29.986 158.336 125.27201
509.63 882.773 622.486 893.836 95.9228
510.8 851.259 614.467 863.773 94.98044
511.97 463.176 271.946 532.134 73.49687
513.14 304.801 133.617 307.704 98.33273
514.31 644.561 405.015 637.2 103.17026
515.48 487.63 304.61 515.516 86.77797
516.65 417.519 216.958 422.51 97.57188
517.81 373.143 145.037 393.338 91.86668
518.98 565.765 358.431 572.684 96.77084
520.15 292.795 114.153 338.793 79.52365
521.32 528.69 265.465 611.698 76.02553
522.49 1083.062 715.108 1119.441 91.00262
523.65 867.657 595.056 929.401 81.53272
524.82 548.382 315.453 562.36 94.33878
525.99 231.199 35.613 231.091 100.05494
527.16 594.96 344.196 596.07 99.55936
528.32 618.444 424.493 635.524 91.90646
529.49 427.327 215.97 486.848 78.02677
530.66 249.09 -2.262 298.809 83.48611
531.82 326.251 98.412 372.621 83.0898
532.99 408.335 188.026 454.5 82.67546
534.16 473.663 221.519 539.312 79.34222
535.32 781.068 465.071 756.852 108.29938
536.49 434.137 83.074 428.427 101.65321
537.65 856.745 546.948 890.71 90.11967
538.82 397.246 135.041 489.451 73.98353
539.99 658.821 302.507 686.437 92.80699
541.15 747.6 422.388 805.407 84.90763
542.32 382.322 103.599 359.678 108.84243
543.48 793.035 405.162 810.556 95.67803
544.65 959.302 595.209 1005.945 88.6441
545.81 1263.506 770.032 1313.688 90.76955
546.98 604.055 297.644 734.03 70.21557
548.14 831.006 409.532 897.688 86.34005
549.31 568.794 142.061 624.552 88.44379
550.47 620.979 224.086 710.803 81.545
551.63 965.643 516.537 1050.838 84.05485
552.8 642.985 193.957 671.472 94.03417
553.96 643.088 178.053 737.826 83.07565
555.13 660.048 207.589 728.878 86.79617
556.29 1031.349 414.637 1054.805 96.33609
557.45 592.286 134.913 648.158 89.11386
558.62 769.719 271.095 898.065 79.52909
559.78 963.055 424.144 1025.53 89.61151
560.94 699.856 227.6 796.716 82.98066
562.11 748.884 170.138 768.842 96.66638
563.27 592.287 5.598 664.641 89.02149
564.43 533.534 5.07 618.814 86.10486
565.59 638.316 105.728 771.008 80.0547
566.76 741.882 136.453 852.36 84.56811
567.92 912.419 252.732 937.621 96.32028
569.08 1045.938 382.622 1151.354 86.28708
570.24 851.902 126.436 879.334 96.35651
571.4 763.225 120.558 837.976 89.58055
572.57 860.35 183.729 940.046 89.46269
573.73 641.267 1.615 743.666 86.20052
574.89 907.946 171.177 1013.506 87.46802
576.05 964.704 283.484 1140.261 79.50962
577.21 740.252 69.004 899.362 80.83844
578.37 698.082 -36.91 854.915 82.41434
579.53 903.932 103.158 1022.943 87.06098
580.69 1126.87 316.119 1329.279 80.022
581.85 982.239 173.577 1103.54 86.95641
583.01 927.362 206.064 1086.627 81.91336
584.17 1158.383 219.546 1238.601 92.12818
585.33 1192.199 266.613 1331.091 86.95205
586.49 1037.732 139.522 1183.887 86.00533
587.65 1197.369 256.027 1349.538 86.08438
588.81 1165.233 277.614 1332.129 84.1732
589.97 1426.376 497.582 1637.69 81.46547
591.13 1159.868 158.434 1333.797 85.20213
592.29 1139.747 150.133 1279.192 87.64942
593.45 1054.952 90.641 1234.417 84.30943
594.61 990.676 52.946 1253.134 78.13193
595.77 1024.65 49.093 1193.49 85.24639
596.93 979.053 7.96 1203.547 81.2231
598.09 1136.629 163.018 1366.275 80.91466
599.24 1040.678 64.131 1247.117 82.54936
600.4 1195.732 178.522 1366.887 85.5974
601.56 1170.465 60.067 1342.739 86.56912
602.72 1317.658 164.648 1479.643 87.68172
603.87 1374.509 199.309 1563.412 86.15186
605.03 1181.158 26.648 1332.143 88.43467
606.19 1223.164 54.112 1338.054 91.05183
607.35 1092.747 -0.367 1253.192 87.20082
608.5 1443.116 304.091 1688.453 82.278
609.66 1691.5 476.661 1926.518 83.79029
610.82 1266.574 53.034 1414.763 89.11762
611.97 1223.849 38.637 1441.805 84.46692
613.13 1570.494 316.698 1730.607 88.67586
614.29 1469.459 237.104 1670.328 85.98477
615.44 1604.904 285.12 1761.817 89.37409
616.6 1307.898 35.657 1489.906 87.48441
617.76 1558.527 286.607 1777.903 85.28957
618.91 1564.576 306.219 1811.745 83.58255
620.07 1598.507 295.624 1807.929 86.15212
621.22 1218.178 2.131 1412.617 86.21478
622.38 1942.349 532.637 2100.805 89.89552
623.53 1324.225 -18.942 1490.976 88.95628
624.69 1379.863 38.156 1575.368 87.28188
625.84 1430.938 54.622 1616.354 88.12757
627.0 1636.82 263.914 1744.696 92.71494
628.15 1325.021 19.643 1494.492 88.50922
629.31 1548.375 168.49 1755.949 86.92417
630.46 1370.719 -25.405 1550.065 88.61632
631.61 1640.329 172.655 1791.33 90.67131
632.77 1556.512 155.495 1775.099 86.50371
633.92 1785.862 258.564 1891.127 93.55221
635.08 1927.416 418.455 2236.897 82.98098
636.23 1618.856 122.6 1934.716 82.56956
637.38 1461.924 -55.397 1630.291 90.01201
638.54 1906.198 323.02 2128.85 87.67036
639.69 2057.748 429.225 2313.433 86.43006
640.84 1803.08 264.572 2039.865 86.6622
641.99 1622.145 -6.926 1761.936 92.0971
643.15 2051.709 389.576 2296.007 87.1856
644.3 1627.774 62.079 1869.578 86.62219
645.45 1538.339 -55.919 1795.649 86.10312
646.6 2125.903 423.583 2353.719 88.19689
647.75 1768.968 65.586 2022.291 87.05362
648.91 1559.533 -108.412 1833.861 85.87589
650.06 1758.097 99.091 2060.932 84.56374
651.21 1948.162 196.093 2175.003 88.53707
652.36 1949.727 238.095 2187.074 87.82196
653.51 1836.792 40.598 2089.645 87.65995
654.66 1928.356 138.1 2177.716 87.77418
655.81 2152.421 283.603 2439.287 86.69258
656.96 1878.486 17.105 2087.858 89.88908
658.11 2027.55 104.107 2314.429 87.02096
659.27 2087.615 185.11 2427.5 84.84275
660.42 1968.18 3.112 2209.071 89.07999
661.57 2108.244 169.115 2405.141 86.72212
662.72 1847.809 -122.883 2153.712 86.56312
663.87 1872.874 -87.381 2257.783 83.5871
665.01 2223.438 116.622 2469.854 89.52863
666.16 2063.003 2.124 2247.425 91.78632
667.31 2143.568 -2.874 2398.496 89.38405
668.46 2558.133 373.629 2871.067 87.46979
669.61 2230.697 33.631 2552.638 87.21955
670.76 2215.262 -59.866 2539.709 87.51924
671.91 2688.327 346.136 3029.78 87.27652
673.06 2527.391 236.638 2886.851 86.43659
674.21 2267.456 -116.359 2562.421 88.98882
675.35 2566.521 63.643 2785.492 91.95504
676.5 2435.585 29.646 2840.063 85.60791
677.65 2351.65 -33.352 2701.634 87.20344
678.8 2379.215 -93.35 2671.205 89.43807
679.94 2556.78 -28.847 2871.276 89.15575
681.09 2782.344 174.655 3196.847 86.2847
682.24 2937.409 171.658 3240.918 90.11133
683.39 2687.974 -54.84 3017.489 89.27474
684.53 2986.038 183.662 3467.06 85.34989
685.68 2984.603 63.165 3365.131 88.47573
686.83 2995.668 148.167 3406.701 87.38593
687.97 3041.232 67.169 3425.272 88.56378
689.12 3062.797 76.672 3452.843 88.44709
690.27 3010.362 -16.326 3349.914 89.913
691.41 3326.427 242.177 3636.985 90.85196
692.56 3193.991 159.679 3636.056 87.28375
693.7 3276.056 138.181 3702.627 88.03261
694.85 3170.121 -22.316 3509.698 90.38573
695.99 3361.185 128.186 3828.769 87.3646
697.14 3421.75 107.689 3810.34 89.5051
698.28 3418.315 141.191 3891.911 87.3732
699.43 3515.879 164.693 3965.481 88.17082
700.57 3221.944 -98.304 3643.552 88.73264
701.72 3364.009 -56.802 3813.123 88.39475
702.86 3332.073 -110.799 3805.194 87.91824
704.01 3503.638 -23.797 3932.765 89.15405
705.15 3785.203 113.705 4117.336 91.7042
706.29 3651.768 19.208 4025.407 90.67347
707.44 3724.332 9.21 4220.978 88.20814
708.58 3485.397 -124.788 4027.549 86.94345
709.72 4102.961 310.215 4518.62 90.12314
710.87 3550.526 -151.283 3994.691 89.28685
712.01 3743.091 -67.78 4179.762 89.71945
713.15 3975.656 73.722 4450.833 89.14405
714.3 4096.72 133.724 4645.403 87.8386
715.44 3992.285 -40.273 4475.974 89.29002
716.58 4115.85 92.229 4627.545 88.71753
717.72 4068.915 -24.768 4609.116 88.34236
718.87 4116.479 74.734 4693.687 87.50349
720.01 4200.544 77.736 4801.758 87.27326
721.15 4027.109 -84.261 4566.829 88.39583
722.29 4375.673 118.741 4861.9 89.74889
723.43 4441.238 240.744 4999.471 88.26928
724.57 4439.803 140.746 4922.042 89.91406
725.72 4317.367 42.248 4885.612 88.26755
726.86 4725.932 287.251 5246.684 89.49978
728.0 4521.497 39.753 4999.254 90.36682
729.14 4343.062 -53.245 4936.825 88.10109
730.28 4746.626 170.758 5301.896 89.17842
731.42 4426.191 -6.74 5119.967 86.46741
732.56 4997.255 340.263 5451.038 91.12106
733.7 4679.82 96.765 5304.109 88.01138
734.84 4463.885 -145.733 4927.18 90.86728
735.98 4719.95 29.77 5307.751 88.86314
737.12 4710.514 -63.728 5248.322 89.8757
738.26 4802.579 -51.225 5414.393 88.80614
739.4 4814.144 40.277 5493.963 87.53467
740.53 5026.208 132.779 5550.534 90.32209
741.67 4942.273 61.782 5581.105 88.42553
742.81 4778.338 -131.216 5216.176 91.81211
743.95 5075.402 109.287 5740.247 88.19305
745.09 4855.967 -66.211 5498.818 88.44839
746.23 5162.532 150.791 5771.389 89.16739
747.36 5207.597 203.294 5704.96 90.95977
748.5 4946.161 -73.704 5494.531 90.15182
749.64 5018.226 -12.701 5550.102 90.43871
750.78 4977.291 -41.199 5446.672 91.44692
751.92 5017.355 -13.197 5628.244 89.17141
753.05 5115.42 -11.694 5773.314 88.6276
754.19 5334.485 216.808 5930.385 89.57045
755.33 4929.549 -135.19 5626.456 87.90438
756.46 5099.614 -5.187 5695.027 89.55455
757.6 5021.179 -45.185 5691.598 88.31367
758.74 5410.244 243.318 6091.669 88.34842
759.87 5142.808 98.32 5714.74 89.81679
761.01 5295.873 39.822 5755.311 91.96153
762.14 5189.938 78.825 5923.882 87.44333
763.28 5385.002 149.827 5920.953 90.71325
764.41 5293.567 62.83 5892.023 89.73346
765.55 4917.132 -105.168 5514.094 89.3765
766.69 5268.196 45.334 5813.666 90.54373
767.82 5195.761 97.837 5814.236 89.18069
768.95 5162.826 -42.161 5725.807 90.23952
770.09 5373.391 356.341 6072.878 87.76379
771.22 5485.955 286.344 6069.449 89.91037
772.36 5416.02 173.346 6028.02 89.54681
773.49 5409.084 210.849 5988.091 89.97781
774.63 5137.649 43.851 5704.162 89.9915
775.76 5133.714 12.853 5708.232 89.91255
776.89 5407.279 115.856 5840.304 92.43552
778.03 5220.343 116.358 5675.875 91.80628
779.16 5141.408 -11.639 5606.445 91.7225
780.29 5215.473 122.363 5777.016 90.06936
781.43 5307.538 245.865 5937.587 88.93042
782.56 5066.102 95.368 5750.158 87.90307
783.69 4983.167 -49.13 5524.229 90.29199
784.82 5012.731 40.873 5631.8 88.92727
785.96 4965.296 16.375 5589.871 88.79384
787.09 4989.361 62.877 5479.442 90.95218
788.22 5063.926 135.88 5491.513 92.01613
789.35 4947.49 -40.618 5369.083 92.20672
790.48 4967.055 14.385 5529.654 89.79925
791.62 5227.12 216.887 5595.226 93.15577
792.75 4809.185 -39.611 5261.796 91.46242
793.88 5261.749 314.392 5668.367 92.4053
795.01 4944.314 124.394 5487.938 89.86446
796.14 4995.378 159.896 5395.009 92.36634
797.27 4976.443 164.899 5540.08 89.51409
798.4 4875.008 58.901 5382.151 90.47305
799.53 4622.073 -58.096 5138.722 90.05836
800.66 4882.137 69.906 5267.293 92.58943
801.79 5461.702 675.408 5995.364 89.96868
802.92 4804.267 11.911 5265.935 91.21306
804.05 4850.332 132.913 5355.505 90.32714
805.18 4703.896 21.916 5233.076 89.84525
806.31 4780.961 31.918 5179.147 92.26406
807.44 4716.525 -105.58 5001.218 94.42522
808.57 4834.59 138.923 5353.789 90.04387
809.69 4827.155 107.425 5235.86 92.03061
810.82 4456.22 -145.572 4958.431 90.16044
811.95 5128.284 430.43 5642.002 90.14275
813.08 4623.349 9.432 5074.573 91.09159
814.21 5100.414 516.435 5621.144 89.79903
815.33 4585.979 84.937 5129.215 89.23064
816.46 4535.543 112.439 5007.786 90.35323
817.59 4863.108 356.442 5340.856 90.41515
818.72 4610.172 187.444 5154.927 89.03358
819.84 4865.737 365.947 5347.998 90.32004
820.97 4590.802 166.949 4990.569 91.71229
822.1 4649.367 249.951 5080.14 91.08164
823.22 4181.431 -14.046 4553.711 91.84983
824.35 4210.496 -6.544 4675.282 90.07256
825.48 4417.561 205.459 4782.853 92.01964
826.6 4235.625 111.961 4606.924 91.73968
827.73 4069.19 -102.537 4615.995 88.41155
828.85 4348.255 64.466 4770.065 91.03599
829.98 4485.319 298.968 4978.636 89.45829
831.11 4190.884 -16.529 4532.208 92.49631
832.23 4079.449 -21.027 4546.778 89.76906
833.36 4411.014 225.475 4701.849 93.50288
834.48 4195.578 48.978 4620.92 90.69669
835.6 4315.143 131.48 4593.491 93.76182
836.73 3962.208 -59.018 4406.562 90.04935
837.85 4195.772 221.485 4680.133 89.13661
838.98 3933.837 -116.513 4341.204 90.86154
840.1 4305.402 116.99 4599.775 93.43326
841.23 4257.966 112.492 4545.846 93.50651
842.35 4348.531 337.494 4817.417 89.53363
843.47 4040.096 37.997 4430.487 91.1123
844.6 3890.161 -79.001 4265.058 91.36988
845.72 3871.725 17.002 4269.629 90.64334
846.84 3923.29 27.004 4295.2 91.28648
847.96 3982.855 -36.494 4381.771 90.9712
849.09 4022.919 -36.991 4283.842 93.96129
850.21 3957.484 41.011 4277.913 92.43719
851.33 4107.549 170.514 4506.484 90.79941
852.45 3900.114 -52.484 4312.055 90.56163
853.57 3929.178 88.518 4352.625 90.0695
854.7 3863.243 5.521 4229.196 91.33567
855.82 3992.308 -46.477 4275.768 93.44183
856.94 4155.872 142.025 4498.338 92.13862
858.06 3768.437 -123.972 4099.909 92.15243
859.18 4068.502 147.03 4463.48 90.84946
860.3 3988.566 46.033 4347.551 91.65446
861.42 3781.131 -131.965 4107.622 92.29899
862.54 3675.196 -92.963 4028.193 91.43451
863.66 3719.76 -68.46 4109.764 90.66581
864.78 3946.325 18.542 4205.335 93.81365
865.9 3901.39 78.545 4268.906 91.22949
867.02 4550.955 555.547 4889.477 92.18903
868.14 4253.019 360.549 4533.047 93.28871
869.26 4063.584 167.052 4349.618 93.16128
870.38 3633.649 -138.946 3931.689 92.67828
871.5 3604.713 -134.443 3907.26 92.51437
872.62 3715.278 -48.941 4013.331 92.6629
873.74 4057.843 266.561 4303.902 93.90542
874.85 3669.875 -40.438 3988.438 92.09302
875.97 3702.375 84.563 4042.438 91.40795
877.09 3763.875 149.063 4215.938 88.88428
878.21 3814.375 47.063 4143.438 91.96698
879.33 3830.375 90.563 4103.438 93.19534
880.44 3646.875 31.563 4055.438 89.84654
881.56 3700.375 36.063 4105.438 90.04608
882.68 3699.875 61.063 4051.438 91.18974
883.79 4015.875 377.063 4368.438 91.16689
884.91 3499.375 -103.438 3833.938 91.5029
886.03 3790.375 156.563 4111.438 91.88185
887.14 3895.375 261.563 4299.438 89.99319
888.26 3949.875 286.063 4332.938 90.53436
889.38 3908.875 232.063 4343.438 89.43024
890.49 3609.875 -108.938 3932.438 92.0185
891.61 3896.875 107.563 4254.438 91.37754
892.72 3756.375 -82.438 4046.438 92.97478
893.84 3779.875 -102.938 4078.438 92.85971
894.95 3790.375 -93.938 4244.938 89.52349
896.07 3992.375 -7.438 4271.938 93.46721
897.18 4064.375 104.563 4426.438 91.62256
898.3 3937.875 -94.938 4268.938 92.41357
899.41 4330.875 211.563 4609.938 93.65533
900.53 4152.875 83.063 4485.938 92.43534
901.64 4255.875 127.063 4506.938 94.26782
902.75 4035.375 53.063 4401.938 91.5711
903.87 3933.875 -8.438 4224.938 93.12458
904.98 3998.875 127.063 4443.438 89.70056
906.09 3985.875 53.563 4303.938 92.51684
907.21 3973.375 164.063 4383.938 90.27074
908.32 3878.875 5.063 4242.938 91.40931
909.43 4074.875 256.063 4502.438 89.93112
910.54 3857.375 69.063 4235.938 90.91495
911.66 4365.375 509.063 4660.938 92.88123
912.77 3662.375 -51.938 3945.938 92.90717
913.88 3832.375 108.063 4083.938 93.67278
914.99 3641.375 -28.938 4013.938 90.78471
916.1 3776.875 97.063 4052.438 93.03321
917.22 3536.375 -58.938 3750.938 94.36825
918.33 3933.875 284.563 4103.938 95.54737
919.44 3639.375 47.063 3874.438 93.85839
920.55 3911.875 246.563 4168.438 93.45817
921.66 3707.375 151.063 3955.938 93.46726
922.77 3650.375 166.563 3962.938 91.76682
923.88 3706.375 250.563 4038.938 91.2215
924.99 3489.375 129.063 3725.438 93.4361
926.1 3205.875 -77.438 3510.938 91.49859
927.21 3597.375 260.063 3858.938 92.7321
928.32 3116.875 -137.938 3311.938 94.34581
929.43 3238.875 34.563 3589.438 90.13854
930.54 3205.375 -29.938 3392.938 94.52032
931.65 3225.375 35.063 3401.938 94.75589
932.76 3193.875 108.563 3444.438 92.48885
933.86 3068.875 35.063 3344.438 91.67328
934.97 2876.875 -36.438 3040.938 94.66875
936.08 2797.375 -2.438 2952.938 94.73629
937.19 2935.375 203.563 3193.438 91.36879
938.3 2572.875 157.563 2714.938 94.44499
939.4 2553.875 294.563 2731.938 92.6945
940.51 2114.375 38.563 2317.438 91.08935
941.62 2165.875 164.563 2285.938 94.34035
942.73 2532.375 519.063 2622.938 95.69544
943.83 1953.375 105.563 2128.938 91.32328
944.94 1912.375 124.063 2027.438 93.95482
946.05 1672.375 -146.938 1878.938 89.80379
947.15 1752.875 -137.938 1936.438 91.15095
948.26 1880.375 13.563 2071.438 90.71554
949.36 1868.875 -55.438 1995.438 93.82885
950.47 2064.375 109.563 2192.938 93.82912
951.57 2434.875 359.063 2558.938 94.36048
952.68 2210.375 194.563 2415.438 90.76659
953.79 2352.875 187.563 2443.438 95.98548
954.89 2156.875 -16.438 2318.938 93.06054
955.99 2346.375 133.563 2524.938 92.53306
957.1 2252.875 -18.438 2454.938 91.83049
958.2 2354.375 70.563 2571.438 91.32054
959.31 2443.375 172.063 2661.938 91.22195
960.41 2298.375 -27.438 2440.438 94.24353
961.52 2286.375 -76.938 2472.938 92.68346
962.62 2629.875 185.563 2692.938 97.48492
963.72 2237.375 -117.438 2377.938 94.36708
964.83 2183.875 -115.438 2374.938 92.32796
965.93 2504.875 76.563 2607.938 95.9286
967.03 2742.375 219.063 2881.938 94.75895
968.13 2540.875 136.563 2713.438 93.30342
969.24 2360.375 -18.938 2504.438 94.29088
970.34 2322.875 51.563 2536.938 91.38711
971.44 2416.375 18.063 2592.438 93.16096
972.54 2441.875 110.063 2656.938 91.55583
973.64 2316.375 -24.938 2477.438 93.56361
974.75 2811.375 451.063 3000.438 92.58397
975.85 4093.375 1539.063 4300.438 92.50147
976.95 2272.375 3.563 2528.938 89.84062
978.05 2429.375 183.563 2569.438 94.12951
979.15 2771.875 427.063 2878.938 95.63344
980.25 2171.875 -7.438 2350.438 92.42697
981.35 2223.875 -10.438 2406.438 92.44634
982.45 2654.375 374.563 2774.438 94.99714
983.55 2319.875 149.063 2521.938 91.48449
984.65 2304.375 78.563 2469.438 93.09615
985.75 2411.875 236.063 2608.438 91.71453
986.85 2324.375 126.063 2497.938 92.68248
987.95 2081.875 23.563 2266.438 91.77116
989.05 2473.375 312.063 2594.938 94.67503
990.15 2320.875 248.563 2461.938 93.62681
991.25 2154.875 91.063 2310.938 92.96976
992.34 2342.875 287.563 2447.438 95.15886
993.44 2075.375 147.063 2243.438 91.98319
994.54 1976.375 95.063 2223.938 88.37121
995.64 2199.375 305.063 2345.938 92.81864
996.74 2274.375 308.563 2384.438 94.69802
997.83 1792.375 -80.938 1920.438 93.60127
998.93 1919.875 77.563 2004.938 95.58661
1000.03 2479.375 527.563 2610.438 93.70762
1001.12 2155.875 282.063 2239.438 95.73089
1002.22 2165.875 328.063 2223.938 96.93743
1003.32 1742.375 41.563 1932.438 89.94844
1004.41 1832.375 136.563 1924.438 94.85073
1005.51 1760.375 85.563 1864.938 94.12364
1006.6 1523.375 10.063 1708.438 89.10355
1007.7 1821.875 225.063 1904.438 95.08374
1008.8 1381.375 -97.438 1492.938 92.98515
1009.89 1684.375 191.063 1778.938 94.04471
1010.99 1639.375 109.563 1696.938 96.37373
1012.08 1439.375 -33.438 1549.938 93.01729
1013.18 1685.375 111.563 1763.438 95.27431
1014.27 1668.375 8.063 1728.938 96.48071
1015.36 1782.875 59.063 1891.438 94.07531
1016.46 1803.375 116.063 1908.438 94.13836
1017.55 1605.375 -50.938 1682.438 95.55419
1018.65 1723.375 148.563 1865.938 91.69881
1019.74 1841.375 211.063 1936.438 94.49033
1020.83 1684.875 140.063 1793.938 93.40564
1021.93 1575.875 17.563 1672.438 94.16497
1023.02 1354.375 -57.938 1413.938 95.95329
1024.11 1318.875 -71.438 1369.938 96.45738
1025.2 1314.375 -82.438 1358.938 96.90833
1026.3 1501.875 171.063 1589.938 93.7935
1027.39 1489.875 221.563 1548.938 95.55043
1028.48 1438.375 125.063 1476.938 97.14748
1029.57 1264.375 83.063 1371.938 91.65454
1030.66 1288.875 102.063 1392.938 91.93861
1031.75 1887.375 644.063 1955.938 94.7737
1032.84 1337.875 206.563 1384.938 96.00615
1033.94 1079.875 -43.438 1152.438 93.93227
1035.03 1394.375 236.063 1373.438 101.84086
1036.12 965.875 -42.438 1011.938 95.6313
1037.21 956.875 -0.938 1071.438 89.31694
1038.3 1126.875 165.063 1202.938 92.67132
1039.39 919.375 -62.938 904.438 101.54413
1040.48 1100.875 156.063 1170.938 93.09644
1041.57 1075.875 225.563 1090.438 98.31623
1042.66 1009.375 117.063 1066.438 93.98947
1043.74 1051.875 147.563 1071.938 97.82961
1044.83 1014.375 167.563 1077.438 93.0691
1045.92 761.375 -81.438 749.438 101.43674
1047.01 1036.875 201.563 1081.438 94.93536
1048.1 665.875 -87.938 732.938 91.83036
1049.19 894.375 121.563 903.438 98.84093
1050.27 769.375 40.563 814.938 94.11622
1051.36 718.875 8.563 735.938 97.65424
1052.45 884.875 162.063 884.938 99.99135
1053.54 799.375 77.563 832.938 95.55684
1054.62 804.875 133.063 828.938 96.54212
1055.71 767.875 132.563 791.938 96.35071
1056.8 867.375 246.063 929.938 90.85176
1057.88 658.875 49.063 714.438 91.64945
1058.97 744.875 130.563 719.438 104.31968
1060.06 937.875 346.563 983.938 92.77309
1061.14 636.875 34.063 686.938 92.33199
1062.23 1391.375 723.563 1420.438 95.8296
1063.31 667.375 143.063 792.438 80.7411
1064.4 561.875 34.563 568.438 98.77078
1065.48 618.875 148.063 701.438 85.08019
1066.57 547.875 59.563 588.938 92.24321
1067.65 658.875 149.063 701.938 92.21117
1068.74 489.375 51.563 611.938 78.12849
1069.82 580.875 171.063 638.938 87.59017
1070.9 1636.875 1019.563 1619.438 102.90686
1071.99 596.375 183.063 594.438 100.47098
1073.07 554.875 180.563 577.938 94.19629
1074.15 602.375 184.563 605.438 99.27235
1075.24 538.875 155.063 555.938 95.74369
1076.32 622.375 229.063 639.438 95.84222
1077.4 840.875 402.563 824.938 103.77331
1078.49 353.875 20.063 353.938 99.98128
1079.57 616.875 219.063 607.938 102.2983
1080.65 771.875 364.063 807.938 91.87553
1081.73 455.875 104.563 472.438 95.49779
1082.81 320.875 -44.438 310.438 102.94118
1083.89 540.375 123.063 500.938 110.43665
1084.98 503.875 190.563 479.438 108.45954
1086.06 310.375 -7.438 371.938 83.77265
1087.14 360.375 42.063 326.438 111.93407
1088.22 464.875 151.063 483.438 94.41519
1089.3 291.375 -10.938 306.938 95.10421
1090.38 789.375 457.063 772.438 105.37059
1091.46 518.875 230.063 519.438 99.80562
1092.54 357.375 56.063 376.438 94.04994
1093.62 358.875 137.063 412.938 80.40326
1094.7 247.875 -22.938 228.438 107.73247
1095.78 403.875 141.063 349.438 126.12478
1096.86 437.875 124.063 417.938 106.78435
1097.93 801.375 512.563 801.938 99.80562
1099.01 504.375 284.563 541.438 85.57178
1100.09 243.375 32.063 277.438 86.11819
