196.55 704.939 586.267 763.074 67.11938
197.76 1043.723 838.596 1027.278 108.7153
198.96 942.713 775.589 930.365 107.97777
200.16 592.771 485.634 627.844 75.33683
201.36 1120.954 902.884 1041.711 157.08035
202.56 727.561 615.969 747.324 84.95447
203.76 643.708 536.085 620.659 127.25373
204.96 714.856 614.201 762.993 67.64751
206.16 514.402 415.738 506.99 108.12227
207.36 934.814 705.169 844.203 165.17131
208.56 713.739 602.609 708.467 104.97989
209.76 491.328 448.68 528.823 53.2154
210.96 638.253 557.12 636.587 102.09689
212.16 1404.461 1182.785 1430.538 89.47473
213.36 834.301 679.658 816.652 112.88286
214.56 692.953 582.779 702.194 92.26193
215.76 1206.708 1010.085 1222.659 92.49646
216.96 1016.173 877.557 1002.644 110.81573
218.16 796.141 633.532 818.267 88.02292
219.35 546.389 465.728 565.439 80.89463
220.55 677.899 625.736 664.353 135.07839
221.75 656.006 519.32 596.966 176.03817
222.95 981.878 846.719 1029.957 73.76123
224.15 768.976 662.796 825.158 65.39697
225.35 651.95 461.776 629.556 113.34731
226.55 574.386 534.725 620.802 46.07604
227.75 937.878 804.719 985.457 73.67494
228.94 814.328 668.68 815.823 98.98423
230.14 725.287 624.647 725.033 100.25305
231.34 654.748 542.117 592.88 221.87532
232.54 634.758 452.624 592.293 130.40373
233.74 612.176 460.06 591.782 115.48302
234.93 624.44 486.768 645.643 86.65461
236.13 695.269 553.133 726.775 81.85569
237.33 680.022 537.333 715.654 80.01791
238.53 631.908 523.243 639.266 93.65873
239.72 955.232 812.104 949.192 104.40642
240.92 485.816 415.67 494.772 88.67727
242.12 848.875 701.717 854.32 96.43196
243.31 546.295 447.153 591.377 68.74141
244.51 499.735 404.107 499.829 99.90197
245.71 854.873 722.715 899.251 74.86189
246.9 1124.735 958.107 1116.329 105.31284
248.1 694.715 558.59 678.434 113.58469
249.3 681.659 571.046 674.024 107.41353
250.49 681.151 532.039 656.18 120.11482
251.69 743.284 612.644 765.395 85.52447
252.89 705.579 575.983 712.082 95.22187
254.08 496.328 364.18 464.823 131.30414
255.28 694.699 574.077 676.246 118.06139
256.47 447.311 347.166 497.065 66.8079
257.67 807.508 592.822 817.035 95.7509
258.86 807.916 702.25 886.61 57.31538
260.06 663.149 551.538 670.111 94.12838
261.26 1009.756 826.623 1023.724 92.91322
262.45 719.764 561.629 669.569 146.50344
263.65 442.58 367.984 442.65 99.90599
264.84 768.75 618.618 793.949 85.62768
266.04 516.079 459.983 585.582 44.66278
267.23 430.082 346.485 463.719 71.30746
268.42 475.274 395.637 514.482 67.00918
269.62 651.299 542.157 670.583 84.9844
270.81 674.343 504.691 631.443 133.84586
272.01 656.261 547.127 668.431 89.96749
273.2 812.524 633.94 797.74 109.0254
274.4 502.168 379.553 449.937 174.20831
275.59 736.183 595.565 706.057 127.26484
276.78 607.835 497.185 642.098 76.3558
277.98 560.62 463.015 549.372 113.02558
279.17 618.327 474.179 607.754 107.91515
280.37 615.002 466.922 630.276 90.64932
281.56 400.697 309.576 422.177 80.92396
282.75 470.966 316.289 498.244 85.0082
283.95 595.093 454.494 562.701 129.93488
285.14 605.096 518.996 575.339 152.81498
286.33 506.13 383.523 459.785 160.77075
287.52 694.531 513.945 662.016 121.95878
288.72 778.986 601.409 738.088 129.9226
289.91 956.678 789.561 963.351 96.16049
291.1 707.247 538.115 734.311 86.2053
292.29 683.792 519.651 692.739 94.83053
293.49 728.617 516.513 678.234 131.15424
294.68 509.665 441.051 506.8 104.35799
295.87 541.282 429.143 579.826 74.42033
297.06 674.181 530.063 686.488 92.1322
298.26 327.09 294.491 296.564 1573.19548
299.45 567.795 467.153 563.877 104.05043
300.64 580.399 470.236 601.353 84.01901
301.83 596.248 514.617 665.88 53.96653
303.02 489.41 414.244 493.835 94.44085
304.21 711.974 601.795 750.089 74.2978
305.4 586.397 452.734 600.784 90.28261
306.59 603.811 497.166 620.065 86.77394
307.79 593.259 459.625 571.862 119.06449
308.98 408.787 329.147 471.033 56.12949
310.17 675.365 552.918 752.372 61.39075
311.36 585.326 470.283 579.202 105.62178
312.55 923.353 855.304 967.873 60.45078
313.74 398.671 298.556 454.575 64.16871
314.93 722.239 608.609 751.967 79.26282
316.12 579.766 420.131 507.138 183.47407
317.31 315.655 263.043 368.887 49.70759
318.5 417.671 321.056 438.075 82.56381
319.69 569.144 465.034 567.905 101.20504
320.88 484.838 418.188 571.736 43.40675
322.07 466.631 376.524 475.354 91.17437
323.26 426.891 368.729 453.508 68.60368
324.45 322.697 297.576 368.677 35.33145
325.64 572.622 455.017 597.941 82.28509
326.83 634.247 527.115 627.311 106.9218
328.01 521.207 403.084 515.59 104.9924
329.2 704.759 568.125 690.362 111.77825
330.39 504.681 416.564 517.488 87.31015
331.58 480.194 296.074 418.039 150.96095
332.77 846.772 654.136 841.413 102.8617
333.96 323.654 243.042 331.818 90.80389
335.15 383.719 291.594 463.641 53.54679
336.33 447.694 325.574 425.539 122.16241
337.52 481.697 405.076 519.677 66.85903
338.71 442.213 362.589 488.865 63.05546
339.9 466.478 335.903 436.744 129.48611
341.08 498.599 366.999 482.477 113.96179
342.27 594.224 489.598 620.347 80.02052
343.46 708.34 572.689 717.805 93.47741
344.65 690.84 522.689 613.805 184.54563
345.83 659.852 574.199 676.356 83.84508
347.02 325.356 298.201 358.493 45.03766
348.21 778.274 554.637 694.982 159.34811
349.4 370.731 287.603 348.123 137.35609
350.58 506.029 372.443 496.447 107.72714
351.77 428.176 342.56 420.782 109.45331
352.96 297.775 205.638 299.051 98.63486
354.14 500.702 329.58 464.383 126.94181
355.33 422.295 290.153 363.377 180.46276
356.51 287.553 205.462 310.48 78.16852
357.7 532.888 397.832 525.388 105.88002
358.89 379.109 309.007 394.39 82.10328
360.07 643.056 528.465 627.118 116.15627
361.26 737.186 573.173 733.212 102.48333
362.44 488.547 382.063 461.222 134.5196
363.63 395.438 234.476 440.039 78.30285
364.81 397.799 279.366 440.549 73.47716
366.0 253.336 151.896 272.133 84.36669
367.18 928.505 758.53 937.931 94.74586
368.37 377.714 267.694 341.883 148.29727
369.55 533.311 419.271 572.583 74.3845
370.74 628.814 510.274 647.22 86.55972
371.92 771.206 596.188 784.038 93.16863
373.11 406.59 305.097 420.581 87.88536
374.29 298.951 248.487 334.59 58.60881
375.48 438.664 306.155 474.748 78.59692
376.66 282.795 223.259 319.394 61.92983
377.84 711.714 524.694 665.883 132.46086
379.03 340.805 210.766 336.807 103.17158
380.21 238.138 159.635 305.146 53.95006
381.39 197.651 110.145 226.697 75.07894
382.58 564.803 419.765 590.738 84.83081
383.76 756.41 641.35 780.852 82.47963
384.94 764.856 637.807 826.011 67.50618
386.13 332.097 252.602 404.356 52.38393
387.31 433.209 303.19 417.176 114.06557
388.49 349.64 241.136 360.715 90.7381
389.68 484.76 377.231 525.379 72.58199
390.86 447.766 294.236 463.155 90.89007
392.04 706.875 540.822 622.837 202.46693
393.22 382.766 278.736 401.155 84.97912
394.41 325.146 240.641 384.491 58.7456
395.59 194.265 111.735 210.086 83.91365
396.77 385.867 281.316 440.493 65.68261
397.95 448.316 355.275 515.789 57.9643
399.13 535.362 422.812 604.786 61.84976
400.31 355.06 238.073 400.272 72.12536
401.5 436.193 356.678 474.487 67.49446
402.68 503.651 423.645 583.197 50.14423
403.86 334.257 248.728 349.742 84.67049
405.04 565.901 466.342 623.939 63.17322
406.22 225.183 192.17 319.074 26.01416
407.4 464.015 354.432 520.327 66.05523
408.58 619.691 449.676 642.919 87.98012
409.76 672.67 484.16 669.023 101.97273
410.94 450.766 325.236 530.655 61.10951
412.12 360.463 297.891 437.124 44.94055
413.3 306.824 220.781 380.634 53.82637
414.48 282.832 150.288 322.978 76.75269
415.66 311.407 260.347 380.214 42.59734
416.84 788.327 616.784 856.271 71.62938
418.02 452.726 323.204 500.433 73.08173
419.2 269.821 257.279 473.996 5.78725
420.38 404.268 332.237 499.724 43.00697
421.56 354.393 239.836 395.594 73.54785
422.74 646.688 539.174 783.781 43.9538
423.92 552.779 429.246 593.706 75.1146
425.1 352.832 253.788 425.478 57.68783
426.28 340.507 236.926 401.483 62.94515
427.46 855.005 661.424 975.414 61.65187
428.63 452.446 311.878 514.367 69.42015
429.81 400.992 384.414 522.863 11.97399
430.99 514.41 416.35 597.852 54.02736
432.17 772.439 590.372 878.091 63.27945
433.35 567.425 472.361 698.471 42.04309
434.52 184.04 122.452 315.929 31.83222
435.7 261.455 223.885 478.78 14.7395
436.88 512.829 413.785 650.84 41.78086
438.06 423.523 274.938 539.672 56.12602
439.23 327.834 208.289 448.047 49.8606
440.41 434.066 348.972 583.531 36.27813
441.59 561.762 431.232 730.448 43.62382
442.77 269.59 160.991 428.564 40.58659
443.94 523.853 415.804 763.873 31.04234
445.12 499.433 412.867 694.816 30.7026
446.3 716.835 503.29 858.116 60.18313
447.47 465.382 362.327 673.112 33.15944
448.65 502.848 381.8 736.166 34.15894
449.82 323.348 286.8 589.166 12.08723
451.0 437.378 266.824 649.475 44.57179
452.18 316.428 230.364 595.109 23.59575
453.35 397.854 286.805 613.942 33.94579
454.53 393.447 304.879 651.935 25.5199
455.7 263.39 159.333 541.457 27.2311
456.88 592.479 459.904 908.813 29.5328
458.05 445.901 316.342 721.939 31.94277
459.23 252.41 215.85 565.852 10.44587
460.4 409.354 315.805 715.442 23.40853
461.58 478.978 320.403 792.244 33.6077
462.75 220.433 157.367 577.816 14.99958
463.93 476.37 275.318 759.13 41.55586
465.1 374.311 272.271 757.583 21.02566
466.28 165.055 127.964 616.049 7.59929
467.45 154.354 68.305 525.942 18.80292
468.63 412.394 253.337 741.163 32.60534
469.8 575.912 477.851 1001.921 18.71146
470.97 278.399 172.341 743.87 18.55697
472.15 413.588 350.49 936.495 10.7675
473.32 477.555 355.464 980.549 19.53189
474.49 563.508 461.927 1101.552 15.88137
475.67 365.542 232.453 897.498 20.01194
476.84 208.045 138.456 817.636 10.24603
478.01 428.439 294.372 1004.091 18.89013
479.19 358.612 255.009 948.527 14.93876
480.36 262.018 204.934 833.465 9.08202
481.53 407.962 306.89 972.555 15.18354
482.7 305.567 233.974 974.6 9.66665
483.88 207.633 155.526 861.923 7.37651
485.05 254.979 215.404 955.813 5.34505
486.22 415.192 293.072 1011.47 16.99892
487.39 243.279 123.141 915.188 15.16803
488.56 387.952 275.383 1109.142 13.50144
489.74 574.099 409.499 1282.477 18.85505
490.91 247.577 154.981 997.013 10.9967
492.08 338.452 227.383 1122.142 12.41334
493.25 230.106 145.004 1029.252 9.62419
494.42 341.135 222.027 1084.991 13.80216
495.59 355.127 215.02 1119.647 15.48772
496.76 325.898 226.84 1129.801 10.97036
497.93 472.999 327.919 1248.139 15.76572
499.1 372.623 291.518 1203.009 8.8981
500.27 679.141 557.532 1519.267 12.64477
501.44 775.024 570.94 1563.24 20.5668
502.61 347.571 259.976 1166.737 9.66013
503.78 427.203 329.581 1306.452 9.99336
504.95 786.997 635.418 1659.07 14.80766
506.12 462.21 361.586 1317.228 10.52943
507.29 267.593 153.494 1129.701 11.688
508.46 86.083 29.986 1018.788 5.67323
509.63 735.583 622.486 1734.288 10.17241
510.8 787.059 614.467 1726.255 15.52382
511.97 390.532 271.946 1359.085 10.90811
513.14 244.748 133.617 1193.88 10.48151
514.31 523.12 405.015 1530.872 10.49021
515.48 327.24 304.61 1341.536 2.18241
516.65 288.548 216.958 1337.773 6.38729
517.81 282.647 145.037 1357.542 11.34927
518.98 440.013 358.431 1482.258 7.25932
520.15 153.795 114.153 1288.377 3.37596
521.32 469.556 265.465 1568.618 15.66135
522.49 960.237 715.108 2077.898 17.98731
523.65 780.171 595.056 1940.575 13.75793
524.82 445.542 315.453 1573.498 10.34052
525.99 61.243 35.613 1255.674 2.10077
527.16 518.349 344.196 1751.218 12.37741
528.32 470.091 424.493 1735.132 3.47912
529.49 358.063 215.97 1610.393 10.19007
530.66 92.402 -2.262 1466.49 6.44519
531.82 175.489 98.412 1502.226 5.49056
532.99 240.633 188.026 1704.923 3.4681
534.16 341.125 221.519 1713.578 8.01616
535.32 547.691 465.071 2003.901 5.36898
536.49 207.694 83.074 1733.539 7.55061
537.65 633.535 546.948 2257.222 5.06275
538.82 223.152 135.041 1855.249 5.12214
539.99 458.109 302.507 2083.89 8.73492
541.15 496.458 422.388 2196.917 4.17411
542.32 141.226 103.599 1957.416 2.0297
543.48 517.806 405.162 2338.859 5.8253
544.65 605.365 595.209 2462.406 0.54393
545.81 942.141 770.032 2922.267 7.99676
546.98 373.284 297.644 2413.395 3.57505
548.14 558.141 409.532 2640.267 6.66189
549.31 260.678 142.061 2466.351 5.10336
550.47 332.21 224.086 2647.728 4.4612
551.63 631.147 516.537 2953.042 4.70389
552.8 284.047 193.957 2659.204 3.65437
553.96 284.668 178.053 2770.938 4.11182
555.13 353.213 207.589 2875.865 5.45761
556.29 658.274 414.637 3240.982 8.62021
557.45 226.491 134.913 2946.294 3.25739
558.62 394.721 271.095 3149.21 4.29538
559.78 553.284 424.144 3423.395 4.30571
560.94 336.227 227.6 3221.985 3.6277
562.11 246.275 170.138 3254.051 2.46886
563.27 113.724 5.598 3147.347 3.4416
564.43 60.689 5.07 3225.333 1.72716
565.59 218.889 105.728 3324.939 3.51518
566.76 243.042 136.453 3545.998 3.12617
567.92 394.394 252.732 3767.146 4.03089
569.08 504.755 382.622 3782.656 3.59211
570.24 293.519 126.436 3811.034 4.53465
571.4 211.175 120.558 3793.213 2.46732
572.57 248.891 183.729 3867.508 1.76888
573.73 99.247 1.615 3789.311 2.57759
574.89 277.825 171.177 4120.685 2.70028
576.05 413.08 283.484 4123.15 3.3752
577.21 183.106 69.004 3973.252 2.9225
578.37 70.715 -36.91 4038.934 2.64055
579.53 198.801 103.158 4236.152 2.31413
580.69 492.251 316.119 4624.018 4.08859
581.85 292.199 173.577 4436.746 2.78247
583.01 263.181 206.064 4492.988 1.33237
584.17 341.659 219.546 4623.024 2.7731
585.33 457.243 266.613 4808.674 4.19701
586.49 258.628 139.522 4813.216 2.54844
587.65 399.635 256.027 4883.491 3.10338
588.81 372.745 277.614 4919.243 2.04952
589.97 644.705 497.582 5340.021 3.03819
591.13 273.518 158.434 4916.965 2.41846
592.29 252.769 150.133 4966.275 2.13108
593.45 197.779 90.641 4923.188 2.21701
594.61 197.032 52.946 4837.085 3.01175
595.77 160.718 49.093 4997.572 2.25575
596.93 127.05 7.96 4950.842 2.40932
598.09 273.123 163.018 5199.509 2.18615
599.24 153.766 64.131 5252.138 1.72774
600.4 268.628 178.522 5205.716 1.79238
601.56 245.686 60.067 5235.195 3.58674
602.72 276.288 164.648 5372.602 2.14364
603.87 382.492 199.309 5460.346 3.48187
605.03 149.788 26.648 5249.102 2.3579
606.19 149.242 54.112 5279.104 1.82068
607.35 96.769 -0.367 5231.275 1.8567
608.5 466.716 304.091 5547.503 3.10151
609.66 629.804 476.661 5748.29 2.90505
610.82 189.144 53.034 5476.405 2.50969
611.97 156.774 38.637 5538.482 2.14801
613.13 461.351 316.698 5695.787 2.68918
614.29 351.732 237.104 5756.691 2.07675
615.44 461.253 285.12 5786.587 3.20156
616.6 156.299 35.657 5454.583 2.22632
617.76 490.235 286.607 5833.329 3.67116
618.91 500.378 306.219 5742.458 3.57157
620.07 505.758 295.624 5848.793 3.78403
621.22 81.266 2.131 5511.138 1.43647
622.38 733.774 532.637 6030.482 3.65847
623.53 144.175 -18.942 5602.213 2.90183
624.69 178.298 38.156 5604.515 2.51766
625.84 214.755 54.622 5738.656 2.81724
627.0 349.492 263.914 5852.863 1.5312
628.15 95.782 19.643 5702.826 1.33972
629.31 293.588 168.49 5872.995 2.19297
630.46 59.221 -25.405 5613.209 1.50083
631.61 311.296 172.655 5937.446 2.40497
632.77 251.595 155.495 5824.77 1.69509
633.92 400.181 258.564 6240.488 2.36742
635.08 607.543 418.455 6307.567 3.21082
636.23 307.727 122.6 5953.485 3.17494
637.38 75.231 -55.397 5844.623 2.21403
638.54 485.627 323.02 6255.147 2.74111
639.69 618.886 429.225 6469.302 3.14004
640.84 410.691 264.572 6218.425 2.4542
641.99 141.194 -6.926 6084.555 2.4316
643.15 619.697 389.576 6511.185 3.75916
644.3 113.2 62.079 6186.315 0.83474
645.45 77.703 -55.919 6005.945 2.20431
646.6 597.206 423.583 6668.575 2.78019
647.75 226.709 65.586 6373.706 2.55422
648.91 71.712 -108.412 6197.335 2.85651
650.06 219.215 99.091 6363.465 1.91759
651.21 340.218 196.093 6424.596 2.31397
652.36 367.721 238.095 6712.226 2.00222
653.51 182.724 40.598 6479.855 2.20719
654.66 267.227 138.1 6777.485 1.94487
655.81 423.73 283.603 6765.616 2.1618
656.96 131.734 17.105 6715.246 1.71135
658.11 311.237 104.107 6814.875 3.08652
659.27 353.24 185.11 7069.506 2.44219
660.42 133.743 3.112 6901.636 1.8936
661.57 387.246 169.115 7253.766 3.07892
662.72 9.249 -122.883 6787.896 1.91197
663.87 70.252 -87.381 6967.026 2.23452
665.01 264.255 116.622 7247.156 2.07043
666.16 94.758 2.124 7054.786 1.31346
667.31 105.761 -2.874 7289.916 1.48961
668.46 513.264 373.629 7714.546 1.90214
669.61 231.767 33.631 7524.176 2.64514
670.76 93.77 -59.866 7568.806 2.01393
671.91 557.773 346.136 8238.936 2.68139
673.06 373.776 236.638 7852.066 1.80078
674.21 10.279 -116.359 7807.196 1.59825
675.35 278.282 63.643 7903.826 2.73767
676.5 237.785 29.646 7947.956 2.62858
677.65 109.288 -33.352 7932.086 1.79074
678.8 41.791 -93.35 8192.716 1.63094
679.94 141.294 -28.847 8345.346 2.03173
681.09 329.297 174.655 8691.977 1.81562
682.24 381.3 171.658 8894.106 2.40348
683.39 72.303 -54.84 8981.236 1.40706
684.53 434.806 183.662 9243.866 2.77194
685.68 242.309 63.165 9081.496 1.98645
686.83 258.312 148.167 9343.126 1.19789
687.97 288.315 67.169 9417.757 2.36505
689.12 233.818 76.672 9598.887 1.65031
690.27 177.321 -16.326 9575.017 2.01898
691.41 423.824 242.177 9877.646 1.8852
692.56 347.827 159.679 9834.776 1.94466
693.7 335.33 138.181 10029.406 1.99317
694.85 128.333 -22.316 9740.536 1.54309
695.99 339.336 128.186 9996.167 2.13975
697.14 274.839 107.689 9974.797 1.69402
698.28 306.342 141.191 10336.427 1.61989
699.43 339.845 164.693 10147.057 1.75461
700.57 112.848 -98.304 10291.687 2.03227
701.72 107.351 -56.802 10229.816 1.59579
702.86 43.354 -110.799 10405.946 1.46579
704.01 146.857 -23.797 10274.077 1.65718
705.15 371.861 113.705 10955.707 2.38107
706.29 282.364 19.208 10682.337 2.4679
707.44 250.867 9.21 10928.967 2.21302
708.58 79.37 -124.788 10773.597 1.87328
709.72 570.873 310.215 11525.727 2.32408
710.87 21.376 -151.283 10777.356 1.57987
712.01 128.379 -67.78 10832.987 1.7995
713.15 304.882 73.722 11434.117 2.03478
714.3 357.885 133.724 11465.747 1.97811
715.44 165.388 -40.273 11542.377 1.77559
716.58 283.891 92.229 11471.507 1.6843
717.72 174.394 -24.768 11410.637 1.74163
718.87 318.397 74.734 11515.268 2.12982
720.01 246.9 77.736 11765.897 1.44731
721.15 87.903 -84.261 11778.527 1.45129
722.29 366.906 118.741 11890.657 2.10811
723.43 444.409 240.744 12076.287 1.72079
724.57 395.912 140.746 11829.417 2.18302
725.72 269.415 42.248 12039.547 1.89348
726.86 603.418 287.251 12329.178 2.62555
728.0 251.921 39.753 12038.808 1.7682
729.14 156.424 -53.245 12267.438 1.70176
730.28 443.927 170.758 12208.067 2.26935
731.42 145.43 -6.74 12216.697 1.2449
732.56 609.433 340.263 12505.327 2.21265
733.7 372.936 96.765 12543.457 2.21883
734.84 78.939 -145.733 12151.088 1.82707
735.98 293.942 29.77 12273.218 2.15766
737.12 125.445 -63.728 12495.348 1.50626
738.26 183.448 -51.225 12422.478 1.88135
739.4 274.951 40.277 13161.607 1.78849
740.53 393.454 132.779 12698.737 2.07445
741.67 284.457 61.782 12576.867 1.77926
742.81 73.96 -131.216 12755.498 1.59215
743.95 295.463 109.287 12874.628 1.45845
745.09 152.466 -66.211 12974.258 1.67691
746.23 381.969 150.791 12804.888 1.8269
747.36 439.972 203.294 13007.518 1.84844
748.5 161.975 -73.704 12677.647 1.84827
749.64 183.478 -12.701 12441.277 1.57524
750.78 198.981 -41.199 12910.408 1.85445
751.92 203.484 -13.197 12616.538 1.71564
753.05 254.487 -11.694 12642.168 2.10356
754.19 565.49 216.808 13088.798 2.70885
755.33 43.994 -135.19 12585.928 1.40855
756.46 221.997 -5.187 13032.058 1.74257
757.6 131.5 -45.185 12510.188 1.40724
758.74 464.503 243.318 12929.818 1.74347
759.87 327.006 98.32 12427.948 1.85476
761.01 292.009 39.822 12682.578 1.99471
762.14 307.012 78.825 12761.708 1.79917
763.28 403.015 149.827 12801.338 2.00124
764.41 271.518 62.83 12484.468 1.68004
765.55 90.521 -105.168 12465.599 1.5567
766.69 273.524 45.334 12268.729 1.86683
767.82 335.527 97.837 12530.358 1.91184
768.95 160.53 -42.161 12324.488 1.63901
770.09 602.533 356.341 12204.118 2.07795
771.22 521.536 286.344 12465.248 1.93114
772.36 462.039 173.346 12212.878 2.39787
773.49 449.042 210.849 12386.509 1.95631
774.63 244.045 43.851 12175.639 1.65016
775.76 181.548 12.853 11722.269 1.44067
776.89 345.051 115.856 12091.398 1.91386
778.03 347.554 116.358 11705.528 1.99493
779.16 177.057 -11.639 11658.158 1.61696
780.29 341.06 122.363 11819.288 1.8697
781.43 494.063 245.865 11653.919 2.17564
782.56 302.566 95.368 11830.549 1.76562
783.69 163.069 -49.13 11388.179 1.85532
784.82 284.572 40.873 11236.309 2.17678
785.96 222.075 16.375 11375.938 1.81081
787.09 250.078 62.877 11245.568 1.67402
788.22 316.581 135.88 11048.199 1.65594
789.35 153.084 -40.618 11019.829 1.7513
790.48 223.087 14.385 10798.959 1.9352
791.62 444.09 216.887 11018.589 2.1034
792.75 144.593 -39.611 10709.219 1.71371
793.88 532.596 314.392 10745.349 2.09189
795.01 325.599 124.394 10606.979 1.91942
796.14 388.602 159.896 10766.609 2.15624
797.27 400.105 164.899 10654.239 2.24234
798.4 215.108 58.901 10398.369 1.51079
799.53 126.111 -58.096 10184.499 1.79845
800.66 263.114 69.906 10122.629 1.92195
801.79 895.617 675.408 11072.259 2.11804
802.92 220.121 11.911 10280.389 2.02766
804.05 340.124 132.913 10129.52 2.07281
805.18 229.627 21.916 10205.649 2.03963
806.31 174.13 31.918 9849.279 1.44857
807.44 73.133 -105.58 9621.409 1.83728
808.57 321.636 138.923 9990.039 1.85474
809.69 277.139 107.425 9790.669 1.75265
810.82 20.142 -145.572 9498.799 1.71825
811.95 708.645 430.43 10342.93 2.80671
813.08 174.648 9.432 9495.56 1.74165
814.21 720.651 516.435 9836.689 2.1911
815.33 288.654 84.937 9697.319 2.11932
816.46 310.157 112.439 9396.449 2.12965
817.59 551.16 356.442 9264.579 2.18584
818.72 353.163 187.444 9304.71 1.81763
819.84 623.166 365.947 9250.84 2.89502
820.97 384.669 166.949 8858.97 2.50482
822.1 502.172 249.951 9112.6 2.84588
823.22 86.175 -14.046 8480.229 1.17987
824.35 189.178 -6.544 8626.859 2.26703
825.48 439.681 205.459 8753.489 2.74007
826.6 285.184 111.961 8524.12 2.0592
827.73 -13.313 -102.537 8248.25 1.06845
828.85 235.69 64.466 8327.38 2.0722
829.98 428.693 298.968 8452.01 1.59112
831.11 125.696 -16.529 8045.64 1.76411
832.23 97.699 -21.027 8211.77 1.44211
833.36 394.702 225.475 8328.399 2.08847
834.48 239.705 48.978 8077.53 2.37561
835.6 380.708 131.48 8235.66 3.0753
836.73 49.711 -59.018 7856.29 1.37365
837.85 398.214 221.485 7952.42 2.286
838.98 31.217 -116.513 7638.55 1.90495
840.1 338.72 116.99 7929.18 2.83826
841.23 239.223 112.492 7768.81 1.65525
842.35 506.226 337.494 8002.94 2.2012
843.47 206.229 37.997 7706.57 2.19379
844.6 119.732 -79.001 7381.7 2.66373
845.72 126.235 17.002 7517.83 1.45629
846.84 155.738 27.004 7645.46 1.68977
847.96 115.741 -36.494 7333.09 2.06572
849.09 146.244 -36.991 7228.72 2.52192
850.21 177.247 41.011 7426.85 1.84456
851.33 344.751 170.514 7433.98 2.39881
852.45 111.254 -52.484 7267.61 2.23682
853.57 248.757 88.518 7505.24 2.1605
854.7 145.26 5.521 7410.37 1.88713
855.82 117.763 -46.477 7173.0 2.27495
856.94 342.766 142.025 7419.13 2.75852
858.06 32.769 -123.972 7155.26 2.15326
859.18 342.772 147.03 7276.891 2.74538
860.3 199.775 46.033 7093.021 2.18167
861.42 -16.222 -131.965 7095.15 1.60151
862.54 23.281 -92.963 6751.281 1.69841
863.66 64.284 -68.46 6651.411 1.97539
864.78 191.787 18.542 6957.541 2.49668
865.9 201.79 78.545 6985.17 1.78445
867.02 784.793 555.547 7565.301 3.27038
868.14 532.296 360.549 7283.431 2.48085
869.26 300.299 167.052 7050.061 1.93589
870.38 -23.198 -138.946 6546.191 1.73142
871.5 49.305 -134.443 6659.321 2.70466
872.62 64.808 -48.941 6631.951 1.7026
873.74 429.811 266.561 6859.581 2.4761
874.85 30.313 -40.438 6299.146 1.116
875.97 217.813 84.563 6467.646 2.08755
877.09 262.813 149.063 6838.646 1.7004
878.21 219.313 47.063 6422.146 2.70193
879.33 186.313 90.563 6420.146 1.51274
880.44 185.313 31.563 6548.146 2.35937
881.56 134.813 36.063 6389.646 1.55424
882.68 203.313 61.063 6377.646 2.25201
883.79 587.813 377.063 6661.646 3.35344
884.91 -30.188 -103.438 6134.646 1.17424
886.03 277.813 156.563 6345.646 1.95909
887.14 424.313 261.563 6630.146 2.55551
888.26 484.313 286.063 6731.146 3.07599
889.38 364.813 232.063 6655.146 2.06676
890.49 2.313 -108.938 6190.646 1.76599
891.61 217.313 107.563 6696.646 1.66563
892.72 41.313 -82.438 6461.646 1.89102
893.84 25.313 -102.938 6444.646 1.95874
894.95 8.813 -93.938 6564.646 1.54312
896.07 133.813 -7.438 6872.646 2.05303
897.18 280.313 104.563 6911.646 2.58187
898.3 23.813 -94.938 6710.146 1.74502
899.41 378.813 211.563 6988.646 2.46788
900.53 265.813 83.063 6856.646 2.69798
901.64 325.813 127.063 6712.146 3.01818
902.75 167.813 53.063 6462.146 1.79043
903.87 102.313 -8.438 6363.646 1.73805
904.98 270.313 127.063 6618.646 2.2067
906.09 189.313 53.563 6435.646 2.12705
907.21 260.813 164.063 6471.646 1.53387
908.32 154.313 5.063 6455.646 2.31374
909.43 415.813 256.063 6670.146 2.49061
910.54 230.313 69.063 6180.146 2.63865
911.66 713.313 509.063 6461.646 3.43128
912.77 88.313 -51.938 5872.646 2.36726
913.88 249.813 108.063 5931.646 2.43407
914.99 87.813 -28.938 5784.646 2.00823
916.1 235.813 97.063 5940.646 2.3744
917.22 79.313 -58.938 5585.646 2.44925
918.33 441.813 284.563 5907.146 2.79676
919.44 166.313 47.063 5711.146 2.10537
920.55 478.313 246.563 6070.146 3.97951
921.66 285.813 151.063 5789.146 2.39
922.77 319.813 166.563 5689.646 2.77472
923.88 415.813 250.563 5716.146 3.02346
924.99 236.313 129.063 5588.146 1.96462
926.1 28.813 -77.438 5221.146 2.00525
927.21 441.813 260.063 5455.646 3.49816
928.32 -53.688 -137.938 4981.146 1.6458
929.43 159.313 34.563 5155.646 2.43601
930.54 114.313 -29.938 5038.646 2.84596
931.65 145.313 35.063 4829.146 2.29971
932.76 255.813 108.563 4810.146 3.13192
933.86 179.313 35.063 4796.646 3.02945
934.97 99.313 -36.438 4519.646 2.97953
936.08 112.813 -2.438 4225.146 2.72614
937.19 404.313 203.563 4275.646 4.92991
938.3 265.313 157.563 3815.646 2.94553
939.4 441.313 294.563 3759.146 4.23572
940.51 137.313 38.563 3118.146 3.2066
941.62 218.313 164.563 3142.146 1.80516
942.73 612.813 519.063 3436.646 3.21328
943.83 147.313 105.563 2910.646 1.48837
944.94 187.813 124.063 2898.646 2.29764
946.05 -55.188 -146.938 2587.146 3.35579
947.15 -50.688 -137.938 2683.646 3.09224
948.26 130.313 13.563 2949.146 3.97706
949.36 31.313 -55.438 2780.146 3.05934
950.47 211.813 109.563 2981.646 3.56013
951.57 442.813 359.063 3443.646 2.71512
952.68 280.813 194.563 3262.146 2.81166
953.79 306.313 187.563 3305.646 3.80843
954.89 36.313 -16.438 3118.146 1.68284
955.99 235.813 133.563 3299.146 3.23005
957.1 83.313 -18.438 3474.646 2.9129
958.2 170.813 70.563 3473.146 2.94629
959.31 282.813 172.063 3555.646 3.27316
960.41 55.813 -27.438 3190.146 2.58735
961.52 28.813 -76.938 3263.146 3.16609
962.62 283.813 185.563 3607.146 2.87148
963.72 -75.688 -117.438 3161.146 1.27342
964.83 -33.188 -115.438 3207.646 2.47511
965.93 188.813 76.563 3601.646 3.18432
967.03 360.313 219.063 3679.646 4.08168
968.13 256.813 136.563 3396.646 3.68856
969.24 85.313 -18.938 3404.646 3.04506
970.34 90.813 51.563 3497.646 1.13897
971.44 98.813 18.063 3436.146 2.36244
972.54 245.313 110.063 3479.646 4.01385
973.64 95.313 -24.938 3258.146 3.66272
974.75 579.313 451.063 3855.146 3.76753
975.85 1798.313 1539.063 4996.646 7.49801
976.95 123.313 3.563 3165.146 3.78766
978.05 266.313 183.563 3389.146 2.58143
979.15 580.313 427.063 3568.646 4.87811
980.25 29.813 -7.438 3160.146 1.17598
981.35 103.813 -10.438 3194.146 3.56521
982.45 523.313 374.563 3586.146 4.63167
983.55 265.813 149.063 3194.646 3.83342
984.65 180.313 78.563 3191.646 3.26846
985.75 336.813 236.063 3233.146 3.3616
986.85 235.813 126.063 3041.646 3.76426
987.95 75.313 23.563 2860.146 1.82438
989.05 450.813 312.063 3232.646 4.75076
990.15 337.813 248.563 3025.646 3.2138
991.25 210.813 91.063 2866.646 4.31441
992.34 442.813 287.563 3089.146 5.54151
993.44 206.313 147.063 2806.146 2.22821
994.54 189.313 95.063 2821.146 3.45734
995.64 454.813 305.063 2911.646 5.74507
996.74 415.813 308.563 2874.146 4.18034
997.83 16.313 -80.938 2406.646 3.90942
998.93 129.313 77.563 2520.146 2.11866
1000.03 649.813 527.563 3010.146 4.92431
1001.12 374.813 282.063 2790.146 3.69804
1002.22 438.813 328.063 2631.146 4.80877
1003.32 129.813 41.563 2324.146 3.86623
1004.41 250.313 136.563 2336.146 5.17143
1005.51 185.313 85.563 2286.146 4.53289
1006.6 104.813 10.063 2113.646 4.50422
1007.7 366.813 225.063 2285.646 6.87912
1008.8 -32.688 -97.438 1934.646 3.18639
1009.89 267.313 191.063 2222.146 3.75415
1010.99 180.813 109.563 2181.146 3.4394
1012.08 -17.188 -33.438 1949.646 0.81943
1013.18 220.813 111.563 2113.646 5.45682
1014.27 102.813 8.063 2126.146 4.47338
1015.36 153.313 59.063 2272.646 4.2578
1016.46 208.813 116.063 2313.646 4.22055
1017.55 -6.688 -50.938 2112.646 2.04522
1018.65 201.313 148.563 2172.646 2.60612
1019.74 348.813 211.063 2296.646 6.60487
1020.83 224.313 140.063 2159.146 4.17269
1021.93 151.813 17.563 1944.646 6.96649
1023.02 -24.688 -57.938 1770.646 1.81835
1024.11 10.813 -71.438 1671.146 4.72
1025.2 -39.688 -82.438 1651.646 2.46528
1026.3 218.313 171.063 1868.146 2.78419
1027.39 320.813 221.563 1841.146 6.12812
1028.48 260.313 125.063 1719.146 8.4845
1029.57 196.313 83.063 1586.146 7.53451
1030.66 195.813 102.063 1661.646 6.01122
1031.75 798.313 644.063 2196.646 9.93505
1032.84 327.813 206.563 1587.646 8.77934
1033.94 28.313 -43.438 1303.646 5.32632
1035.03 332.813 236.063 1606.646 7.05904
1036.12 -5.688 -42.438 1279.146 2.78076
1037.21 21.313 -0.938 1281.646 1.73478
1038.3 230.813 165.063 1430.146 5.19729
1039.39 -15.688 -62.938 1151.146 3.89182
1040.48 162.813 156.063 1283.146 0.59889
1041.57 268.313 225.563 1346.646 3.81328
1042.66 219.813 117.063 1220.146 9.3148
1043.74 200.813 147.563 1158.146 5.26923
1044.83 238.813 167.563 1090.646 7.7187
1045.92 -49.688 -81.438 890.146 3.26786
1047.01 282.313 201.563 1174.146 8.30263
1048.1 -34.688 -87.938 905.146 5.36209
1049.19 171.313 121.563 1034.146 5.45156
1050.27 116.813 40.563 975.646 8.15435
1051.36 98.813 8.563 877.146 10.39048
1052.45 219.813 162.063 1003.646 6.86207
1053.54 181.813 77.563 925.146 12.29968
1054.62 241.813 133.063 894.646 14.27946
1055.71 180.813 132.563 832.646 6.89204
1056.8 334.313 246.063 950.646 12.52513
1057.88 63.313 49.063 741.146 2.059
1058.97 231.313 130.563 784.146 15.41502
1060.06 434.313 346.563 1058.646 12.323
1061.14 128.813 34.063 710.146 14.01454
1062.23 844.813 723.563 1475.646 16.12188
1063.31 237.813 143.063 809.146 14.22495
1064.4 78.313 34.563 623.646 7.42679
1065.48 188.313 148.063 739.646 6.80378
1066.57 128.313 59.563 608.146 12.53228
1067.65 190.813 149.063 702.146 7.54859
1068.74 145.313 51.563 608.146 16.84384
1069.82 172.313 171.063 711.146 0.23145
1070.9 1316.313 1019.563 1669.146 45.68313
1071.99 254.313 183.063 652.646 15.17303
1073.07 209.813 180.563 631.146 6.49159
1074.15 259.313 184.563 627.646 16.87042
1075.24 225.313 155.063 637.146 14.57217
1076.32 279.313 229.063 660.646 11.64317
1077.4 485.813 402.563 845.646 18.78879
1078.49 57.813 20.063 399.646 9.94511
1079.57 299.813 219.063 610.146 20.64777
1080.65 440.313 364.063 792.646 17.79117
1081.73 117.313 104.563 510.646 3.13975
1082.81 3.313 -44.438 352.646 12.02518
1083.89 201.813 123.063 530.146 19.34493
1084.98 180.313 190.563 572.146 -2.68618
1086.06 86.313 -7.438 335.646 27.32572
1087.14 74.313 42.063 382.646 9.46905
1088.22 191.313 151.063 463.646 12.87657
1089.3 9.313 -10.938 295.146 6.61585
1090.38 532.313 457.063 830.146 20.16976
1091.46 247.313 230.063 544.646 5.48344
1092.54 56.813 56.063 361.646 0.24543
1093.62 128.813 137.063 458.146 -2.56943
1094.7 39.313 -22.938 270.146 21.23969
1095.78 168.813 141.063 390.646 11.11853
1096.86 207.313 124.063 411.146 28.99855
1097.93 600.813 512.563 834.646 27.39974
1099.01 352.813 284.563 609.646 20.99462
1100.09 70.313 32.063 261.646 16.66062
