196.55 779.082 972.948 1339.379 -52.90642
197.76 1084.038 1427.472 1995.603 -60.44973
198.96 968.802 1340.45 1803.191 -80.31456
200.16 624.714 796.077 1227.164 -39.75141
201.36 1129.449 1587.379 2062.06 -96.47111
202.56 781.66 990.115 1401.163 -50.71314
203.76 701.435 849.94 1265.984 -35.6945
204.96 780.709 932.264 1411.806 -31.60409
206.16 599.263 712.367 946.298 -48.34873
207.36 910.523 1181.173 1687.519 -53.4514
208.56 793.763 1052.507 1476.29 -61.05565
209.76 591.126 637.704 982.138 -13.52313
210.96 725.866 888.539 1380.408 -33.07222
212.16 1433.798 2056.997 2537.841 -129.60541
213.36 794.043 1126.644 1600.47 -70.19496
214.56 776.685 890.479 1274.997 -29.59404
215.76 1226.935 1834.94 2402.485 -107.12899
216.96 1101.239 1568.862 2050.473 -97.09575
218.16 778.788 985.792 1447.599 -44.8248
219.35 616.283 716.838 1152.749 -23.06788
220.55 773.018 872.359 1328.661 -21.77095
221.75 674.729 810.596 1150.265 -39.99971
222.95 1101.425 1461.314 1932.768 -76.33584
224.15 839.401 1090.029 1574.459 -51.73667
225.35 669.94 782.472 1287.36 -22.28862
226.55 665.538 792.831 1188.111 -32.20333
227.75 986.425 1378.814 1879.768 -78.32822
228.94 859.126 1122.204 1555.138 -60.76644
230.14 762.94 919.113 1379.351 -33.93301
231.34 652.999 847.028 1265.702 -46.34376
232.54 633.734 780.549 1133.115 -41.64201
233.74 661.984 805.869 1171.11 -39.39466
234.93 701.205 791.951 1221.947 -21.10403
236.13 759.592 951.574 1439.095 -39.3792
237.33 711.455 930.131 1313.452 -57.04789
238.53 705.754 887.381 1239.073 -51.64368
239.72 1001.273 1373.993 1901.015 -70.72178
240.92 532.146 562.676 918.088 -8.59014
242.12 881.68 1152.807 1622.13 -57.76959
243.31 647.052 755.63 1186.695 -25.18828
244.51 550.518 627.0 952.653 -23.48563
245.71 988.557 1278.803 1722.062 -65.47998
246.9 1168.018 1688.0 2212.153 -99.20419
248.1 770.925 950.954 1448.759 -36.16451
249.3 807.636 982.33 1398.854 -41.9411
250.49 754.523 893.313 1321.511 -32.41253
251.69 844.695 1049.106 1539.214 -41.7073
252.89 729.008 916.154 1388.919 -39.58542
254.08 528.126 579.204 954.138 -13.62327
255.28 778.199 976.919 1400.072 -46.96147
256.47 533.278 577.666 955.382 -11.75154
257.67 878.852 1159.099 1530.833 -75.38925
258.86 925.366 1172.898 1590.417 -59.28647
260.06 731.4 917.809 1356.442 -42.49771
261.26 1058.611 1459.546 1914.546 -88.11736
262.45 727.724 939.063 1294.389 -59.47751
263.65 496.631 565.158 907.488 -20.0178
264.84 895.621 1081.531 1469.771 -47.88549
266.04 658.008 804.154 1217.419 -35.36375
267.23 508.253 487.661 823.556 6.1305
268.42 551.959 706.584 1015.802 -50.00532
269.62 725.42 882.641 1322.401 -35.75145
270.81 762.229 959.736 1397.256 -45.14239
272.01 725.479 923.056 1333.752 -48.10792
273.2 912.841 1164.034 1567.583 -62.24596
274.4 560.371 664.852 908.767 -42.83483
275.59 855.974 1028.883 1499.385 -36.74999
276.78 750.116 892.718 1361.913 -30.39298
277.98 636.194 772.746 1191.206 -32.63189
279.17 714.004 903.201 1285.069 -49.54514
280.37 686.626 837.985 1198.621 -41.97006
281.56 497.577 528.915 926.504 -7.88207
282.75 587.665 617.508 1021.047 -7.39509
283.95 639.611 801.186 1237.537 -37.02857
285.14 694.356 863.193 1247.675 -43.91278
286.33 610.93 700.267 1012.118 -28.64742
287.52 737.832 948.548 1368.358 -50.19342
288.72 800.4 1136.95 1615.434 -70.33654
289.91 1020.606 1410.373 1957.179 -71.28054
291.1 824.876 1007.024 1453.634 -40.78475
292.29 763.307 997.623 1395.057 -58.9571
293.49 721.949 1044.239 1446.568 -80.10587
294.68 620.626 729.845 997.629 -40.78596
295.87 633.572 803.102 1201.145 -42.59084
297.06 708.351 940.38 1418.817 -48.49721
298.26 422.866 420.179 733.9 0.85656
299.45 645.552 789.13 1098.195 -46.45559
300.64 716.518 822.859 1190.661 -28.91266
301.83 729.999 857.028 1294.202 -29.05693
303.02 585.376 630.384 1057.142 -10.5465
304.21 887.278 1123.525 1573.39 -52.51509
305.4 689.896 875.356 1160.092 -65.13402
306.59 707.278 920.166 1316.882 -53.66239
307.79 678.856 803.053 1187.683 -32.28976
308.98 519.44 579.113 932.851 -16.86919
310.17 812.85 966.081 1430.275 -33.0101
311.36 681.645 857.597 1178.563 -54.81945
312.55 1116.229 1560.657 2066.731 -87.81883
313.74 497.616 584.359 957.404 -23.25255
314.93 814.263 1009.007 1474.29 -41.85483
316.12 688.847 787.067 1192.958 -24.19863
317.31 420.891 406.823 740.217 4.2194
318.5 541.116 574.859 920.404 -9.76503
319.69 676.533 830.799 1262.736 -35.71489
320.88 646.361 736.225 1134.55 -22.56051
322.07 590.552 607.271 993.686 -4.32648
323.26 532.906 607.342 935.817 -22.66113
324.45 475.577 447.415 793.504 8.13717
325.64 684.817 766.749 1195.274 -19.11962
326.83 766.876 996.024 1395.634 -57.34314
328.01 634.312 738.436 1110.916 -27.95431
329.2 809.356 976.053 1403.683 -38.98138
330.39 596.351 727.38 1086.817 -36.45383
331.58 574.832 542.908 969.366 7.48579
332.77 931.837 1253.081 1742.233 -65.67365
333.96 428.268 448.82 671.648 -9.22317
335.15 466.293 524.964 868.466 -17.08055
336.33 532.332 590.908 878.866 -20.34193
337.52 622.577 719.415 1040.504 -30.15935
338.71 581.802 710.45 1050.191 -37.86656
339.9 496.787 614.932 995.09 -31.0777
341.08 596.101 688.2 1067.812 -24.26123
342.27 735.66 879.475 1376.672 -28.92513
343.46 846.984 1063.729 1446.619 -56.60769
344.65 777.484 897.229 1356.119 -26.09451
345.83 849.464 983.257 1460.668 -28.02465
347.02 466.209 470.264 791.306 -1.26302
348.21 821.959 1021.584 1513.302 -40.59753
349.4 516.65 462.989 862.946 13.41675
350.58 559.709 718.045 1108.789 -40.52158
351.77 565.984 575.369 941.11 -2.56616
352.96 422.582 324.088 698.37 26.31542
354.14 654.945 619.926 1114.21 7.08478
355.33 544.052 536.13 920.695 2.06005
356.51 395.047 387.098 701.82 2.52593
357.7 686.425 679.734 1173.743 1.35425
358.89 506.337 511.721 949.225 -1.23074
360.07 841.792 915.105 1399.957 -15.12054
361.26 867.983 1061.79 1572.085 -37.97937
362.44 676.321 733.483 1177.108 -12.88524
363.63 585.488 481.743 950.435 22.13488
364.81 651.826 531.437 1069.458 22.37632
366.0 461.645 276.518 729.538 40.86503
367.18 1192.635 1403.392 2092.821 -30.56973
368.37 578.567 529.85 875.253 14.10424
369.55 739.542 737.065 1246.445 0.48626
370.74 840.287 911.572 1458.582 -13.03175
371.92 976.954 1158.332 1668.41 -35.55904
373.11 638.13 476.078 1016.963 29.96051
374.29 520.968 421.772 908.985 20.35999
375.48 679.267 531.741 1060.623 27.89404
376.66 563.317 441.53 902.257 26.43357
377.84 883.067 953.85 1582.253 -11.26403
379.03 581.052 405.051 908.67 34.94725
380.21 519.807 332.184 747.024 45.22769
381.39 421.787 266.212 675.074 38.05071
382.58 862.929 816.548 1409.101 7.82745
383.76 1063.14 1148.784 1715.705 -15.10679
384.94 1124.974 1254.164 1936.868 -18.92331
386.13 685.12 426.593 963.237 48.17482
387.31 832.199 618.339 1185.047 37.73717
388.49 681.929 474.688 1029.093 37.38088
389.68 840.121 637.952 1263.246 32.33173
390.86 860.111 567.466 1204.521 45.9371
392.04 1074.444 982.706 1677.693 13.19996
393.22 901.611 445.466 1111.021 68.536
394.41 875.419 473.202 1085.367 65.70405
395.59 726.988 193.463 865.952 79.3359
396.77 893.331 552.689 1295.349 45.86789
397.95 974.41 637.576 1375.151 45.66777
399.13 1181.464 792.678 1560.643 50.62543
400.31 1060.302 447.511 1233.657 77.94867
401.5 1230.473 626.304 1514.36 68.03279
402.68 1230.287 734.712 1616.074 56.22833
403.86 1081.875 434.445 1296.108 75.13726
405.04 1318.905 807.263 1861.292 48.54155
406.22 1103.738 367.783 1341.448 75.58608
407.4 1458.106 697.013 1747.671 72.43968
408.58 1570.851 814.301 1875.791 71.27242
409.76 1713.758 947.755 2029.398 70.81844
410.94 1478.111 624.466 1721.521 77.8124
412.12 1386.684 502.9 1505.972 88.10778
413.3 1363.523 359.093 1500.994 87.96115
414.48 1314.135 371.111 1363.838 94.99333
415.66 1423.895 445.277 1491.567 93.53221
416.84 2031.768 1233.1 2392.132 68.90818
418.02 1694.047 623.378 1795.303 91.35986
419.2 1536.777 419.586 1512.357 102.23475
420.38 1641.233 583.97 1792.589 87.47694
421.56 1547.292 427.245 1581.949 96.99867
422.74 1909.606 1081.794 2295.154 68.22475
423.92 1766.591 865.995 2097.57 73.12555
425.1 1675.635 464.111 1706.838 97.48919
426.28 1768.493 405.995 1712.327 104.29954
427.46 2448.371 1356.492 2799.259 75.67952
428.63 1914.336 571.861 2000.716 93.95462
429.81 1977.39 687.964 1968.209 100.71718
430.99 1924.14 754.784 2180.705 82.00711
432.17 2138.846 1145.347 2523.941 72.06609
433.35 2017.243 827.316 2288.823 81.41784
434.52 1722.567 155.069 1442.77 121.72841
435.7 1995.072 376.383 1827.128 111.57635
436.88 2377.39 840.104 2306.7 104.81998
438.06 2322.219 552.531 2072.014 116.46642
439.23 2219.758 399.115 1956.406 116.91085
440.41 2349.528 594.126 2298.869 102.97162
441.59 2424.743 828.456 2548.315 92.81502
442.77 2147.366 276.679 1951.4 111.70141
443.94 2537.229 760.657 2663.231 93.37726
445.12 2671.856 769.833 2568.167 105.76586
446.3 3030.88 1093.118 2946.475 104.55418
447.47 2994.934 666.72 2632.968 118.409
448.65 3210.861 720.646 2715.525 124.83038
449.82 3078.361 500.146 2418.525 134.3955
451.0 3197.189 609.213 2599.83 130.00873
452.18 3009.488 476.823 2644.96 116.81295
453.35 3211.851 530.16 2753.3 120.62629
454.53 3193.459 558.865 2819.285 116.5533
455.7 3324.047 334.238 2713.311 125.67117
456.88 3879.91 945.935 3424.159 118.39022
458.05 4020.905 591.763 3040.792 140.02046
459.23 4117.64 315.784 2806.205 152.6592
460.4 4486.851 580.16 3298.8 143.70022
461.58 4522.788 719.432 3462.09 138.67406
462.75 4382.856 315.333 3204.667 140.77721
463.93 4442.577 628.696 3520.987 131.86366
465.1 4445.042 525.065 3629.945 126.25214
466.28 4525.67 218.101 3243.888 142.36192
467.45 4601.851 146.66 3291.8 141.6532
468.63 5135.415 523.249 3846.018 138.80491
469.8 5670.763 870.287 4222.273 143.21287
470.97 5756.782 405.259 3823.724 156.54757
472.15 6093.244 595.675 4138.332 155.1821
473.32 6372.17 704.601 4322.388 156.65844
474.49 6366.616 859.499 4671.896 144.45287
475.67 6081.189 507.573 4177.839 151.85866
476.84 5837.435 327.08 4088.476 146.49759
478.01 6163.346 636.347 4688.941 136.38175
479.19 6245.082 548.728 4557.862 142.0844
480.36 6311.851 309.02 4472.808 144.16755
481.53 6704.062 596.897 4836.903 144.03669
482.7 7111.15 497.129 4733.938 156.10856
483.88 7346.675 275.774 4583.755 164.1349
485.05 7559.91 361.935 4823.659 161.32722
486.22 7647.709 478.405 4938.797 160.73259
487.39 7646.827 333.595 4795.508 163.90352
488.56 7723.327 485.876 5021.991 159.55173
489.74 7680.601 897.2 5619.313 143.65183
490.91 7222.386 242.651 4990.851 146.9975
492.08 7408.327 375.876 5230.491 144.86113
493.25 7416.091 278.714 5092.587 148.26684
494.42 7839.797 476.778 5228.824 154.9442
495.59 8061.185 417.26 5317.48 155.99144
496.76 8365.16 465.756 5367.155 161.16632
497.93 8724.381 610.478 5616.483 162.08338
499.1 8886.439 572.753 5591.843 165.64132
500.27 9024.788 1040.792 6267.099 152.76555
501.44 9075.842 1228.534 6296.083 154.85411
502.61 8384.896 423.137 5408.076 159.71627
503.78 8398.067 629.929 5761.278 151.38588
504.95 8518.758 1123.474 6516.415 137.12896
506.12 8126.057 696.943 5888.053 143.11224
507.29 8138.611 335.186 5433.538 153.05781
508.46 8207.376 32.165 5307.125 154.98147
509.63 9261.876 1258.165 6645.125 148.57565
510.8 9664.537 1179.612 6671.095 154.51064
511.97 9575.954 558.552 5824.426 171.24226
513.14 9729.498 258.528 5792.702 171.1361
514.31 10129.194 785.746 6241.206 171.26785
515.48 9948.886 495.01 6045.359 170.3294
516.65 9824.18 525.087 6124.614 166.06926
517.81 9589.777 355.806 5922.374 165.88268
518.98 9591.483 695.01 6349.102 157.34574
520.15 9267.053 161.13 5858.695 159.82131
521.32 9607.292 703.605 6464.457 154.55503
522.49 10201.641 1502.503 7468.221 145.81878
523.65 10345.616 1158.859 7184.404 152.4635
524.82 10367.189 638.073 6545.839 164.68351
525.99 10361.131 78.517 6017.496 173.13774
527.16 11006.719 631.25 6882.031 165.98677
528.32 11423.988 730.182 7018.969 170.04562
529.49 11650.782 411.619 6654.732 180.02498
530.66 11678.264 114.367 6539.298 179.98475
531.82 11797.146 180.957 6592.071 181.18829
532.99 11866.675 320.274 6997.255 172.92846
534.16 11836.063 444.256 7148.912 169.9089
535.32 12022.587 794.401 7641.229 163.99107
536.49 12025.832 294.408 7207.866 169.68966
537.65 12666.699 1011.059 8080.564 164.87208
538.82 12290.146 321.816 7430.58 168.36022
539.99 12776.837 642.721 8076.725 163.22451
541.15 13549.316 818.39 8357.766 168.85916
542.32 13884.783 147.979 7854.74 178.24354
543.48 14998.41 811.155 8785.676 177.90731
544.65 15431.444 992.785 8917.718 182.19283
545.81 16782.287 1483.292 10133.099 176.87095
546.98 16607.695 503.106 9285.714 183.3691
548.14 17451.287 783.792 9857.099 183.69813
549.31 17415.105 402.873 9415.179 188.7667
550.47 17435.557 469.443 9763.554 182.54693
551.63 17931.777 914.806 10766.874 172.72486
552.8 17858.557 454.584 10034.545 181.6706
553.96 17836.371 459.852 10240.767 177.6574
555.13 18135.303 391.45 10690.69 172.28312
556.29 18847.959 934.084 11394.302 171.25719
557.45 18829.768 274.46 10552.64 180.53107
558.62 19461.916 523.468 11224.534 176.97721
559.78 20088.195 771.606 11627.214 177.94111
560.94 20266.906 371.982 11276.809 182.44146
562.11 21377.082 391.088 11510.37 188.73515
563.27 21873.16 157.975 11361.672 193.82161
564.43 22292.465 32.397 11656.66 191.4966
565.59 22784.783 205.838 12004.749 191.36466
566.76 23242.189 351.073 12192.839 193.3083
567.92 23834.65 571.349 12448.455 195.86675
569.08 23830.488 715.042 13216.978 184.89494
570.24 23687.975 352.024 12896.877 186.02012
571.4 24068.861 226.366 12819.042 189.33621
572.57 23822.406 367.342 13100.317 184.20725
573.73 23509.377 55.524 13072.134 180.18404
574.89 24352.381 452.697 13544.0 182.56154
576.05 24777.131 476.158 13770.987 182.78514
577.21 24677.592 157.714 13514.587 183.57499
578.37 25126.426 18.954 13640.76 184.31823
579.53 25852.543 193.644 13978.47 186.13873
580.69 26694.244 597.535 14724.34 184.73186
581.85 27017.699 351.919 14327.072 190.8085
583.01 27888.352 401.88 14435.816 195.85718
584.17 28117.635 484.83 14656.854 194.98135
585.33 28738.631 572.517 14948.496 195.92484
586.49 28848.307 377.763 14735.049 198.30032
587.65 28528.797 573.278 15187.824 191.28557
588.81 28551.754 566.521 15553.064 186.73574
589.97 28845.689 929.433 15628.847 189.91408
591.13 28068.852 421.02 15287.808 185.97045
592.29 28102.092 336.574 15254.096 186.12688
593.45 27712.326 213.595 14965.508 186.4079
594.61 27963.955 134.052 15178.927 184.97929
595.77 27579.67 196.961 15395.896 180.16202
596.93 27802.303 91.091 14998.683 185.88657
598.09 28365.439 382.753 15545.343 184.55084
599.24 28467.846 138.067 15446.458 185.06046
600.4 28623.307 291.763 15433.549 187.10834
601.56 28564.219 233.39 15322.522 187.75651
602.72 29294.563 368.616 15465.42 191.60312
603.87 29969.627 473.064 15310.146 198.80299
605.03 29835.063 232.116 15238.92 197.2635
606.19 30163.508 148.514 14826.428 204.49087
607.35 29512.592 -3.926 15131.096 195.02131
608.5 29749.047 594.457 15492.328 195.69635
609.66 29642.287 989.651 15859.107 192.69458
610.82 29347.033 146.299 15137.236 194.78925
611.97 28536.459 125.084 14915.802 192.08923
613.13 29037.342 573.754 15514.6 190.50854
614.29 27988.273 496.993 15383.016 184.67848
615.44 28054.365 717.539 15456.908 185.46809
616.6 27605.42 180.141 14843.401 187.03398
617.76 27620.018 663.0 15414.652 182.73897
618.91 27815.426 726.314 15170.268 187.54638
620.07 27331.234 641.049 15204.114 183.27313
621.22 27412.346 17.567 14577.958 188.1459
622.38 28248.959 1061.084 15637.302 186.52215
623.53 27637.361 78.366 14625.542 189.44567
624.69 27950.797 112.137 14268.832 196.6466
625.84 27945.988 217.542 14299.978 196.90093
627.0 27994.891 488.964 14831.709 191.77589
628.15 28294.072 -0.398 14734.646 192.02163
629.31 28190.744 318.175 14728.331 193.42309
630.46 28267.416 -23.532 14344.034 196.90842
631.61 28010.676 374.134 14629.264 193.87085
632.77 28361.734 228.189 14833.106 192.63064
633.92 28060.852 495.38 14691.816 194.17177
635.08 28104.813 949.577 15177.407 190.85999
636.23 27652.906 308.482 14744.809 189.414
637.38 26974.15 -74.511 14334.446 187.72116
638.54 27445.686 654.76 15135.48 185.011
639.69 26928.537 936.831 15459.111 178.97813
640.84 27028.629 490.402 14738.753 186.25473
641.99 27052.361 97.409 14039.882 193.32978
643.15 27482.092 816.916 14835.512 190.21289
644.3 26835.324 95.422 14179.142 189.86392
645.45 26466.055 -58.071 14110.771 187.20037
646.6 27345.287 811.436 15075.401 186.02016
647.75 27405.018 161.942 14418.031 191.09782
648.91 27365.25 -136.551 13971.661 194.9347
650.06 27457.98 225.455 14825.291 186.52624
651.21 28297.713 417.462 14565.42 197.06202
652.36 28216.943 450.969 14709.05 194.73851
653.51 27569.176 101.475 14213.68 194.63792
654.66 27764.406 273.982 14861.81 188.44769
655.81 28228.139 651.989 15048.939 191.5416
656.96 28083.869 69.495 14402.569 195.45266
658.11 28332.102 365.002 14800.199 193.74241
659.27 28044.332 531.009 14925.328 191.14015
660.42 27838.563 29.015 14459.958 192.70777
661.57 28147.295 421.022 14835.088 192.35567
662.72 27435.025 -139.971 14611.718 186.92772
663.87 27563.258 -99.965 14122.848 194.49896
665.01 27572.488 316.042 14693.978 189.57135
666.16 27908.721 41.049 14739.607 189.59459
667.31 27940.951 95.555 14982.237 187.04904
668.46 28431.684 760.562 15722.366 184.94509
669.61 27900.914 206.069 15547.996 180.51738
670.76 28755.146 4.575 15214.626 189.02351
671.91 28747.877 769.582 16378.756 179.24264
673.06 30115.609 519.589 16014.886 191.00002
674.21 28663.34 -161.405 15583.016 183.07911
675.35 29767.072 284.102 15720.146 191.00082
676.5 29525.303 167.609 15849.774 187.20433
677.65 29755.535 72.615 15783.904 188.92734
678.8 29744.266 -110.878 15727.034 188.50429
679.94 31018.998 40.629 16048.164 193.52367
681.09 31487.729 370.135 17049.793 186.56014
682.24 32110.461 363.142 17513.924 185.10712
683.39 31794.691 -1.851 17222.553 184.6017
684.53 32994.422 558.155 17196.684 194.94673
685.68 32574.154 214.662 17614.813 185.97248
686.83 32807.887 301.169 17607.443 187.83198
687.97 32237.617 298.175 17622.072 184.36638
689.12 33325.848 178.182 17514.703 191.20137
690.27 32047.58 68.189 17408.832 184.41871
691.41 32515.313 468.195 17969.961 183.10791
692.56 32118.543 358.702 17742.592 182.69698
693.7 33340.273 378.709 17681.721 190.49611
694.85 33100.508 48.215 17192.852 192.78503
695.99 32872.738 398.222 17794.98 186.66993
697.14 32732.969 184.229 17551.111 187.41844
698.28 32949.699 342.735 18251.74 182.07022
699.43 33036.434 391.242 18390.369 181.37097
700.57 32401.664 -74.251 17710.5 182.60539
701.72 33167.395 -50.745 17219.129 192.34732
702.86 32626.127 -107.738 17549.26 185.38749
704.01 33597.359 50.269 17415.389 193.18663
705.15 33692.09 433.275 18332.02 185.81647
706.29 34095.82 126.782 17723.648 193.04027
707.44 33692.051 171.288 18374.777 184.14471
708.58 34090.785 -124.205 17936.408 189.44534
709.72 33649.016 629.302 18731.037 182.41187
710.87 34491.246 -137.192 17783.168 193.23517
712.01 33901.977 0.315 17644.297 192.14292
713.15 34088.211 217.322 18427.928 185.9954
714.3 34077.941 348.828 17921.557 191.94011
715.44 34138.172 92.335 18611.186 183.84422
716.58 33940.402 277.342 18420.816 185.53811
717.72 33847.637 52.848 18398.945 184.20697
718.87 34744.867 240.855 18262.076 191.46323
720.01 33172.598 117.362 18078.205 184.04056
721.15 33728.828 -54.132 17879.836 188.37415
722.29 33696.559 345.875 18022.965 188.66614
723.43 33805.293 498.882 18553.596 184.47488
724.57 33832.023 450.388 18287.225 187.14998
725.72 32995.254 244.895 18067.354 183.75893
726.86 33176.484 678.902 18459.484 182.77007
728.0 33296.719 164.408 17772.113 188.16939
729.14 33411.949 -2.085 17477.244 191.16314
730.28 32952.18 481.422 17805.373 187.43275
731.42 32988.41 10.928 17753.004 185.87161
732.56 33572.645 722.435 18545.133 184.31671
733.7 32862.875 386.942 18597.262 178.33807
734.84 32905.605 -127.052 17331.393 189.20734
735.98 33459.836 148.955 17932.521 187.31271
737.12 33320.07 -3.038 17789.152 187.29064
738.26 33087.301 17.468 17486.281 189.30784
739.4 33312.031 228.475 17917.912 187.02436
740.53 33036.762 407.482 18162.541 183.77455
741.67 32250.994 273.488 17733.67 183.14532
742.81 33415.727 -222.505 17185.301 193.23648
743.95 32482.957 241.002 17969.93 181.86072
745.09 32246.689 19.508 17370.561 185.73618
746.23 32168.92 399.515 17605.189 184.64493
747.36 32278.652 453.522 17477.32 186.94494
748.5 32112.883 60.028 17069.949 188.43623
749.64 31017.615 25.035 17006.078 182.51282
750.78 31332.346 -5.458 16833.209 186.1062
751.92 31483.078 74.548 16909.838 186.56364
753.05 30702.809 155.555 16258.969 189.69427
754.19 31537.041 635.562 16783.098 191.36963
755.33 30092.271 -151.932 16117.228 185.89899
756.46 29976.504 245.075 16057.357 188.02743
757.6 29383.734 82.082 15697.487 187.6458
758.74 29053.967 562.088 16315.617 180.86029
759.87 29083.697 244.595 16092.247 181.97713
761.01 28096.93 271.102 15563.377 181.96002
762.14 28272.16 234.608 15825.006 179.83859
763.28 29025.893 408.115 15272.136 192.53053
764.41 27991.623 249.121 15157.766 186.08333
765.55 27637.355 -123.872 14748.896 186.65812
766.69 26813.586 289.635 15202.025 177.86519
767.82 27164.818 266.641 15014.155 182.39126
768.95 27139.549 26.148 14525.285 187.0001
770.09 26584.281 737.655 15281.915 177.71015
771.22 26747.012 661.661 15275.044 178.50316
772.36 26273.744 504.168 14678.674 181.80229
773.49 25944.475 489.175 14838.804 177.39344
774.63 25728.207 196.181 14003.434 184.9175
775.76 24578.438 154.688 13969.563 176.79312
776.89 25248.17 428.195 14067.693 181.97132
778.03 25165.4 360.201 13450.823 189.48832
779.16 24572.133 8.708 13358.952 183.99233
780.29 24049.863 308.215 13035.582 186.54014
781.43 24749.596 606.221 13093.712 193.34048
782.56 23136.826 315.228 13181.842 177.37066
783.69 23082.057 11.735 12475.972 185.09213
784.82 22264.789 233.241 12821.602 175.01523
785.96 22189.02 116.748 12587.731 176.98902
787.09 22121.252 204.255 12186.361 182.91439
788.22 21808.482 394.261 12237.99 180.80641
789.35 21452.215 157.768 11739.62 183.86046
790.48 21471.945 142.275 12009.25 179.73974
791.62 20633.678 580.281 11944.38 176.46271
792.75 20612.408 5.288 11194.01 184.17761
793.88 20016.641 737.795 11788.14 174.46375
795.01 20333.371 353.801 11355.77 181.59996
796.14 20443.104 404.808 11514.898 180.36123
797.27 19034.334 493.815 11487.528 168.64655
798.4 19172.566 283.321 10909.158 177.76713
799.53 18502.797 -4.672 10310.788 179.41487
800.66 18430.529 316.335 10739.418 173.78921
801.79 19145.76 1276.841 11846.548 169.05785
802.92 18102.492 199.848 10216.178 178.73457
804.05 17730.223 381.855 10327.308 174.43517
805.18 17187.455 290.861 10017.937 173.70683
806.31 17969.186 215.868 9756.066 186.0896
807.44 17269.918 -64.625 9580.196 179.72902
808.57 17406.648 400.381 10089.826 175.51333
809.69 17111.881 400.888 9940.456 175.17557
810.82 16094.112 -163.605 9102.586 175.452
811.95 17183.344 988.401 10112.216 177.50188
813.08 15927.075 103.908 8928.345 179.31079
814.21 16534.807 1064.915 10169.975 169.90434
815.33 16067.537 282.921 9203.104 176.95394
816.46 15488.269 308.928 9013.734 174.37884
817.59 15215.5 847.435 9490.864 166.23107
818.72 15184.231 504.441 8670.494 179.76604
819.84 15331.463 896.448 9116.124 175.61537
820.97 14524.694 446.454 8550.754 173.71322
822.1 14209.926 593.961 8538.383 171.39026
823.22 13641.657 -30.532 7767.513 175.32843
824.35 14015.389 92.474 7844.143 179.61185
825.48 13729.12 574.481 7850.272 180.80011
826.6 13113.352 310.488 7455.902 179.17594
827.73 13258.083 -144.506 7245.032 181.3725
828.85 12827.314 268.501 7361.662 177.05525
829.98 13087.546 610.008 7638.292 177.53322
831.11 12338.777 70.014 6945.921 178.43119
832.23 12566.009 81.521 6962.051 181.44661
833.36 12632.74 524.528 7592.181 171.31872
834.48 11938.472 259.034 6894.811 176.0071
835.6 12178.203 482.041 7014.94 179.03478
836.73 12132.935 -7.952 6711.07 180.69425
837.85 11616.666 535.054 6989.7 171.68428
838.98 11064.397 -104.439 6228.33 176.36578
840.1 11775.129 458.568 6766.959 179.38902
841.23 11252.36 371.074 6570.589 175.51836
842.35 11170.092 720.581 7111.219 163.5128
843.47 11287.323 248.588 6354.849 180.77733
844.6 10608.055 26.594 6149.978 172.80414
845.72 10753.286 155.101 6077.608 178.94762
846.84 10823.018 134.608 5955.738 183.614
847.96 10766.749 139.114 5813.368 187.29574
849.09 10592.48 58.121 5820.497 182.81277
850.21 10787.212 232.628 5935.127 185.08699
851.33 10321.943 385.134 5976.757 177.70887
852.45 9673.175 25.141 5610.387 172.74144
853.57 9814.906 232.148 5832.016 171.12471
854.7 9639.138 67.654 5477.146 176.93868
855.82 9551.869 -0.339 5659.776 168.7635
856.94 9562.101 485.168 5827.405 169.90882
858.06 9091.832 -64.326 5132.035 176.20327
859.18 9089.563 425.181 5653.165 165.73085
860.3 9367.295 244.688 5345.295 178.85335
861.42 9188.526 -89.306 5013.424 181.82095
862.54 8709.758 -65.799 4962.554 174.52149
863.66 9079.989 50.708 4975.184 183.35516
864.78 8870.221 186.714 5073.814 177.6822
865.9 8759.952 244.221 5222.943 171.0425
867.02 9213.184 1277.228 6443.073 153.62356
868.14 9278.915 879.234 5701.203 174.19608
869.26 8585.646 575.741 5163.833 174.58031
870.38 8194.378 -90.252 4456.962 182.19131
871.5 8110.109 -94.746 4453.592 180.39237
872.62 8221.341 69.761 4578.222 180.80625
873.74 8178.072 699.268 5511.852 155.40101
874.85 7983.188 40.271 4430.417 180.92604
875.97 7747.188 286.271 4564.417 174.39604
877.09 8141.688 373.271 4811.917 175.01773
878.21 7287.688 220.771 4370.917 170.28117
879.33 7706.188 334.771 4641.417 171.16376
880.44 7283.688 254.771 4375.417 170.57804
881.56 6833.188 111.271 4114.417 167.91586
882.68 6960.688 256.271 4367.917 163.0592
883.79 7562.688 826.771 4988.417 161.85704
884.91 6976.188 -58.229 3702.917 187.02855
886.03 6855.688 456.271 4455.417 160.01959
887.14 6994.188 659.271 4800.417 152.97498
888.26 7200.688 777.271 4809.917 159.28542
889.38 7356.688 636.271 4577.417 170.51937
890.49 6959.188 -89.729 4014.417 171.75112
891.61 7568.188 307.771 4176.917 187.64909
892.72 6960.688 -13.229 4058.417 171.28004
893.84 7492.688 -99.229 3906.917 189.50674
894.95 6973.188 -87.229 3941.917 175.23358
896.07 7329.188 152.271 4075.417 182.9378
897.18 7244.688 384.271 4307.417 174.8703
898.3 6752.688 -41.229 3881.917 173.17522
899.41 7124.188 577.271 4446.917 169.18646
900.53 6937.188 335.771 4029.417 178.72359
901.64 7037.188 462.271 4350.417 169.1016
902.75 6848.188 262.771 4055.917 173.61359
903.87 6712.688 116.771 3876.417 175.43984
904.98 6661.688 403.771 4044.917 171.86668
906.09 6606.188 235.771 3943.917 171.7952
907.21 6252.188 438.771 3919.917 166.99721
908.32 6568.688 198.271 3488.417 193.6211
909.43 6298.688 650.771 3977.917 169.7526
910.54 6260.688 280.271 3820.917 168.9075
911.66 6477.188 1160.771 4581.417 155.42144
912.77 5640.188 85.771 3214.417 177.53421
913.88 5706.688 300.271 3645.417 161.61976
914.99 5500.688 69.271 3371.417 164.48143
916.1 5728.188 349.771 3617.417 164.59607
917.22 5105.688 58.771 2918.417 176.48747
918.33 5519.188 688.771 3724.917 159.09699
919.44 5379.688 270.271 3384.417 164.0712
920.55 5719.188 660.771 3674.417 167.8504
921.66 5219.688 428.771 3272.917 168.44834
922.77 5152.188 488.271 3282.417 166.91743
923.88 5187.688 623.271 3542.917 156.3346
924.99 5078.188 373.771 3227.417 164.85636
926.1 4704.188 -11.229 2623.917 178.94329
927.21 4894.688 652.771 3484.417 149.80392
928.32 4166.188 -84.729 2456.417 167.28345
929.43 4429.188 251.771 2756.917 166.75343
930.54 4126.688 111.271 2439.417 172.47272
931.65 4199.188 266.271 2607.917 167.95523
932.76 4172.688 381.771 2750.917 160.01195
933.86 3965.188 302.271 2464.417 169.41117
934.97 3978.188 113.771 2305.417 176.32486
936.08 3549.188 164.771 2138.417 171.48044
937.19 3717.188 708.271 2768.917 146.01813
938.3 3191.688 472.271 2273.917 150.94068
939.4 3206.188 674.771 2431.417 144.10512
940.51 2781.688 305.271 1864.417 158.83163
941.62 2762.688 503.771 1984.417 152.56293
942.73 2944.188 1102.771 2513.917 130.49088
943.83 2333.188 302.771 1592.417 157.43987
944.94 2358.188 338.271 1721.417 146.03787
946.05 2098.188 -35.729 1180.417 175.46553
947.15 2221.188 -25.729 1255.417 175.38337
948.26 2380.188 228.771 1623.917 154.2073
949.36 2421.188 98.271 1469.917 169.35252
950.47 2637.688 326.771 1819.917 154.76832
951.57 2824.688 844.771 2349.917 131.54317
952.68 2667.688 568.771 1976.417 149.1083
953.79 2690.688 439.271 2026.417 141.85317
954.89 2567.688 121.771 1668.417 158.1433
955.99 2711.688 391.271 2152.917 131.71868
957.1 2643.188 230.271 1637.417 171.47595
958.2 2565.188 271.271 1806.417 149.42663
959.31 2711.688 455.771 2090.917 137.96424
960.41 2505.188 130.271 1642.917 157.00415
961.52 2507.688 10.271 1452.917 173.11364
962.62 2681.188 493.771 1946.917 150.52975
963.72 2391.688 -50.729 1492.417 158.27517
964.83 2521.188 -70.729 1396.917 176.60369
965.93 2620.688 341.771 1883.917 147.7757
967.03 2784.688 714.271 2232.917 136.33307
968.13 2649.188 466.771 1975.417 144.66064
969.24 2462.188 175.771 1604.417 160.04084
970.34 2550.688 206.771 1605.917 167.52483
971.44 2523.688 265.771 1650.417 163.06818
972.54 2569.688 346.771 1881.917 144.80167
973.64 2290.688 142.271 1643.917 143.0708
974.75 2831.188 1069.771 2472.917 125.53339
975.85 3925.188 3162.271 4867.417 44.74203
976.95 2217.188 189.771 1479.917 157.14632
978.05 2540.688 525.771 1934.917 142.98852
979.15 2672.688 896.271 2298.917 126.64755
980.25 2185.688 99.771 1282.917 176.30259
981.35 2098.188 179.271 1406.417 156.37235
982.45 2713.188 891.771 2297.417 129.57863
983.55 2317.688 462.771 1760.417 142.94476
984.65 2182.688 418.271 1628.917 145.74178
985.75 2223.188 675.271 1828.917 134.17608
986.85 2066.188 372.271 1638.417 133.78528
987.95 1932.188 185.271 1345.917 150.51247
989.05 2189.188 783.271 2071.417 109.14266
990.15 2124.188 628.271 1710.417 138.23615
991.25 1894.688 443.271 1513.917 135.5646
992.34 2094.688 835.771 1982.917 109.74339
993.44 1853.188 478.271 1473.917 138.09295
994.54 1881.688 386.771 1334.417 157.75057
995.64 2035.188 731.271 1754.417 127.44192
996.74 1960.188 789.271 1829.917 112.51827
997.83 1525.688 73.771 1008.417 155.34404
998.93 1637.188 315.271 1299.917 134.25302
1000.03 2103.188 1230.771 2285.917 82.68209
1001.12 1848.188 704.771 1735.417 110.94177
1002.22 1798.188 729.271 1828.417 97.24976
1003.32 1418.188 272.271 1190.917 124.73977
1004.41 1540.188 467.271 1408.417 114.00111
1005.51 1475.188 402.771 1217.917 131.56133
1006.6 1322.188 188.771 987.917 141.82851
1007.7 1551.688 624.271 1470.917 109.5401
1008.8 1204.188 103.271 755.917 168.68515
1009.89 1477.688 577.771 1331.917 119.32927
1010.99 1392.188 384.771 1149.417 131.74946
1012.08 1176.188 47.271 826.417 144.89157
1013.18 1338.688 394.271 1240.917 111.54803
1014.27 1328.688 202.271 1009.417 139.55553
1015.36 1409.188 334.271 1124.417 136.0403
1016.46 1445.188 402.771 1194.917 131.59404
1017.55 1162.688 148.271 862.917 141.94676
1018.65 1414.688 496.771 1208.917 128.89449
1019.74 1445.188 586.771 1441.917 100.38249
1020.83 1314.688 505.271 1239.417 110.25285
1021.93 1227.688 280.271 1081.417 118.25771
1023.02 1017.688 38.271 740.917 139.3898
1024.11 1031.688 63.771 754.417 140.1466
1025.2 1077.188 88.271 722.417 155.94467
1026.3 1208.688 454.271 1131.917 111.32906
1027.39 1170.688 597.771 1268.417 85.42761
1028.48 1102.688 486.771 1072.417 105.1688
1029.57 978.688 312.771 901.917 113.03087
1030.66 1039.688 451.771 1035.417 100.73176
1031.75 1643.188 1483.271 2155.917 23.77427
1032.84 1081.688 652.771 1237.417 73.36351
1033.94 778.188 161.271 678.417 119.29259
1035.03 1087.188 773.771 1262.917 64.07429
1036.12 771.688 90.271 614.917 129.88126
1037.21 700.688 66.771 609.417 116.81959
1038.3 928.188 522.771 1049.417 76.9809
1039.39 677.688 153.271 549.417 132.37969
1040.48 849.188 455.771 904.417 87.6898
1041.57 935.688 616.271 1021.917 78.74274
1042.66 798.188 441.771 862.917 84.63022
1043.74 844.688 508.271 928.417 80.0714
1044.83 807.688 543.271 974.917 61.25778
1045.92 582.688 45.771 481.917 123.10485
1047.01 831.188 617.771 1054.417 48.87638
1048.1 522.688 96.771 402.417 139.34974
1049.19 728.188 502.271 822.417 70.56679
1050.27 672.688 342.271 705.417 90.98732
1051.36 616.688 305.271 681.417 82.79147
1052.45 709.188 469.771 875.417 59.0211
1053.54 655.688 466.771 758.417 64.77605
1054.62 662.688 525.271 900.417 36.6302
1055.71 629.188 467.771 822.917 45.45081
1056.8 698.688 688.271 1055.917 2.83335
1057.88 522.188 328.771 652.417 59.76182
1058.97 613.688 458.771 804.417 44.81948
1060.06 795.688 834.771 1296.917 -8.45692
1061.14 492.188 367.771 664.417 41.94114
1062.23 1240.688 1608.271 2089.917 -76.31818
1063.31 615.688 547.271 887.917 20.0844
1064.4 479.188 279.271 610.417 60.37118
1065.48 601.188 526.771 738.917 35.07807
1066.57 521.188 362.771 691.917 48.12962
1067.65 531.188 543.771 885.417 -3.68315
1068.74 505.688 357.271 635.417 53.35929
1069.82 552.188 544.271 856.417 2.53621
1070.9 1551.188 2151.771 2635.417 -124.17827
1071.99 576.688 561.771 908.917 4.29695
1073.07 614.188 491.771 826.917 36.52638
1074.15 636.188 576.771 914.417 17.59734
1075.24 543.688 526.771 764.417 7.11844
1076.32 586.688 625.771 880.417 -15.3481
1077.4 794.688 963.771 1324.417 -46.88348
1078.49 389.688 218.271 494.417 62.07469
1079.57 664.688 655.271 905.917 3.75697
1080.65 714.688 866.771 1207.917 -44.58015
1081.73 509.188 382.771 651.417 47.05699
1082.81 323.188 238.271 479.917 35.14096
1083.89 518.688 548.771 799.417 -12.00232
1084.98 546.688 533.271 847.417 4.27085
1086.06 388.688 267.771 470.917 59.5221
1087.14 385.688 283.771 487.417 50.04604
1088.22 457.688 524.771 765.417 -27.87636
1089.3 302.188 261.771 458.417 20.55302
1090.38 830.188 1101.771 1433.417 -81.8896
1091.46 553.688 598.771 838.417 -18.81247
1092.54 360.188 405.771 657.917 -18.07817
1093.62 422.688 412.771 674.917 3.78288
1094.7 321.688 186.271 429.417 55.6936
1095.78 432.688 490.771 699.917 -27.77169
1096.86 514.688 545.771 843.917 -10.42554
1097.93 825.688 1146.271 1458.417 -102.7031
1099.01 634.688 802.271 1099.917 -56.30293
1100.09 283.188 334.271 492.917 -32.19962
