196.55 1324.381 2496.717 2886.567 -300.71457
197.76 1819.463 3800.704 4436.287 -311.72069
198.96 1690.355 3596.637 3977.441 -500.59467
200.16 1121.0 2217.541 2638.016 -260.78602
201.36 1951.453 4129.822 4611.604 -452.1484
202.56 1379.654 2681.073 3184.465 -258.52963
203.76 1091.302 2135.104 2536.268 -260.19311
204.96 1267.45 2509.135 3166.07 -189.01159
206.16 957.969 1681.46 2228.742 -132.19698
207.36 1665.984 3287.843 3808.572 -311.45968
208.56 1432.142 2790.816 3250.863 -295.33423
209.76 878.645 1640.444 2060.091 -181.5335
210.96 1293.303 2473.917 2848.882 -314.8606
212.16 2510.132 5252.875 5767.875 -532.57135
213.36 1558.841 3010.754 3486.111 -305.4364
214.56 1236.042 2391.318 2802.586 -280.906
215.76 2269.802 4838.104 5375.768 -477.67778
216.96 1902.908 4114.857 4511.5 -557.66815
218.16 1348.049 2745.633 3194.347 -311.46413
219.35 1081.326 2041.87 2376.781 -286.80597
220.55 1289.933 2530.937 2941.626 -302.17592
221.75 1116.634 2156.188 2581.488 -244.42834
222.95 1916.2 3955.792 4442.877 -418.73331
224.15 1445.793 3057.475 3442.893 -418.1647
225.35 1121.507 2274.796 2723.971 -256.75721
226.55 1093.79 2166.348 2552.666 -277.63603
227.75 1787.2 3635.292 4039.877 -456.78606
228.94 1492.645 3080.444 3441.591 -439.6551
230.14 1454.179 2645.653 3001.092 -335.21158
231.34 1111.25 2205.884 2526.209 -341.7262
232.54 1070.357 2053.451 2332.554 -352.23275
233.74 1075.443 2198.879 2504.115 -368.05538
234.93 1073.899 2144.229 2552.125 -262.40223
236.13 1298.482 2606.03 3054.958 -291.2596
237.33 1271.813 2551.8 2751.564 -640.74844
238.53 1126.041 2304.004 2734.972 -273.32971
239.72 1754.07 3724.772 4236.632 -385.00745
240.92 833.002 1571.854 1948.129 -196.3598
242.12 1651.665 3173.269 3673.762 -304.02116
243.31 1004.769 2086.709 2491.88 -267.03262
244.51 932.106 1743.794 2002.748 -313.44931
245.71 1650.647 3250.758 3703.204 -353.6575
246.9 2050.106 4376.794 4973.748 -389.76022
248.1 1336.873 2589.148 3066.998 -262.06457
249.3 1272.746 2533.756 2941.481 -309.27959
250.49 1250.657 2339.7 2750.193 -265.30156
251.69 1413.644 2706.63 3336.977 -205.12321
252.89 1265.351 2611.696 3014.599 -334.16086
254.08 888.145 1535.444 1814.591 -231.88504
255.28 1274.694 2489.536 2954.422 -261.32073
256.47 901.948 1633.821 2015.457 -191.77257
257.67 1434.151 2988.699 3400.546 -377.45788
258.86 1566.13 3304.061 3672.76 -471.36708
260.06 1238.139 2428.689 2933.635 -235.77759
261.26 1835.339 3935.44 4351.497 -504.76229
262.45 1242.929 2398.996 2822.785 -272.79293
263.65 848.369 1365.707 1799.157 -119.35372
264.84 1504.267 2898.395 3396.266 -280.01766
266.04 1091.851 1970.196 2451.099 -182.64486
267.23 782.386 1512.718 1745.214 -314.12631
268.42 1044.036 1904.063 2275.131 -231.77088
269.62 1295.323 2459.242 2803.053 -338.53519
270.81 1262.806 2474.545 2968.109 -245.50778
272.01 1194.893 2432.973 2909.17 -259.99375
273.2 1496.242 3105.315 3586.14 -334.64842
274.4 961.854 1768.323 2216.327 -180.0141
275.59 1368.515 2897.424 3232.845 -455.81781
276.78 1266.217 2479.489 2941.821 -262.42443
277.98 1089.316 2193.487 2570.098 -293.1863
279.17 1234.127 2297.433 2707.033 -259.59605
280.37 1159.491 2245.158 2712.333 -232.39003
281.56 872.176 1526.525 1861.864 -195.1305
282.75 940.186 1731.408 2138.547 -194.33693
283.95 1146.012 2307.297 2542.118 -494.53982
285.14 1222.048 2366.319 2815.233 -254.89764
286.33 998.424 1992.554 2221.944 -433.38166
287.52 1274.313 2536.36 3024.37 -258.6105
288.72 1477.312 3159.546 3695.256 -314.01912
289.91 1776.961 3798.391 4221.673 -477.56064
291.1 1372.732 2732.373 3183.151 -301.6206
292.29 1218.233 2588.186 2972.765 -356.22187
293.49 1307.281 2760.465 3181.482 -345.16001
294.68 925.318 1941.301 2177.212 -430.66435
295.87 1108.126 2132.119 2479.419 -294.84426
297.06 1343.497 2601.913 3054.288 -278.17998
298.26 685.976 1255.274 1427.003 -331.51086
299.45 1085.269 2023.709 2450.88 -219.68696
300.64 1115.433 2208.437 2584.126 -290.93301
301.83 1174.25 2369.384 2748.709 -315.06872
303.02 1057.059 1826.516 2165.53 -226.9688
304.21 1429.275 2868.464 3270.835 -357.6765
305.4 1119.415 2276.426 2646.569 -312.58491
306.59 1340.448 2563.821 2900.957 -362.87244
307.79 1078.875 2192.962 2560.612 -303.0294
308.98 831.679 1664.653 2044.092 -219.52748
310.17 1400.361 2640.698 3111.893 -263.23161
311.36 1109.02 2176.925 2700.993 -203.77232
312.55 1892.325 3882.115 4453.472 -348.25717
313.74 834.89 1523.346 1940.942 -164.86165
314.93 1427.142 2807.316 3359.863 -249.78436
316.12 1082.947 2160.007 2656.843 -216.78405
317.31 703.711 1166.234 1479.866 -147.47325
318.5 871.39 1553.346 1911.942 -190.17378
319.69 1156.585 2309.155 2706.462 -290.09552
320.88 1014.253 1925.511 2534.436 -149.65042
322.07 937.442 1737.566 2085.001 -230.2942
323.26 925.844 1705.381 2074.838 -210.99537
324.45 744.676 1142.525 1465.864 -123.04385
325.64 1188.334 2124.998 2568.655 -211.12345
326.83 1339.232 2560.373 3100.151 -226.22999
328.01 1090.784 1950.092 2391.71 -194.58199
329.2 1329.375 2597.462 3199.112 -210.7683
330.39 1036.997 1859.413 2350.788 -167.37042
331.58 891.64 1561.003 2048.749 -137.23573
332.77 1564.518 3265.552 3842.073 -295.0512
333.96 673.693 1141.723 1498.308 -131.2532
335.15 822.927 1434.182 1861.671 -142.98721
336.33 848.64 1532.503 2022.249 -139.63601
337.52 1029.176 1892.025 2372.364 -179.63328
338.71 1078.855 1937.637 2292.941 -241.70377
339.9 995.222 1745.49 2297.468 -135.9234
341.08 1068.583 1919.841 2312.848 -216.60124
342.27 1288.481 2526.216 3119.844 -208.5032
343.46 1488.771 2680.022 3237.994 -213.49694
344.65 1257.771 2637.522 3133.994 -277.91165
345.83 1476.914 2724.112 3359.955 -196.14888
347.02 785.45 1284.135 1654.07 -134.80315
348.21 1508.536 2798.063 3437.631 -201.62471
349.4 899.052 1372.76 2004.075 -75.03523
350.58 1131.295 1941.848 2655.813 -113.52855
351.77 998.943 1479.379 2169.615 -69.60464
352.96 728.054 917.574 1612.688 -27.26462
354.14 1162.23 1794.559 2536.037 -85.27946
355.33 889.769 1388.209 2177.38 -63.15989
356.51 787.064 1053.516 1710.177 -40.5769
357.7 1110.719 1917.862 2633.74 -112.74866
358.89 946.191 1294.409 2244.694 -36.64348
360.07 1425.6 2468.539 3274.792 -129.35622
361.26 1636.462 2822.45 3719.978 -132.13936
362.44 1250.903 1883.975 2685.964 -78.93771
363.63 942.685 1437.713 2258.544 -60.30807
364.81 997.127 1481.238 2377.53 -54.01265
366.0 778.539 869.496 1706.356 -10.86883
367.18 2010.938 4002.684 4925.465 -215.8415
368.37 930.266 1289.141 2138.458 -42.25442
369.55 1340.359 1992.324 2972.974 -66.48298
370.74 1484.395 2569.347 3556.089 -109.95289
371.92 1675.677 2932.584 3829.17 -140.18828
373.11 1089.887 1572.778 2366.02 -60.87554
374.29 888.329 1228.803 2118.506 -38.26828
375.48 1058.711 1604.793 2543.671 -58.16324
376.66 961.18 1304.212 2230.397 -37.03711
377.84 1590.266 2698.641 3682.458 -112.66057
379.03 949.287 1197.779 2106.243 -27.35298
380.21 828.924 908.614 1826.249 -8.68421
381.39 726.568 768.203 1653.21 -4.70457
382.58 1373.27 2249.768 3191.686 -93.05471
383.76 1726.97 2792.519 3928.047 -93.83732
384.94 1843.861 3275.138 4444.088 -122.44127
386.13 992.959 1312.822 2390.25 -29.68771
387.31 1172.713 1667.607 2813.285 -43.19662
388.49 1146.942 1310.625 2427.807 -14.65139
389.68 1335.286 1823.466 3113.629 -37.83858
390.86 1366.358 1738.51 3032.36 -28.76322
392.04 1754.576 2622.772 4102.779 -58.66167
393.22 1173.858 1267.51 2711.36 -6.48633
394.41 1167.514 1355.17 2657.537 -14.40883
395.59 862.84 602.499 2046.302 18.03157
396.77 1333.486 1571.216 3240.991 -14.23727
397.95 1408.413 1634.858 3244.647 -14.06675
399.13 1675.432 2148.683 3967.318 -26.02229
400.31 1318.047 1344.565 3154.925 -1.4648
401.5 1588.033 1827.995 3855.209 -11.83701
402.68 1728.068 2013.203 4170.71 -13.21599
403.86 1424.25 1103.943 3188.014 15.36929
405.04 1908.862 2394.952 4569.202 -22.35666
406.22 1411.926 1116.928 3278.363 13.64827
407.4 1829.134 1933.748 4309.794 -4.40284
408.58 1945.516 2269.484 4582.651 -14.00539
409.76 2121.283 2452.338 4997.402 -13.00773
410.94 1773.358 1770.51 4115.36 0.12142
412.12 1511.561 1289.889 3749.949 9.01084
413.3 1502.002 1039.914 3670.435 17.56643
414.48 1385.592 947.47 3378.723 18.02042
415.66 1589.434 1217.497 3723.432 14.84225
416.84 2401.038 3106.936 5778.05 -26.4271
418.02 1803.91 1772.23 4367.919 1.22046
419.2 1579.467 1166.391 3607.32 16.92287
420.38 1765.875 1557.522 4244.417 7.75444
421.56 1762.273 1362.396 4031.913 14.97937
422.74 2408.98 2946.461 5620.036 -20.10348
423.92 2047.501 2131.6 4890.321 -3.04849
425.1 1867.592 1499.97 4065.723 14.32804
426.28 1616.045 1165.192 3856.506 16.75215
427.46 2628.027 3589.68 6422.448 -33.94749
428.63 1754.364 1619.266 4308.315 5.02401
429.81 1859.883 1713.591 4375.987 5.49478
430.99 2001.47 2003.519 4743.547 -0.07479
432.17 2431.792 2927.721 5826.585 -17.10768
433.35 2095.131 2125.12 4965.066 -1.05597
434.52 1373.421 427.927 3245.716 33.55446
435.7 1683.971 1092.833 3793.161 21.89135
436.88 2113.056 1984.948 4888.608 4.41197
438.06 1825.224 1466.304 4456.582 12.0029
439.23 1707.11 1177.981 4051.781 18.41217
440.41 1971.207 1601.606 4678.638 12.01161
441.59 2217.804 2193.977 5398.187 0.74361
442.77 1759.976 963.274 3957.003 26.61236
443.94 2339.825 2184.115 5537.972 4.6427
445.12 2307.22 2037.676 5450.854 7.89717
446.3 2665.628 2830.492 6339.838 -4.69787
447.47 2286.147 1996.817 5529.01 8.19123
448.65 2403.271 1981.582 5756.299 11.17141
449.82 2013.771 1192.582 4896.299 22.17203
451.0 2219.612 1628.795 5361.895 15.82644
452.18 2217.667 1347.642 5281.681 22.1153
453.35 2302.343 1508.127 5548.03 19.65928
454.53 2351.882 1500.777 5517.873 21.18707
455.7 2152.737 938.373 5313.298 27.75736
456.88 2833.24 2478.001 7091.026 7.70078
458.05 2690.362 1621.452 6037.202 24.20677
459.23 2308.97 923.019 5558.547 29.89844
460.4 2767.843 1717.127 6638.53 21.34992
461.58 2878.722 1870.49 7088.468 19.32228
462.75 2502.22 902.676 6107.854 30.72987
463.93 2846.522 1645.239 6890.106 22.90397
465.1 2920.359 1483.324 6766.474 27.20035
466.28 2465.082 647.028 6071.735 33.51433
467.45 2526.843 483.127 5941.03 37.44507
468.63 2916.791 1443.407 7088.471 26.10039
469.8 3381.988 2273.03 8151.105 18.86599
470.97 2940.344 1065.441 6890.144 32.18883
472.15 3046.458 1621.263 7446.445 24.4661
473.32 3393.582 1868.528 7969.235 24.99799
474.49 3633.063 2223.203 8539.063 22.32253
475.67 3091.439 1299.938 7688.773 28.04112
476.84 2997.974 883.96 7141.889 33.78137
478.01 3458.792 1752.721 8442.585 25.50233
479.19 3322.727 1409.931 8063.81 28.74708
480.36 3110.67 915.27 7532.409 33.17748
481.53 3509.043 1726.378 8416.892 26.64467
482.7 3478.225 1276.117 8456.195 30.6697
483.88 3244.46 873.577 7709.059 34.68494
485.05 3373.74 1198.001 8010.026 31.93968
486.22 3453.123 1352.991 8186.191 30.73423
487.39 3304.59 877.097 7722.804 35.46008
488.56 3596.436 1501.81 8619.046 29.43032
489.74 3973.583 2389.342 9412.849 22.55628
490.91 3333.333 892.185 7826.042 35.20621
492.08 3487.936 1265.81 8351.046 31.36276
493.25 3246.655 930.386 8051.579 32.52642
494.42 3667.978 1369.088 8493.116 32.26952
495.59 3482.888 1247.532 8254.328 31.90268
496.76 3595.826 1336.929 8779.086 30.35272
497.93 3609.455 1718.135 8874.218 26.42954
499.1 3657.352 1605.01 8686.713 28.98092
500.27 4237.049 2773.633 9994.347 20.26692
501.44 4157.742 3078.815 10340.14 14.85854
502.61 3370.261 1235.64 8292.811 30.24755
503.78 3603.748 1679.07 8997.595 26.29871
504.95 4313.437 3086.124 10109.66 17.47429
506.12 3761.32 1873.615 8827.325 27.14673
507.29 3392.012 930.797 8134.118 34.16779
508.46 2979.904 252.729 7064.272 40.03755
509.63 4396.404 3146.729 10463.772 17.07896
510.8 4400.136 3257.561 10580.907 15.60181
511.97 3601.831 1395.871 8452.928 31.25893
513.14 3359.25 771.884 8008.708 35.75278
514.31 3908.316 2169.487 9502.598 23.71203
515.48 3631.16 1332.328 8695.921 31.21889
516.65 3465.51 1206.483 8477.504 31.06892
517.81 3453.121 997.678 8375.577 33.28106
518.98 3836.116 1822.736 9187.236 27.33899
520.15 3172.269 485.209 7758.88 36.94228
521.32 3854.6 1739.539 9169.292 28.46745
522.49 4875.124 3869.305 11735.806 12.7861
523.65 4335.89 3152.846 10589.442 15.90841
524.82 3838.939 1597.438 9160.273 29.63836
525.99 3279.196 298.35 7696.536 40.29158
527.16 4012.878 1845.59 9410.84 28.64794
528.32 4135.494 1856.285 9654.561 29.22709
529.49 3880.672 1269.084 9050.522 33.56176
530.66 3256.469 237.96 7952.242 39.12885
531.82 3548.347 604.568 8380.371 37.8582
532.99 3704.96 1143.077 9051.559 32.39412
534.16 3912.87 1260.521 9238.271 33.24684
535.32 4370.604 2115.98 10496.134 26.90433
536.49 3691.64 789.003 9031.249 35.21659
537.65 4713.867 2601.393 11115.043 24.81279
538.82 4000.675 820.711 9142.75 38.21135
539.99 4247.691 1661.909 10484.694 29.308
541.15 4432.507 2098.355 10995.276 26.2355
542.32 4033.999 502.227 9480.401 39.33731
543.48 4797.895 1999.787 11516.283 29.40271
544.65 4681.557 1990.202 11206.916 29.20081
545.81 5875.549 3837.633 13952.847 20.14704
546.98 4729.644 1447.13 11648.477 32.17726
548.14 5145.049 2101.633 12558.847 29.10351
549.31 4874.961 958.391 11704.673 36.44582
550.47 4991.819 1167.115 11823.325 35.89179
551.63 5491.621 2475.678 13360.077 27.70886
552.8 5017.492 1129.472 12063.946 35.55745
553.96 5201.854 947.323 11854.827 39.00554
555.13 5216.855 1023.137 12524.44 36.46298
556.29 5880.036 2505.563 14429.631 28.29968
557.45 5142.865 696.579 11942.429 39.53713
558.62 5341.945 1466.693 13019.729 33.54315
559.78 6110.644 1969.13 13975.477 34.49437
560.94 5591.517 1215.238 13337.959 36.0998
562.11 5603.054 1055.074 13142.688 37.62513
563.27 5371.481 262.716 12451.344 41.91419
564.43 5281.587 55.969 12440.076 42.19616
565.59 5468.326 320.87 12474.78 42.35226
566.76 5666.938 1010.438 13526.773 37.20338
567.92 6232.879 1477.404 14710.454 35.93635
569.08 6130.821 1880.929 14975.939 32.45429
570.24 6014.688 1088.781 14294.967 37.3
571.4 5792.425 472.868 13934.058 39.51773
572.57 6037.344 945.881 14806.338 36.73373
573.73 5700.731 168.373 13756.151 40.7157
574.89 6214.609 1054.422 14808.476 37.51758
576.05 6063.869 1449.707 14947.657 34.18417
577.21 5658.655 620.386 14037.079 37.55224
578.37 5898.374 16.148 14368.998 40.98298
579.53 6266.841 648.254 14684.11 40.03024
580.69 6869.285 1744.406 16907.324 33.79876
581.85 6172.194 1062.536 15333.922 35.80352
583.01 6360.997 1031.413 15150.788 37.7466
584.17 6429.746 1324.256 15526.981 35.94726
585.33 6846.196 1508.85 16502.535 35.59729
586.49 6203.406 911.543 15139.886 37.1924
587.65 6652.978 1585.588 15770.116 35.72477
588.81 6882.214 1454.361 16620.094 35.79024
589.97 7331.766 2468.081 17353.152 32.67492
591.13 6526.17 1144.77 16272.909 35.57212
592.29 6277.482 974.529 16274.958 34.65885
593.45 6228.09 623.597 15068.304 38.79963
594.61 6168.331 509.871 14565.428 40.25782
595.77 6626.409 398.671 15600.113 40.96808
596.93 6205.528 352.994 14982.562 40.00483
598.09 6194.352 994.51 16096.213 34.43216
599.24 6649.446 453.507 15481.843 41.22838
600.4 6211.906 1022.043 15271.886 36.42049
601.56 6110.051 652.947 14886.461 38.33982
602.72 6386.697 1034.664 15405.649 37.24194
603.87 6664.472 1147.587 15940.47 37.29418
605.03 5945.697 538.664 15530.149 36.06736
606.19 6084.678 524.339 14650.979 39.36066
607.35 6050.982 91.029 14074.458 42.62154
608.5 6723.891 1534.16 16068.056 35.70778
609.66 6948.876 2418.276 16947.227 31.18326
610.82 5872.085 428.655 13941.462 40.28349
611.97 6346.036 429.063 15284.131 39.83134
613.13 6342.396 1601.601 15041.897 35.27299
614.29 6556.57 1286.772 15624.132 36.75571
615.44 6360.303 1823.417 15499.882 33.17294
616.6 5967.823 461.742 14483.053 39.26937
617.76 6500.606 1709.294 14965.748 36.14324
618.91 6352.701 1751.292 14364.377 36.48123
620.07 6224.857 1762.451 15394.555 32.73454
621.22 5451.446 12.007 13149.843 41.40286
622.38 6715.036 2654.563 15989.631 30.44959
623.53 5722.925 158.868 13188.058 42.70455
624.69 5543.805 384.231 13439.995 39.51951
625.84 5611.321 531.929 13202.939 40.08672
627.0 5964.883 1371.591 14228.986 35.72491
628.15 5500.125 114.619 12578.419 43.20919
629.31 5907.458 1007.263 14042.945 37.59063
630.46 5535.945 54.193 13046.229 42.19317
631.61 6019.787 929.72 13696.938 39.86826
632.77 5858.03 810.308 13448.676 39.93967
633.92 5601.997 1138.913 14331.288 33.83078
635.08 6406.957 2566.449 15674.831 29.2981
636.23 5352.017 888.738 12713.959 37.74372
637.38 5258.052 -113.24 12221.574 43.54579
638.54 5783.388 1722.532 14108.828 32.78507
639.69 6180.79 2381.848 15304.665 29.39717
640.84 5333.611 1380.484 13396.653 32.89839
641.99 5178.145 269.505 12355.263 40.61507
643.15 6080.178 2251.527 14847.871 30.39494
644.3 4991.212 424.048 12033.48 39.34012
645.45 4914.746 -101.931 11883.589 41.85615
646.6 5887.78 2262.59 13837.698 31.31884
647.75 5339.814 607.111 12667.807 39.24071
648.91 4879.348 -149.868 11873.416 41.82897
650.06 5427.381 568.154 12924.024 39.32728
651.21 5699.915 1234.675 13884.134 35.29985
652.36 5604.449 1167.196 13647.742 35.55336
653.51 5277.983 471.717 12946.351 38.52831
654.66 5488.517 760.738 13928.46 35.9043
655.81 5647.051 1710.259 13956.568 32.14676
656.96 5144.084 208.28 11655.678 43.11726
658.11 5736.118 976.302 13026.286 39.5006
659.27 5607.152 1342.323 13119.396 36.21298
660.42 5036.686 294.844 12097.004 40.17775
661.57 5291.22 1029.865 13292.613 34.7504
662.72 5397.253 -180.114 11759.722 46.71226
663.87 4878.288 -173.093 12221.331 40.75526
665.01 5420.821 891.429 13287.439 36.53912
666.16 5143.855 252.45 12741.048 39.16697
667.31 5210.889 428.971 12492.657 39.63894
668.46 5990.423 1921.492 14423.766 32.54553
669.61 5521.457 594.013 13009.375 39.68828
670.76 5367.49 69.034 12190.983 43.7096
671.91 6145.524 1986.556 14678.593 32.76833
673.06 6093.558 1294.577 13963.201 37.88084
674.21 5440.592 -152.402 12580.811 43.92445
675.35 5998.625 921.119 14043.419 38.69372
676.5 5675.16 695.14 13457.528 39.02106
677.65 5422.193 130.661 13839.637 38.59903
678.8 5570.727 -167.817 12917.745 43.85401
679.94 5586.761 341.704 13183.854 40.84251
681.09 6143.795 1144.725 14808.463 36.5864
682.24 6044.329 1245.246 14909.072 35.12254
683.39 5888.862 87.267 14166.681 41.20623
684.53 6030.396 1283.788 14885.79 34.89639
685.68 5990.93 696.31 14367.398 38.72859
686.83 6220.464 970.331 14569.508 38.60626
687.97 5766.498 858.352 13805.616 37.90875
689.12 5937.032 551.873 14120.726 39.68765
690.27 6409.065 354.394 14816.334 41.86625
691.41 6204.099 1406.415 14506.942 36.62207
692.56 6154.133 1082.937 16352.052 33.21212
693.7 6358.167 1119.958 15615.16 36.13754
694.85 5912.201 194.479 14490.27 39.99584
695.99 6203.234 1253.0 15089.378 35.77695
697.14 5847.769 771.021 14628.987 36.63414
698.28 6169.802 1041.542 15243.096 36.11056
699.43 6326.836 1135.563 14681.205 38.3243
700.57 5598.87 -141.415 13427.313 42.30525
701.72 5740.404 110.606 13995.923 40.54497
702.86 5688.438 -264.873 13259.531 44.01902
704.01 5999.971 194.148 14476.14 40.65135
705.15 6681.505 1163.669 15626.249 38.1525
706.29 5801.539 338.191 13608.857 41.16861
707.44 6189.573 630.212 14229.467 40.87989
708.58 5831.106 -106.267 13695.075 43.02026
709.72 6972.641 1851.254 16852.684 34.13932
710.87 5525.674 -294.725 13516.793 42.14163
712.01 5684.708 159.296 13861.402 40.32527
713.15 6192.242 757.818 14662.511 39.08338
714.3 6519.276 1016.839 14706.12 40.19522
715.44 6070.81 245.36 14690.729 40.32746
716.58 6338.843 754.381 15552.337 37.73807
717.72 6490.377 161.402 14636.446 43.72336
718.87 6265.411 633.923 15330.055 38.31953
720.01 6384.445 420.444 16054.664 38.14709
721.15 5568.479 -115.534 13882.772 40.60501
722.29 6110.013 1021.487 14374.382 38.10803
723.43 6637.046 1412.508 15841.49 36.20864
724.57 6369.08 1132.029 14727.6 38.52027
725.72 6137.614 677.05 14369.208 39.88096
726.86 6309.148 1909.571 14417.817 35.17341
728.0 6052.182 556.093 14380.426 39.75663
729.14 5741.715 218.114 13303.034 42.21349
730.28 6215.75 1451.635 14596.644 36.24276
731.42 5473.783 161.656 13138.752 40.93464
732.56 6612.317 2064.677 15369.861 34.17946
733.7 6240.351 1011.698 14814.47 37.88118
734.84 5830.885 -294.28 13002.579 46.06475
735.98 6098.918 627.741 13972.188 40.99966
737.12 5999.452 113.262 13786.297 43.04962
738.26 6085.486 149.283 14333.905 41.84957
739.4 6088.52 656.304 15338.515 36.99862
740.53 5992.054 1114.825 14728.623 35.82563
741.67 6087.588 788.347 13910.231 40.38476
742.81 5598.122 -224.632 12929.841 44.26444
743.95 5902.655 678.389 13862.949 39.62412
745.09 5601.689 154.91 13480.059 40.87593
746.23 6403.223 1219.931 14948.167 37.75643
747.36 6297.757 1273.452 14981.276 36.65282
748.5 5619.791 150.974 13084.885 42.28278
749.64 5440.825 232.495 13546.994 39.11773
750.78 5264.858 144.516 12781.103 40.51998
751.92 5740.392 332.037 13095.712 42.37302
753.05 5561.426 363.058 13274.32 40.26227
754.19 6009.46 1546.079 13911.429 36.09587
755.33 5234.994 -270.899 12687.538 42.48887
756.46 5442.027 724.622 12953.146 38.57706
757.6 5322.062 16.643 12968.756 40.9618
758.74 5898.095 1561.164 14233.864 34.22263
759.87 5850.629 755.185 14133.974 38.08599
761.01 5369.163 606.206 12603.582 39.69998
762.14 5529.697 641.728 12811.191 40.16586
763.28 5383.23 1166.749 12534.8 37.09063
764.41 5231.264 724.77 12183.909 39.32664
765.55 4564.298 -237.209 11384.018 41.3167
766.69 5054.832 750.312 12319.126 37.20796
767.82 5238.366 953.333 12841.235 36.04532
768.95 4887.399 139.855 11144.344 43.14189
770.09 5595.934 1518.876 12756.953 36.27896
771.22 5544.967 1835.897 13038.562 33.10882
772.36 5634.001 1423.418 12540.671 37.87431
773.49 5205.035 1409.439 13055.279 32.59186
774.63 4703.569 572.96 11390.389 38.18476
775.76 4756.103 487.482 11425.497 39.02555
776.89 4924.636 1196.503 12047.606 34.35718
778.03 4878.67 955.024 11702.215 36.50858
779.16 4790.704 234.045 11350.323 40.99087
780.29 4927.738 912.566 11263.933 38.78881
781.43 4855.771 1591.087 11674.041 32.37825
782.56 4969.806 944.108 11725.65 37.33879
783.69 4280.339 191.63 10068.759 41.39573
784.82 4420.873 554.151 11165.368 36.43995
785.96 4115.407 571.172 10081.477 37.26732
787.09 4333.941 581.193 9815.086 40.64102
788.22 4359.975 974.214 10803.694 34.44496
789.35 3849.509 297.235 9664.304 37.923
790.48 3888.042 550.757 9442.912 37.53067
791.62 4714.076 1464.278 10710.521 35.14723
792.75 3903.61 150.299 9027.63 42.27972
793.88 4549.644 1845.82 10836.738 30.07283
795.01 4105.678 1012.341 9681.348 35.68271
796.14 4048.211 1161.362 9669.956 33.92863
797.27 4253.245 1363.384 10103.065 33.06598
798.4 3703.779 658.405 8814.174 37.34012
799.53 3373.313 106.926 7920.783 41.80249
800.66 3816.847 887.947 9714.892 33.18135
801.79 4993.38 3492.968 11640.501 18.41554
802.92 3554.914 670.989 8506.109 36.80767
804.05 4238.448 1137.511 9490.218 37.12494
805.18 3728.982 712.032 9415.827 34.66247
806.31 3328.016 693.053 8287.436 34.69621
807.44 3507.05 10.074 8029.045 43.60878
808.57 3659.583 1061.095 8028.653 37.2941
809.69 3700.117 932.116 8612.263 36.04099
810.82 3107.651 -309.862 6966.871 46.96494
811.95 4149.685 2776.659 10190.48 18.51982
813.08 3324.219 371.18 8155.589 37.9353
814.21 4517.253 2834.201 10741.198 21.2856
815.33 3175.287 640.722 7666.307 36.07621
816.46 3337.32 897.243 8077.416 33.98354
817.59 3687.354 2031.265 9024.024 23.68292
818.72 3451.888 1309.286 8154.633 31.30012
819.84 4004.922 2504.307 9108.742 22.72132
820.97 3461.956 1316.328 8395.351 30.30966
822.1 3478.99 1648.849 8675.46 26.04585
823.22 2843.523 69.37 6292.068 44.58119
824.35 2840.557 312.892 7032.177 37.61807
825.48 3230.091 1487.913 7442.286 29.2588
826.6 2948.125 912.934 7259.895 32.0656
827.73 2667.159 -189.545 6337.004 43.77051
828.85 3047.192 653.976 6923.113 38.17457
829.98 3447.226 1615.497 7863.222 29.31834
831.11 2752.76 214.519 6495.331 40.41263
832.23 2730.294 246.04 6477.939 39.86351
833.36 3071.328 1437.561 7361.048 27.58117
834.48 2861.862 859.582 6749.157 33.99701
835.6 3087.396 1350.603 6884.266 31.38595
836.73 2616.929 130.124 5894.375 43.14186
837.85 3215.963 1415.646 7515.983 29.51177
838.98 2377.497 -203.333 5561.092 44.77168
840.1 2812.531 1153.688 6953.701 28.60067
841.23 2739.064 1016.709 6811.81 29.72089
842.35 3280.098 1991.73 8074.919 21.17916
843.47 2508.632 643.251 5934.528 35.25389
844.6 2199.666 175.772 5347.637 39.13277
845.72 2399.7 385.794 5760.745 37.46836
846.84 2419.234 409.315 5733.354 37.75177
847.96 2313.768 333.836 6072.963 34.49883
849.09 2397.801 312.357 5663.572 38.97142
850.21 2441.335 638.878 5764.681 35.16439
851.33 2656.869 1103.4 6528.79 28.63333
852.45 2174.903 228.421 5257.898 38.70148
853.57 2349.437 815.942 5672.007 31.57896
854.7 2237.47 292.463 5545.616 37.02552
855.82 2246.004 250.984 5604.725 37.26404
856.94 2524.538 1359.005 6401.334 23.11497
858.06 1823.572 -150.974 4755.442 40.24415
859.18 2303.606 1080.048 5734.551 26.28762
860.3 2357.64 685.569 5356.16 35.79998
861.42 1906.173 -205.41 4107.269 48.96222
862.54 2054.707 -138.889 4662.878 45.6831
863.66 1924.741 207.132 4728.987 37.98461
864.78 2091.275 378.653 4574.596 40.81614
865.9 2365.809 970.175 5307.205 32.17949
867.02 3468.343 3268.196 8203.313 4.05556
868.14 2853.876 2295.717 6758.422 12.5072
869.26 2325.41 1418.238 5515.531 22.14077
870.38 1766.444 -114.741 4571.64 40.14153
871.5 1722.478 -88.72 4033.749 43.93478
872.62 1767.012 119.302 4331.357 39.11891
873.74 2690.046 1744.823 6251.966 20.97166
874.85 1943.063 124.833 4517.521 41.39218
875.97 2108.063 757.833 5010.021 31.75375
877.09 2357.063 1107.333 5359.521 29.39026
878.21 1871.063 690.333 4427.521 31.59406
879.33 2112.563 765.333 4705.021 34.19634
880.44 2285.063 751.833 5068.021 35.52276
881.56 2078.063 388.333 4358.521 42.56044
882.68 1971.063 781.833 4309.021 33.71607
883.79 2594.563 2228.333 6274.021 9.05234
884.91 1476.063 -118.167 4007.021 38.64622
886.03 2126.563 1161.833 5196.021 23.91384
887.14 2400.063 1814.333 5684.521 15.13439
888.26 2428.063 1999.833 5994.021 10.72131
889.38 2246.063 1485.333 5125.521 20.89807
890.49 1564.063 -47.667 3685.521 43.173
891.61 1822.563 808.333 4448.521 27.862
892.72 1655.563 114.333 4032.021 39.34028
893.84 1720.563 -138.667 4255.521 42.3111
894.95 1663.063 -153.667 3717.521 46.92951
896.07 1774.563 413.833 4113.521 36.77957
897.18 1993.563 1036.333 4540.021 27.32062
898.3 1556.563 35.833 3481.521 44.13428
899.41 2232.563 1322.833 5193.021 23.50607
900.53 1866.063 943.833 4236.021 28.01266
901.64 2276.063 1230.833 5402.021 25.05831
902.75 1867.063 709.833 4430.521 31.10256
903.87 1681.563 346.833 3898.521 37.58014
904.98 1937.063 1111.833 4832.021 22.18246
906.09 1886.063 521.333 4227.521 36.82299
907.21 1911.563 1032.833 4594.521 24.67171
908.32 1755.563 375.833 3893.521 39.22262
909.43 2345.063 1633.833 5382.021 18.97528
910.54 1771.563 856.333 4521.521 24.97087
911.66 2708.563 2737.333 6120.021 -0.85053
912.77 1441.063 277.333 3654.521 34.45853
913.88 1719.563 899.833 4292.021 24.16521
914.99 1407.063 269.333 3331.521 37.15413
916.1 1559.563 823.833 3662.021 25.9225
917.22 1318.563 108.333 3132.021 40.02494
918.33 1973.563 1602.333 4594.521 12.40661
919.44 1714.563 709.333 3807.521 32.44572
920.55 2030.063 1790.833 4739.021 8.11445
921.66 1740.063 1114.333 3962.021 21.97324
922.77 1816.563 1230.833 4176.521 19.88429
923.88 2054.063 1684.333 4666.021 12.4
924.99 1602.563 1005.833 4039.521 19.67009
926.1 1257.563 -10.667 2708.021 46.64858
927.21 1982.563 1730.333 4719.021 8.43946
928.32 1202.563 -128.667 2431.021 52.00749
929.43 1476.063 732.333 3350.521 28.40626
930.54 1240.063 508.833 2813.521 31.72791
931.65 1390.063 742.333 3320.521 25.12343
932.76 1499.563 1108.333 3496.021 16.38527
933.86 1332.063 938.833 3258.021 16.95547
934.97 1108.063 286.833 2585.521 35.726
936.08 1090.063 452.833 2316.021 34.20102
937.19 1575.063 1885.833 4027.021 -14.51395
938.3 1388.063 1201.833 3249.021 9.09683
939.4 1529.563 1749.333 3612.021 -11.79859
940.51 1002.563 687.833 2239.021 20.28957
941.62 1028.063 1240.833 2734.521 -14.24467
942.73 1822.563 2750.333 4271.521 -60.98989
943.83 988.063 898.833 2278.021 6.46969
944.94 1013.563 983.833 2278.521 2.29624
946.05 526.563 -16.667 1296.021 41.38298
947.15 592.063 29.833 1459.521 39.32532
948.26 899.063 669.833 2117.521 15.83416
949.36 639.563 366.833 1708.021 20.3349
950.47 1110.063 953.833 2416.021 10.68462
951.57 1628.563 2269.333 3791.521 -42.09539
952.68 1333.063 1332.833 3147.021 0.01263
953.79 1264.563 1336.333 2958.021 -4.42569
954.89 784.563 431.833 1915.021 23.78183
955.99 1186.563 1138.333 2826.021 2.8577
957.1 1018.563 593.333 2420.021 23.27871
958.2 1111.063 883.333 2674.021 12.71742
959.31 1335.063 1304.833 3095.521 1.68813
960.41 876.563 430.833 1994.521 28.505
961.52 654.063 81.333 1587.521 38.02509
962.62 1377.063 1338.333 3120.021 2.17373
963.72 688.563 81.833 1686.521 37.8098
964.83 565.563 -96.667 1420.521 43.64847
965.93 1087.063 867.333 2607.021 12.63038
967.03 1440.063 1632.333 3674.021 -9.41725
968.13 1229.563 1295.333 3037.521 -3.77519
969.24 826.563 373.333 2056.521 26.92684
970.34 932.063 506.333 2134.021 26.15546
971.44 1011.063 658.333 2470.021 19.46965
972.54 1126.563 991.333 2613.521 8.33622
973.64 886.063 395.833 1967.521 31.19126
974.75 1897.063 2727.333 4342.021 -51.4199
975.85 4203.563 8233.833 10100.521 -215.90494
976.95 869.563 446.333 2116.521 25.34022
978.05 1269.563 1431.833 3190.521 -9.22682
979.15 1747.063 2417.833 4142.021 -38.90358
980.25 718.563 77.833 1583.521 42.55393
981.35 849.063 478.333 1934.521 25.45889
982.45 1570.563 2239.833 3786.521 -43.27123
983.55 1150.563 1277.833 2662.021 -9.19463
984.65 1077.063 1081.833 2426.021 -0.35493
985.75 1356.063 1673.333 3141.021 -21.61706
986.85 1105.063 1033.833 2548.021 4.70412
987.95 816.063 552.333 2026.521 17.8898
989.05 1378.563 2063.333 3463.521 -48.90565
990.15 1215.063 1504.333 2865.521 -21.25136
991.25 1019.563 932.833 2296.021 6.36223
992.34 1452.063 2071.333 3339.521 -48.83117
993.44 921.563 1067.333 2262.021 -12.20159
994.54 909.063 997.333 2025.521 -8.58509
995.64 1332.563 1752.333 2989.021 -33.94317
996.74 1460.063 2127.333 3291.521 -57.31643
997.83 585.063 168.833 1256.021 38.28495
998.93 889.063 838.333 1994.521 4.38763
1000.03 1774.063 3115.833 4377.521 -106.34729
1001.12 1266.563 2129.833 3121.521 -87.05068
1002.22 1398.563 2073.833 3210.021 -59.43304
1003.32 773.563 728.333 1728.021 4.52433
1004.41 1011.063 1275.833 2219.521 -28.05705
1005.51 871.563 1044.833 2034.521 -17.50763
1006.6 674.563 449.333 1515.021 21.13463
1007.7 1009.063 1579.333 2663.021 -52.62319
1008.8 367.063 116.833 990.021 28.65698
1009.89 963.563 1304.833 2322.021 -33.55044
1010.99 848.563 1035.333 1889.521 -21.86533
1012.08 478.063 146.833 1118.021 34.10558
1013.18 913.563 989.333 2030.021 -7.28084
1014.27 761.063 673.833 1647.021 8.96325
1015.36 779.563 901.833 1832.021 -13.14475
1016.46 954.563 1099.333 2024.521 -15.64773
1017.55 574.563 424.333 1331.021 16.56901
1018.65 876.563 1194.833 2030.021 -38.10772
1019.74 1074.563 1510.333 2428.021 -47.48577
1020.83 893.563 1173.333 2163.021 -28.26861
1021.93 771.063 882.833 1780.021 -12.45791
1023.02 500.563 345.333 1073.021 21.33184
1024.11 485.063 202.833 944.521 38.0523
1025.2 453.563 91.333 929.021 43.24156
1026.3 870.563 1142.833 1980.021 -32.52209
1027.39 1052.563 1531.833 2318.021 -60.96141
1028.48 881.563 1191.333 1910.521 -43.07234
1029.57 685.063 690.333 1436.021 -0.70684
1030.66 795.063 1056.333 1742.521 -38.07573
1031.75 1943.063 3911.833 4641.021 -269.99504
1032.84 993.563 1514.333 2226.021 -73.17411
1033.94 482.063 272.833 974.521 29.818
1035.03 1020.563 1659.333 2341.021 -93.70437
1036.12 356.063 271.333 912.521 13.21441
1037.21 389.063 342.833 823.521 9.6173
1038.3 849.563 1383.833 2031.021 -82.55272
1039.39 341.563 299.333 829.521 7.96495
1040.48 769.063 1089.333 1770.021 -47.05109
1041.57 931.563 1523.833 2000.521 -124.2472
1042.66 776.063 1086.333 1789.521 -44.12349
1043.74 781.063 1264.333 1828.021 -85.73383
1044.83 864.063 1388.333 1874.521 -107.83306
1045.92 388.563 288.333 762.521 21.13703
1047.01 882.063 1598.333 2203.521 -118.35522
1048.1 264.563 253.833 664.021 2.61568
1049.19 697.563 1079.833 1614.521 -71.49426
1050.27 613.063 897.833 1357.521 -61.94878
1051.36 605.563 886.333 1321.021 -64.59141
1052.45 823.063 1311.333 1738.021 -114.4329
1053.54 761.563 1093.833 1594.521 -66.36293
1054.62 757.563 1313.833 1787.021 -117.55824
1055.71 760.563 1319.833 1666.021 -161.55143
1056.8 970.563 1821.333 2145.521 -262.43183
1057.88 512.063 914.833 1288.521 -107.78277
1058.97 675.563 1253.833 1744.521 -117.84911
1060.06 1169.563 2294.333 2766.021 -238.45676
1061.14 578.063 831.333 1225.521 -64.25135
1062.23 1929.063 4077.833 4601.521 -410.31526
1063.31 795.563 1347.333 1665.521 -173.41061
1064.4 517.063 816.833 1162.021 -86.84288
1065.48 631.063 1190.333 1585.021 -141.69967
1066.57 528.563 834.333 1196.521 -84.42333
1067.65 749.063 1296.333 1630.521 -163.76162
1068.74 534.563 894.833 1316.521 -85.43549
1069.82 713.563 1335.333 1655.521 -194.18962
1070.9 2566.063 5377.333 6085.021 -397.24751
1071.99 785.563 1434.833 1816.021 -170.32848
1073.07 733.063 1297.833 1656.521 -157.45485
1074.15 768.063 1459.833 1788.521 -210.46461
1075.24 655.063 1138.833 1373.521 -206.13406
1076.32 815.563 1408.833 1789.021 -156.04692
1077.4 1185.563 2520.333 2787.521 -499.56332
1078.49 371.063 600.833 910.521 -74.19441
1079.57 858.563 1624.833 1998.521 -205.0566
1080.65 1157.063 2142.833 2561.521 -235.44308
1081.73 557.563 1129.333 1313.021 -311.2737
1082.81 426.063 553.333 800.021 -51.59192
1083.89 804.063 1458.333 1720.021 -250.01992
1084.98 759.063 1350.833 1773.521 -140.00198
1086.06 420.563 651.333 851.521 -115.27733
1087.14 468.063 740.333 974.021 -116.51064
1088.22 632.063 1238.833 1529.021 -209.09614
1089.3 371.063 585.833 987.021 -53.53377
1090.38 1321.063 2794.333 3151.521 -412.46425
1091.46 825.063 1523.833 1736.021 -329.31764
1092.54 462.563 988.833 1251.021 -200.72303
1093.62 611.063 1072.333 1371.521 -154.17451
1094.7 370.063 600.333 689.021 -259.64292
1095.78 584.063 1264.333 1534.021 -252.24412
1096.86 774.563 1326.833 1527.521 -275.18947
1097.93 1471.063 3004.833 3433.021 -358.20073
1099.01 1022.563 1981.333 2345.021 -263.62501
1100.09 434.563 754.333 996.021 -132.30755
