196.55 893.132 637.312 784.191 174.17025
197.76 1177.769 939.8 1026.126 275.66463
198.96 1114.319 856.3 897.256 629.98777
200.16 794.016 561.303 603.974 545.37143
201.36 1248.183 1037.285 1124.277 242.43395
202.56 959.619 695.791 767.988 365.43102
203.76 801.844 612.799 638.321 740.72099
204.96 916.57 695.308 690.155 0.0
206.16 694.826 490.81 550.358 342.60856
207.36 1079.289 819.305 936.887 221.10927
208.56 948.684 680.301 740.575 445.27369
209.76 635.713 497.306 459.691 0.0
210.96 745.109 620.302 687.879 184.68713
212.16 1720.514 1311.814 1359.72 853.11656
213.36 987.856 733.805 804.727 358.20937
214.56 856.056 636.813 689.496 416.15847
215.76 1431.844 1209.3 1180.821 0.0
216.96 1190.03 972.798 1064.633 236.54529
218.16 857.198 694.796 735.734 396.69929
219.35 677.393 483.31 591.198 179.89192
220.55 818.342 634.81 762.068 144.22065
221.75 846.278 581.816 639.279 460.23561
222.95 1232.952 923.809 1021.684 315.8548
224.15 989.438 746.315 842.525 252.70023
225.35 796.573 541.313 654.706 225.11108
226.55 705.91 558.809 583.409 597.9885
227.75 1193.952 842.309 968.184 279.3588
228.94 960.713 687.306 800.691 241.13152
230.14 908.932 694.304 759.423 329.59322
231.34 737.134 537.802 644.445 186.91573
232.54 688.583 577.802 594.314 670.91857
233.74 705.013 576.298 618.423 305.5557
234.93 792.123 566.813 598.336 714.73283
236.13 830.024 621.303 751.829 159.90824
237.33 940.694 649.817 710.228 481.49863
238.53 810.792 583.311 663.438 283.9009
239.72 1234.718 873.301 990.995 307.08104
240.92 629.28 429.306 469.532 497.12661
242.12 1079.969 720.309 913.394 186.26999
243.31 707.89 461.804 607.648 168.73282
244.51 663.201 478.801 536.285 320.7849
245.71 1172.477 823.809 883.249 586.58438
246.9 1321.201 1016.801 1099.785 366.81784
248.1 840.811 627.8 737.401 194.35091
249.3 835.605 643.297 716.328 263.32239
250.49 791.647 612.296 682.604 255.09568
251.69 935.449 666.304 760.633 285.32467
252.89 840.526 627.792 699.582 296.3303
254.08 611.213 415.806 504.691 219.84238
255.28 869.395 603.799 709.452 251.38586
256.47 632.805 424.305 454.597 688.31044
257.67 1008.77 714.316 860.423 201.53261
258.86 1117.25 748.311 868.162 307.83055
260.06 743.656 557.796 657.959 185.55791
261.26 1226.592 951.802 1046.169 291.19247
262.45 833.05 598.303 684.894 271.09797
263.65 519.018 357.292 469.227 144.48247
264.84 916.125 692.302 772.089 280.52423
266.04 679.026 487.792 581.082 204.98984
267.23 483.009 360.292 408.872 252.61229
268.42 691.499 436.803 563.263 201.40398
269.62 817.864 609.305 688.582 263.0749
270.81 883.637 585.307 700.495 258.99307
272.01 809.066 634.302 679.104 390.08498
273.2 958.813 731.789 786.154 417.59195
274.4 585.555 429.797 445.698 979.56598
275.59 926.979 677.298 756.502 315.23686
276.78 784.179 552.307 662.271 210.86185
277.98 694.307 548.295 601.35 275.20799
279.17 865.721 539.306 677.546 236.12195
280.37 734.43 532.288 585.625 378.99036
281.56 597.403 412.299 493.807 227.10007
282.75 676.989 398.314 485.655 319.0643
283.95 728.951 536.293 629.386 206.95138
285.14 716.434 530.293 631.176 184.5116
286.33 609.257 436.295 477.22 422.6364
287.52 808.279 583.29 663.734 279.68358
288.72 971.015 681.787 795.676 253.95645
289.91 1151.004 885.298 930.068 593.4959
291.1 918.142 571.302 755.3 188.50241
292.29 892.406 610.304 718.858 259.87405
293.49 850.324 601.794 710.56 228.50018
294.68 632.572 465.297 531.408 253.02088
295.87 767.457 525.304 520.488 0.0
297.06 903.987 643.798 687.857 590.54247
298.26 408.967 299.293 380.596 134.89526
299.45 755.89 543.304 569.648 806.98531
300.64 803.842 483.31 594.568 288.09831
301.83 806.134 587.802 644.445 385.45454
303.02 674.783 450.311 571.583 185.09875
304.21 991.947 658.314 740.38 406.54392
305.4 734.351 540.81 616.423 255.96209
306.59 863.805 567.805 712.097 205.14028
307.79 715.075 526.802 592.459 286.75305
308.98 542.432 417.804 488.923 175.23856
310.17 978.281 614.752 693.442 461.97616
311.36 736.357 525.778 607.183 258.68162
312.55 1175.213 886.78 972.146 337.87591
313.74 548.038 364.797 404.988 455.9314
314.93 939.684 618.301 747.575 248.60665
316.12 754.541 490.803 581.039 292.27632
317.31 447.122 306.797 364.539 243.02194
318.5 592.038 348.297 455.488 227.39031
319.69 730.181 462.296 579.524 228.51628
320.88 674.162 493.807 528.561 518.95002
322.07 558.248 425.795 517.865 143.86253
323.26 637.885 402.81 477.343 315.39397
324.45 459.903 303.799 393.307 174.40301
325.64 694.799 482.795 587.495 202.48687
326.83 881.642 558.302 706.8 217.74076
328.01 715.853 486.299 559.676 312.84138
329.2 893.075 615.802 702.459 319.96671
330.39 601.487 433.798 510.857 217.61055
331.58 566.92 341.799 401.517 376.97318
332.77 1062.008 762.303 842.619 373.15927
333.96 416.131 246.296 378.894 128.08281
335.15 492.285 361.8 408.836 277.41805
336.33 543.42 355.799 449.017 201.27131
337.52 650.903 455.799 509.307 364.62761
338.71 656.319 413.8 506.256 262.30705
339.9 574.057 422.787 476.951 279.27907
341.08 621.917 430.293 514.466 227.65576
342.27 854.26 568.8 617.271 588.93916
343.46 947.154 666.807 721.206 515.35575
344.65 832.154 581.807 712.206 191.98578
345.83 909.087 631.308 714.865 332.44047
347.02 508.07 301.808 430.155 160.70626
348.21 871.499 643.303 730.263 262.4142
349.4 528.726 298.301 410.85 204.73273
350.58 591.787 454.789 526.589 190.80623
351.77 529.513 387.798 409.923 640.52315
352.96 402.491 236.303 321.908 194.1326
354.14 597.878 412.299 475.242 294.83936
355.33 560.39 369.804 383.648 1376.743
356.51 408.161 265.291 286.263 681.24101
357.7 658.528 427.282 483.335 412.54756
358.89 530.366 339.294 424.335 224.6813
360.07 832.144 589.291 649.053 406.36908
361.26 847.089 618.77 740.074 188.22148
362.44 598.322 448.263 481.965 445.25294
363.63 510.894 364.256 356.109 0.0
364.81 562.627 396.749 447.0 330.09559
366.0 460.933 201.751 269.834 380.68666
367.18 1289.04 894.26 948.696 725.21771
368.37 631.446 297.772 403.537 315.4847
369.55 749.932 478.777 561.878 326.29602
370.74 869.416 556.277 634.668 399.45856
371.92 991.988 718.271 819.813 269.5618
373.11 536.094 353.765 402.878 371.2467
374.29 457.827 313.257 311.769 0.0
375.48 615.707 436.769 444.045 2459.47391
376.66 525.016 291.776 353.929 375.27079
377.84 925.946 592.272 650.037 577.63493
379.03 565.966 300.777 369.798 384.21199
380.21 361.842 226.268 300.726 182.08119
381.39 340.274 164.768 184.885 872.43888
382.58 791.474 491.777 615.154 242.9126
383.76 1055.41 678.783 765.864 432.50209
384.94 1102.697 730.28 876.936 253.93819
386.13 483.061 290.765 383.457 207.45598
387.31 576.971 379.272 448.103 287.22457
388.49 459.833 332.768 367.371 367.21135
389.68 677.702 448.774 514.74 347.03852
390.86 677.668 386.775 484.32 298.21347
392.04 960.096 571.281 691.175 324.29711
393.22 524.668 310.775 374.82 333.97176
394.41 496.8 325.768 378.45 324.64773
395.59 346.676 165.775 217.175 351.94566
396.77 666.638 334.78 425.451 366.00408
397.95 699.407 322.278 429.813 350.70257
399.13 783.663 503.78 598.016 297.00251
400.31 402.754 349.763 345.624 0.0
401.5 597.055 357.271 495.653 173.2766
402.68 658.774 430.768 508.385 293.75896
403.86 509.719 304.774 365.951 335.00622
405.04 818.461 504.782 597.494 338.33622
406.22 463.606 236.27 285.784 459.13852
407.4 833.863 454.289 548.285 403.82032
408.58 833.064 535.771 600.008 462.80101
409.76 850.673 581.269 657.124 355.15725
410.94 632.668 418.275 461.82 492.34519
412.12 627.632 297.786 414.147 283.46868
413.3 546.365 282.278 364.038 323.00415
414.48 499.823 235.278 260.262 1058.86196
415.66 594.927 256.783 394.574 245.40313
416.84 1111.848 711.278 848.828 291.21915
418.02 605.879 370.273 478.197 218.30677
419.2 554.882 270.778 358.748 322.95574
420.38 651.66 361.775 441.465 363.76484
421.56 630.503 344.282 371.77 1041.26483
422.74 936.081 626.77 749.719 251.57788
423.92 814.601 478.276 633.48 216.69874
425.1 635.323 356.778 388.262 884.72137
426.28 617.405 299.788 362.06 510.05069
427.46 1251.914 769.788 908.915 346.53678
428.63 675.225 345.785 414.052 482.57183
429.81 791.981 367.787 484.255 364.21449
430.99 811.91 430.283 586.364 244.50587
432.17 1122.259 655.284 761.473 439.76088
433.35 940.835 457.284 597.668 344.44705
434.52 459.228 119.79 241.603 278.65447
435.7 605.175 249.785 357.922 328.64812
436.88 888.34 480.778 599.972 341.93064
438.06 747.821 370.789 475.009 361.76522
439.23 583.314 262.779 353.407 353.68036
440.41 830.094 404.792 486.922 517.83525
441.59 923.193 501.775 600.385 427.35574
442.77 710.967 214.793 307.096 537.54727
443.94 932.213 516.78 621.646 396.15386
445.12 931.792 466.784 540.393 631.72848
446.3 1173.306 645.279 758.552 466.15259
447.47 875.062 431.781 532.255 441.18967
448.65 991.239 508.779 564.712 862.57841
449.82 767.739 318.279 412.712 475.95949
451.0 890.079 320.281 440.465 474.10338
452.18 872.318 267.784 434.458 362.70353
453.35 974.205 329.28 421.291 700.9171
454.53 968.717 345.785 440.197 659.79833
455.7 815.02 218.782 321.98 577.76042
456.88 1302.548 569.287 719.596 487.83526
458.05 990.461 385.282 524.494 434.71698
459.23 909.91 219.283 361.864 484.37509
460.4 1070.705 328.28 499.791 432.87166
461.58 1203.057 458.287 518.451 1237.8897
462.75 962.292 185.284 308.393 631.15533
463.93 1170.121 405.781 458.741 1443.23915
465.1 1134.432 307.777 439.878 625.77554
466.28 1009.653 146.791 309.908 528.98367
467.45 902.705 95.78 275.291 449.51142
468.63 1246.495 296.782 488.415 495.59012
469.8 1535.402 480.783 687.509 510.15312
470.97 1251.969 235.782 378.849 710.28642
472.15 1407.476 382.293 580.951 516.05283
473.32 1562.653 471.791 582.408 986.16173
474.49 1572.897 534.788 692.205 659.4663
475.67 1368.22 291.79 510.248 492.73962
476.84 1210.703 204.29 345.038 715.04678
478.01 1363.759 407.784 570.473 587.61122
479.19 1284.849 344.794 505.625 584.4982
480.36 1146.846 228.289 424.574 467.97002
481.53 1225.641 339.786 545.002 431.66955
482.7 1166.585 276.792 524.567 359.11265
483.88 1108.74 217.295 441.009 398.47489
485.05 1298.048 266.287 466.596 515.08417
486.22 1389.428 328.799 542.372 496.61161
487.39 1112.474 226.803 433.698 428.07771
488.56 1040.691 361.785 588.632 299.27933
489.74 1202.917 484.293 816.966 216.01531
490.91 751.035 172.292 452.937 206.21897
492.08 929.191 286.285 523.632 270.87184
493.25 928.883 194.794 475.046 261.93919
494.42 1110.732 309.795 584.654 291.39891
495.59 1209.274 288.795 546.43 357.28044
496.76 1343.978 292.782 573.705 374.19431
497.93 1724.947 386.288 662.335 484.93823
499.1 1808.291 417.795 698.64 495.11123
500.27 2265.698 613.796 971.734 461.50467
501.44 2418.313 701.289 996.154 582.30852
502.61 2100.568 297.292 609.357 577.85234
503.78 2283.37 379.799 677.386 639.66805
504.95 2715.956 737.788 1086.19 567.78219
506.12 2611.836 404.8 733.466 671.51227
507.29 2327.45 242.793 573.386 630.58104
508.46 2237.001 62.793 392.017 660.40393
509.63 3176.001 694.793 1085.017 635.84199
510.8 3309.127 716.291 1104.843 667.30834
511.97 2779.271 370.79 732.879 665.16246
513.14 2731.134 192.302 598.445 625.1083
514.31 3158.807 498.295 899.85 662.55182
515.48 3122.676 323.301 734.22 681.24812
516.65 3060.186 231.291 685.328 623.05333
517.81 3058.664 242.296 682.814 639.33142
518.98 3451.872 426.289 885.14 659.38248
520.15 3203.39 166.304 577.648 738.33374
521.32 3467.644 395.291 841.553 688.46439
522.49 4243.693 830.801 1388.43 612.03637
523.65 4112.538 640.297 1176.988 646.97285
524.82 3849.72 363.79 948.748 595.92808
525.99 3418.659 77.801 598.51 641.59874
527.16 4023.604 393.807 992.575 606.21098
528.32 4226.459 402.293 985.241 656.00441
529.49 4065.611 302.791 831.132 712.19511
530.66 3901.326 97.31 677.358 655.81088
531.82 4147.998 173.287 719.966 727.06558
532.99 4384.74 235.795 836.509 690.66876
534.16 4494.782 255.795 930.785 628.00751
535.32 5011.437 524.799 1185.727 678.83868
536.49 4741.42 160.299 823.517 690.74126
537.65 5430.753 586.79 1290.169 688.67075
538.82 5032.139 139.296 911.749 633.41684
539.99 5448.366 390.794 1115.835 697.55627
541.15 5702.658 434.286 1229.212 662.74971
542.32 5603.751 96.801 950.915 644.75524
543.48 6288.331 475.805 1331.662 679.14672
544.65 6469.019 600.808 1536.025 627.471
545.81 7390.698 823.796 1832.234 651.19518
546.98 6953.949 293.804 1336.133 638.96744
548.14 7164.198 476.296 1582.234 604.72647
549.31 6929.504 234.798 1313.068 620.87497
550.47 7348.836 225.3 1430.966 590.83801
551.63 7724.164 607.796 1798.314 597.75406
552.8 7100.695 271.29 1443.183 582.76708
553.96 6880.055 250.297 1466.698 545.03071
555.13 7244.819 241.8 1555.756 532.97204
556.29 7792.499 594.303 1940.263 534.80005
557.45 6733.989 153.787 1521.611 481.07107
558.62 6497.277 299.8 1860.481 397.10092
559.78 6567.449 428.304 1960.633 400.64136
560.94 6806.243 228.301 1847.56 406.23144
562.11 7516.491 219.303 1826.908 453.91668
563.27 7877.26 51.8 1725.271 467.61875
564.43 7858.445 18.298 1747.082 453.50656
565.59 7506.393 148.31 1876.698 425.71922
566.76 7026.22 198.29 2027.248 373.32343
567.92 6311.868 314.31 2298.633 302.24699
569.08 5794.6 419.802 2446.524 265.1966
570.24 5235.338 217.289 2235.219 248.67306
571.4 5693.521 121.798 2220.278 265.51235
572.57 6823.384 226.81 2365.344 308.46249
573.73 7939.642 37.302 2190.3 367.03893
574.89 9115.229 213.806 2492.401 390.65399
576.05 9532.018 286.292 2661.227 389.30444
577.21 9518.383 117.294 2489.546 396.29388
578.37 10302.311 23.3 2464.901 420.9947
579.53 12070.356 130.805 2657.227 472.58728
580.69 13476.617 338.802 2923.734 508.24598
581.85 14062.895 275.799 2796.952 546.85683
583.01 14016.987 225.298 2964.857 503.42727
584.17 14406.605 250.797 3099.828 496.86387
585.33 15485.659 346.802 3171.01 536.039
586.49 16602.766 167.295 3068.575 566.49039
587.65 17601.732 298.295 3348.154 567.35205
588.81 17323.15 315.302 3349.655 560.50986
589.97 17875.861 521.799 3577.031 568.01124
591.13 17626.346 219.789 3411.574 545.35483
592.29 18812.523 243.303 3407.329 586.8859
593.45 19436.975 104.803 3434.698 580.56403
594.61 18912.27 108.29 3294.379 590.19004
595.77 19085.793 92.8 3441.191 567.22748
596.93 19352.178 66.291 3410.473 576.69964
598.09 20561.791 217.795 3689.14 586.05513
599.24 20870.041 114.803 3618.039 592.45903
600.4 20889.766 160.795 3699.575 585.76607
601.56 20800.963 113.298 3677.292 580.46295
602.72 21566.424 231.804 3953.568 573.23948
603.87 22378.854 270.315 3971.474 597.34098
605.03 22577.924 101.304 3872.568 595.99701
606.19 22424.668 37.301 3954.365 571.53445
607.35 22017.023 14.303 3889.329 567.80838
608.5 22605.803 340.3 4245.546 570.14342
609.66 23896.84 510.805 4468.517 590.89782
610.82 23653.182 113.796 4064.524 595.82401
611.97 23441.0 82.803 4115.764 579.18239
613.13 23362.096 342.307 4445.72 560.9913
614.29 23478.219 237.301 4377.995 561.28071
615.44 24467.109 341.302 4630.879 562.42854
616.6 24881.365 63.305 4329.583 581.7263
617.76 25068.201 329.801 4634.285 574.71231
618.91 24815.451 361.809 4662.684 568.57365
620.07 24576.584 341.302 4653.314 562.04119
621.22 24900.541 0.303 4391.039 567.10855
622.38 26585.5 580.303 5017.764 586.03783
623.53 26005.021 33.298 4593.778 569.49538
624.69 25871.873 66.805 4666.938 560.96354
625.84 25824.6 73.302 4848.524 539.26908
627.0 26323.48 252.287 5003.255 548.7554
628.15 26754.957 21.804 4789.488 560.71564
629.31 27472.477 215.293 5094.451 558.6452
630.46 27251.277 -33.2 4837.48 560.17796
631.61 27113.381 221.304 5155.292 545.03733
632.77 27172.441 198.793 5068.031 553.96035
633.92 27945.488 282.798 5326.357 548.47555
635.08 29319.211 503.29 5601.893 565.17289
636.23 28882.244 159.301 5251.561 564.05101
637.38 28620.227 -23.699 5196.35 548.72903
638.54 28761.773 324.295 5716.93 527.33923
639.69 29384.41 502.309 5919.909 533.11623
640.84 30028.107 225.299 5724.777 541.92061
641.99 30220.535 43.799 5535.551 549.49197
643.15 31153.465 457.299 6031.325 550.70011
644.3 30338.393 57.299 5648.098 541.62371
645.45 30091.32 -54.201 5666.372 526.96683
646.6 31140.248 498.299 6356.146 523.09242
647.75 31992.178 122.3 6053.919 537.28794
648.91 32320.105 -43.2 5896.693 544.8466
650.06 33133.535 95.3 6104.967 549.75152
651.21 32298.963 258.8 6486.74 514.45843
652.36 32556.391 291.8 6522.514 517.83136
653.51 33091.82 97.8 6303.788 531.64817
654.66 34172.746 106.801 6517.062 531.42838
655.81 35455.176 338.301 6872.835 537.40437
656.96 35407.605 29.301 6660.109 533.5444
658.11 35662.531 201.301 7031.883 519.15388
659.27 35222.961 224.801 7047.656 512.95476
660.42 35719.887 23.801 7002.93 511.46908
661.57 36960.316 203.302 7231.204 523.01547
662.72 37699.746 -70.698 7041.478 531.06736
663.87 38418.172 -42.198 7165.751 533.58271
665.01 39500.602 153.802 7552.525 531.80529
666.16 39233.031 3.802 7302.798 537.46061
667.31 40327.957 69.302 7748.572 524.25108
668.46 40927.887 364.803 8218.846 516.46119
669.61 40921.316 85.803 8133.12 507.4426
670.76 41164.742 -15.197 8192.894 501.69938
671.91 41171.672 383.803 8852.167 481.64993
673.06 40713.602 292.803 8704.44 480.53426
674.21 41109.527 -86.197 8625.214 472.89385
675.35 41809.957 143.804 8696.988 487.14198
676.5 42891.387 107.304 8960.262 483.27444
677.65 41970.813 5.804 8980.535 467.5907
678.8 41436.742 -81.696 9047.809 454.77209
679.94 41219.168 20.804 9334.583 442.3378
681.09 42482.098 183.304 9974.856 431.99274
682.24 43979.027 202.305 10238.13 436.20451
683.39 45509.953 5.305 10168.904 447.72178
684.53 46391.883 205.305 10680.178 440.92734
685.68 46526.313 103.305 10857.451 431.67544
686.83 44320.738 149.805 11004.225 406.93962
687.97 43429.668 114.306 11071.999 395.29635
689.12 43847.098 72.806 11315.272 389.36554
690.27 46540.023 14.306 11274.046 413.20419
691.41 50014.953 252.306 11700.319 434.68369
692.56 52753.383 174.306 11797.094 452.37923
693.7 53952.809 173.806 11924.867 457.65232
694.85 53325.738 -17.193 11851.141 449.45593
695.99 52879.168 194.307 12337.414 433.86639
697.14 53529.094 89.807 12533.688 429.44226
698.28 55222.523 205.807 12608.962 443.57034
699.43 57469.953 115.807 12545.235 461.43833
700.57 59303.379 -75.193 12643.009 466.87869
701.72 59976.809 -61.692 12816.283 466.2107
702.86 60371.234 -99.192 12984.057 462.19733
704.01 59581.664 -16.692 13435.83 443.02738
705.15 60887.594 196.308 13878.604 443.57532
706.29 61370.02 30.308 13804.878 445.31127
707.44 64216.449 66.808 14121.151 456.43998
708.58 64351.379 -71.691 14087.425 454.99358
709.72 64352.305 315.809 14831.699 441.14755
710.87 64353.234 -109.191 14264.973 448.46035
712.01 64354.164 -56.691 14516.246 441.98952
713.15 64355.09 79.809 15163.02 426.13793
714.3 64356.02 208.309 15113.294 430.37757
715.44 64356.949 18.31 15359.567 419.38308
716.58 64357.875 111.81 15553.341 416.0602
717.72 64358.805 5.31 15678.114 410.60613
718.87 64359.734 68.31 15879.389 406.62263
720.01 64360.66 57.31 16093.662 400.9849
721.15 64361.59 -70.19 15793.436 406.1605
722.29 64362.516 172.811 16468.209 393.91308
723.43 64363.445 225.811 16748.482 388.17956
724.57 64364.375 187.311 16671.756 389.31893
725.72 64365.301 95.811 16993.531 380.34415
726.86 64366.23 355.311 17002.805 384.50785
728.0 64367.16 33.811 17141.578 376.04762
729.14 64368.086 -38.688 17211.852 373.36092
730.28 64369.016 244.812 17751.625 366.28142
731.42 64369.945 -48.688 17619.398 364.60447
732.56 64370.871 351.312 18129.172 360.10836
733.7 64371.801 203.812 18323.945 354.12537
734.84 64372.73 -91.688 18077.221 354.80623
735.98 64373.656 62.813 18537.494 348.10258
737.12 64374.586 -52.187 18588.768 345.61949
738.26 64375.516 22.813 18737.541 343.86128
739.4 64376.441 113.313 19299.814 334.93927
740.53 64377.371 146.813 19140.088 338.17527
741.67 64378.297 118.813 19408.361 333.1311
742.81 64379.227 -95.186 19243.137 333.40229
743.95 64380.156 158.814 19426.41 333.31268
745.09 64381.082 -2.686 19422.184 331.45019
746.23 64382.012 163.314 19837.457 326.41167
747.36 64382.941 212.314 20136.23 322.07838
748.5 64383.867 -6.686 19742.504 326.0415
749.64 64384.797 5.315 20219.277 318.49016
750.78 64385.727 -16.185 20203.551 318.51015
751.92 64386.652 17.315 20237.826 318.33684
753.05 64387.582 49.315 20320.6 317.38624
754.19 64388.512 323.315 20479.373 317.84587
755.33 64389.438 -118.685 20275.146 316.31194
756.46 64390.367 125.316 20781.42 311.11893
757.6 64391.297 8.816 20320.193 316.97742
758.74 64392.223 285.816 20974.467 309.86267
759.87 64393.152 83.816 20582.24 313.7282
761.01 64394.078 68.316 20903.016 308.74341
762.14 64395.008 68.817 20837.789 309.72255
763.28 64395.938 231.317 20895.563 310.51034
764.41 64396.863 96.317 20980.836 307.88617
765.55 64397.793 -118.183 20814.109 308.21266
766.69 64398.723 118.817 20793.883 310.90545
767.82 64399.648 118.317 20800.656 310.80301
768.95 64400.578 -1.182 20581.932 312.88638
770.09 64401.508 444.318 20882.705 312.92679
771.22 64402.434 352.318 21385.479 304.51969
772.36 64403.363 220.318 20991.252 309.00414
773.49 64404.293 302.818 21116.025 307.98461
774.63 64405.219 56.818 20900.799 308.71455
775.76 64406.148 36.319 21013.572 306.85537
776.89 64407.078 210.819 20756.846 312.45096
778.03 64408.004 138.819 20719.121 312.28494
779.16 64408.934 -42.681 20723.895 310.36227
780.29 64409.859 129.819 20908.668 309.35323
781.43 64410.789 297.819 20588.441 315.97341
782.56 64411.719 137.32 20687.715 312.76478
783.69 64412.645 -0.68 20196.488 318.92255
784.82 64413.574 60.32 20393.262 316.49751
785.96 64414.504 78.32 20505.535 314.95328
787.09 64415.43 99.82 20453.311 315.99302
788.22 64416.359 112.32 20499.584 315.4128
789.35 64417.289 -24.179 20483.357 314.2331
790.48 64418.215 49.821 20368.131 316.79994
791.62 64419.145 237.321 20444.404 317.62042
792.75 64420.074 -33.179 19987.178 321.93859
793.88 64421.0 345.821 20153.451 323.48736
795.01 64421.93 120.321 20121.727 321.48545
796.14 64422.859 221.822 20278.0 320.10604
797.27 64423.785 229.322 19759.773 328.68909
798.4 64424.715 100.322 20093.047 321.739
799.53 64425.641 -69.678 19343.32 332.2275
800.66 64426.57 107.822 19516.594 331.3901
801.79 64427.5 716.822 20288.367 325.52708
802.92 64428.426 70.823 19606.141 329.44231
804.05 64429.355 174.823 19523.416 332.08891
805.18 64430.285 125.823 19437.189 332.98763
806.31 64431.211 67.823 19198.963 336.43258
807.44 64432.141 -58.177 19203.736 334.80744
808.57 64433.07 159.323 19985.01 324.19431
809.69 64433.996 180.324 19799.283 327.50805
810.82 64434.926 -126.176 19596.557 327.34359
811.95 64435.855 498.324 19998.83 327.87627
813.08 64436.781 34.824 19121.605 337.41654
814.21 64437.711 518.324 19863.379 330.41719
815.33 64438.641 118.824 19114.652 338.5997
816.46 64439.566 161.825 18712.926 346.49017
817.59 64440.496 417.825 18868.199 346.99931
818.72 64441.422 234.825 18819.973 345.47262
819.84 64442.352 436.825 18696.246 350.53426
820.97 64443.281 259.825 18356.02 354.6793
822.1 64444.207 310.325 18748.795 347.82649
823.22 64445.137 -29.174 18138.068 354.89321
824.35 64446.066 26.326 18345.342 351.65503
825.48 63727.492 251.326 18140.115 354.83769
826.6 62403.422 136.326 17963.889 349.27431
827.73 62084.352 -83.674 17596.662 351.62242
828.85 62744.777 89.826 17820.936 353.36171
829.98 63786.207 303.827 18008.211 358.5687
831.11 64005.137 -22.173 17508.484 365.23051
832.23 64452.563 17.827 17873.258 360.86912
833.36 64315.492 261.327 17914.031 362.85752
834.48 62682.922 130.327 17510.805 359.90148
835.6 61204.848 192.827 17511.578 352.28881
836.73 58883.277 -37.172 17082.852 344.16102
837.85 58043.203 218.328 17306.625 338.38875
838.98 57362.133 -94.672 16900.4 338.0792
840.1 58162.063 194.328 17479.674 335.35768
841.23 58518.988 119.828 17148.447 342.94713
842.35 61336.918 350.329 17855.221 348.3974
843.47 62224.348 100.829 17375.994 359.61172
844.6 62182.273 -38.171 17120.268 362.623
845.72 62976.703 4.829 16961.041 371.37937
846.84 62996.133 22.329 17055.314 369.71677
847.96 62023.059 16.829 17166.59 361.55741
849.09 61232.488 -3.67 17074.363 358.5668
850.21 60837.418 68.83 17183.637 355.06441
851.33 60184.844 196.33 16716.41 363.12483
852.45 60772.273 -56.17 16874.184 359.28631
853.57 61270.703 122.33 17019.957 361.87551
854.7 60728.129 -3.67 16521.73 367.50577
855.82 61165.059 18.331 16829.506 363.72667
856.94 61926.484 186.831 17127.279 364.45111
858.06 61363.414 -122.669 16716.053 365.14697
859.18 60293.844 170.331 16926.826 358.80721
860.3 60670.77 87.831 17049.1 357.18401
861.42 60003.699 -103.669 16831.873 354.91848
862.54 59582.129 -96.168 16676.146 355.81431
863.66 59895.055 -43.668 16690.42 358.18338
864.78 60995.484 71.332 17034.695 359.15137
865.9 60439.414 109.332 16724.969 363.09221
867.02 60889.34 676.832 17307.242 362.06268
868.14 60554.77 444.332 17198.016 358.78939
869.26 59839.699 226.833 16961.789 356.21764
870.38 57859.125 -115.667 16441.063 350.15847
871.5 57756.055 -77.667 16530.836 348.21755
872.62 57031.984 -52.167 16666.109 341.44759
873.74 56745.91 306.333 16925.385 339.60769
874.85 56038.875 -52.667 16573.521 337.36862
875.97 56886.375 119.333 16590.021 344.65495
877.09 57402.375 122.333 16584.021 347.95971
878.21 56977.875 63.333 16111.521 354.64779
879.33 57973.875 123.833 16197.521 359.90524
880.44 57139.375 66.333 16025.521 357.61872
881.56 56747.375 40.333 16105.521 352.9809
882.68 56472.875 92.833 16215.521 349.69383
883.79 55605.375 424.833 16592.521 341.30137
884.91 54172.875 -134.167 15862.021 339.49991
886.03 53873.875 169.833 16124.021 336.61409
887.14 54406.875 290.333 16637.521 331.04496
888.26 54923.875 330.333 16600.521 335.54339
889.38 55742.375 273.833 16755.021 336.55669
890.49 56886.875 -86.667 16621.021 341.00195
891.61 58989.875 97.333 17207.021 344.20582
892.72 59532.875 -71.167 17100.521 347.10648
893.84 60280.875 -71.667 17289.021 347.63911
894.95 60618.375 -80.667 17700.021 341.37622
896.07 60148.875 20.833 17935.021 335.6448
897.18 59477.875 147.833 18021.521 331.94068
898.3 58479.375 -53.167 17895.521 326.11042
899.41 59159.875 274.833 18195.021 328.59611
900.53 59226.375 120.333 18364.521 323.97189
901.64 59147.375 219.833 18278.521 326.31131
902.75 59429.375 53.833 18022.021 330.44813
903.87 60468.875 -10.667 17833.521 338.93132
904.98 60426.375 149.833 17740.521 342.66165
906.09 60136.875 22.833 17442.021 345.10243
907.21 59434.375 145.833 17727.021 337.22716
908.32 58189.375 28.333 17427.021 334.28406
909.43 57057.875 272.333 17324.521 333.01029
910.54 55937.375 127.833 17101.521 328.80032
911.66 55049.875 540.333 17398.021 323.35123
912.77 54077.375 -1.667 16875.521 320.42685
913.88 53453.875 150.833 16798.021 320.19246
914.99 53609.375 -48.167 16249.521 329.23409
916.1 54224.375 135.833 16502.521 330.47945
917.22 54386.875 -30.167 16246.521 334.32504
918.33 55419.375 289.833 16533.021 339.40099
919.44 54969.875 76.833 16088.021 342.8418
920.55 54384.375 358.833 16400.521 336.78215
921.66 53520.375 200.333 15967.521 338.17092
922.77 52452.375 207.333 15947.521 331.92135
923.88 51555.375 300.833 16007.021 326.33345
924.99 50264.875 142.333 15734.021 321.46965
926.1 48919.375 -86.167 15213.021 320.31467
927.21 48626.875 317.833 15502.021 318.15362
928.32 48107.875 -121.167 14935.021 320.32706
929.43 47938.375 60.833 14756.021 325.80423
930.54 47775.875 23.833 14597.021 327.67054
931.65 48123.875 82.333 14405.521 335.41097
932.76 48238.375 184.333 14277.521 340.97356
933.86 47306.375 93.333 13962.521 340.41679
934.97 45714.375 22.833 13555.521 337.63835
936.08 42968.875 4.833 12906.021 333.02394
937.19 39640.875 312.833 12296.021 328.1935
938.3 36578.875 227.833 11325.521 327.55511
939.4 33439.875 293.333 10516.521 324.22904
940.51 30614.375 69.333 9564.021 321.70667
941.62 29034.375 193.833 9042.521 325.93018
942.73 28525.375 508.833 9195.521 322.52274
943.83 27985.875 125.833 8592.521 329.05481
944.94 27482.875 151.833 8445.021 329.56017
946.05 28122.375 -150.667 8261.521 336.0962
947.15 28541.875 -68.667 8341.521 340.18912
948.26 28924.375 64.833 8432.521 344.89269
949.36 29605.875 -1.167 8590.521 344.60102
950.47 30594.375 121.333 9100.521 339.37417
951.57 31731.875 369.833 10024.021 324.8543
952.68 31807.375 229.333 10070.021 320.89265
953.79 31276.375 217.833 10104.021 314.16097
954.89 31250.375 8.833 9996.021 312.81622
955.99 32689.375 167.333 10524.521 314.00458
957.1 33019.375 40.333 10531.521 314.34995
958.2 33822.875 76.333 10740.521 316.44739
959.31 34275.875 203.333 10763.021 322.6662
960.41 35020.875 28.333 10701.521 327.85466
961.52 36279.875 -30.667 10987.521 329.55096
962.62 36168.875 175.833 11196.021 326.61008
963.72 35445.375 -80.667 10638.521 331.42477
964.83 35795.875 -124.667 10787.021 329.19329
965.93 35937.875 112.833 11027.021 328.24287
967.03 35037.875 271.333 11214.021 317.71485
968.13 34088.875 208.333 10987.521 314.31444
969.24 34223.875 8.833 11066.521 309.42313
970.34 33948.375 31.333 11033.021 308.28946
971.44 34125.375 52.333 11193.021 305.84327
972.54 34127.875 141.833 10972.521 313.79396
973.64 34392.875 5.333 10840.021 317.3838
974.75 34990.875 435.833 11194.021 321.19762
975.85 36554.875 1647.833 12404.521 324.5148
976.95 34214.875 7.333 10512.521 325.62525
978.05 35031.375 203.333 10883.521 326.09954
979.15 34986.875 433.833 10871.021 331.05703
980.25 34019.375 2.833 10386.521 327.59598
981.35 33582.375 60.333 10520.521 320.47268
982.45 32857.875 410.333 10796.521 312.41052
983.55 32145.875 186.833 10480.521 310.47224
984.65 31826.875 138.833 10459.021 307.0491
985.75 30446.375 309.833 10232.021 303.72882
986.85 30487.375 180.333 10122.021 304.84807
987.95 30661.875 14.833 9940.021 308.78049
989.05 30761.375 361.833 10201.521 308.94825
990.15 30449.375 271.833 9856.021 314.86803
991.25 29896.875 124.833 9537.521 316.29694
992.34 29956.375 347.833 9617.521 319.41252
993.44 29109.375 140.833 9195.521 319.92869
994.54 29260.875 111.833 9134.021 323.08177
995.64 29318.875 309.833 9324.521 321.79754
996.74 28679.375 351.833 9276.021 317.42433
997.83 26893.875 -49.167 8508.021 314.85862
998.93 26188.875 76.333 8520.021 309.2552
1000.03 26156.375 590.833 8878.021 308.4948
1001.12 25336.375 353.833 8577.521 303.7876
1002.22 24510.875 315.333 8394.521 299.4799
1003.32 23971.375 64.833 8046.521 299.51738
1004.41 23605.875 125.333 7921.021 301.19911
1005.51 23246.375 120.833 7732.021 303.83618
1006.6 22375.375 6.333 7254.521 308.61565
1007.7 22526.875 306.833 7382.021 314.05586
1008.8 21977.875 -47.667 6818.521 320.78269
1009.89 22302.875 235.333 7115.521 320.7404
1010.99 22214.875 114.333 7114.521 315.71356
1012.08 22403.375 -29.167 7068.021 316.07649
1013.18 22994.375 126.833 7416.521 313.69714
1014.27 24173.375 47.333 7789.021 311.63801
1015.36 24214.375 64.833 8086.521 301.05313
1016.46 23700.375 124.833 7881.021 303.95786
1017.55 22927.375 -38.167 7664.521 298.14972
1018.65 22170.375 151.833 7666.521 293.00674
1019.74 22075.875 258.833 7573.021 298.28387
1020.83 21767.375 177.833 7421.521 298.04628
1021.93 20875.375 91.833 7099.021 296.60318
1023.02 20249.375 -45.667 6536.521 308.33277
1024.11 19708.375 -60.167 6335.021 309.1159
1025.2 19979.875 -58.167 6400.521 310.24943
1026.3 19821.375 189.833 6370.521 317.62714
1027.39 18786.375 250.833 6160.521 313.64672
1028.48 18283.875 163.333 5957.521 312.73653
1029.57 17653.875 104.333 5787.521 308.7975
1030.66 16803.375 198.333 5543.021 310.68311
1031.75 16907.375 757.333 5936.021 311.85587
1032.84 15542.875 241.333 5443.521 294.13667
1033.94 14727.875 -37.167 4984.021 294.05477
1035.03 14683.375 296.333 5224.521 291.93372
1036.12 14058.875 -58.667 4769.521 292.39836
1037.21 13761.875 -21.667 4711.021 291.24131
1038.3 13446.875 213.833 4707.521 294.48067
1039.39 12984.375 16.833 4329.521 300.68353
1040.48 13097.375 156.833 4486.521 298.87933
1041.57 13017.375 235.333 4397.521 307.09912
1042.66 12469.375 153.833 4105.021 311.69215
1043.74 12404.875 184.833 4107.021 311.56188
1044.83 11937.375 192.833 3955.021 312.17322
1045.92 11260.375 -67.167 3648.521 304.85723
1047.01 11169.875 249.333 3927.521 296.90009
1048.1 10256.375 -79.167 3349.521 301.4431
1049.19 10128.875 144.833 3456.521 301.47899
1050.27 9597.375 105.333 3279.021 299.08559
1051.36 9133.375 41.833 3118.521 295.49774
1052.45 8951.375 197.333 3250.021 286.76508
1053.54 8707.875 131.333 3119.021 287.06288
1054.62 8464.375 203.333 3148.521 280.4929
1055.71 8202.875 181.833 2935.521 291.28367
1056.8 8226.375 261.833 3059.021 284.73393
1057.88 7808.875 105.333 2808.021 285.03265
1058.97 7815.375 165.833 2806.521 289.67994
1060.06 7854.375 360.833 2897.021 295.46482
1061.14 7504.375 99.333 2514.021 306.66668
1062.23 8062.875 781.333 3166.021 305.34575
1063.31 7116.875 185.333 2433.021 308.38548
1064.4 6707.875 66.333 2209.521 309.89085
1065.48 6539.875 148.333 2342.021 291.36064
1066.57 6232.375 79.833 2179.521 293.02179
1067.65 6014.875 210.833 2247.521 284.97459
1068.74 5711.375 58.333 2048.521 284.04569
1069.82 5534.375 209.833 2082.521 284.32624
1070.9 6496.375 1117.333 2964.521 291.20173
1071.99 5158.375 198.833 1952.521 282.80646
1073.07 4959.875 154.833 1851.021 283.28481
1074.15 5015.875 187.833 1929.521 277.20481
1075.24 5022.375 193.833 1857.021 290.31853
1076.32 4952.875 239.333 1887.521 285.98333
1077.4 5163.875 478.833 2117.021 285.98936
1078.49 4564.375 43.333 1595.021 291.36289
1079.57 4692.875 275.333 1770.521 295.45068
1080.65 4858.875 398.333 1899.021 297.23321
1081.73 4318.875 114.833 1561.521 290.59777
1082.81 4221.875 -13.167 1407.021 298.20299
1083.89 4381.375 227.833 1567.021 310.15385
1084.98 4252.875 212.833 1531.021 306.48459
1086.06 3749.875 48.333 1321.521 290.73028
1087.14 3610.875 25.333 1303.021 280.62743
1088.22 3677.875 168.833 1389.521 287.46436
1089.3 3325.375 -23.167 1215.021 270.43897
1090.38 3789.875 484.333 1691.521 273.82172
1091.46 3524.375 224.333 1441.021 271.23165
1092.54 3213.875 71.833 1228.521 271.64135
1093.62 3155.375 116.833 1268.021 263.94845
1094.7 3059.875 23.333 1075.021 288.7304
1095.78 3108.375 119.333 1187.021 279.95472
1096.86 3067.875 153.833 1148.521 292.96051
1097.93 3384.875 515.333 1525.021 284.20095
1099.01 3183.375 321.833 1273.521 300.6808
1100.09 2820.375 49.333 953.521 306.4676
