196.55 2922.605 2496.717 2886.567 109.24403
197.76 4470.895 3800.704 4436.287 105.44507
198.96 3928.096 3596.637 3977.441 87.04201
200.16 2644.886 2217.541 2638.016 101.63389
201.36 4721.043 4129.822 4611.604 122.71557
202.56 3298.874 2681.073 3184.465 122.72748
203.76 2599.447 2135.104 2536.268 115.74896
204.96 3081.02 2509.135 3166.07 87.05352
206.16 2135.962 1681.46 2228.742 83.04717
207.36 3786.228 3287.843 3808.572 95.70909
208.56 3273.391 2790.816 3250.863 104.89702
209.76 1948.175 1640.444 2060.091 73.33103
210.96 2872.339 2473.917 2848.882 106.25587
212.16 5993.301 5252.875 5767.875 143.77219
213.36 3621.33 3010.754 3486.111 128.44588
214.56 2864.552 2391.318 2802.586 115.06714
215.76 5438.447 4838.104 5375.768 111.65769
216.96 4626.354 4114.857 4511.5 128.95655
218.16 3231.859 2745.633 3194.347 108.35993
219.35 2505.064 2041.87 2376.781 138.30377
220.55 2982.863 2530.937 2941.626 110.0407
221.75 2610.193 2156.188 2581.488 106.74931
222.95 4358.216 3955.792 4442.877 82.61885
224.15 3553.249 3057.475 3442.893 128.63267
225.35 2712.453 2274.796 2723.971 97.43578
226.55 2628.465 2166.348 2552.666 119.62097
227.75 4218.216 3635.292 4039.877 144.07944
228.94 3461.675 3080.444 3441.591 105.56138
230.14 3014.383 2645.653 3001.092 103.73925
231.34 2673.19 2205.884 2526.209 145.88495
232.54 2503.488 2053.451 2332.554 161.2438
233.74 2508.953 2198.879 2504.115 101.58489
234.93 2635.655 2144.229 2552.125 120.47818
236.13 3013.836 2606.03 3054.958 90.83995
237.33 2957.19 2551.8 2751.564 202.93412
238.53 2777.661 2304.004 2734.972 109.9052
239.72 4239.192 3724.772 4236.632 100.50015
240.92 1939.777 1571.854 1948.129 97.78037
242.12 3802.617 3173.269 3673.762 125.74557
243.31 2554.131 2086.709 2491.88 115.36417
244.51 2119.292 1743.794 2002.748 145.00593
245.71 3816.567 3250.758 3703.204 125.05551
246.9 5002.792 4376.794 4973.748 104.86544
248.1 3010.646 2589.148 3066.998 88.20706
249.3 2956.406 2533.756 2941.481 103.66057
250.49 2797.657 2339.7 2750.193 111.56284
251.69 3388.783 2706.63 3336.977 108.21872
252.89 3058.42 2611.696 3014.599 110.87638
254.08 1895.175 1535.444 1814.591 128.86821
255.28 3067.149 2489.536 2954.422 124.24829
256.47 1997.628 1633.821 2015.457 95.3285
257.67 3515.743 2988.699 3400.546 127.97079
258.86 3769.909 3304.061 3672.76 126.34898
260.06 2902.608 2428.689 2933.635 93.85527
261.26 4555.438 3935.44 4351.497 149.01762
262.45 2959.187 2398.996 2822.785 132.18619
263.65 1887.97 1365.707 1799.157 120.48985
264.84 3422.74 2898.395 3396.266 105.31727
266.04 2469.92 1970.196 2451.099 103.91374
267.23 1873.52 1512.718 1745.214 155.18603
268.42 2240.485 1904.063 2275.131 90.66323
269.62 2952.281 2459.242 2803.053 143.404
270.81 2818.623 2474.545 2968.109 69.71284
272.01 2976.087 2432.973 2909.17 114.05255
273.2 3625.23 3105.315 3586.14 108.1299
274.4 2171.204 1768.323 2216.327 89.92803
275.59 3224.152 2897.424 3232.845 97.40808
276.78 2931.874 2479.489 2941.821 97.84851
277.98 2659.713 2193.487 2570.098 123.7952
279.17 2815.625 2297.433 2707.033 126.51184
280.37 2790.034 2245.158 2712.333 116.63231
281.56 1891.099 1526.525 1861.864 108.71796
282.75 2104.45 1731.408 2138.547 91.62519
283.95 2657.868 2307.297 2542.118 149.2928
285.14 2916.967 2366.319 2815.233 122.66227
286.33 2276.011 1992.554 2221.944 123.57026
287.52 3187.429 2536.36 3024.37 133.41303
288.72 3653.537 3159.546 3695.256 92.2124
289.91 4307.002 3798.391 4221.673 120.15903
291.1 3271.14 2732.373 3183.151 119.51929
292.29 3200.532 2588.186 2972.765 159.22511
293.49 3231.114 2760.465 3181.482 111.78837
294.68 2250.105 1941.301 2177.212 130.89859
295.87 2445.234 2132.119 2479.419 90.15683
297.06 3164.602 2601.913 3054.288 124.38553
298.26 1434.768 1255.274 1427.003 104.52211
299.45 2534.631 2023.709 2450.88 119.606
300.64 2600.363 2208.437 2584.126 104.32168
301.83 2770.19 2369.384 2748.709 105.66294
303.02 2296.71 1826.516 2165.53 138.69464
304.21 3424.699 2868.464 3270.835 138.2391
305.4 2711.313 2276.426 2646.569 117.4916
306.59 2925.128 2563.821 2900.957 107.16978
307.79 2643.038 2192.962 2560.612 122.41957
308.98 1917.383 1664.653 2044.092 66.60618
310.17 3205.25 2640.698 3111.893 119.81266
311.36 2641.566 2176.925 2700.993 88.66053
312.55 4405.411 3882.115 4453.472 91.58826
313.74 1860.804 1523.346 1940.942 80.80956
314.93 3143.391 2807.316 3359.863 60.82294
316.12 2504.737 2160.007 2656.843 69.38501
317.31 1465.807 1166.234 1479.866 95.51729
318.5 1960.804 1553.346 1911.942 113.62575
319.69 2671.458 2309.155 2706.462 91.18971
320.88 2428.973 1925.511 2534.436 82.68048
322.07 2058.061 1737.566 2085.001 92.24592
323.26 2096.614 1705.381 2074.838 105.89389
324.45 1397.099 1142.525 1465.864 78.73277
325.64 2542.763 2124.998 2568.655 94.16383
326.83 2934.64 2560.373 3100.151 69.3372
328.01 2383.897 1950.092 2391.71 98.23083
329.2 3106.538 2597.462 3199.112 84.61323
330.39 2395.602 1859.413 2350.788 109.12012
331.58 1953.5 1561.003 2048.749 80.47151
332.77 3760.935 3265.552 3842.073 85.92629
333.96 1469.757 1141.723 1498.308 91.99315
335.15 1768.295 1434.182 1861.671 78.15703
336.33 1978.5 1532.503 2022.249 91.0669
337.52 2278.099 1892.025 2372.364 80.37524
338.71 2345.096 1937.637 2292.941 114.67915
339.9 2203.789 1745.49 2297.468 83.02846
341.08 2358.067 1919.841 2312.848 111.50572
342.27 3047.444 2526.216 3119.844 87.8038
343.46 3113.023 2680.022 3237.994 77.60267
344.65 3079.023 2637.522 3133.994 88.92772
345.83 3299.421 2724.112 3359.955 90.47969
347.02 1664.52 1284.135 1654.07 102.8248
348.21 3376.985 2798.063 3437.631 90.5177
349.4 1873.643 1372.76 2004.075 79.33964
350.58 2535.379 1941.848 2655.813 83.13177
351.77 2090.453 1479.379 2169.615 88.53111
352.96 1439.035 917.574 1612.688 75.01796
354.14 2403.748 1794.559 2536.037 82.15874
355.33 1914.631 1388.209 2177.38 66.70572
356.51 1512.625 1053.516 1710.177 69.91568
357.7 2525.505 1917.862 2633.74 84.88073
358.89 2018.365 1294.409 2244.694 76.18301
360.07 3222.725 2468.539 3274.792 93.54203
361.26 3675.241 2822.45 3719.978 95.01555
362.44 2484.917 1883.975 2685.964 74.93143
363.63 2071.536 1437.713 2258.544 77.21724
364.81 2223.212 1481.238 2377.53 82.78258
366.0 1582.355 869.496 1706.356 85.18262
367.18 4771.624 4002.684 4925.465 83.32853
368.37 2025.087 1289.141 2138.458 86.65146
369.55 2796.119 1992.324 2972.974 81.96553
370.74 3289.718 2569.347 3556.089 73.00503
371.92 3803.838 2932.584 3829.17 97.17461
373.11 2334.259 1572.778 2366.02 95.99602
374.29 2038.934 1228.803 2118.506 91.05639
375.48 2421.546 1604.793 2543.671 86.99238
376.66 1899.622 1304.212 2230.397 64.28622
377.84 3585.587 2698.641 3682.458 90.15352
379.03 1957.92 1197.779 2106.243 83.67317
380.21 1750.75 908.614 1826.249 91.77245
381.39 1502.648 768.203 1653.21 82.98743
382.58 3064.37 2249.768 3191.686 86.4834
383.76 3714.701 2792.519 3928.047 81.2117
384.94 4189.011 3275.138 4444.088 78.17895
386.13 2245.458 1312.822 2390.25 86.56126
387.31 2762.938 1667.607 2813.285 95.60543
388.49 2252.8 1310.625 2427.807 84.33497
389.68 3012.528 1823.466 3113.629 92.16368
390.86 2726.727 1738.51 3032.36 76.37801
392.04 3830.107 2622.772 4102.779 81.57629
393.22 2434.727 1267.51 2711.36 80.84059
394.41 2463.999 1355.17 2657.537 85.13948
395.59 1865.677 602.499 2046.302 87.48963
396.77 2866.359 1571.216 3240.991 77.56389
397.95 3089.268 1634.858 3244.647 90.34789
399.13 3646.709 2148.683 3967.318 82.37092
400.31 2739.814 1344.565 3154.925 77.07029
401.5 3515.44 1827.995 3855.209 83.23964
402.68 3654.148 2013.203 4170.71 76.05745
403.86 3002.929 1103.943 3188.014 91.11904
405.04 4234.903 2394.952 4569.202 84.62464
406.22 2794.142 1116.928 3278.363 77.59726
407.4 3748.432 1933.748 4309.794 76.37412
408.58 4038.891 2269.484 4582.651 76.49283
409.76 4434.244 2452.338 4997.402 77.87255
410.94 3756.727 1770.51 4115.36 84.70551
412.12 3420.341 1289.889 3749.949 86.60163
413.3 3186.017 1039.914 3670.435 81.5847
414.48 2920.265 947.47 3378.723 81.14314
415.66 3113.102 1217.497 3723.432 75.6446
416.84 5214.616 3106.936 5778.05 78.90638
418.02 3725.484 1772.23 4367.919 75.24993
419.2 3142.417 1166.391 3607.32 80.95387
420.38 3857.777 1557.522 4244.417 85.61013
421.56 3597.654 1362.396 4031.913 83.73267
422.74 5274.791 2946.461 5620.036 87.08678
423.92 4405.125 2131.6 4890.321 82.41226
425.1 3518.765 1499.97 4065.723 78.68236
426.28 3309.184 1165.192 3856.506 79.66339
427.46 5860.134 3589.68 6422.448 80.14966
428.63 3786.294 1619.266 4308.315 80.58716
429.81 4031.736 1713.591 4375.987 87.06989
430.99 4446.201 2003.519 4743.547 89.14804
432.17 5313.096 2927.721 5826.585 82.28654
433.35 4437.148 2125.12 4965.066 81.411
434.52 2673.727 427.927 3245.716 79.7008
435.7 3205.093 1092.833 3793.161 78.22234
436.88 4320.666 1984.948 4888.608 80.44047
438.06 3832.681 1466.304 4456.582 79.13568
439.23 3634.815 1177.981 4051.781 85.49077
440.41 4381.523 1601.606 4678.638 90.3441
441.59 4979.078 2193.977 5398.187 86.92004
442.77 3587.268 963.274 3957.003 87.6497
443.94 5004.911 2184.115 5537.972 84.10603
445.12 4799.897 2037.676 5450.854 80.92813
446.3 5579.865 2830.492 6339.838 78.3443
447.47 4757.306 1996.817 5529.01 78.15228
448.65 5067.762 1981.582 5756.299 81.75924
449.82 4166.262 1192.582 4896.299 80.28907
451.0 4905.207 1628.795 5361.895 87.76652
452.18 4687.248 1347.642 5281.681 84.88999
453.35 5063.461 1508.127 5548.03 88.00542
454.53 4780.344 1500.777 5517.873 81.64025
455.7 4389.555 938.373 5313.298 78.88551
456.88 5990.338 2478.001 7091.026 76.13957
458.05 5039.903 1621.452 6037.202 77.41496
459.23 4569.701 923.019 5558.547 78.66809
460.4 5601.961 1717.127 6638.53 78.93753
461.58 6173.789 1870.49 7088.468 82.47061
462.75 5340.397 902.676 6107.854 85.25589
463.93 6151.458 1645.239 6890.106 85.91674
465.1 6083.619 1483.324 6766.474 87.07485
466.28 5124.175 647.028 6071.735 82.53251
467.45 4946.961 483.127 5941.03 81.78661
468.63 5992.204 1443.407 7088.471 80.58007
469.8 7065.25 2273.03 8151.105 81.52704
470.97 5616.353 1065.441 6890.144 78.13123
472.15 6382.219 1621.263 7446.445 81.73059
473.32 7101.175 1868.528 7969.235 85.77116
474.49 7715.733 2223.203 8539.063 86.96409
475.67 6895.277 1299.938 7688.773 87.57996
476.84 6489.376 883.96 7141.889 89.57303
478.01 7407.096 1752.721 8442.585 84.52152
479.19 6806.464 1409.931 8063.81 81.10357
480.36 6219.531 915.27 7532.409 80.15943
481.53 7118.292 1726.378 8416.892 80.59043
482.7 6975.072 1276.117 8456.195 79.37177
483.88 6325.11 873.577 7709.059 79.75346
485.05 6863.838 1198.001 8010.026 83.17406
486.22 7078.45 1352.991 8186.191 83.78883
487.39 6906.134 877.097 7722.804 88.07034
488.56 7764.493 1501.81 8619.046 87.99319
489.74 8512.066 2389.342 9412.849 87.17475
490.91 7017.371 892.185 7826.042 88.33736
492.08 7242.493 1265.81 8351.046 84.35405
493.25 6721.266 930.386 8051.579 81.31895
494.42 7290.16 1369.088 8493.116 83.1141
495.59 6926.412 1247.532 8254.328 81.04816
496.76 7260.803 1336.929 8779.086 79.59889
497.93 7512.935 1718.135 8874.218 80.97726
499.1 7477.313 1605.01 8686.713 82.92218
500.27 8845.359 2773.633 9994.347 84.08762
501.44 9222.23 3078.815 10340.14 84.60461
502.61 7480.672 1235.64 8292.811 88.49201
503.78 8074.798 1679.07 8997.595 87.39094
504.95 9316.885 3086.124 10109.66 88.71259
506.12 7919.497 1873.615 8827.325 86.94469
507.29 6885.368 930.797 8134.118 82.66425
508.46 6022.569 252.729 7064.272 84.7068
509.63 9162.569 3146.729 10463.772 82.21682
510.8 9145.824 3257.561 10580.907 80.404
511.97 7396.479 1395.871 8452.928 85.0299
513.14 6924.189 771.884 8008.708 85.01388
514.31 8358.213 2169.487 9502.598 84.39428
515.48 7680.941 1332.328 8695.921 86.21624
516.65 7455.976 1206.483 8477.504 85.9507
517.81 7370.558 997.678 8375.577 86.37798
518.98 8243.382 1822.736 9187.236 87.18373
520.15 6784.131 485.209 7758.88 86.59894
521.32 8100.225 1739.539 9169.292 85.611
522.49 10557.342 3869.305 11735.806 85.01921
523.65 9334.304 3152.846 10589.442 83.12214
524.82 7956.277 1597.438 9160.273 84.0801
525.99 6296.541 298.35 7696.536 81.07651
527.16 8142.321 1845.59 9410.84 83.2323
528.32 8318.818 1856.285 9654.561 82.87131
529.49 7660.423 1269.084 9050.522 82.13571
530.66 6859.962 237.96 7952.242 85.84081
531.82 7528.137 604.568 8380.371 89.03992
532.99 7866.11 1143.077 9051.559 85.01042
534.16 8240.862 1260.521 9238.271 87.49762
535.32 9566.9 2115.98 10496.134 88.9115
536.49 8051.5 789.003 9031.249 88.11308
537.65 10345.578 2601.393 11115.043 90.96199
538.82 8195.207 820.711 9142.75 88.61405
539.99 9102.865 1661.909 10484.694 84.33795
541.15 9576.692 2098.355 10995.276 84.05534
542.32 7972.994 502.227 9480.401 83.21031
543.48 9975.979 1999.787 11516.283 83.81438
544.65 9493.818 1990.202 11206.916 81.41314
545.81 12467.859 3837.633 13952.847 85.31927
546.98 9903.283 1447.13 11648.477 82.89252
548.14 10967.359 2101.633 12558.847 84.78096
549.31 10119.503 958.391 11704.673 85.24913
550.47 10731.997 1167.115 11823.325 89.75876
551.63 12137.558 2475.678 13360.077 88.76815
552.8 10936.926 1129.472 12063.946 89.69296
553.96 10762.204 947.323 11854.827 89.98283
555.13 11085.096 1023.137 12524.44 87.48538
556.29 12622.485 2505.563 14429.631 84.84456
557.45 10505.187 696.579 11942.429 87.2198
558.62 11127.345 1466.693 13019.729 83.62003
559.78 12493.283 1969.13 13975.477 87.65492
560.94 11195.544 1215.238 13337.959 82.32728
562.11 11202.035 1055.074 13142.688 83.94511
563.27 10652.444 262.716 12451.344 85.24117
564.43 10658.351 55.969 12440.076 85.61281
565.59 10799.064 320.87 12474.78 86.21254
566.76 11905.777 1010.438 13526.773 87.04896
567.92 13026.713 1477.404 14710.454 87.27624
569.08 13219.889 1880.929 14975.939 86.58992
570.24 12805.081 1088.781 14294.967 88.71827
571.4 12092.903 472.868 13934.058 86.3225
572.57 13001.114 945.881 14806.338 86.97573
573.73 12191.14 168.373 13756.151 88.48221
574.89 12824.576 1054.422 14808.476 85.57589
576.05 13143.47 1449.707 14947.657 86.63362
577.21 11883.266 620.386 14037.079 83.94676
578.37 12005.146 16.148 14368.998 83.53043
579.53 12556.83 648.254 14684.11 84.84396
580.69 13936.289 1744.406 16907.324 80.40591
581.85 12989.648 1062.536 15333.922 83.57361
583.01 12753.102 1031.413 15150.788 83.01847
584.17 13131.906 1324.256 15526.981 83.13651
585.33 14102.041 1508.85 16502.535 83.98997
586.49 13436.962 911.543 15139.886 88.03147
587.65 14407.16 1585.588 15770.116 90.39125
588.81 14375.59 1454.361 16620.094 85.20016
589.97 15608.348 2468.081 17353.152 88.27816
591.13 14060.031 1144.77 16272.909 85.37244
592.29 13771.336 974.529 16274.958 83.63692
593.45 13465.634 623.597 15068.304 88.90479
594.61 12953.979 509.871 14565.428 88.53515
595.77 13837.745 398.671 15600.113 88.40657
596.93 12810.525 352.994 14982.562 85.15311
598.09 13026.813 994.51 16096.213 79.67514
599.24 13393.236 453.507 15481.843 86.10221
600.4 12869.962 1022.043 15271.886 83.14421
601.56 12591.751 652.947 14886.461 83.87812
602.72 12963.433 1034.664 15405.649 83.00592
603.87 13504.246 1147.587 15940.47 83.53111
605.03 12609.433 538.664 15530.149 80.5175
606.19 12334.991 524.339 14650.979 83.60553
607.35 12294.336 91.029 14074.458 87.26977
608.5 13981.695 1534.16 16068.056 85.64487
609.66 15039.93 2418.276 16947.227 86.87244
610.82 12374.459 428.655 13941.462 88.40357
611.97 13310.985 429.063 15284.131 86.71736
613.13 13540.871 1601.601 15041.897 88.8319
614.29 13784.692 1286.772 15624.132 87.17031
615.44 13834.839 1823.417 15499.882 87.82549
616.6 12843.78 461.742 14483.053 88.30871
617.76 13586.292 1709.294 14965.748 89.59408
618.91 12914.716 1751.292 14364.377 88.50669
620.07 13210.488 1762.451 15394.555 83.97851
621.22 11358.236 12.007 13149.843 86.363
622.38 14228.485 2654.563 15989.631 86.79313
623.53 11479.403 158.868 13188.058 86.88595
624.69 11081.23 384.231 13439.995 81.93315
625.84 11186.889 531.929 13202.939 84.08927
627.0 12280.736 1371.591 14228.986 84.84724
628.15 11296.233 114.619 12578.419 89.71272
629.31 12425.719 1007.263 14042.945 87.59385
630.46 11144.345 54.193 13046.229 85.36116
631.61 12147.181 929.72 13696.938 87.86144
632.77 12093.918 810.308 13448.676 89.2806
633.92 12324.102 1138.913 14331.288 84.78525
635.08 14106.327 2566.449 15674.831 88.03434
636.23 11763.044 888.738 12713.959 91.95859
637.38 10625.643 -113.24 12221.574 87.06157
638.54 12255.412 1722.532 14108.828 85.03656
639.69 13270.465 2381.848 15304.665 84.25885
640.84 11619.417 1380.484 13396.653 85.20963
641.99 10791.512 269.505 12355.263 87.06121
643.15 13023.605 2251.527 14847.871 85.5175
644.3 10346.199 424.048 12033.48 85.46629
645.45 10324.293 -101.931 11883.589 86.99017
646.6 12497.387 2262.59 13837.698 88.42074
647.75 10525.48 607.111 12667.807 82.23713
648.91 10085.074 -149.868 11873.416 85.12601
650.06 11274.668 568.154 12924.024 86.65123
651.21 11963.763 1234.675 13884.134 84.81855
652.36 11529.856 1167.196 13647.742 83.0305
653.51 11231.45 471.717 12946.351 86.2529
654.66 11763.044 760.738 13928.46 83.55512
655.81 12012.638 1710.259 13956.568 84.1264
656.96 10521.731 208.28 11655.678 90.09429
658.11 11587.325 976.302 13026.286 88.0584
659.27 12114.419 1342.323 13119.396 91.46667
660.42 10604.514 294.844 12097.004 87.35409
661.57 11474.607 1029.865 13292.613 85.17456
662.72 10578.701 -180.114 11759.722 90.10857
663.87 10224.295 -173.093 12221.331 83.88762
665.01 11698.389 891.429 13287.439 87.18095
666.16 11151.982 252.45 12741.048 87.27587
667.31 11078.076 428.971 12492.657 88.27406
668.46 12971.17 1921.492 14423.766 88.38135
669.61 11518.765 594.013 13009.375 87.99382
670.76 10679.858 69.034 12190.983 87.53398
671.91 13124.952 1986.556 14678.593 87.75893
673.06 12435.546 1294.577 13963.201 87.94143
674.21 10953.14 -152.402 12580.811 87.21712
675.35 12215.733 921.119 14043.419 86.07191
676.5 11840.827 695.14 13457.528 87.3323
677.65 11129.421 130.661 13839.637 80.23035
678.8 11147.516 -167.817 12917.745 86.47189
679.94 11298.109 341.704 13183.854 85.31597
681.09 12618.703 1144.725 14808.463 83.97393
682.24 12747.297 1245.246 14909.072 84.17884
683.39 12019.391 87.267 14166.681 84.74873
684.53 13051.984 1283.788 14885.79 86.51812
685.68 12468.078 696.31 14367.398 86.10703
686.83 13258.672 970.331 14569.508 90.36092
687.97 12385.767 858.352 13805.616 89.03359
689.12 12504.36 551.873 14120.726 88.08768
690.27 13141.454 354.394 14816.334 88.41871
691.41 13205.048 1406.415 14506.942 90.06227
692.56 13300.642 1082.937 16352.052 80.0158
693.7 13615.735 1119.958 15615.16 86.2063
694.85 12183.829 194.479 14490.27 83.8663
695.99 13315.923 1253.0 15089.378 87.18266
697.14 12444.018 771.021 14628.987 84.23311
698.28 13181.111 1041.542 15243.096 85.48057
699.43 13234.705 1135.563 14681.205 89.32129
700.57 11546.299 -141.415 13427.313 86.13713
701.72 11721.893 110.606 13995.923 83.62277
702.86 11379.986 -264.873 13259.531 86.10257
704.01 12180.58 194.148 14476.14 83.92689
705.15 13830.174 1163.669 15626.249 87.58123
706.29 12037.269 338.191 13608.857 88.15742
707.44 12749.862 630.212 14229.467 89.11996
708.58 11806.456 -106.267 13695.075 86.31569
709.72 14595.55 1851.254 16852.684 84.95388
710.87 11466.144 -294.725 13516.793 85.15261
712.01 11886.737 159.296 13861.402 85.5886
713.15 12605.331 757.818 14662.511 85.20514
714.3 13330.925 1016.839 14706.12 89.95422
715.44 13112.52 245.36 14690.729 89.07464
716.58 13191.113 754.381 15552.337 84.04358
717.72 13187.207 161.402 14636.446 89.98801
718.87 13208.301 633.923 15330.055 85.5625
720.01 13450.895 420.444 16054.664 83.3457
721.15 11929.488 -115.534 13882.772 86.04628
722.29 12834.582 1021.487 14374.382 88.46842
723.43 14049.676 1412.508 15841.49 87.58184
724.57 13359.271 1132.029 14727.6 89.93548
725.72 12574.864 677.05 14369.208 86.8951
726.86 13341.458 1909.571 14417.817 91.3948
728.0 12636.052 556.093 14380.426 87.38186
729.14 11895.146 218.114 13303.034 89.24037
730.28 13141.239 1451.635 14596.644 88.92808
731.42 11088.333 161.656 13138.752 84.19971
732.56 13872.427 2064.677 15369.861 88.74548
733.7 12835.521 1011.698 14814.47 85.66267
734.84 11659.615 -294.28 13002.579 89.90014
735.98 12502.709 627.741 13972.188 88.98809
737.12 12493.803 113.262 13786.297 90.54713
738.26 12056.396 149.283 14333.905 83.94382
739.4 12556.49 656.304 15338.515 81.05173
740.53 12608.584 1114.825 14728.623 84.42728
741.67 12335.678 788.347 13910.231 88.00055
742.81 11090.272 -224.632 12929.841 86.01564
743.95 11910.866 678.389 13862.949 85.19417
745.09 11408.96 154.91 13480.059 84.45722
746.23 12872.554 1219.931 14948.167 84.8807
747.36 13306.647 1273.452 14981.276 87.78341
748.5 11860.241 150.974 13084.885 90.53153
749.64 11516.335 232.495 13546.994 84.74851
750.78 10638.93 144.516 12781.103 83.04785
751.92 11442.523 332.037 13095.712 87.04771
753.05 11620.617 363.058 13274.32 87.19178
754.19 12299.211 1546.079 13911.429 86.96181
755.33 11167.805 -270.899 12687.538 88.27225
756.46 11535.398 724.622 12953.146 88.40622
757.6 10852.492 16.643 12968.756 83.66086
758.74 12435.586 1561.164 14233.864 85.80983
759.87 12224.681 755.185 14133.974 85.72895
761.01 10729.774 606.206 12603.582 84.38152
762.14 11325.868 641.728 12811.191 87.79467
763.28 10978.462 1166.749 12534.8 86.30955
764.41 10772.556 724.77 12183.909 87.6836
765.55 9459.649 -237.209 11384.018 83.44092
766.69 10447.243 750.312 12319.126 83.81958
767.82 10866.837 953.333 12841.235 83.39153
768.95 9751.432 139.855 11144.344 87.34233
770.09 11263.525 1518.876 12756.953 86.711
771.22 11470.619 1835.897 13038.562 86.00384
772.36 11257.213 1423.418 12540.671 88.45526
773.49 10974.807 1409.439 13055.279 82.13549
774.63 9865.4 572.96 11390.389 85.90249
775.76 9628.994 487.482 11425.497 83.5756
776.89 10412.088 1196.503 12047.606 84.92763
778.03 10059.183 955.024 11702.215 84.71198
779.16 9797.276 234.045 11350.323 86.02908
780.29 10040.37 912.566 11263.933 88.1797
781.43 10170.964 1591.087 11674.041 85.09289
782.56 9590.558 944.108 11725.65 80.19678
783.69 8535.151 191.63 10068.759 84.47315
784.82 9138.745 554.151 11165.368 80.90113
785.96 8646.839 571.172 10081.477 84.91491
787.09 8751.934 581.193 9815.086 88.48641
788.22 9339.527 974.214 10803.694 85.10433
789.35 8277.621 297.235 9664.304 85.19619
790.48 8341.715 550.757 9442.912 87.61608
791.62 9575.809 1464.278 10710.521 87.72786
792.75 7899.402 150.299 9027.63 87.29091
793.88 9761.996 1845.82 10836.738 88.04636
795.01 8576.59 1012.341 9681.348 87.25623
796.14 8506.185 1161.362 9669.956 86.3224
797.27 8791.278 1363.384 10103.065 84.99045
798.4 7675.872 658.405 8814.174 86.04299
799.53 6866.466 106.926 7920.783 86.50709
800.66 7907.56 887.947 9714.892 79.52483
801.79 10932.153 3492.968 11640.501 91.30599
802.92 7403.748 670.989 8506.109 85.9305
804.05 8601.341 1137.511 9490.218 89.35822
805.18 8029.435 712.032 9415.827 84.07141
806.31 7061.029 693.053 8287.436 83.85113
807.44 7088.623 10.074 8029.045 88.27254
808.57 7376.217 1061.095 8028.653 90.63608
809.69 7490.311 932.116 8612.263 85.39153
810.82 6123.904 -309.862 6966.871 88.41559
811.95 9138.498 2776.659 10190.48 85.81052
813.08 6888.592 371.18 8155.589 83.72392
814.21 9741.687 2834.201 10741.198 87.35915
815.33 6794.78 640.722 7666.307 87.59496
816.46 6944.374 897.243 8077.416 84.21986
817.59 7937.968 2031.265 9024.024 84.46884
818.72 7075.562 1309.286 8154.633 84.23642
819.84 8264.155 2504.307 9108.742 87.21182
820.97 6978.25 1316.328 8395.351 79.98168
822.1 7515.843 1648.849 8675.46 83.49678
823.22 5793.937 69.37 6292.068 91.99493
824.35 5874.031 312.892 7032.177 82.76385
825.48 6900.125 1487.913 7442.286 90.89474
826.6 6213.219 912.934 7259.895 83.50902
827.73 5245.313 -189.545 6337.004 83.27307
828.85 6005.906 653.976 6923.113 85.36949
829.98 7016.5 1615.497 7863.222 86.44753
831.11 5565.594 214.519 6495.331 85.1972
832.23 5398.688 246.04 6477.939 82.68182
833.36 6429.282 1437.561 7361.048 84.26997
834.48 5992.876 859.582 6749.157 87.15899
835.6 6478.97 1350.603 6884.266 92.67581
836.73 4983.063 130.124 5894.375 84.19029
837.85 6465.157 1415.646 7515.983 82.7743
838.98 4594.751 -203.333 5561.092 83.23613
840.1 5976.345 1153.688 6953.701 83.14907
841.23 5676.939 1016.709 6811.81 80.41672
842.35 7020.533 1991.73 8074.919 82.66721
843.47 5083.127 643.251 5934.528 83.90935
844.6 4444.221 175.772 5347.637 82.5321
845.72 4839.814 385.794 5760.745 82.86625
846.84 4800.908 409.315 5733.354 82.48612
847.96 4714.502 333.836 6072.963 76.32984
849.09 4704.596 312.357 5663.572 82.07929
850.21 5089.19 638.878 5764.681 86.82176
851.33 5744.284 1103.4 6528.79 85.5401
852.45 4596.378 228.421 5257.898 86.84713
853.57 5211.972 815.942 5672.007 90.52658
854.7 4570.565 292.463 5545.616 81.43875
855.82 4317.66 250.984 5604.725 75.95951
856.94 5571.253 1359.005 6401.334 83.53775
858.06 3739.347 -150.974 4755.442 79.29048
859.18 4944.941 1080.048 5734.551 83.03556
860.3 4748.035 685.569 5356.16 86.9797
861.42 3573.629 -205.41 4107.269 87.62625
862.54 3856.223 -138.889 4662.878 83.20087
863.66 3976.817 207.132 4728.987 83.36589
864.78 4103.411 378.653 4574.596 88.77046
865.9 4837.004 970.175 5307.205 89.15847
867.02 7423.098 3268.196 8203.313 84.19054
868.14 6065.192 2295.717 6758.422 84.46614
869.26 5055.786 1418.238 5515.531 88.7793
870.38 3569.88 -114.741 4571.64 78.62402
871.5 3432.474 -88.72 4033.749 85.41468
872.62 3506.068 119.302 4331.357 80.40648
873.74 5404.662 1744.823 6251.966 81.20085
874.85 3831.208 124.833 4517.521 84.37602
875.97 4275.708 757.833 5010.021 82.73095
877.09 4805.708 1107.333 5359.521 86.97582
878.21 4020.708 690.333 4427.521 89.11447
879.33 4299.208 765.333 4705.021 89.69937
880.44 4596.208 751.833 5068.021 89.06877
881.56 3825.208 388.333 4358.521 86.56706
882.68 4001.708 781.833 4309.021 91.28732
883.79 5394.208 2228.333 6274.021 78.25308
884.91 2959.708 -118.167 4007.021 74.61176
886.03 4393.208 1161.833 5196.021 80.09977
887.14 5160.208 1814.333 5684.521 86.45253
888.26 5186.708 1999.833 5994.021 79.78782
889.38 4844.708 1485.333 5125.521 92.28577
890.49 2908.708 -47.667 3685.521 79.19171
891.61 3876.208 808.333 4448.521 84.27793
892.72 3299.708 114.333 4032.021 81.30753
893.84 3442.708 -138.667 4255.521 81.50255
894.95 3171.708 -153.667 3717.521 85.90064
896.07 3525.208 413.833 4113.521 84.09831
897.18 4087.208 1036.333 4540.021 87.07611
898.3 3084.708 35.833 3481.521 88.48379
899.41 4730.708 1322.833 5193.021 88.05452
900.53 4013.708 943.833 4236.021 93.24726
901.64 4589.208 1230.833 5402.021 80.51364
902.75 4088.708 709.833 4430.521 90.81318
903.87 3307.708 346.833 3898.521 83.3653
904.98 4250.708 1111.833 4832.021 84.37411
906.09 3717.708 521.333 4227.521 86.24428
907.21 4191.708 1032.833 4594.521 88.6904
908.32 3451.208 375.833 3893.521 87.42604
909.43 4562.708 1633.833 5382.021 78.1411
910.54 3813.708 856.333 4521.521 80.68823
911.66 5739.208 2737.333 6120.021 88.74231
912.77 3041.208 277.333 3654.521 81.83955
913.88 3682.708 899.833 4292.021 82.03776
914.99 2955.708 269.333 3331.521 87.72732
916.1 3344.708 823.833 3662.021 88.81989
917.22 2736.208 108.333 3132.021 86.90961
918.33 4212.208 1602.333 4594.521 87.22298
919.44 3511.708 709.333 3807.521 90.45208
920.55 4388.708 1790.833 4739.021 88.1177
921.66 3525.708 1114.333 3962.021 84.67836
922.77 3732.208 1230.833 4176.521 84.9165
923.88 4331.708 1684.333 4666.021 88.78781
924.99 3474.708 1005.833 4039.521 81.38198
926.1 2335.708 -10.667 2708.021 86.30543
927.21 4324.208 1730.333 4719.021 86.78977
928.32 2038.208 -128.667 2431.021 84.65389
929.43 3033.708 732.333 3350.521 87.89955
930.54 2579.208 508.833 2813.521 89.83322
931.65 2883.208 742.333 3320.521 83.03799
932.76 3097.708 1108.333 3496.021 83.31806
933.86 2825.208 938.833 3258.021 81.33775
934.97 2177.208 286.833 2585.521 82.23715
936.08 2243.208 452.833 2316.021 96.09205
937.19 3603.708 1885.833 4027.021 80.23001
938.3 2953.208 1201.833 3249.021 85.5503
939.4 3276.708 1749.333 3612.021 81.99846
940.51 2105.708 687.833 2239.021 91.40578
941.62 2533.708 1240.833 2734.521 86.55592
942.73 4085.708 2750.333 4271.521 87.78502
943.83 2151.208 898.833 2278.021 90.80527
944.94 2187.708 983.833 2278.521 92.98576
946.05 1035.708 -16.667 1296.021 80.1695
947.15 1302.708 29.833 1459.521 89.03169
948.26 2028.208 669.833 2117.521 93.83069
949.36 1547.208 366.833 1708.021 88.00969
950.47 2398.708 953.833 2416.021 98.81599
951.57 3573.708 2269.333 3791.521 85.69082
952.68 2880.708 1332.833 3147.021 85.32056
953.79 2819.208 1336.333 2958.021 91.44024
954.89 1736.208 431.833 1915.021 87.94404
955.99 2494.208 1138.333 2826.021 80.33922
957.1 2085.208 593.333 2420.021 81.67106
958.2 2485.208 883.333 2674.021 89.45587
959.31 2891.208 1304.833 3095.521 88.59028
960.41 1707.708 430.833 1994.521 81.65794
961.52 1352.708 81.333 1587.521 84.41014
962.62 2923.208 1338.333 3120.021 88.95359
963.72 1396.708 81.833 1686.521 81.93963
964.83 1198.208 -96.667 1420.521 85.34707
965.93 2300.708 867.333 2607.021 82.39267
967.03 3300.208 1632.333 3674.021 81.691
968.13 2746.708 1295.333 3037.521 83.30762
969.24 1812.208 373.333 2056.521 85.48514
970.34 1857.208 506.333 2134.021 82.99352
971.44 2059.708 658.333 2470.021 77.35192
972.54 2482.708 991.333 2613.521 91.93604
973.64 1800.708 395.833 1967.521 89.38641
974.75 4195.208 2727.333 4342.021 90.90768
975.85 9976.708 8233.833 10100.521 93.36726
976.95 1861.708 446.333 2116.521 84.74349
978.05 2870.708 1431.833 3190.521 81.81527
979.15 3770.708 2417.833 4142.021 78.46448
980.25 1348.708 77.833 1583.521 84.40496
981.35 1669.208 478.333 1934.521 81.78033
982.45 3610.208 2239.833 3786.521 88.60064
983.55 2518.208 1277.833 2662.021 89.61033
984.65 2261.708 1081.833 2426.021 87.77607
985.75 3034.708 1673.333 3141.021 92.75646
986.85 2307.208 1033.833 2548.021 84.09625
987.95 1666.208 552.333 2026.521 75.55857
989.05 3212.708 2063.333 3463.521 82.08722
990.15 2681.708 1504.333 2865.521 86.49616
991.25 2175.708 932.833 2296.021 91.17418
992.34 3326.708 2071.333 3339.521 98.9897
993.44 2036.708 1067.333 2262.021 81.14047
994.54 2030.208 997.333 2025.521 100.4559
995.64 2890.208 1752.333 2989.021 92.0099
996.74 3248.708 2127.333 3291.521 96.32254
997.83 1142.708 168.833 1256.021 89.57747
998.93 1849.708 838.333 1994.521 87.475
1000.03 4320.208 3115.833 4377.521 95.45747
1001.12 3087.208 2129.833 3121.521 96.53999
1002.22 3098.708 2073.833 3210.021 90.20298
1003.32 1533.208 728.333 1728.021 80.51266
1004.41 2116.208 1275.833 2219.521 89.05225
1005.51 1942.708 1044.833 2034.521 90.72308
1006.6 1375.708 449.333 1515.021 86.92745
1007.7 2496.708 1579.333 2663.021 84.65309
1008.8 795.708 116.833 990.021 77.74676
1009.89 2015.708 1304.833 2322.021 69.88634
1010.99 1906.208 1035.333 1889.521 101.95361
1012.08 906.708 146.833 1118.021 78.24184
1013.18 1796.208 989.333 2030.021 77.53288
1014.27 1386.708 673.833 1647.021 73.25156
1015.36 1718.708 901.833 1832.021 87.81832
1016.46 1872.208 1099.333 2024.521 83.53712
1017.55 1296.208 424.333 1331.021 96.16047
1018.65 2052.708 1194.833 2030.021 102.71644
1019.74 2245.708 1510.333 2428.021 80.13349
1020.83 2005.208 1173.333 2163.021 84.05432
1021.93 1651.708 882.833 1780.021 85.69836
1023.02 904.708 345.333 1073.021 76.87022
1024.11 884.708 202.833 944.521 91.93562
1025.2 815.708 91.333 929.021 86.47318
1026.3 1891.208 1142.833 1980.021 89.39156
1027.39 2366.208 1531.833 2318.021 106.12926
1028.48 1828.208 1191.333 1910.521 88.55479
1029.57 1493.208 690.333 1436.021 107.6691
1030.66 1679.708 1056.333 1742.521 90.84616
1031.75 4659.708 3911.833 4641.021 102.56278
1032.84 2322.208 1514.333 2226.021 113.51541
1033.94 1020.208 272.833 974.521 106.51109
1035.03 2299.708 1659.333 2341.021 93.93967
1036.12 768.208 271.333 912.521 77.49293
1037.21 791.708 342.833 823.521 93.38187
1038.3 1885.708 1383.833 2031.021 77.54708
1039.39 729.208 299.333 829.521 81.07981
1040.48 1691.208 1089.333 1770.021 88.42163
1041.57 2011.708 1523.833 2000.521 102.34693
1042.66 1569.208 1086.333 1789.521 68.66945
1043.74 1799.708 1264.333 1828.021 94.97727
1044.83 1942.208 1388.333 1874.521 113.9221
1045.92 613.208 288.333 762.521 68.51193
1047.01 2117.208 1598.333 2203.521 85.73789
1048.1 698.708 253.833 664.021 108.4565
1049.19 1578.208 1079.833 1614.521 93.20865
1050.27 1293.708 897.833 1357.521 86.11829
1051.36 1268.708 886.333 1321.021 87.96549
1052.45 1753.708 1311.333 1738.021 103.67658
1053.54 1579.208 1093.833 1594.521 96.94171
1054.62 1825.708 1313.833 1787.021 108.17593
1055.71 1695.708 1319.833 1666.021 108.57556
1056.8 2252.208 1821.333 2145.521 132.90921
1057.88 1223.708 914.833 1288.521 82.65597
1058.97 1567.208 1253.833 1744.521 63.86448
1060.06 2781.208 2294.333 2766.021 103.21982
1061.14 1187.708 831.333 1225.521 90.40749
1062.23 4672.208 4077.833 4601.521 113.49802
1063.31 1710.208 1347.333 1665.521 114.04439
1064.4 1061.708 816.833 1162.021 70.93971
1065.48 1549.208 1190.333 1585.021 90.92637
1066.57 1291.208 834.333 1196.521 126.14322
1067.65 1651.708 1296.333 1630.521 106.34
1068.74 1282.708 894.833 1316.521 91.98162
1069.82 1647.208 1335.333 1655.521 97.40386
1070.9 6076.708 5377.333 6085.021 98.8254
1071.99 1811.708 1434.833 1816.021 98.86867
1073.07 1706.208 1297.833 1656.521 113.85259
1074.15 1858.708 1459.833 1788.521 121.35387
1075.24 1460.208 1138.833 1373.521 136.93742
1076.32 1737.708 1408.833 1789.021 86.50337
1077.4 3014.708 2520.333 2787.521 185.02924
1078.49 931.208 600.833 910.521 106.68012
1079.57 2002.208 1624.833 1998.521 100.98679
1080.65 2604.208 2142.833 2561.521 110.19555
1081.73 1239.208 1129.333 1313.021 59.81626
1082.81 841.708 553.333 800.021 116.89891
1083.89 1714.208 1458.333 1720.021 97.77884
1084.98 1719.208 1350.833 1773.521 87.15067
1086.06 942.208 651.333 851.521 145.30128
1087.14 954.208 740.333 974.021 91.5218
1088.22 1504.208 1238.833 1529.021 91.44949
1089.3 854.208 585.833 987.021 66.89516
1090.38 3222.208 2794.333 3151.521 119.79003
1091.46 1807.208 1523.833 1736.021 133.54934
1092.54 1346.708 988.833 1251.021 136.49582
1093.62 1407.208 1072.333 1371.521 111.92814
1094.7 805.208 600.333 689.021 231.00775
1095.78 1432.208 1264.333 1534.021 62.24797
1096.86 1594.208 1326.833 1527.521 133.22952
1097.93 3508.208 3004.833 3433.021 117.55948
1099.01 2389.708 1981.333 2345.021 112.28734
1100.09 1070.708 754.333 996.021 130.90253
