196.55 739.683 972.948 1339.379 -63.65859
197.76 999.764 1427.472 1995.603 -75.28315
198.96 987.268 1340.45 1803.191 -76.32408
200.16 679.746 796.077 1227.164 -26.98553
201.36 1076.866 1587.379 2062.06 -107.54871
202.56 754.325 990.115 1401.163 -57.36313
203.76 757.77 849.94 1265.984 -22.15387
204.96 777.714 932.264 1411.806 -32.22869
206.16 619.697 712.367 946.298 -39.61401
207.36 884.23 1181.173 1687.519 -58.64413
208.56 754.758 1052.507 1476.29 -70.25962
209.76 566.724 637.704 982.138 -20.60769
210.96 669.253 888.539 1380.408 -44.58203
212.16 1317.174 2056.997 2537.841 -153.85936
213.36 832.735 1126.644 1600.47 -62.02906
214.56 728.677 890.479 1274.997 -42.07921
215.76 1245.27 1834.94 2402.485 -103.89839
216.96 1020.783 1568.862 2050.473 -113.80125
218.16 812.795 985.792 1447.599 -37.46076
219.35 622.202 716.838 1152.749 -21.71014
220.55 720.698 872.359 1328.661 -33.23715
221.75 647.657 810.596 1150.265 -47.96978
222.95 1048.706 1461.314 1932.768 -87.51812
224.15 858.169 1090.029 1574.459 -47.8624
225.35 698.179 782.472 1287.36 -16.69557
226.55 587.203 792.831 1188.111 -52.02096
227.75 976.206 1378.814 1879.768 -80.36821
228.94 845.224 1122.204 1555.138 -63.97746
230.14 760.24 919.113 1379.351 -34.51956
231.34 621.255 847.028 1265.702 -53.92573
232.54 636.751 780.549 1133.115 -40.78621
233.74 653.782 805.869 1171.11 -41.64026
234.93 607.182 791.951 1221.947 -42.96991
236.13 786.247 951.574 1439.095 -33.9117
237.33 723.151 930.131 1313.452 -53.99649
238.53 695.694 887.381 1239.073 -54.50394
239.72 1008.261 1373.993 1901.015 -69.39588
240.92 566.729 562.676 918.088 1.14043
242.12 906.207 1152.807 1622.13 -52.54358
243.31 591.237 755.63 1186.695 -38.13653
244.51 575.26 627.0 952.653 -15.88814
245.71 929.208 1278.803 1722.062 -78.86944
246.9 1156.26 1688.0 2212.153 -101.44756
248.1 747.267 950.954 1448.759 -40.91688
249.3 742.789 982.33 1398.854 -57.50973
250.49 738.792 893.313 1321.511 -36.08637
251.69 849.741 1049.106 1539.214 -40.67757
252.89 706.819 916.154 1388.919 -44.27894
254.08 540.224 579.204 954.138 -10.39646
255.28 749.273 976.919 1400.072 -53.79728
256.47 557.231 577.666 955.382 -5.40998
257.67 845.157 1159.099 1530.833 -84.45352
258.86 895.691 1172.898 1590.417 -66.39398
260.06 749.792 917.809 1356.442 -38.30471
261.26 1032.252 1459.546 1914.546 -93.91068
262.45 749.749 939.063 1294.389 -53.2791
263.65 485.818 565.158 907.488 -23.1763
264.84 894.754 1081.531 1469.771 -48.10879
266.04 628.319 804.154 1217.419 -42.54784
267.23 452.818 487.661 823.556 -10.37334
268.42 588.745 706.584 1015.802 -38.10892
269.62 739.235 882.641 1322.401 -32.60991
270.81 722.719 959.736 1397.256 -54.17282
272.01 687.25 923.056 1333.752 -57.41629
273.2 821.339 1164.034 1567.583 -84.92031
274.4 514.285 664.852 908.767 -61.72911
275.59 804.78 1028.883 1499.385 -47.63079
276.78 728.722 892.718 1361.913 -34.95275
277.98 616.803 772.746 1191.206 -37.26587
279.17 611.225 903.201 1285.069 -76.45977
280.37 715.848 837.985 1198.621 -33.86711
281.56 488.774 528.915 926.504 -10.09612
282.75 514.672 617.508 1021.047 -25.4833
283.95 631.313 801.186 1237.537 -38.93019
285.14 714.812 863.193 1247.675 -38.59238
286.33 589.799 700.267 1012.118 -35.42318
287.52 731.337 948.548 1368.358 -51.74047
288.72 831.354 1136.95 1615.434 -63.86744
289.91 981.281 1410.373 1957.179 -78.47231
291.1 756.755 1007.024 1453.634 -56.03761
292.29 712.738 997.623 1395.057 -71.68097
293.49 734.304 1044.239 1446.568 -77.03501
294.68 593.286 729.845 997.629 -50.99555
295.87 631.242 803.102 1201.145 -43.1762
297.06 754.28 940.38 1418.817 -38.89745
298.26 423.815 420.179 733.9 1.15892
299.45 642.237 789.13 1098.195 -47.52828
300.64 643.698 822.859 1190.661 -48.7115
301.83 681.755 857.028 1294.202 -40.09229
303.02 600.694 630.384 1057.142 -6.95722
304.21 807.669 1123.525 1573.39 -70.21122
305.4 660.698 875.356 1160.092 -75.38816
306.59 716.231 920.166 1316.882 -51.40558
307.79 658.25 803.053 1187.683 -37.64708
308.98 524.74 579.113 932.851 -15.37077
310.17 817.088 966.081 1430.275 -32.09712
311.36 660.414 857.597 1178.563 -61.43408
312.55 1005.404 1560.657 2066.731 -109.71769
313.74 516.284 584.359 957.404 -18.24843
314.93 750.758 1009.007 1474.29 -55.50348
316.12 609.748 787.067 1192.958 -43.68624
317.31 438.79 406.823 740.217 9.58818
318.5 484.784 574.859 920.404 -26.06746
319.69 691.294 830.799 1262.736 -32.29743
320.88 552.721 736.225 1134.55 -46.06911
322.07 545.799 607.271 993.686 -15.90815
323.26 530.201 607.342 935.817 -23.48452
324.45 471.774 447.415 793.504 7.03837
325.64 655.302 766.749 1195.274 -26.00709
326.83 717.755 996.024 1395.634 -69.63532
328.01 633.27 738.436 1110.916 -28.23399
329.2 700.75 976.053 1403.683 -64.37851
330.39 577.28 727.38 1086.817 -41.75969
331.58 540.275 542.908 969.366 -0.61735
332.77 931.746 1253.081 1742.233 -65.69228
333.96 421.79 448.82 671.648 -12.13017
335.15 477.266 524.964 868.466 -13.88609
336.33 475.775 590.908 878.866 -39.98245
337.52 610.274 719.415 1040.504 -33.99096
338.71 573.768 710.45 1050.191 -40.23143
339.9 581.857 614.932 995.09 -8.70032
341.08 588.811 688.2 1067.812 -26.18171
342.27 686.764 879.475 1376.672 -38.75957
343.46 835.72 1063.729 1446.619 -59.54944
344.65 718.22 897.229 1356.119 -39.00909
345.83 792.715 983.257 1460.668 -39.91145
347.02 400.214 470.264 791.306 -21.81961
348.21 804.245 1021.584 1513.302 -44.20007
349.4 485.261 462.989 862.946 5.56865
350.58 632.338 718.045 1108.789 -21.93435
351.77 544.782 575.369 941.11 -8.36311
352.96 344.744 324.088 698.37 5.51897
354.14 585.772 619.926 1114.21 -6.90967
355.33 463.737 536.13 920.695 -18.82467
356.51 407.828 387.098 701.82 6.58702
357.7 591.391 679.734 1173.743 -17.88304
358.89 474.307 511.721 949.225 -8.55166
360.07 743.827 915.105 1399.957 -35.32569
361.26 813.467 1061.79 1572.085 -48.66264
362.44 606.52 733.483 1177.108 -28.61966
363.63 520.061 481.743 950.435 8.17536
364.81 484.113 531.437 1069.458 -8.79582
366.0 330.599 276.518 729.538 11.93801
367.18 1045.035 1403.392 2092.821 -51.97868
368.37 409.457 529.85 875.253 -34.85589
369.55 582.42 737.065 1246.445 -30.35957
370.74 730.919 911.572 1458.582 -33.02566
371.92 854.46 1158.332 1668.41 -59.57385
373.11 488.003 476.078 1016.963 2.20468
374.29 416.556 421.772 908.985 -1.07054
375.48 494.975 531.741 1060.623 -6.95151
376.66 442.426 441.53 902.257 0.19446
377.84 719.957 953.85 1582.253 -37.22027
379.03 408.922 405.051 908.67 0.76867
380.21 356.985 332.184 747.024 5.97841
381.39 329.48 266.212 675.074 15.47414
382.58 669.423 816.548 1409.101 -24.82894
383.76 890.882 1148.784 1715.705 -45.49163
384.94 920.903 1254.164 1936.868 -48.81484
386.13 407.501 426.593 963.237 -3.55762
387.31 526.458 618.339 1185.047 -16.21312
388.49 428.484 474.688 1029.093 -8.33386
389.68 529.439 637.952 1263.246 -17.35396
390.86 504.937 567.466 1204.521 -9.81545
392.04 712.396 982.706 1677.693 -38.89436
393.22 409.437 445.466 1111.021 -5.41349
394.41 446.982 473.202 1085.367 -4.28313
395.59 290.437 193.463 865.952 14.42022
396.77 470.399 552.689 1295.349 -11.08043
397.95 513.418 637.576 1375.151 -16.83324
399.13 633.9 792.678 1560.643 -20.6751
400.31 468.015 447.511 1233.657 2.60807
401.5 572.965 626.304 1514.36 -6.00634
402.68 630.98 734.712 1616.074 -11.76955
403.86 438.94 434.445 1296.108 0.52168
405.04 652.386 807.263 1861.292 -14.69377
406.22 339.968 367.783 1341.448 -2.85672
407.4 588.843 697.013 1747.671 -10.29546
408.58 701.965 814.301 1875.791 -10.58281
409.76 759.473 947.755 2029.398 -17.40702
410.94 549.937 624.466 1721.521 -6.79362
412.12 444.362 502.9 1505.972 -5.83586
413.3 406.915 359.093 1500.994 4.18789
414.48 357.912 371.111 1363.838 -1.32958
415.66 392.384 445.277 1491.567 -5.05531
416.84 904.914 1233.1 2392.132 -28.31561
418.02 532.452 623.378 1795.303 -7.75872
419.2 412.416 419.586 1512.357 -0.65615
420.38 530.436 583.97 1792.589 -4.42934
421.56 430.389 427.245 1581.949 0.27227
422.74 811.466 1081.794 2295.154 -22.27922
423.92 651.932 865.995 2097.57 -17.38121
425.1 469.912 464.111 1706.838 0.46679
426.28 447.846 405.995 1712.327 3.20367
427.46 937.847 1356.492 2799.259 -29.01684
428.63 504.369 571.861 2000.716 -4.72353
429.81 533.351 687.964 1968.209 -12.07677
430.99 648.882 754.784 2180.705 -7.42688
432.17 847.371 1145.347 2523.941 -21.61448
433.35 653.377 827.316 2288.823 -11.90132
434.52 295.833 155.069 1442.77 10.93141
435.7 365.865 376.383 1827.128 -0.72495
436.88 645.413 840.104 2306.7 -13.27501
438.06 550.84 552.531 2072.014 -0.11127
439.23 418.911 399.115 1956.406 1.27123
440.41 559.324 594.126 2298.869 -2.04149
441.59 698.439 828.456 2548.315 -7.55976
442.77 388.315 276.679 1951.4 6.66593
443.94 730.904 760.657 2663.231 -1.56382
445.12 652.374 769.833 2568.167 -6.53157
446.3 812.911 1093.118 2946.475 -15.11891
447.47 640.393 666.72 2632.968 -1.33895
448.65 637.406 720.646 2715.525 -4.17271
449.82 513.906 500.146 2418.525 0.71725
451.0 497.894 609.213 2599.83 -5.59218
452.18 442.876 476.823 2644.96 -1.56572
453.35 550.403 530.16 2753.3 0.91056
454.53 512.868 558.865 2819.285 -2.03487
455.7 362.89 334.238 2713.311 1.20434
456.88 761.356 945.935 3424.159 -7.44804
458.05 521.386 591.763 3040.792 -2.87366
459.23 350.382 315.784 2806.205 1.38926
460.4 539.403 580.16 3298.8 -1.49917
461.58 574.857 719.432 3462.09 -5.27135
462.75 342.374 315.333 3204.667 0.93588
463.93 504.397 628.696 3520.987 -4.29757
465.1 497.42 525.065 3629.945 -0.89039
466.28 298.328 218.101 3243.888 2.65143
467.45 273.903 146.66 3291.8 4.04571
468.63 486.888 523.249 3846.018 -1.09427
469.8 670.882 870.287 4222.273 -5.94888
470.97 410.387 405.259 3823.724 0.14999
472.15 540.815 595.675 4138.332 -1.54856
473.32 531.828 704.601 4322.388 -4.77566
474.49 637.345 859.499 4671.896 -5.82714
475.67 441.333 507.573 4177.839 -1.80478
476.84 342.832 327.08 4088.476 0.41877
478.01 596.871 636.347 4688.941 -0.97409
479.19 443.806 548.728 4557.862 -2.61708
480.36 332.342 309.02 4472.808 0.56011
481.53 564.363 596.897 4836.903 -0.7673
482.7 435.323 497.129 4733.938 -1.4588
483.88 336.798 275.774 4583.755 1.41654
485.05 387.856 361.935 4823.659 0.58096
486.22 442.276 478.405 4938.797 -0.80999
487.39 350.743 333.595 4795.508 0.38433
488.56 486.367 485.876 5021.991 0.01083
489.74 677.311 897.2 5619.313 -4.65658
490.91 353.819 242.651 4990.851 2.34128
492.08 480.367 375.876 5230.491 2.15241
493.25 346.809 278.714 5092.587 1.41455
494.42 465.798 476.778 5228.824 -0.23106
495.59 453.801 417.26 5317.48 0.7457
496.76 465.887 465.756 5367.155 0.00268
497.93 535.349 610.478 5616.483 -1.50077
499.1 513.302 572.753 5591.843 -1.1845
500.27 749.295 1040.792 6267.099 -5.57748
501.44 901.839 1228.534 6296.083 -6.4468
502.61 465.322 423.137 5408.076 0.84626
503.78 575.772 629.929 5761.278 -1.05542
504.95 882.85 1123.474 6516.415 -4.46184
506.12 567.769 696.943 5888.053 -2.48837
507.29 368.813 335.186 5433.538 0.65958
508.46 210.817 32.165 5307.125 3.3868
509.63 881.817 1258.165 6645.125 -6.98627
510.8 897.826 1179.612 6671.095 -5.13132
511.97 527.336 558.552 5824.426 -0.59279
513.14 311.255 258.528 5792.702 0.95275
514.31 661.803 785.746 6241.206 -2.2719
515.48 499.258 495.01 6045.359 0.07653
516.65 452.33 525.087 6124.614 -1.29934
517.81 370.293 355.806 5922.374 0.26025
518.98 578.844 695.01 6349.102 -2.05455
520.15 298.237 161.13 5858.695 2.40641
521.32 539.827 703.605 6464.457 -2.84294
522.49 1040.259 1502.503 7468.221 -7.74834
523.65 867.784 1158.859 7184.404 -4.83068
524.82 548.833 638.073 6545.839 -1.51056
525.99 176.757 78.517 6017.496 1.65414
527.16 577.717 631.25 6882.031 -0.85643
528.32 612.314 730.182 7018.969 -1.87426
529.49 426.825 411.619 6654.732 0.24356
530.66 203.197 114.367 6539.298 1.38259
531.82 298.853 180.957 6592.071 1.83893
532.99 429.298 320.274 6997.255 1.63284
534.16 496.301 444.256 7148.912 0.77625
535.32 661.276 794.401 7641.229 -1.94432
536.49 339.275 294.408 7207.866 0.64898
537.65 779.835 1011.059 8080.564 -3.27072
538.82 361.791 321.816 7430.58 0.56233
539.99 572.307 642.721 8076.725 -0.94719
541.15 684.364 818.39 8357.766 -1.77767
542.32 323.263 147.979 7854.74 2.27443
543.48 677.733 811.155 8785.676 -1.6731
544.65 800.711 992.785 8917.718 -2.42368
545.81 1024.295 1483.292 10133.099 -5.30643
546.98 513.741 503.106 9285.714 0.1211
548.14 627.795 783.792 9857.099 -1.71929
549.31 381.781 402.873 9415.179 -0.23403
550.47 421.269 469.443 9763.554 -0.51833
551.63 757.793 914.806 10766.874 -1.59371
552.8 393.331 454.584 10034.545 -0.63938
553.96 372.785 459.852 10240.767 -0.89017
555.13 449.268 391.45 10690.69 0.56138
556.29 674.745 934.084 11394.302 -2.47929
557.45 340.852 274.46 10552.64 0.64595
558.62 525.765 523.468 11224.534 0.02147
559.78 645.241 771.606 11627.214 -1.16404
560.94 458.763 371.982 11276.809 0.7958
562.11 380.244 391.088 11510.37 -0.09752
563.27 253.764 157.975 11361.672 0.85497
564.43 189.777 32.397 11656.66 1.35389
565.59 271.202 205.838 12004.749 0.55398
566.76 398.833 351.073 12192.839 0.40332
567.92 472.7 571.349 12448.455 -0.83058
569.08 617.752 715.042 13216.978 -0.7782
570.24 381.841 352.024 12896.877 0.23769
571.4 317.283 226.366 12819.042 0.72198
572.57 406.201 367.342 13100.317 0.30518
573.73 177.255 55.524 13072.134 0.9352
574.89 368.726 452.697 13544.0 -0.64143
576.05 494.818 476.158 13770.987 0.14036
577.21 252.309 157.714 13514.587 0.70821
578.37 191.767 18.954 13640.76 1.26865
579.53 313.735 193.644 13978.47 0.87118
580.69 553.754 597.535 14724.34 -0.30992
581.85 430.773 351.919 14327.072 0.56425
583.01 440.28 401.88 14435.816 0.27362
584.17 441.789 484.83 14656.854 -0.30371
585.33 507.757 572.517 14948.496 -0.45048
586.49 343.3 377.763 14735.049 -0.24004
587.65 499.798 573.278 15187.824 -0.50279
588.81 450.756 566.521 15553.064 -0.77246
589.97 761.271 929.433 15628.847 -1.144
591.13 403.342 421.02 15287.808 -0.11891
592.29 374.247 336.574 15254.096 0.25254
593.45 308.243 213.595 14965.508 0.6416
594.61 302.836 134.052 15178.927 1.12187
595.77 274.266 196.961 15395.896 0.50862
596.93 240.83 91.091 14998.683 1.00445
598.09 399.802 382.753 15545.343 0.11244
599.24 312.748 138.067 15446.458 1.14108
600.4 368.8 291.763 15433.549 0.50877
601.56 304.778 233.39 15322.522 0.47311
602.72 409.24 368.616 15465.42 0.26909
603.87 459.163 473.064 15310.146 -0.09369
605.03 309.24 232.116 15238.92 0.51392
606.19 333.757 148.514 14826.428 1.26205
607.35 204.247 -3.926 15131.096 1.37544
608.5 629.767 594.457 15492.328 0.23701
609.66 746.234 989.651 15859.107 -1.63703
610.82 302.294 146.299 15137.236 1.0406
611.97 233.245 125.084 14915.802 0.73127
613.13 533.216 573.754 15514.6 -0.27132
614.29 470.261 496.993 15383.016 -0.17958
615.44 604.253 717.539 15456.908 -0.76859
616.6 226.735 180.141 14843.401 0.31776
617.76 539.76 663.0 15414.652 -0.83543
618.91 545.206 726.314 15170.268 -1.25387
620.07 583.751 641.049 15204.114 -0.39345
621.22 232.248 17.567 14577.958 1.47442
622.38 803.745 1061.084 15637.302 -1.76547
623.53 233.283 78.366 14625.542 1.06493
624.69 253.736 112.137 14268.832 1.00022
625.84 290.252 217.542 14299.978 0.51632
627.0 485.351 488.964 14831.709 -0.02518
628.15 209.742 -0.398 14734.646 1.42612
629.31 427.815 318.175 14728.331 0.76085
630.46 199.765 -23.532 14344.034 1.55417
631.61 382.737 374.134 14629.264 0.06035
632.77 357.313 228.189 14833.106 0.88411
633.92 454.78 495.38 14691.816 -0.28599
635.08 727.832 949.577 15177.407 -1.55853
636.23 362.263 308.482 14744.809 0.37254
637.38 109.761 -74.511 14334.446 1.27887
638.54 523.301 654.76 15135.48 -0.90782
639.69 670.203 936.831 15459.111 -1.836
640.84 431.276 490.402 14738.753 -0.41497
641.99 226.775 97.409 14039.882 0.92786
643.15 668.774 816.916 14835.512 -1.05675
644.3 257.273 95.422 14179.142 1.1492
645.45 159.272 -58.071 14110.771 1.53395
646.6 657.771 811.436 15075.401 -1.07729
647.75 273.769 161.942 14418.031 0.78442
648.91 96.768 -136.551 13971.661 1.65378
650.06 297.767 225.455 14825.291 0.49529
651.21 423.766 417.462 14565.42 0.04456
652.36 452.265 450.969 14709.05 0.00909
653.51 249.264 101.475 14213.68 1.04724
654.66 313.763 273.982 14861.81 0.2727
655.81 564.761 651.989 15048.939 -0.60587
656.96 225.26 69.495 14402.569 1.08675
658.11 361.759 365.002 14800.199 -0.02247
659.27 443.258 531.009 14925.328 -0.60962
660.42 185.257 29.015 14459.958 1.08268
661.57 379.256 421.022 14835.088 -0.28976
662.72 104.255 -139.971 14611.718 1.65558
663.87 45.753 -99.965 14122.848 1.02454
665.01 298.252 316.042 14693.978 -0.12373
666.16 182.751 41.049 14739.607 0.96406
667.31 234.75 95.555 14982.237 0.93503
668.46 594.749 760.562 15722.366 -1.10824
669.61 244.248 206.069 15547.996 0.24885
670.76 151.747 4.575 15214.626 0.96759
671.91 618.245 769.582 16378.756 -0.96954
673.06 394.744 519.589 16014.886 -0.80569
674.21 83.743 -161.405 15583.016 1.55705
675.35 312.242 284.102 15720.146 0.1823
676.5 235.241 167.609 15849.774 0.43127
677.65 164.74 72.615 15783.904 0.58636
678.8 89.739 -110.878 15727.034 1.26669
679.94 197.237 40.629 16048.164 0.97834
681.09 398.736 370.135 17049.793 0.17147
682.24 410.235 363.142 17513.924 0.27458
683.39 123.234 -1.851 17222.553 0.72621
684.53 449.733 558.155 17196.684 -0.65163
685.68 254.232 214.662 17614.813 0.22741
686.83 307.731 301.169 17607.443 0.03792
687.97 293.229 298.175 17622.072 -0.02855
689.12 274.728 178.182 17514.703 0.5569
690.27 201.227 68.189 17408.832 0.76721
691.41 385.726 468.195 17969.961 -0.47121
692.56 301.225 358.702 17742.592 -0.33063
693.7 348.724 378.709 17681.721 -0.17329
694.85 148.723 48.215 17192.852 0.58623
695.99 342.221 398.222 17794.98 -0.3219
697.14 291.72 184.229 17551.111 0.61895
698.28 368.719 342.735 18251.74 0.14509
699.43 321.218 391.242 18390.369 -0.38904
700.57 116.217 -74.251 17710.5 1.07096
701.72 114.716 -50.745 17219.129 0.95809
702.86 65.215 -107.738 17549.26 0.97951
704.01 121.713 50.269 17415.389 0.41143
705.15 350.212 433.275 18332.02 -0.46407
706.29 222.211 126.782 17723.648 0.54231
707.44 232.71 171.288 18374.777 0.33742
708.58 68.209 -124.205 17936.408 1.06538
709.72 509.208 629.302 18731.037 -0.66344
710.87 44.207 -137.192 17783.168 1.01225
712.01 111.705 0.315 17644.297 0.63132
713.15 269.704 217.322 18427.928 0.28765
714.3 294.703 348.828 17921.557 -0.30801
715.44 101.702 92.335 18611.186 0.05058
716.58 279.701 277.342 18420.816 0.013
717.72 191.7 52.848 18398.945 0.75684
718.87 294.699 240.855 18262.076 0.29878
720.01 222.198 117.362 18078.205 0.58369
721.15 135.196 -54.132 17879.836 1.05569
722.29 368.195 345.875 18022.965 0.12627
723.43 416.194 498.882 18553.596 -0.45798
724.57 357.193 450.388 18287.225 -0.52249
725.72 266.692 244.895 18067.354 0.1223
726.86 577.191 678.902 18459.484 -0.57203
728.0 200.19 164.408 17772.113 0.20321
729.14 142.688 -2.085 17477.244 0.82825
730.28 448.687 481.422 17805.373 -0.18895
731.42 133.186 10.928 17753.004 0.68908
732.56 534.185 722.435 18545.133 -1.05624
733.7 332.184 386.942 18597.262 -0.3007
734.84 45.183 -127.052 17331.393 0.98654
735.98 223.682 148.955 17932.521 0.4202
737.12 71.68 -3.038 17789.152 0.41995
738.26 142.679 17.468 17486.281 0.71677
739.4 269.678 228.475 17917.912 0.23293
740.53 326.177 407.482 18162.541 -0.45792
741.67 334.176 273.488 17733.67 0.34758
742.81 17.175 -222.505 17185.301 1.37685
743.95 337.174 241.002 17969.93 0.54246
745.09 96.672 19.508 17370.561 0.44472
746.23 369.671 399.515 17605.189 -0.17345
747.36 423.67 453.522 17477.32 -0.17535
748.5 96.169 60.028 17069.949 0.21247
749.64 128.168 25.035 17006.078 0.60734
750.78 151.667 -5.458 16833.209 0.93312
751.92 173.166 74.548 16909.838 0.58578
753.05 223.164 155.555 16258.969 0.41985
754.19 519.163 635.562 16783.098 -0.72084
755.33 30.662 -151.932 16117.228 1.12233
756.46 263.161 245.075 16057.357 0.11438
757.6 111.66 82.082 15697.487 0.18942
758.74 506.659 562.088 16315.617 -0.35185
759.87 268.158 244.595 16092.247 0.14868
761.01 252.656 271.102 15563.377 -0.12062
762.14 251.655 234.608 15825.006 0.10934
763.28 395.654 408.115 15272.136 -0.08383
764.41 272.153 249.121 15157.766 0.15448
765.55 59.652 -123.872 14748.896 1.23396
766.69 286.651 289.635 15202.025 -0.02001
767.82 258.65 266.641 15014.155 -0.05419
768.95 115.148 26.148 14525.285 0.61383
770.09 620.647 737.655 15281.915 -0.80449
771.22 514.646 661.661 15275.044 -1.00603
772.36 452.645 504.168 14678.674 -0.36349
773.49 443.644 489.175 14838.804 -0.3173
774.63 246.643 196.181 14003.434 0.36547
775.76 203.142 154.688 13969.563 0.35073
776.89 371.14 428.195 14067.693 -0.4183
778.03 303.139 360.201 13450.823 -0.4359
779.16 113.638 8.708 13358.952 0.78598
780.29 278.637 308.215 13035.582 -0.23239
781.43 454.136 606.221 13093.712 -1.2179
782.56 309.635 315.228 13181.842 -0.04347
783.69 123.134 11.735 12475.972 0.89375
784.82 201.132 233.241 12821.602 -0.25507
785.96 216.131 116.748 12587.731 0.79692
787.09 283.13 204.255 12186.361 0.65828
788.22 291.629 394.261 12237.99 -0.86655
789.35 194.628 157.768 11739.62 0.31826
790.48 238.127 142.275 12009.25 0.80772
791.62 403.126 580.281 11944.38 -1.55891
792.75 80.624 5.288 11194.01 0.67332
793.88 480.623 737.795 11788.14 -2.32727
795.01 305.122 353.801 11355.77 -0.44246
796.14 386.121 404.808 11514.898 -0.1682
797.27 427.62 493.815 11487.528 -0.60211
798.4 248.119 283.321 10909.158 -0.33129
799.53 111.118 -4.672 10310.788 1.12249
800.66 324.616 316.335 10739.418 0.07946
801.79 858.615 1276.841 11846.548 -3.95684
802.92 211.614 199.848 10216.178 0.11747
804.05 313.613 381.855 10327.308 -0.68616
805.18 229.612 290.861 10017.937 -0.62968
806.31 257.111 215.868 9756.066 0.43231
807.44 73.11 -64.625 9580.196 1.42807
808.57 310.608 400.381 10089.826 -0.9265
809.69 279.107 400.888 9940.456 -1.27658
810.82 -17.394 -163.605 9102.586 1.5779
811.95 694.105 988.401 10112.216 -3.22558
813.08 177.604 103.908 8928.345 0.83514
814.21 723.603 1064.915 10169.975 -3.7486
815.33 283.102 282.921 9203.104 0.00202
816.46 244.6 308.928 9013.734 -0.73899
817.59 571.099 847.435 9490.864 -3.19706
818.72 414.598 504.441 8670.494 -1.1002
819.84 692.097 896.448 9116.124 -2.48612
820.97 432.596 446.454 8550.754 -0.171
822.1 500.095 593.961 8538.383 -1.18154
823.22 145.094 -30.532 7767.513 2.25218
824.35 181.092 92.474 7844.143 1.14321
825.48 402.091 574.481 7850.272 -2.36936
826.6 327.59 310.488 7455.902 0.23935
827.73 77.589 -144.506 7245.032 3.00553
828.85 301.088 268.501 7361.662 0.45941
829.98 440.087 610.008 7638.292 -2.41767
831.11 202.586 70.014 6945.921 1.92805
832.23 153.584 81.521 6962.051 1.04735
833.36 440.083 524.528 7592.181 -1.1948
834.48 304.082 259.034 6894.811 0.67886
835.6 388.581 482.041 7014.94 -1.43061
836.73 101.58 -7.952 6711.07 1.63018
837.85 465.579 535.054 6989.7 -1.07637
838.98 81.078 -104.439 6228.33 2.92947
840.1 369.076 458.568 6766.959 -1.41861
841.23 318.075 371.074 6570.589 -0.85489
842.35 521.574 720.581 7111.219 -3.11404
843.47 251.573 248.588 6354.849 0.04889
844.6 117.572 26.594 6149.978 1.48574
845.72 170.571 155.101 6077.608 0.2612
846.84 153.57 134.608 5955.738 0.32574
847.96 167.068 139.114 5813.368 0.49265
849.09 104.567 58.121 5820.497 0.80603
850.21 198.066 232.628 5935.127 -0.60608
851.33 346.565 385.134 5976.757 -0.68977
852.45 163.564 25.141 5610.387 2.47837
853.57 243.063 232.148 5832.016 0.19492
854.7 210.562 67.654 5477.146 2.64179
855.82 160.061 -0.339 5659.776 2.83386
856.94 384.559 485.168 5827.405 -1.88326
858.06 46.058 -64.326 5132.035 2.12426
859.18 347.557 425.181 5653.165 -1.48478
860.3 228.056 244.688 5345.295 -0.32607
861.42 68.555 -89.306 5013.424 3.09365
862.54 108.554 -65.799 4962.554 3.46739
863.66 91.553 50.708 4975.184 0.82943
864.78 207.551 186.714 5073.814 0.42637
865.9 250.55 244.221 5222.943 0.12713
867.02 772.549 1277.228 6443.073 -9.76952
868.14 615.548 879.234 5701.203 -5.46843
869.26 392.547 575.741 5163.833 -3.99281
870.38 59.046 -90.252 4456.962 3.28329
871.5 -16.955 -94.746 4453.592 1.7103
872.62 121.543 69.761 4578.222 1.14856
873.74 538.042 699.268 5511.852 -3.35008
874.85 127.542 40.271 4430.417 1.98788
875.97 216.542 286.271 4564.417 -1.62989
877.09 315.042 373.271 4811.917 -1.31187
878.21 249.042 220.771 4370.917 0.6812
879.33 307.042 334.771 4641.417 -0.64387
880.44 270.542 254.771 4375.417 0.38273
881.56 212.542 111.271 4114.417 2.52978
882.68 268.542 256.271 4367.917 0.29844
883.79 614.542 826.771 4988.417 -5.09964
884.91 59.542 -58.229 3702.917 3.13125
886.03 356.542 456.271 4455.417 -2.49376
887.14 460.042 659.271 4800.417 -4.81097
888.26 510.542 777.271 4809.917 -6.61425
889.38 435.042 636.271 4577.417 -5.10585
890.49 78.042 -89.729 4014.417 4.08784
891.61 273.042 307.771 4176.917 -0.89759
892.72 100.042 -13.229 4058.417 2.78194
893.84 41.042 -99.229 3906.917 3.50139
894.95 31.542 -87.229 3941.917 2.94779
896.07 233.542 152.271 4075.417 2.07157
897.18 353.042 384.271 4307.417 -0.79602
898.3 113.042 -41.229 3881.917 3.93232
899.41 435.542 577.271 4446.917 -3.66259
900.53 309.042 335.771 4029.417 -0.72365
901.64 365.042 462.271 4350.417 -2.50066
902.75 225.542 262.771 4055.917 -0.98149
903.87 150.542 116.771 3876.417 0.89825
904.98 347.542 403.771 4044.917 -1.54427
906.09 236.542 235.771 3943.917 0.02079
907.21 346.542 438.771 3919.917 -2.64939
908.32 171.042 198.271 3488.417 -0.8276
909.43 457.042 650.771 3977.917 -5.82268
910.54 270.042 280.271 3820.917 -0.28891
911.66 761.542 1160.771 4581.417 -11.67116
912.77 110.042 85.771 3214.417 0.77576
913.88 303.542 300.271 3645.417 0.09778
914.99 140.042 69.271 3371.417 2.14318
916.1 313.542 349.771 3617.417 -1.10872
917.22 111.042 58.771 2918.417 1.82788
918.33 505.042 688.771 3724.917 -6.05139
919.44 244.542 270.271 3384.417 -0.8262
920.55 513.542 660.771 3674.417 -4.88542
921.66 348.042 428.771 3272.917 -2.83843
922.77 390.542 488.271 3282.417 -3.49764
923.88 418.042 623.271 3542.917 -7.02925
924.99 326.042 373.771 3227.417 -1.67257
926.1 50.042 -11.229 2623.917 2.32514
927.21 476.042 652.771 3484.417 -6.24122
928.32 61.542 -84.729 2456.417 5.7561
929.43 228.542 251.771 2756.917 -0.92726
930.54 204.042 111.271 2439.417 3.98475
931.65 260.042 266.271 2607.917 -0.26602
932.76 295.542 381.771 2750.917 -3.63967
933.86 267.542 302.271 2464.417 -1.60624
934.97 120.542 113.771 2305.417 0.30894
936.08 161.542 164.771 2138.417 -0.16361
937.19 467.042 708.271 2768.917 -11.70648
938.3 337.542 472.271 2273.917 -7.47812
939.4 480.542 674.771 2431.417 -11.05682
940.51 224.542 305.271 1864.417 -5.17778
941.62 358.542 503.771 1984.417 -9.8085
942.73 653.042 1102.771 2513.917 -31.86979
943.83 232.042 302.771 1592.417 -5.48439
944.94 284.542 338.271 1721.417 -3.88456
946.05 63.042 -35.729 1180.417 8.12163
947.15 82.042 -25.729 1255.417 8.41207
948.26 193.542 228.771 1623.917 -2.52512
949.36 172.042 98.271 1469.917 5.37827
950.47 274.542 326.771 1819.917 -3.49793
951.57 578.042 844.771 2349.917 -17.72115
952.68 397.542 568.771 1976.417 -12.16422
953.79 360.542 439.271 2026.417 -4.96043
954.89 154.042 121.771 1668.417 2.0865
955.99 359.542 391.271 2152.917 -1.80111
957.1 220.042 230.271 1637.417 -0.72694
958.2 238.542 271.271 1806.417 -2.13199
959.31 382.542 455.771 2090.917 -4.47845
960.41 160.042 130.271 1642.917 1.96813
961.52 105.542 10.271 1452.917 6.6039
962.62 370.042 493.771 1946.917 -8.51457
963.72 45.042 -50.729 1492.417 6.20621
964.83 -1.458 -70.729 1396.917 4.71986
965.93 299.042 341.771 1883.917 -2.77076
967.03 469.542 714.271 2232.917 -16.11496
968.13 387.542 466.771 1975.417 -5.25168
969.24 217.042 175.771 1604.417 2.88881
970.34 206.042 206.771 1605.917 -0.05211
971.44 198.042 265.771 1650.417 -4.89144
972.54 321.042 346.771 1881.917 -1.67601
973.64 167.042 142.271 1643.917 1.64958
974.75 696.542 1069.771 2472.917 -26.59946
975.85 1945.542 3162.271 4867.417 -71.35631
976.95 180.542 189.771 1479.917 -0.71536
978.05 417.042 525.771 1934.917 -7.71596
979.15 634.042 896.271 2298.917 -18.69532
980.25 132.042 99.771 1282.917 2.72755
981.35 185.542 179.271 1406.417 0.51101
982.45 603.542 891.771 2297.417 -20.5051
983.55 347.042 462.771 1760.417 -8.9184
984.65 310.042 418.271 1628.917 -8.93979
985.75 469.042 675.271 1828.917 -17.8763
986.85 311.542 372.271 1638.417 -4.79638
987.95 171.042 185.271 1345.917 -1.22597
989.05 512.042 783.271 2071.417 -21.05578
990.15 445.042 628.271 1710.417 -16.93202
991.25 346.542 443.271 1513.917 -9.03466
992.34 547.042 835.771 1982.917 -25.16935
993.44 318.042 478.271 1473.917 -16.09299
994.54 319.542 386.771 1334.417 -7.09434
995.64 544.542 731.271 1754.417 -18.25049
996.74 580.042 789.271 1829.917 -20.1057
997.83 127.042 73.771 1008.417 5.69957
998.93 267.542 315.271 1299.917 -4.84735
1000.03 776.542 1230.771 2285.917 -43.04895
1001.12 544.542 704.771 1735.417 -15.54648
1002.22 556.542 729.271 1828.417 -15.71485
1003.32 248.542 272.271 1190.917 -2.58306
1004.41 334.542 467.271 1408.417 -14.10294
1005.51 347.542 402.771 1217.917 -6.77538
1006.6 210.542 188.771 987.917 2.72426
1007.7 483.042 624.271 1470.917 -16.68102
1008.8 78.542 103.271 755.917 -3.78906
1009.89 384.542 577.771 1331.917 -25.62225
1010.99 312.542 384.771 1149.417 -9.4461
1012.08 63.042 47.271 826.417 2.02412
1013.18 279.042 394.271 1240.917 -13.61008
1014.27 193.542 202.271 1009.417 -1.08148
1015.36 289.542 334.271 1124.417 -5.66088
1016.46 329.042 402.771 1194.917 -9.30753
1017.55 167.042 148.271 862.917 2.62659
1018.65 339.042 496.771 1208.917 -22.14844
1019.74 451.542 586.771 1441.917 -15.81358
1020.83 348.042 505.271 1239.417 -21.41662
1021.93 307.542 280.271 1081.417 3.40398
1023.02 176.042 38.271 740.917 19.60744
1024.11 179.542 63.771 754.417 16.76269
1025.2 150.542 88.271 722.417 9.81964
1026.3 367.042 454.271 1131.917 -12.87239
1027.39 435.042 597.771 1268.417 -24.26455
1028.48 337.042 486.771 1072.417 -25.56651
1029.57 277.042 312.771 901.917 -6.06457
1030.66 339.042 451.771 1035.417 -19.31466
1031.75 993.542 1483.271 2155.917 -72.80639
1032.84 465.042 652.771 1237.417 -32.10989
1033.94 203.042 161.271 678.417 8.07719
1035.03 497.542 773.771 1262.917 -56.47174
1036.12 164.542 90.271 614.917 14.15638
1037.21 162.542 66.771 609.417 17.64887
1038.3 396.042 522.771 1049.417 -24.06345
1039.39 167.542 153.271 549.417 3.60242
1040.48 354.042 455.771 904.417 -22.67472
1041.57 402.542 616.271 1021.917 -52.68861
1042.66 326.542 441.771 862.917 -27.36087
1043.74 353.542 508.271 928.417 -36.82749
1044.83 399.042 543.271 974.917 -33.41377
1045.92 98.542 45.771 481.917 12.09936
1047.01 464.542 617.771 1054.417 -35.09232
1048.1 103.542 96.771 402.417 2.21525
1049.19 345.042 502.271 822.417 -49.11174
1050.27 297.042 342.271 705.417 -12.45483
1051.36 273.542 305.271 681.417 -8.43534
1052.45 394.542 469.771 875.417 -18.54553
1053.54 316.042 466.771 758.417 -51.68227
1054.62 336.042 525.271 900.417 -50.44149
1055.71 365.542 467.771 822.917 -28.78513
1056.8 472.042 688.271 1055.917 -58.81453
1057.88 262.042 328.771 652.417 -20.61797
1058.97 372.042 458.771 804.417 -25.09192
1060.06 613.542 834.771 1296.917 -47.86998
1061.14 264.542 367.771 664.417 -34.7988
1062.23 1020.542 1608.271 2089.917 -122.02517
1063.31 418.042 547.271 887.917 -37.93651
1064.4 248.542 279.271 610.417 -9.27965
1065.48 403.542 526.771 738.917 -58.08699
1066.57 324.042 362.771 691.917 -11.76657
1067.65 381.542 543.771 885.417 -47.48459
1068.74 255.542 357.271 635.417 -36.57404
1069.82 393.042 544.271 856.417 -48.44823
1070.9 1395.042 2151.771 2635.417 -156.46343
1071.99 384.542 561.771 908.917 -51.05322
1073.07 351.542 491.771 826.917 -41.84124
1074.15 424.542 576.771 914.417 -45.08545
1075.24 341.042 526.771 764.417 -78.15375
1076.32 431.542 625.771 880.417 -76.27422
1077.4 649.042 963.771 1324.417 -87.2682
1078.49 271.542 218.271 494.417 19.29083
1079.57 461.042 655.271 905.917 -77.49146
1080.65 648.042 866.771 1207.917 -64.11602
1081.73 346.042 382.771 651.417 -13.67197
1082.81 263.542 238.271 479.917 10.4578
1083.89 379.542 548.771 799.417 -67.51723
1084.98 376.542 533.271 847.417 -49.89057
1086.06 216.542 267.771 470.917 -25.21793
1087.14 230.542 283.771 487.417 -26.13811
1088.22 369.042 524.771 765.417 -64.713
1089.3 174.042 261.771 458.417 -44.61278
1090.38 664.042 1101.771 1433.417 -131.98697
1091.46 426.042 598.771 838.417 -72.07683
1092.54 335.042 405.771 657.917 -28.0509
1093.62 347.042 412.771 674.917 -25.07352
1094.7 196.542 186.271 429.417 4.22415
1095.78 358.042 490.771 699.917 -63.4625
1096.86 373.542 545.771 843.917 -57.76674
1097.93 753.542 1146.271 1458.417 -125.81596
1099.01 506.542 802.271 1099.917 -99.35606
1100.09 293.042 334.271 492.917 -25.9882
