196.55 813.572 972.948 1339.379 -43.49394
197.76 1046.961 1427.472 1995.603 -66.97578
198.96 985.734 1340.45 1803.191 -76.65559
200.16 662.597 796.077 1227.164 -30.96369
201.36 1059.1 1587.379 2062.06 -111.29133
202.56 779.804 990.115 1401.163 -51.16473
203.76 686.62 849.94 1265.984 -39.25527
204.96 846.937 932.264 1411.806 -17.79352
206.16 539.868 712.367 946.298 -73.73868
207.36 879.619 1181.173 1687.519 -59.55472
208.56 808.006 1052.507 1476.29 -57.6947
209.76 596.46 637.704 982.138 -11.97454
210.96 720.347 888.539 1380.408 -34.19427
212.16 1410.936 2056.997 2537.841 -134.35999
213.36 895.483 1126.644 1600.47 -48.78618
214.56 744.413 890.479 1274.997 -37.98688
215.76 1243.62 1834.94 2402.485 -104.18904
216.96 1074.621 1568.862 2050.473 -102.6226
218.16 848.53 985.792 1447.599 -29.72269
219.35 649.732 716.838 1152.749 -15.39452
220.55 757.459 872.359 1328.661 -25.18079
221.75 697.163 810.596 1150.265 -33.39525
222.95 1098.8 1461.314 1932.768 -76.8926
224.15 881.776 1090.029 1574.459 -42.98913
225.35 688.504 782.472 1287.36 -18.61174
226.55 704.323 792.831 1188.111 -22.39129
227.75 1031.3 1378.814 1879.768 -69.37029
228.94 840.96 1122.204 1555.138 -64.96249
230.14 811.142 919.113 1379.351 -23.45965
231.34 690.734 847.028 1265.702 -37.33078
232.54 668.961 780.549 1133.115 -31.65041
233.74 620.53 805.869 1171.11 -50.7444
234.93 636.777 791.951 1221.947 -36.08737
236.13 798.892 951.574 1439.095 -31.31786
237.33 770.708 930.131 1313.452 -41.59006
238.53 690.186 887.381 1239.073 -56.07006
239.72 957.688 1373.993 1901.015 -78.99177
240.92 586.324 562.676 918.088 6.65359
242.12 936.391 1152.807 1622.13 -46.11214
243.31 638.665 755.63 1186.695 -27.13408
244.51 590.597 627.0 952.653 -11.17829
245.71 1001.187 1278.803 1722.062 -62.6308
246.9 1156.597 1688.0 2212.153 -101.38309
248.1 797.938 950.954 1448.759 -30.738
249.3 714.28 982.33 1398.854 -64.35413
250.49 730.257 893.313 1321.511 -38.07943
251.69 831.233 1049.106 1539.214 -44.45394
252.89 741.054 916.154 1388.919 -37.03753
254.08 582.46 579.204 954.138 0.86833
255.28 813.893 976.919 1400.072 -38.5263
256.47 558.71 577.666 955.382 -5.01842
257.67 932.367 1159.099 1530.833 -60.99312
258.86 957.709 1172.898 1590.417 -51.54008
260.06 779.053 917.809 1356.442 -31.63385
261.26 1095.756 1459.546 1914.546 -79.95365
262.45 788.779 939.063 1294.389 -42.29478
263.65 548.758 565.158 907.488 -4.79054
264.84 887.938 1081.531 1469.771 -49.86442
266.04 643.054 804.154 1217.419 -38.98237
267.23 499.963 487.661 823.556 3.66232
268.42 710.006 706.584 1015.802 1.10653
269.62 784.778 882.641 1322.401 -22.25358
270.81 791.801 959.736 1397.256 -38.38345
272.01 772.87 923.056 1333.752 -36.56875
273.2 842.1 1164.034 1567.583 -79.77586
274.4 530.007 664.852 908.767 -55.28333
275.59 838.348 1028.883 1499.385 -40.4962
276.78 783.778 892.718 1361.913 -23.2186
277.98 682.371 772.746 1191.206 -21.59693
279.17 745.255 903.201 1285.069 -41.3612
280.37 687.236 837.985 1198.621 -41.80073
281.56 528.189 528.915 926.504 -0.18271
282.75 614.049 617.508 1021.047 -0.85698
283.95 659.394 801.186 1237.537 -32.49477
285.14 672.803 863.193 1247.675 -49.51843
286.33 597.099 700.267 1012.118 -33.08263
287.52 730.918 948.548 1368.358 -51.84032
288.72 886.191 1136.95 1615.434 -52.40684
289.91 1096.734 1410.373 1957.179 -57.35823
291.1 842.029 1007.024 1453.634 -36.94402
292.29 722.756 997.623 1395.057 -69.16045
293.49 758.462 1044.239 1446.568 -71.03049
294.68 593.598 729.845 997.629 -50.87905
295.87 744.029 803.102 1201.145 -14.84094
297.06 777.143 940.38 1418.817 -34.1187
298.26 426.485 420.179 733.9 2.01024
299.45 675.665 789.13 1098.195 -36.71252
300.64 762.959 822.859 1190.661 -16.28605
301.83 758.734 857.028 1294.202 -22.48402
303.02 629.891 630.384 1057.142 -0.11559
304.21 871.572 1123.525 1573.39 -56.00641
305.4 736.755 875.356 1160.092 -48.67708
306.59 766.21 920.166 1316.882 -38.80741
307.79 683.665 803.053 1187.683 -31.0395
308.98 548.142 579.113 932.851 -8.75516
310.17 965.834 966.081 1430.275 -0.05317
311.36 695.738 857.597 1178.563 -50.42858
312.55 1131.715 1560.657 2066.731 -84.75867
313.74 548.916 584.359 957.404 -9.50084
314.93 827.506 1009.007 1474.29 -39.00857
316.12 740.983 787.067 1192.958 -11.35362
317.31 447.871 406.823 740.217 12.31204
318.5 561.916 574.859 920.404 -3.74551
319.69 740.439 830.799 1262.736 -20.91956
320.88 695.687 736.225 1134.55 -10.17721
322.07 598.803 607.271 993.686 -2.19128
323.26 599.937 607.342 935.817 -2.25446
324.45 467.189 447.415 793.504 5.71345
325.64 656.076 766.749 1195.274 -25.82662
326.83 791.029 996.024 1395.634 -51.29897
328.01 669.916 738.436 1110.916 -18.39576
329.2 817.165 976.053 1403.683 -37.15529
330.39 724.643 727.38 1086.817 -0.7613
331.58 549.28 542.908 969.366 1.49408
332.77 1018.302 1253.081 1742.233 -47.9972
333.96 406.666 448.82 671.648 -18.91743
335.15 549.052 524.964 868.466 7.01238
336.33 555.78 590.908 878.866 -12.19912
337.52 621.189 719.415 1040.504 -30.59171
338.71 586.734 710.45 1050.191 -36.415
339.9 549.668 614.932 995.09 -17.16746
341.08 603.213 688.2 1067.812 -22.38795
342.27 740.666 879.475 1376.672 -27.91841
343.46 866.892 1063.729 1446.619 -51.40836
344.65 728.892 897.229 1356.119 -36.68361
345.83 844.528 983.257 1460.668 -29.05867
347.02 481.437 470.264 791.306 3.48013
348.21 896.506 1021.584 1513.302 -25.43707
349.4 503.984 462.989 862.946 10.24974
350.58 601.713 718.045 1108.789 -29.77179
351.77 574.53 575.369 941.11 -0.22951
352.96 447.211 324.088 698.37 32.89564
354.14 623.802 619.926 1114.21 0.78428
355.33 529.665 536.13 920.695 -1.68122
356.51 497.281 387.098 701.82 35.00979
357.7 617.215 679.734 1173.743 -12.65558
358.89 599.94 511.721 949.225 20.16407
360.07 807.19 915.105 1399.957 -22.25718
361.26 917.944 1061.79 1572.085 -28.18871
362.44 667.15 733.483 1177.108 -14.95248
363.63 586.743 481.743 950.435 22.40259
364.81 659.449 531.437 1069.458 23.79314
366.0 558.153 276.518 729.538 62.16834
367.18 1225.833 1403.392 2092.821 -25.75446
368.37 611.421 529.85 875.253 23.61625
369.55 741.398 737.065 1246.445 0.85051
370.74 911.807 911.572 1458.582 0.04285
371.92 1045.399 1158.332 1668.41 -22.14051
373.11 636.673 476.078 1016.963 29.69106
374.29 554.379 421.772 908.985 27.21747
375.48 666.581 531.741 1060.623 25.49531
376.66 650.352 441.53 902.257 45.32447
377.84 969.421 953.85 1582.253 2.47791
379.03 635.079 405.051 908.67 45.6751
380.21 539.309 332.184 747.024 49.92875
381.39 503.945 266.212 675.074 58.14499
382.58 865.875 816.548 1409.101 8.32454
383.76 1119.578 1148.784 1715.705 -5.15161
384.94 1195.124 1254.164 1936.868 -8.64791
386.13 737.491 426.593 963.237 57.9337
387.31 835.808 618.339 1185.047 38.37398
388.49 745.513 474.688 1029.093 48.84973
389.68 910.353 637.952 1263.246 43.56359
390.86 921.671 567.466 1204.521 55.60034
392.04 1171.579 982.706 1677.693 27.1764
393.22 874.171 445.466 1111.021 64.41313
394.41 889.331 473.202 1085.367 67.97659
395.59 751.966 193.463 865.952 83.05017
396.77 1040.056 552.689 1295.349 65.6245
397.95 1163.011 637.576 1375.151 71.23823
399.13 1308.442 792.678 1560.643 67.15985
400.31 1121.287 447.511 1233.657 85.70614
401.5 1296.762 626.304 1514.36 75.4973
402.68 1314.445 734.712 1616.074 65.77694
403.86 1133.944 434.445 1296.108 81.18002
405.04 1378.351 807.263 1861.292 54.18144
406.22 1201.035 367.783 1341.448 85.57897
407.4 1575.873 697.013 1747.671 83.64852
408.58 1699.058 814.301 1875.791 83.35045
409.76 1644.899 947.755 2029.398 64.45233
410.94 1513.671 624.466 1721.521 81.05381
412.12 1400.828 502.9 1505.972 89.51777
413.3 1405.034 359.093 1500.994 91.59642
414.48 1439.056 371.111 1363.838 107.57697
415.66 1650.669 445.277 1491.567 115.2063
416.84 2105.943 1233.1 2392.132 75.30793
418.02 1769.558 623.378 1795.303 97.80316
419.2 1692.625 419.586 1512.357 116.4964
420.38 1673.875 583.97 1792.589 90.17771
421.56 1658.328 427.245 1581.949 106.61465
422.74 2039.649 1081.794 2295.154 78.94236
423.92 1922.307 865.995 2097.57 85.76918
425.1 1873.056 464.111 1706.838 113.37532
426.28 1838.85 405.995 1712.327 109.68534
427.46 2437.645 1356.492 2799.259 74.93612
428.63 1944.578 571.861 2000.716 96.0711
429.81 1965.009 687.964 1968.209 99.75008
430.99 1942.078 754.784 2180.705 83.26511
432.17 2309.26 1145.347 2523.941 84.42749
433.35 2182.919 827.316 2288.823 92.75378
434.52 1933.145 155.069 1442.77 138.08145
435.7 2189.305 376.383 1827.128 124.96485
436.88 2486.147 840.104 2306.7 112.23559
438.06 2324.395 552.531 2072.014 116.60966
439.23 2195.761 399.115 1956.406 115.36992
440.41 2455.917 594.126 2298.869 109.21242
441.59 2541.057 828.456 2548.315 99.57801
442.77 2415.485 276.679 1951.4 127.7112
443.94 2779.715 760.657 2663.231 106.12246
445.12 2894.942 769.833 2568.167 118.171
446.3 3256.965 1093.118 2946.475 116.75286
447.47 3163.897 666.72 2632.968 127.00214
448.65 3249.102 720.646 2715.525 126.74732
449.82 3132.102 500.146 2418.525 137.19686
451.0 3148.488 609.213 2599.83 127.56218
452.18 3121.828 476.823 2644.96 121.99434
453.35 3276.42 530.16 2753.3 123.53068
454.53 3424.782 558.865 2819.285 126.78695
455.7 3594.419 334.238 2713.311 137.03577
456.88 4303.373 945.935 3424.159 135.47758
458.05 4321.351 591.763 3040.792 152.28842
459.23 4341.578 315.784 2806.205 161.65117
460.4 4516.42 580.16 3298.8 144.78785
461.58 4609.668 719.432 3462.09 141.84182
462.75 4310.441 315.333 3204.667 138.27094
463.93 4544.465 628.696 3520.987 135.38641
465.1 4666.397 525.065 3629.945 133.38142
466.28 4689.986 218.101 3243.888 147.79244
467.45 4975.92 146.66 3291.8 153.54676
468.63 5562.033 523.249 3846.018 151.64414
469.8 6050.283 870.287 4222.273 154.53511
470.97 5993.646 405.259 3823.724 163.47654
472.15 6247.781 595.675 4138.332 159.54428
473.32 6269.986 704.601 4322.388 153.83395
474.49 6320.554 859.499 4671.896 143.24466
475.67 5973.35 507.573 4177.839 148.92045
476.84 5992.259 327.08 4088.476 150.61373
478.01 6497.26 636.347 4688.941 144.62126
479.19 6735.349 548.728 4557.862 154.31315
480.36 6867.282 309.02 4472.808 157.5071
481.53 7302.123 596.897 4836.903 158.14188
482.7 7642.122 497.129 4733.938 168.64091
483.88 7728.008 275.774 4583.755 172.98668
485.05 7780.373 361.935 4823.659 166.26842
486.22 7704.075 478.405 4938.797 161.99628
487.39 7593.62 333.595 4795.508 162.71104
488.56 7680.396 485.876 5021.991 158.60531
489.74 7833.212 897.2 5619.313 146.88368
490.91 7522.349 242.651 4990.851 153.31491
492.08 7737.396 375.876 5230.491 151.63961
493.25 7869.531 278.714 5092.587 157.68627
494.42 8280.712 476.778 5228.824 164.22261
495.59 8582.189 417.26 5317.48 166.62372
496.76 8877.442 465.756 5367.155 171.61807
497.93 9009.327 610.478 5616.483 167.77547
499.1 9047.78 572.753 5591.843 168.85586
500.27 9189.53 1040.792 6267.099 155.91772
501.44 9037.1 1228.534 6296.083 154.08959
502.61 8491.031 423.137 5408.076 161.8454
503.78 8602.007 629.929 5761.278 155.36027
504.95 8855.123 1123.474 6516.415 143.3661
506.12 8770.825 696.943 5888.053 155.53286
507.29 8630.395 335.186 5433.538 162.70373
508.46 9082.667 32.165 5307.125 171.57479
509.63 9919.167 1258.165 6645.125 160.77717
510.8 10253.1 1179.612 6671.095 165.22837
511.97 10026.622 558.552 5824.426 179.80053
513.14 10077.233 258.528 5792.702 177.41952
514.31 10220.371 785.746 6241.206 172.93914
515.48 10070.211 495.01 6045.359 172.5153
516.65 9838.168 525.087 6124.614 166.31907
517.81 9662.349 355.806 5922.374 167.18638
518.98 9803.668 695.01 6349.102 161.0985
520.15 9547.165 161.13 5858.695 164.73766
521.32 10111.19 703.605 6464.457 163.30198
522.49 10778.302 1502.503 7468.221 155.48503
523.65 10874.416 1158.859 7184.404 161.23946
524.82 10959.85 638.073 6545.839 174.7154
525.99 11002.62 78.517 6017.496 183.93908
527.16 11837.619 631.25 6882.031 179.27951
528.32 12037.189 730.182 7018.969 179.79633
529.49 12260.009 411.619 6654.732 189.78336
530.66 12146.368 114.367 6539.298 187.2705
531.82 12048.1 180.957 6592.071 185.10265
532.99 12111.008 320.274 6997.255 176.58779
534.16 12182.985 444.256 7148.912 175.08326
535.32 12540.37 794.401 7641.229 171.55345
536.49 12510.279 294.408 7207.866 176.69697
537.65 13484.531 1011.059 8080.564 176.44053
538.82 13304.962 321.816 7430.58 182.63579
539.99 13928.939 642.721 8076.725 178.72225
541.15 14572.214 818.39 8357.766 182.42656
542.32 14845.87 147.979 7854.74 190.71424
543.48 16170.097 811.155 8785.676 192.60018
544.65 16607.664 992.785 8917.718 197.03485
545.81 17553.029 1483.292 10133.099 185.78146
546.98 17514.232 503.106 9285.714 193.69106
548.14 18202.529 783.792 9857.099 191.97783
549.31 17918.234 402.873 9415.179 194.34939
550.47 18234.824 469.443 9763.554 191.14665
551.63 18562.848 914.806 10766.874 179.13033
552.8 18576.963 454.584 10034.545 189.16965
553.96 19047.008 459.852 10240.767 190.03494
555.13 19205.234 391.45 10690.69 182.67157
556.29 20207.506 934.084 11394.302 184.2545
557.45 20447.305 274.46 10552.64 196.26865
558.62 21851.756 523.468 11224.534 199.30993
559.78 22248.732 771.606 11627.214 197.84361
560.94 22479.074 371.982 11276.809 202.72759
562.11 23571.211 391.088 11510.37 208.4678
563.27 23940.166 157.975 11361.672 212.27093
564.43 24303.166 32.397 11656.66 208.79405
565.59 24500.732 205.838 12004.749 205.90794
566.76 24856.35 351.073 12192.839 206.93938
567.92 24870.346 571.349 12448.455 204.58684
569.08 25137.051 715.042 13216.978 195.34582
570.24 24988.486 352.024 12896.877 196.38701
571.4 25306.826 226.366 12819.042 199.16704
572.57 25415.436 367.342 13100.317 196.71831
573.73 25534.529 55.524 13072.134 195.74226
574.89 26461.551 452.697 13544.0 198.67277
576.05 26941.758 476.158 13770.987 199.06686
577.21 27077.531 157.714 13514.587 201.54281
578.37 27841.439 18.954 13640.76 204.24961
579.53 29082.482 193.644 13978.47 209.56985
580.69 29423.643 597.535 14724.34 204.05256
581.85 29824.393 351.919 14327.072 210.89195
583.01 30698.643 401.88 14435.816 215.88214
584.17 30842.279 484.83 14656.854 214.20687
585.33 30987.619 572.517 14948.496 211.56891
586.49 31264.395 377.763 14735.049 215.12863
587.65 30941.213 573.278 15187.824 207.79252
588.81 31002.824 566.521 15553.064 203.09088
589.97 31430.711 929.433 15628.847 207.49996
591.13 30737.781 421.02 15287.808 203.92274
592.29 30582.393 336.574 15254.096 202.75364
593.45 30782.119 213.595 14965.508 207.21736
594.61 30971.123 134.052 15178.927 204.96728
595.77 30887.348 196.961 15395.896 201.92458
596.93 31370.373 91.091 14998.683 209.82116
598.09 31739.281 382.753 15545.343 206.80193
599.24 32203.482 138.067 15446.458 209.463
600.4 32510.395 291.763 15433.549 212.7796
601.56 32522.258 233.39 15322.522 213.98757
602.72 33045.348 368.616 15465.42 216.44801
603.87 33740.32 473.064 15310.146 224.21697
605.03 33210.848 232.116 15238.92 219.75853
606.19 33398.914 148.514 14826.428 226.53356
607.35 32823.891 -3.926 15131.096 216.8997
608.5 32945.645 594.457 15492.328 217.15309
609.66 33146.891 989.651 15859.107 216.26372
610.82 32233.439 146.299 15137.236 214.04359
611.97 31647.006 125.084 14915.802 213.11963
613.13 31974.324 573.754 15514.6 210.16595
614.29 31597.188 496.993 15383.016 208.92212
615.44 31609.348 717.539 15456.908 209.58704
616.6 31445.279 180.141 14843.401 213.22092
617.76 31681.098 663.0 15414.652 210.26863
618.91 32008.801 726.314 15170.268 216.57842
620.07 31956.961 641.049 15204.114 215.03654
621.22 31800.982 17.567 14577.958 218.28682
622.38 32758.006 1061.084 15637.302 217.45643
623.53 32358.326 78.366 14625.542 221.89846
624.69 32852.574 112.137 14268.832 231.27176
625.84 32659.051 217.542 14299.978 230.36859
627.0 32976.508 488.964 14831.709 226.50855
628.15 32887.527 -0.398 14734.646 223.19531
629.31 32705.281 318.175 14728.331 224.75195
630.46 32501.256 -23.532 14344.034 226.37646
631.61 32376.869 374.134 14629.264 224.49978
632.77 32662.6 228.189 14833.106 222.0787
633.92 32003.643 495.38 14691.816 221.94487
635.08 32404.055 949.577 15177.407 221.07712
636.23 32549.074 308.482 14744.809 223.32961
637.38 31646.984 -74.511 14334.446 220.15122
638.54 31926.189 654.76 15135.48 215.95217
639.69 31767.322 936.831 15459.111 212.29787
640.84 32293.941 490.402 14738.753 223.20857
641.99 32107.828 97.409 14039.882 229.58925
643.15 32581.215 816.916 14835.512 226.58688
644.3 32336.6 95.422 14179.142 228.92516
645.45 32472.486 -58.071 14110.771 229.5922
646.6 32930.871 811.436 15075.401 225.17886
647.75 32785.758 161.942 14418.031 228.84127
648.91 33543.645 -136.551 13971.661 238.72759
650.06 33352.531 225.455 14825.291 226.90034
651.21 34256.918 417.462 14565.42 239.18262
652.36 34190.305 450.969 14709.05 236.63308
653.51 34054.191 101.475 14213.68 240.59116
654.66 33985.078 273.982 14861.81 231.09059
655.81 34694.461 651.989 15048.939 236.45613
656.96 33872.848 69.495 14402.569 235.84161
658.11 34189.234 365.002 14800.199 234.31777
659.27 33987.621 531.009 14925.328 232.42928
660.42 33868.008 29.015 14459.958 234.48913
661.57 34564.395 421.022 14835.088 236.87538
662.72 33119.281 -139.971 14611.718 225.46064
663.87 34150.168 -99.965 14122.848 240.81125
665.01 33861.051 316.042 14693.978 233.30894
666.16 34637.438 41.049 14739.607 235.37266
667.31 35272.824 95.555 14982.237 236.30027
668.46 35500.211 760.562 15722.366 232.1889
669.61 35168.098 206.069 15547.996 227.88551
670.76 36552.484 4.575 15214.626 240.28789
671.91 36752.871 769.582 16378.756 230.52654
673.06 38685.758 519.589 16014.886 246.30808
674.21 37070.141 -161.405 15583.016 236.47454
675.35 37907.027 284.102 15720.146 243.73425
676.5 37872.914 167.609 15849.774 240.4343
677.65 38356.801 72.615 15783.904 243.6731
678.8 37936.188 -110.878 15727.034 240.22778
679.94 39949.074 40.629 16048.164 249.31037
681.09 40572.461 370.135 17049.793 241.02608
682.24 41319.348 363.142 17513.924 238.80081
683.39 41145.23 -1.851 17222.553 238.88828
684.53 42312.617 558.155 17196.684 250.95045
685.68 41997.004 214.662 17614.813 240.12632
686.83 42120.391 301.169 17607.443 241.64196
687.97 41869.277 298.175 17622.072 239.96392
689.12 42662.164 178.182 17514.703 245.05483
690.27 41646.051 68.189 17408.832 239.77116
691.41 42824.938 468.195 17969.961 242.01411
692.56 41750.82 358.702 17742.592 238.10619
693.7 43348.707 378.709 17681.721 248.33826
694.85 42709.594 48.215 17192.852 248.83222
695.99 43089.98 398.222 17794.98 245.40065
697.14 42765.367 184.229 17551.111 245.18585
698.28 43367.754 342.735 18251.74 240.24237
699.43 43331.141 391.242 18390.369 238.56656
700.57 43172.027 -74.251 17710.5 243.16493
701.72 43809.41 -50.745 17219.129 253.96917
702.86 43780.297 -107.738 17549.26 248.55887
704.01 44573.184 50.269 17415.389 256.39278
705.15 44879.57 433.275 18332.02 248.32074
706.29 45411.457 126.782 17723.648 257.34511
707.44 45497.344 171.288 18374.777 248.99653
708.58 46170.73 -124.205 17936.408 256.33092
709.72 46521.117 629.302 18731.037 253.52164
710.87 45683.0 -137.192 17783.168 255.6879
712.01 45528.887 0.315 17644.297 258.04023
713.15 46069.773 217.322 18427.928 251.78982
714.3 46113.66 348.828 17921.557 260.431
715.44 46218.547 92.335 18611.186 249.07708
716.58 46863.934 277.342 18420.816 256.76775
717.72 45382.32 52.848 18398.945 247.07965
718.87 46697.707 240.855 18262.076 257.7897
720.01 45591.09 117.362 18078.205 253.18259
721.15 46146.977 -54.132 17879.836 257.61789
722.29 45937.863 345.875 18022.965 257.91569
723.43 46628.75 498.882 18553.596 255.50041
724.57 46462.137 450.388 18287.225 257.95913
725.72 46036.023 244.895 18067.354 256.92936
726.86 46713.41 678.902 18459.484 258.90326
728.0 46304.297 164.408 17772.113 262.04374
729.14 47006.68 -2.085 17477.244 268.93918
730.28 46014.066 481.422 17805.373 262.8306
731.42 46749.453 10.928 17753.004 263.43324
732.56 47312.84 722.435 18545.133 261.41051
733.7 47066.227 386.942 18597.262 256.33424
734.84 47130.113 -127.052 17331.393 270.68371
735.98 47151.5 148.955 17932.521 264.30325
737.12 48130.387 -3.038 17789.152 270.53119
738.26 46959.27 17.468 17486.281 268.71775
739.4 47923.656 228.475 17917.912 269.62521
740.53 47106.043 407.482 18162.541 263.01552
741.67 46774.93 273.488 17733.67 266.32851
742.81 48643.816 -222.505 17185.301 280.715
743.95 47135.703 241.002 17969.93 264.50951
745.09 47006.09 19.508 17370.561 270.79961
746.23 47109.977 399.515 17605.189 271.48289
747.36 47718.859 453.522 17477.32 277.64272
748.5 47449.746 60.028 17069.949 278.60046
749.64 46035.633 25.035 17006.078 270.95272
750.78 45979.02 -5.458 16833.209 273.08858
751.92 46080.906 74.548 16909.838 273.27334
753.05 45321.793 155.555 16258.969 280.47617
754.19 46262.68 635.562 16783.098 282.56396
755.33 44942.066 -151.932 16117.228 277.17473
756.46 44243.949 245.075 16057.357 278.25758
757.6 43863.336 82.082 15697.487 280.37219
758.74 43697.723 562.088 16315.617 273.81569
759.87 43714.609 244.595 16092.247 274.2994
761.01 42323.996 271.102 15563.377 274.99436
762.14 43772.883 234.608 15825.006 279.2634
763.28 43865.27 408.115 15272.136 292.36473
764.41 42746.656 249.121 15157.766 285.05298
765.55 43073.539 -123.872 14748.896 290.44636
766.69 41699.926 289.635 15202.025 277.69049
767.82 42077.813 266.641 15014.155 283.51335
768.95 41493.699 26.148 14525.285 286.00013
770.09 41242.586 737.655 15281.915 278.49427
771.22 41961.973 661.661 15275.044 282.61979
772.36 41321.359 504.168 14678.674 287.96201
773.49 41374.246 489.175 14838.804 284.92076
774.63 40933.629 196.181 14003.434 295.04384
775.76 39029.516 154.688 13969.563 281.39832
776.89 40311.902 428.195 14067.693 292.4133
778.03 40180.289 360.201 13450.823 304.1879
779.16 39232.176 8.708 13358.952 293.80338
780.29 38859.063 308.215 13035.582 302.89727
781.43 38607.449 606.221 13093.712 304.31437
782.56 37685.336 315.228 13181.842 290.44245
783.69 37531.719 11.735 12475.972 301.02111
784.82 36805.105 233.241 12821.602 290.52127
785.96 36675.492 116.748 12587.731 293.15045
787.09 35752.379 204.255 12186.361 296.67675
788.22 35922.266 394.261 12237.99 299.97313
789.35 35884.652 157.768 11739.62 308.47298
790.48 35326.039 142.275 12009.25 296.48468
791.62 34494.426 580.281 11944.38 298.43233
792.75 33660.313 5.288 11194.01 300.79419
793.88 33325.695 737.795 11788.14 294.90392
795.01 33242.582 353.801 11355.77 298.93543
796.14 33752.469 404.808 11514.898 300.15652
797.27 32096.355 493.815 11487.528 287.4601
798.4 32523.742 283.321 10909.158 303.41536
799.53 31581.129 -4.672 10310.788 306.19866
800.66 31160.014 316.335 10739.418 295.91703
801.79 32253.9 1276.841 11846.548 293.07397
802.92 31189.287 199.848 10216.178 309.38917
804.05 30438.674 381.855 10327.308 302.21669
805.18 30984.559 290.861 10017.937 315.54909
806.31 30940.945 215.868 9756.066 322.0591
807.44 29833.332 -64.625 9580.196 309.98974
808.57 30090.219 400.381 10089.826 306.41422
809.69 29807.604 400.888 9940.456 308.26045
810.82 28541.49 -163.605 9102.586 309.78311
811.95 29851.377 988.401 10112.216 316.34768
813.08 28920.264 103.908 8928.345 326.55178
814.21 28514.648 1064.915 10169.975 301.47779
815.33 28896.535 282.921 9203.104 320.77383
816.46 27727.422 308.928 9013.734 314.98108
817.59 27586.309 847.435 9490.864 309.35491
818.72 27546.693 504.441 8670.494 331.1545
819.84 26848.58 896.448 9116.124 315.73181
820.97 25786.967 446.454 8550.754 312.67986
822.1 25899.854 593.961 8538.383 318.53662
823.22 25005.738 -30.532 7767.513 321.0583
824.35 25129.625 92.474 7844.143 322.99049
825.48 25015.012 574.481 7850.272 335.91577
826.6 24188.898 310.488 7455.902 334.1781
827.73 24150.283 -144.506 7245.032 328.7728
828.85 23750.17 268.501 7361.662 331.04663
829.98 23755.557 610.008 7638.292 329.32007
831.11 23738.943 70.014 6945.921 344.22992
832.23 23282.328 81.521 6962.051 337.19507
833.36 23086.715 524.528 7592.181 319.23168
834.48 22696.102 259.034 6894.811 338.12273
835.6 22561.988 482.041 7014.94 337.98083
836.73 22238.373 -7.952 6711.07 331.09469
837.85 21221.26 535.054 6989.7 320.48555
838.98 21608.146 -104.439 6228.33 342.86087
840.1 22060.533 458.568 6766.959 342.43224
841.23 21078.918 371.074 6570.589 334.02363
842.35 21928.805 720.581 7111.219 331.86396
843.47 20986.691 248.588 6354.849 339.62033
844.6 20432.078 26.594 6149.978 333.23869
845.72 20733.963 155.101 6077.608 347.46877
846.84 20588.85 134.608 5955.738 351.37923
847.96 20157.236 139.114 5813.368 352.78865
849.09 20502.123 58.121 5820.497 354.78424
850.21 20232.008 232.628 5935.127 350.71254
851.33 19808.395 385.134 5976.757 347.36358
852.45 19304.281 25.141 5610.387 345.1798
853.57 19292.168 232.148 5832.016 340.3655
854.7 18885.053 67.654 5477.146 347.8589
855.82 18536.439 -0.339 5659.776 327.49827
856.94 19367.326 485.168 5827.405 353.45037
858.06 18371.713 -64.326 5132.035 354.78749
859.18 18048.098 425.181 5653.165 337.08819
860.3 18856.984 244.688 5345.295 364.90354
861.42 18482.371 -89.306 5013.424 363.9557
862.54 17713.258 -65.799 4962.554 353.57613
863.66 17617.643 50.708 4975.184 356.72695
864.78 17898.029 186.714 5073.814 362.40953
865.9 17827.916 244.221 5222.943 353.17685
867.02 17780.303 1277.228 6443.073 319.46512
868.14 17837.188 879.234 5701.203 351.6811
869.26 17148.574 575.741 5163.833 361.21405
870.38 16672.961 -90.252 4456.962 368.64793
871.5 16766.348 -94.746 4453.592 370.70889
872.62 16761.732 69.761 4578.222 370.23655
873.74 16722.119 699.268 5511.852 332.93656
874.85 16010.313 40.271 4430.417 363.7702
875.97 16368.313 286.271 4564.417 375.9115
877.09 16413.313 373.271 4811.917 361.37243
878.21 15589.313 220.771 4370.917 370.31331
879.33 15730.813 334.771 4641.417 357.49497
880.44 15665.313 254.771 4375.417 373.98366
881.56 14902.313 111.271 4114.417 369.48547
882.68 15291.813 256.271 4367.917 365.68184
883.79 15904.813 826.771 4988.417 362.3096
884.91 14962.813 -58.229 3702.917 399.37407
886.03 14756.813 456.271 4455.417 357.58992
887.14 14728.313 659.271 4800.417 339.73791
888.26 15011.813 777.271 4809.917 352.9827
889.38 15458.813 636.271 4577.417 376.09728
890.49 15166.813 -89.729 4014.417 371.73487
891.61 15856.813 307.771 4176.917 401.87274
892.72 15000.313 -13.229 4058.417 368.73397
893.84 15387.813 -99.229 3906.917 386.58207
894.95 15588.813 -87.229 3941.917 389.06612
896.07 15888.313 152.271 4075.417 401.10773
897.18 15748.313 384.271 4307.417 391.62557
898.3 15434.313 -41.229 3881.917 394.46765
899.41 15335.313 577.271 4446.917 381.37966
900.53 15600.313 335.771 4029.417 413.26489
901.64 14835.313 462.271 4350.417 369.66315
902.75 14587.313 262.771 4055.917 377.64278
903.87 14508.813 116.771 3876.417 382.80311
904.98 14794.313 403.771 4044.917 395.22013
906.09 14289.313 235.771 3943.917 378.99106
907.21 14083.313 438.771 3919.917 391.95547
908.32 14083.813 198.271 3488.417 422.03422
909.43 13697.813 650.771 3977.917 392.13915
910.54 13521.313 280.271 3820.917 373.97249
911.66 13818.813 1160.771 4581.417 370.04832
912.77 12910.313 85.771 3214.417 409.9071
913.88 13122.313 300.271 3645.417 383.30291
914.99 12432.813 69.271 3371.417 374.40931
916.1 13033.313 349.771 3617.417 388.15533
917.22 12599.813 58.771 2918.417 438.55226
918.33 12403.313 688.771 3724.917 385.83592
919.44 12159.313 270.271 3384.417 381.77536
920.55 12472.313 660.771 3674.417 391.93528
921.66 12029.813 428.771 3272.917 407.89193
922.77 11667.813 488.271 3282.417 400.10587
923.88 12189.313 623.271 3542.917 396.14535
924.99 11640.313 373.771 3227.417 394.81218
926.1 10673.313 -11.229 2623.917 405.463
927.21 11018.313 652.771 3484.417 366.06066
928.32 10235.813 -84.729 2456.417 406.13731
929.43 10251.313 251.771 2756.917 399.16005
930.54 10034.313 111.271 2439.417 426.22078
931.65 9731.813 266.271 2607.917 404.226
932.76 9847.813 381.771 2750.917 399.55503
933.86 9428.813 302.271 2464.417 422.10573
934.97 9178.313 113.771 2305.417 413.59517
936.08 8719.313 164.771 2138.417 433.43852
937.19 8176.813 708.271 2768.917 362.43692
938.3 7253.313 472.271 2273.917 376.38038
939.4 6842.313 674.771 2431.417 351.0976
940.51 6291.313 305.271 1864.417 383.93085
941.62 5901.813 503.771 1984.417 364.57347
942.73 6123.813 1102.771 2513.917 355.81308
943.83 5478.313 302.771 1592.417 401.31498
944.94 5656.813 338.271 1721.417 384.52502
946.05 5364.813 -35.729 1180.417 444.07025
947.15 5549.813 -25.729 1255.417 435.19962
948.26 5693.313 228.771 1623.917 391.68248
949.36 5818.813 98.271 1469.917 417.05677
950.47 5886.813 326.771 1819.917 372.37098
951.57 6321.313 844.771 2349.917 363.85453
952.68 6220.813 568.771 1976.417 401.52442
953.79 6248.313 439.271 2026.417 366.00555
954.89 5942.313 121.771 1668.417 376.3332
955.99 6297.313 391.271 2152.917 335.25703
957.1 6209.813 230.271 1637.417 424.94116
958.2 6537.813 271.271 1806.417 408.20499
959.31 6687.813 455.771 2090.917 381.13062
960.41 6134.813 130.271 1642.917 396.95623
961.52 6351.313 10.271 1452.917 439.54252
962.62 6573.313 493.771 1946.917 418.37108
963.72 6179.313 -50.729 1492.417 403.72346
964.83 6484.813 -70.729 1396.917 446.67056
965.93 6586.813 341.771 1883.917 404.95793
967.03 6811.813 714.271 2232.917 401.51174
968.13 6547.313 466.771 1975.417 403.04634
969.24 6282.313 175.771 1604.417 427.43567
970.34 6211.313 206.771 1605.917 429.15768
971.44 6222.813 265.771 1650.417 430.22134
972.54 6370.813 346.771 1881.917 392.40844
973.64 5961.313 142.271 1643.917 387.51094
974.75 6596.313 1069.771 2472.917 393.86793
975.85 7276.313 3162.271 4867.417 241.27215
976.95 5848.313 189.771 1479.917 438.59707
978.05 6137.813 525.771 1934.917 398.25841
979.15 6175.313 896.271 2298.917 376.3631
980.25 5402.813 99.771 1282.917 448.2154
981.35 5558.813 179.271 1406.417 438.37836
982.45 6159.813 891.771 2297.417 374.77729
983.55 5695.813 462.771 1760.417 403.27197
984.65 5770.313 418.271 1628.917 442.08155
985.75 5459.813 675.271 1828.917 414.73229
986.85 5384.813 372.271 1638.417 395.88977
987.95 4991.813 185.271 1345.917 414.12649
989.05 5166.813 783.271 2071.417 340.29853
990.15 5059.813 628.271 1710.417 409.51428
991.25 4870.813 443.271 1513.917 413.53935
992.34 5067.813 835.771 1982.917 368.91925
993.44 4845.813 478.271 1473.917 438.66421
994.54 4496.813 386.771 1334.417 433.71075
995.64 4541.813 731.271 1754.417 372.43388
996.74 4563.813 789.271 1829.917 362.71147
997.83 4158.313 73.771 1008.417 437.0149
998.93 4381.813 315.271 1299.917 412.99539
1000.03 4798.813 1230.771 2285.917 338.15624
1001.12 4397.313 704.771 1735.417 358.27455
1002.22 4170.813 729.271 1828.417 313.11057
1003.32 3893.313 272.271 1190.917 394.1717
1004.41 3764.813 467.271 1408.417 350.37523
1005.51 3646.313 402.771 1217.917 397.9094
1006.6 3401.813 188.771 987.917 402.05948
1007.7 3545.313 624.271 1470.917 345.01342
1008.8 3219.813 103.271 755.917 477.52417
1009.89 3383.313 577.771 1331.917 372.01581
1010.99 3632.313 384.771 1149.417 424.7119
1012.08 3390.813 47.271 826.417 429.12911
1013.18 3458.313 394.271 1240.917 361.90361
1014.27 3676.313 202.271 1009.417 430.41064
1015.36 3619.313 334.271 1124.417 415.75134
1016.46 3618.313 402.771 1194.917 405.92802
1017.55 3419.313 148.271 862.917 457.71505
1018.65 3428.313 496.771 1208.917 411.64909
1019.74 3474.313 586.771 1441.917 337.66659
1020.83 3304.313 505.271 1239.417 381.2651
1021.93 3081.813 280.271 1081.417 349.69187
1023.02 2799.313 38.271 740.917 392.94926
1024.11 2742.313 63.771 754.417 387.83143
1025.2 2707.313 88.271 722.417 413.00304
1026.3 2842.313 454.271 1131.917 352.40264
1027.39 2682.813 597.771 1268.417 310.90057
1028.48 2624.813 486.771 1072.417 365.0742
1029.57 2437.813 312.771 901.917 360.69874
1030.66 2447.813 451.771 1035.417 341.99539
1031.75 3057.813 1483.271 2155.917 234.08181
1032.84 2410.813 652.771 1237.417 300.70201
1033.94 2189.813 161.271 678.417 392.25716
1035.03 2411.313 773.771 1262.917 334.77578
1036.12 1813.313 90.271 614.917 328.41995
1037.21 1853.313 66.771 609.417 329.22792
1038.3 2280.313 522.771 1049.417 333.72366
1039.39 1899.813 153.271 549.417 440.88349
1040.48 1908.313 455.771 904.417 323.76131
1041.57 2025.313 616.271 1021.917 347.35758
1042.66 1829.313 441.771 862.917 329.46821
1043.74 1912.313 508.271 928.417 334.17959
1044.83 1785.313 543.271 974.917 287.74553
1045.92 1499.813 45.771 481.917 333.38429
1047.01 1767.313 617.771 1054.417 263.26639
1048.1 1350.313 96.771 402.417 410.12884
1049.19 1590.813 502.271 822.417 340.0143
1050.27 1453.313 342.271 705.417 305.94916
1051.36 1353.813 305.271 681.417 278.75934
1052.45 1517.813 469.771 875.417 258.36371
1053.54 1388.813 466.771 758.417 316.15114
1054.62 1387.313 525.271 900.417 229.7884
1055.71 1378.313 467.771 822.917 256.38528
1056.8 1444.313 688.271 1055.917 205.64404
1057.88 1212.313 328.771 652.417 272.99645
1058.97 1253.813 458.771 804.417 230.01626
1060.06 1515.813 834.771 1296.917 147.36511
1061.14 1138.813 367.771 664.417 259.91993
1062.23 1775.313 1608.271 2089.917 34.68142
1063.31 1146.813 547.271 887.917 176.00145
1064.4 997.313 279.271 610.417 216.83547
1065.48 1099.313 526.771 738.917 269.88113
1066.57 996.813 362.771 691.917 192.63244
1067.65 1056.313 543.771 885.417 150.02133
1068.74 976.313 357.271 635.417 222.5601
1069.82 1000.813 544.271 856.417 146.25908
1070.9 1931.313 2151.771 2635.417 -45.58257
1071.99 979.313 561.771 908.917 120.27845
1073.07 917.313 491.771 826.917 126.97208
1074.15 996.313 576.771 914.417 124.25494
1075.24 924.813 526.771 764.417 167.49362
1076.32 1005.313 625.771 880.417 149.04686
1077.4 1197.813 963.771 1324.417 64.89516
1078.49 768.813 218.271 494.417 199.36628
1079.57 948.813 655.271 905.917 117.11411
1080.65 1063.813 866.771 1207.917 57.75879
1081.73 743.313 382.771 651.417 134.20705
1082.81 618.813 238.271 479.917 157.4791
1083.89 794.813 548.771 799.417 98.16307
1084.98 822.813 533.271 847.417 92.16791
1086.06 599.813 267.771 470.917 163.44991
1087.14 688.313 283.771 487.417 198.64963
1088.22 701.813 524.771 765.417 73.56938
1089.3 564.313 261.771 458.417 153.85105
1090.38 1036.313 1101.771 1433.417 -19.73744
1091.46 835.313 598.771 838.417 98.70468
1092.54 555.313 405.771 657.917 59.3076
1093.62 648.313 412.771 674.917 89.85138
1094.7 531.313 186.271 429.417 141.9073
1095.78 629.313 490.771 699.917 66.24165
1096.86 679.813 545.771 843.917 44.95842
1097.93 1085.313 1146.271 1458.417 -19.52882
1099.01 799.813 802.271 1099.917 -0.82592
1100.09 544.313 334.271 492.917 132.3966
