196.55 745.369 972.948 1339.379 -62.10677
197.76 1060.815 1427.472 1995.603 -64.53728
198.96 974.568 1340.45 1803.191 -79.06855
200.16 667.049 796.077 1227.164 -29.93086
201.36 1119.403 1587.379 2062.06 -98.58746
202.56 836.826 990.115 1401.163 -37.29222
203.76 669.445 849.94 1265.984 -43.38356
204.96 839.063 932.264 1411.806 -19.43546
206.16 623.59 712.367 946.298 -37.94993
207.36 933.16 1181.173 1687.519 -48.98075
208.56 762.393 1052.507 1476.29 -68.45805
209.76 580.53 637.704 982.138 -16.5994
210.96 687.763 888.539 1380.408 -40.81874
212.16 1461.278 2056.997 2537.841 -123.89033
213.36 894.498 1126.644 1600.47 -48.99412
214.56 725.239 890.479 1274.997 -42.9733
215.76 1293.445 1834.94 2402.485 -95.41009
216.96 1063.873 1568.862 2050.473 -104.85421
218.16 808.717 985.792 1447.599 -38.3439
219.35 641.427 716.838 1152.749 -17.2997
220.55 652.174 872.359 1328.661 -48.2544
221.75 706.097 810.596 1150.265 -30.76487
222.95 1115.972 1461.314 1932.768 -73.25022
224.15 902.649 1090.029 1574.459 -38.68051
225.35 755.824 782.472 1287.36 -5.27812
226.55 714.011 792.831 1188.111 -19.94023
227.75 999.972 1378.814 1879.768 -75.62393
228.94 873.03 1122.204 1555.138 -57.55479
230.14 783.127 919.113 1379.351 -29.54667
231.34 674.14 847.028 1265.702 -41.29414
232.54 692.387 780.549 1133.115 -25.00594
233.74 630.289 805.869 1171.11 -48.07253
234.93 703.077 791.951 1221.947 -20.6686
236.13 744.841 951.574 1439.095 -42.40474
237.33 778.675 930.131 1313.452 -39.51154
238.53 740.421 887.381 1239.073 -41.78644
239.72 969.062 1373.993 1901.015 -76.83369
240.92 587.868 562.676 918.088 7.08807
242.12 955.057 1152.807 1622.13 -42.13502
243.31 679.666 755.63 1186.695 -17.62237
244.51 599.978 627.0 952.653 -8.29786
245.71 985.349 1278.803 1722.062 -66.20382
246.9 1168.978 1688.0 2212.153 -99.02116
248.1 761.276 950.954 1448.759 -38.10282
249.3 758.003 982.33 1398.854 -53.85708
250.49 732.464 893.313 1321.511 -37.56418
251.69 851.212 1049.106 1539.214 -40.37757
252.89 713.612 916.154 1388.919 -42.84195
254.08 540.03 579.204 954.138 -10.44822
255.28 878.198 976.919 1400.072 -23.32975
256.47 601.745 577.666 955.382 6.37488
257.67 888.305 1159.099 1530.833 -72.84627
258.86 918.96 1172.898 1590.417 -60.8209
260.06 735.256 917.809 1356.442 -41.61872
261.26 1104.679 1459.546 1914.546 -77.99259
262.45 728.718 939.063 1294.389 -59.19777
263.65 515.32 565.158 907.488 -14.55832
264.84 878.348 1081.531 1469.771 -52.33463
266.04 653.612 804.154 1217.419 -36.42742
267.23 534.028 487.661 823.556 13.80394
268.42 607.965 706.584 1015.802 -31.89328
269.62 783.79 882.641 1322.401 -22.47838
270.81 757.401 959.736 1397.256 -46.24597
272.01 767.802 923.056 1333.752 -37.80259
273.2 887.547 1164.034 1567.583 -68.51399
274.4 589.25 664.852 908.767 -30.99522
275.59 842.62 1028.883 1499.385 -39.58825
276.78 809.362 892.718 1361.913 -17.76594
277.98 676.015 772.746 1191.206 -23.11582
279.17 731.823 903.201 1285.069 -44.87886
280.37 687.138 837.985 1198.621 -41.82812
281.56 524.99 528.915 926.504 -0.9872
282.75 611.902 617.508 1021.047 -1.38914
283.95 696.483 801.186 1237.537 -23.99515
285.14 714.398 863.193 1247.675 -38.70004
286.33 660.762 700.267 1012.118 -12.66784
287.52 744.378 948.548 1368.358 -48.63402
288.72 850.059 1136.95 1615.434 -59.9581
289.91 1046.496 1410.373 1957.179 -66.54575
291.1 845.932 1007.024 1453.634 -36.07007
292.29 776.251 997.623 1395.057 -55.70037
293.49 802.1 1044.239 1446.568 -60.18428
294.68 612.334 729.845 997.629 -43.88245
295.87 698.504 803.102 1201.145 -26.27806
297.06 780.412 940.38 1418.817 -33.43551
298.26 436.567 420.179 733.9 5.22381
299.45 726.166 789.13 1098.195 -20.37238
300.64 804.674 822.859 1190.661 -4.94439
301.83 746.64 857.028 1294.202 -25.25033
303.02 624.129 630.384 1057.142 -1.46583
304.21 927.941 1123.525 1573.39 -43.47622
305.4 709.466 875.356 1160.092 -58.26086
306.59 778.745 920.166 1316.882 -35.64789
307.79 682.095 803.053 1187.683 -31.44784
308.98 540.627 579.113 932.851 -10.87956
310.17 899.43 966.081 1430.275 -14.35851
311.36 735.279 857.597 1178.563 -38.1094
312.55 1111.811 1560.657 2066.731 -88.69165
313.74 551.665 584.359 957.404 -8.76394
314.93 838.393 1009.007 1474.29 -36.66877
316.12 709.426 787.067 1192.958 -19.12849
317.31 469.087 406.823 740.217 18.67574
318.5 540.165 574.859 920.404 -10.04021
319.69 692.632 830.799 1262.736 -31.98756
320.88 680.277 736.225 1134.55 -14.04589
322.07 576.97 607.271 993.686 -7.84141
323.26 590.135 607.342 935.817 -5.23843
324.45 459.99 447.415 793.504 3.63348
325.64 674.223 766.749 1195.274 -21.59179
326.83 817.432 996.024 1395.634 -44.69173
328.01 702.737 738.436 1110.916 -9.58423
329.2 821.095 976.053 1403.683 -36.23642
330.39 627.412 727.38 1086.817 -27.81234
331.58 510.075 542.908 969.366 -7.69911
332.77 987.257 1253.081 1742.233 -54.34377
333.96 411.379 448.82 671.648 -16.8024
335.15 554.399 524.964 868.466 8.5691
336.33 502.075 590.908 878.866 -30.84945
337.52 660.49 719.415 1040.504 -18.35164
338.71 618.568 710.45 1050.191 -27.04482
339.9 549.02 614.932 995.09 -17.3379
341.08 588.814 688.2 1067.812 -26.18095
342.27 772.523 879.475 1376.672 -21.51104
343.46 848.985 1063.729 1446.619 -56.08506
344.65 797.985 897.229 1356.119 -21.62697
345.83 815.148 983.257 1460.668 -35.21276
347.02 538.063 470.264 791.306 21.1184
348.21 807.965 1021.584 1513.302 -43.44357
349.4 517.854 462.989 862.946 13.7177
350.58 683.17 718.045 1108.789 -8.92515
351.77 560.789 575.369 941.11 -3.9866
352.96 459.173 324.088 698.37 36.09168
354.14 676.114 619.926 1114.21 11.36753
355.33 552.666 536.13 920.695 4.29998
356.51 462.787 387.098 701.82 24.04971
357.7 680.883 679.734 1173.743 0.23254
358.89 609.061 511.721 949.225 22.24886
360.07 869.203 915.105 1399.957 -9.46716
361.26 873.699 1061.79 1572.085 -36.8592
362.44 747.62 733.483 1177.108 3.18666
363.63 627.989 481.743 950.435 31.20296
364.81 695.41 531.437 1069.458 30.47711
366.0 556.189 276.518 729.538 61.73493
367.18 1180.217 1403.392 2092.821 -32.37091
368.37 661.732 529.85 875.253 38.18206
369.55 754.908 737.065 1246.445 3.50293
370.74 858.324 911.572 1458.582 -9.73441
371.92 1075.193 1158.332 1668.41 -16.29935
373.11 641.231 476.078 1016.963 30.53379
374.29 560.652 421.772 908.985 28.50496
375.48 679.29 531.741 1060.623 27.89831
376.66 590.33 441.53 902.257 32.29684
377.84 910.732 953.85 1582.253 -6.8615
379.03 660.577 405.051 908.67 50.73801
380.21 585.965 332.184 747.024 61.17566
381.39 521.628 266.212 675.074 62.46989
382.58 902.369 816.548 1409.101 14.48339
383.76 1131.292 1148.784 1715.705 -3.08532
384.94 1199.227 1254.164 1936.868 -8.04695
386.13 783.062 426.593 963.237 66.42559
387.31 902.609 618.339 1185.047 50.16153
388.49 739.173 474.688 1029.093 47.70613
389.68 921.259 637.952 1263.246 45.30772
390.86 903.09 567.466 1204.521 52.68363
392.04 1245.221 982.706 1677.693 37.77259
393.22 933.59 445.466 1111.021 73.34087
394.41 958.004 473.202 1085.367 79.19463
395.59 777.882 193.463 865.952 86.90388
396.77 1018.182 552.689 1295.349 62.6791
397.95 1136.032 637.576 1375.151 67.5804
399.13 1392.558 792.678 1560.643 78.11293
400.31 1184.782 447.511 1233.657 93.78299
401.5 1330.031 626.304 1514.36 79.24348
402.68 1356.628 734.712 1616.074 70.56303
403.86 1159.843 434.445 1296.108 84.18576
405.04 1432.546 807.263 1861.292 59.32309
406.22 1216.284 367.783 1341.448 87.14506
407.4 1579.3 697.013 1747.671 83.97474
408.58 1636.323 814.301 1875.791 77.44035
409.76 1758.621 947.755 2029.398 74.96617
410.94 1573.09 624.466 1721.521 86.47004
412.12 1497.15 502.9 1505.972 99.12052
413.3 1420.071 359.093 1500.994 92.91327
414.48 1439.61 371.111 1363.838 107.63272
415.66 1588.377 445.277 1491.567 109.25266
416.84 2051.987 1233.1 2392.132 70.65264
418.02 1792.395 623.378 1795.303 99.75182
419.2 1715.655 419.586 1512.357 118.60395
420.38 1713.798 583.97 1792.589 93.48085
421.56 1690.507 427.245 1581.949 109.40136
422.74 2012.407 1081.794 2295.154 76.69721
423.92 1923.752 865.995 2097.57 85.88653
425.1 1807.61 464.111 1706.838 108.10895
426.28 1969.761 405.995 1712.327 119.70662
427.46 2496.053 1356.492 2799.259 78.98445
428.63 2040.864 571.861 2000.716 102.80981
429.81 2032.891 687.964 1968.209 105.05231
430.99 2103.292 754.784 2180.705 94.57108
432.17 2268.033 1145.347 2523.941 81.437
433.35 2203.663 827.316 2288.823 94.17313
434.52 1931.625 155.069 1442.77 137.96341
435.7 2159.611 376.383 1827.128 122.91805
436.88 2535.194 840.104 2306.7 115.57987
438.06 2500.839 552.531 2072.014 128.22176
439.23 2383.318 399.115 1956.406 127.41369
440.41 2539.95 594.126 2298.869 114.14175
441.59 2575.966 828.456 2548.315 101.60778
442.77 2390.567 276.679 1951.4 126.22328
443.94 2760.812 760.657 2663.231 105.12887
445.12 2923.202 769.833 2568.167 119.74247
446.3 3274.525 1093.118 2946.475 117.70033
447.47 3230.552 666.72 2632.968 130.39212
448.65 3328.688 720.646 2715.525 130.73686
449.82 3186.188 500.146 2418.525 140.01624
451.0 3316.636 609.213 2599.83 136.00923
452.18 3229.078 476.823 2644.96 126.941
453.35 3307.519 530.16 2753.3 124.92959
454.53 3509.072 558.865 2819.285 130.51588
455.7 3591.091 334.238 2713.311 136.89587
456.88 4234.228 945.935 3424.159 132.68748
458.05 4363.545 591.763 3040.792 154.01132
459.23 4393.292 315.784 2806.205 163.7277
460.4 4609.019 580.16 3298.8 148.19393
461.58 4819.021 719.432 3462.09 149.475
462.75 4514.702 315.333 3204.667 145.3404
463.93 4660.097 628.696 3520.987 139.38436
465.1 4786.408 525.065 3629.945 137.24665
466.28 4778.495 218.101 3243.888 150.7176
467.45 4984.519 146.66 3291.8 153.82017
468.63 5570.714 523.249 3846.018 151.90541
469.8 6071.5 870.287 4222.273 155.1681
470.97 6133.338 405.259 3823.724 167.56291
472.15 6423.859 595.675 4138.332 164.51452
473.32 6557.495 704.601 4322.388 161.78105
474.49 6544.969 859.499 4671.896 149.1311
475.67 6344.833 507.573 4177.839 159.04187
476.84 6149.749 327.08 4088.476 154.80073
478.01 6529.533 636.347 4688.941 145.41762
479.19 6706.476 548.728 4557.862 153.59298
480.36 6856.216 309.02 4472.808 157.24133
481.53 7315.442 596.897 4836.903 158.45602
482.7 7711.658 497.129 4733.938 170.28214
483.88 7803.178 275.774 4583.755 174.73158
485.05 8001.228 361.935 4823.659 171.21841
486.22 7951.367 478.405 4938.797 167.54045
487.39 7932.088 333.595 4795.508 170.29677
488.56 7895.695 485.876 5021.991 163.35165
489.74 8082.314 897.2 5619.313 152.15889
490.91 7685.404 242.651 4990.851 156.74895
492.08 7815.195 375.876 5230.491 153.2422
493.25 7977.645 278.714 5092.587 159.93216
494.42 8322.386 476.778 5228.824 165.09958
495.59 8634.347 417.26 5317.48 167.6881
496.76 8879.13 465.756 5367.155 171.6525
497.93 9265.222 610.478 5616.483 172.88722
499.1 9350.931 572.753 5591.843 174.89581
500.27 9435.217 1040.792 6267.099 160.61868
501.44 9441.547 1228.534 6296.083 162.07072
502.61 8727.073 423.137 5408.076 166.5805
503.78 8842.321 629.929 5761.278 160.04353
504.95 9091.514 1123.474 6516.415 147.74943
506.12 8719.652 696.943 5888.053 154.54708
507.29 8734.482 335.186 5433.538 164.74533
508.46 9064.235 32.165 5307.125 171.22538
509.63 9946.235 1258.165 6645.125 161.27965
510.8 10420.619 1179.612 6671.095 168.27891
511.97 10258.086 558.552 5824.426 184.19608
513.14 10248.64 258.528 5792.702 180.51676
514.31 10673.016 785.746 6241.206 181.23623
515.48 10293.601 495.01 6045.359 176.54009
516.65 10209.164 525.087 6124.614 172.94456
517.81 10037.048 355.806 5922.374 173.91762
518.98 10180.592 695.01 6349.102 167.76489
520.15 9812.166 161.13 5858.695 169.38879
521.32 10117.203 703.605 6464.457 163.40635
522.49 10950.686 1502.503 7468.221 158.37461
523.65 11024.165 1158.859 7184.404 163.7247
524.82 11111.833 638.073 6545.839 177.288
525.99 11042.517 78.517 6017.496 184.61085
527.16 11981.731 631.25 6882.031 181.58502
528.32 12297.274 730.182 7018.969 183.93202
529.49 12554.534 411.619 6654.732 194.50097
530.66 12677.09 114.367 6539.298 195.53084
531.82 12532.475 180.957 6592.071 192.65789
532.99 12420.178 320.274 6997.255 181.21817
534.16 12607.139 444.256 7148.912 181.40951
535.32 13015.159 794.401 7641.229 178.48789
536.49 12843.074 294.408 7207.866 181.5107
537.65 13755.502 1011.059 8080.564 180.27348
538.82 13386.172 321.816 7430.58 183.77818
539.99 13937.061 642.721 8076.725 178.83149
541.15 14732.526 818.39 8357.766 184.5529
542.32 15078.23 147.979 7854.74 193.72925
543.48 16253.621 811.155 8785.676 193.64757
544.65 16946.311 992.785 8917.718 201.30803
545.81 18095.717 1483.292 10133.099 192.05544
546.98 17905.211 503.106 9285.714 198.14279
548.14 18602.717 783.792 9857.099 196.38843
549.31 18358.496 402.873 9415.179 199.23451
550.47 18854.152 469.443 9763.554 197.81031
551.63 19216.549 914.806 10766.874 185.76549
552.8 19281.957 454.584 10034.545 196.5287
553.96 19316.25 459.852 10240.767 192.78767
555.13 19503.568 391.45 10690.69 185.56823
556.29 20596.465 934.084 11394.302 187.97296
557.45 20631.684 274.46 10552.64 198.06254
558.62 21690.607 523.468 11224.534 197.80402
559.78 22571.211 771.606 11627.214 200.81422
560.94 22409.439 371.982 11276.809 202.08902
562.11 23864.172 391.088 11510.37 211.10251
563.27 24275.523 157.975 11361.672 215.2642
564.43 24577.951 32.397 11656.66 211.15794
565.59 24934.928 205.838 12004.749 209.5879
566.76 25493.832 351.073 12192.839 212.32272
567.92 25782.051 571.349 12448.455 212.263
569.08 26213.471 715.042 13216.978 203.95585
570.24 25712.924 352.024 12896.877 202.16179
571.4 25950.58 226.366 12819.042 204.27917
572.57 25942.635 367.342 13100.317 200.85873
573.73 26283.932 55.524 13072.134 201.49953
574.89 27147.615 452.697 13544.0 203.91338
576.05 27407.32 476.158 13770.987 202.56869
577.21 27522.145 157.714 13514.587 204.87154
578.37 28191.775 18.954 13640.76 206.82149
579.53 29601.998 193.644 13978.47 213.3386
580.69 29997.555 597.535 14724.34 208.11514
581.85 30224.197 351.919 14327.072 213.75277
583.01 31054.412 401.88 14435.816 218.41721
584.17 31669.002 484.83 14656.854 220.04035
585.33 31558.516 572.517 14948.496 215.5401
586.49 32153.055 377.763 14735.049 221.31824
587.65 32074.385 573.278 15187.824 215.54625
588.81 31773.225 566.521 15553.064 208.23149
589.97 32396.529 929.433 15628.847 214.07042
591.13 31603.715 421.02 15287.808 209.74736
592.29 31222.342 336.574 15254.096 207.04356
593.45 31447.088 213.595 14965.508 211.72504
594.61 31753.586 134.052 15178.927 210.16814
595.77 31195.691 196.961 15395.896 203.9533
596.93 31752.871 91.091 14998.683 212.38695
598.09 32510.932 382.753 15545.343 211.8911
599.24 32515.426 138.067 15446.458 211.50073
600.4 33021.555 291.763 15433.549 216.15543
601.56 33139.535 233.39 15322.522 218.07845
602.72 33729.336 368.616 15465.42 220.97869
603.87 34278.727 473.064 15310.146 227.84575
605.03 33882.836 232.116 15238.92 224.23642
606.19 34064.309 148.514 14826.428 231.06686
607.35 33785.84 -3.926 15131.096 223.25548
608.5 33792.484 594.457 15492.328 222.83739
609.66 33858.414 989.651 15859.107 221.04886
610.82 33018.633 146.299 15137.236 219.28137
611.97 32573.465 125.084 14915.802 219.38341
613.13 32794.441 573.754 15514.6 215.65504
614.29 32155.063 496.993 15383.016 212.66976
615.44 32433.764 717.539 15456.908 215.18034
616.6 32187.789 180.141 14843.401 218.28466
617.76 32179.977 663.0 15414.652 213.65048
618.91 32435.473 726.314 15170.268 219.5324
620.07 32152.887 641.049 15204.114 216.3819
621.22 32141.926 17.567 14577.958 220.62841
622.38 33393.465 1061.084 15637.302 221.81599
623.53 32759.58 78.366 14625.542 224.65676
624.69 33571.582 112.137 14268.832 236.35068
625.84 33266.973 217.542 14299.978 234.68548
627.0 33636.891 488.964 14831.709 231.11285
628.15 33660.004 -0.398 14734.646 228.43775
629.31 33550.859 318.175 14728.331 230.61988
630.46 33152.105 -23.532 14344.034 230.90645
631.61 33157.875 374.134 14629.264 229.97855
632.77 33646.691 228.189 14833.106 228.81679
633.92 32879.91 495.38 14691.816 228.11732
635.08 33235.039 949.577 15177.407 226.91767
636.23 32992.938 308.482 14744.809 226.40424
637.38 32351.854 -74.511 14334.446 225.0431
638.54 32869.848 654.76 15135.48 222.46882
639.69 32532.512 936.831 15459.111 217.56694
640.84 32812.23 490.402 14738.753 226.8461
641.99 32411.623 97.409 14039.882 231.76817
643.15 33431.516 816.916 14835.512 232.6524
644.3 33047.91 95.422 14179.142 233.97575
645.45 32805.301 -58.071 14110.771 231.94112
646.6 33384.191 811.436 15075.401 228.35694
647.75 33436.086 161.942 14418.031 233.40303
648.91 34302.477 -136.551 13971.661 244.10625
650.06 34065.871 225.455 14825.291 231.78628
651.21 35012.762 417.462 14565.42 244.52504
652.36 34716.156 450.969 14709.05 240.32117
653.51 34553.047 101.475 14213.68 244.12608
654.66 34593.441 273.982 14861.81 235.26094
655.81 35224.832 651.989 15048.939 240.14004
656.96 34835.727 69.495 14402.569 242.55949
658.11 34919.117 365.002 14800.199 239.37404
659.27 34751.512 531.009 14925.328 237.73617
660.42 34722.902 29.015 14459.958 240.41317
661.57 35216.293 421.022 14835.088 241.39803
662.72 33912.188 -139.971 14611.718 230.83566
663.87 34848.078 -99.965 14122.848 245.71823
665.01 34899.473 316.042 14693.978 240.53127
666.16 35374.363 41.049 14739.607 240.38625
667.31 35830.258 95.555 14982.237 240.04478
668.46 36265.148 760.562 15722.366 237.3015
669.61 35993.543 206.069 15547.996 233.26583
670.76 37303.934 4.575 15214.626 245.22836
671.91 37529.328 769.582 16378.756 235.50091
673.06 39166.219 519.589 16014.886 249.40877
674.21 37554.613 -161.405 15583.016 239.55165
675.35 38524.504 284.102 15720.146 247.73448
676.5 38463.895 167.609 15849.774 244.20279
677.65 39167.289 72.615 15783.904 248.83174
678.8 38813.18 -110.878 15727.034 245.76508
679.94 40758.074 40.629 16048.164 254.36424
681.09 41254.465 370.135 17049.793 245.11492
682.24 42110.859 363.142 17513.924 243.41583
683.39 41991.25 -1.851 17222.553 243.80002
684.53 43029.645 558.155 17196.684 255.25989
685.68 42945.535 214.662 17614.813 245.57761
686.83 43293.93 301.169 17607.443 248.42297
687.97 42791.82 298.175 17622.072 245.28918
689.12 43826.715 178.182 17514.703 251.77215
690.27 42435.105 68.189 17408.832 244.32148
691.41 43580.496 468.195 17969.961 246.33115
692.56 42556.891 358.702 17742.592 242.74307
693.7 44013.781 378.709 17681.721 252.18195
694.85 43116.676 48.215 17192.852 251.20661
695.99 44060.566 398.222 17794.98 250.97977
697.14 43940.461 184.229 17551.111 251.95214
698.28 44276.352 342.735 18251.74 245.31579
699.43 44413.746 391.242 18390.369 244.58133
700.57 44286.637 -74.251 17710.5 249.43215
701.72 44445.531 -50.745 17219.129 257.65259
702.86 44697.922 -107.738 17549.26 253.75582
704.01 45516.316 50.269 17415.389 261.82398
705.15 45716.207 433.275 18332.02 252.99502
706.29 46280.598 126.782 17723.648 262.28429
707.44 46217.492 171.288 18374.777 252.95263
708.58 46743.383 -124.205 17936.408 259.50164
709.72 47224.777 629.302 18731.037 257.40889
710.87 46721.668 -137.192 17783.168 261.48393
712.01 46510.063 0.315 17644.297 263.6012
713.15 46921.953 217.322 18427.928 256.4694
714.3 46919.348 348.828 17921.557 265.01587
715.44 46711.738 92.335 18611.186 251.74027
716.58 47756.633 277.342 18420.816 261.68797
717.72 46457.523 52.848 18398.945 252.94031
718.87 47621.418 240.855 18262.076 262.91539
720.01 46492.309 117.362 18078.205 258.20027
721.15 47145.199 -54.132 17879.836 263.18399
722.29 46864.594 345.875 18022.965 263.15824
723.43 47218.984 498.882 18553.596 258.76955
724.57 47454.879 450.388 18287.225 263.52482
725.72 46808.27 244.895 18067.354 261.26235
726.86 47525.664 678.902 18459.484 263.47147
728.0 47124.055 164.408 17772.113 266.69942
729.14 47678.949 -2.085 17477.244 272.78526
730.28 46950.34 481.422 17805.373 268.2351
731.42 47527.734 10.928 17753.004 267.81988
732.56 48165.625 722.435 18545.133 266.19533
733.7 47908.02 386.942 18597.262 260.95685
734.84 47925.41 -127.052 17331.393 275.23908
735.98 47764.801 148.955 17932.521 267.75195
737.12 48916.695 -3.038 17789.152 274.95059
738.26 47773.586 17.468 17486.281 273.37929
739.4 48761.48 228.475 17917.912 274.3615
740.53 47587.871 407.482 18162.541 265.72927
741.67 47674.266 273.488 17733.67 271.47929
742.81 49396.156 -222.505 17185.301 285.03685
743.95 47732.051 241.002 17969.93 267.87321
745.09 47895.441 19.508 17370.561 275.92524
746.23 47996.836 399.515 17605.189 276.63734
747.36 48487.727 453.522 17477.32 282.15915
748.5 48506.621 60.028 17069.949 284.81374
749.64 46601.012 25.035 17006.078 274.28219
750.78 46575.402 -5.458 16833.209 276.63033
751.92 47218.797 74.548 16909.838 280.0323
753.05 46234.688 155.555 16258.969 286.14512
754.19 47332.582 635.562 16783.098 289.18976
755.33 45818.973 -151.932 16117.228 282.56472
756.46 44943.367 245.075 16057.357 282.68083
757.6 44540.758 82.082 15697.487 284.71035
758.74 44721.152 562.088 16315.617 280.3122
759.87 44461.543 244.595 16092.247 279.01261
761.01 43189.438 271.102 15563.377 280.65369
762.14 44478.328 234.608 15825.006 283.78827
763.28 44381.223 408.115 15272.136 295.83589
764.41 43623.113 249.121 15157.766 290.93183
765.55 43617.004 -123.872 14748.896 294.10045
766.69 42589.898 289.635 15202.025 283.6585
767.82 42788.289 266.641 15014.155 288.33096
768.95 41842.184 26.148 14525.285 288.40362
770.09 42188.574 737.655 15281.915 284.99847
771.22 42572.469 661.661 15275.044 286.79744
772.36 41973.859 504.168 14678.674 292.56534
773.49 41815.754 489.175 14838.804 287.99755
774.63 41493.145 196.181 14003.434 299.09618
775.76 39574.039 154.688 13969.563 285.3399
776.89 40963.93 428.195 14067.693 297.19373
778.03 40721.824 360.201 13450.823 308.32472
779.16 39384.715 8.708 13358.952 294.94597
780.29 39316.105 308.215 13035.582 306.48829
781.43 39163.0 606.221 13093.712 308.76323
782.56 38575.891 315.228 13181.842 297.36389
783.69 37981.285 11.735 12475.972 304.62796
784.82 37140.676 233.241 12821.602 293.18699
785.96 36961.57 116.748 12587.731 295.4444
787.09 36227.461 204.255 12186.361 300.64168
788.22 36184.355 394.261 12237.99 302.18603
789.35 36232.746 157.768 11739.62 311.47849
790.48 35952.141 142.275 12009.25 301.76068
791.62 35041.531 580.281 11944.38 303.24667
792.75 34467.426 5.288 11194.01 308.00782
793.88 33892.816 737.795 11788.14 300.03608
795.01 33809.707 353.801 11355.77 304.09019
796.14 34206.602 404.808 11514.898 304.24409
797.27 32463.494 493.815 11487.528 290.79964
798.4 33186.387 283.321 10909.158 309.65152
799.53 31893.279 -4.672 10310.788 309.22471
800.66 31531.172 316.335 10739.418 299.47796
801.79 32450.563 1276.841 11846.548 294.9346
802.92 31537.455 199.848 10216.178 312.86517
804.05 30753.848 381.855 10327.308 305.38572
805.18 31585.74 290.861 10017.937 321.72959
806.31 31206.133 215.868 9756.066 324.83879
807.44 30279.525 -64.625 9580.196 314.61598
808.57 30585.918 400.381 10089.826 311.53009
809.69 29985.811 400.888 9940.456 310.12853
810.82 28983.203 -163.605 9102.586 314.55004
811.95 30350.096 988.401 10112.216 321.8138
813.08 29149.988 103.908 8928.345 329.15506
814.21 28877.881 1064.915 10169.975 305.46714
815.33 29194.773 282.921 9203.104 324.11724
816.46 28036.664 308.928 9013.734 318.53363
817.59 27942.557 847.435 9490.864 313.47651
818.72 27952.949 504.441 8670.494 336.12944
819.84 27046.842 896.448 9116.124 318.14385
820.97 26342.234 446.454 8550.754 319.53138
822.1 26213.127 593.961 8538.383 322.47993
823.22 25445.52 -30.532 7767.513 326.69794
824.35 25500.912 92.474 7844.143 327.78026
825.48 25358.305 574.481 7850.272 340.63406
826.6 24483.197 310.488 7455.902 338.29681
827.73 24372.59 -144.506 7245.032 331.7812
828.85 24035.482 268.501 7361.662 335.06899
829.98 24289.375 610.008 7638.292 336.91536
831.11 23939.266 70.014 6945.921 347.14331
832.23 23710.658 81.521 6962.051 343.42032
833.36 23423.551 524.528 7592.181 323.99756
834.48 22822.443 259.034 6894.811 340.02667
835.6 22870.836 482.041 7014.94 342.7084
836.73 22402.729 -7.952 6711.07 333.54081
837.85 21838.121 535.054 6989.7 330.04241
838.98 21831.014 -104.439 6228.33 346.38014
840.1 22594.406 458.568 6766.959 350.89514
841.23 21471.799 371.074 6570.589 340.36092
842.35 22085.191 720.581 7111.219 334.31109
843.47 21405.084 248.588 6354.849 346.47219
844.6 20627.477 26.594 6149.978 336.42971
845.72 21111.367 155.101 6077.608 353.84114
846.84 20858.26 134.608 5955.738 356.00737
847.96 20577.152 139.114 5813.368 360.18903
849.09 20700.545 58.121 5820.497 358.22764
850.21 20668.438 232.628 5935.127 358.36585
851.33 20268.33 385.134 5976.757 355.58902
852.45 19765.723 25.141 5610.387 353.4416
853.57 19354.615 232.148 5832.016 341.48066
854.7 18901.008 67.654 5477.146 348.15385
855.82 18866.9 -0.339 5659.776 333.33668
856.94 19552.793 485.168 5827.405 356.92207
858.06 18640.186 -64.326 5132.035 359.95405
859.18 18430.578 425.181 5653.165 344.40421
860.3 19182.969 244.688 5345.295 371.29463
861.42 18666.361 -89.306 5013.424 367.56142
862.54 17931.254 -65.799 4962.554 357.91147
863.66 17881.146 50.708 4975.184 362.07785
864.78 18188.039 186.714 5073.814 368.34372
865.9 18005.432 244.221 5222.943 356.74233
867.02 17994.324 1277.228 6443.073 323.60813
868.14 18175.217 879.234 5701.203 358.69129
869.26 17358.609 575.741 5163.833 365.79188
870.38 16975.502 -90.252 4456.962 375.30125
871.5 17179.895 -94.746 4453.592 379.80115
872.62 16960.787 69.761 4578.222 374.65168
873.74 16651.68 699.268 5511.852 331.47291
874.85 16121.875 40.271 4430.417 366.3114
875.97 16538.875 286.271 4564.417 379.89834
877.09 16566.875 373.271 4811.917 364.8321
878.21 15857.875 220.771 4370.917 376.78446
879.33 15996.375 334.771 4641.417 363.66131
880.44 15838.875 254.771 4375.417 378.19569
881.56 15157.875 111.271 4114.417 375.86951
882.68 15284.875 256.271 4367.917 365.51312
883.79 16105.375 826.771 4988.417 367.1289
884.91 15233.875 -58.229 3702.917 406.58099
886.03 14887.875 456.271 4455.417 360.86718
887.14 15169.375 659.271 4800.417 350.38864
888.26 15175.875 777.271 4809.917 357.05106
889.38 15738.375 636.271 4577.417 383.19071
890.49 15285.875 -89.729 4014.417 374.6359
891.61 16024.875 307.771 4176.917 406.2164
892.72 15302.875 -13.229 4058.417 376.16493
893.84 15563.875 -99.229 3906.917 390.97688
894.95 15796.875 -87.229 3941.917 394.23006
896.07 16101.375 152.271 4075.417 406.53864
897.18 15677.875 384.271 4307.417 389.83014
898.3 15567.875 -41.229 3881.917 397.87213
899.41 15723.875 577.271 4446.917 391.42096
900.53 16033.375 335.771 4029.417 424.98942
901.64 15023.875 462.271 4350.417 374.51283
902.75 14826.875 262.771 4055.917 383.95845
903.87 14736.375 116.771 3876.417 388.85588
904.98 14980.875 403.771 4044.917 400.34386
906.09 14614.875 235.771 3943.917 387.77072
907.21 14161.375 438.771 3919.917 394.1979
908.32 14315.375 198.271 3488.417 429.07228
909.43 13974.875 650.771 3977.917 400.46648
910.54 13783.875 280.271 3820.917 381.38816
911.66 14111.875 1160.771 4581.417 378.61578
912.77 13294.875 85.771 3214.417 422.19876
913.88 13254.375 300.271 3645.417 387.2508
914.99 12588.375 69.271 3371.417 379.12026
916.1 13139.875 349.771 3617.417 391.41647
917.22 12756.375 58.771 2918.417 444.02715
918.33 12594.875 688.771 3724.917 392.14532
919.44 12372.875 270.271 3384.417 388.63318
920.55 12867.375 660.771 3674.417 405.0444
921.66 12176.875 428.771 3272.917 413.06264
922.77 11829.875 488.271 3282.417 405.90594
923.88 12310.375 623.271 3542.917 400.29183
924.99 11812.375 373.771 3227.417 400.84175
926.1 10804.875 -11.229 2623.917 410.45561
927.21 11169.875 652.771 3484.417 371.41311
928.32 10444.875 -84.729 2456.417 414.36441
929.43 10419.875 251.771 2756.917 405.8887
930.54 10250.875 111.271 2439.417 435.52271
931.65 9904.875 266.271 2607.917 411.61664
932.76 9885.375 381.771 2750.917 401.14052
933.86 9700.875 302.271 2464.417 434.68871
934.97 9450.375 113.771 2305.417 426.00879
936.08 8787.375 164.771 2138.417 436.88709
937.19 8224.875 708.271 2768.917 364.76932
938.3 7523.375 472.271 2273.917 391.37014
939.4 6978.375 674.771 2431.417 358.84318
940.51 6383.875 305.271 1864.417 389.86759
941.62 6079.875 503.771 1984.417 376.59947
942.73 6193.375 1102.771 2513.917 360.74259
943.83 5595.875 302.771 1592.417 410.43085
944.94 5704.875 338.271 1721.417 387.99989
946.05 5416.875 -35.729 1180.417 448.35119
947.15 5649.875 -25.729 1255.417 443.01002
948.26 5703.875 228.771 1623.917 392.43957
949.36 5939.375 98.271 1469.917 425.8464
950.47 5863.875 326.771 1819.917 370.8348
951.57 6422.375 844.771 2349.917 370.569
952.68 6223.375 568.771 1976.417 401.70646
953.79 6375.875 439.271 2026.417 374.04278
954.89 6095.875 121.771 1668.417 386.26195
955.99 6352.875 391.271 2152.917 338.41104
957.1 6295.375 230.271 1637.417 431.02173
958.2 6552.875 271.271 1806.417 409.18617
959.31 6755.375 455.771 2090.917 385.26251
960.41 6229.875 130.271 1642.917 403.24074
961.52 6466.875 10.271 1452.917 447.55298
962.62 6530.875 493.771 1946.917 415.45069
963.72 6302.875 -50.729 1492.417 411.73065
964.83 6461.875 -70.729 1396.917 445.10768
965.93 6775.375 341.771 1883.917 417.18521
967.03 6893.875 714.271 2232.917 406.9154
968.13 6608.875 466.771 1975.417 407.12699
969.24 6491.875 175.771 1604.417 442.10428
970.34 6301.375 206.771 1605.917 435.59465
971.44 6374.875 265.771 1650.417 441.20339
972.54 6549.875 346.771 1881.917 404.07264
973.64 5971.375 142.271 1643.917 388.18103
974.75 6744.875 1069.771 2472.917 404.45575
975.85 7513.375 3162.271 4867.417 255.17492
976.95 5816.875 189.771 1479.917 436.16033
978.05 6234.875 525.771 1934.917 405.14645
979.15 6275.375 896.271 2298.917 383.49694
980.25 5569.375 99.771 1282.917 462.29334
981.35 5546.375 179.271 1406.417 437.36483
982.45 6199.875 891.771 2297.417 377.6274
983.55 5817.375 462.771 1760.417 412.63989
984.65 5917.375 418.271 1628.917 454.22899
985.75 5464.875 675.271 1828.917 415.17112
986.85 5410.375 372.271 1638.417 397.90869
987.95 5121.875 185.271 1345.917 425.33253
989.05 5225.875 783.271 2071.417 344.88361
990.15 5130.375 628.271 1710.417 416.03489
991.25 4859.875 443.271 1513.917 412.51777
992.34 5153.875 835.771 1982.917 376.42156
993.44 4950.375 478.271 1473.917 449.16618
994.54 4642.375 386.771 1334.417 449.07119
995.64 4520.875 731.271 1754.417 370.3875
996.74 4726.875 789.271 1829.917 378.38082
997.83 4224.875 73.771 1008.417 444.13658
998.93 4424.875 315.271 1299.917 417.36879
1000.03 4811.375 1230.771 2285.917 339.34683
1001.12 4369.375 704.771 1735.417 355.56387
1002.22 4320.875 729.271 1828.417 326.76321
1003.32 3896.875 272.271 1190.917 394.55949
1004.41 3827.375 467.271 1408.417 357.02271
1005.51 3767.375 402.771 1217.917 412.76103
1006.6 3412.375 188.771 987.917 403.3812
1007.7 3650.875 624.271 1470.917 357.48174
1008.8 3262.875 103.271 755.917 484.12231
1009.89 3403.875 577.771 1331.917 374.74241
1010.99 3704.875 384.771 1149.417 434.20159
1012.08 3392.375 47.271 826.417 429.32965
1013.18 3507.875 394.271 1240.917 367.75759
1014.27 3737.875 202.271 1009.417 438.03783
1015.36 3748.875 334.271 1124.417 432.14863
1016.46 3702.875 402.771 1194.917 416.60313
1017.55 3525.875 148.271 862.917 472.62628
1018.65 3540.375 496.771 1208.917 427.38499
1019.74 3491.875 586.771 1441.917 339.72033
1020.83 3273.375 505.271 1239.417 377.05102
1021.93 3212.375 280.271 1081.417 365.98884
1023.02 2784.875 38.271 740.917 390.89452
1024.11 2790.375 63.771 754.417 394.79049
1025.2 2687.375 88.271 722.417 409.85905
1026.3 2814.875 454.271 1131.917 348.3537
1027.39 2805.375 597.771 1268.417 329.17587
1028.48 2758.875 486.771 1072.417 387.9656
1029.57 2523.375 312.771 901.917 375.22189
1030.66 2436.375 451.771 1035.417 340.03572
1031.75 2989.375 1483.271 2155.917 223.90744
1032.84 2486.375 652.771 1237.417 313.6265
1033.94 2208.375 161.271 678.417 395.84658
1035.03 2450.875 773.771 1262.917 342.86385
1036.12 1907.375 90.271 614.917 346.34872
1037.21 1864.875 66.771 609.417 331.35869
1038.3 2269.875 522.771 1049.417 331.74178
1039.39 1905.375 153.271 549.417 442.28764
1040.48 1943.875 455.771 904.417 331.68794
1041.57 1976.875 616.271 1021.917 335.41675
1042.66 1891.375 441.771 862.917 344.20479
1043.74 1921.875 508.271 928.417 336.45559
1044.83 1851.375 543.271 974.917 303.05032
1045.92 1551.875 45.771 481.917 345.32124
1047.01 1803.875 617.771 1054.417 271.63989
1048.1 1248.875 96.771 402.417 376.94092
1049.19 1613.875 502.271 822.417 347.21805
1050.27 1472.875 342.271 705.417 311.33611
1051.36 1418.875 305.271 681.417 296.05648
1052.45 1459.375 469.771 875.417 243.95767
1053.54 1371.375 466.771 758.417 310.17214
1054.62 1380.875 525.271 900.417 228.0724
1055.71 1347.375 467.771 822.917 247.67407
1056.8 1450.875 688.271 1055.917 207.42904
1057.88 1173.875 328.771 652.417 261.12004
1058.97 1230.375 458.771 804.417 223.23548
1060.06 1475.875 834.771 1296.917 138.72336
1061.14 1075.375 367.771 664.417 238.535
1062.23 1853.875 1608.271 2089.917 50.99268
1063.31 1128.875 547.271 887.917 170.73572
1064.4 997.875 279.271 610.417 217.00534
1065.48 1137.875 526.771 738.917 288.05848
1066.57 1027.875 362.771 691.917 202.06974
1067.65 1076.875 543.771 885.417 156.03999
1068.74 981.375 357.271 635.417 224.38018
1069.82 1067.375 544.271 856.417 167.58325
1070.9 1968.875 2151.771 2635.417 -37.81604
1071.99 1028.375 561.771 908.917 134.41156
1073.07 978.875 491.771 826.917 145.34095
1074.15 1033.875 576.771 914.417 135.37976
1075.24 956.875 526.771 764.417 180.98534
1076.32 992.375 625.771 880.417 143.96628
1077.4 1195.375 963.771 1324.417 64.21929
1078.49 780.875 218.271 494.417 203.73445
1079.57 928.875 655.271 905.917 109.15966
1080.65 1032.375 866.771 1207.917 48.54352
1081.73 743.875 382.771 651.417 134.41643
1082.81 686.875 238.271 479.917 185.64532
1083.89 843.875 548.771 799.417 117.7375
1084.98 839.375 533.271 847.417 97.44014
1086.06 608.375 267.771 470.917 167.66487
1087.14 633.875 283.771 487.417 171.91817
1088.22 769.375 524.771 765.417 101.64487
1089.3 574.875 261.771 458.417 159.22239
1090.38 1009.875 1101.771 1433.417 -27.70905
1091.46 785.875 598.771 838.417 78.07528
1092.54 630.375 405.771 657.917 89.07708
1093.62 689.375 412.771 674.917 105.51537
1094.7 544.875 186.271 429.417 147.48522
1095.78 686.875 490.771 699.917 93.76431
1096.86 708.375 545.771 843.917 54.53847
1097.93 1089.875 1146.271 1458.417 -18.06716
1099.01 830.375 802.271 1099.917 9.44216
1100.09 571.375 334.271 492.917 149.45504
