196.55 1302.981 972.948 0.0 330.03345
197.76 1954.651 1427.472 0.0 527.1792
198.96 1680.069 1340.45 0.0 339.61902
200.16 1241.057 796.077 0.0 444.98016
201.36 2036.373 1587.379 0.0 448.9939
202.56 1388.781 990.115 0.0 398.66602
203.76 1141.529 849.94 0.0 291.58887
204.96 1399.776 932.264 0.0 467.5119
206.16 976.169 712.367 0.0 263.80273
207.36 1599.924 1181.173 0.0 418.75098
208.56 1407.786 1052.507 0.0 355.27942
209.76 948.046 637.704 0.0 310.34131
210.96 1238.408 888.539 0.0 349.86981
212.16 2556.171 2056.997 0.0 499.17383
213.36 1506.815 1126.644 0.0 380.17078
214.56 1240.603 890.479 0.0 350.12378
215.76 2316.029 1834.94 0.0 481.08899
216.96 1973.73 1568.862 0.0 404.86829
218.16 1408.459 985.792 0.0 422.66754
219.35 1098.061 716.838 0.0 381.22247
220.55 1278.142 872.359 0.0 405.78259
221.75 1134.551 810.596 0.0 323.95477
222.95 1911.466 1461.314 0.0 450.15234
224.15 1499.793 1090.029 0.0 409.76416
225.35 1217.076 782.472 0.0 434.6037
226.55 1141.534 792.831 0.0 348.70245
227.75 1816.966 1378.814 0.0 438.15234
228.94 1462.546 1122.204 0.0 340.34119
230.14 1389.193 919.113 0.0 470.08051
231.34 1185.868 847.028 0.0 338.83972
232.54 1089.449 780.549 0.0 308.89984
233.74 1159.758 805.869 0.0 353.88831
234.93 1146.495 791.951 0.0 354.54346
236.13 1360.544 951.574 0.0 408.97015
237.33 1318.186 930.131 0.0 388.05511
238.53 1201.724 887.381 0.0 314.3429
239.72 1909.732 1373.993 0.0 535.73938
240.92 873.937 562.676 0.0 311.26105
242.12 1667.939 1152.807 0.0 515.1322
243.31 1096.261 755.63 0.0 340.63062
244.51 986.259 627.0 0.0 359.25946
245.71 1715.425 1278.803 0.0 436.62207
246.9 2142.259 1688.0 0.0 454.25952
248.1 1347.583 950.954 0.0 396.62897
249.3 1335.608 982.33 0.0 353.27795
250.49 1246.041 893.313 0.0 352.72784
251.69 1472.166 1049.106 0.0 423.0603
252.89 1289.431 916.154 0.0 373.27643
254.08 860.546 579.204 0.0 281.34131
255.28 1376.947 976.919 0.0 400.02875
256.47 934.896 577.666 0.0 357.2309
257.67 1514.064 1159.099 0.0 354.96484
258.86 1594.791 1172.898 0.0 421.89294
260.06 1337.527 917.809 0.0 419.71777
261.26 1954.935 1459.546 0.0 495.38989
262.45 1370.003 939.063 0.0 430.94006
263.65 855.944 565.158 0.0 290.78638
264.84 1510.381 1081.531 0.0 428.84973
266.04 1121.931 804.154 0.0 317.77643
267.23 818.958 487.661 0.0 331.29642
268.42 1010.585 706.584 0.0 304.00018
269.62 1282.302 882.641 0.0 399.66071
270.81 1320.668 959.736 0.0 360.93158
272.01 1302.476 923.056 0.0 379.41992
273.2 1538.469 1164.034 0.0 374.4353
274.4 1030.69 664.852 0.0 365.83807
275.59 1406.312 1028.883 0.0 377.42847
276.78 1319.1 892.718 0.0 426.38147
277.98 1190.783 772.746 0.0 418.03717
279.17 1199.032 903.201 0.0 295.83124
280.37 1214.78 837.985 0.0 376.7948
281.56 857.934 528.915 0.0 329.01868
282.75 938.212 617.508 0.0 320.70404
283.95 1158.552 801.186 0.0 357.36664
285.14 1233.58 863.193 0.0 370.38666
286.33 1063.864 700.267 0.0 363.59741
287.52 1331.024 948.548 0.0 382.47534
288.72 1580.144 1136.95 0.0 443.19446
289.91 1926.271 1410.373 0.0 515.89832
291.1 1448.354 1007.024 0.0 441.32971
292.29 1342.734 997.623 0.0 345.1106
293.49 1411.756 1044.239 0.0 367.51709
294.68 1025.163 729.845 0.0 295.31805
295.87 1152.652 803.102 0.0 349.55035
297.06 1386.798 940.38 0.0 446.4184
298.26 678.525 420.179 0.0 258.34659
299.45 1109.761 789.13 0.0 320.63062
300.64 1129.642 822.859 0.0 306.78259
301.83 1222.368 857.028 0.0 365.33972
303.02 978.237 630.384 0.0 347.85291
304.21 1427.279 1123.525 0.0 303.75415
305.4 1155.629 875.356 0.0 280.27258
306.59 1268.896 920.166 0.0 348.73096
307.79 1086.463 803.053 0.0 283.40985
308.98 929.193 579.113 0.0 350.08044
310.17 1371.384 966.081 0.0 405.30237
311.36 1200.788 857.597 0.0 343.19141
312.55 2041.019 1560.657 0.0 480.36194
313.74 862.217 584.359 0.0 277.85815
314.93 1382.286 1009.007 0.0 373.27948
316.12 1152.017 787.067 0.0 364.95007
317.31 649.581 406.823 0.0 242.7579
318.5 921.217 574.859 0.0 346.35815
319.69 1198.986 830.799 0.0 368.18762
320.88 1085.127 736.225 0.0 348.90149
322.07 964.878 607.271 0.0 357.60742
323.26 1009.574 607.342 0.0 402.23248
324.45 779.434 447.415 0.0 332.01868
325.64 1236.797 766.749 0.0 470.04718
326.83 1439.854 996.024 0.0 443.82971
328.01 1100.015 738.436 0.0 361.57886
329.2 1499.463 976.053 0.0 523.40985
330.39 1247.298 727.38 0.0 519.9184
331.58 1094.407 542.908 0.0 551.49872
332.77 1868.571 1253.081 0.0 615.49023
333.96 956.068 448.82 0.0 507.24786
335.15 1216.124 524.964 0.0 691.15918
336.33 1287.907 590.908 0.0 696.99872
337.52 1522.434 719.415 0.0 803.01874
338.71 1576.069 710.45 0.0 865.61896
339.9 1649.576 614.932 0.0 1034.64435
341.08 1785.607 688.2 0.0 1097.40674
342.27 2195.164 879.475 0.0 1315.68927
343.46 2433.14 1063.729 0.0 1369.41138
344.65 2507.14 897.229 0.0 1609.91138
345.83 2808.749 983.257 0.0 1825.49182
347.02 2333.776 470.264 0.0 1863.51187
348.21 3314.085 1021.584 0.0 2292.50031
349.4 2952.219 462.989 0.0 2489.22934
350.58 3624.51 718.045 0.0 2906.46545
351.77 3713.258 575.369 0.0 3137.88831
352.96 3655.598 324.088 0.0 3331.51022
354.14 4265.975 619.926 0.0 3646.04895
355.33 4228.761 536.13 0.0 3692.63049
356.51 4258.213 387.098 0.0 3871.11569
357.7 4779.317 679.734 0.0 4099.58246
358.89 4844.688 511.721 0.0 4332.96686
360.07 5477.241 915.105 0.0 4562.13599
361.26 5759.609 1061.79 0.0 4697.81885
362.44 5595.929 733.483 0.0 4862.44592
363.63 5563.007 481.743 0.0 5081.26389
364.81 5778.828 531.437 0.0 5247.39105
366.0 5540.64 276.518 0.0 5264.12192
367.18 7143.577 1403.392 0.0 5740.18506
368.37 5986.339 529.85 0.0 5456.48932
369.55 6470.666 737.065 0.0 5733.60083
370.74 6816.693 911.572 0.0 5905.12115
371.92 7115.771 1158.332 0.0 5957.43909
373.11 6652.795 476.078 0.0 6176.71695
374.29 6669.616 421.772 0.0 6247.84409
375.48 7056.419 531.741 0.0 6524.67822
376.66 7226.531 441.53 0.0 6785.00085
377.84 8035.339 953.85 0.0 7081.48932
379.03 7530.112 405.051 0.0 7125.06076
380.21 7694.702 332.184 0.0 7362.51788
381.39 7900.311 266.212 0.0 7634.09805
382.58 9109.599 816.548 0.0 8293.05109
383.76 9574.007 1148.784 0.0 8425.22302
384.94 10142.046 1254.164 0.0 8887.88196
386.13 9667.35 426.593 0.0 9240.75702
387.31 10271.299 618.339 0.0 9652.95935
388.49 10498.716 474.688 0.0 10024.02802
389.68 11066.732 637.952 0.0 10428.78009
390.86 11556.286 567.466 0.0 10988.8197
392.04 12287.209 982.706 0.0 11304.50275
393.22 11891.786 445.466 0.0 11446.31973
394.41 12400.77 473.202 0.0 11927.56763
395.59 12495.773 193.463 0.0 12302.31055
396.77 12991.141 552.689 0.0 12438.45203
397.95 13473.707 637.576 0.0 12836.13129
399.13 13659.601 792.678 0.0 12866.92255
400.31 13559.037 447.511 0.0 13111.52563
401.5 13975.163 626.304 0.0 13348.85889
402.68 13940.811 734.712 0.0 13206.09808
403.86 13603.205 434.445 0.0 13168.75983
405.04 13913.426 807.263 0.0 13106.16315
406.22 13253.582 367.783 0.0 12885.79901
407.4 13480.388 697.013 0.0 12783.37463
408.58 13507.649 814.301 0.0 12693.34875
409.76 13243.973 947.755 0.0 12296.21783
410.94 12609.786 624.466 0.0 11985.3197
412.12 12302.954 502.9 0.0 11800.05389
413.3 11715.274 359.093 0.0 11356.18103
414.48 11310.843 371.111 0.0 10939.73175
415.66 11050.979 445.277 0.0 10605.70273
416.84 11616.802 1233.1 0.0 10383.70129
418.02 10548.947 623.378 0.0 9925.56903
419.2 9961.248 419.586 0.0 9541.66171
420.38 10031.3 583.97 0.0 9447.3299
421.56 9579.357 427.245 0.0 9152.1124
422.74 9924.622 1081.794 0.0 8842.82849
423.92 9242.396 865.995 0.0 8376.40088
425.1 8579.343 464.111 0.0 8115.23175
426.28 8308.32 405.995 0.0 7902.32489
427.46 9138.307 1356.492 0.0 7781.8147
428.63 7814.305 571.861 0.0 7242.44379
429.81 7705.198 687.964 0.0 7017.23456
430.99 7710.507 754.784 0.0 6955.72302
432.17 7845.751 1145.347 0.0 6700.40369
433.35 7465.129 827.316 0.0 6637.81335
434.52 6472.105 155.069 0.0 6317.03549
435.7 6559.887 376.383 0.0 6183.50415
436.88 6902.815 840.104 0.0 6062.71149
438.06 6668.956 552.531 0.0 6116.42535
439.23 6574.356 399.115 0.0 6175.24142
440.41 6538.822 594.126 0.0 5944.69586
441.59 6850.246 828.456 0.0 6021.79028
442.77 6211.025 276.679 0.0 5934.34659
443.94 6824.519 760.657 0.0 6063.86169
445.12 6672.197 769.833 0.0 5902.36359
446.3 6964.37 1093.118 0.0 5871.25159
447.47 6662.763 666.72 0.0 5996.04236
448.65 6713.978 720.646 0.0 5993.33173
449.82 6359.478 500.146 0.0 5859.33176
451.0 6653.236 609.213 0.0 6044.02258
452.18 6522.156 476.823 0.0 6045.33316
453.35 6680.532 530.16 0.0 6150.37183
454.53 6753.319 558.865 0.0 6194.45392
455.7 6391.831 334.238 0.0 6057.59259
456.88 7240.59 945.935 0.0 6294.65436
458.05 6785.425 591.763 0.0 6193.66266
459.23 6561.507 315.784 0.0 6245.72302
460.4 6946.032 580.16 0.0 6365.87183
461.58 7070.576 719.432 0.0 6351.14423
462.75 6654.697 315.333 0.0 6339.36359
463.93 7083.668 628.696 0.0 6454.97229
465.1 7032.666 525.065 0.0 6507.60083
466.28 6640.227 218.101 0.0 6422.12582
467.45 6624.032 146.66 0.0 6477.37184
468.63 6969.371 523.249 0.0 6446.12256
469.8 7310.521 870.287 0.0 6440.23315
470.97 6800.412 405.259 0.0 6395.15298
472.15 6910.012 595.675 0.0 6314.33643
473.32 7028.227 704.601 0.0 6323.62585
474.49 7358.334 859.499 0.0 6498.83502
475.67 6935.119 507.573 0.0 6427.54565
476.84 6659.646 327.08 0.0 6332.56592
478.01 7059.751 636.347 0.0 6423.40369
479.19 6791.715 548.728 0.0 6242.98712
480.36 6556.415 309.02 0.0 6247.39493
481.53 6871.441 596.897 0.0 6274.54425
482.7 6589.335 497.129 0.0 6092.20602
483.88 6395.392 275.774 0.0 6119.61755
485.05 6293.09 361.935 0.0 5931.15439
486.22 6425.893 478.405 0.0 5947.48856
487.39 6218.625 333.595 0.0 5885.03052
488.56 6274.359 485.876 0.0 5788.48386
489.74 6689.107 897.2 0.0 5791.90698
490.91 5954.917 242.651 0.0 5712.26639
492.08 5908.859 375.876 0.0 5532.98386
493.25 5639.161 278.714 0.0 5360.44705
494.42 5753.905 476.778 0.0 5277.12723
495.59 5612.337 417.26 0.0 5195.07748
496.76 5590.898 465.756 0.0 5125.14282
497.93 5643.752 610.478 0.0 5033.27466
499.1 5574.31 572.753 0.0 5001.55719
500.27 6003.959 1040.792 0.0 4963.16785
501.44 5947.47 1228.534 0.0 4718.93555
502.61 5069.863 423.137 0.0 4646.72629
503.78 5287.488 629.929 0.0 4657.55859
504.95 5789.739 1123.474 0.0 4666.26453
506.12 5123.542 696.943 0.0 4426.59918
507.29 4657.053 335.186 0.0 4321.86688
508.46 4348.471 32.165 0.0 4316.30649
509.63 5619.471 1258.165 0.0 4361.30652
510.8 5541.768 1179.612 0.0 4362.15576
511.97 4689.537 558.552 0.0 4130.98529
513.14 4294.868 258.528 0.0 4036.33972
514.31 4935.283 785.746 0.0 4149.53741
515.48 4479.8 495.01 0.0 3984.78949
516.65 4404.173 525.087 0.0 3879.08575
517.81 4143.514 355.806 0.0 3787.70789
518.98 4545.875 695.01 0.0 3850.86499
520.15 3940.761 161.13 0.0 3779.63051
521.32 4374.241 703.605 0.0 3670.63599
522.49 5296.273 1502.503 0.0 3793.76965
523.65 4972.217 1158.859 0.0 3813.35815
524.82 4332.119 638.073 0.0 3694.04565
525.99 3672.827 78.517 0.0 3594.30952
527.16 4289.222 631.25 0.0 3657.97156
528.32 4361.539 730.182 0.0 3631.35675
529.49 4079.295 411.619 0.0 3667.67606
530.66 3497.669 114.367 0.0 3383.30267
531.82 3702.171 180.957 0.0 3521.21451
532.99 3925.391 320.274 0.0 3605.11731
534.16 4024.824 444.256 0.0 3580.56732
535.32 4436.379 794.401 0.0 3641.97839
536.49 3814.407 294.408 0.0 3519.99869
537.65 4613.564 1011.059 0.0 3602.50555
538.82 3847.054 321.816 0.0 3525.23785
539.99 4231.688 642.721 0.0 3588.96686
541.15 4392.914 818.39 0.0 3574.52393
542.32 3812.678 147.979 0.0 3664.69916
543.48 4562.356 811.155 0.0 3751.20105
544.65 4596.857 992.785 0.0 3604.07202
545.81 5445.459 1483.292 0.0 3962.16785
546.98 4472.666 503.106 0.0 3969.56049
548.14 4837.459 783.792 0.0 4053.66779
549.31 4316.771 402.873 0.0 3913.89822
550.47 4515.542 469.443 0.0 4046.09915
551.63 5148.514 914.806 0.0 4233.70789
552.8 4541.659 454.584 0.0 4087.07559
553.96 4420.19 459.852 0.0 3960.33832
555.13 4503.569 391.45 0.0 4112.11896
556.29 5236.084 934.084 0.0 4302.00006
557.45 4376.185 274.46 0.0 4101.72443
558.62 4773.137 523.468 0.0 4249.66919
559.78 5075.666 771.606 0.0 4304.06049
560.94 4703.191 371.982 0.0 4331.20929
562.11 4611.598 391.088 0.0 4220.51022
563.27 4352.164 157.975 0.0 4194.18901
564.43 4208.366 32.397 0.0 4175.96874
565.59 4421.061 205.838 0.0 4215.22273
566.76 4678.119 351.073 0.0 4327.04565
567.92 4942.102 571.349 0.0 4370.75269
569.08 5186.922 715.042 0.0 4471.87982
570.24 4781.429 352.024 0.0 4429.40509
571.4 4593.744 226.366 0.0 4367.37842
572.57 4643.574 367.342 0.0 4276.23239
573.73 4410.354 55.524 0.0 4354.82957
574.89 4787.519 452.697 0.0 4334.82132
576.05 4930.944 476.158 0.0 4454.78619
577.21 4625.661 157.714 0.0 4467.94705
578.37 4329.583 18.954 0.0 4310.62911
579.53 4737.315 193.644 0.0 4543.67061
580.69 5099.395 597.535 0.0 4501.85999
581.85 4856.947 351.919 0.0 4505.02863
583.01 4845.798 401.88 0.0 4443.91852
584.17 5090.608 484.83 0.0 4605.77792
585.33 5127.327 572.517 0.0 4554.80975
586.49 4832.851 377.763 0.0 4455.08713
587.65 5094.905 573.278 0.0 4521.6272
588.81 5055.84 566.521 0.0 4489.31946
589.97 5430.001 929.433 0.0 4500.56873
591.13 4891.415 421.02 0.0 4470.39493
592.29 4798.544 336.574 0.0 4461.97015
593.45 4658.125 213.595 0.0 4444.53052
594.61 4483.037 134.052 0.0 4348.98526
595.77 4629.11 196.961 0.0 4432.14891
596.93 4456.687 91.091 0.0 4365.59588
598.09 4742.31 382.753 0.0 4359.55719
599.24 4475.017 138.067 0.0 4336.94984
600.4 4648.351 291.763 0.0 4356.58713
601.56 4445.339 233.39 0.0 4211.94846
602.72 4659.707 368.616 0.0 4291.09042
603.87 4686.929 473.064 0.0 4213.86469
605.03 4384.707 232.116 0.0 4152.59042
606.19 4288.313 148.514 0.0 4139.79962
607.35 4091.544 -3.926 0.0 4095.47014
608.5 4740.097 594.457 0.0 4145.63928
609.66 5006.342 989.651 0.0 4016.69092
610.82 4101.986 146.299 0.0 3955.68761
611.97 4091.585 125.084 0.0 3966.50034
613.13 4632.235 573.754 0.0 4058.48169
614.29 4498.232 496.993 0.0 4001.23926
615.44 4553.408 717.539 0.0 3835.86969
616.6 3941.802 180.141 0.0 3761.66071
617.76 4527.259 663.0 0.0 3864.25952
618.91 4434.466 726.314 0.0 3708.15222
620.07 4490.449 641.049 0.0 3849.40009
621.22 3648.017 17.567 0.0 3630.45009
622.38 4849.584 1061.084 0.0 3788.50012
623.53 3749.744 78.366 0.0 3671.37817
624.69 3804.788 112.137 0.0 3692.6508
625.84 3709.922 217.542 0.0 3492.37981
627.0 4063.198 488.964 0.0 3574.23456
628.15 3636.652 -0.398 0.0 3637.05033
629.31 3975.012 318.175 0.0 3656.83643
630.46 3530.137 -23.532 0.0 3553.6692
631.61 3785.274 374.134 0.0 3411.14066
632.77 3839.066 228.189 0.0 3610.87677
633.92 3899.298 495.38 0.0 3403.91827
635.08 4374.632 949.577 0.0 3425.05579
636.23 3687.191 308.482 0.0 3378.70929
637.38 3152.719 -74.511 0.0 3227.22934
638.54 4024.337 654.76 0.0 3369.57721
639.69 4381.534 936.831 0.0 3444.70245
640.84 3765.384 490.402 0.0 3274.98206
641.99 3397.41 97.409 0.0 3300.00104
643.15 4105.436 816.916 0.0 3288.52002
644.3 3359.461 95.422 0.0 3264.03899
645.45 3104.487 -58.071 0.0 3162.55772
646.6 4100.012 811.436 0.0 3288.57666
647.75 3456.538 161.942 0.0 3294.59566
648.91 3113.563 -136.551 0.0 3250.11464
650.06 3343.089 225.455 0.0 3117.63362
651.21 3752.115 417.462 0.0 3334.65259
652.36 3718.64 450.969 0.0 3267.67157
653.51 3225.666 101.475 0.0 3124.19054
654.66 3375.191 273.982 0.0 3101.20926
655.81 3659.717 651.989 0.0 3007.72827
656.96 3119.243 69.495 0.0 3049.74722
658.11 3382.768 365.002 0.0 3017.7662
659.27 3654.294 531.009 0.0 3123.28516
660.42 3205.32 29.015 0.0 3176.30414
661.57 3461.845 421.022 0.0 3040.82312
662.72 2902.871 -139.971 0.0 3042.84209
663.87 2874.896 -99.965 0.0 2974.86082
665.01 3330.922 316.042 0.0 3014.87979
666.16 3022.948 41.049 0.0 2981.89877
667.31 3171.473 95.555 0.0 3075.91775
668.46 3891.499 760.562 0.0 3130.93671
669.61 3258.024 206.069 0.0 3051.9557
670.76 3131.05 4.575 0.0 3126.47467
671.91 4007.576 769.582 0.0 3237.99365
673.06 3709.101 519.589 0.0 3189.51239
674.21 2977.127 -161.405 0.0 3138.53136
675.35 3499.152 284.102 0.0 3215.05032
676.5 3304.678 167.609 0.0 3137.06931
677.65 3089.204 72.615 0.0 3016.58828
678.8 3027.729 -110.878 0.0 3138.60725
679.94 3217.255 40.629 0.0 3176.62623
681.09 3729.281 370.135 0.0 3359.1452
682.24 3647.806 363.142 0.0 3284.66394
683.39 3331.832 -1.851 0.0 3333.68291
684.53 3931.857 558.155 0.0 3373.7019
685.68 3512.383 214.662 0.0 3297.72086
686.83 3691.408 301.169 0.0 3390.23984
687.97 3591.934 298.175 0.0 3293.75882
689.12 3444.96 178.182 0.0 3266.77779
690.27 3377.485 68.189 0.0 3309.29652
691.41 3838.511 468.195 0.0 3370.31549
692.56 3731.036 358.702 0.0 3372.33447
693.7 3609.062 378.709 0.0 3230.35342
694.85 3279.588 48.215 0.0 3231.37241
695.99 3667.113 398.222 0.0 3268.89139
697.14 3633.639 184.229 0.0 3449.41035
698.28 3681.665 342.735 0.0 3338.92932
699.43 3732.69 391.242 0.0 3341.44806
700.57 3121.216 -74.251 0.0 3195.46704
701.72 3341.241 -50.745 0.0 3391.98602
702.86 3110.767 -107.738 0.0 3218.50499
704.01 3357.292 50.269 0.0 3307.02397
705.15 3754.318 433.275 0.0 3321.04294
706.29 3352.844 126.782 0.0 3226.06191
707.44 3479.869 171.288 0.0 3308.58089
708.58 3215.395 -124.205 0.0 3339.59962
709.72 3988.42 629.302 0.0 3359.11859
710.87 3020.446 -137.192 0.0 3157.63757
712.01 3209.472 0.315 0.0 3209.15655
713.15 3531.997 217.322 0.0 3314.67552
714.3 3523.523 348.828 0.0 3174.69449
715.44 3387.049 92.335 0.0 3294.71347
716.58 3586.574 277.342 0.0 3309.23245
717.72 3233.1 52.848 0.0 3180.25117
718.87 3377.625 240.855 0.0 3136.77016
720.01 3278.151 117.362 0.0 3160.78912
721.15 3089.177 -54.132 0.0 3143.3081
722.29 3641.702 345.875 0.0 3295.82709
723.43 3787.228 498.882 0.0 3288.34604
724.57 3583.753 450.388 0.0 3133.36502
725.72 3401.779 244.895 0.0 3156.884
726.86 3905.804 678.902 0.0 3226.90271
728.0 3275.33 164.408 0.0 3110.92171
729.14 3118.356 -2.085 0.0 3120.44068
730.28 3653.381 481.422 0.0 3171.95966
731.42 3161.407 10.928 0.0 3150.47863
732.56 3919.933 722.435 0.0 3197.49762
733.7 3490.458 386.942 0.0 3103.51657
734.84 2807.984 -127.052 0.0 2935.03555
735.98 3317.009 148.955 0.0 3168.05429
737.12 3119.535 -3.038 0.0 3122.57326
738.26 3093.061 17.468 0.0 3075.59224
739.4 3330.586 228.475 0.0 3102.11121
740.53 3499.112 407.482 0.0 3091.63019
741.67 3337.137 273.488 0.0 3063.64917
742.81 2800.163 -222.505 0.0 3022.66814
743.95 3317.189 241.002 0.0 3076.1871
745.09 2962.214 19.508 0.0 2942.70584
746.23 3419.74 399.515 0.0 3020.22482
747.36 3509.765 453.522 0.0 3056.24377
748.5 2912.791 60.028 0.0 2852.76276
749.64 2934.317 25.035 0.0 2909.28174
750.78 2918.842 -5.458 0.0 2924.30071
751.92 3085.368 74.548 0.0 3010.81969
753.05 3014.393 155.555 0.0 2858.83842
754.19 3498.419 635.562 0.0 2862.85742
755.33 2541.445 -151.932 0.0 2693.37637
756.46 2989.97 245.075 0.0 2744.89534
757.6 2730.496 82.082 0.0 2648.41432
758.74 3427.021 562.088 0.0 2864.93329
759.87 2975.547 244.595 0.0 2730.95227
761.01 2868.073 271.102 0.0 2596.97125
762.14 2829.098 234.608 0.0 2594.48997
763.28 3093.124 408.115 0.0 2685.00894
764.41 2824.649 249.121 0.0 2575.52792
765.55 2381.675 -123.872 0.0 2505.5469
766.69 2876.201 289.635 0.0 2586.56589
767.82 2903.726 266.641 0.0 2637.08484
768.95 2458.252 26.148 0.0 2432.10382
770.09 3198.278 737.655 0.0 2460.6228
771.22 3156.803 661.661 0.0 2495.14154
772.36 2967.829 504.168 0.0 2463.66049
773.49 3028.854 489.175 0.0 2539.67947
774.63 2602.88 196.181 0.0 2406.69846
775.76 2497.406 154.688 0.0 2342.71742
776.89 2877.931 428.195 0.0 2449.73639
778.03 2656.457 360.201 0.0 2296.25537
779.16 2348.982 8.708 0.0 2340.27435
780.29 2728.508 308.215 0.0 2420.29309
781.43 2828.033 606.221 0.0 2221.81207
782.56 2697.559 315.228 0.0 2382.33102
783.69 2258.085 11.735 0.0 2246.35001
784.82 2395.11 233.241 0.0 2161.86899
785.96 2346.136 116.748 0.0 2229.38795
787.09 2296.662 204.255 0.0 2092.40694
788.22 2375.187 394.261 0.0 1980.9259
789.35 2182.213 157.768 0.0 2024.44464
790.48 2205.238 142.275 0.0 2062.96361
791.62 2645.764 580.281 0.0 2065.4826
792.75 1896.79 5.288 0.0 1891.50156
793.88 2678.315 737.795 0.0 1940.52051
795.01 2334.841 353.801 0.0 1981.03952
796.14 2351.866 404.808 0.0 1947.05847
797.27 2412.392 493.815 0.0 1918.57745
798.4 2166.417 283.321 0.0 1883.09619
799.53 1772.943 -4.672 0.0 1777.61529
800.66 2196.469 316.335 0.0 1880.13416
801.79 3215.994 1276.841 0.0 1939.15308
802.92 2021.52 199.848 0.0 1821.67209
804.05 2187.546 381.855 0.0 1805.69107
805.18 1998.571 290.861 0.0 1707.70993
806.31 1936.597 215.868 0.0 1720.7289
807.44 1647.622 -64.625 0.0 1712.24787
808.57 2048.648 400.381 0.0 1648.26672
809.69 2041.174 400.888 0.0 1640.28571
810.82 1538.699 -163.605 0.0 1702.30467
811.95 2737.725 988.401 0.0 1749.32367
813.08 1756.25 103.908 0.0 1652.34262
814.21 2749.276 1064.915 0.0 1684.36157
815.33 1866.802 282.921 0.0 1583.88046
816.46 1950.827 308.928 0.0 1641.89941
817.59 2423.853 847.435 0.0 1576.41827
818.72 2032.378 504.441 0.0 1527.93726
819.84 2572.404 896.448 0.0 1675.95624
820.97 2016.43 446.454 0.0 1569.97519
822.1 2087.455 593.961 0.0 1493.4942
823.22 1327.981 -30.532 0.0 1358.51303
824.35 1550.506 92.474 0.0 1458.03201
825.48 1882.532 574.481 0.0 1308.05096
826.6 1662.058 310.488 0.0 1351.56982
827.73 1148.083 -144.506 0.0 1292.58881
828.85 1672.609 268.501 0.0 1404.10779
829.98 1968.135 610.008 0.0 1358.12677
831.11 1431.66 70.014 0.0 1361.64561
832.23 1361.686 81.521 0.0 1280.16458
833.36 1931.711 524.528 0.0 1407.18353
834.48 1632.237 259.034 0.0 1373.20255
835.6 1755.762 482.041 0.0 1273.72137
836.73 1215.788 -7.952 0.0 1223.74036
837.85 1842.814 535.054 0.0 1307.75934
838.98 1055.339 -104.439 0.0 1159.77831
840.1 1687.865 458.568 0.0 1229.29715
841.23 1613.391 371.074 0.0 1242.31613
842.35 2026.416 720.581 0.0 1305.83508
843.47 1426.442 248.588 0.0 1177.85408
844.6 1199.467 26.594 0.0 1172.87294
845.72 1236.493 155.101 0.0 1081.39192
846.84 1299.019 134.608 0.0 1164.41089
847.96 1272.544 139.114 0.0 1133.42987
849.09 1166.07 58.121 0.0 1107.94872
850.21 1333.095 232.628 0.0 1100.4677
851.33 1583.121 385.134 0.0 1197.98666
852.45 1185.647 25.141 0.0 1160.50564
853.57 1416.172 232.148 0.0 1184.02449
854.7 1183.198 67.654 0.0 1115.54347
855.82 1283.723 -0.339 0.0 1284.06244
856.94 1563.249 485.168 0.0 1078.08142
858.06 1024.775 -64.326 0.0 1089.10027
859.18 1567.8 425.181 0.0 1142.61923
860.3 1320.326 244.688 0.0 1075.63821
861.42 890.351 -89.306 0.0 979.65714
862.54 949.877 -65.799 0.0 1015.67611
863.66 1020.903 50.708 0.0 970.19502
864.78 1182.428 186.714 0.0 995.714
865.9 1280.954 244.221 0.0 1036.73297
867.02 2413.479 1277.228 0.0 1136.25195
868.14 1950.005 879.234 0.0 1070.77081
869.26 1580.531 575.741 0.0 1004.78979
870.38 863.556 -90.252 0.0 953.80869
871.5 908.082 -94.746 0.0 1002.82767
872.62 946.607 69.761 0.0 876.84658
873.74 1598.133 699.268 0.0 898.86554
874.85 904.646 40.271 0.0 864.37498
875.97 1229.146 286.271 0.0 942.87503
877.09 1331.146 373.271 0.0 957.87503
878.21 1135.646 220.771 0.0 914.87505
879.33 1214.646 334.771 0.0 879.87503
880.44 1201.646 254.771 0.0 946.87505
881.56 943.646 111.271 0.0 832.37498
882.68 1193.146 256.271 0.0 936.87503
883.79 1898.646 826.771 0.0 1071.87506
884.91 761.646 -58.229 0.0 819.87498
886.03 1304.146 456.271 0.0 847.87503
887.14 1605.646 659.271 0.0 946.37506
888.26 1660.146 777.271 0.0 882.87506
889.38 1504.646 636.271 0.0 868.37506
890.49 723.646 -89.729 0.0 813.37498
891.61 1204.146 307.771 0.0 896.37503
892.72 892.146 -13.229 0.0 905.37498
893.84 759.146 -99.229 0.0 858.37498
894.95 798.646 -87.229 0.0 885.87498
896.07 1009.646 152.271 0.0 857.37498
897.18 1256.646 384.271 0.0 872.37503
898.3 786.146 -41.229 0.0 827.37498
899.41 1459.146 577.271 0.0 881.87506
900.53 1240.146 335.771 0.0 904.37503
901.64 1327.646 462.271 0.0 865.37503
902.75 1103.646 262.771 0.0 840.87503
903.87 1019.146 116.771 0.0 902.37498
904.98 1237.146 403.771 0.0 833.37503
906.09 1068.646 235.771 0.0 832.87505
907.21 1197.146 438.771 0.0 758.37503
908.32 981.646 198.271 0.0 783.37498
909.43 1472.646 650.771 0.0 821.87506
910.54 1151.646 280.271 0.0 871.37503
911.66 1989.646 1160.771 0.0 828.875
912.77 842.146 85.771 0.0 756.37498
913.88 1107.146 300.271 0.0 806.87503
914.99 882.646 69.271 0.0 813.37498
916.1 1091.646 349.771 0.0 741.87503
917.22 693.146 58.771 0.0 634.37498
918.33 1436.146 688.771 0.0 747.37506
919.44 985.146 270.271 0.0 714.87497
920.55 1502.146 660.771 0.0 841.37506
921.66 1128.146 428.771 0.0 699.37503
922.77 1191.146 488.271 0.0 702.87503
923.88 1443.146 623.271 0.0 819.87506
924.99 1139.146 373.771 0.0 765.37503
926.1 611.146 -11.229 0.0 622.37498
927.21 1449.146 652.771 0.0 796.37506
928.32 516.646 -84.729 0.0 601.37498
929.43 942.146 251.771 0.0 690.37498
930.54 751.646 111.271 0.0 640.37498
931.65 865.646 266.271 0.0 599.37497
932.76 1023.146 381.771 0.0 641.37497
933.86 892.646 302.271 0.0 590.37497
934.97 728.146 113.771 0.0 614.37498
936.08 628.646 164.771 0.0 463.87498
937.19 1336.146 708.271 0.0 627.87506
938.3 894.146 472.271 0.0 421.87497
939.4 1139.646 674.771 0.0 464.87506
940.51 682.146 305.271 0.0 376.87497
941.62 916.646 503.771 0.0 412.87497
942.73 1569.146 1102.771 0.0 466.375
943.83 681.146 302.771 0.0 378.37497
944.94 749.646 338.271 0.0 411.37497
946.05 351.646 -35.729 0.0 387.37501
947.15 362.646 -25.729 0.0 388.37501
948.26 677.646 228.771 0.0 448.87498
949.36 546.646 98.271 0.0 448.37498
950.47 821.646 326.771 0.0 494.87497
951.57 1314.646 844.771 0.0 469.87506
952.68 960.146 568.771 0.0 391.375
953.79 1035.646 439.271 0.0 596.37503
954.89 568.146 121.771 0.0 446.37498
955.99 965.646 391.271 0.0 574.37497
957.1 638.646 230.271 0.0 408.37498
958.2 755.646 271.271 0.0 484.37497
959.31 968.146 455.771 0.0 512.37497
960.41 593.146 130.271 0.0 462.87498
961.52 479.146 10.271 0.0 468.87501
962.62 1017.646 493.771 0.0 523.87497
963.72 433.646 -50.729 0.0 484.37501
964.83 279.646 -70.729 0.0 350.37501
965.93 816.146 341.771 0.0 474.37497
967.03 1132.146 714.271 0.0 417.87506
968.13 914.646 466.771 0.0 447.87497
969.24 635.646 175.771 0.0 459.87498
970.34 599.146 206.771 0.0 392.37498
971.44 645.146 265.771 0.0 379.37497
972.54 842.646 346.771 0.0 495.87497
973.64 609.646 142.271 0.0 467.37498
974.75 1523.646 1069.771 0.0 453.875
975.85 3989.646 3162.271 0.0 827.375
976.95 559.146 189.771 0.0 369.37498
978.05 1046.646 525.771 0.0 520.87506
979.15 1426.146 896.271 0.0 529.87506
980.25 429.146 99.771 0.0 329.37501
981.35 583.646 179.271 0.0 404.37498
982.45 1318.146 891.771 0.0 426.37506
983.55 865.146 462.771 0.0 402.37497
984.65 820.146 418.271 0.0 401.87497
985.75 1055.146 675.271 0.0 379.87506
986.85 810.146 372.271 0.0 437.87497
987.95 596.146 185.271 0.0 410.87498
989.05 1251.146 783.271 0.0 467.87506
990.15 1018.146 628.271 0.0 389.875
991.25 729.146 443.271 0.0 285.87497
992.34 1253.646 835.771 0.0 417.87506
993.44 793.146 478.271 0.0 314.87497
994.54 778.646 386.771 0.0 391.87497
995.64 1092.146 731.271 0.0 360.87506
996.74 1263.646 789.271 0.0 474.37506
997.83 380.146 73.771 0.0 306.37501
998.93 621.146 315.271 0.0 305.87497
1000.03 1747.646 1230.771 0.0 516.875
1001.12 1160.146 704.771 0.0 455.37506
1002.22 1177.646 729.271 0.0 448.37506
1003.32 583.146 272.271 0.0 310.87497
1004.41 833.646 467.271 0.0 366.37497
1005.51 733.646 402.771 0.0 330.87497
1006.6 455.646 188.771 0.0 266.87502
1007.7 1005.646 624.271 0.0 381.375
1008.8 308.146 103.271 0.0 204.87501
1009.89 824.646 577.771 0.0 246.875
1010.99 692.646 384.771 0.0 307.87497
1012.08 301.646 47.271 0.0 254.37501
1013.18 732.646 394.271 0.0 338.37497
1014.27 556.646 202.271 0.0 354.37498
1015.36 669.646 334.271 0.0 335.37497
1016.46 760.146 402.771 0.0 357.37497
1017.55 432.646 148.271 0.0 284.37502
1018.65 794.146 496.771 0.0 297.37497
1019.74 971.146 586.771 0.0 384.375
1020.83 770.146 505.271 0.0 264.87497
1021.93 621.146 280.271 0.0 340.87497
1023.02 301.646 38.271 0.0 263.37501
1024.11 354.646 63.771 0.0 290.87501
1025.2 274.646 88.271 0.0 186.37501
1026.3 728.146 454.271 0.0 273.87497
1027.39 948.146 597.771 0.0 350.375
1028.48 720.146 486.771 0.0 233.37497
1029.57 584.646 312.771 0.0 271.87497
1030.66 711.146 451.771 0.0 259.37497
1031.75 1952.646 1483.271 0.0 469.375
1032.84 885.146 652.771 0.0 232.375
1033.94 397.646 161.271 0.0 236.37502
1035.03 967.646 773.771 0.0 193.875
1036.12 290.146 90.271 0.0 199.87501
1037.21 346.646 66.771 0.0 279.87501
1038.3 806.646 522.771 0.0 283.875
1039.39 328.646 153.271 0.0 175.37502
1040.48 678.146 455.771 0.0 222.37497
1041.57 840.646 616.271 0.0 224.375
1042.66 675.146 441.771 0.0 233.37497
1043.74 768.646 508.271 0.0 260.37497
1044.83 791.146 543.271 0.0 247.875
1045.92 294.646 45.771 0.0 248.87501
1047.01 828.146 617.771 0.0 210.375
1048.1 230.146 96.771 0.0 133.37499
1049.19 729.146 502.271 0.0 226.87497
1050.27 529.146 342.271 0.0 186.87497
1051.36 560.146 305.271 0.0 254.87497
1052.45 792.146 469.771 0.0 322.37497
1053.54 640.146 466.771 0.0 173.37497
1054.62 716.646 525.271 0.0 191.375
1055.71 730.146 467.771 0.0 262.37497
1056.8 939.146 688.271 0.0 250.875
1057.88 504.146 328.771 0.0 175.375
1058.97 707.646 458.771 0.0 248.87497
1060.06 1156.646 834.771 0.0 321.87506
1061.14 551.646 367.771 0.0 183.87497
1062.23 1967.646 1608.271 0.0 359.375
1063.31 757.146 547.271 0.0 209.875
1064.4 469.146 279.271 0.0 189.875
1065.48 656.646 526.771 0.0 129.875
1066.57 572.146 362.771 0.0 209.37497
1067.65 695.146 543.771 0.0 151.375
1068.74 596.146 357.271 0.0 238.87497
1069.82 744.146 544.271 0.0 199.875
1070.9 2573.146 2151.771 0.0 421.375
1071.99 798.646 561.771 0.0 236.875
1073.07 688.146 491.771 0.0 196.37497
1074.15 807.646 576.771 0.0 230.875
1075.24 682.646 526.771 0.0 155.875
1076.32 853.646 625.771 0.0 227.875
1077.4 1237.646 963.771 0.0 273.87506
1078.49 411.146 218.271 0.0 192.87502
1079.57 868.646 655.271 0.0 213.375
1080.65 1201.646 866.771 0.0 334.87506
1081.73 627.146 382.771 0.0 244.37497
1082.81 363.146 238.271 0.0 124.87502
1083.89 788.146 548.771 0.0 239.375
1084.98 776.146 533.271 0.0 242.875
1086.06 390.646 267.771 0.0 122.875
1087.14 474.146 283.771 0.0 190.375
1088.22 657.146 524.771 0.0 132.375
1089.3 409.646 261.771 0.0 147.875
1090.38 1329.646 1101.771 0.0 227.875
1091.46 838.646 598.771 0.0 239.875
1092.54 574.146 405.771 0.0 168.37497
1093.62 576.646 412.771 0.0 163.87497
1094.7 311.646 186.271 0.0 125.37502
1095.78 685.146 490.771 0.0 194.37497
1096.86 707.646 545.771 0.0 161.875
1097.93 1396.146 1146.271 0.0 249.875
1099.01 924.646 802.271 0.0 122.375
1100.09 493.146 334.271 0.0 158.875
