196.55 235.594 972.948 1339.379 -201.2258
197.76 317.009 1427.472 1995.603 -195.45881
198.96 274.627 1340.45 1803.191 -230.32854
200.16 221.917 796.077 1227.164 -133.18912
201.36 322.825 1587.379 2062.06 -266.4009
202.56 234.086 990.115 1401.163 -183.92736
203.76 252.436 849.94 1265.984 -143.61519
204.96 236.287 932.264 1411.806 -145.13387
206.16 230.131 712.367 946.298 -206.14348
207.36 284.134 1181.173 1687.519 -177.15902
208.56 248.145 1052.507 1476.29 -189.8051
209.76 223.206 637.704 982.138 -120.34207
210.96 228.717 888.539 1380.408 -134.14552
212.16 401.984 2056.997 2537.841 -344.18952
213.36 242.125 1126.644 1600.47 -186.67623
214.56 281.666 890.479 1274.997 -158.33165
215.76 349.936 1834.94 2402.485 -261.65395
216.96 327.537 1568.862 2050.473 -257.74442
218.16 283.766 985.792 1447.599 -152.0172
219.35 205.622 716.838 1152.749 -117.27543
220.55 230.004 872.359 1328.661 -140.77435
221.75 228.765 810.596 1150.265 -171.29365
222.95 322.677 1461.314 1932.768 -241.51583
224.15 268.556 1090.029 1574.459 -169.57497
225.35 262.039 782.472 1287.36 -103.07909
226.55 223.495 792.831 1188.111 -144.03356
227.75 335.677 1378.814 1879.768 -208.22991
228.94 303.706 1122.204 1555.138 -189.0587
230.14 259.552 919.113 1379.351 -143.30827
231.34 233.526 847.028 1265.702 -146.53435
232.54 251.908 780.549 1133.115 -149.94136
233.74 252.665 805.869 1171.11 -151.46288
234.93 249.157 791.951 1221.947 -126.23221
236.13 259.853 951.574 1439.095 -141.88515
237.33 265.901 930.131 1313.452 -173.28324
238.53 263.386 887.381 1239.073 -177.42625
239.72 274.39 1373.993 1901.015 -208.6443
240.92 209.697 562.676 918.088 -99.31542
242.12 278.05 1152.807 1622.13 -186.38652
243.31 199.37 755.63 1186.695 -129.04326
244.51 224.018 627.0 952.653 -123.74596
245.71 307.487 1278.803 1722.062 -219.13093
246.9 324.018 1688.0 2212.153 -260.22606
248.1 238.191 950.954 1448.759 -143.18105
249.3 238.965 982.33 1398.854 -178.46878
250.49 269.647 893.313 1321.511 -145.64885
251.69 286.925 1049.106 1539.214 -155.51263
252.89 230.785 916.154 1388.919 -144.97028
254.08 224.206 579.204 954.138 -94.68303
255.28 273.555 976.919 1400.072 -166.21948
256.47 217.506 577.666 955.382 -95.35173
257.67 255.328 1159.099 1530.833 -243.12301
258.86 283.704 1172.898 1590.417 -212.97139
260.06 257.583 917.809 1356.442 -150.51898
261.26 306.344 1459.546 1914.546 -253.4507
262.45 236.162 939.063 1294.389 -197.81854
263.65 217.849 565.158 907.488 -101.4543
264.84 306.59 1081.531 1469.771 -199.60401
266.04 218.285 804.154 1217.419 -141.76588
267.23 186.413 487.661 823.556 -89.68526
268.42 194.044 706.584 1015.802 -165.75424
269.62 268.561 882.641 1322.401 -139.63964
270.81 255.278 959.736 1397.256 -161.01153
272.01 263.035 923.056 1333.752 -160.70803
273.2 274.123 1164.034 1567.583 -220.52132
274.4 191.847 664.852 908.767 -193.92194
275.59 264.419 1028.883 1499.385 -162.47851
276.78 258.46 892.718 1361.913 -135.18029
277.98 217.939 772.746 1191.206 -132.5831
279.17 234.142 903.201 1285.069 -175.20656
280.37 228.733 837.985 1198.621 -168.93814
281.56 197.991 528.915 926.504 -83.23274
282.75 184.175 617.508 1021.047 -107.38304
283.95 228.858 801.186 1237.537 -131.16213
285.14 222.485 863.193 1247.675 -166.64187
286.33 182.82 700.267 1012.118 -165.92759
287.52 247.378 948.548 1368.358 -167.02119
288.72 278.097 1136.95 1615.434 -179.49438
289.91 231.228 1410.373 1957.179 -215.64212
291.1 268.463 1007.024 1453.634 -165.37094
292.29 256.243 997.623 1395.057 -186.54148
293.49 281.312 1044.239 1446.568 -189.62751
294.68 224.219 729.845 997.629 -188.81767
295.87 224.862 803.102 1201.145 -145.27075
297.06 264.855 940.38 1418.817 -141.19411
298.26 193.231 420.179 733.9 -72.34074
299.45 235.37 789.13 1098.195 -179.17284
300.64 260.504 822.859 1190.661 -152.89646
301.83 284.526 857.028 1294.202 -130.95501
303.02 225.449 630.384 1057.142 -94.88637
304.21 259.993 1123.525 1573.39 -191.95362
305.4 218.94 875.356 1160.092 -230.53453
306.59 252.006 920.166 1316.882 -168.42235
307.79 218.471 803.053 1187.683 -151.98513
308.98 226.053 579.113 932.851 -99.80816
310.17 269.423 966.081 1430.275 -150.07928
311.36 247.738 857.597 1178.563 -190.00738
312.55 310.319 1560.657 2066.731 -247.06621
313.74 196.974 584.359 957.404 -103.84387
314.93 273.645 1009.007 1474.29 -158.0461
316.12 193.226 787.067 1192.958 -146.3054
317.31 201.838 406.823 740.217 -61.48452
318.5 191.974 574.859 920.404 -110.80592
319.69 261.393 830.799 1262.736 -131.82601
320.88 225.587 736.225 1134.55 -128.19645
322.07 194.384 607.271 993.686 -106.85028
323.26 204.686 607.342 935.817 -122.58318
324.45 232.991 447.415 793.504 -61.95635
325.64 250.002 766.749 1195.274 -120.58739
326.83 266.963 996.024 1395.634 -182.44371
328.01 219.373 738.436 1110.916 -139.35356
329.2 285.971 976.053 1403.683 -161.37323
330.39 198.855 727.38 1086.817 -147.04243
331.58 199.364 542.908 969.366 -80.55748
332.77 314.48 1253.081 1742.233 -191.88319
333.96 196.274 448.82 671.648 -113.33628
335.15 204.382 524.964 868.466 -93.32807
336.33 190.864 590.908 878.866 -138.92433
337.52 222.491 719.415 1040.504 -154.76228
338.71 211.127 710.45 1050.191 -146.97201
339.9 216.779 614.932 995.09 -104.73341
341.08 216.612 688.2 1067.812 -124.2288
342.27 283.572 879.475 1376.672 -119.85252
343.46 302.151 1063.729 1446.619 -198.90266
344.65 275.651 897.229 1356.119 -135.45256
345.83 260.16 983.257 1460.668 -151.46216
347.02 220.787 470.264 791.306 -77.7087
348.21 286.044 1021.584 1513.302 -149.58611
349.4 217.827 462.989 862.946 -61.29715
350.58 233.314 718.045 1108.789 -124.0532
351.77 220.165 575.369 941.11 -97.11916
352.96 178.107 324.088 698.37 -39.00279
354.14 203.182 619.926 1114.21 -84.31257
355.33 203.37 536.13 920.695 -86.52896
356.51 194.768 387.098 701.82 -61.111
357.7 240.218 679.734 1173.743 -88.96948
358.89 175.494 511.721 949.225 -76.85139
360.07 252.895 915.105 1399.957 -136.57963
361.26 260.705 1061.79 1572.085 -156.98461
362.44 242.673 733.483 1177.108 -110.63658
363.63 191.348 481.743 950.435 -61.95868
364.81 208.316 531.437 1069.458 -60.05732
366.0 168.278 276.518 729.538 -23.89286
367.18 297.519 1403.392 2092.821 -160.40401
368.37 191.786 529.85 875.253 -97.87511
369.55 217.665 737.065 1246.445 -101.96718
370.74 215.293 911.572 1458.582 -127.28832
371.92 281.968 1158.332 1668.41 -171.81004
373.11 196.89 476.078 1016.963 -51.61713
374.29 166.357 421.772 908.985 -52.42359
375.48 200.315 531.741 1060.623 -62.66531
376.66 167.529 441.53 902.257 -59.47126
377.84 249.786 953.85 1582.253 -112.04013
379.03 196.911 405.051 908.67 -41.3289
380.21 157.797 332.184 747.024 -42.03719
381.39 160.806 266.212 675.074 -25.78049
382.58 260.847 816.548 1409.101 -93.78058
383.76 282.108 1148.784 1715.705 -152.87421
384.94 265.946 1254.164 1936.868 -144.75047
386.13 182.144 426.593 963.237 -45.55129
387.31 227.095 618.339 1185.047 -69.03808
388.49 204.361 474.688 1029.093 -48.75983
389.68 224.63 637.952 1263.246 -66.10047
390.86 226.885 567.466 1204.521 -53.46195
392.04 229.209 982.706 1677.693 -108.41892
393.22 204.385 445.466 1111.021 -36.22268
394.41 204.115 473.202 1085.367 -43.95651
395.59 152.321 193.463 865.952 -6.11783
396.77 197.391 552.689 1295.349 -47.84115
397.95 210.356 637.576 1375.151 -57.92219
399.13 287.7 792.678 1560.643 -65.75528
400.31 212.181 447.511 1233.657 -29.93468
401.5 268.96 626.304 1514.36 -40.23899
402.68 253.806 734.712 1616.074 -54.56406
403.86 242.503 434.445 1296.108 -22.27576
405.04 246.227 807.263 1861.292 -53.22772
406.22 189.078 367.783 1341.448 -18.35386
407.4 285.242 697.013 1747.671 -39.19178
408.58 315.896 814.301 1875.791 -46.95328
409.76 268.569 947.755 2029.398 -62.79202
410.94 307.885 624.466 1721.521 -28.85743
412.12 275.207 502.9 1505.972 -22.69962
413.3 294.174 359.093 1500.994 -5.68519
414.48 244.492 371.111 1363.838 -12.75466
415.66 285.481 445.277 1491.567 -15.27261
416.84 344.801 1233.1 2392.132 -76.64153
418.02 269.795 623.378 1795.303 -30.17116
419.2 293.547 419.586 1512.357 -11.53393
420.38 323.948 583.97 1792.589 -21.51393
421.56 297.409 427.245 1581.949 -11.24413
422.74 334.769 1081.794 2295.154 -61.56661
423.92 343.894 865.995 2097.57 -42.39294
425.1 313.992 464.111 1706.838 -12.0798
426.28 308.424 405.995 1712.327 -7.46914
427.46 423.86 1356.492 2799.259 -64.6419
428.63 328.507 571.861 2000.716 -17.03141
429.81 354.351 687.964 1968.209 -26.05847
430.99 372.608 754.784 2180.705 -26.80203
432.17 421.753 1145.347 2523.941 -52.48786
433.35 378.68 827.316 2288.823 -30.69674
434.52 328.759 155.069 1442.77 13.48836
435.7 389.389 376.383 1827.128 0.89652
436.88 398.865 840.104 2306.7 -30.08592
438.06 385.56 552.531 2072.014 -10.98867
439.23 398.056 399.115 1956.406 -0.06799
440.41 437.777 594.126 2298.869 -9.17142
441.59 488.194 828.456 2548.315 -19.78429
442.77 396.231 276.679 1951.4 7.13861
443.94 481.819 760.657 2663.231 -14.65583
445.12 554.998 769.833 2568.167 -11.94632
446.3 541.119 1093.118 2946.475 -29.78373
447.47 495.463 666.72 2632.968 -8.70983
448.65 561.628 720.646 2715.525 -7.97133
449.82 540.628 500.146 2418.525 2.1102
451.0 533.336 609.213 2599.83 -3.81173
452.18 553.308 476.823 2644.96 3.52769
453.35 612.382 530.16 2753.3 3.69846
454.53 638.071 558.865 2819.285 3.50403
455.7 635.281 334.238 2713.311 12.65381
456.88 715.843 945.935 3424.159 -9.28459
458.05 678.727 591.763 3040.792 3.55095
459.23 662.608 315.784 2806.205 13.92634
460.4 720.382 580.16 3298.8 5.1578
461.58 771.279 719.432 3462.09 1.8904
462.75 739.498 315.333 3204.667 14.68039
463.93 860.518 628.696 3520.987 8.01519
465.1 783.165 525.065 3629.945 8.31273
466.28 835.832 218.101 3243.888 20.41552
467.45 846.382 146.66 3291.8 22.24773
468.63 882.972 523.249 3846.018 10.82602
469.8 976.172 870.287 4222.273 3.15886
470.97 943.163 405.259 3823.724 15.73525
472.15 980.667 595.675 4138.332 10.86732
473.32 1066.832 704.601 4322.388 10.01248
474.49 1111.487 859.499 4671.896 6.60971
475.67 1100.823 507.573 4177.839 16.16367
476.84 1106.95 327.08 4088.476 20.73352
478.01 1193.253 636.347 4688.941 13.74195
479.19 1192.121 548.728 4557.862 16.04817
480.36 1229.869 309.02 4472.808 22.11565
481.53 1238.143 596.897 4836.903 15.12371
482.7 1258.34 497.129 4733.938 17.96661
483.88 1255.948 275.774 4583.755 22.7525
485.05 1303.843 361.935 4823.659 21.11084
486.22 1378.301 478.405 4938.797 20.17526
487.39 1401.734 333.595 4795.508 23.93905
488.56 1451.262 485.876 5021.991 21.28222
489.74 1517.612 897.2 5619.313 13.13845
490.91 1475.722 242.651 4990.851 25.96923
492.08 1575.762 375.876 5230.491 24.7164
493.25 1504.866 278.714 5092.587 25.47122
494.42 1582.011 476.778 5228.824 23.25806
495.59 1567.193 417.26 5317.48 23.46697
496.76 1516.099 465.756 5367.155 21.42947
497.93 1599.106 610.478 5616.483 19.74884
499.1 1679.066 572.753 5591.843 22.04211
500.27 1778.766 1040.792 6267.099 14.12037
501.44 1802.123 1228.534 6296.083 11.31887
502.61 1703.467 423.137 5408.076 25.68398
503.78 1793.746 629.929 5761.278 22.68051
504.95 1830.542 1123.474 6516.415 13.11099
506.12 1765.5 696.943 5888.053 20.58436
507.29 1770.858 335.186 5433.538 28.15953
508.46 1714.476 32.165 5307.125 31.8924
509.63 1922.976 1258.165 6645.125 12.34113
510.8 1967.522 1179.612 6671.095 14.34786
511.97 1898.441 558.552 5824.426 25.44476
513.14 1915.026 258.528 5792.702 29.93217
514.31 2044.439 785.746 6241.206 23.07217
515.48 2051.708 495.01 6045.359 28.04685
516.65 2001.077 525.087 6124.614 26.35919
517.81 2060.52 355.806 5922.374 30.62415
518.98 2115.678 695.01 6349.102 25.12637
520.15 2195.87 161.13 5858.695 35.71245
521.32 2173.895 703.605 6464.457 25.5221
522.49 2273.081 1502.503 7468.221 12.91676
523.65 2334.474 1158.859 7184.404 19.51052
524.82 2280.823 638.073 6545.839 27.80662
525.99 2251.835 78.517 6017.496 36.59414
527.16 2375.033 631.25 6882.031 27.89704
528.32 2423.294 730.182 7018.969 26.92271
529.49 2482.149 411.619 6654.732 33.16503
530.66 2492.631 114.367 6539.298 37.01618
531.82 2533.224 180.957 6592.071 36.69046
532.99 2622.948 320.274 6997.255 34.48674
534.16 2641.63 444.256 7148.912 32.77384
535.32 2836.237 794.401 7641.229 29.82163
536.49 2836.864 294.408 7207.866 36.77546
537.65 3054.568 1011.059 8080.564 28.90598
538.82 2951.711 321.816 7430.58 36.9951
539.99 3110.994 642.721 8076.725 33.20247
541.15 3214.516 818.39 8357.766 31.78149
542.32 3156.136 147.979 7854.74 39.0327
543.48 3406.316 811.155 8785.676 32.54316
544.65 3538.668 992.785 8917.718 32.12498
545.81 3651.766 1483.292 10133.099 25.06962
546.98 3791.425 503.106 9285.714 37.44127
548.14 3938.266 783.792 9857.099 34.76653
549.31 3996.728 402.873 9415.179 39.8772
550.47 4151.0 469.443 9763.554 39.61172
551.63 4312.52 914.806 10766.874 34.48732
552.8 4466.514 454.584 10034.545 41.87835
553.96 4403.347 459.852 10240.767 40.31826
555.13 4525.127 391.45 10690.69 40.13575
556.29 4714.544 934.084 11394.302 36.14131
557.45 4703.788 274.46 10552.64 43.09447
558.62 4895.945 523.468 11224.534 40.8602
559.78 4914.425 771.606 11627.214 38.16294
560.94 5016.2 371.982 11276.809 42.58864
562.11 5167.607 391.088 11510.37 42.95708
563.27 5246.572 157.975 11361.672 45.41891
564.43 5266.673 32.397 11656.66 45.02888
565.59 5583.123 205.838 12004.749 45.57441
566.76 5697.823 351.073 12192.839 45.15163
567.92 5723.313 571.349 12448.455 43.37727
569.08 5807.781 715.042 13216.978 40.7356
570.24 5935.933 352.024 12896.877 44.51155
571.4 5987.101 226.366 12819.042 45.74671
572.57 6174.686 367.342 13100.317 45.6087
573.73 6218.463 55.524 13072.134 47.34673
574.89 6364.579 452.697 13544.0 45.15885
576.05 6360.849 476.158 13770.987 44.26301
577.21 6300.367 157.714 13514.587 45.9887
578.37 6530.691 18.954 13640.76 47.80377
579.53 6662.125 193.644 13978.47 46.92465
580.69 6759.153 597.535 14724.34 43.6165
581.85 6746.055 351.919 14327.072 45.7536
583.01 6993.855 401.88 14435.816 46.97168
584.17 7110.965 484.83 14656.854 46.75503
585.33 7275.335 572.517 14948.496 46.62513
586.49 7363.257 377.763 14735.049 48.65469
587.65 7300.011 573.278 15187.824 46.02766
588.81 7453.399 566.521 15553.064 45.95375
589.97 7701.309 929.433 15628.847 46.06902
591.13 7451.869 421.02 15287.808 47.29232
592.29 7637.353 336.574 15254.096 48.94097
593.45 7699.734 213.595 14965.508 50.74691
594.61 7573.441 134.052 15178.927 49.448
595.77 7634.818 196.961 15395.896 48.9367
596.93 7669.641 91.091 14998.683 50.83685
598.09 7552.566 382.753 15545.343 47.2862
599.24 7629.226 138.067 15446.458 48.93498
600.4 7776.757 291.763 15433.549 49.4327
601.56 7667.046 233.39 15322.522 49.26496
602.72 7898.116 368.616 15465.42 49.8748
603.87 7894.192 473.064 15310.146 50.01744
605.03 7889.116 232.116 15238.92 51.02352
606.19 7921.772 148.514 14826.428 52.95888
607.35 7739.853 -3.926 15131.096 51.16464
608.5 8015.254 594.457 15492.328 49.81112
609.66 8180.752 989.651 15859.107 48.36156
610.82 7966.393 146.299 15137.236 52.16548
611.97 8008.544 125.084 14915.802 53.30005
613.13 8110.096 573.754 15514.6 50.4412
614.29 8190.39 496.993 15383.016 51.68202
615.44 8168.217 717.539 15456.908 50.54951
616.6 7917.561 180.141 14843.401 52.76739
617.76 8205.518 663.0 15414.652 51.12999
618.91 8133.677 726.314 15170.268 51.28349
620.07 7954.408 641.049 15204.114 50.21854
621.22 8032.226 17.567 14577.958 55.04425
622.38 8099.044 1061.084 15637.302 48.28385
623.53 7988.601 78.366 14625.542 54.37643
624.69 8037.498 112.137 14268.832 55.98313
625.84 7886.281 217.542 14299.978 54.45605
627.0 8256.852 488.964 14831.709 54.159
628.15 7965.362 -0.398 14734.646 54.05997
629.31 8146.667 318.175 14728.331 54.32621
630.46 8108.945 -23.532 14344.034 56.60303
631.61 8154.434 374.134 14629.264 54.57895
632.77 8332.421 228.189 14833.106 55.48975
633.92 8359.355 495.38 14691.816 55.39401
635.08 8460.387 949.577 15177.407 52.78957
636.23 8379.699 308.482 14744.809 55.90908
637.38 8426.327 -74.511 14334.446 58.9969
638.54 8465.693 654.76 15135.48 53.94023
639.69 8663.995 936.831 15459.111 53.20903
640.84 8488.259 490.402 14738.753 56.13181
641.99 8351.379 97.409 14039.882 59.20019
643.15 8545.999 816.916 14835.512 55.1345
644.3 8245.619 95.422 14179.142 57.86963
645.45 8486.739 -58.071 14110.771 60.30705
646.6 8480.859 811.436 15075.401 53.76782
647.75 8607.979 161.942 14418.031 59.24512
648.91 8399.1 -136.551 13971.661 60.50129
650.06 8501.72 225.455 14825.291 56.68738
651.21 8681.84 417.462 14565.42 58.41393
652.36 8646.46 450.969 14709.05 57.47962
653.51 8732.58 101.475 14213.68 61.16057
654.66 8851.2 273.982 14861.81 58.79709
655.81 9023.32 651.989 15048.939 58.14656
656.96 8933.94 69.495 14402.569 61.84608
658.11 9085.061 365.002 14800.199 60.40831
659.27 8974.681 531.009 14925.328 58.65975
660.42 9065.801 29.015 14459.958 62.62089
661.57 9327.921 421.022 14835.088 61.7931
662.72 9118.041 -139.971 14611.718 62.759
663.87 9415.161 -99.965 14122.848 66.90045
665.01 9295.281 316.042 14693.978 62.45152
666.16 9441.901 41.049 14739.607 63.95765
667.31 9466.521 95.555 14982.237 62.94866
668.46 9546.142 760.562 15722.366 58.72005
669.61 9584.761 206.069 15547.996 61.13112
670.76 9935.881 4.575 15214.626 65.29436
671.91 10170.501 769.582 16378.756 60.22688
673.06 10132.121 519.589 16014.886 62.03516
674.21 10050.241 -161.405 15583.016 64.85882
675.35 10093.861 284.102 15720.146 63.551
676.5 10193.981 167.609 15849.774 63.93487
677.65 10181.602 72.615 15783.904 64.34218
678.8 10357.222 -110.878 15727.034 66.0952
679.94 10717.842 40.629 16048.164 66.70117
681.09 10847.462 370.135 17049.793 62.815
682.24 11124.082 363.142 17513.924 62.74315
683.39 11320.702 -1.851 17222.553 65.73553
684.53 11740.322 558.155 17196.684 67.20647
685.68 11642.942 214.662 17614.813 65.6792
686.83 11572.063 301.169 17607.443 65.12605
687.97 11622.683 298.175 17622.072 65.36928
689.12 11708.803 178.182 17514.703 66.51058
690.27 11798.923 68.189 17408.832 67.64878
691.41 11996.543 468.195 17969.961 65.86963
692.56 11841.163 358.702 17742.592 66.05231
693.7 12046.783 378.709 17681.721 67.43378
694.85 12127.903 48.215 17192.852 70.45753
695.99 12083.523 398.222 17794.98 67.16942
697.14 12264.644 184.229 17551.111 69.56007
698.28 12089.764 342.735 18251.74 65.59286
699.43 12348.884 391.242 18390.369 66.43457
700.57 12218.004 -74.251 17710.5 69.11682
701.72 12368.624 -50.745 17219.129 71.91349
702.86 12328.244 -107.738 17549.26 70.4309
704.01 12699.364 50.269 17415.389 72.84197
705.15 12742.984 433.275 18332.02 68.77415
706.29 12933.104 126.782 17723.648 72.77615
707.44 12725.225 171.288 18374.777 68.96445
708.58 12641.345 -124.205 17936.408 70.68171
709.72 13063.465 629.302 18731.037 68.69045
710.87 12982.584 -137.192 17783.168 73.21156
712.01 12966.204 0.315 17644.297 73.48618
713.15 13298.324 217.322 18427.928 71.83178
714.3 13429.944 348.828 17921.557 74.43987
715.44 13211.064 92.335 18611.186 70.83987
716.58 13504.185 277.342 18420.816 72.90138
717.72 13398.805 52.848 18398.945 72.74548
718.87 13649.425 240.855 18262.076 74.40434
720.01 13325.045 117.362 18078.205 73.53599
721.15 13675.165 -54.132 17879.836 76.55471
722.29 13649.785 345.875 18022.965 75.26075
723.43 13777.905 498.882 18553.596 73.54879
724.57 13608.525 450.388 18287.225 73.76946
725.72 13146.646 244.895 18067.354 72.39041
726.86 13600.266 678.902 18459.484 72.67121
728.0 13608.886 164.408 17772.113 76.35565
729.14 13753.006 -2.085 17477.244 78.69347
730.28 13529.126 481.422 17805.373 75.31598
731.42 13536.746 10.928 17753.004 76.23583
732.56 14100.866 722.435 18545.133 75.06401
733.7 13578.486 386.942 18597.262 72.43994
734.84 13944.606 -127.052 17331.393 80.60087
735.98 14166.727 148.955 17932.521 78.8243
737.12 14025.347 -3.038 17789.152 78.84574
738.26 13974.467 17.468 17486.281 79.89666
739.4 13623.087 228.475 17917.912 75.72096
740.53 14158.707 407.482 18162.541 77.44962
741.67 13700.827 273.488 17733.67 76.90263
742.81 13965.947 -222.505 17185.301 81.50626
743.95 14430.567 241.002 17969.93 80.03623
745.09 14118.188 19.508 17370.561 81.25547
746.23 14275.808 399.515 17605.189 80.64951
747.36 14006.928 453.522 17477.32 79.61446
748.5 14253.548 60.028 17069.949 83.4426
749.64 13619.168 25.035 17006.078 80.05476
750.78 13865.788 -5.458 16833.209 82.37734
751.92 14274.408 74.548 16909.838 84.3458
753.05 13724.527 155.555 16258.969 84.26147
754.19 14194.647 635.562 16783.098 83.97
755.33 13821.268 -151.932 16117.228 85.88765
756.46 13857.388 245.075 16057.357 86.08696
757.6 13953.508 82.082 15697.487 88.83167
758.74 13550.128 562.088 16315.617 82.44527
759.87 13609.748 244.595 16092.247 84.33523
761.01 13474.868 271.102 15563.377 86.34272
762.14 13245.988 234.608 15825.006 83.45765
763.28 13515.108 408.115 15272.136 88.17933
764.41 13205.729 249.121 15157.766 86.90668
765.55 13045.849 -123.872 14748.896 88.54923
766.69 12781.969 289.635 15202.025 83.7715
767.82 12925.589 266.641 15014.155 85.83784
768.95 13135.709 26.148 14525.285 90.41615
770.09 12792.329 737.655 15281.915 82.88269
771.22 12626.949 661.661 15275.044 81.87897
772.36 12814.569 504.168 14678.674 86.84889
773.49 12640.689 489.175 14838.804 84.68173
774.63 12627.81 196.181 14003.434 90.03695
775.76 12202.43 154.688 13969.563 87.20847
776.89 12166.55 428.195 14067.693 86.06149
778.03 12016.17 360.201 13450.823 89.0406
779.16 12207.79 8.708 13358.952 91.37722
780.29 11927.91 308.215 13035.582 91.29693
781.43 12293.03 606.221 13093.712 93.58813
782.56 11579.15 315.228 13181.842 87.5438
783.69 11422.271 11.735 12475.972 91.5462
784.82 11434.891 233.241 12821.602 88.98418
785.96 11499.011 116.748 12587.731 91.26997
787.09 11340.631 204.255 12186.361 92.94172
788.22 11241.251 394.261 12237.99 91.58424
789.35 11525.871 157.768 11739.62 98.15445
790.48 11553.991 142.275 12009.25 96.16365
791.62 10952.111 580.281 11944.38 91.26839
792.75 10800.231 5.288 11194.01 96.48058
793.88 10601.351 737.795 11788.14 89.26016
795.01 10506.971 353.801 11355.77 92.28503
796.14 10733.091 404.808 11514.898 92.96309
797.27 10452.711 493.815 11487.528 90.58719
798.4 10483.331 283.321 10909.158 95.99253
799.53 10351.951 -4.672 10310.788 100.39904
800.66 10271.071 316.335 10739.418 95.50664
801.79 9962.191 1276.841 11846.548 82.1721
802.92 9897.812 199.848 10216.178 96.82153
804.05 9816.932 381.855 10327.308 94.86825
805.18 9641.052 290.861 10017.937 96.12541
806.31 10076.672 215.868 9756.066 103.36057
807.44 9644.292 -64.625 9580.196 100.66456
808.57 9887.412 400.381 10089.826 97.91098
809.69 9866.032 400.888 9940.456 99.21984
810.82 9315.152 -163.605 9102.586 102.294
811.95 9695.772 988.401 10112.216 95.43564
813.08 9366.893 103.908 8928.345 104.9697
814.21 9303.513 1064.915 10169.975 90.48373
815.33 9316.133 282.921 9203.104 101.26711
816.46 8955.753 308.928 9013.734 99.33391
817.59 8749.373 847.435 9490.864 91.42133
818.72 8816.493 504.441 8670.494 101.78788
819.84 8898.113 896.448 9116.124 97.3477
820.97 8398.233 446.454 8550.754 98.11803
822.1 8355.854 593.961 8538.383 97.70242
823.22 8343.974 -30.532 7767.513 107.39238
824.35 8435.594 92.474 7844.143 107.62999
825.48 7991.213 574.481 7850.272 101.93712
826.6 8064.833 310.488 7455.902 108.52198
827.73 8051.954 -144.506 7245.032 110.91979
828.85 7925.074 268.501 7361.662 107.94303
829.98 8056.194 610.008 7638.292 105.94601
831.11 7720.314 70.014 6945.921 111.26241
832.23 7869.934 81.521 6962.051 113.19496
833.36 8041.054 524.528 7592.181 106.3511
834.48 7407.174 259.034 6894.811 107.72123
835.6 7674.794 482.041 7014.94 110.10048
836.73 7467.415 -7.952 6711.07 111.25677
837.85 7366.035 535.054 6989.7 105.83045
838.98 7208.655 -104.439 6228.33 115.4802
840.1 7429.775 458.568 6766.959 110.50689
841.23 7351.395 371.074 6570.589 112.59463
842.35 7336.515 720.581 7111.219 103.52541
843.47 7074.135 248.588 6354.849 111.77949
844.6 6893.255 26.594 6149.978 112.13834
845.72 7158.875 155.101 6077.608 118.25692
846.84 7081.495 134.608 5955.738 119.33915
847.96 6948.115 139.114 5813.368 119.99818
849.09 6927.735 58.121 5820.497 119.21496
850.21 7015.855 232.628 5935.127 118.95184
851.33 7056.476 385.134 5976.757 119.30958
852.45 6787.096 25.141 5610.387 121.06817
853.57 6677.716 232.148 5832.016 115.10214
854.7 6540.336 67.654 5477.146 119.65416
855.82 6701.456 -0.339 5659.776 118.40387
856.94 6602.076 485.168 5827.405 114.50087
858.06 6550.196 -64.326 5132.035 127.29143
859.18 6302.316 425.181 5653.165 112.41686
860.3 6529.437 244.688 5345.295 123.2157
861.42 6412.057 -89.306 5013.424 127.40949
862.54 6177.677 -65.799 4962.554 124.16542
863.66 6179.797 50.708 4975.184 124.46174
864.78 6074.417 186.714 5073.814 120.47436
865.9 6218.537 244.221 5222.943 119.99696
867.02 6443.157 1277.228 6443.073 100.00162
868.14 6144.777 879.234 5701.203 109.19902
869.26 6034.397 575.741 5163.833 118.97442
870.38 5910.017 -90.252 4456.962 131.95483
871.5 6004.137 -94.746 4453.592 134.09036
872.62 5820.757 69.761 4578.222 127.56007
873.74 5996.877 699.268 5511.852 110.07828
874.85 5869.438 40.271 4430.417 132.77843
875.97 5813.438 286.271 4564.417 129.19538
877.09 5872.438 373.271 4811.917 123.8929
878.21 5762.938 220.771 4370.917 133.5415
879.33 5713.938 334.771 4641.417 124.90386
880.44 5611.438 254.771 4375.417 129.99581
881.56 5507.438 111.271 4114.417 134.79816
882.68 5386.938 256.271 4367.917 124.78377
883.79 5641.938 826.771 4988.417 115.70343
884.91 5458.438 -58.229 3702.917 146.67516
886.03 5382.938 456.271 4455.417 123.19298
887.14 5321.438 659.271 4800.417 112.58157
888.26 5555.438 777.271 4809.917 118.48714
889.38 5649.438 636.271 4577.417 127.20075
890.49 5361.938 -89.729 4014.417 132.83316
891.61 5738.438 307.771 4176.917 140.35829
892.72 5747.438 -13.229 4058.417 141.48251
893.84 5821.938 -99.229 3906.917 147.80207
894.95 5711.938 -87.229 3941.917 143.93042
896.07 5934.438 152.271 4075.417 147.38597
897.18 5862.438 384.271 4307.417 139.6371
898.3 5638.938 -41.229 3881.917 144.78602
899.41 5924.438 577.271 4446.917 138.18233
900.53 5774.938 335.771 4029.417 147.25739
901.64 5455.938 462.271 4350.417 128.43312
902.75 5415.938 262.771 4055.917 135.85469
903.87 5569.938 116.771 3876.417 145.04469
904.98 5456.438 403.771 4044.917 138.76584
906.09 5212.938 235.771 3943.917 134.22251
907.21 5332.438 438.771 3919.917 140.57632
908.32 5271.938 198.271 3488.417 154.20795
909.43 5236.438 650.771 3977.917 137.82584
910.54 5086.438 280.271 3820.917 135.74265
911.66 5234.938 1160.771 4581.417 119.10519
912.77 4942.438 85.771 3214.417 155.23223
913.88 4796.938 300.271 3645.417 134.42363
914.99 4664.938 69.271 3371.417 139.17213
916.1 4984.438 349.771 3617.417 141.83503
917.22 4733.438 58.771 2918.417 163.47012
918.33 4754.438 688.771 3724.917 133.9088
919.44 4480.938 270.271 3384.417 135.21096
920.55 4670.438 660.771 3674.417 133.05036
921.66 4619.938 428.771 3272.917 147.36117
922.77 4340.438 488.271 3282.417 137.86562
923.88 4347.438 623.271 3542.917 127.55542
924.99 4418.938 373.771 3227.417 141.75433
926.1 4375.438 -11.229 2623.917 166.4677
927.21 4324.938 652.771 3484.417 129.68312
928.32 4117.438 -84.729 2456.417 165.36503
929.43 4052.938 251.771 2756.917 151.73434
930.54 4011.438 111.271 2439.417 167.52243
931.65 3902.938 266.271 2607.917 155.30387
932.76 3834.938 381.771 2750.917 145.75576
933.86 3879.938 302.271 2464.417 165.46833
934.97 3553.438 113.771 2305.417 156.94445
936.08 3305.438 164.771 2138.417 159.1302
937.19 3117.438 708.271 2768.917 116.91318
938.3 2786.938 472.271 2273.917 128.47512
939.4 2695.438 674.771 2431.417 115.02982
940.51 2399.438 305.271 1864.417 134.315
941.62 2310.938 503.771 1984.417 122.0526
942.73 2336.938 1102.771 2513.917 87.45847
943.83 2173.938 302.771 1592.417 145.09152
944.94 2110.438 338.271 1721.417 128.1258
946.05 2021.938 -35.729 1180.417 169.19572
947.15 2175.938 -25.729 1255.417 171.85138
948.26 2164.438 228.771 1623.917 138.74297
949.36 2278.438 98.271 1469.917 158.94531
950.47 2460.438 326.771 1819.917 142.89741
951.57 2462.938 844.771 2349.917 107.50896
952.68 2431.938 568.771 1976.417 132.36048
953.79 2413.938 439.271 2026.417 124.41621
954.89 2475.938 121.771 1668.417 152.21111
955.99 2717.938 391.271 2152.917 132.07346
957.1 2604.438 230.271 1637.417 168.72215
958.2 2558.938 271.271 1806.417 149.01951
959.31 2589.938 455.771 2090.917 130.51842
960.41 2577.938 130.271 1642.917 161.8136
961.52 2747.938 10.271 1452.917 189.76707
962.62 2713.938 493.771 1946.917 152.78348
963.72 2563.438 -50.729 1492.417 169.40503
964.83 2589.438 -70.729 1396.917 181.254
965.93 2720.438 341.771 1883.917 154.24396
967.03 2610.938 714.271 2232.917 124.89196
968.13 2619.938 466.771 1975.417 142.72182
969.24 2543.938 175.771 1604.417 165.76304
970.34 2535.438 206.771 1605.917 166.43488
971.44 2637.438 265.771 1650.417 171.28328
972.54 2593.438 346.771 1881.917 146.34875
973.64 2444.938 142.271 1643.917 153.34286
974.75 2681.938 1069.771 2472.917 114.89658
975.85 2883.938 3162.271 4867.417 -16.32314
976.95 2400.938 189.771 1479.917 171.3889
978.05 2375.938 525.771 1934.917 131.29704
979.15 2579.438 896.271 2298.917 119.9994
980.25 2449.438 99.771 1282.917 198.59485
981.35 2357.938 179.271 1406.417 177.53935
982.45 2423.438 891.771 2297.417 108.96533
983.55 2411.438 462.771 1760.417 150.16938
984.65 2323.938 418.271 1628.917 157.4091
985.75 2273.438 675.271 1828.917 138.53183
986.85 2247.438 372.271 1638.417 148.10038
987.95 2144.938 185.271 1345.917 168.84278
989.05 2153.938 783.271 2071.417 106.40616
990.15 2127.938 628.271 1710.417 138.58268
991.25 2023.938 443.271 1513.917 147.63675
992.34 2221.938 835.771 1982.917 120.83614
993.44 2039.938 478.271 1473.917 156.84962
994.54 1927.938 386.771 1334.417 162.63109
995.64 1991.938 731.271 1754.417 123.21476
996.74 1917.938 789.271 1829.917 108.45829
997.83 1819.938 73.771 1008.417 186.82656
998.93 1799.938 315.271 1299.917 150.7818
1000.03 1927.938 1230.771 2285.917 66.07301
1001.12 1843.438 704.771 1735.417 110.48089
1002.22 1811.438 729.271 1828.417 98.45524
1003.32 1640.938 272.271 1190.917 148.98742
1004.41 1668.938 467.271 1408.417 127.68125
1005.51 1567.438 402.771 1217.917 142.87833
1006.6 1479.438 188.771 987.917 161.50577
1007.7 1477.438 624.271 1470.917 100.7702
1008.8 1472.438 103.271 755.917 209.78708
1009.89 1483.438 577.771 1331.917 120.09172
1010.99 1473.438 384.771 1149.417 142.37529
1012.08 1512.438 47.271 826.417 188.0478
1013.18 1614.938 394.271 1240.917 144.17678
1014.27 1647.938 202.271 1009.417 179.10848
1015.36 1673.438 334.271 1124.417 169.48349
1016.46 1592.438 402.771 1194.917 150.18279
1017.55 1507.438 148.271 862.917 190.18744
1018.65 1517.438 496.771 1208.917 143.32271
1019.74 1555.438 586.771 1441.917 113.27503
1020.83 1428.438 505.271 1239.417 125.74705
1021.93 1424.438 280.271 1081.417 142.81629
1023.02 1258.438 38.271 740.917 173.65315
1024.11 1244.438 63.771 754.417 170.9511
1025.2 1361.938 88.271 722.417 200.84759
1026.3 1297.938 454.271 1131.917 124.49965
1027.39 1221.438 597.771 1268.417 92.99494
1028.48 1144.938 486.771 1072.417 112.38306
1029.57 1181.438 312.771 901.917 147.4451
1030.66 1126.938 451.771 1035.417 115.68089
1031.75 1164.938 1483.271 2155.917 -47.32555
1032.84 988.438 652.771 1237.417 57.41368
1033.94 1049.438 161.271 678.417 171.74394
1035.03 1125.438 773.771 1262.917 71.89404
1036.12 925.438 90.271 614.917 159.18675
1037.21 928.938 66.771 609.417 158.88202
1038.3 891.938 522.771 1049.417 70.09772
1039.39 840.438 153.271 549.417 173.46305
1040.48 892.938 455.771 904.417 97.44137
1041.57 841.938 616.271 1021.917 55.63145
1042.66 807.438 441.771 862.917 86.82661
1043.74 794.438 508.271 928.417 68.11127
1044.83 788.438 543.271 974.917 56.79811
1045.92 752.438 45.771 481.917 162.02532
1047.01 744.438 617.771 1054.417 29.00902
1048.1 583.438 96.771 402.417 159.22569
1049.19 691.938 502.271 822.417 59.24383
1050.27 643.938 342.271 705.417 83.07039
1051.36 634.438 305.271 681.417 87.51038
1052.45 627.438 469.771 875.417 38.86806
1053.54 579.938 466.771 758.417 38.80277
1054.62 593.938 525.271 900.417 18.304
1055.71 593.438 467.771 822.917 35.38452
1056.8 622.438 688.271 1055.917 -17.90672
1057.88 484.938 328.771 652.417 48.25233
1058.97 512.938 458.771 804.417 15.67114
1060.06 564.438 834.771 1296.917 -58.49524
1061.14 480.938 367.771 664.417 38.14874
1062.23 591.938 1608.271 2089.917 -211.01258
1063.31 522.438 547.271 887.917 -7.29007
1064.4 446.438 279.271 610.417 50.48128
1065.48 477.438 526.771 738.917 -23.25443
1066.57 424.438 362.771 691.917 18.73536
1067.65 446.938 543.771 885.417 -28.34318
1068.74 399.938 357.271 635.417 15.33967
1069.82 382.438 544.271 856.417 -51.84541
1070.9 651.438 2151.771 2635.417 -310.2131
1071.99 424.438 561.771 908.917 -39.56069
1073.07 377.938 491.771 826.917 -33.96532
1074.15 445.938 576.771 914.417 -38.74868
1075.24 388.438 526.771 764.417 -58.20985
1076.32 430.938 625.771 880.417 -76.51147
1077.4 456.438 963.771 1324.417 -140.67356
1078.49 336.938 218.271 494.417 42.97247
1079.57 343.438 655.271 905.917 -124.41191
1080.65 423.938 866.771 1207.917 -129.80764
1081.73 369.438 382.771 651.417 -4.96317
1082.81 292.938 238.271 479.917 22.62264
1083.89 343.438 548.771 799.417 -81.92168
1084.98 334.438 533.271 847.417 -63.29331
1086.06 299.438 267.771 470.917 15.58814
1087.14 311.438 283.771 487.417 13.58567
1088.22 284.938 524.771 765.417 -99.66234
1089.3 279.938 261.771 458.417 9.23826
1090.38 359.438 1101.771 1433.417 -223.83322
1091.46 328.938 598.771 838.417 -112.59669
1092.54 261.938 405.771 657.917 -57.04371
1093.62 259.438 412.771 674.917 -58.49162
1094.7 262.938 186.271 429.417 31.53115
1095.78 249.938 490.771 699.917 -115.15091
1096.86 272.938 545.771 843.917 -91.51001
1097.93 289.938 1146.271 1458.417 -274.33767
1099.01 259.438 802.271 1099.917 -182.37559
1100.09 236.438 334.271 492.917 -61.66778
