196.55 1374.012 972.948 0.0 401.06482
197.76 1952.609 1427.472 0.0 525.13794
198.96 1825.414 1340.45 0.0 484.9635
200.16 1154.588 796.077 0.0 358.51056
201.36 2017.13 1587.379 0.0 429.75134
202.56 1420.316 990.115 0.0 430.2002
203.76 1185.816 849.94 0.0 335.87622
204.96 1381.817 932.264 0.0 449.55231
206.16 1021.262 712.367 0.0 308.89575
207.36 1724.969 1181.173 0.0 543.7959
208.56 1542.436 1052.507 0.0 489.92883
209.76 958.262 637.704 0.0 320.55774
210.96 1250.729 888.539 0.0 362.19073
212.16 2657.969 2056.997 0.0 600.97192
213.36 1546.208 1126.644 0.0 419.56335
214.56 1360.806 890.479 0.0 470.32654
215.76 2327.316 1834.94 0.0 492.3761
216.96 2016.599 1568.862 0.0 447.73633
218.16 1461.946 985.792 0.0 476.1546
219.35 1091.001 716.838 0.0 374.16302
220.55 1309.197 872.359 0.0 436.83752
221.75 1211.382 810.596 0.0 400.78644
222.95 1949.273 1461.314 0.0 487.95947
224.15 1592.763 1090.029 0.0 502.73376
225.35 1254.241 782.472 0.0 471.76837
226.55 1132.436 792.831 0.0 339.60492
227.75 1786.273 1378.814 0.0 407.45947
228.94 1595.262 1122.204 0.0 473.05774
230.14 1419.914 919.113 0.0 500.80145
231.34 1225.131 847.028 0.0 378.10339
232.54 1189.827 780.549 0.0 409.27789
233.74 1163.164 805.869 0.0 357.29443
234.93 1184.545 791.951 0.0 392.59387
236.13 1350.555 951.574 0.0 398.98151
237.33 1364.208 930.131 0.0 434.07721
238.53 1177.893 887.381 0.0 290.51208
239.72 1818.805 1373.993 0.0 444.8125
240.92 947.001 562.676 0.0 384.32507
242.12 1614.708 1152.807 0.0 461.90137
243.31 1083.577 755.63 0.0 327.9469
244.51 946.87 627.0 0.0 319.87067
245.71 1676.175 1278.803 0.0 397.37207
246.9 2107.37 1688.0 0.0 419.37061
248.1 1332.946 950.954 0.0 381.99249
249.3 1364.305 982.33 0.0 381.97449
250.49 1231.642 893.313 0.0 338.32916
251.69 1480.349 1049.106 0.0 431.24329
252.89 1381.174 916.154 0.0 465.0202
254.08 891.762 579.204 0.0 312.55774
255.28 1381.12 976.919 0.0 404.20172
256.47 894.403 577.666 0.0 316.73779
257.67 1638.415 1159.099 0.0 479.31555
258.86 1665.056 1172.898 0.0 492.15747
260.06 1319.109 917.809 0.0 401.29993
261.26 1956.294 1459.546 0.0 496.7489
262.45 1262.458 939.063 0.0 323.39429
263.65 846.207 565.158 0.0 281.04926
264.84 1507.664 1081.531 0.0 426.13245
266.04 1084.174 804.154 0.0 280.0202
267.23 849.24 487.661 0.0 361.57834
268.42 1047.653 706.584 0.0 341.06879
269.62 1299.175 882.641 0.0 416.53424
270.81 1295.056 959.736 0.0 335.31952
272.01 1334.392 923.056 0.0 411.33606
273.2 1580.065 1164.034 0.0 416.03125
274.4 973.501 664.852 0.0 308.64905
275.59 1586.794 1028.883 0.0 557.91089
276.78 1281.392 892.718 0.0 388.67407
277.98 1193.022 772.746 0.0 420.27643
279.17 1269.729 903.201 0.0 366.52863
280.37 1221.109 837.985 0.0 383.12402
281.56 955.088 528.915 0.0 426.17261
282.75 1019.567 617.508 0.0 402.05927
283.95 1193.468 801.186 0.0 392.28192
285.14 1285.033 863.193 0.0 421.84015
286.33 1020.218 700.267 0.0 319.95099
287.52 1294.196 948.548 0.0 345.64758
288.72 1608.783 1136.95 0.0 471.83313
289.91 1921.696 1410.373 0.0 511.32349
291.1 1434.099 1007.024 0.0 427.07434
292.29 1324.012 997.623 0.0 326.38879
293.49 1393.957 1044.239 0.0 349.71826
294.68 1007.435 729.845 0.0 277.59088
295.87 1159.816 803.102 0.0 356.71429
297.06 1455.762 940.38 0.0 515.38177
298.26 675.403 420.179 0.0 255.22379
299.45 1152.077 789.13 0.0 362.9469
300.64 1138.697 822.859 0.0 315.83752
301.83 1154.631 857.028 0.0 297.60339
303.02 1055.925 630.384 0.0 425.54114
304.21 1473.73 1123.525 0.0 350.20459
305.4 1227.664 875.356 0.0 352.30847
306.59 1317.403 920.166 0.0 397.23779
307.79 1212.36 803.053 0.0 409.30695
308.98 904.414 579.113 0.0 325.30145
310.17 1413.129 966.081 0.0 447.04736
311.36 1193.021 857.597 0.0 335.42444
312.55 2081.076 1560.657 0.0 520.41882
313.74 890.066 584.359 0.0 305.70721
314.93 1579.436 1009.007 0.0 570.42889
316.12 1223.49 787.067 0.0 436.42334
317.31 725.24 406.823 0.0 318.41635
318.5 922.066 574.859 0.0 347.20721
319.69 1223.011 830.799 0.0 392.21277
320.88 1111.458 736.225 0.0 375.2323
322.07 954.251 607.271 0.0 346.98004
323.26 912.034 607.342 0.0 304.69214
324.45 741.088 447.415 0.0 293.67261
325.64 1142.055 766.749 0.0 375.30548
326.83 1379.099 996.024 0.0 383.07434
328.01 1100.783 738.436 0.0 362.34717
329.2 1462.36 976.053 0.0 486.30695
330.39 1091.762 727.38 0.0 364.38177
331.58 1004.522 542.908 0.0 461.61444
332.77 1745.621 1253.081 0.0 492.53979
333.96 654.707 448.82 0.0 205.88727
335.15 920.044 524.964 0.0 395.07983
336.33 901.522 590.908 0.0 310.61444
337.52 1093.088 719.415 0.0 373.67267
338.71 1021.414 710.45 0.0 310.9635
339.9 1007.62 614.932 0.0 392.68768
341.08 1078.598 688.2 0.0 390.39832
342.27 1297.142 879.475 0.0 417.66705
343.46 1426.99 1063.729 0.0 363.26135
344.65 1387.49 897.229 0.0 490.26135
345.83 1441.751 983.257 0.0 458.49402
347.02 866.316 470.264 0.0 396.05222
348.21 1497.153 1021.584 0.0 475.56879
349.4 886.273 462.989 0.0 423.28342
350.58 1132.663 718.045 0.0 414.61841
351.77 946.164 575.369 0.0 370.79449
352.96 609.186 324.088 0.0 285.09787
354.14 1048.186 619.926 0.0 428.25989
355.33 843.077 536.13 0.0 306.9469
356.51 690.652 387.098 0.0 303.55478
357.7 1072.293 679.734 0.0 392.55878
358.89 864.794 511.721 0.0 353.07281
360.07 1322.218 915.105 0.0 407.11292
361.26 1491.184 1061.79 0.0 429.39392
362.44 1093.847 733.483 0.0 360.36328
363.63 858.629 481.743 0.0 376.88535
364.81 933.791 531.437 0.0 402.3548
366.0 605.542 276.518 0.0 329.02377
367.18 1986.999 1403.392 0.0 583.60693
368.37 803.238 529.85 0.0 273.38831
369.55 1168.728 737.065 0.0 431.6626
370.74 1432.793 911.572 0.0 521.22076
371.92 1636.575 1158.332 0.0 478.24292
373.11 946.227 476.078 0.0 470.14859
374.29 794.39 421.772 0.0 372.61801
375.48 992.727 531.741 0.0 460.98657
376.66 832.402 441.53 0.0 390.87177
377.84 1473.738 953.85 0.0 519.88824
379.03 758.597 405.051 0.0 353.5463
380.21 691.206 332.184 0.0 359.02124
381.39 589.966 266.212 0.0 323.75394
382.58 1340.565 816.548 0.0 524.01715
383.76 1547.25 1148.784 0.0 398.46606
384.94 1795.141 1254.164 0.0 540.97705
386.13 860.858 426.593 0.0 434.26495
387.31 1083.641 618.339 0.0 465.30103
388.49 850.738 474.688 0.0 376.05029
389.68 1164.684 637.952 0.0 526.73175
390.86 1046.315 567.466 0.0 478.84814
392.04 1478.032 982.706 0.0 495.32611
393.22 858.815 445.466 0.0 413.34818
394.41 906.369 473.202 0.0 433.16669
395.59 672.282 193.463 0.0 478.81909
396.77 1099.369 552.689 0.0 546.68066
397.95 1209.326 637.576 0.0 571.74994
399.13 1411.771 792.678 0.0 619.09344
400.31 990.607 447.511 0.0 543.09595
401.5 1329.314 626.304 0.0 703.01013
402.68 1455.466 734.712 0.0 720.75397
403.86 1093.619 434.445 0.0 659.17365
405.04 1617.554 807.263 0.0 810.29156
406.22 1036.119 367.783 0.0 668.33563
407.4 1442.37 697.013 0.0 745.35669
408.58 1652.282 814.301 0.0 837.98108
409.76 1808.358 947.755 0.0 860.60297
410.94 1385.815 624.466 0.0 761.34814
412.12 1230.326 502.9 0.0 727.42584
413.3 1145.489 359.093 0.0 786.39526
414.48 1091.152 371.111 0.0 720.04071
415.66 1220.185 445.277 0.0 774.90781
416.84 2135.554 1233.1 0.0 902.45349
418.02 1574.499 623.378 0.0 951.12103
419.2 1226.923 419.586 0.0 807.33713
420.38 1369.347 583.97 0.0 785.37726
421.56 1338.891 427.245 0.0 911.64609
422.74 2054.717 1081.794 0.0 972.92297
423.92 1825.576 865.995 0.0 959.58093
425.1 1372.652 464.111 0.0 908.54071
426.28 1315.207 405.995 0.0 909.21124
427.46 2387.174 1356.492 0.0 1030.68213
428.63 1575.467 571.861 0.0 1003.6059
429.81 1709.413 687.964 0.0 1021.4494
430.99 1730.75 754.784 0.0 975.96606
432.17 2299.337 1145.347 0.0 1153.98962
433.35 1927.543 827.316 0.0 1100.22778
434.52 1174.392 155.069 0.0 1019.32211
435.7 1497.163 376.383 0.0 1120.78052
436.88 1963.587 840.104 0.0 1123.4826
438.06 1651.533 552.531 0.0 1099.00214
439.23 1670.184 399.115 0.0 1271.06979
440.41 1927.913 594.126 0.0 1333.78741
441.59 2160.717 828.456 0.0 1332.26099
442.77 1699.403 276.679 0.0 1422.72379
443.94 2325.076 760.657 0.0 1564.41882
445.12 2312.707 769.833 0.0 1542.87335
446.3 2689.217 1093.118 0.0 1596.099
447.47 2382.163 666.72 0.0 1715.4425
448.65 2449.978 720.646 0.0 1729.33148
449.82 2201.478 500.146 0.0 1701.33151
451.0 2292.098 609.213 0.0 1682.8844
452.18 2301.109 476.823 0.0 1824.28604
453.35 2429.608 530.16 0.0 1899.448
454.53 2494.0 558.865 0.0 1935.13507
455.7 2270.826 334.238 0.0 1936.58795
456.88 2978.652 945.935 0.0 2032.71686
458.05 2694.554 591.763 0.0 2102.79156
459.23 2385.25 315.784 0.0 2069.46594
460.4 2754.608 580.16 0.0 2174.448
461.58 2988.62 719.432 0.0 2269.18768
462.75 2679.207 315.333 0.0 2363.87335
463.93 3034.435 628.696 0.0 2405.73889
465.1 3022.228 525.065 0.0 2497.1626
466.28 2709.185 218.101 0.0 2491.08383
467.45 2669.108 146.66 0.0 2522.44801
468.63 3294.424 523.249 0.0 2771.17505
469.8 3717.282 870.287 0.0 2846.99512
470.97 3231.021 405.259 0.0 2825.76236
472.15 3489.37 595.675 0.0 2893.69458
473.32 3746.185 704.601 0.0 3041.58386
474.49 3995.739 859.499 0.0 3136.2403
475.67 3643.424 507.573 0.0 3135.85107
476.84 3547.49 327.08 0.0 3220.40942
478.01 4055.837 636.347 0.0 3419.48962
479.19 3920.859 548.728 0.0 3372.13092
480.36 3840.435 309.02 0.0 3531.41495
481.53 4212.293 596.897 0.0 3615.39679
482.7 4191.446 497.129 0.0 3694.31638
483.88 4015.783 275.774 0.0 3740.00916
485.05 4130.152 361.935 0.0 3768.21689
486.22 4310.99 478.405 0.0 3832.58524
487.39 4196.751 333.595 0.0 3863.15601
488.56 4538.098 485.876 0.0 4052.22214
489.74 4987.098 897.2 0.0 4089.89819
490.91 4445.142 242.651 0.0 4202.491
492.08 4633.098 375.876 0.0 4257.22214
493.25 4364.729 278.714 0.0 4086.01443
494.42 4754.816 476.778 0.0 4278.03836
495.59 4788.153 417.26 0.0 4370.89291
496.76 4761.489 465.756 0.0 4295.73315
497.93 5029.543 610.478 0.0 4419.06567
499.1 5113.087 572.753 0.0 4540.33453
500.27 5730.946 1040.792 0.0 4690.15466
501.44 5762.065 1228.534 0.0 4533.53125
502.61 5086.511 423.137 0.0 4663.37473
503.78 5362.218 629.929 0.0 4732.28906
504.95 6016.511 1123.474 0.0 4893.0365
506.12 5502.349 696.943 0.0 4805.40533
507.29 5019.468 335.186 0.0 4684.28192
508.46 4934.772 32.165 0.0 4902.60727
509.63 6258.272 1258.165 0.0 5000.1073
510.8 6360.283 1179.612 0.0 5180.6709
511.97 5704.229 558.552 0.0 5145.6767
513.14 5302.631 258.528 0.0 5044.10339
514.31 6111.522 785.746 0.0 5325.77667
515.48 5784.468 495.01 0.0 5289.45795
516.65 5833.055 525.087 0.0 5307.96759
517.81 5766.577 355.806 0.0 5410.77087
518.98 6144.337 695.01 0.0 5449.32739
520.15 5657.077 161.13 0.0 5495.94691
521.32 6376.218 703.605 0.0 5672.61304
522.49 7246.403 1502.503 0.0 5743.89954
523.65 7032.566 1158.859 0.0 5873.70728
524.82 6528.424 638.073 0.0 5890.35132
525.99 5836.034 78.517 0.0 5757.51631
527.16 6767.686 631.25 0.0 6136.43591
528.32 6848.935 730.182 0.0 6118.75275
529.49 6489.848 411.619 0.0 6078.22928
530.66 6301.762 114.367 0.0 6187.39568
531.82 6600.348 180.957 0.0 6419.39151
532.99 6702.783 320.274 0.0 6382.50916
534.16 6979.62 444.256 0.0 6535.36371
535.32 7342.957 794.401 0.0 6548.55603
536.49 6985.022 294.408 0.0 6690.61441
537.65 8072.794 1011.059 0.0 7061.73505
538.82 7160.674 321.816 0.0 6838.85797
539.99 7834.794 642.721 0.0 7192.07281
541.15 7983.728 818.39 0.0 7165.33838
542.32 7606.675 147.979 0.0 7458.69623
543.48 8494.306 811.155 0.0 7683.15076
544.65 8649.512 992.785 0.0 7656.72632
545.81 9658.446 1483.292 0.0 8175.15466
546.98 8709.849 503.106 0.0 8206.7431
548.14 9562.946 783.792 0.0 8779.1546
549.31 8996.196 402.873 0.0 8593.32352
550.47 9380.349 469.443 0.0 8910.9053
551.63 10146.077 914.806 0.0 9231.27136
552.8 9619.022 454.584 0.0 9164.43887
553.96 9607.501 459.852 0.0 9147.64935
555.13 9903.414 391.45 0.0 9511.96368
556.29 10677.153 934.084 0.0 9743.06891
557.45 10033.881 274.46 0.0 9759.42072
558.62 10608.577 523.468 0.0 10085.10913
559.78 10864.849 771.606 0.0 10093.2431
560.94 10636.707 371.982 0.0 10264.72491
562.11 10580.186 391.088 0.0 10189.09763
563.27 10586.143 157.975 0.0 10428.16753
564.43 10461.925 32.397 0.0 10429.52734
565.59 10829.001 205.838 0.0 10623.16267
566.76 11163.924 351.073 0.0 10812.85083
567.92 11407.1 571.349 0.0 10835.75073
569.08 11729.262 715.042 0.0 11014.21967
570.24 11519.468 352.024 0.0 11167.44415
571.4 11296.631 226.366 0.0 11070.26514
572.57 11488.534 367.342 0.0 11121.19235
573.73 11207.599 55.524 0.0 11152.0742
574.89 11650.197 452.697 0.0 11197.50003
576.05 12140.207 476.158 0.0 11664.04938
577.21 11806.729 157.714 0.0 11649.01443
578.37 11402.446 18.954 0.0 11383.49239
579.53 11628.708 193.644 0.0 11435.06367
580.69 12244.696 597.535 0.0 11647.16125
581.85 11981.12 351.919 0.0 11629.20148
583.01 11891.262 401.88 0.0 11489.3819
584.17 12317.805 484.83 0.0 11832.97421
585.33 12227.033 572.517 0.0 11654.51581
586.49 12039.186 377.763 0.0 11661.42209
587.65 12369.815 573.278 0.0 11796.53784
588.81 12253.066 566.521 0.0 11686.54553
589.97 12835.751 929.433 0.0 11906.31824
591.13 11936.435 421.02 0.0 11515.41446
592.29 11977.556 336.574 0.0 11640.98187
593.45 11773.251 213.595 0.0 11559.65601
594.61 11783.229 134.052 0.0 11649.17667
595.77 11495.012 196.961 0.0 11298.05077
596.93 11337.587 91.091 0.0 11246.49627
598.09 11642.588 382.753 0.0 11259.83502
599.24 11190.49 138.067 0.0 11052.42348
600.4 11494.686 291.763 0.0 11202.92209
601.56 11298.359 233.39 0.0 11064.96896
602.72 11408.446 368.616 0.0 11039.83017
603.87 11431.089 473.064 0.0 10958.02484
605.03 11052.446 232.116 0.0 10820.33017
606.19 10926.501 148.514 0.0 10777.98712
607.35 10859.056 -3.926 0.0 10862.98186
608.5 11147.979 594.457 0.0 10553.52209
609.66 11277.772 989.651 0.0 10288.12109
610.82 10566.512 146.299 0.0 10420.213
611.97 10395.153 125.084 0.0 10270.06894
613.13 10705.219 573.754 0.0 10131.46509
614.29 10583.306 496.993 0.0 10086.31299
615.44 10508.729 717.539 0.0 9791.19098
616.6 9774.675 180.141 0.0 9594.534
617.76 10401.37 663.0 0.0 9738.37036
618.91 10310.273 726.314 0.0 9583.95984
620.07 10388.327 641.049 0.0 9747.27802
621.22 9319.49 17.567 0.0 9301.92348
622.38 10563.153 1061.084 0.0 9502.06897
623.53 9068.631 78.366 0.0 8990.26513
624.69 9195.143 112.137 0.0 9083.00529
625.84 9137.262 217.542 0.0 8919.71965
627.0 9525.913 488.964 0.0 9036.9494
628.15 9011.816 -0.398 0.0 9012.21439
629.31 9071.37 318.175 0.0 8753.19482
630.46 8727.077 -23.532 0.0 8750.60915
631.61 9009.609 374.134 0.0 8635.47562
632.77 8828.0 228.189 0.0 8599.81061
633.92 9177.262 495.38 0.0 8681.8819
635.08 9525.457 949.577 0.0 8575.88049
636.23 8829.207 308.482 0.0 8520.72491
637.38 8183.272 -74.511 0.0 8257.78329
638.54 8839.652 654.76 0.0 8184.8924
639.69 9111.437 936.831 0.0 8174.60529
640.84 8570.469 490.402 0.0 8080.06653
641.99 8205.03 97.409 0.0 8107.6214
643.15 8948.592 816.916 0.0 8131.67627
644.3 8153.653 95.422 0.0 8058.23112
645.45 7860.215 -58.071 0.0 7918.28599
646.6 8940.276 811.436 0.0 8128.84082
647.75 8167.838 161.942 0.0 8005.89571
648.91 7534.9 -136.551 0.0 7671.45107
650.06 8043.961 225.455 0.0 7818.50594
651.21 8307.522 417.462 0.0 7890.0603
652.36 8105.084 450.969 0.0 7654.11566
653.51 7725.146 101.475 0.0 7623.67052
654.66 8021.708 273.982 0.0 7747.72537
655.81 8526.77 651.989 0.0 7874.78076
656.96 7670.831 69.495 0.0 7601.33511
658.11 7993.893 365.002 0.0 7628.89047
659.27 8054.454 531.009 0.0 7523.44531
660.42 7496.516 29.015 0.0 7467.50019
661.57 8031.077 421.022 0.0 7610.05505
662.72 7322.639 -139.971 0.0 7462.60991
663.87 7240.2 -99.965 0.0 7340.16478
665.01 7752.762 316.042 0.0 7436.71964
666.16 7497.824 41.049 0.0 7456.77499
667.31 7598.885 95.555 0.0 7503.32986
668.46 8400.946 760.562 0.0 7640.38422
669.61 7671.008 206.069 0.0 7464.93959
670.76 7702.07 4.575 0.0 7697.49445
671.91 8563.632 769.582 0.0 7794.0498
673.06 8206.193 519.589 0.0 7686.60468
674.21 7493.754 -161.405 0.0 7655.15904
675.35 7996.816 284.102 0.0 7712.71439
676.5 7900.878 167.609 0.0 7733.26926
677.65 7560.439 72.615 0.0 7487.82412
678.8 7455.501 -110.878 0.0 7566.37898
679.94 7812.563 40.629 0.0 7771.93385
681.09 8269.124 370.135 0.0 7898.98871
682.24 8339.186 363.142 0.0 7976.04358
683.39 7908.748 -1.851 0.0 7910.59892
684.53 8430.309 558.155 0.0 7872.15332
685.68 8152.371 214.662 0.0 7937.70865
686.83 8517.932 301.169 0.0 8216.76303
687.97 8396.994 298.175 0.0 8098.81888
689.12 8205.556 178.182 0.0 8027.37373
690.27 8167.617 68.189 0.0 8099.42811
691.41 8608.179 468.195 0.0 8139.98346
692.56 8341.74 358.702 0.0 7983.03833
693.7 8433.302 378.709 0.0 8054.59317
694.85 7990.363 48.215 0.0 7942.14805
695.99 8450.425 398.222 0.0 8052.20291
697.14 8265.986 184.229 0.0 8081.75777
698.28 8386.548 342.735 0.0 8043.81262
699.43 8304.109 391.242 0.0 7912.86749
700.57 7770.671 -74.251 0.0 7844.92285
701.72 7997.233 -50.745 0.0 8047.97771
702.86 7694.294 -107.738 0.0 7802.03258
704.01 8070.356 50.269 0.0 8020.08744
705.15 8510.418 433.275 0.0 8077.14279
706.29 8193.479 126.782 0.0 8066.69765
707.44 8310.541 171.288 0.0 8139.25252
708.58 7990.102 -124.205 0.0 8114.3069
709.72 8713.164 629.302 0.0 8083.86224
710.87 7753.226 -137.192 0.0 7890.41711
712.01 7963.287 0.315 0.0 7962.97198
713.15 8225.849 217.322 0.0 8008.52684
714.3 8437.41 348.828 0.0 8088.5817
715.44 8077.972 92.335 0.0 7985.63657
716.58 8301.533 277.342 0.0 8024.19144
717.72 8030.595 52.848 0.0 7977.74678
718.87 7965.157 240.855 0.0 7724.30165
720.01 8124.718 117.362 0.0 8007.35651
721.15 7668.28 -54.132 0.0 7722.41137
722.29 8369.342 345.875 0.0 8023.46674
723.43 8424.903 498.882 0.0 7926.02158
724.57 8204.465 450.388 0.0 7754.07645
725.72 7988.526 244.895 0.0 7743.63083
726.86 8524.588 678.902 0.0 7845.68616
728.0 8167.149 164.408 0.0 8002.74104
729.14 7702.711 -2.085 0.0 7704.79591
730.28 8323.272 481.422 0.0 7841.85077
731.42 7727.334 10.928 0.0 7716.40563
732.56 8628.396 722.435 0.0 7905.96051
733.7 8199.957 386.942 0.0 7813.01535
734.84 7520.019 -127.052 0.0 7647.07071
735.98 8019.081 148.955 0.0 7870.12558
737.12 7632.642 -3.038 0.0 7635.68044
738.26 7684.204 17.468 0.0 7666.7353
739.4 8235.766 228.475 0.0 8007.29065
740.53 8062.327 407.482 0.0 7654.84503
741.67 7989.388 273.488 0.0 7715.8999
742.81 7418.95 -222.505 0.0 7641.45476
743.95 7841.012 241.002 0.0 7600.0101
745.09 7507.073 19.508 0.0 7487.56497
746.23 7857.635 399.515 0.0 7458.11984
747.36 7942.196 453.522 0.0 7488.67468
748.5 7396.258 60.028 0.0 7336.22956
749.64 7510.319 25.035 0.0 7485.28442
750.78 7273.381 -5.458 0.0 7278.83929
751.92 7524.943 74.548 0.0 7450.39464
753.05 7230.004 155.555 0.0 7074.44951
754.19 7695.566 635.562 0.0 7060.00439
755.33 6825.127 -151.932 0.0 6977.05923
756.46 7374.689 245.075 0.0 7129.61409
757.6 6824.25 82.082 0.0 6742.16896
758.74 7674.312 562.088 0.0 7112.22382
759.87 7318.374 244.595 0.0 7073.77869
761.01 6882.436 271.102 0.0 6611.33405
762.14 6910.497 234.608 0.0 6675.8889
763.28 7158.059 408.115 0.0 6749.94376
764.41 7000.62 249.121 0.0 6751.49863
765.55 6590.682 -123.872 0.0 6714.55349
766.69 6693.243 289.635 0.0 6403.60837
767.82 6812.305 266.641 0.0 6545.66321
768.95 6468.867 26.148 0.0 6442.71857
770.09 7109.928 737.655 0.0 6372.27344
771.22 7083.99 661.661 0.0 6422.32831
772.36 6892.551 504.168 0.0 6388.38315
773.49 6776.613 489.175 0.0 6287.43802
774.63 6309.174 196.181 0.0 6112.99289
775.76 6194.736 154.688 0.0 6040.04774
776.89 6592.297 428.195 0.0 6164.1026
778.03 6203.359 360.201 0.0 5843.15796
779.16 6165.921 8.708 0.0 6157.21283
780.29 6289.982 308.215 0.0 5981.7677
781.43 6424.544 606.221 0.0 5818.32257
782.56 6089.605 315.228 0.0 5774.37741
783.69 5719.167 11.735 0.0 5707.43228
784.82 5848.729 233.241 0.0 5615.48715
785.96 5553.291 116.748 0.0 5436.5425
787.09 5757.352 204.255 0.0 5553.09737
788.22 5823.914 394.261 0.0 5429.65222
789.35 5411.475 157.768 0.0 5253.70709
790.48 5289.537 142.275 0.0 5147.26195
791.62 5767.598 580.281 0.0 5187.31683
792.75 5097.16 5.288 0.0 5091.87168
793.88 5768.721 737.795 0.0 5030.92651
795.01 5290.283 353.801 0.0 4936.4819
796.14 5338.345 404.808 0.0 4933.53674
797.27 5377.406 493.815 0.0 4883.59161
798.4 5174.468 283.321 0.0 4891.14648
799.53 4748.029 -4.672 0.0 4752.70135
800.66 5171.091 316.335 0.0 4854.75623
801.79 6142.652 1276.841 0.0 4865.81104
802.92 4819.214 199.848 0.0 4619.36642
804.05 5116.276 381.855 0.0 4734.4213
805.18 4719.837 290.861 0.0 4428.97617
806.31 4577.399 215.868 0.0 4361.53102
807.44 4363.96 -64.625 0.0 4428.58588
808.57 4792.522 400.381 0.0 4392.14075
809.69 4651.583 400.888 0.0 4250.69562
810.82 4155.145 -163.605 0.0 4318.75047
811.95 5309.707 988.401 0.0 4321.30585
813.08 4322.769 103.908 0.0 4218.86069
814.21 5239.83 1064.915 0.0 4174.91553
815.33 4287.892 282.921 0.0 4004.97043
816.46 4290.453 308.928 0.0 3981.52527
817.59 4868.515 847.435 0.0 4021.08014
818.72 4403.076 504.441 0.0 3898.63501
819.84 4892.638 896.448 0.0 3996.19037
820.97 4402.2 446.454 0.0 3955.74521
822.1 4394.761 593.961 0.0 3800.80011
823.22 3505.323 -30.532 0.0 3535.85495
824.35 3710.884 92.474 0.0 3618.40981
825.48 4086.946 574.481 0.0 3512.46466
826.6 3854.508 310.488 0.0 3544.01978
827.73 3319.569 -144.506 0.0 3464.07465
828.85 3663.631 268.501 0.0 3395.12952
829.98 4075.692 610.008 0.0 3465.68439
831.11 3410.754 70.014 0.0 3340.73948
832.23 3373.315 81.521 0.0 3291.79434
833.36 3948.377 524.528 0.0 3423.84918
834.48 3646.939 259.034 0.0 3387.90433
835.6 3740.0 482.041 0.0 3257.95917
836.73 3212.062 -7.952 0.0 3220.01404
837.85 3762.123 535.054 0.0 3227.06891
838.98 3016.685 -104.439 0.0 3121.12402
840.1 3599.247 458.568 0.0 3140.67886
841.23 3384.808 371.074 0.0 3013.73373
842.35 3805.87 720.581 0.0 3085.28857
843.47 3192.431 248.588 0.0 2943.8437
844.6 3018.493 26.594 0.0 2991.89857
845.72 3049.054 155.101 0.0 2893.95345
846.84 3060.116 134.608 0.0 2925.5083
847.96 2942.178 139.114 0.0 2803.06342
849.09 2853.239 58.121 0.0 2795.11827
850.21 3113.801 232.628 0.0 2881.17314
851.33 3276.863 385.134 0.0 2891.72824
852.45 2803.424 25.141 0.0 2778.28311
853.57 3142.486 232.148 0.0 2910.33797
854.7 2783.047 67.654 0.0 2715.39284
855.82 2739.109 -0.339 0.0 2739.44794
856.94 3170.67 485.168 0.0 2685.50281
858.06 2534.732 -64.326 0.0 2599.05767
859.18 3090.293 425.181 0.0 2665.11252
860.3 2857.855 244.688 0.0 2613.16763
861.42 2431.917 -89.306 0.0 2521.2225
862.54 2437.478 -65.799 0.0 2503.27737
863.66 2573.04 50.708 0.0 2522.33223
864.78 2599.602 186.714 0.0 2412.88734
865.9 2869.163 244.221 0.0 2624.9422
867.02 4014.725 1277.228 0.0 2737.49707
868.14 3425.786 879.234 0.0 2546.55219
869.26 3010.348 575.741 0.0 2434.60706
870.38 2314.909 -90.252 0.0 2405.1619
871.5 2219.471 -94.746 0.0 2314.21677
872.62 2283.533 69.761 0.0 2213.77187
873.74 3153.094 699.268 0.0 2453.82672
874.85 2215.625 40.271 0.0 2175.35417
875.97 2501.625 286.271 0.0 2215.35416
877.09 2674.125 373.271 0.0 2300.85416
878.21 2541.625 220.771 0.0 2320.85417
879.33 2489.125 334.771 0.0 2154.35416
880.44 2364.625 254.771 0.0 2109.85417
881.56 2314.125 111.271 0.0 2202.85416
882.68 2418.625 256.271 0.0 2162.35416
883.79 3030.125 826.771 0.0 2203.35419
884.91 2011.125 -58.229 0.0 2069.35417
886.03 2667.125 456.271 0.0 2210.85416
887.14 2872.125 659.271 0.0 2212.85419
888.26 2851.125 777.271 0.0 2073.85419
889.38 2807.625 636.271 0.0 2171.35419
890.49 1977.625 -89.729 0.0 2067.35416
891.61 2378.625 307.771 0.0 2070.85416
892.72 2129.125 -13.229 0.0 2142.35417
893.84 2013.125 -99.229 0.0 2112.35416
894.95 2069.125 -87.229 0.0 2156.35416
896.07 2360.625 152.271 0.0 2208.35417
897.18 2578.125 384.271 0.0 2193.85416
898.3 2109.125 -41.229 0.0 2150.35417
899.41 2774.125 577.271 0.0 2196.85419
900.53 2509.125 335.771 0.0 2173.35416
901.64 2636.125 462.271 0.0 2173.85416
902.75 2299.125 262.771 0.0 2036.35416
903.87 2124.625 116.771 0.0 2007.85416
904.98 2390.625 403.771 0.0 1986.85416
906.09 2261.625 235.771 0.0 2025.85417
907.21 2447.625 438.771 0.0 2008.85416
908.32 2154.625 198.271 0.0 1956.35417
909.43 2600.125 650.771 0.0 1949.35419
910.54 2279.625 280.271 0.0 1999.35416
911.66 3039.125 1160.771 0.0 1878.35413
912.77 1815.125 85.771 0.0 1729.35416
913.88 2152.625 300.271 0.0 1852.35416
914.99 1795.625 69.271 0.0 1726.35416
916.1 2049.625 349.771 0.0 1699.85416
917.22 1755.625 58.771 0.0 1696.85417
918.33 2432.625 688.771 0.0 1743.85419
919.44 1978.625 270.271 0.0 1708.35416
920.55 2328.625 660.771 0.0 1667.85419
921.66 2100.125 428.771 0.0 1671.35416
922.77 2075.125 488.271 0.0 1586.85416
923.88 2248.625 623.271 0.0 1625.35419
924.99 1914.125 373.771 0.0 1540.35416
926.1 1502.125 -11.229 0.0 1513.35417
927.21 2344.125 652.771 0.0 1691.35419
928.32 1326.625 -84.729 0.0 1411.35416
929.43 1726.625 251.771 0.0 1474.85417
930.54 1567.625 111.271 0.0 1456.35416
931.65 1771.125 266.271 0.0 1504.85416
932.76 1803.125 381.771 0.0 1421.35416
933.86 1632.625 302.271 0.0 1330.35416
934.97 1307.125 113.771 0.0 1193.35416
936.08 1430.625 164.771 0.0 1265.85417
937.19 1874.125 708.271 0.0 1165.85419
938.3 1501.125 472.271 0.0 1028.85416
939.4 1697.625 674.771 0.0 1022.85419
940.51 1165.625 305.271 0.0 860.35416
941.62 1333.125 503.771 0.0 829.35416
942.73 1996.125 1102.771 0.0 893.35413
943.83 1149.125 302.771 0.0 846.35416
944.94 1211.125 338.271 0.0 872.85416
946.05 710.625 -35.729 0.0 746.35417
947.15 807.625 -25.729 0.0 833.35417
948.26 1094.125 228.771 0.0 865.35417
949.36 905.125 98.271 0.0 806.85416
950.47 1152.125 326.771 0.0 825.35416
951.57 1766.625 844.771 0.0 921.85419
952.68 1443.625 568.771 0.0 874.85419
953.79 1405.625 439.271 0.0 966.35416
954.89 1057.625 121.771 0.0 935.85416
955.99 1405.625 391.271 0.0 1014.35416
957.1 1134.625 230.271 0.0 904.35417
958.2 1282.125 271.271 0.0 1010.85416
959.31 1459.125 455.771 0.0 1003.35416
960.41 1030.625 130.271 0.0 900.35417
961.52 993.625 10.271 0.0 983.35417
962.62 1485.125 493.771 0.0 991.35416
963.72 921.125 -50.729 0.0 971.85417
964.83 802.625 -70.729 0.0 873.35416
965.93 1279.125 341.771 0.0 937.35416
967.03 1714.625 714.271 0.0 1000.35419
968.13 1382.625 466.771 0.0 915.85416
969.24 1017.125 175.771 0.0 841.35417
970.34 1145.625 206.771 0.0 938.85417
971.44 1102.625 265.771 0.0 836.85416
972.54 1272.125 346.771 0.0 925.35416
973.64 1019.625 142.271 0.0 877.35417
974.75 1971.625 1069.771 0.0 901.85413
975.85 4456.625 3162.271 0.0 1294.35425
976.95 1034.625 189.771 0.0 844.85417
978.05 1483.625 525.771 0.0 957.85419
979.15 1813.125 896.271 0.0 916.85419
980.25 846.125 99.771 0.0 746.35416
981.35 1038.125 179.271 0.0 858.85417
982.45 1834.625 891.771 0.0 942.85419
983.55 1338.625 462.771 0.0 875.85416
984.65 1244.125 418.271 0.0 825.85416
985.75 1464.625 675.271 0.0 789.35419
986.85 1217.125 372.271 0.0 844.85416
987.95 973.625 185.271 0.0 788.35417
989.05 1564.125 783.271 0.0 780.85419
990.15 1325.125 628.271 0.0 696.85419
991.25 1075.625 443.271 0.0 632.35416
992.34 1486.125 835.771 0.0 650.35419
993.44 1061.125 478.271 0.0 582.85416
994.54 1053.125 386.771 0.0 666.35416
995.64 1503.125 731.271 0.0 771.85419
996.74 1564.125 789.271 0.0 774.85419
997.83 704.125 73.771 0.0 630.35416
998.93 916.125 315.271 0.0 600.85416
1000.03 1929.625 1230.771 0.0 698.85413
1001.12 1479.125 704.771 0.0 774.35419
1002.22 1427.125 729.271 0.0 697.85419
1003.32 811.625 272.271 0.0 539.35416
1004.41 1052.625 467.271 0.0 585.35416
1005.51 974.625 402.771 0.0 571.85416
1006.6 729.625 188.771 0.0 540.85417
1007.7 1284.625 624.271 0.0 660.35419
1008.8 539.125 103.271 0.0 435.85416
1009.89 1064.125 577.771 0.0 486.35419
1010.99 946.625 384.771 0.0 561.85416
1012.08 479.625 47.271 0.0 432.35417
1013.18 929.625 394.271 0.0 535.35416
1014.27 721.125 202.271 0.0 518.85417
1015.36 898.125 334.271 0.0 563.85416
1016.46 991.125 402.771 0.0 588.35416
1017.55 659.125 148.271 0.0 510.85417
1018.65 1012.625 496.771 0.0 515.85416
1019.74 1158.125 586.771 0.0 571.35419
1020.83 1018.125 505.271 0.0 512.85416
1021.93 844.125 280.271 0.0 563.85416
1023.02 554.125 38.271 0.0 515.85417
1024.11 536.625 63.771 0.0 472.85417
1025.2 472.125 88.271 0.0 383.85416
1026.3 926.125 454.271 0.0 471.85416
1027.39 1074.125 597.771 0.0 476.35419
1028.48 927.625 486.771 0.0 440.85416
1029.57 736.625 312.771 0.0 423.85416
1030.66 909.125 451.771 0.0 457.35416
1031.75 2030.125 1483.271 0.0 546.85413
1032.84 1031.625 652.771 0.0 378.85419
1033.94 477.625 161.271 0.0 316.35417
1035.03 1090.125 773.771 0.0 316.35419
1036.12 460.625 90.271 0.0 370.35416
1037.21 487.625 66.771 0.0 420.85416
1038.3 937.625 522.771 0.0 414.85419
1039.39 413.625 153.271 0.0 260.35417
1040.48 780.625 455.771 0.0 324.85416
1041.57 985.125 616.271 0.0 368.85419
1042.66 770.625 441.771 0.0 328.85416
1043.74 840.125 508.271 0.0 331.85416
1044.83 892.125 543.271 0.0 348.85419
1045.92 423.625 45.771 0.0 377.85417
1047.01 937.125 617.771 0.0 319.35419
1048.1 321.625 96.771 0.0 224.85416
1049.19 813.125 502.271 0.0 310.85416
1050.27 601.125 342.271 0.0 258.85416
1051.36 584.625 305.271 0.0 279.35416
1052.45 904.625 469.771 0.0 434.85416
1053.54 737.625 466.771 0.0 270.85416
1054.62 842.125 525.271 0.0 316.85419
1055.71 873.625 467.771 0.0 405.85416
1056.8 1049.125 688.271 0.0 360.85419
1057.88 569.625 328.771 0.0 240.85416
1058.97 763.125 458.771 0.0 304.35416
1060.06 1214.125 834.771 0.0 379.35419
1061.14 681.125 367.771 0.0 313.35416
1062.23 2043.625 1608.271 0.0 435.35413
1063.31 832.125 547.271 0.0 284.85419
1064.4 550.125 279.271 0.0 270.85416
1065.48 691.625 526.771 0.0 164.85419
1066.57 607.125 362.771 0.0 244.35416
1067.65 839.625 543.771 0.0 295.85419
1068.74 582.125 357.271 0.0 224.85416
1069.82 735.125 544.271 0.0 190.85419
1070.9 2614.125 2151.771 0.0 462.35425
1071.99 781.625 561.771 0.0 219.85419
1073.07 755.625 491.771 0.0 263.85416
1074.15 781.125 576.771 0.0 204.35419
1075.24 749.125 526.771 0.0 222.35419
1076.32 812.625 625.771 0.0 186.85419
1077.4 1207.625 963.771 0.0 243.85419
1078.49 542.625 218.271 0.0 324.35417
1079.57 847.125 655.271 0.0 191.85419
1080.65 1190.625 866.771 0.0 323.85419
1081.73 653.625 382.771 0.0 270.85416
1082.81 455.625 238.271 0.0 217.35417
1083.89 786.125 548.771 0.0 237.35419
1084.98 771.625 533.271 0.0 238.35419
1086.06 457.625 267.771 0.0 189.85416
1087.14 529.125 283.771 0.0 245.35416
1088.22 742.125 524.771 0.0 217.35419
1089.3 448.125 261.771 0.0 186.35416
1090.38 1432.125 1101.771 0.0 330.35413
1091.46 896.625 598.771 0.0 297.85419
1092.54 583.625 405.771 0.0 177.85416
1093.62 711.125 412.771 0.0 298.35416
1094.7 437.625 186.271 0.0 251.35417
1095.78 689.625 490.771 0.0 198.85416
1096.86 798.625 545.771 0.0 252.85419
1097.93 1452.125 1146.271 0.0 305.85413
1099.01 1090.625 802.271 0.0 288.35419
1100.09 573.125 334.271 0.0 238.85416
