196.55 1261.55 1299.977 1468.077 -22.85907
197.76 1900.712 1894.409 1982.22 7.1783
198.96 1739.219 1747.928 1816.471 -12.70556
200.16 1052.676 1105.313 1221.466 -45.31642
201.36 2007.913 1973.947 2131.243 21.59413
202.56 1357.833 1390.732 1472.275 -40.34575
203.76 1156.723 1081.438 1313.596 32.42844
204.96 1317.113 1374.643 1489.417 -50.12481
206.16 886.578 950.05 1030.371 -79.02298
207.36 1614.144 1619.226 1776.337 -3.23491
208.56 1389.2 1390.377 1568.635 -0.66007
209.76 910.633 937.698 1050.461 -24.00101
210.96 1196.689 1237.848 1334.759 -42.47042
212.16 2457.034 2486.932 2571.158 -35.49706
213.36 1491.653 1530.752 1573.505 -91.45198
214.56 1174.04 1225.948 1408.201 -28.48136
215.76 2298.723 2293.438 2320.096 19.82545
216.96 1942.749 1917.508 1996.182 32.08312
218.16 1470.273 1385.572 1408.352 371.82603
219.35 1027.088 1019.576 1202.039 4.11687
220.55 1263.58 1276.057 1310.288 -36.44621
221.75 1164.0 1096.342 1259.321 41.51337
222.95 1893.096 1844.598 1978.999 36.08451
224.15 1424.523 1464.403 1641.282 -22.54649
225.35 1140.542 1166.454 1284.117 -22.02214
226.55 1133.09 1085.582 1204.456 39.96478
227.75 1763.096 1747.598 1830.999 18.58229
228.94 1481.633 1510.198 1600.461 -31.64548
230.14 1330.164 1342.781 1325.881 0.0
231.34 1124.693 1145.358 1248.385 -20.05756
232.54 1075.186 1008.838 1151.134 46.62657
233.74 1129.747 1134.002 1163.766 -14.29503
234.93 1131.049 1091.973 1243.868 25.72564
236.13 1249.177 1251.316 1453.674 -1.05681
237.33 1275.488 1214.81 1369.736 39.16579
238.53 1207.073 1105.537 1252.538 69.07189
239.72 1772.205 1723.89 1862.469 34.86466
240.92 858.643 868.223 1023.629 -6.1648
242.12 1555.598 1572.605 1695.416 -13.84749
243.31 1086.158 1111.265 1178.839 -37.15395
244.51 899.203 915.883 1085.052 -9.86035
245.71 1638.6 1654.108 1725.124 -21.83776
246.9 2037.203 2026.883 2165.052 7.46872
248.1 1263.218 1325.425 1459.762 -46.30625
249.3 1261.26 1312.037 1334.059 -230.57616
250.49 1298.266 1197.553 1339.601 70.90073
251.69 1456.667 1418.787 1554.798 27.85025
252.89 1329.32 1308.197 1312.482 492.93243
254.08 837.633 851.698 932.461 -17.41428
255.28 1321.23 1361.457 1415.847 -73.95975
256.47 952.146 761.733 1026.254 71.98415
257.67 1499.499 1465.839 1613.613 22.7781
258.86 1538.567 1596.021 1741.495 -39.49445
260.06 1285.767 1282.056 1394.31 3.30607
261.26 1876.687 1863.842 1951.342 14.68042
262.45 1295.181 1317.326 1393.8 -28.95685
263.65 788.319 759.694 938.774 15.98446
264.84 1419.192 1345.354 1546.176 36.76765
266.04 1060.32 1036.697 1180.982 16.37239
267.23 803.318 771.191 888.565 27.37134
268.42 955.674 1041.806 1127.049 -101.0441
269.62 1295.155 1262.255 1321.714 55.33205
270.81 1250.622 1305.169 1430.585 -43.49232
272.01 1259.183 1258.332 1365.717 0.79289
273.2 1496.361 1534.806 1627.57 -41.44401
274.4 959.253 942.518 1080.308 12.14544
275.59 1419.742 1414.489 1495.432 6.49013
276.78 1260.128 1240.185 1439.127 10.02481
277.98 1146.789 1088.614 1215.562 45.8258
279.17 1201.134 1236.701 1340.67 -34.20871
280.37 1156.878 1175.851 1245.989 -27.05119
281.56 807.731 750.46 922.555 33.27877
282.75 914.03 926.422 1096.533 -7.28469
283.95 1121.309 1024.668 1228.606 47.3875
285.14 1167.807 1243.162 1343.689 -74.95999
286.33 1002.782 1011.095 1123.311 -7.40787
287.52 1247.356 1279.793 1407.236 -25.45224
288.72 1483.89 1491.383 1593.573 -7.33266
289.91 1875.746 1815.499 1911.557 62.71921
291.1 1384.694 1374.361 1514.093 7.39513
292.29 1320.161 1325.771 1411.256 -6.56313
293.49 1336.291 1328.62 1455.979 6.02316
294.68 983.755 986.524 1047.725 -4.52413
295.87 1026.168 1068.79 1214.007 -29.35108
297.06 1355.743 1338.492 1506.64 10.25954
298.26 654.812 667.675 723.523 -23.03201
299.45 1098.158 1067.765 1263.839 15.50106
300.64 1072.58 1090.557 1278.288 -9.57547
301.83 1182.693 1235.858 1311.385 -70.39175
303.02 1037.072 952.534 1155.829 41.58383
304.21 1460.524 1421.406 1557.49 28.74535
305.4 1172.582 1190.06 1275.497 -20.45732
306.59 1242.646 1245.733 1360.254 -2.69517
307.79 1121.185 1138.835 1242.425 -17.03894
308.98 838.164 890.781 943.881 -99.08862
310.17 1411.354 1349.625 1641.459 21.15213
311.36 1192.509 1192.203 1262.92 0.4331
312.55 1941.989 1951.649 2022.376 -13.65755
313.74 909.251 907.011 1012.391 2.12494
314.93 1375.2 1384.877 1507.635 -7.88267
316.12 1117.18 1084.322 1211.091 25.91915
317.31 667.763 674.043 753.976 -7.85767
318.5 889.751 862.011 969.391 25.83287
319.69 1144.771 1066.066 1293.935 34.53959
320.88 996.126 990.678 1197.21 2.63767
322.07 899.28 892.091 1097.603 3.49815
323.26 886.586 938.573 1055.331 -44.52468
324.45 683.231 755.96 830.555 -97.49765
325.64 1187.288 1106.111 1205.854 81.38623
326.83 1271.194 1301.361 1449.093 -20.41981
328.01 1041.224 1025.441 1160.805 11.65984
329.2 1328.185 1375.835 1560.425 -25.81431
330.39 1048.243 1049.992 1228.64 -0.9789
331.58 891.234 788.466 986.472 51.90111
332.77 1634.675 1655.81 1742.257 -24.4477
333.96 663.764 608.047 782.184 31.99603
335.15 824.715 743.415 939.637 41.43238
336.33 856.234 830.966 980.972 16.84418
337.52 1050.231 1009.46 1153.556 28.2946
338.71 1001.719 980.928 1078.471 21.31508
339.9 983.895 994.399 1018.116 -44.28598
341.08 996.304 1009.655 1130.772 -11.02321
342.27 1322.711 1250.406 1517.511 27.06991
343.46 1408.625 1489.675 1635.502 -55.57984
344.65 1337.625 1311.675 1542.002 11.26647
345.83 1357.615 1435.15 1622.334 -41.4214
347.02 734.613 753.643 945.917 -9.89751
348.21 1462.674 1364.806 1642.549 35.23674
349.4 830.206 743.893 982.678 36.14691
350.58 1080.357 994.296 1233.445 35.98638
351.77 893.247 887.002 1020.266 4.68637
352.96 611.673 615.303 936.341 -1.13086
354.14 1007.228 960.451 1360.43 11.69492
355.33 814.158 846.765 1135.339 -11.29918
356.51 678.339 642.748 907.318 13.45238
357.7 1083.463 1023.578 1319.79 20.21677
358.89 906.797 817.136 1108.521 30.77065
360.07 1303.837 1247.242 1578.901 17.06421
361.26 1413.114 1492.982 1756.557 -30.30178
362.44 1031.218 1073.26 1363.694 -14.47572
363.63 801.299 814.978 1250.37 -3.14169
364.81 917.903 874.256 1288.506 10.53639
366.0 598.376 629.683 966.712 -9.2891
367.18 1933.749 1896.343 2359.114 8.08295
368.37 838.593 798.427 1163.013 11.01689
369.55 1072.52 1083.732 1477.296 -2.84878
370.74 1278.018 1240.225 1679.88 8.59593
371.92 1503.599 1536.943 1940.055 -8.27164
373.11 884.685 874.174 1243.065 2.84954
374.29 767.79 727.452 1061.702 12.06804
375.48 954.13 867.526 1328.476 18.78816
376.66 735.032 803.764 1223.881 -16.36013
377.84 1403.093 1345.927 1844.513 11.46563
379.03 744.025 733.245 1230.13 2.16957
380.21 618.649 648.578 1074.811 -7.02154
381.39 520.64 454.052 1008.143 12.01749
382.58 1193.026 1166.748 1740.839 4.57736
383.76 1507.446 1508.033 2124.371 -0.09531
384.94 1627.987 1619.642 2223.959 1.38081
386.13 779.181 766.661 1266.731 2.5036
387.31 923.097 934.937 1647.638 -1.66128
388.49 663.648 695.074 1474.103 -4.03402
389.68 1017.558 1053.334 1788.467 -4.86658
390.86 904.054 942.321 1819.134 -4.36443
392.04 1382.472 1341.604 2229.958 4.60048
393.22 788.054 752.321 1677.134 3.86372
394.41 848.643 762.062 1658.769 9.65553
395.59 513.055 426.825 1514.342 7.92908
396.77 902.978 870.12 1982.5 2.95389
397.95 874.516 861.222 2051.171 1.11722
399.13 1119.482 1231.629 2416.125 -9.46796
400.31 857.208 803.734 2078.026 4.19634
401.5 1149.109 1086.469 2343.223 4.98427
402.68 1175.14 1132.052 2481.143 3.19385
403.86 800.061 790.841 2201.884 0.65343
405.04 1272.453 1253.552 2782.122 1.23648
406.22 776.116 782.488 2245.974 -0.4354
407.4 1185.868 1139.325 2853.821 2.71467
408.58 1301.61 1296.472 2907.932 0.31884
409.76 1416.625 1377.014 3162.142 2.219
410.94 1037.054 1071.821 2772.134 -2.04479
412.12 962.406 836.928 2742.992 6.58313
413.3 850.01 804.206 2716.129 2.39572
414.48 734.005 686.69 2582.086 2.49628
415.66 851.948 846.54 2731.288 0.28696
416.84 1745.508 1734.2 3554.712 0.62116
418.02 1094.583 1026.901 3029.345 3.37997
419.2 865.013 819.713 2781.046 2.30967
420.38 1014.052 939.318 3122.425 3.4233
421.56 955.959 846.568 3035.165 4.9982
422.74 1565.612 1479.978 3680.349 3.8918
423.92 1325.544 1236.296 3499.466 3.94351
425.1 978.005 880.69 3147.586 4.29285
426.28 899.374 812.341 3101.863 3.80135
427.46 1940.875 1867.344 4131.572 3.2475
428.63 1061.919 1013.463 3296.785 2.1222
429.81 1096.385 1043.87 3448.74 2.18368
430.99 1154.946 1104.033 3604.871 2.03582
432.17 1665.424 1600.976 4007.119 2.6785
433.35 1260.435 1226.504 3801.495 1.3177
434.52 594.349 517.774 3005.485 3.07813
435.7 901.912 763.944 3347.534 5.34019
436.88 1311.507 1247.697 3912.503 2.39456
438.06 974.362 945.309 3680.779 1.06208
439.23 836.003 814.187 3635.878 0.77317
440.41 1158.33 1128.223 4072.15 1.02268
441.59 1358.057 1280.331 4219.259 2.64471
442.77 854.812 816.175 3808.523 1.29119
443.94 1390.989 1263.649 4410.876 4.04611
445.12 1266.429 1302.488 4592.453 -1.09604
446.3 1653.002 1652.684 4929.669 0.00972
447.47 1300.967 1265.591 4660.124 1.04216
448.65 1377.993 1323.658 5051.001 1.45773
449.82 1073.993 981.658 4633.501 2.52843
451.0 1116.47 1109.597 4982.541 0.17745
452.18 1003.433 1024.498 5168.578 -0.50833
453.35 1124.988 1095.145 5395.668 0.69393
454.53 975.418 1108.46 5521.077 -3.01502
455.7 920.461 917.075 5469.582 0.07439
456.88 1545.394 1576.896 6334.907 -0.66207
458.05 1174.953 1201.052 6203.622 -0.52172
459.23 845.446 840.033 6012.872 0.10463
460.4 1207.988 1213.645 6698.668 -0.10315
461.58 1278.896 1368.399 6986.616 -1.59309
462.75 938.429 920.488 6707.453 0.31002
463.93 1233.476 1293.113 7132.083 -1.02137
465.1 1118.52 1147.732 7311.296 -0.47394
466.28 800.338 836.245 7099.609 -0.57329
467.45 706.988 753.145 7423.668 -0.69196
468.63 1170.458 1198.065 8054.956 -0.40262
469.8 1471.945 1508.53 8615.663 -0.51477
470.97 940.954 1016.056 8142.831 -1.05379
472.15 1248.313 1255.178 8684.731 -0.0924
473.32 1331.338 1385.245 9044.109 -0.70385
474.49 1448.873 1596.338 9434.655 -1.88134
475.67 1123.348 1180.271 9116.277 -0.71728
476.84 896.845 935.264 9161.36 -0.46704
478.01 1344.924 1454.476 9788.119 -1.31457
479.19 1185.295 1213.63 9915.604 -0.32562
480.36 982.366 1038.319 9834.404 -0.63611
481.53 1188.407 1311.931 10236.2 -1.38413
482.7 1072.828 1243.219 10415.941 -1.85759
483.88 922.779 993.588 10358.395 -0.75612
485.05 1078.394 1163.396 10542.907 -0.90624
486.22 1073.735 1204.47 10760.681 -1.36806
487.39 814.17 919.297 10659.924 -1.07926
488.56 1180.415 1326.95 11099.951 -1.49939
489.74 1511.804 1634.655 11744.772 -1.21513
490.91 904.821 1006.2 11088.19 -1.00555
492.08 1069.415 1161.45 11344.451 -0.90381
493.25 882.8 1010.143 11266.938 -1.24155
494.42 1027.278 1195.585 11633.186 -1.61251
495.59 1051.784 1161.101 11347.229 -1.07319
496.76 1059.455 1146.559 11782.539 -0.81895
497.93 1283.38 1370.857 11975.405 -0.8249
499.1 1169.786 1318.107 12094.146 -1.3764
500.27 1733.273 1866.572 12625.852 -1.23892
501.44 1858.361 2012.306 12511.57 -1.46625
502.61 1062.826 1113.213 11912.024 -0.4666
503.78 1196.227 1312.947 12427.222 -1.05019
504.95 1773.381 1927.86 13074.114 -1.38593
506.12 1258.722 1483.934 12602.388 -2.02558
507.29 888.809 997.668 12047.105 -0.9852
508.46 565.816 633.687 12112.856 -0.59125
509.63 1902.816 1972.687 13488.356 -0.60675
510.8 1875.334 1968.735 13609.483 -0.80236
511.97 1134.355 1234.79 13305.027 -0.83209
513.14 848.693 834.858 12912.385 0.11455
514.31 1413.289 1533.614 13660.062 -0.99225
515.48 1033.199 1162.874 13197.927 -1.07747
516.65 1036.843 1094.758 13095.943 -0.48258
517.81 874.268 999.559 13167.518 -1.02968
518.98 1215.369 1274.828 13791.529 -0.47504
520.15 697.658 784.265 13329.339 -0.69036
521.32 1186.837 1327.242 14291.4 -1.08302
522.49 2140.701 2226.88 15044.844 -0.67233
523.65 1849.25 1927.011 15039.391 -0.59303
524.82 1216.348 1242.271 14595.277 -0.19414
525.99 539.197 657.367 14265.51 -0.86838
527.16 1192.118 1331.156 15329.251 -0.99327
528.32 1219.31 1364.171 15375.314 -1.0339
529.49 962.332 1067.729 15271.566 -0.74203
530.66 572.078 608.05 15059.871 -0.24891
531.82 756.387 842.376 15255.156 -0.59662
532.99 912.779 946.588 16052.395 -0.22381
534.16 943.785 1044.104 16379.937 -0.65415
535.32 1500.236 1503.473 16681.889 -0.02133
536.49 812.734 851.966 16728.973 -0.2471
537.65 1568.852 1647.283 17814.111 -0.48514
538.82 871.265 822.55 17439.893 0.29316
539.99 1165.297 1215.136 18256.521 -0.29246
541.15 1376.41 1388.937 18845.617 -0.07176
542.32 691.21 778.402 18709.303 -0.48627
543.48 1380.15 1470.742 19664.379 -0.49793
544.65 1545.106 1604.124 20111.666 -0.31889
545.81 2244.273 2196.072 22201.352 0.24094
546.98 1197.667 1139.287 21878.299 0.2815
548.14 1473.773 1557.572 22616.352 -0.39793
549.31 925.746 925.499 22535.057 0.00114
550.47 1080.722 1109.934 23259.889 -0.13189
551.63 1654.768 1734.559 24572.518 -0.34938
552.8 1024.344 1054.761 24695.152 -0.12867
553.96 1012.253 1027.018 24477.809 -0.06296
555.13 1036.219 1095.928 25045.971 -0.24931
556.29 1659.174 1701.806 26438.049 -0.17235
557.45 832.386 907.373 26256.947 -0.29581
558.62 1274.713 1256.912 26532.428 0.07043
559.78 1460.667 1430.287 27305.299 0.11741
560.94 1087.209 1132.399 27893.594 -0.16887
562.11 946.173 1057.303 28391.84 -0.40656
563.27 648.211 773.906 28327.512 -0.45618
564.43 588.237 651.976 28605.598 -0.22802
565.59 736.588 835.576 29441.039 -0.34605
566.76 973.848 1039.771 29812.277 -0.22912
567.92 1159.084 1234.566 30447.914 -0.25838
569.08 1390.188 1472.845 31358.551 -0.27658
570.24 1016.364 1024.316 31587.695 -0.02602
571.4 762.248 818.505 31947.475 -0.18072
572.57 952.586 981.073 32060.33 -0.09166
573.73 562.694 706.861 33351.594 -0.44162
574.89 954.635 1065.204 33134.379 -0.34478
576.05 1165.319 1225.694 34211.773 -0.18303
577.21 755.3 810.143 33633.438 -0.16709
578.37 561.718 598.925 34152.262 -0.11089
579.53 825.654 797.752 35345.504 0.08076
580.69 1300.691 1322.351 36328.469 -0.06188
581.85 958.23 1113.457 35875.848 -0.44654
583.01 1019.243 1096.992 36358.641 -0.22049
584.17 1134.76 1176.037 36684.059 -0.11625
585.33 1261.697 1333.367 37089.012 -0.20045
586.49 974.283 1088.598 37534.02 -0.31366
587.65 1206.778 1356.585 37827.188 -0.41076
588.81 1215.695 1359.364 38187.801 -0.3901
589.97 1510.225 1749.444 38298.512 -0.65451
591.13 980.866 1203.819 38559.902 -0.59683
592.29 902.677 1152.316 39193.176 -0.65624
593.45 828.17 975.797 38263.922 -0.39591
594.61 773.855 974.29 38652.027 -0.53197
595.77 727.716 919.418 38933.344 -0.5043
596.93 694.342 858.755 38457.734 -0.43728
598.09 953.786 1262.607 39183.645 -0.81438
599.24 742.68 1005.822 39146.09 -0.68993
600.4 895.783 1180.098 39324.02 -0.74537
601.56 757.74 1077.983 39772.016 -0.82763
602.72 959.663 1283.778 39916.172 -0.83897
603.87 1137.011 1379.871 39325.695 -0.64002
605.03 756.663 1062.278 39978.172 -0.78532
606.19 715.698 1013.37 40235.719 -0.75894
607.35 580.677 868.316 38412.676 -0.76613
608.5 1227.717 1451.922 41656.555 -0.55766
609.66 1617.151 1915.246 39878.09 -0.78523
610.82 714.771 987.066 39827.434 -0.70106
611.97 674.174 999.306 39393.051 -0.84684
613.13 1177.116 1501.153 38826.543 -0.86814
614.29 1042.205 1428.89 39653.969 -1.0116
615.44 1239.189 1609.848 39877.758 -0.96859
616.6 683.155 981.755 38666.715 -0.79236
617.76 1226.203 1553.883 39462.051 -0.86441
618.91 1259.096 1572.098 39633.0 -0.82237
620.07 1203.186 1584.338 40462.633 -0.98037
621.22 551.18 872.822 39094.09 -0.84153
622.38 1625.174 2023.306 40242.551 -1.04171
623.53 554.248 887.505 39150.973 -0.87095
624.69 632.156 996.258 39424.422 -0.94749
625.84 640.688 995.345 39245.551 -0.9272
627.0 1050.385 1398.87 39587.738 -0.91253
628.15 494.168 818.79 38811.508 -0.85443
629.31 876.813 1199.678 39537.73 -0.84215
630.46 429.213 794.412 38478.93 -0.96909
631.61 890.157 1195.262 39394.129 -0.79873
632.77 775.808 1133.165 39081.898 -0.94168
633.92 961.243 1348.492 38807.641 -1.03379
635.08 1531.846 1863.267 39023.07 -0.89188
636.23 831.209 1158.399 39014.094 -0.86431
637.38 414.706 745.393 39444.176 -0.85451
638.54 1193.284 1562.101 40090.227 -0.95727
639.69 1486.59 1854.582 40522.957 -0.95166
640.84 928.236 1302.472 40425.492 -0.95656
641.99 519.233 870.466 39348.039 -0.91282
643.15 1355.231 1707.96 40674.59 -0.90521
644.3 553.229 913.454 40219.141 -0.91647
645.45 329.227 757.448 39276.691 -1.11171
646.6 1392.224 1723.942 39482.242 -0.87853
647.75 685.222 988.935 40235.793 -0.77385
648.91 328.22 675.929 38627.344 -0.9162
650.06 582.218 1011.423 40480.895 -1.08744
651.21 925.715 1356.917 40454.445 -1.10289
652.36 889.213 1226.911 41564.496 -0.83718
653.51 621.211 895.405 40485.047 -0.69259
654.66 718.209 1117.899 40683.098 -1.01021
655.81 1088.206 1402.893 41599.648 -0.78287
656.96 445.204 696.387 41494.699 -0.61567
658.11 745.202 1111.381 41527.25 -0.90603
659.27 1019.2 1338.875 41410.801 -0.79775
660.42 535.697 827.369 42195.348 -0.70507
661.57 843.695 1244.363 42177.898 -0.97883
662.72 251.693 684.857 41365.949 -1.06478
663.87 225.69 677.851 41650.0 -1.10358
665.01 784.688 1122.345 42599.551 -0.81408
666.16 476.686 884.839 42831.602 -0.97303
667.31 507.184 932.333 44152.152 -0.98369
668.46 1259.681 1611.827 44582.203 -0.81951
669.61 620.179 1002.821 45205.754 -0.86565
670.76 435.177 885.815 44848.305 -1.02505
671.91 1244.175 1674.808 45945.855 -0.97272
673.06 921.172 1348.302 46260.406 -0.95104
674.21 270.17 722.296 45359.957 -1.01288
675.35 795.168 1151.29 44976.508 -0.8126
676.5 584.666 1092.784 46855.059 -1.11034
677.65 448.163 897.778 45309.109 -1.01239
678.8 278.161 684.772 46746.656 -0.88275
679.94 533.659 917.766 46943.707 -0.83455
681.09 850.157 1256.76 49671.758 -0.83983
682.24 839.154 1347.754 49220.809 -1.06239
683.39 406.152 861.248 50009.859 -0.92596
684.53 1026.15 1380.742 51695.41 -0.70475
685.68 708.648 1154.736 53279.461 -0.85581
686.83 818.645 1227.73 51274.012 -0.81741
687.97 619.643 878.724 51072.063 -0.51617
689.12 540.141 923.218 52493.113 -0.74283
690.27 510.138 786.712 52814.664 -0.53159
691.41 934.136 1340.706 52109.215 -0.80083
692.56 781.634 1192.2 53431.266 -0.78594
693.7 815.132 1125.194 52275.316 -0.60618
694.85 421.629 726.688 53831.367 -0.57445
695.99 839.127 1215.182 53286.918 -0.72219
697.14 708.625 1093.676 55459.965 -0.70825
698.28 816.123 1249.169 53895.516 -0.82256
699.43 820.12 1183.163 53765.066 -0.69043
700.57 266.118 698.157 54502.617 -0.80298
701.72 412.616 829.151 53611.168 -0.78916
702.86 217.114 624.145 54756.219 -0.75192
704.01 444.111 849.139 55011.77 -0.7478
705.15 886.109 1351.633 57276.82 -0.83241
706.29 561.107 979.627 53834.371 -0.79183
707.44 608.104 1117.621 57186.422 -0.90873
708.58 290.602 759.115 56656.973 -0.83816
709.72 1163.1 1652.609 56387.023 -0.89434
710.87 213.598 633.603 56811.574 -0.74763
712.01 409.595 876.097 56930.625 -0.83223
713.15 650.593 1090.591 57445.676 -0.78076
714.3 848.591 1242.085 58236.223 -0.69041
715.44 471.589 913.579 59205.773 -0.75823
716.58 718.586 1166.573 58115.824 -0.78664
717.72 429.584 704.567 57891.375 -0.48085
718.87 522.082 927.061 57335.426 -0.71794
720.01 536.58 834.555 59235.477 -0.51022
721.15 244.577 570.549 57304.527 -0.57456
722.29 783.575 1169.042 57845.078 -0.68012
723.43 930.573 1287.036 58928.129 -0.61842
724.57 766.071 1055.53 57864.68 -0.50953
725.72 589.568 882.024 58990.73 -0.50329
726.86 1155.566 1464.518 57626.281 -0.55011
728.0 516.064 826.512 59164.332 -0.53216
729.14 409.062 758.506 59548.883 -0.59439
730.28 969.559 1266.0 59959.934 -0.50506
731.42 349.057 612.994 59466.984 -0.44846
732.56 1137.055 1535.988 61504.031 -0.66524
733.7 825.552 1135.982 59727.082 -0.52982
734.84 195.05 601.476 59133.133 -0.69437
735.98 596.548 972.47 60925.184 -0.62703
737.12 297.046 664.464 59174.234 -0.62796
738.26 444.543 786.458 58674.785 -0.59064
739.4 630.041 1009.952 60203.336 -0.64181
740.53 909.039 1234.946 59079.387 -0.56342
741.67 669.037 1050.44 59032.938 -0.65779
742.81 268.034 540.934 59024.488 -0.46663
743.95 715.532 995.928 59168.539 -0.48201
745.09 393.03 740.422 59995.09 -0.58627
746.23 816.028 1222.416 59953.141 -0.69195
747.36 917.525 1279.409 61276.191 -0.60317
748.5 391.023 794.903 61611.742 -0.66409
749.64 468.521 839.397 58732.793 -0.64062
750.78 328.019 758.391 59515.84 -0.73246
751.92 473.016 890.885 60904.891 -0.69629
753.05 545.014 921.379 59285.941 -0.64485
754.19 976.512 1394.873 58359.992 -0.73442
755.33 205.01 583.867 59226.043 -0.64605
756.46 600.007 1001.861 58310.594 -0.70121
757.6 427.005 692.855 57365.645 -0.4691
758.74 997.003 1356.349 58071.195 -0.6336
759.87 641.0 778.843 57201.746 -0.2443
761.01 437.498 486.837 56824.297 -0.08758
762.14 414.496 566.831 57044.848 -0.26972
763.28 700.494 799.325 57173.898 -0.17531
764.41 493.491 626.819 57182.949 -0.23574
765.55 130.989 203.813 56357.5 -0.12969
766.69 558.487 808.307 56586.051 -0.44788
767.82 592.985 893.301 56138.602 -0.5436
768.95 301.482 586.295 54162.148 -0.53161
770.09 1062.98 1378.288 56006.699 -0.57719
771.22 1040.978 1400.782 54892.75 -0.67263
772.36 843.976 1263.776 54256.301 -0.79219
773.49 866.973 1225.77 54383.852 -0.67496
774.63 545.471 851.264 52321.402 -0.59412
775.76 517.469 751.258 54885.953 -0.43187
776.89 788.966 1144.252 53674.004 -0.67635
778.03 714.464 972.246 52336.555 -0.50187
779.16 352.462 617.74 52877.105 -0.50762
780.29 712.96 947.234 51847.656 -0.46026
781.43 1003.957 1312.728 51423.707 -0.61617
782.56 718.455 930.222 50899.258 -0.4238
783.69 370.953 607.716 49748.309 -0.48181
784.82 559.951 785.21 49614.859 -0.46132
785.96 491.448 712.204 49471.906 -0.45274
787.09 492.446 770.698 49026.457 -0.57662
788.22 673.444 916.692 50007.508 -0.49551
789.35 367.942 579.186 48530.559 -0.44054
790.48 471.439 714.18 47772.109 -0.51583
791.62 870.937 1073.174 48850.16 -0.42329
792.75 313.435 489.668 47627.211 -0.37387
793.88 1040.433 1236.661 47463.762 -0.42449
795.01 628.43 876.155 47340.313 -0.53315
796.14 740.928 907.649 46555.363 -0.36523
797.27 781.426 968.643 46124.914 -0.4146
798.4 522.924 760.637 46249.465 -0.52258
799.53 287.421 523.631 45430.516 -0.526
800.66 603.419 754.625 46188.066 -0.33281
801.79 1726.917 1929.619 45467.117 -0.46558
802.92 513.914 635.113 44036.668 -0.27925
804.05 690.912 860.607 43972.215 -0.39362
805.18 514.91 673.101 43939.266 -0.36562
806.31 495.408 668.595 44797.316 -0.39246
807.44 211.905 407.589 44292.867 -0.4459
808.57 682.903 828.583 44442.918 -0.33402
809.69 620.901 835.577 43361.969 -0.50481
810.82 85.899 268.071 41910.02 -0.43747
811.95 1374.396 1536.065 41944.07 -0.40009
813.08 449.394 473.559 41414.121 -0.05902
814.21 1387.392 1475.053 42449.672 -0.21394
815.33 510.89 639.547 40711.223 -0.32107
816.46 555.387 636.541 40607.773 -0.20303
817.59 1049.385 1161.535 40373.324 -0.28601
818.72 696.883 833.529 40714.875 -0.34263
819.84 1192.38 1317.022 40060.926 -0.32171
820.97 749.378 903.016 39603.477 -0.39699
822.1 837.876 1023.01 38340.023 -0.49611
823.22 226.374 325.504 36958.574 -0.2706
824.35 363.371 403.998 37744.125 -0.1088
825.48 792.869 1032.992 35852.676 -0.68962
826.6 574.867 643.986 35570.727 -0.1979
827.73 140.365 224.48 35839.777 -0.23618
828.85 514.362 622.974 33744.328 -0.32792
829.98 908.86 1010.468 34808.879 -0.30063
831.11 280.358 391.462 35855.93 -0.31328
832.23 295.856 346.956 35085.48 -0.1471
833.36 810.853 941.45 34406.031 -0.39025
834.48 576.351 594.944 33802.582 -0.05599
835.6 714.849 857.438 34297.633 -0.4264
836.73 243.347 307.432 33055.184 -0.19569
837.85 806.344 882.926 34044.734 -0.23093
838.98 108.342 228.92 32408.783 -0.3747
840.1 681.34 732.414 32830.832 -0.15912
841.23 619.838 753.908 33475.883 -0.40972
842.35 1013.835 1165.401 33288.434 -0.47183
843.47 460.833 605.895 31556.984 -0.46868
844.6 250.831 315.389 31638.035 -0.20611
845.72 349.829 495.383 31882.586 -0.46374
846.84 397.826 469.377 31296.137 -0.23211
847.96 334.824 464.371 31899.188 -0.41211
849.09 257.822 390.865 31533.738 -0.4272
850.21 467.819 579.859 30625.289 -0.3729
851.33 713.317 758.353 30542.34 -0.15121
852.45 203.815 340.347 31219.389 -0.44215
853.57 534.313 623.841 30644.939 -0.29822
854.7 210.81 379.335 29228.99 -0.58415
855.82 270.808 343.829 29296.541 -0.25221
856.94 723.306 853.823 29967.092 -0.44831
858.06 110.804 177.817 28879.643 -0.23348
859.18 731.801 762.311 29481.693 -0.10623
860.3 461.799 546.305 28860.744 -0.29845
861.42 74.297 116.799 28400.293 -0.15027
862.54 105.795 215.793 28931.844 -0.38305
863.66 203.292 289.287 29698.395 -0.29241
864.78 432.79 524.781 27900.445 -0.33603
865.9 552.288 640.775 27936.496 -0.32418
867.02 1562.286 1717.268 30186.547 -0.54439
868.14 1213.283 1258.262 29551.598 -0.15897
869.26 817.781 838.256 28394.148 -0.0743
870.38 62.779 153.75 27413.697 -0.33372
871.5 103.776 173.244 27025.248 -0.25871
872.62 208.774 293.738 26275.799 -0.32701
873.74 878.772 969.232 26843.35 -0.34962
874.85 288.771 343.229 27284.625 -0.20214
875.97 507.271 580.729 26137.625 -0.28743
877.09 672.771 688.229 26464.125 -0.05997
878.21 437.271 503.729 25988.125 -0.26078
879.33 469.271 660.729 26136.125 -0.75154
880.44 425.771 575.229 24863.625 -0.61535
881.56 345.771 427.729 25675.625 -0.32461
882.68 510.771 580.229 26322.125 -0.26983
883.79 1103.771 1213.229 25927.625 -0.44289
884.91 69.271 221.229 24993.125 -0.61343
886.03 630.271 674.729 25612.125 -0.17828
887.14 894.771 931.229 24933.625 -0.15189
888.26 1011.271 1007.729 24240.125 0.01524
889.38 804.271 845.729 25052.625 -0.17127
890.49 76.271 136.729 25526.125 -0.23812
891.61 567.771 593.729 25815.625 -0.10292
892.72 217.271 263.229 25648.625 -0.18104
893.84 115.271 113.229 25860.125 0.00793
894.95 132.271 175.229 26487.625 -0.16326
896.07 351.271 370.729 26107.125 -0.07561
897.18 613.771 593.229 26594.125 0.079
898.3 124.771 161.229 25740.125 -0.14253
899.41 779.771 793.729 25713.125 -0.05601
900.53 566.271 558.729 25628.125 0.03008
901.64 628.771 651.729 25970.625 -0.09068
902.75 474.271 457.229 26757.625 0.0648
903.87 284.771 289.729 25484.625 -0.01968
904.98 633.771 658.729 24654.625 -0.10401
906.09 430.271 401.729 24634.625 0.11778
907.21 559.271 637.229 23786.125 -0.33677
908.32 350.771 340.729 23721.125 0.04295
909.43 824.271 800.229 24497.625 0.10145
910.54 444.271 539.229 24454.125 -0.39707
911.66 1331.771 1471.729 24663.125 -0.60349
912.77 244.771 286.229 22537.125 -0.18632
913.88 506.771 472.729 23485.625 0.14792
914.99 244.271 275.229 22674.625 -0.13821
916.1 478.271 517.729 22313.625 -0.18104
917.22 168.771 238.229 21503.125 -0.32663
918.33 878.771 849.229 22336.125 0.13749
919.44 435.271 479.229 23368.125 -0.19205
920.55 955.771 980.229 22042.625 -0.11612
921.66 587.271 674.729 21028.125 -0.4297
922.77 656.271 655.729 21377.625 0.00261
923.88 902.271 898.729 21208.125 0.01744
924.99 582.271 604.229 20226.125 -0.11191
926.1 98.771 110.229 19644.625 -0.05866
927.21 933.271 955.229 20969.625 -0.10971
928.32 42.271 60.729 18987.625 -0.09752
929.43 403.771 464.729 17910.125 -0.34942
930.54 257.771 316.229 17962.125 -0.33129
931.65 503.271 384.229 18848.625 0.64471
932.76 577.771 547.729 18294.625 0.16928
933.86 453.771 427.229 16937.125 0.16076
934.97 192.771 283.729 15978.125 -0.57956
936.08 343.771 262.729 15670.125 0.52599
937.19 876.271 837.729 15335.625 0.26584
938.3 596.271 635.229 13961.625 -0.29234
939.4 800.271 851.229 13430.625 -0.40509
940.51 382.271 413.229 11857.625 -0.27051
941.62 592.771 578.229 11275.625 0.13594
942.73 1265.271 1341.729 11535.625 -0.75004
943.83 488.771 498.229 10521.625 -0.09436
944.94 521.771 468.729 10586.625 0.52424
946.05 82.271 -8.771 9940.125 0.91509
947.15 137.771 95.229 10235.625 0.41953
948.26 350.271 401.229 10564.625 -0.50139
949.36 295.771 214.229 10854.125 0.76638
950.47 573.271 474.229 12382.125 0.83173
951.57 1033.771 1038.229 12525.625 -0.03881
952.68 693.771 710.229 12094.625 -0.14457
953.79 651.771 668.229 12134.625 -0.14354
954.89 285.271 335.729 11492.625 -0.45226
955.99 624.771 626.229 12270.125 -0.01252
957.1 316.771 366.729 12352.625 -0.41681
958.2 424.771 417.729 12489.125 0.05833
959.31 618.271 650.229 13240.625 -0.25383
960.41 310.771 240.729 12570.625 0.56806
961.52 136.271 157.229 12546.625 -0.16916
962.62 659.271 591.229 13187.625 0.54017
963.72 151.271 115.229 13626.625 0.26675
964.83 32.771 37.229 12657.125 -0.03533
965.93 459.271 561.729 12517.125 -0.85701
967.03 845.771 847.229 12935.125 -0.01206
968.13 625.271 667.729 13069.125 -0.34237
969.24 299.771 262.229 12850.125 0.29824
970.34 383.771 359.229 11852.625 0.21353
971.44 361.771 443.729 12252.125 -0.69407
972.54 511.271 525.229 12481.125 -0.11675
973.64 337.271 240.729 12050.125 0.8175
974.75 1214.271 1283.729 12918.625 -0.59698
975.85 3655.271 3546.729 15501.125 0.90796
976.95 308.771 311.729 12315.625 -0.02464
978.05 747.271 634.729 12609.625 0.93981
979.15 1192.271 1091.229 12670.125 0.87264
980.25 223.771 229.729 11239.625 -0.05412
981.35 313.771 291.229 11579.125 0.1997
982.45 1069.271 1123.729 12052.625 -0.4983
983.55 639.271 772.729 11245.625 -1.27432
984.65 568.771 583.729 11410.125 -0.13817
985.75 806.271 826.229 10988.625 -0.19639
986.85 602.771 594.729 11181.125 0.07596
987.95 371.271 310.229 10922.125 0.57522
989.05 966.271 951.729 11134.625 0.1428
990.15 810.771 770.229 10673.625 0.40937
991.25 512.271 548.729 10309.625 -0.37351
992.34 989.271 974.229 10804.125 0.15302
993.44 549.271 597.229 9851.125 -0.51825
994.54 502.771 486.729 9829.625 0.1717
995.64 891.271 909.729 10093.125 -0.201
996.74 1007.271 1008.729 10399.125 -0.01553
997.83 108.271 180.229 8810.625 -0.83378
998.93 448.271 469.729 8526.625 -0.26633
1000.03 1494.771 1488.229 10064.125 0.07628
1001.12 988.271 950.729 9133.625 0.45878
1002.22 984.771 1006.729 9446.125 -0.26019
1003.32 411.771 398.229 8497.125 0.1672
1004.41 617.771 633.729 8140.125 -0.2126
1005.51 559.271 569.229 7961.625 -0.13471
1006.6 359.771 331.229 7491.625 0.3986
1007.7 836.271 786.729 7732.125 0.7133
1008.8 169.771 167.229 6967.125 0.03738
1009.89 721.771 720.229 7386.125 0.02313
1010.99 620.271 591.729 7048.625 0.44203
1012.08 143.271 186.229 7296.125 -0.6042
1013.18 530.771 486.229 8030.125 0.59043
1014.27 376.771 395.229 8184.625 -0.23697
1015.36 477.771 476.229 8311.625 0.01968
1016.46 517.771 544.229 8542.625 -0.3308
1017.55 219.271 292.729 7864.625 -0.97014
1018.65 638.271 581.729 8065.125 0.75556
1019.74 783.771 772.229 7645.125 0.16793
1020.83 650.771 618.229 7416.125 0.4787
1021.93 576.271 498.229 7189.125 1.16639
1023.02 182.771 175.729 6664.625 0.10852
1024.11 217.271 203.229 6349.125 0.22847
1025.2 153.771 175.229 5929.125 -0.37294
1026.3 663.271 654.729 6321.625 0.15073
1027.39 811.771 817.729 6383.125 -0.10706
1028.48 594.271 642.729 5979.625 -0.90799
1029.57 458.271 436.229 5648.625 0.42287
1030.66 606.771 572.729 5449.625 0.69802
1031.75 1772.271 1766.729 6494.125 0.11723
1032.84 777.271 792.729 5607.625 -0.32105
1033.94 274.771 238.729 4971.625 0.76151
1035.03 829.771 896.729 5472.625 -1.46328
1036.12 299.271 162.729 4471.125 3.1692
1037.21 227.771 235.729 4562.125 -0.18395
1038.3 621.271 662.229 4776.125 -0.99561
1039.39 188.271 244.729 4211.625 -1.42324
1040.48 599.771 631.729 4306.625 -0.86964
1041.57 684.271 702.229 4288.125 -0.50081
1042.66 617.271 562.229 4219.625 1.50494
1043.74 634.771 663.729 4464.625 -0.76188
1044.83 697.271 699.229 4136.625 -0.05697
1045.92 230.771 210.229 3480.125 0.62821
1047.01 761.771 782.229 3992.625 -0.63725
1048.1 187.271 187.729 3207.125 -0.01518
1049.19 590.271 545.729 3552.125 1.48156
1050.27 396.271 426.729 3331.125 -1.0487
1051.36 498.271 469.229 3256.125 1.04208
1052.45 684.271 680.229 3290.625 0.15483
1053.54 642.771 567.229 3351.125 2.71352
1054.62 671.771 690.729 3322.625 -0.72033
1055.71 602.771 601.729 3071.625 0.04217
1056.8 869.771 860.229 3193.125 0.409
1057.88 454.771 435.729 2865.125 0.7838
1058.97 616.271 495.729 2820.625 5.18482
1060.06 1018.771 1025.729 3225.625 -0.3163
1061.14 525.771 500.729 2643.625 1.16859
1062.23 1859.271 1947.229 3872.625 -4.56832
1063.31 682.771 681.729 2741.625 0.05057
1064.4 442.771 387.729 2366.625 2.78143
1065.48 603.771 598.729 2542.125 0.25942
1066.57 493.771 486.229 2459.125 0.38226
1067.65 683.771 701.729 2547.125 -0.97314
1068.74 560.771 490.729 2200.625 4.09625
1069.82 645.271 663.729 2190.625 -1.20888
1070.9 2537.771 2472.229 4081.125 4.07369
1071.99 712.771 714.229 2298.625 -0.09205
1073.07 684.271 699.229 2170.125 -1.01696
1074.15 747.271 661.229 2277.625 5.32305
1075.24 627.771 662.229 2013.125 -2.55078
1076.32 646.771 703.229 2156.625 -3.88458
1077.4 1217.271 1180.229 2652.125 2.5166
1078.49 397.271 362.229 1689.625 2.63988
1079.57 788.271 787.229 2097.125 0.07952
1080.65 1117.771 1155.729 2278.125 -3.3819
1081.73 573.771 596.729 1754.625 -1.98277
1082.81 392.271 379.729 1603.125 1.02515
1083.89 683.771 705.229 1898.625 -1.79809
1084.98 703.771 714.729 1901.625 -0.92328
1086.06 334.771 348.229 1418.125 -1.25791
1087.14 332.771 399.729 1524.125 -5.95505
1088.22 619.771 636.729 1734.125 -1.54533
1089.3 400.271 339.229 1342.625 6.08351
1090.38 1325.771 1283.229 2283.625 4.25249
1091.46 701.771 821.729 1708.625 -13.52564
1092.54 461.771 461.729 1484.625 0.00408
1093.62 546.271 540.229 1456.625 0.65928
1094.7 358.771 390.229 1254.125 -3.64145
1095.78 624.771 571.229 1413.125 6.35965
1096.86 640.771 751.229 1541.625 -13.97507
1097.93 1427.271 1432.729 2117.625 -0.79695
1099.01 977.771 948.729 1681.625 3.96259
1100.09 452.271 412.729 1219.625 4.90047
