196.55 854.08 972.948 1339.379 -32.43925
197.76 1078.92 1427.472 1995.603 -61.35056
198.96 966.979 1340.45 1803.191 -80.70853
200.16 688.122 796.077 1227.164 -25.04256
201.36 1133.087 1587.379 2062.06 -95.70476
202.56 780.589 990.115 1401.163 -50.97378
203.76 667.009 849.94 1265.984 -43.969
204.96 776.43 932.264 1411.806 -32.4966
206.16 604.475 712.367 946.298 -46.12087
207.36 937.854 1181.173 1687.519 -48.05371
208.56 815.487 1052.507 1476.29 -55.92944
209.76 560.265 637.704 982.138 -22.48312
210.96 695.398 888.539 1380.408 -39.26659
212.16 1403.775 2056.997 2537.841 -135.8493
213.36 911.6 1126.644 1600.47 -45.38466
214.56 773.491 890.479 1274.997 -30.42474
215.76 1264.509 1834.94 2402.485 -100.50848
216.96 1102.561 1568.862 2050.473 -96.82122
218.16 817.426 985.792 1447.599 -36.45804
219.35 652.221 716.838 1152.749 -14.8235
220.55 717.662 872.359 1328.661 -33.90257
221.75 732.163 810.596 1150.265 -23.09084
222.95 1080.124 1461.314 1932.768 -80.85404
224.15 852.685 1090.029 1574.459 -48.99438
225.35 685.177 782.472 1287.36 -19.27063
226.55 694.408 792.831 1188.111 -24.89971
227.75 1021.624 1378.814 1879.768 -71.30188
228.94 882.765 1122.204 1555.138 -55.30629
230.14 760.19 919.113 1379.351 -34.53057
231.34 659.428 847.028 1265.702 -44.80815
232.54 628.868 780.549 1133.115 -43.02208
233.74 668.874 805.869 1171.11 -37.5081
234.93 699.737 791.951 1221.947 -21.44536
236.13 781.465 951.574 1439.095 -34.89248
237.33 776.731 930.131 1313.452 -40.01877
238.53 671.602 887.381 1239.073 -61.3543
239.72 1006.86 1373.993 1901.015 -69.66162
240.92 530.511 562.676 918.088 -9.05011
242.12 897.31 1152.807 1622.13 -54.43919
243.31 609.473 755.63 1186.695 -33.90605
244.51 523.674 627.0 952.653 -31.72888
245.71 978.654 1278.803 1722.062 -67.7143
246.9 1196.174 1688.0 2212.153 -93.83254
248.1 746.136 950.954 1448.759 -41.14415
249.3 732.65 982.33 1398.854 -59.9438
250.49 747.366 893.313 1321.511 -34.08385
251.69 845.376 1049.106 1539.214 -41.56826
252.89 724.313 916.154 1388.919 -40.57855
254.08 538.765 579.204 954.138 -10.78575
255.28 815.069 976.919 1400.072 -38.24851
256.47 538.041 577.666 955.382 -10.49063
257.67 892.32 1159.099 1530.833 -71.76613
258.86 937.886 1172.898 1590.417 -56.28795
260.06 707.21 917.809 1356.442 -48.01274
261.26 1069.711 1459.546 1914.546 -85.67778
262.45 789.495 939.063 1294.389 -42.09317
263.65 542.97 565.158 907.488 -6.48146
264.84 903.584 1081.531 1469.771 -45.83434
266.04 628.813 804.154 1217.419 -42.42827
267.23 468.126 487.661 823.556 -5.81573
268.42 610.936 706.584 1015.802 -30.93256
269.62 785.943 882.641 1322.401 -21.98865
270.81 790.676 959.736 1397.256 -38.64061
272.01 733.182 923.056 1333.752 -46.2324
273.2 885.984 1164.034 1567.583 -68.90136
274.4 564.091 664.852 908.767 -41.30987
275.59 837.001 1028.883 1499.385 -40.78243
276.78 802.392 892.718 1361.913 -19.25142
277.98 654.388 772.746 1191.206 -28.28409
279.17 705.608 903.201 1285.069 -51.74364
280.37 698.289 837.985 1198.621 -38.73589
281.56 535.412 528.915 926.504 1.63406
282.75 578.745 617.508 1021.047 -9.6057
283.95 694.224 801.186 1237.537 -24.51285
285.14 702.037 863.193 1247.675 -41.91505
286.33 596.829 700.267 1012.118 -33.16914
287.52 795.111 948.548 1368.358 -36.54936
288.72 869.222 1136.95 1615.434 -55.9533
289.91 1020.031 1410.373 1957.179 -71.38576
291.1 805.771 1007.024 1453.634 -45.06254
292.29 794.16 997.623 1395.057 -51.19421
293.49 808.575 1044.239 1446.568 -58.5749
294.68 593.277 729.845 997.629 -50.99897
295.87 658.219 803.102 1201.145 -36.39874
297.06 802.844 940.38 1418.817 -28.74682
298.26 427.41 420.179 733.9 2.30502
299.45 665.973 789.13 1098.195 -39.8483
300.64 647.662 822.859 1190.661 -47.63383
301.83 721.928 857.028 1294.202 -30.90306
303.02 613.259 630.384 1057.142 -4.0129
304.21 855.529 1123.525 1573.39 -59.57269
305.4 700.505 875.356 1160.092 -61.40809
306.59 726.041 920.166 1316.882 -48.93289
307.79 670.025 803.053 1187.683 -34.58586
308.98 542.69 579.113 932.851 -10.29659
310.17 826.905 966.081 1430.275 -29.98228
311.36 661.547 857.597 1178.563 -61.08105
312.55 1080.712 1560.657 2066.731 -94.83684
313.74 491.904 584.359 957.404 -24.78374
314.93 856.487 1009.007 1474.29 -32.77993
316.12 685.652 787.067 1192.958 -24.98571
317.31 464.837 406.823 740.217 17.40081
318.5 528.904 574.859 920.404 -13.29916
319.69 652.739 830.799 1262.736 -41.2234
320.88 706.705 736.225 1134.55 -7.41108
322.07 542.985 607.271 993.686 -16.63623
323.26 562.378 607.342 935.817 -13.68869
324.45 449.912 447.415 793.504 0.72144
325.64 649.545 766.749 1195.274 -27.35065
326.83 781.771 996.024 1395.634 -53.61575
328.01 643.352 738.436 1110.916 -25.52727
329.2 827.525 976.053 1403.683 -34.73273
330.39 581.344 727.38 1086.817 -40.62894
331.58 601.098 542.908 969.366 13.64505
332.77 942.279 1253.081 1742.233 -63.53892
333.96 468.68 448.82 671.648 8.91268
335.15 555.606 524.964 868.466 8.92045
336.33 494.598 590.908 878.866 -33.44569
337.52 599.412 719.415 1040.504 -37.37387
338.71 657.479 710.45 1050.191 -15.59162
339.9 557.938 614.932 995.09 -14.99213
341.08 646.351 688.2 1067.812 -11.02424
342.27 765.577 879.475 1376.672 -22.90813
343.46 880.862 1063.729 1446.619 -47.75968
344.65 768.362 897.229 1356.119 -28.08233
345.83 831.616 983.257 1460.668 -31.76322
347.02 499.93 470.264 791.306 9.24031
348.21 808.936 1021.584 1513.302 -43.24616
349.4 460.204 462.989 862.946 -0.69648
350.58 639.954 718.045 1108.789 -19.98518
351.77 575.874 575.369 941.11 0.13808
352.96 445.592 324.088 698.37 32.4633
354.14 631.382 619.926 1114.21 2.31779
355.33 509.473 536.13 920.695 -6.93173
356.51 411.305 387.098 701.82 7.69166
357.7 672.16 679.734 1173.743 -1.53317
358.89 573.291 511.721 949.225 14.07302
360.07 857.619 915.105 1399.957 -11.85643
361.26 867.411 1061.79 1572.085 -38.09153
362.44 737.774 733.483 1177.108 0.96724
363.63 642.616 481.743 950.435 34.32366
364.81 674.979 531.437 1069.458 26.6797
366.0 462.584 276.518 729.538 41.07242
367.18 1188.199 1403.392 2092.821 -31.21316
368.37 586.075 529.85 875.253 16.27819
369.55 741.137 737.065 1246.445 0.79932
370.74 791.45 911.572 1458.582 -21.95974
371.92 1003.792 1158.332 1668.41 -30.29749
373.11 659.506 476.078 1016.963 33.91258
374.29 559.37 421.772 908.985 28.24183
375.48 621.716 531.741 1060.623 17.01242
376.66 562.069 441.53 902.257 26.16284
377.84 932.575 953.85 1582.253 -3.3855
379.03 628.01 405.051 908.67 44.27135
380.21 543.208 332.184 747.024 50.86887
381.39 539.962 266.212 675.074 66.95427
382.58 909.353 816.548 1409.101 15.66197
383.76 1089.855 1148.784 1715.705 -10.39457
384.94 1175.026 1254.164 1936.868 -11.59188
386.13 724.633 426.593 963.237 55.53777
387.31 884.605 618.339 1185.047 46.98468
388.49 783.365 474.688 1029.093 55.67726
389.68 942.121 637.952 1263.246 48.64415
390.86 931.748 567.466 1204.521 57.18218
392.04 1159.406 982.706 1677.693 25.42498
393.22 833.248 445.466 1111.021 58.26445
394.41 889.992 473.202 1085.367 68.08458
395.59 784.091 193.463 865.952 87.8272
396.77 1026.123 552.689 1295.349 63.74838
397.95 1075.607 637.576 1375.151 59.38804
399.13 1177.653 792.678 1560.643 50.12916
400.31 989.528 447.511 1233.657 68.94607
401.5 1164.038 626.304 1514.36 60.55178
402.68 1328.462 734.712 1616.074 67.36738
403.86 1195.807 434.445 1296.108 88.35962
405.04 1435.914 807.263 1861.292 59.6427
406.22 1204.597 367.783 1341.448 85.94481
407.4 1356.043 697.013 1747.671 62.72549
408.58 1495.381 814.301 1875.791 64.16264
409.76 1579.843 947.755 2029.398 58.4378
410.94 1552.248 624.466 1721.521 84.57024
412.12 1477.027 502.9 1505.972 97.11442
413.3 1405.391 359.093 1500.994 91.62769
414.48 1390.174 371.111 1363.838 102.65296
415.66 1462.541 445.277 1491.567 97.22584
416.84 1941.704 1233.1 2392.132 61.1376
418.02 1569.329 623.378 1795.303 80.71774
419.2 1561.077 419.586 1512.357 104.45843
420.38 1747.405 583.97 1792.589 96.26147
421.56 1689.131 427.245 1581.949 109.28221
422.74 2046.568 1081.794 2295.154 79.51256
423.92 1875.502 865.995 2097.57 81.96876
425.1 1681.674 464.111 1706.838 97.97515
426.28 1596.26 405.995 1712.327 91.115
427.46 2256.103 1356.492 2799.259 62.35318
428.63 1867.303 571.861 2000.716 90.66294
429.81 2023.349 687.964 1968.209 104.30699
430.99 2066.855 754.784 2180.705 92.01571
432.17 2240.176 1145.347 2523.941 79.41634
433.35 2121.766 827.316 2288.823 88.56952
434.52 1728.051 155.069 1442.77 122.15431
435.7 1889.244 376.383 1827.128 104.28161
436.88 2195.861 840.104 2306.7 92.44241
438.06 2099.327 552.531 2072.014 101.7975
439.23 2142.331 399.115 1956.406 111.93898
440.41 2431.059 594.126 2298.869 107.75423
441.59 2548.778 828.456 2548.315 100.02693
442.77 2349.91 276.679 1951.4 123.79561
443.94 2535.212 760.657 2663.231 93.27128
445.12 2587.549 769.833 2568.167 101.07782
446.3 2770.488 1093.118 2946.475 90.50442
447.47 2677.033 666.72 2632.968 102.24111
448.65 2907.742 720.646 2715.525 109.63553
449.82 2902.242 500.146 2418.525 125.21489
451.0 3045.72 609.213 2599.83 122.39957
452.18 3252.579 476.823 2644.96 128.02491
453.35 3302.369 530.16 2753.3 124.69792
454.53 3303.46 558.865 2819.285 121.41969
455.7 3233.817 334.238 2713.311 121.87851
456.88 3563.095 945.935 3424.159 105.60626
458.05 3533.914 591.763 3040.792 120.13541
459.23 3608.355 315.784 2806.205 132.20943
460.4 4035.369 580.16 3298.8 127.0933
461.58 4352.438 719.432 3462.09 132.46294
462.75 4269.049 315.333 3204.667 136.83835
463.93 4608.437 628.696 3520.987 137.59821
465.1 4660.637 525.065 3629.945 133.19588
466.28 4443.462 218.101 3243.888 139.645
467.45 4406.869 146.66 3291.8 135.45372
468.63 4606.288 523.249 3846.018 122.88062
469.8 4986.512 870.287 4222.273 122.79957
470.97 4932.258 405.259 3823.724 132.42784
472.15 5331.253 595.675 4138.332 133.67309
473.32 5813.462 704.601 4322.388 141.21508
474.49 6222.416 859.499 4671.896 140.67048
475.67 6037.708 507.573 4177.839 150.67396
476.84 5982.521 327.08 4088.476 150.35485
478.01 6229.176 636.347 4688.941 138.00615
479.19 6060.604 548.728 4557.862 137.48298
480.36 5861.856 309.02 4472.808 133.36021
481.53 6089.371 596.897 4836.903 129.53928
482.7 6199.216 497.129 4733.938 134.58447
483.88 6363.142 275.774 4583.755 141.30442
485.05 6576.595 361.935 4823.659 139.2883
486.22 6980.442 478.405 4938.797 145.77275
487.39 7044.406 333.595 4795.508 150.4021
488.56 7440.93 485.876 5021.991 153.32622
489.74 7772.351 897.2 5619.313 145.59481
490.91 7305.156 242.651 4990.851 148.74069
492.08 7174.93 375.876 5230.491 140.05341
493.25 7030.478 278.714 5092.587 140.25637
494.42 7094.799 476.778 5228.824 139.26677
495.59 7141.515 417.26 5317.48 137.22352
496.76 7253.101 465.756 5367.155 138.47771
497.93 7660.976 610.478 5616.483 140.84079
499.1 7807.202 572.753 5591.843 144.13866
500.27 8443.426 1040.792 6267.099 141.64178
501.44 8652.483 1228.534 6296.083 146.49981
502.61 8313.029 423.137 5408.076 158.2746
503.78 8380.539 629.929 5761.278 151.04429
504.95 8638.819 1123.474 6516.415 139.35523
506.12 8240.666 696.943 5888.053 145.32003
507.29 7913.224 335.186 5433.538 148.63701
508.46 7776.283 32.165 5307.125 146.80904
509.63 8416.283 1258.165 6645.125 132.87862
510.8 8721.432 1179.612 6671.095 137.33667
511.97 8273.268 558.552 5824.426 146.50398
513.14 8499.428 258.528 5792.702 148.9093
514.31 8945.889 785.746 6241.206 149.57755
515.48 9195.644 495.01 6045.359 156.75832
516.65 9315.335 525.087 6124.614 156.98198
517.81 9571.553 355.806 5922.374 165.55528
518.98 9734.887 695.01 6349.102 159.88202
520.15 9400.974 161.13 5858.695 162.17181
521.32 9574.118 703.605 6464.457 153.97919
522.49 10054.33 1502.503 7468.221 143.3495
523.65 9852.404 1158.859 7184.404 144.27815
524.82 9534.208 638.073 6545.839 150.58374
525.99 9569.457 78.517 6017.496 159.80761
527.16 10129.303 631.25 6882.031 151.94986
528.32 10290.066 730.182 7018.969 152.01477
529.49 10653.245 411.619 6654.732 164.04678
530.66 10810.475 114.367 6539.298 166.47816
531.82 11217.035 180.957 6592.071 172.13978
532.99 11545.643 320.274 6997.255 168.12041
534.16 11753.358 444.256 7148.912 168.67537
535.32 12136.785 794.401 7641.229 165.65897
536.49 12152.599 294.408 7207.866 171.52329
537.65 12467.581 1011.059 8080.564 162.05551
538.82 12070.023 321.816 7430.58 165.26373
539.99 12429.291 642.721 8076.725 158.54943
541.15 12448.058 818.39 8357.766 154.25239
542.32 12554.733 147.979 7854.74 160.98532
543.48 13633.07 811.155 8785.676 160.78603
544.65 13994.37 992.785 8917.718 164.05925
545.81 14922.426 1483.292 10133.099 155.36918
546.98 15386.376 503.106 9285.714 169.46299
548.14 16258.426 783.792 9857.099 170.5512
549.31 16739.031 402.873 9415.179 181.26502
550.47 17196.166 469.443 9763.554 179.97121
551.63 17987.053 914.806 10766.874 173.28592
552.8 18025.178 454.584 10034.545 183.40986
553.96 17935.59 459.852 10240.767 178.67181
555.13 18317.479 391.45 10690.69 174.05195
556.29 18600.936 934.084 11394.302 168.89564
557.45 18510.191 274.46 10552.64 177.4218
558.62 18943.264 523.468 11224.534 172.13047
559.78 19095.877 771.606 11627.214 168.80004
560.94 18942.391 371.982 11276.809 170.29531
562.11 19758.092 391.088 11510.37 174.17495
563.27 20239.076 157.975 11361.672 179.23638
564.43 20565.629 32.397 11656.66 176.64115
565.59 21338.221 205.838 12004.749 179.10452
566.76 22236.207 351.073 12192.839 184.8131
567.92 23037.191 571.349 12448.455 189.15249
569.08 23410.555 715.042 13216.978 181.53599
570.24 23666.514 352.024 12896.877 185.84904
571.4 23964.217 226.366 12819.042 188.50521
572.57 24003.877 367.342 13100.317 185.63246
573.73 23691.271 55.524 13072.134 181.58144
574.89 23995.951 452.697 13544.0 179.83889
576.05 24306.969 476.158 13770.987 179.24871
577.21 23980.479 157.714 13514.587 178.35585
578.37 24124.137 18.954 13640.76 176.96026
579.53 24782.1 193.644 13978.47 178.37335
580.69 25242.74 597.535 14724.34 174.45704
581.85 25472.068 351.919 14327.072 179.74865
583.01 26137.844 401.88 14435.816 183.38378
584.17 26853.65 484.83 14656.854 186.06248
585.33 27195.957 572.517 14948.496 185.19393
586.49 27845.672 377.763 14735.049 191.31687
587.65 28369.799 573.278 15187.824 190.19763
588.81 28445.113 566.521 15553.064 186.02416
589.97 29153.195 929.433 15628.847 192.00604
591.13 28576.857 421.02 15287.808 189.3875
592.29 28287.465 336.574 15254.096 187.36953
593.45 28725.906 213.595 14965.508 193.27874
594.61 28273.768 134.052 15178.927 187.03855
595.77 27721.949 196.961 15395.896 181.09813
596.93 27517.492 91.091 14998.683 183.97607
598.09 27542.201 382.753 15545.343 179.12143
599.24 27712.652 138.067 15446.458 180.12726
600.4 27791.672 291.763 15433.549 181.61602
601.56 27708.814 233.39 15322.522 182.0875
602.72 27955.346 368.616 15465.42 182.73225
603.87 28677.252 473.064 15310.146 190.09255
605.03 28391.846 232.116 15238.92 187.64642
606.19 28763.801 148.514 14826.428 194.95473
607.35 28809.965 -3.926 15131.096 190.37892
608.5 29192.793 594.457 15492.328 191.96257
609.66 29859.914 989.651 15859.107 194.15816
610.82 29310.74 146.299 15137.236 194.54715
611.97 29103.936 125.084 14915.802 195.92593
613.13 29711.959 573.754 15514.6 195.0238
614.29 28915.859 496.993 15383.016 190.90973
615.44 28938.898 717.539 15456.908 191.46925
616.6 28693.943 180.141 14843.401 194.45745
617.76 28421.174 663.0 15414.652 188.16993
618.91 28667.623 726.314 15170.268 193.4464
620.07 28017.869 641.049 15204.114 187.98804
621.22 27489.652 17.567 14577.958 188.67684
622.38 28532.936 1061.084 15637.302 188.47037
623.53 27345.717 78.366 14625.542 187.44085
624.69 27774.287 112.137 14268.832 195.39978
625.84 27658.555 217.542 14299.978 194.85985
627.0 27939.85 488.964 14831.709 191.39213
628.15 28244.219 -0.398 14734.646 191.68329
629.31 27994.754 318.175 14728.331 192.06301
630.46 28408.764 -23.532 14344.034 197.89222
631.61 28534.131 374.134 14629.264 197.5429
632.77 29056.881 228.189 14833.106 197.39031
633.92 28922.844 495.38 14691.816 200.24366
635.08 29138.365 949.577 15177.407 198.12429
636.23 29127.391 308.482 14744.809 199.62771
637.38 28227.203 -74.511 14334.446 196.4175
638.54 28471.016 654.76 15135.48 192.09165
639.69 28259.408 936.831 15459.111 188.14247
640.84 28553.84 490.402 14738.753 196.9592
641.99 27796.135 97.409 14039.882 198.66437
643.15 28194.432 816.916 14835.512 195.29428
644.3 27458.227 95.422 14179.142 194.28678
645.45 27224.023 -58.071 14110.771 192.54992
646.6 27821.818 811.436 15075.401 189.36096
647.75 27435.115 161.942 14418.031 191.30894
648.91 27955.912 -136.551 13971.661 199.12135
650.06 27610.707 225.455 14825.291 187.57233
651.21 28869.004 417.462 14565.42 201.09999
652.36 28314.799 450.969 14709.05 195.42483
653.51 28472.596 101.475 14213.68 201.03961
654.66 28598.891 273.982 14861.81 194.16811
655.81 29130.188 651.989 15048.939 197.80716
656.96 29409.482 69.495 14402.569 204.70129
658.11 29139.779 365.002 14800.199 199.33761
659.27 29755.576 531.009 14925.328 203.02848
660.42 29280.871 29.015 14459.958 202.70232
661.57 30086.668 421.022 14835.088 205.8104
662.72 28784.963 -139.971 14611.718 196.0788
663.87 29550.26 -99.965 14122.848 208.46949
665.01 29539.555 316.042 14693.978 203.2525
666.16 30270.852 41.049 14739.607 205.66508
667.31 30075.146 95.555 14982.237 201.38531
668.46 30908.443 760.562 15722.366 201.49897
669.61 30159.738 206.069 15547.996 195.24059
670.76 31001.535 4.575 15214.626 203.79261
671.91 31199.332 769.582 16378.756 194.94786
673.06 31539.127 519.589 16014.886 200.18679
674.21 30744.424 -161.405 15583.016 196.29702
675.35 31466.719 284.102 15720.146 202.01172
676.5 31402.016 167.609 15849.774 199.17151
677.65 31890.311 72.615 15783.904 202.51486
678.8 31559.607 -110.878 15727.034 199.96629
679.94 32824.902 40.629 16048.164 204.80525
681.09 34010.699 370.135 17049.793 201.68618
682.24 34729.496 363.142 17513.924 200.37777
683.39 34298.793 -1.851 17222.553 199.1398
684.53 35614.586 558.155 17196.684 210.6943
685.68 35397.883 214.662 17614.813 202.20067
686.83 36055.68 301.169 17607.443 206.59854
687.97 36054.477 298.175 17622.072 206.39872
689.12 36315.77 178.182 17514.703 208.44775
690.27 35282.566 68.189 17408.832 203.07423
691.41 36623.863 468.195 17969.961 206.58297
692.56 36169.16 358.702 17742.592 205.99796
693.7 37034.457 378.709 17681.721 211.84605
694.85 36450.75 48.215 17192.852 212.32608
695.99 36497.547 398.222 17794.98 207.50604
697.14 35866.344 184.229 17551.111 205.46068
698.28 35929.141 342.735 18251.74 198.70677
699.43 36045.934 391.242 18390.369 198.09123
700.57 36262.73 -74.251 17710.5 204.31538
701.72 36104.527 -50.745 17219.129 209.35458
702.86 36023.824 -107.738 17549.26 204.63027
704.01 37363.117 50.269 17415.389 214.87239
705.15 37009.414 433.275 18332.02 204.35031
706.29 37165.211 126.782 17723.648 210.48309
707.44 37331.008 171.288 18374.777 204.13515
708.58 37477.305 -124.205 17936.408 208.1962
709.72 37817.598 629.302 18731.037 205.4405
710.87 38132.395 -137.192 17783.168 213.55367
712.01 37837.191 0.315 17644.297 214.44636
713.15 38968.488 217.322 18427.928 212.79449
714.3 38430.781 348.828 17921.557 216.71053
715.44 38582.078 92.335 18611.186 207.84089
716.58 38572.875 277.342 18420.816 211.07056
717.72 38637.172 52.848 18398.945 210.31353
718.87 40011.969 240.855 18262.076 220.69045
720.01 38199.262 117.362 18078.205 212.02735
721.15 38354.059 -54.132 17879.836 214.16449
722.29 38506.855 345.875 18022.965 215.87818
723.43 38951.652 498.882 18553.596 212.97912
724.57 38419.945 450.388 18287.225 212.87159
725.72 37853.242 244.895 18067.354 211.01661
726.86 38999.539 678.902 18459.484 215.51958
728.0 37574.336 164.408 17772.113 212.46339
729.14 38187.133 -2.085 17477.244 218.48217
730.28 37279.926 481.422 17805.373 212.41403
731.42 38213.723 10.928 17753.004 215.32314
732.56 38791.52 722.435 18545.133 213.59889
733.7 38199.816 386.942 18597.262 207.64531
734.84 37907.609 -127.052 17331.393 217.85825
735.98 37527.906 148.955 17932.521 210.18816
737.12 38582.703 -3.038 17789.152 216.86897
738.26 38064.0 17.468 17486.281 217.79689
739.4 38518.797 228.475 17917.912 216.45868
740.53 38128.59 407.482 18162.541 212.45273
741.67 38008.387 273.488 17733.67 216.11974
742.81 38380.684 -222.505 17185.301 221.75792
743.95 37326.48 241.002 17969.93 209.1806
745.09 38595.273 19.508 17370.561 222.32522
746.23 38345.07 399.515 17605.189 220.54093
747.36 38134.367 453.522 17477.32 221.34217
748.5 38061.164 60.028 17069.949 223.40572
749.64 36915.961 25.035 17006.078 217.2477
750.78 37609.754 -5.458 16833.209 223.38592
751.92 37049.551 74.548 16909.838 219.62796
753.05 37004.348 155.555 16258.969 228.82597
754.19 38323.145 635.562 16783.098 233.39525
755.33 36493.938 -151.932 16117.228 225.24747
756.46 36599.234 245.075 16057.357 229.91089
757.6 36290.531 82.082 15697.487 231.87646
758.74 35708.328 562.088 16315.617 223.10074
759.87 35329.621 244.595 16092.247 221.38943
761.01 34530.418 271.102 15563.377 224.03021
762.14 35058.215 234.608 15825.006 223.36574
763.28 35153.012 408.115 15272.136 233.75167
764.41 34220.809 249.121 15157.766 227.86571
765.55 34314.102 -123.872 14748.896 231.55054
766.69 33212.898 289.635 15202.025 220.77791
767.82 33831.695 266.641 15014.155 227.59805
768.95 33386.992 26.148 14525.285 230.08848
770.09 32097.287 737.655 15281.915 215.61518
771.22 33336.082 661.661 15275.044 223.59245
772.36 32583.879 504.168 14678.674 226.31978
773.49 31893.176 489.175 14838.804 218.84887
774.63 31851.471 196.181 14003.434 229.26567
775.76 30976.268 154.688 13969.563 223.10429
776.89 31493.563 428.195 14067.693 227.76034
778.03 31653.859 360.201 13450.823 239.05402
779.16 30930.154 8.708 13358.952 231.61709
780.29 30239.451 308.215 13035.582 235.17225
781.43 30715.246 606.221 13093.712 241.11349
782.56 29500.043 315.228 13181.842 226.82592
783.69 29393.34 11.735 12475.972 235.72727
784.82 29019.635 233.241 12821.602 228.67469
785.96 28386.432 116.748 12587.731 226.68368
787.09 28241.727 204.255 12186.361 233.99451
788.22 27790.523 394.261 12237.99 231.3145
789.35 28049.818 157.768 11739.62 240.82547
790.48 27328.615 142.275 12009.25 229.09242
791.62 26995.91 580.281 11944.38 232.44808
792.75 26952.207 5.288 11194.01 240.84001
793.88 26132.502 737.795 11788.14 229.80918
795.01 26084.299 353.801 11355.77 233.87177
796.14 26067.596 404.808 11514.898 230.98631
797.27 25131.391 493.815 11487.528 224.10604
798.4 25482.688 283.321 10909.158 237.15183
799.53 25172.482 -4.672 10310.788 244.07204
800.66 23834.779 316.335 10739.418 225.63808
801.79 25113.074 1276.841 11846.548 225.51461
802.92 24151.371 199.848 10216.178 239.12475
804.05 23464.166 381.855 10327.308 232.08909
805.18 23575.463 290.861 10017.937 239.37927
806.31 23873.26 215.868 9756.066 247.97589
807.44 23231.055 -64.625 9580.196 241.53562
808.57 23341.352 400.381 10089.826 236.76248
809.69 22998.146 400.888 9940.456 236.87926
810.82 21306.443 -163.605 9102.586 231.70306
811.95 23234.738 988.401 10112.216 243.82715
813.08 21782.535 103.908 8928.345 245.66584
814.21 21419.33 1064.915 10169.975 223.55059
815.33 21562.127 282.921 9203.104 238.55122
816.46 20742.922 308.928 9013.734 234.7438
817.59 20422.219 847.435 9490.864 226.4701
818.72 20838.016 504.441 8670.494 249.00126
819.84 20713.811 896.448 9116.124 241.09663
820.97 19619.107 446.454 8550.754 236.57385
822.1 19617.902 593.961 8538.383 239.46288
823.22 18952.699 -30.532 7767.513 243.43578
824.35 19204.494 92.474 7844.143 246.55364
825.48 18933.291 574.481 7850.272 252.32733
826.6 18190.586 310.488 7455.902 250.23178
827.73 17849.383 -144.506 7245.032 243.50494
828.85 18525.18 268.501 7361.662 257.38426
829.98 18043.475 610.008 7638.292 248.04728
831.11 17672.271 70.014 6945.921 255.99906
832.23 17366.566 81.521 6962.051 251.21678
833.36 17481.863 524.528 7592.181 239.92881
834.48 16574.158 259.034 6894.811 245.8661
835.6 17165.955 482.041 7014.94 255.38299
836.73 16894.25 -7.952 6711.07 251.55747
837.85 16037.547 535.054 6989.7 240.17574
838.98 16347.343 -104.439 6228.33 259.78814
840.1 16297.139 458.568 6766.959 251.07147
841.23 15735.435 371.074 6570.589 247.83167
842.35 16123.23 720.581 7111.219 241.01897
843.47 15822.526 248.588 6354.849 255.04869
844.6 15060.822 26.594 6149.978 245.52157
845.72 15264.119 155.101 6077.608 255.11187
846.84 15477.415 134.608 5955.738 263.57094
847.96 15081.711 139.114 5813.368 263.34031
849.09 14786.507 58.121 5820.497 255.59571
850.21 14776.803 232.628 5935.127 255.04913
851.33 14551.599 385.134 5976.757 253.35159
852.45 14003.895 25.141 5610.387 250.28001
853.57 14079.19 232.148 5832.016 247.27443
854.7 13703.486 67.654 5477.146 252.07233
855.82 13600.783 -0.339 5659.776 240.29763
856.94 13900.579 485.168 5827.405 251.11971
858.06 13248.875 -64.326 5132.035 256.20239
859.18 13426.671 425.181 5653.165 248.69031
860.3 13644.467 244.688 5345.295 262.70948
861.42 13038.763 -89.306 5013.424 257.27539
862.54 12616.059 -65.799 4962.554 252.20697
863.66 12615.354 50.708 4975.184 255.14685
864.78 13006.15 186.714 5073.814 262.31174
865.9 12676.446 244.221 5222.943 249.70714
867.02 13562.743 1277.228 6443.073 237.82196
868.14 13129.539 879.234 5701.203 254.05192
869.26 12494.835 575.741 5163.833 259.78323
870.38 11770.631 -90.252 4456.962 260.83842
871.5 11626.927 -94.746 4453.592 257.71331
872.62 12017.223 69.761 4578.222 265.00087
873.74 11907.019 699.268 5511.852 232.88427
874.85 11396.167 40.271 4430.417 258.66787
875.97 11332.667 286.271 4564.417 258.20524
877.09 11423.167 373.271 4811.917 248.94747
878.21 11068.167 220.771 4370.917 261.37387
879.33 11228.667 334.771 4641.417 252.95548
880.44 10867.667 254.771 4375.417 257.5542
881.56 10554.167 111.271 4114.417 260.86725
882.68 10611.167 256.271 4367.917 251.84311
883.79 10994.667 826.771 4988.417 244.32393
884.91 10620.667 -58.229 3702.917 283.92666
886.03 10502.667 456.271 4455.417 251.21356
887.14 10860.167 659.271 4800.417 246.33029
888.26 10752.667 777.271 4809.917 247.36605
889.38 10988.167 636.271 4577.417 262.6621
890.49 10460.167 -89.729 4014.417 257.05461
891.61 11204.167 307.771 4176.917 281.62279
892.72 10619.167 -13.229 4058.417 261.13263
893.84 10955.167 -99.229 3906.917 275.93593
894.95 10706.667 -87.229 3941.917 267.89539
896.07 11129.167 152.271 4075.417 279.79831
897.18 10978.167 384.271 4307.417 270.03576
898.3 10537.167 -41.229 3881.917 269.64065
899.41 10892.167 577.271 4446.917 266.55919
900.53 10494.667 335.771 4029.417 275.03709
901.64 10399.667 462.271 4350.417 255.58189
902.75 10151.667 262.771 4055.917 260.70434
903.87 10103.667 116.771 3876.417 265.63396
904.98 10336.167 403.771 4044.917 272.78215
906.09 9804.667 235.771 3943.917 258.05069
907.21 9910.167 438.771 3919.917 272.07697
908.32 9276.667 198.271 3488.417 275.92686
909.43 9247.167 650.771 3977.917 258.37148
910.54 9368.167 280.271 3820.917 256.6734
911.66 9452.167 1160.771 4581.417 242.39272
912.77 8593.667 85.771 3214.417 271.93541
913.88 8601.167 300.271 3645.417 248.14751
914.99 8263.667 69.271 3371.417 248.15367
916.1 8838.167 349.771 3617.417 259.77099
917.22 8256.667 58.771 2918.417 286.67522
918.33 8502.667 688.771 3724.917 257.36234
919.44 8276.167 270.271 3384.417 257.0816
920.55 8556.667 660.771 3674.417 262.00477
921.66 7854.667 428.771 3272.917 261.09405
922.77 7971.167 488.271 3282.417 267.80619
923.88 8060.667 623.271 3542.917 254.73622
924.99 7519.167 373.771 3227.417 250.39532
926.1 7099.167 -11.229 2623.917 269.8293
927.21 7176.167 652.771 3484.417 230.3747
928.32 6864.667 -84.729 2456.417 273.47488
929.43 6944.167 251.771 2756.917 267.14594
930.54 6542.667 111.271 2439.417 276.24539
931.65 6620.167 266.271 2607.917 271.34315
932.76 6445.167 381.771 2750.917 255.93171
933.86 6329.167 302.271 2464.417 278.74602
934.97 6111.667 113.771 2305.417 273.67083
936.08 5823.167 164.771 2138.417 286.69761
937.19 5616.167 708.271 2768.917 238.17268
938.3 5016.667 472.271 2273.917 252.23578
939.4 4726.167 674.771 2431.417 230.63246
940.51 4309.167 305.271 1864.417 256.8006
941.62 4222.167 503.771 1984.417 251.13337
942.73 4362.667 1102.771 2513.917 231.01053
943.83 3641.667 302.771 1592.417 258.90023
944.94 3527.667 338.271 1721.417 230.59
946.05 3393.667 -35.729 1180.417 281.98888
947.15 3619.667 -25.729 1255.417 284.54185
948.26 3673.667 228.771 1623.917 246.92014
949.36 3976.167 98.271 1469.917 282.71846
950.47 3948.667 326.771 1819.917 242.56814
951.57 4411.167 844.771 2349.917 236.94684
952.68 4186.167 568.771 1976.417 256.98195
953.79 4121.667 439.271 2026.417 232.0137
954.89 4056.167 121.771 1668.417 254.38248
955.99 4253.167 391.271 2152.917 219.22088
957.1 4256.667 230.271 1637.417 286.1392
958.2 4243.167 271.271 1806.417 258.73085
959.31 4298.167 455.771 2090.917 234.98794
960.41 4116.667 130.271 1642.917 263.53795
961.52 4066.667 10.271 1452.917 281.17754
962.62 4280.667 493.771 1946.917 260.59985
963.72 3930.667 -50.729 1492.417 258.00517
964.83 4135.667 -70.729 1396.917 286.60837
965.93 4357.167 341.771 1883.917 260.37718
967.03 4399.167 714.271 2232.917 242.6435
968.13 4309.167 466.771 1975.417 254.6917
969.24 4083.167 175.771 1604.417 273.50348
970.34 4058.667 206.771 1605.917 275.3034
971.44 4069.667 265.771 1650.417 274.71978
972.54 4069.667 346.771 1881.917 242.5109
973.64 3740.167 142.271 1643.917 239.59684
974.75 4318.667 1069.771 2472.917 231.54368
975.85 5396.167 3162.271 4867.417 131.00908
976.95 3563.667 189.771 1479.917 261.51276
978.05 3986.667 525.771 1934.917 245.6024
979.15 4127.667 896.271 2298.917 230.37857
980.25 3502.667 99.771 1282.917 287.61425
981.35 3532.667 179.271 1406.417 273.26793
982.45 4074.667 891.771 2297.417 226.43653
983.55 3678.667 462.771 1760.417 247.8254
984.65 3765.667 418.271 1628.917 276.49672
985.75 3480.167 675.271 1828.917 243.1332
986.85 3299.167 372.271 1638.417 231.16579
987.95 3103.667 185.271 1345.917 251.44587
989.05 3408.667 783.271 2071.417 203.812
990.15 3196.167 628.271 1710.417 237.29667
991.25 2966.167 443.271 1513.917 235.64245
992.34 3386.167 835.771 1982.917 222.32535
993.44 3024.667 478.271 1473.917 255.7532
994.54 2890.167 386.771 1334.417 264.17
995.64 2958.167 731.271 1754.417 217.65186
996.74 3073.167 789.271 1829.917 219.46909
997.83 2501.167 73.771 1008.417 259.71291
998.93 2598.667 315.271 1299.917 231.90024
1000.03 3046.167 1230.771 2285.917 172.05165
1001.12 2836.167 704.771 1735.417 206.80198
1002.22 2719.667 729.271 1828.417 181.0857
1003.32 2385.167 272.271 1190.917 230.00115
1004.41 2486.667 467.271 1408.417 214.56781
1005.51 2385.667 402.771 1217.917 243.2566
1006.6 2100.667 188.771 987.917 239.24242
1007.7 2289.667 624.271 1470.917 196.70515
1008.8 1962.667 103.271 755.917 284.90119
1009.89 2159.167 577.771 1331.917 209.69366
1010.99 2284.167 384.771 1149.417 248.40206
1012.08 2063.667 47.271 826.417 258.79569
1013.18 2184.167 394.271 1240.917 211.41024
1014.27 2306.667 202.271 1009.417 260.72065
1015.36 2357.167 334.271 1124.417 256.01553
1016.46 2294.167 402.771 1194.917 238.76866
1017.55 2064.167 148.271 862.917 268.09026
1018.65 2205.667 496.771 1208.917 239.96434
1019.74 2209.667 586.771 1441.917 189.78002
1020.83 2113.167 505.271 1239.417 219.01589
1021.93 1981.667 280.271 1081.417 212.37031
1023.02 1712.167 38.271 740.917 238.22752
1024.11 1679.667 63.771 754.417 233.9688
1025.2 1638.667 88.271 722.417 244.48568
1026.3 1810.667 454.271 1131.917 200.16295
1027.39 1779.667 597.771 1268.417 176.23249
1028.48 1721.167 486.771 1072.417 210.77515
1029.57 1587.667 312.771 901.917 216.39731
1030.66 1537.167 451.771 1035.417 185.96824
1031.75 2126.667 1483.271 2155.917 95.6515
1032.84 1644.667 652.771 1237.417 169.65756
1033.94 1295.167 161.271 678.417 219.26035
1035.03 1544.167 773.771 1262.917 157.49819
1036.12 1152.667 90.271 614.917 202.4977
1037.21 1195.667 66.771 609.417 208.03546
1038.3 1431.167 522.771 1049.417 172.48705
1039.39 1075.167 153.271 549.417 232.71625
1040.48 1228.667 455.771 904.417 172.27303
1041.57 1301.167 616.271 1021.917 168.84082
1042.66 1187.167 441.771 862.917 176.99232
1043.74 1344.167 508.271 928.417 198.95372
1044.83 1173.667 543.271 974.917 146.04467
1045.92 959.667 45.771 481.917 209.53906
1047.01 1168.167 617.771 1054.417 126.05086
1048.1 710.167 96.771 402.417 200.68845
1049.19 1040.667 502.271 822.417 168.17204
1050.27 964.167 342.271 705.417 171.25236
1051.36 915.667 305.271 681.417 162.27638
1052.45 1006.167 469.771 875.417 132.23255
1053.54 886.667 466.771 758.417 143.97457
1054.62 870.167 525.271 900.417 91.93647
1055.71 920.167 467.771 822.917 127.38312
1056.8 1042.667 688.271 1055.917 96.39599
1057.88 780.667 328.771 652.417 139.62665
1058.97 903.167 458.771 804.417 128.56971
1060.06 1097.667 834.771 1296.917 56.8859
1061.14 744.167 367.771 664.417 126.88391
1062.23 1498.667 1608.271 2089.917 -22.75619
1063.31 860.167 547.271 887.917 91.85371
1064.4 662.667 279.271 610.417 115.77855
1065.48 812.667 526.771 738.917 134.76382
1066.57 761.667 362.771 691.917 121.19121
1067.65 790.167 543.771 885.417 72.12025
1068.74 702.167 357.271 635.417 123.9982
1069.82 768.167 544.271 856.417 71.72796
1070.9 1679.667 2151.771 2635.417 -97.61357
1071.99 757.167 561.771 908.917 56.28639
1073.07 616.667 491.771 826.917 37.26612
1074.15 764.667 576.771 914.417 55.6488
1075.24 772.167 526.771 764.417 103.26115
1076.32 740.167 625.771 880.417 44.92351
1077.4 987.167 963.771 1324.417 6.48722
1078.49 534.167 218.271 494.417 114.39458
1079.57 731.667 655.271 905.917 30.47961
1080.65 857.667 866.771 1207.917 -2.66869
1081.73 596.167 382.771 651.417 79.43389
1082.81 476.667 238.271 479.917 98.65506
1083.89 570.667 548.771 799.417 8.73578
1084.98 634.167 533.271 847.417 32.11752
1086.06 458.167 267.771 470.917 93.72372
1087.14 409.167 283.771 487.417 61.57544
1088.22 581.167 524.771 765.417 23.43521
1089.3 423.667 261.771 458.417 82.32863
1090.38 902.167 1101.771 1433.417 -60.18596
1091.46 659.167 598.771 838.417 25.20213
1092.54 462.167 405.771 657.917 22.36635
1093.62 454.167 412.771 674.917 15.79114
1094.7 390.167 186.271 429.417 83.85742
1095.78 504.667 490.771 699.917 6.64408
1096.86 597.167 545.771 843.917 17.2385
1097.93 974.667 1146.271 1458.417 -54.97566
1099.01 691.667 802.271 1099.917 -37.15964
1100.09 471.167 334.271 492.917 86.29021
