196.55 1279.319 972.948 0.0 306.37097
197.76 1909.099 1427.472 0.0 481.62756
198.96 1734.067 1340.45 0.0 393.61682
200.16 1110.759 796.077 0.0 314.6817
201.36 2046.204 1587.379 0.0 458.82471
202.56 1336.561 990.115 0.0 346.44543
203.76 1202.051 849.94 0.0 352.11133
204.96 1370.041 932.264 0.0 437.77716
206.16 975.696 712.367 0.0 263.32947
207.36 1706.903 1181.173 0.0 525.73022
208.56 1396.152 1052.507 0.0 343.64551
209.76 980.951 637.704 0.0 343.24658
210.96 1234.7 888.539 0.0 346.1618
212.16 2604.893 2056.997 0.0 547.896
213.36 1529.36 1126.644 0.0 402.71594
214.56 1266.367 890.479 0.0 375.88721
215.76 2391.551 1834.94 0.0 556.61121
216.96 1966.934 1568.862 0.0 398.07178
218.16 1436.827 985.792 0.0 451.03558
219.35 1054.653 716.838 0.0 337.815
220.55 1229.185 872.359 0.0 356.82581
221.75 1178.042 810.596 0.0 367.44659
222.95 1966.116 1461.314 0.0 504.80249
224.15 1523.441 1090.029 0.0 433.41235
225.35 1173.356 782.472 0.0 390.88348
226.55 1130.643 792.831 0.0 337.81146
227.75 1750.616 1378.814 0.0 371.80249
228.94 1557.451 1122.204 0.0 435.24646
230.14 1350.812 919.113 0.0 431.69965
231.34 1213.684 847.028 0.0 366.65637
232.54 1106.216 780.549 0.0 325.66718
233.74 1182.445 805.869 0.0 376.57532
234.93 1146.324 791.951 0.0 354.37268
236.13 1324.754 951.574 0.0 373.17987
237.33 1235.096 930.131 0.0 304.96466
238.53 1124.717 887.381 0.0 237.33667
239.72 1821.631 1373.993 0.0 447.63843
240.92 863.408 562.676 0.0 300.73212
242.12 1609.105 1152.807 0.0 456.29883
243.31 1106.339 755.63 0.0 350.70862
244.51 909.642 627.0 0.0 282.64197
245.71 1729.1 1278.803 0.0 450.297
246.9 2147.642 1688.0 0.0 459.64209
248.1 1258.073 950.954 0.0 307.11859
249.3 1282.386 982.33 0.0 300.05554
250.49 1305.859 893.313 0.0 412.54645
251.69 1379.802 1049.106 0.0 330.69604
252.89 1289.12 916.154 0.0 372.96539
254.08 831.951 579.204 0.0 252.74658
255.28 1332.519 976.919 0.0 355.60052
256.47 850.892 577.666 0.0 273.22668
257.67 1427.548 1159.099 0.0 268.44849
258.86 1615.744 1172.898 0.0 442.84558
260.06 1280.854 917.809 0.0 363.04468
261.26 1885.211 1459.546 0.0 425.66553
262.45 1256.738 939.063 0.0 317.67444
263.65 816.125 565.158 0.0 250.96716
264.84 1460.69 1081.531 0.0 379.1582
266.04 1117.62 804.154 0.0 313.46539
267.23 796.63 487.661 0.0 308.96896
268.42 1005.77 706.584 0.0 299.18524
269.62 1265.855 882.641 0.0 383.21405
270.81 1298.999 959.736 0.0 339.26276
272.01 1254.227 923.056 0.0 331.1709
273.2 1526.938 1164.034 0.0 362.90405
274.4 934.418 664.852 0.0 269.56628
275.59 1473.966 1028.883 0.0 445.08252
276.78 1239.972 892.718 0.0 347.25378
277.98 1078.258 772.746 0.0 305.51227
279.17 1166.446 903.201 0.0 263.24481
280.37 1272.864 837.985 0.0 434.87878
281.56 862.014 528.915 0.0 333.09875
282.75 936.909 617.508 0.0 319.40161
283.95 1199.667 801.186 0.0 398.48163
285.14 1300.178 863.193 0.0 436.98517
286.33 1062.29 700.267 0.0 362.02307
287.52 1357.96 948.548 0.0 409.41125
288.72 1599.81 1136.95 0.0 462.86084
289.91 1822.45 1410.373 0.0 412.07703
291.1 1372.679 1007.024 0.0 365.65466
292.29 1307.828 997.623 0.0 310.20508
293.49 1371.247 1044.239 0.0 327.00854
294.68 1021.907 729.845 0.0 292.06268
295.87 1090.796 803.102 0.0 287.69427
297.06 1407.461 940.38 0.0 467.08075
298.26 661.157 420.179 0.0 240.978
299.45 1132.339 789.13 0.0 343.20862
300.64 1143.685 822.859 0.0 320.82581
301.83 1202.184 857.028 0.0 345.15637
303.02 1004.723 630.384 0.0 374.3385
304.21 1448.936 1123.525 0.0 325.41052
305.4 1274.68 875.356 0.0 399.3241
306.59 1333.392 920.166 0.0 413.22668
307.79 1121.722 803.053 0.0 318.66901
308.98 840.312 579.113 0.0 261.19965
310.17 1395.743 966.081 0.0 429.6615
311.36 1126.277 857.597 0.0 268.68054
312.55 1990.368 1560.657 0.0 429.71118
313.74 843.429 584.359 0.0 259.06989
314.93 1369.152 1009.007 0.0 360.14557
316.12 1113.243 787.067 0.0 326.17627
317.31 716.875 406.823 0.0 310.05191
318.5 886.929 574.859 0.0 312.06989
319.69 1219.838 830.799 0.0 389.03931
320.88 1039.983 736.225 0.0 303.75732
322.07 999.795 607.271 0.0 392.52484
323.26 885.659 607.342 0.0 278.31683
324.45 682.514 447.415 0.0 235.09875
325.64 1166.263 766.749 0.0 399.51398
326.83 1327.679 996.024 0.0 331.65466
328.01 1021.546 738.436 0.0 283.10956
329.2 1392.222 976.053 0.0 416.16901
330.39 1004.961 727.38 0.0 277.58075
331.58 892.003 542.908 0.0 349.09515
332.77 1663.264 1253.081 0.0 410.18347
333.96 633.37 448.82 0.0 184.55005
335.15 900.088 524.964 0.0 375.12396
336.33 890.503 590.908 0.0 299.59515
337.52 1047.014 719.415 0.0 327.59869
338.71 995.567 710.45 0.0 285.11676
339.9 1014.284 614.932 0.0 399.35181
341.08 1083.189 688.2 0.0 394.98877
342.27 1313.604 879.475 0.0 434.12946
343.46 1465.988 1063.729 0.0 402.25916
344.65 1386.488 897.229 0.0 489.25916
345.83 1527.531 983.257 0.0 544.27356
347.02 832.041 470.264 0.0 361.77719
348.21 1511.27 1021.584 0.0 489.68524
349.4 923.126 462.989 0.0 460.13657
350.58 1210.454 718.045 0.0 492.40942
351.77 1063.445 575.369 0.0 488.07532
352.96 721.775 324.088 0.0 397.68704
354.14 1172.03 619.926 0.0 552.10413
355.33 1054.839 536.13 0.0 518.70862
356.51 887.034 387.098 0.0 499.93649
357.7 1267.485 679.734 0.0 587.75079
358.89 1066.721 511.721 0.0 554.99957
360.07 1535.045 915.105 0.0 619.94019
361.26 1744.314 1061.79 0.0 682.5238
362.44 1290.35 733.483 0.0 556.86682
363.63 1078.988 481.743 0.0 597.24435
364.81 1235.524 531.437 0.0 704.08759
366.0 950.647 276.518 0.0 674.12894
367.18 2225.212 1403.392 0.0 821.82007
368.37 1133.404 529.85 0.0 603.55438
369.55 1383.229 737.065 0.0 646.16431
370.74 1671.24 911.572 0.0 759.66791
371.92 1790.878 1158.332 0.0 632.54541
373.11 1230.994 476.078 0.0 754.91556
374.29 1202.53 421.772 0.0 780.75876
375.48 1328.239 531.741 0.0 796.49841
376.66 1193.176 441.53 0.0 751.64624
377.84 1851.904 953.85 0.0 898.05438
379.03 1165.208 405.051 0.0 760.15707
380.21 1103.154 332.184 0.0 770.96967
381.39 1002.197 266.212 0.0 735.98404
382.58 1728.703 816.548 0.0 912.15533
383.76 2114.56 1148.784 0.0 965.776
384.94 2199.379 1254.164 0.0 945.21472
386.13 1471.015 426.593 0.0 1044.42279
387.31 1682.888 618.339 0.0 1064.54895
388.49 1362.659 474.688 0.0 887.9715
389.68 1734.559 637.952 0.0 1096.60663
390.86 1781.08 567.466 0.0 1213.61389
392.04 2160.943 982.706 0.0 1178.23639
393.22 1696.58 445.466 0.0 1251.11392
394.41 1660.681 473.202 0.0 1187.47864
395.59 1329.575 193.463 0.0 1136.11206
396.77 1811.916 552.689 0.0 1259.22742
397.95 1885.245 637.576 0.0 1247.66974
399.13 2091.4 792.678 0.0 1298.72186
400.31 1833.393 447.511 0.0 1385.88135
401.5 2088.835 626.304 0.0 1462.53101
402.68 2104.697 734.712 0.0 1369.98407
403.86 1701.048 434.445 0.0 1266.60309
405.04 2249.528 807.263 0.0 1442.2652
406.22 1722.803 367.783 0.0 1355.02008
407.4 2141.906 697.013 0.0 1444.89319
408.58 2302.83 814.301 0.0 1488.52917
409.76 2381.76 947.755 0.0 1434.00568
410.94 2024.08 624.466 0.0 1399.61389
412.12 1828.236 502.9 0.0 1325.33551
413.3 1720.772 359.093 0.0 1361.67871
414.48 1599.799 371.111 0.0 1228.68768
415.66 1704.049 445.277 0.0 1258.77243
416.84 2531.783 1233.1 0.0 1298.68225
418.02 1869.947 623.378 0.0 1246.56879
419.2 1540.761 419.586 0.0 1121.17514
420.38 1701.586 583.97 0.0 1117.61566
421.56 1640.001 427.245 0.0 1212.7562
422.74 2315.319 1081.794 0.0 1233.52551
423.92 1858.623 865.995 0.0 992.6283
425.1 1510.299 464.111 0.0 1046.18768
426.28 1463.88 405.995 0.0 1057.88422
427.46 2606.374 1356.492 0.0 1249.88232
428.63 1682.177 571.861 0.0 1110.31573
429.81 1733.332 687.964 0.0 1045.36798
430.99 1710.06 754.784 0.0 955.27612
432.17 2155.156 1145.347 0.0 1009.80847
433.35 1798.108 827.316 0.0 970.79236
434.52 1073.492 155.069 0.0 918.42209
435.7 1410.209 376.383 0.0 1033.82654
436.88 1844.788 840.104 0.0 1004.68414
438.06 1457.933 552.531 0.0 905.40228
439.23 1431.304 399.115 0.0 1032.18954
440.41 1621.077 594.126 0.0 1026.95087
441.59 1864.564 828.456 0.0 1036.10852
442.77 1342.657 276.679 0.0 1065.97794
443.94 1888.368 760.657 0.0 1127.71118
445.12 1848.135 769.833 0.0 1078.30133
446.3 2232.809 1093.118 0.0 1139.69128
447.47 1904.464 666.72 0.0 1237.74365
448.65 1907.852 720.646 0.0 1187.20575
449.82 1519.852 500.146 0.0 1019.70578
451.0 1586.453 609.213 0.0 977.24011
452.18 1580.619 476.823 0.0 1103.79593
453.35 1617.873 530.16 0.0 1087.71301
454.53 1650.682 558.865 0.0 1091.81757
455.7 1444.491 334.238 0.0 1110.25262
456.88 2095.289 945.935 0.0 1149.35358
458.05 1684.028 591.763 0.0 1092.26532
459.23 1392.06 315.784 0.0 1076.27612
460.4 1763.873 580.16 0.0 1183.71301
461.58 1802.284 719.432 0.0 1082.85175
462.75 1398.135 315.333 0.0 1082.80133
463.93 1729.427 628.696 0.0 1100.73096
465.1 1604.229 525.065 0.0 1079.16431
466.28 1264.04 218.101 0.0 1045.93832
467.45 1213.373 146.66 0.0 1066.71303
468.63 1706.507 523.249 0.0 1183.25806
469.8 2054.065 870.287 0.0 1183.77783
470.97 1480.023 405.259 0.0 1074.76346
472.15 1738.651 595.675 0.0 1142.9762
473.32 1861.54 704.601 0.0 1156.93835
474.49 2041.385 859.499 0.0 1181.88605
475.67 1670.497 507.573 0.0 1162.92395
476.84 1357.508 327.08 0.0 1030.42749
478.01 1813.656 636.347 0.0 1177.30859
479.19 1639.731 548.728 0.0 1091.00323
480.36 1429.417 309.02 0.0 1120.39688
481.53 1736.23 596.897 0.0 1139.3338
482.7 1542.582 497.129 0.0 1045.45273
483.88 1423.301 275.774 0.0 1147.52661
485.05 1491.789 361.935 0.0 1129.85361
486.22 1616.998 478.405 0.0 1138.59329
487.39 1318.286 333.595 0.0 984.69067
488.56 1607.198 485.876 0.0 1121.32297
489.74 1996.189 897.2 0.0 1098.98877
490.91 1312.114 242.651 0.0 1069.46353
492.08 1488.698 375.876 0.0 1112.82297
493.25 1333.71 278.714 0.0 1054.996
494.42 1487.806 476.778 0.0 1011.02847
495.59 1494.279 417.26 0.0 1077.01938
496.76 1529.517 465.756 0.0 1063.7616
497.93 1753.853 610.478 0.0 1143.37524
499.1 1638.769 572.753 0.0 1066.01581
500.27 2108.827 1040.792 0.0 1068.03577
501.44 2279.438 1228.534 0.0 1050.90405
502.61 1455.593 423.137 0.0 1032.45627
503.78 1699.535 629.929 0.0 1069.60596
504.95 2216.348 1123.474 0.0 1092.87341
506.12 1702.057 696.943 0.0 1005.11322
507.29 1330.167 335.186 0.0 994.98163
508.46 938.635 32.165 0.0 906.47073
509.63 2315.135 1258.165 0.0 1056.97083
510.8 2312.055 1179.612 0.0 1132.4436
511.97 1485.465 558.552 0.0 926.91315
513.14 1144.684 258.528 0.0 886.15637
514.31 1806.258 785.746 0.0 1020.51227
515.48 1480.658 495.01 0.0 985.6474
516.65 1379.018 525.087 0.0 853.93109
517.81 1315.349 355.806 0.0 959.54285
518.98 1605.901 695.01 0.0 910.89148
520.15 1086.839 161.13 0.0 925.70863
521.32 1721.545 703.605 0.0 1017.94019
522.49 2640.647 1502.503 0.0 1138.14368
523.65 2192.428 1158.859 0.0 1033.56982
524.82 1631.997 638.073 0.0 993.92395
525.99 967.668 78.517 0.0 889.15102
527.16 1636.02 631.25 0.0 1004.77002
528.32 1678.662 730.182 0.0 948.4798
529.49 1408.066 411.619 0.0 996.4473
530.66 883.696 114.367 0.0 769.32946
531.82 1107.321 180.957 0.0 926.36441
532.99 1342.801 320.274 0.0 1022.52661
534.16 1323.774 444.256 0.0 879.51764
535.32 1887.493 794.401 0.0 1093.09155
536.49 1139.003 294.408 0.0 844.59512
537.65 2028.476 1011.059 0.0 1017.41669
538.82 1243.865 321.816 0.0 922.04828
539.99 1608.721 642.721 0.0 965.99957
541.15 1753.72 818.39 0.0 935.33008
542.32 1101.11 147.979 0.0 953.13116
543.48 1825.376 811.155 0.0 1014.22131
544.65 1943.573 992.785 0.0 950.78796
545.81 2641.827 1483.292 0.0 1158.53577
546.98 1630.802 503.106 0.0 1127.69611
548.14 1903.827 783.792 0.0 1120.03558
549.31 1453.95 402.873 0.0 1051.07706
550.47 1565.557 469.443 0.0 1096.11319
551.63 2100.849 914.806 0.0 1186.04285
552.8 1535.513 454.584 0.0 1080.92935
553.96 1454.418 459.852 0.0 994.56635
555.13 1521.067 391.45 0.0 1129.61676
556.29 2102.77 934.084 0.0 1168.68512
557.45 1328.326 274.46 0.0 1053.86627
558.62 1705.594 523.468 0.0 1182.12573
559.78 1939.302 771.606 0.0 1167.69611
560.94 1479.615 371.982 0.0 1107.633
562.11 1474.275 391.088 0.0 1083.1871
563.27 1237.104 157.975 0.0 1079.12944
564.43 1068.487 32.397 0.0 1036.08971
565.59 1266.653 205.838 0.0 1060.81502
566.76 1419.997 351.073 0.0 1068.92395
567.92 1703.669 571.349 0.0 1132.32043
569.08 1922.206 715.042 0.0 1207.16364
570.24 1463.922 352.024 0.0 1111.89862
571.4 1372.939 226.366 0.0 1146.57349
572.57 1502.159 367.342 0.0 1134.81686
573.73 1129.179 55.524 0.0 1073.65465
574.89 1516.44 452.697 0.0 1063.74295
576.05 1712.625 476.158 0.0 1236.4671
577.21 1346.71 157.714 0.0 1188.996
578.37 1084.073 18.954 0.0 1065.11861
579.53 1415.36 193.644 0.0 1221.7159
580.69 1866.195 597.535 0.0 1268.66003
581.85 1561.519 351.919 0.0 1209.60052
583.01 1532.461 401.88 0.0 1130.58075
584.17 1720.386 484.83 0.0 1235.55551
585.33 1753.668 572.517 0.0 1181.15094
586.49 1465.285 377.763 0.0 1087.52121
587.65 1818.306 573.278 0.0 1245.02844
588.81 1786.174 566.521 0.0 1219.65283
589.97 2258.041 929.433 0.0 1328.60779
591.13 1523.417 421.02 0.0 1102.39688
592.29 1578.754 336.574 0.0 1242.17987
593.45 1360.786 213.595 0.0 1147.19067
594.61 1377.465 134.052 0.0 1243.41312
595.77 1362.083 196.961 0.0 1165.12218
596.93 1327.524 91.091 0.0 1236.43291
598.09 1534.269 382.753 0.0 1151.51581
599.24 1380.743 138.067 0.0 1242.67628
600.4 1568.785 291.763 0.0 1277.02121
601.56 1426.477 233.39 0.0 1193.08615
602.72 1620.318 368.616 0.0 1251.70151
603.87 1738.994 473.064 0.0 1265.93036
605.03 1356.318 232.116 0.0 1124.20151
606.19 1333.163 148.514 0.0 1184.64923
607.35 1208.754 -3.926 0.0 1212.67986
608.5 1821.578 594.457 0.0 1227.12036
609.66 2272.871 989.651 0.0 1283.21948
610.82 1304.838 146.299 0.0 1158.53929
611.97 1237.27 125.084 0.0 1112.18527
613.13 1761.525 573.754 0.0 1187.77173
614.29 1656.631 496.993 0.0 1159.63843
615.44 1814.7 717.539 0.0 1097.1618
616.6 1305.855 180.141 0.0 1125.71405
617.76 1819.642 663.0 0.0 1156.64197
618.91 1830.116 726.314 0.0 1103.80249
620.07 1892.216 641.049 0.0 1251.16718
621.22 1078.743 17.567 0.0 1061.17629
622.38 2216.77 1061.084 0.0 1155.68518
623.53 1071.439 78.366 0.0 993.07348
624.69 1122.85 112.137 0.0 1010.71233
625.84 1257.206 217.542 0.0 1039.66362
627.0 1524.332 488.964 0.0 1035.36798
628.15 1025.796 -0.398 0.0 1026.19425
629.31 1494.651 318.175 0.0 1176.4762
630.46 878.594 -23.532 0.0 902.12575
631.61 1415.344 374.134 0.0 1041.21048
632.77 1408.173 228.189 0.0 1179.98334
633.92 1541.461 495.38 0.0 1046.08075
635.08 2149.002 949.577 0.0 1199.42566
636.23 1360.615 308.482 0.0 1052.133
637.38 856.626 -74.511 0.0 931.13657
638.54 1732.279 654.76 0.0 1077.51935
639.69 1979.143 936.831 0.0 1042.31146
640.84 1523.494 490.402 0.0 1033.09216
641.99 1049.504 97.409 0.0 952.09552
643.15 1914.015 816.916 0.0 1097.099
644.3 1082.025 95.422 0.0 986.60234
645.45 883.535 -58.071 0.0 941.60575
646.6 1882.045 811.436 0.0 1070.60913
647.75 1164.055 161.942 0.0 1002.11263
648.91 719.565 -136.551 0.0 856.11598
650.06 1134.075 225.455 0.0 908.61934
651.21 1439.585 417.462 0.0 1022.1228
652.36 1413.595 450.969 0.0 962.62616
653.51 1064.105 101.475 0.0 962.62962
654.66 1220.115 273.982 0.0 946.13297
655.81 1588.625 651.989 0.0 936.63647
656.96 957.635 69.495 0.0 888.13979
658.11 1277.645 365.002 0.0 912.64328
659.27 1458.155 531.009 0.0 927.14661
660.42 933.665 29.015 0.0 904.65003
661.57 1281.176 421.022 0.0 860.15344
662.72 743.186 -139.971 0.0 883.15685
663.87 798.196 -99.965 0.0 898.1602
665.01 1247.206 316.042 0.0 931.1636
666.16 906.216 41.049 0.0 865.16702
667.31 987.226 95.555 0.0 891.67043
668.46 1731.736 760.562 0.0 971.17389
669.61 1150.746 206.069 0.0 944.67726
670.76 987.256 4.575 0.0 982.68067
671.91 1734.266 769.582 0.0 964.68408
673.06 1460.276 519.589 0.0 940.68744
674.21 791.286 -161.405 0.0 952.69084
675.35 1298.296 284.102 0.0 1014.19424
676.5 1148.806 167.609 0.0 981.19772
677.65 915.316 72.615 0.0 842.70107
678.8 758.326 -110.878 0.0 869.20448
679.94 1011.837 40.629 0.0 971.20789
681.09 1407.347 370.135 0.0 1037.21124
682.24 1416.857 363.142 0.0 1053.71472
683.39 921.867 -1.851 0.0 923.71812
684.53 1511.877 558.155 0.0 953.72156
685.68 1230.387 214.662 0.0 1015.72488
686.83 1305.897 301.169 0.0 1004.72836
687.97 1221.407 298.175 0.0 923.23172
689.12 1150.917 178.182 0.0 972.73518
690.27 1056.427 68.189 0.0 988.23853
691.41 1509.437 468.195 0.0 1041.24188
692.56 1305.447 358.702 0.0 946.74536
693.7 1419.957 378.709 0.0 1041.24869
694.85 897.967 48.215 0.0 849.75211
695.99 1386.477 398.222 0.0 988.25552
697.14 1231.988 184.229 0.0 1047.75899
698.28 1322.998 342.735 0.0 980.26233
699.43 1344.508 391.242 0.0 953.26569
700.57 890.518 -74.251 0.0 964.76917
701.72 951.028 -50.745 0.0 1001.77258
702.86 786.538 -107.738 0.0 894.27599
704.01 980.548 50.269 0.0 930.2794
705.15 1460.558 433.275 0.0 1027.28281
706.29 1078.568 126.782 0.0 951.78616
707.44 1192.078 171.288 0.0 1020.78963
708.58 883.588 -124.205 0.0 1007.79298
709.72 1717.098 629.302 0.0 1087.79633
710.87 775.108 -137.192 0.0 912.2998
712.01 985.618 0.315 0.0 985.30321
713.15 1286.128 217.322 0.0 1068.80663
714.3 1353.138 348.828 0.0 1004.30997
715.44 1010.148 92.335 0.0 917.81339
716.58 1270.659 277.342 0.0 993.3168
717.72 957.169 52.848 0.0 904.32021
718.87 1130.179 240.855 0.0 889.32362
720.01 1128.189 117.362 0.0 1010.82697
721.15 879.699 -54.132 0.0 933.83044
722.29 1317.709 345.875 0.0 971.8338
723.43 1516.719 498.882 0.0 1017.83725
724.57 1374.729 450.388 0.0 924.34061
725.72 1191.239 244.895 0.0 946.34409
726.86 1732.749 678.902 0.0 1053.84741
728.0 1132.759 164.408 0.0 968.35091
729.14 1002.769 -2.085 0.0 1004.85425
730.28 1448.279 481.422 0.0 966.8576
731.42 974.789 10.928 0.0 963.86108
732.56 1742.299 722.435 0.0 1019.86444
733.7 1367.81 386.942 0.0 980.86789
734.84 740.32 -127.052 0.0 867.37125
735.98 1110.83 148.955 0.0 961.87473
737.12 956.84 -3.038 0.0 959.87807
738.26 928.85 17.468 0.0 911.38148
739.4 1200.86 228.475 0.0 972.38489
740.53 1458.37 407.482 0.0 1050.88824
741.67 1208.38 273.488 0.0 934.89172
742.81 757.89 -222.505 0.0 980.39513
743.95 1217.9 241.002 0.0 976.89853
745.09 978.41 19.508 0.0 958.90188
746.23 1372.42 399.515 0.0 972.90536
747.36 1508.43 453.522 0.0 1054.90869
748.5 945.44 60.028 0.0 885.41212
749.64 949.95 25.035 0.0 924.91553
750.78 979.461 -5.458 0.0 984.91894
751.92 1052.971 74.548 0.0 978.42235
753.05 1024.981 155.555 0.0 869.4257
754.19 1574.491 635.562 0.0 938.9292
755.33 730.501 -151.932 0.0 882.43253
756.46 1127.011 245.075 0.0 881.93599
757.6 909.521 82.082 0.0 827.43935
758.74 1449.531 562.088 0.0 887.44281
759.87 1215.541 244.595 0.0 970.94617
761.01 1043.551 271.102 0.0 772.44952
762.14 1068.061 234.608 0.0 833.45299
763.28 1319.571 408.115 0.0 911.45633
764.41 1035.081 249.121 0.0 785.95981
765.55 644.591 -123.872 0.0 768.46316
766.69 1119.601 289.635 0.0 829.96664
767.82 1214.111 266.641 0.0 947.46997
768.95 868.622 26.148 0.0 842.47339
770.09 1579.132 737.655 0.0 841.47681
771.22 1528.642 661.661 0.0 866.98016
772.36 1362.652 504.168 0.0 858.48361
773.49 1367.162 489.175 0.0 877.98697
774.63 984.672 196.181 0.0 788.49045
775.76 998.182 154.688 0.0 843.49379
776.89 1246.692 428.195 0.0 818.49725
778.03 1100.202 360.201 0.0 740.00061
779.16 844.212 8.708 0.0 835.50403
780.29 1085.722 308.215 0.0 777.50745
781.43 1351.232 606.221 0.0 745.0108
782.56 1063.242 315.228 0.0 748.01425
783.69 794.252 11.735 0.0 782.51767
784.82 910.762 233.241 0.0 677.52103
785.96 907.272 116.748 0.0 790.52443
787.09 890.783 204.255 0.0 686.52785
788.22 1017.293 394.261 0.0 623.03125
789.35 812.803 157.768 0.0 655.03467
790.48 981.813 142.275 0.0 839.53807
791.62 1291.323 580.281 0.0 711.04144
792.75 636.333 5.288 0.0 631.0449
793.88 1442.343 737.795 0.0 704.54822
795.01 1017.853 353.801 0.0 664.05167
796.14 1158.863 404.808 0.0 754.05505
797.27 1246.373 493.815 0.0 752.55853
798.4 957.383 283.321 0.0 674.06189
799.53 639.393 -4.672 0.0 644.0653
800.66 973.903 316.335 0.0 657.56873
801.79 2173.913 1276.841 0.0 897.07202
802.92 891.923 199.848 0.0 692.07553
804.05 1051.433 381.855 0.0 669.57889
805.18 920.444 290.861 0.0 629.58231
806.31 842.454 215.868 0.0 626.58571
807.44 552.464 -64.625 0.0 617.08912
808.57 1042.974 400.381 0.0 642.59253
809.69 982.984 400.888 0.0 582.09595
810.82 441.494 -163.605 0.0 605.09935
811.95 1810.004 988.401 0.0 821.60272
813.08 765.014 103.908 0.0 661.10617
814.21 1717.024 1064.915 0.0 652.1095
815.33 825.534 282.921 0.0 542.61295
816.46 971.544 308.928 0.0 662.61633
817.59 1466.054 847.435 0.0 618.61981
818.72 1148.064 504.441 0.0 643.62317
819.84 1594.074 896.448 0.0 697.62653
820.97 1086.084 446.454 0.0 639.62997
822.1 1243.594 593.961 0.0 649.63336
823.22 503.105 -30.532 0.0 533.63678
824.35 667.115 92.474 0.0 574.64022
825.48 1108.125 574.481 0.0 533.64362
826.6 875.135 310.488 0.0 564.64697
827.73 346.145 -144.506 0.0 490.65039
828.85 796.155 268.501 0.0 527.65381
829.98 1169.165 610.008 0.0 559.15717
831.11 633.175 70.014 0.0 563.16062
832.23 566.685 81.521 0.0 485.16403
833.36 1114.195 524.528 0.0 589.66742
834.48 860.205 259.034 0.0 601.17087
835.6 1062.715 482.041 0.0 580.67426
836.73 465.725 -7.952 0.0 473.67765
837.85 1081.735 535.054 0.0 546.68109
838.98 368.245 -104.439 0.0 472.68444
840.1 977.256 458.568 0.0 518.68784
841.23 855.266 371.074 0.0 484.19125
842.35 1340.776 720.581 0.0 620.19458
843.47 715.286 248.588 0.0 466.69807
844.6 438.296 26.594 0.0 411.70146
845.72 617.806 155.101 0.0 462.70485
846.84 636.316 134.608 0.0 501.70825
847.96 559.826 139.114 0.0 420.71167
849.09 490.836 58.121 0.0 432.71508
850.21 694.346 232.628 0.0 461.71849
851.33 915.856 385.134 0.0 530.72189
852.45 551.866 25.141 0.0 526.72531
853.57 694.876 232.148 0.0 462.72871
854.7 584.886 67.654 0.0 517.23207
855.82 514.896 -0.339 0.0 515.23548
856.94 938.406 485.168 0.0 453.23889
858.06 373.917 -64.326 0.0 438.2423
859.18 878.927 425.181 0.0 453.7457
860.3 775.937 244.688 0.0 531.24911
861.42 263.447 -89.306 0.0 352.75253
862.54 372.457 -65.799 0.0 438.25591
863.66 397.467 50.708 0.0 346.75932
864.78 620.477 186.714 0.0 433.76271
865.9 753.487 244.221 0.0 509.26611
867.02 1861.497 1277.228 0.0 584.26953
868.14 1388.007 879.234 0.0 508.77301
869.26 970.017 575.741 0.0 394.27637
870.38 267.027 -90.252 0.0 357.27976
871.5 324.037 -94.746 0.0 418.78317
872.62 427.547 69.761 0.0 357.78655
873.74 1109.057 699.268 0.0 409.78998
874.85 422.063 40.271 0.0 381.79167
875.97 720.063 286.271 0.0 433.79166
877.09 835.063 373.271 0.0 461.79166
878.21 596.563 220.771 0.0 375.79167
879.33 713.063 334.771 0.0 378.29166
880.44 603.063 254.771 0.0 348.29167
881.56 528.563 111.271 0.0 417.29166
882.68 699.063 256.271 0.0 442.79166
883.79 1286.063 826.771 0.0 459.29169
884.91 301.563 -58.229 0.0 359.79167
886.03 828.563 456.271 0.0 372.29166
887.14 1095.563 659.271 0.0 436.29169
888.26 1156.563 777.271 0.0 379.29169
889.38 1001.063 636.271 0.0 364.79169
890.49 281.063 -89.729 0.0 370.79166
891.61 726.063 307.771 0.0 418.29166
892.72 432.563 -13.229 0.0 445.79167
893.84 298.563 -99.229 0.0 397.79166
894.95 324.563 -87.229 0.0 411.79166
896.07 498.063 152.271 0.0 345.79167
897.18 768.563 384.271 0.0 384.29166
898.3 354.063 -41.229 0.0 395.29167
899.41 970.063 577.271 0.0 392.79169
900.53 760.563 335.771 0.0 424.79166
901.64 884.063 462.271 0.0 421.79166
902.75 646.563 262.771 0.0 383.79166
903.87 501.063 116.771 0.0 384.29166
904.98 834.063 403.771 0.0 430.29166
906.09 634.063 235.771 0.0 398.29167
907.21 738.063 438.771 0.0 299.29166
908.32 585.063 198.271 0.0 386.79167
909.43 1033.063 650.771 0.0 382.29169
910.54 723.563 280.271 0.0 443.29166
911.66 1557.563 1160.771 0.0 396.79163
912.77 444.063 85.771 0.0 358.29166
913.88 717.563 300.271 0.0 417.29166
914.99 430.563 69.271 0.0 361.29166
916.1 658.563 349.771 0.0 308.79166
917.22 337.563 58.771 0.0 278.79167
918.33 1011.563 688.771 0.0 322.79169
919.44 548.563 270.271 0.0 278.29166
920.55 1149.563 660.771 0.0 488.79169
921.66 896.063 428.771 0.0 467.29166
922.77 838.563 488.271 0.0 350.29166
923.88 1034.063 623.271 0.0 410.79169
924.99 726.063 373.771 0.0 352.29166
926.1 252.063 -11.229 0.0 263.29167
927.21 1073.563 652.771 0.0 420.79169
928.32 191.563 -84.729 0.0 276.29166
929.43 572.063 251.771 0.0 320.29167
930.54 516.563 111.271 0.0 405.29166
931.65 575.063 266.271 0.0 308.79166
932.76 683.063 381.771 0.0 301.29166
933.86 615.063 302.271 0.0 312.79166
934.97 338.563 113.771 0.0 224.79166
936.08 423.563 164.771 0.0 258.79167
937.19 1027.063 708.271 0.0 318.79169
938.3 714.063 472.271 0.0 241.79166
939.4 967.063 674.771 0.0 292.29169
940.51 499.563 305.271 0.0 194.29166
941.62 699.063 503.771 0.0 195.29166
942.73 1384.063 1102.771 0.0 281.29163
943.83 593.063 302.771 0.0 290.29166
944.94 599.063 338.271 0.0 260.79166
946.05 99.563 -35.729 0.0 135.29167
947.15 188.063 -25.729 0.0 213.79167
948.26 483.563 228.771 0.0 254.79167
949.36 322.063 98.271 0.0 223.79166
950.47 629.563 326.771 0.0 302.79166
951.57 1081.563 844.771 0.0 236.79169
952.68 847.563 568.771 0.0 278.79169
953.79 800.063 439.271 0.0 360.79166
954.89 438.063 121.771 0.0 316.29166
955.99 663.563 391.271 0.0 272.29166
957.1 397.063 230.271 0.0 166.79167
958.2 607.563 271.271 0.0 336.29166
959.31 802.563 455.771 0.0 346.79166
960.41 331.563 130.271 0.0 201.29167
961.52 236.063 10.271 0.0 225.79167
962.62 838.563 493.771 0.0 344.79166
963.72 220.563 -50.729 0.0 271.29167
964.83 135.563 -70.729 0.0 206.29166
965.93 605.063 341.771 0.0 263.29166
967.03 955.063 714.271 0.0 240.79169
968.13 775.563 466.771 0.0 308.79166
969.24 370.063 175.771 0.0 194.29167
970.34 412.563 206.771 0.0 205.79167
971.44 467.063 265.771 0.0 201.29166
972.54 579.563 346.771 0.0 232.79166
973.64 419.563 142.271 0.0 277.29167
974.75 1373.563 1069.771 0.0 303.79163
975.85 3771.063 3162.271 0.0 608.79175
976.95 379.563 189.771 0.0 189.79167
978.05 807.563 525.771 0.0 281.79169
979.15 1236.563 896.271 0.0 340.29169
980.25 291.063 99.771 0.0 191.29166
981.35 397.063 179.271 0.0 217.79167
982.45 1182.563 891.771 0.0 290.79169
983.55 753.063 462.771 0.0 290.29166
984.65 670.563 418.271 0.0 252.29166
985.75 878.563 675.271 0.0 203.29169
986.85 683.063 372.271 0.0 310.79166
987.95 404.063 185.271 0.0 218.79167
989.05 1082.563 783.271 0.0 299.29169
990.15 886.563 628.271 0.0 258.29169
991.25 646.563 443.271 0.0 203.29166
992.34 1106.063 835.771 0.0 270.29169
993.44 657.063 478.271 0.0 178.79166
994.54 556.563 386.771 0.0 169.79166
995.64 991.563 731.271 0.0 260.29169
996.74 1059.563 789.271 0.0 270.29169
997.83 222.063 73.771 0.0 148.29166
998.93 565.563 315.271 0.0 250.29166
1000.03 1569.563 1230.771 0.0 338.79163
1001.12 1056.063 704.771 0.0 351.29169
1002.22 1016.063 729.271 0.0 286.79169
1003.32 468.563 272.271 0.0 196.29166
1004.41 705.563 467.271 0.0 238.29166
1005.51 676.563 402.771 0.0 273.79166
1006.6 397.063 188.771 0.0 208.29167
1007.7 872.063 624.271 0.0 247.79169
1008.8 209.563 103.271 0.0 106.29166
1009.89 714.063 577.771 0.0 136.29169
1010.99 690.063 384.771 0.0 305.29166
1012.08 185.563 47.271 0.0 138.29167
1013.18 587.063 394.271 0.0 192.79166
1014.27 462.563 202.271 0.0 260.29167
1015.36 565.563 334.271 0.0 231.29166
1016.46 606.563 402.771 0.0 203.79166
1017.55 344.563 148.271 0.0 196.29167
1018.65 677.063 496.771 0.0 180.29166
1019.74 863.563 586.771 0.0 276.79169
1020.83 645.563 505.271 0.0 140.29166
1021.93 495.563 280.271 0.0 215.29166
1023.02 222.063 38.271 0.0 183.79167
1024.11 195.063 63.771 0.0 131.29167
1025.2 200.063 88.271 0.0 111.79166
1026.3 651.563 454.271 0.0 197.29166
1027.39 878.063 597.771 0.0 280.29169
1028.48 641.563 486.771 0.0 154.79166
1029.57 500.563 312.771 0.0 187.79166
1030.66 636.563 451.771 0.0 184.79166
1031.75 1854.563 1483.271 0.0 371.29163
1032.84 788.063 652.771 0.0 135.29169
1033.94 381.063 161.271 0.0 219.79167
1035.03 882.063 773.771 0.0 108.29169
1036.12 257.063 90.271 0.0 166.79166
1037.21 317.063 66.771 0.0 250.29166
1038.3 813.563 522.771 0.0 290.79169
1039.39 216.063 153.271 0.0 62.79167
1040.48 658.563 455.771 0.0 202.79166
1041.57 800.063 616.271 0.0 183.79169
1042.66 541.563 441.771 0.0 99.79166
1043.74 709.063 508.271 0.0 200.79166
1044.83 756.063 543.271 0.0 212.79169
1045.92 245.563 45.771 0.0 199.79167
1047.01 853.563 617.771 0.0 235.79169
1048.1 209.563 96.771 0.0 112.79166
1049.19 636.563 502.271 0.0 134.29166
1050.27 459.563 342.271 0.0 117.29166
1051.36 461.063 305.271 0.0 155.79166
1052.45 688.563 469.771 0.0 218.79166
1053.54 680.063 466.771 0.0 213.29166
1054.62 711.563 525.271 0.0 186.29169
1055.71 676.063 467.771 0.0 208.29166
1056.8 947.563 688.271 0.0 259.29169
1057.88 394.563 328.771 0.0 65.79166
1058.97 628.563 458.771 0.0 169.79166
1060.06 1105.063 834.771 0.0 270.29169
1061.14 498.063 367.771 0.0 130.29166
1062.23 1961.563 1608.271 0.0 353.29163
1063.31 643.063 547.271 0.0 95.79169
1064.4 390.563 279.271 0.0 111.29166
1065.48 653.563 526.771 0.0 126.79169
1066.57 501.563 362.771 0.0 138.79166
1067.65 687.563 543.771 0.0 143.79169
1068.74 538.063 357.271 0.0 180.79166
1069.82 635.063 544.271 0.0 90.79169
1070.9 2502.563 2151.771 0.0 350.79175
1071.99 796.563 561.771 0.0 234.79169
1073.07 697.063 491.771 0.0 205.29166
1074.15 790.063 576.771 0.0 213.29169
1075.24 626.563 526.771 0.0 99.79169
1076.32 774.063 625.771 0.0 148.29169
1077.4 1228.563 963.771 0.0 264.79169
1078.49 444.563 218.271 0.0 226.29167
1079.57 873.563 655.271 0.0 218.29169
1080.65 1134.563 866.771 0.0 267.79169
1081.73 641.063 382.771 0.0 258.29166
1082.81 383.563 238.271 0.0 145.29167
1083.89 776.563 548.771 0.0 227.79169
1084.98 754.563 533.271 0.0 221.29169
1086.06 384.063 267.771 0.0 116.29166
1087.14 360.063 283.771 0.0 76.29166
1088.22 614.563 524.771 0.0 89.79169
1089.3 400.063 261.771 0.0 138.29166
1090.38 1369.563 1101.771 0.0 267.79163
1091.46 814.063 598.771 0.0 215.29169
1092.54 604.563 405.771 0.0 198.79166
1093.62 609.563 412.771 0.0 196.79166
1094.7 398.063 186.271 0.0 211.79167
1095.78 631.563 490.771 0.0 140.79166
1096.86 726.063 545.771 0.0 180.29169
1097.93 1430.563 1146.271 0.0 284.29163
1099.01 983.063 802.271 0.0 180.79169
1100.09 419.063 334.271 0.0 84.79166
