196.55 863.836 761.821 871.997 92.59274
197.76 1096.131 1093.025 1184.716 3.38753
198.96 1039.366 985.012 1106.948 44.57607
200.16 665.454 581.091 682.557 83.14484
201.36 1222.22 1163.156 1294.712 44.89674
202.56 899.759 784.303 903.288 97.03414
203.76 790.484 678.505 706.564 399.07901
204.96 843.709 771.707 825.841 133.00749
206.16 612.905 516.771 598.553 117.54888
207.36 1000.395 882.65 1036.013 76.77573
208.56 865.405 712.047 869.996 97.09338
209.76 541.042 494.67 560.665 70.26686
210.96 785.052 658.067 768.148 115.35578
212.16 1615.12 1523.852 1629.789 86.15328
213.36 978.876 852.632 964.989 112.35987
214.56 792.983 689.841 815.149 82.31078
215.76 1389.484 1375.505 1445.564 19.95292
216.96 1181.68 1046.457 1149.748 130.91449
218.16 860.131 760.413 832.188 138.93136
219.35 668.885 537.253 670.029 99.13864
220.55 731.65 656.266 785.797 58.19754
221.75 711.189 599.913 733.373 83.37738
222.95 1259.493 1045.238 1153.133 198.57752
224.15 930.767 792.372 926.941 102.84323
225.35 736.728 643.836 678.393 268.81095
226.55 688.63 567.249 699.273 91.93896
227.75 1120.493 1002.238 1132.133 91.0391
228.94 957.542 852.17 910.165 181.69269
230.14 825.729 686.113 858.337 81.0666
231.34 711.17 595.56 691.265 120.79899
232.54 675.435 581.573 673.033 102.62655
233.74 700.435 619.461 652.504 245.05558
234.93 677.963 597.323 737.125 57.68176
236.13 830.327 707.589 805.929 124.81022
237.33 793.963 680.435 763.153 137.24696
238.53 742.414 583.279 740.065 101.49865
239.72 1123.396 1033.538 1133.484 89.90572
240.92 600.023 445.152 525.641 192.41342
242.12 997.238 859.733 1027.377 82.02222
243.31 685.366 557.624 688.977 97.25118
244.51 567.651 458.542 587.24 84.7784
245.71 1057.611 956.231 1069.249 89.70244
246.9 1303.651 1239.042 1307.24 94.73614
248.1 799.994 740.514 818.576 76.19525
249.3 769.033 698.437 836.096 51.28329
250.49 779.896 683.426 724.456 235.11956
251.69 873.474 769.608 889.581 86.57466
252.89 822.661 683.327 803.196 116.23856
254.08 530.542 424.67 546.665 86.78439
255.28 771.219 696.992 811.796 64.65553
256.47 522.64 398.646 534.257 91.43417
257.67 932.316 828.415 970.501 73.12531
258.86 969.552 875.29 999.205 76.06967
260.06 796.269 632.924 807.328 93.65859
261.26 1132.807 1087.071 1130.405 105.54496
262.45 827.945 707.582 797.545 133.79183
263.65 498.289 422.83 497.824 100.61923
264.84 913.798 797.562 917.893 96.59689
266.04 635.161 527.327 643.196 93.0654
267.23 471.916 380.332 517.952 66.54844
268.42 601.209 525.095 612.313 87.26937
269.62 775.748 707.63 775.861 99.8354
270.81 814.189 695.189 815.817 98.65085
272.01 838.19 686.078 853.289 90.9702
273.2 903.828 845.753 959.344 51.12655
274.4 534.298 433.45 512.864 126.98975
275.59 860.945 801.97 861.016 99.87906
276.78 794.552 625.178 771.177 116.01072
277.98 656.475 588.384 692.524 65.38348
279.17 652.915 656.668 783.037 -2.96962
280.37 706.544 618.222 668.552 175.4855
281.56 453.092 356.99 455.168 97.885
282.75 600.502 358.858 531.173 140.23425
283.95 684.808 585.847 664.348 126.0632
285.14 730.563 613.352 764.104 77.75084
286.33 607.739 453.898 594.792 109.1892
287.52 801.838 688.262 750.856 181.4476
288.72 921.269 802.7 916.772 103.94264
289.91 1110.563 1057.463 1142.632 62.34578
291.1 859.043 749.058 892.136 76.8702
292.29 772.111 653.619 770.221 101.62134
293.49 804.72 673.88 793.768 109.13479
294.68 577.543 494.946 531.108 228.40601
295.87 660.346 551.606 633.953 132.0522
297.06 811.818 719.968 817.888 93.80022
298.26 374.053 273.343 377.592 96.60529
299.45 648.366 556.124 708.477 60.54515
300.64 722.65 571.266 695.297 122.05345
301.83 724.67 590.56 764.265 77.20588
303.02 623.542 495.782 620.193 102.69198
304.21 922.64 790.869 932.813 92.83283
305.4 712.022 632.264 660.669 280.79178
306.59 715.14 671.146 751.257 54.91734
307.79 663.062 553.075 736.661 59.91055
308.98 482.229 449.613 515.337 49.62591
310.17 920.321 736.849 886.107 122.92313
311.36 734.525 582.481 703.472 125.66589
312.55 1174.192 1106.518 1179.148 93.17611
313.74 475.553 414.955 538.62 49.0016
314.93 886.405 747.047 894.996 94.19329
316.12 654.072 524.084 717.673 67.14653
317.31 311.278 285.933 388.84 24.62957
318.5 519.053 380.955 459.12 176.67364
319.69 657.386 597.917 677.944 74.31116
320.88 676.807 495.683 652.933 115.18238
322.07 536.367 421.4 632.42 54.48142
323.26 545.013 411.755 542.657 101.79965
324.45 414.092 271.99 413.668 100.29893
325.64 643.602 533.887 675.652 77.39218
326.83 771.043 724.558 854.136 35.87385
328.01 629.357 488.503 634.936 96.18951
329.2 819.562 729.075 815.661 104.50624
330.39 585.318 542.968 664.388 34.87851
331.58 476.837 391.985 512.412 70.45898
332.77 1021.082 824.093 1005.185 108.77855
333.96 341.651 356.931 330.712 0.0
335.15 474.376 341.02 503.46 82.09534
336.33 454.837 342.485 525.412 61.41884
337.52 648.592 486.49 582.668 168.5428
338.71 580.366 448.012 592.948 91.31895
339.9 526.132 463.189 540.632 81.27674
341.08 552.818 495.356 600.86 54.46409
342.27 749.758 656.527 767.844 83.75276
343.46 872.934 737.685 894.061 86.49004
344.65 819.934 623.685 804.061 108.80037
345.83 823.954 727.703 878.585 63.79243
347.02 412.209 306.207 424.341 89.73037
348.21 860.209 709.095 860.813 99.60233
349.4 507.268 390.036 453.856 183.69047
350.58 683.71 523.759 624.728 158.41649
351.77 500.935 411.961 504.504 96.14322
352.96 367.337 250.597 347.441 120.54466
354.14 559.474 456.996 608.052 67.84096
355.33 453.366 327.624 507.977 69.72016
356.51 362.622 247.792 348.148 114.42259
357.7 603.495 472.566 619.964 88.82723
358.89 493.083 320.369 504.628 93.734
360.07 776.877 674.297 771.404 105.63579
361.26 825.437 745.79 857.335 71.40372
362.44 570.85 470.099 590.699 83.54129
363.63 446.684 415.95 442.995 113.63965
364.81 488.596 406.259 502.359 85.67904
366.0 271.527 231.309 288.803 69.95257
367.18 1223.536 1015.542 1183.871 123.56419
368.37 461.604 342.327 467.511 95.28103
369.55 647.878 546.961 693.82 68.71718
370.74 758.133 602.965 799.576 78.9214
371.92 931.467 849.816 941.371 89.18184
373.11 480.291 370.158 423.655 205.86688
374.29 400.703 285.967 422.519 84.02392
375.48 509.153 385.259 552.543 74.06208
376.66 424.104 341.939 367.54 320.94791
377.84 800.604 709.827 792.011 110.45526
379.03 350.868 334.452 414.808 20.42937
380.21 317.114 223.724 334.995 83.93018
381.39 242.134 166.241 266.519 75.68197
382.58 734.241 584.45 729.18 103.49706
383.76 938.78 852.097 898.256 187.79199
384.94 893.946 832.022 985.404 40.37266
386.13 420.801 315.167 432.167 90.28503
387.31 549.722 429.32 574.627 82.85993
388.49 373.742 349.226 426.623 31.6749
389.68 583.8 492.391 585.224 98.46644
390.86 533.31 449.899 529.736 104.47679
392.04 836.476 718.549 791.44 161.78538
393.22 407.81 312.399 445.236 71.82551
394.41 439.751 307.235 452.135 91.45352
395.59 220.682 111.897 265.608 70.77272
396.77 472.339 348.038 514.8 74.53786
397.95 580.76 385.467 558.204 113.05851
399.13 697.956 528.531 656.916 131.96687
400.31 378.369 290.116 415.223 70.54221
401.5 559.447 482.299 588.347 72.74826
402.68 563.634 518.241 609.019 50.00363
403.86 429.545 307.386 461.467 79.282
405.04 703.515 592.084 649.488 194.11732
406.22 349.183 220.785 371.079 85.43069
407.4 610.563 527.74 661.076 62.11636
408.58 686.82 623.796 724.219 62.75795
409.76 766.663 680.768 816.555 63.25709
410.94 536.81 424.399 581.236 71.67367
412.12 490.985 353.169 418.98 209.41293
413.3 401.898 297.478 446.844 69.90861
414.48 368.535 253.489 356.484 111.70083
415.66 485.525 288.093 431.0 138.15401
416.84 982.152 819.483 949.1 125.50045
418.02 510.124 414.845 514.535 95.57445
419.2 411.143 260.974 390.588 115.85875
420.38 542.437 367.402 517.864 116.33208
421.56 532.378 302.573 480.848 128.90474
422.74 811.565 762.292 914.963 32.27385
423.92 619.829 625.917 719.26 -6.5221
425.1 532.035 358.489 505.484 118.06272
426.28 461.926 328.729 417.936 149.31223
427.46 1113.799 917.226 1093.808 111.32096
428.63 589.083 402.145 560.072 118.37018
429.81 595.779 476.209 592.284 103.01114
430.99 596.28 487.597 691.756 53.23433
432.17 927.074 801.636 922.06 104.16337
433.35 678.427 554.117 672.408 105.08802
434.52 266.102 161.275 250.124 117.98369
435.7 431.848 269.158 433.34 99.09128
436.88 688.28 566.985 696.728 93.48884
438.06 578.201 358.251 508.216 146.66714
439.23 406.662 242.492 426.112 89.40781
440.41 593.642 432.31 616.672 87.50798
441.59 752.927 567.893 770.852 91.16855
442.77 418.053 205.343 412.592 102.635
443.94 713.192 544.518 768.148 75.4254
445.12 709.064 586.128 739.548 80.1303
446.3 934.79 710.994 986.74 81.1602
447.47 678.486 499.557 691.952 93.0007
448.65 728.809 506.511 727.264 100.70015
449.82 521.309 323.511 537.764 92.32008
451.0 642.731 348.053 623.196 107.09992
452.18 502.181 339.121 514.164 93.15459
453.35 607.319 386.02 609.276 99.12358
454.53 544.711 410.647 589.7 74.87377
455.7 472.123 191.568 480.092 97.23801
456.88 888.26 656.691 935.26 83.1279
458.05 656.515 421.584 675.988 92.34568
459.23 472.78 207.097 400.756 137.19105
460.4 681.819 396.52 698.776 94.38996
461.58 760.632 525.689 821.632 79.38797
462.75 495.064 200.128 433.048 126.62539
463.93 678.093 414.042 711.556 88.75269
465.1 604.378 330.461 661.82 82.66485
466.28 400.749 54.294 461.776 85.02346
467.45 358.819 59.02 387.276 91.33094
468.63 685.505 336.575 693.976 97.62993
469.8 940.407 601.599 926.884 104.15734
470.97 584.387 259.082 564.36 106.56046
472.15 834.926 383.341 796.964 109.17781
473.32 882.249 527.294 920.276 90.32355
474.49 966.054 657.731 1094.564 70.58136
475.67 746.73 325.777 747.752 99.75777
476.84 616.985 187.781 598.508 104.49855
478.01 841.074 480.636 804.06 111.44434
479.19 772.337 306.873 842.384 86.91962
480.36 693.818 256.744 704.832 97.54205
481.53 822.858 389.667 924.352 81.01794
482.7 771.269 295.812 777.8 98.64496
483.88 680.994 171.402 745.048 88.83387
485.05 766.26 232.691 769.76 99.34825
486.22 856.71 353.483 874.284 96.62544
487.39 704.092 202.602 716.197 97.64308
488.56 886.593 360.154 917.084 94.5252
489.74 1174.818 654.856 1133.86 108.55058
490.91 743.034 223.325 775.068 94.19395
492.08 845.093 305.154 865.584 96.34374
493.25 784.328 214.365 863.872 87.7531
494.42 909.122 343.404 881.676 105.09879
495.59 923.984 309.893 946.036 96.53351
496.76 953.76 295.079 931.732 103.46
497.93 1062.789 418.718 1095.796 95.12507
499.1 1099.229 418.889 1034.28 110.55413
500.27 1395.131 714.913 1442.188 93.52972
501.44 1470.328 807.753 1475.844 99.17437
502.61 1001.024 330.816 986.056 102.28431
503.78 1205.602 490.499 1200.68 100.69296
504.95 1551.661 846.215 1487.168 110.06214
506.12 1250.611 475.507 1166.692 112.14133
507.29 924.308 240.347 943.348 97.2916
508.46 798.043 -14.666 724.08 110.01201
509.63 1646.543 849.834 1604.08 105.62989
510.8 1643.632 825.301 1627.16 102.05419
511.97 1163.965 371.764 1135.484 103.72927
513.14 1036.17 176.56 1017.765 102.18801
514.31 1396.975 534.884 1387.524 101.10836
515.48 1169.533 369.049 1250.625 90.80152
516.65 1127.74 268.286 1174.264 94.86473
517.81 1130.141 206.422 1151.7 97.71929
518.98 1360.936 443.737 1433.948 92.62661
520.15 1044.866 145.624 1056.977 98.67114
521.32 1364.377 462.797 1407.404 95.44498
522.49 2035.778 1082.545 2049.868 98.54337
523.65 1782.053 778.955 1776.12 100.59494
524.82 1425.73 420.277 1429.252 99.65091
525.99 1068.288 83.053 1080.88 98.73799
527.16 1584.199 486.698 1546.329 103.57392
528.32 1563.181 443.345 1599.72 96.84016
529.49 1377.387 297.805 1404.916 97.5134
530.66 1214.405 19.271 1155.053 105.22563
531.82 1297.524 161.704 1370.028 93.99965
532.99 1345.994 215.402 1433.548 92.81252
534.16 1567.357 310.391 1548.408 101.53057
535.32 1876.082 588.981 1840.156 102.87136
536.49 1436.337 162.485 1489.412 96.00013
537.65 2079.72 700.768 2088.74 99.35015
538.82 1586.524 162.928 1607.084 98.57628
539.99 1931.083 413.869 1934.628 99.76685
541.15 1982.603 571.163 2088.596 93.01497
542.32 1709.386 99.529 1692.972 101.03006
543.48 2160.258 522.139 2224.873 96.20525
544.65 2320.473 712.72 2353.109 98.01052
545.81 2799.631 1004.413 2848.688 97.34005
546.98 2245.974 398.108 2270.081 98.71223
548.14 2513.131 576.913 2496.688 100.85651
549.31 2233.063 195.963 2283.632 97.57769
550.47 2430.112 274.007 2364.192 103.15375
551.63 2878.641 687.922 2937.7 97.37489
552.8 2481.612 309.783 2464.136 100.81121
553.96 2601.798 236.45 2628.364 98.88932
555.13 2632.366 260.512 2671.948 98.35857
556.29 3147.709 650.095 3150.813 99.8759
557.45 2649.652 155.707 2693.156 98.28551
558.62 3043.504 362.023 2973.088 102.6968
559.78 3248.474 505.108 3203.581 101.66366
560.94 3071.513 307.531 3039.601 101.16808
562.11 3016.337 196.597 3098.441 97.17063
563.27 2979.259 55.027 2977.844 100.04838
564.43 2982.455 -3.521 3039.528 98.12446
565.59 3156.385 134.253 3206.529 98.36787
566.76 3377.23 219.777 3363.752 100.42869
567.92 3598.268 429.26 3688.913 97.21917
569.08 3829.68 540.569 3876.277 98.60309
570.24 3603.946 228.246 3649.96 98.65523
571.4 3645.808 94.459 3723.876 97.849
572.57 3833.513 225.755 3856.657 99.36258
573.73 3632.043 46.058 3679.636 98.69017
574.89 3995.287 220.165 4026.409 99.18236
576.05 4243.289 365.33 4264.824 99.44773
577.21 4034.328 80.365 4058.372 99.39556
578.37 4020.994 2.514 4042.576 99.46579
579.53 4212.876 157.132 4267.989 98.65934
580.69 4762.425 407.064 4642.521 102.83097
581.85 4530.719 239.492 4545.796 99.64988
583.01 4582.317 280.968 4634.888 98.79256
584.17 4787.033 302.937 4888.596 97.7852
585.33 4926.288 377.553 4841.88 101.8907
586.49 4892.112 210.895 4930.164 99.19368
587.65 5114.122 405.904 5146.176 99.32378
588.81 5131.915 351.556 5124.008 100.16567
589.97 5637.229 660.501 5593.809 100.88015
591.13 5104.318 233.744 5176.832 98.53303
592.29 5207.827 192.589 5211.429 99.92823
593.45 5262.591 145.102 5345.697 98.402
594.61 5226.465 149.764 5146.484 101.60068
595.77 5290.749 90.018 5387.833 98.16747
596.93 5303.867 26.788 5219.892 101.61705
598.09 5480.729 250.389 5502.78 99.58018
599.24 5412.072 98.084 5503.172 98.31454
600.4 5532.612 213.895 5652.164 97.80165
601.56 5545.2 121.474 5584.272 99.28475
602.72 5735.356 263.115 5782.464 99.1465
603.87 5963.542 370.394 6016.721 99.05815
605.03 5757.856 49.115 5792.964 99.38877
606.19 5827.66 86.051 5732.252 101.68977
607.35 5693.327 -67.411 5871.429 97.00106
608.5 6169.121 405.516 6256.205 98.51157
609.66 6534.131 647.637 6471.245 101.07985
610.82 5954.386 79.417 5937.444 100.28921
611.97 6002.709 52.595 6062.813 98.99998
613.13 6421.827 453.7 6411.957 100.16565
614.29 6461.896 349.538 6482.984 99.65617
615.44 6454.052 410.067 6536.148 98.65989
616.6 6158.249 48.63 6216.361 99.0578
617.76 6623.65 382.542 6587.741 100.5787
618.91 6766.493 398.238 6708.633 100.91691
620.07 6684.435 475.573 6657.533 100.43517
621.22 6298.072 -46.916 6269.172 100.45755
622.38 7084.209 707.595 7113.813 99.53789
623.53 6467.808 15.959 6480.376 99.80557
624.69 6575.121 24.628 6615.732 99.38385
625.84 6680.68 105.569 6571.776 101.68419
627.0 6866.779 260.209 6959.284 98.61914
628.15 6850.847 -12.394 6704.453 102.17951
629.31 7003.926 295.341 6990.964 100.19358
630.46 6739.003 -22.977 6824.588 98.75014
631.61 6958.494 222.626 7008.604 99.26155
632.77 7104.936 171.849 7041.476 100.92377
633.92 7224.317 296.968 7346.888 98.26139
635.08 7515.857 629.779 7501.88 100.2034
636.23 7184.013 188.531 7249.601 99.07114
637.38 7078.268 -21.464 7130.856 99.26474
638.54 7670.984 459.393 7769.536 98.65185
639.69 7863.13 577.749 7879.773 99.77208
640.84 7717.126 305.982 7644.701 100.9869
641.99 7396.867 12.486 7390.442 100.08708
643.15 8047.108 602.49 8199.685 97.99167
644.3 7719.348 67.494 7635.926 101.10224
645.45 7643.589 -53.502 7614.167 100.38371
646.6 8233.33 544.002 8218.909 100.1879
647.75 7816.57 106.007 7886.651 99.0993
648.91 7701.811 -139.989 7656.893 100.5761
650.06 8149.552 123.015 8108.635 100.51238
651.21 8414.292 301.519 8389.376 100.30807
652.36 8428.033 274.023 8456.618 99.65066
653.51 8396.773 28.527 8421.359 99.70706
654.66 8494.515 163.531 8456.102 100.46322
655.81 8893.255 345.036 9004.843 98.71143
656.96 8524.996 16.54 8602.085 99.10211
658.11 8974.236 268.044 8755.326 102.57927
659.27 8978.477 321.548 9029.068 99.41899
660.42 8787.718 29.052 8758.311 100.33688
661.57 9108.958 263.056 9153.552 99.49841
662.72 9026.699 -114.94 8976.294 100.55444
663.87 8985.439 -90.935 9061.535 99.16858
665.01 9398.681 168.569 9525.277 98.647
666.16 9237.421 -43.927 9490.019 97.35054
667.31 9611.162 -31.423 9748.761 98.59309
668.46 10269.902 498.581 10311.502 99.57607
669.61 10022.643 100.085 10042.244 99.80284
670.76 10206.384 -14.411 10118.985 100.86248
671.91 10928.124 512.094 10994.728 99.36463
673.06 10733.365 332.098 10713.469 100.19166
674.21 10367.605 -119.898 10468.711 99.04515
675.35 10817.847 171.606 10771.952 100.43295
676.5 10754.587 147.11 10882.194 98.8113
677.65 10799.328 -37.386 11003.436 98.15134
678.8 10890.568 -131.882 10855.678 100.31755
679.94 11501.809 31.623 11504.919 99.97289
681.09 11954.05 188.627 11907.661 100.39584
682.24 12259.29 283.631 12234.402 100.20825
683.39 12263.031 -30.865 12384.145 99.02446
684.53 12773.771 345.139 12865.387 99.26826
685.68 12730.513 81.143 12782.628 99.58969
686.83 13020.753 198.648 13182.87 98.75143
687.97 13114.494 191.152 13214.111 99.23506
689.12 13200.234 146.656 13231.354 99.76217
690.27 13199.475 58.16 13182.095 100.13243
691.41 13768.716 318.664 13795.337 99.80247
692.56 13701.956 237.168 13859.078 98.84655
693.7 13955.697 247.672 14138.32 98.68528
694.85 13817.938 -37.323 13744.562 100.53241
695.99 14071.179 228.681 14173.804 99.26408
697.14 14174.419 110.185 14453.045 98.05739
698.28 14506.16 190.689 14622.287 99.19533
699.43 14716.9 239.193 14725.028 99.94389
700.57 14390.641 -140.803 14517.771 99.13273
701.72 14919.382 -60.299 14936.512 99.88578
702.86 14845.122 -131.794 14860.754 99.89574
704.01 15027.363 -26.79 15141.995 99.24429
705.15 15653.104 267.214 15815.237 98.95721
706.29 15529.845 45.718 15399.979 100.84579
707.44 15802.085 127.222 15883.721 99.48189
708.58 15610.825 -130.774 15653.463 99.72987
709.72 16470.566 414.23 16490.205 99.87784
710.87 15763.307 -161.765 15852.946 99.44027
712.01 16222.048 -65.761 16454.688 98.59181
713.15 16443.289 143.743 16714.93 98.36077
714.3 17284.529 207.247 17179.172 100.62077
715.44 17023.77 -18.749 17035.912 99.9288
716.58 17268.51 138.255 17300.154 99.81561
717.72 16933.252 25.259 17348.896 97.60071
718.87 17375.992 115.264 17392.639 99.90365
720.01 17529.232 73.768 17717.879 98.93082
721.15 17349.473 -87.728 17402.621 99.69613
722.29 18126.213 189.276 18073.863 100.29271
723.43 18345.955 283.78 18473.105 99.30096
724.57 18087.695 254.284 18192.846 99.41383
725.72 18231.436 118.788 18332.588 99.44464
726.86 18388.676 510.793 18670.33 98.449
728.0 18513.918 116.797 18605.072 99.50696
729.14 18468.658 -36.199 18280.814 101.02552
730.28 19061.898 358.305 19222.555 99.14836
731.42 18367.139 -48.691 18488.297 99.3464
732.56 19453.379 511.813 19466.039 99.93321
733.7 19260.621 175.817 19430.781 99.11628
734.84 19053.861 -128.678 19057.021 99.98353
735.98 19412.602 106.826 19515.264 99.47104
737.12 19289.842 -73.17 19459.506 99.13138
738.26 19658.582 -17.666 19836.248 99.10513
739.4 19802.324 118.838 19914.988 99.43088
740.53 20178.064 241.842 20117.23 100.30608
741.67 19997.805 124.346 20047.473 99.7507
742.81 19731.545 -137.149 19786.215 99.7256
743.95 20342.287 204.855 20747.455 98.02767
745.09 20114.027 -66.641 20153.697 99.80381
746.23 20896.768 241.863 20768.939 100.62273
747.36 20476.008 239.867 20546.682 99.65197
748.5 20424.748 -70.129 20546.922 99.40741
749.64 20470.49 -9.125 20504.164 99.83584
750.78 20486.73 -53.62 20456.906 100.14541
751.92 20828.471 -13.116 20724.648 100.50064
753.05 20210.211 67.388 20664.891 97.79255
754.19 20678.453 402.892 20900.131 98.9185
755.33 20677.693 -150.604 20704.373 99.87207
756.46 20892.934 96.4 20819.615 100.3538
757.6 20600.674 -14.096 20758.857 99.23851
758.74 20908.914 354.409 21066.098 99.24109
759.87 20737.156 140.913 20594.84 100.69579
761.01 20809.896 108.917 20900.582 99.56384
762.14 20574.137 100.921 20693.324 99.42121
763.28 20865.877 263.925 20946.064 99.61229
764.41 20671.119 107.929 20853.807 99.1194
765.55 20405.859 -149.067 20489.049 99.59691
766.69 20934.1 137.938 20749.791 100.89419
767.82 20693.34 169.942 20736.031 99.79242
768.95 20445.58 -85.054 20679.273 98.87454
770.09 20823.822 443.95 20872.516 99.76164
771.22 21025.063 490.954 21167.258 99.31228
772.36 20834.803 334.958 20907.998 99.64422
773.49 20566.043 282.462 20619.24 99.73842
774.63 20263.285 78.967 20446.482 99.10054
775.76 20436.525 24.471 20446.725 99.95006
776.89 20433.766 274.975 20413.467 100.1008
778.03 20238.006 199.479 20369.707 99.34705
779.16 20084.246 13.483 20099.449 99.92431
780.29 20244.988 162.487 20139.191 100.5296
781.43 20249.729 397.991 20321.434 99.6401
782.56 19917.469 166.996 20033.674 99.41508
783.69 19687.709 3.0 19657.916 100.15158
784.82 19560.951 118.504 19551.658 100.04782
785.96 19336.191 55.008 19364.4 99.85391
787.09 19149.432 157.512 19442.141 98.48216
788.22 19277.172 169.016 19501.383 98.84023
789.35 19004.912 7.02 19285.625 98.54391
790.48 19011.654 66.025 19044.367 99.82763
791.62 19187.395 336.029 19500.607 98.36567
792.75 18577.635 -27.967 18684.35 99.42971
793.88 19044.375 408.037 19181.592 99.2691
795.01 18862.617 188.041 18930.334 99.6387
796.14 18552.857 225.045 18762.076 98.87135
797.27 18518.598 310.049 18723.816 98.88551
798.4 18343.838 143.554 18457.059 99.38176
799.53 18198.078 -65.942 18299.801 99.44613
800.66 18592.82 128.562 18511.543 100.44213
801.79 19141.061 908.566 19160.283 99.89468
802.92 18082.301 112.57 18258.525 99.02885
804.05 18257.541 259.074 18341.268 99.53697
805.18 17954.283 162.578 18075.51 99.32325
806.31 17926.023 76.583 18045.75 99.33371
807.44 17709.764 -49.413 17841.492 99.26371
808.57 18008.504 207.591 18041.234 99.81647
809.69 18096.244 173.595 18094.977 100.00707
810.82 17630.986 -165.901 17591.717 100.22114
811.95 18131.227 632.603 18340.459 98.81842
813.08 17510.967 51.607 17579.201 99.6107
814.21 18203.707 754.112 18327.943 99.29306
815.33 17432.449 136.616 17437.184 99.97263
816.46 17136.689 169.12 17252.426 99.32252
817.59 17492.43 511.124 17429.168 100.37393
818.72 16907.67 294.128 16999.91 99.44785
819.84 16934.41 572.132 16972.652 99.76682
820.97 16610.652 281.137 16551.893 100.36114
822.1 16444.893 404.141 16743.635 98.17166
823.22 15984.133 -33.355 16298.377 98.07587
824.35 15922.374 45.149 16066.618 99.09968
825.48 16111.614 357.653 16223.86 99.29255
826.6 15851.855 161.157 15859.602 99.95066
827.73 15504.096 -115.339 15686.344 98.84665
828.85 15801.836 129.665 15826.585 99.84233
829.98 16003.577 380.17 16106.327 99.34663
831.11 15667.317 9.174 15584.568 100.53128
832.23 15502.059 -8.322 15566.811 99.58426
833.36 15754.299 342.182 15657.552 100.6317
834.48 15602.54 148.186 15548.294 100.35224
835.6 15297.78 328.69 15442.535 99.04224
836.73 15221.521 -58.805 15285.777 99.58125
837.85 15497.762 321.199 15448.019 100.32884
838.98 14782.002 -143.797 14926.261 99.04275
840.1 15234.743 249.207 15153.002 100.54846
841.23 15240.483 221.711 15210.744 100.19841
842.35 15334.725 515.215 15445.986 99.25482
843.47 14862.465 70.719 14830.728 100.21502
844.6 14855.206 -46.776 14739.47 100.78273
845.72 14675.946 30.228 14795.211 99.19225
846.84 14602.187 44.232 14691.453 99.39056
847.96 14539.928 6.736 14574.694 99.76135
849.09 14490.168 -65.76 14625.937 99.07588
850.21 14527.409 77.744 14493.678 100.23399
851.33 14679.649 183.748 14796.92 99.1975
852.45 14518.891 -51.247 14589.661 99.51662
853.57 14513.631 113.257 14594.903 99.43879
854.7 14371.372 -30.739 14312.145 100.41294
855.82 14531.112 -35.235 14555.887 99.83021
856.94 14399.353 231.269 14536.128 99.04385
858.06 13876.094 -145.727 14024.37 98.9536
859.18 14438.834 201.277 14353.111 100.60574
860.3 14402.575 125.282 14501.354 99.3129
861.42 13915.315 -130.714 14115.095 98.59763
862.54 13984.557 -136.71 14130.837 98.97473
863.66 14095.797 -41.206 14203.079 99.24684
864.78 13953.038 74.298 13993.82 99.70701
865.9 14233.778 129.802 14317.563 99.40946
867.02 15174.019 883.306 15183.804 99.93157
868.14 14553.26 552.811 14587.046 99.75926
869.26 14134.5 283.815 14136.287 99.9871
870.38 13565.241 -150.681 13677.029 99.19156
871.5 13595.981 -127.177 13672.771 99.44356
872.62 13567.223 -33.173 13554.513 100.09354
873.74 14110.963 390.331 14033.254 100.56959
874.85 13552.083 -48.167 13535.875 100.11932
875.97 13378.583 99.333 13400.875 99.83241
877.09 13563.583 215.833 13378.375 101.40708
878.21 13636.083 129.833 13678.875 99.68417
879.33 13512.583 90.833 13479.875 100.24429
880.44 13116.083 146.333 13282.875 98.73032
881.56 13366.583 -7.667 13325.875 100.30531
882.68 13407.583 157.333 13603.875 98.5402
883.79 13705.583 587.833 13614.875 100.69631
884.91 13052.083 -103.667 12980.875 100.54421
886.03 13310.083 267.333 13536.375 98.29459
887.14 13298.583 400.333 13522.375 98.29453
888.26 13663.083 435.833 13934.375 97.99021
889.38 13764.583 335.333 13777.375 99.90484
890.49 13394.083 -73.167 13401.375 99.94588
891.61 13666.083 154.833 13557.375 100.8111
892.72 13650.083 -38.167 13597.875 100.38287
893.84 13997.583 -95.667 14095.375 99.31089
894.95 14178.083 -107.667 14198.875 99.85467
896.07 14079.583 77.333 14296.375 98.47534
897.18 14413.583 205.333 14576.875 98.86378
898.3 14371.583 -80.667 14600.875 98.43823
899.41 14643.083 313.333 14956.875 97.85713
900.53 14248.583 175.833 14343.375 99.33092
901.64 14351.083 239.833 14524.375 98.78686
902.75 14286.583 109.333 14297.375 99.92394
903.87 13949.583 11.833 14045.375 99.31741
904.98 13950.083 189.833 14059.875 99.20842
906.09 14129.083 113.833 14158.375 99.79144
907.21 13930.583 184.833 13923.375 100.05247
908.32 13417.083 29.833 13421.375 99.96795
909.43 13951.083 388.333 14034.375 99.38963
910.54 13503.083 140.333 13635.875 99.01603
911.66 13812.583 675.833 13798.875 100.10446
912.77 12819.583 -25.167 12932.875 99.1257
913.88 13253.083 126.333 13358.375 99.20426
914.99 13081.083 -25.167 13016.375 100.49617
916.1 12911.583 142.333 12932.375 99.83744
917.22 12379.083 -37.167 12309.875 100.56052
918.33 13057.083 394.833 12975.375 100.64948
919.44 12605.583 117.833 12608.875 99.97365
920.55 12624.083 407.833 12604.875 100.15748
921.66 12221.583 227.333 12402.875 98.51101
922.77 12257.083 215.333 12449.375 98.42822
923.88 12441.083 408.333 12503.875 99.48087
924.99 11844.583 196.833 12008.875 98.60911
926.1 11666.083 -127.167 11556.875 100.93468
927.21 12029.083 442.333 11895.875 101.16303
928.32 11140.583 -120.667 11225.375 99.25267
929.43 11127.583 134.333 11211.875 99.23907
930.54 11049.083 23.833 11084.375 99.68092
931.65 11110.583 78.333 11079.375 100.28368
932.76 11045.583 185.333 10967.875 100.72068
933.86 10629.583 126.833 10679.375 99.52815
934.97 10094.083 35.833 10143.875 99.5074
936.08 9671.083 22.333 9752.875 99.15943
937.19 9434.083 443.833 9533.875 98.90218
938.3 8540.583 238.333 8641.875 98.79465
939.4 8059.083 393.333 8087.875 99.62582
940.51 7445.583 105.833 7338.875 101.47529
941.62 7151.583 288.833 7079.875 101.05593
942.73 7286.583 738.333 7108.375 102.7976
943.83 6339.583 188.833 6448.875 98.25414
944.94 6424.583 178.333 6484.375 99.05184
946.05 6040.083 -108.167 6119.875 98.71883
947.15 6181.083 -72.167 6190.875 99.84366
948.26 6430.583 84.833 6467.375 99.42356
949.36 6652.583 11.833 6509.375 102.20404
950.47 6997.583 190.833 6976.875 100.30516
951.57 7284.583 534.333 7418.375 98.0565
952.68 7383.583 282.833 7375.875 100.10868
953.79 7495.083 262.833 7720.375 96.97901
954.89 7544.583 4.833 7511.875 100.4357
955.99 7625.583 191.333 7749.375 98.36212
957.1 7551.583 49.333 7602.375 99.32754
958.2 7793.083 173.333 7938.375 98.1289
959.31 8185.083 260.833 8294.875 98.63342
960.41 7866.083 17.333 7933.375 99.14993
961.52 7916.083 -62.667 7983.875 99.15751
962.62 8316.083 256.833 8348.375 99.60092
963.72 8059.583 -126.667 7938.375 101.50289
964.83 7908.083 -121.667 7939.375 99.61182
965.93 8196.583 201.833 8243.375 99.41812
967.03 8357.083 431.333 8441.875 98.94149
968.13 8433.583 226.333 8357.375 100.93725
969.24 8014.583 67.833 8110.875 98.8028
970.34 7902.083 61.833 7987.875 98.9176
971.44 8008.083 35.333 8008.375 99.99634
972.54 8233.583 181.833 8320.375 98.93357
973.64 8065.083 44.333 8109.875 99.44466
974.75 8566.083 658.333 8522.375 100.5558
975.85 9991.583 2178.833 10020.375 99.63283
976.95 8004.583 32.333 7945.875 100.74187
978.05 8144.083 277.333 8255.875 98.59885
979.15 8279.583 556.833 8279.875 99.99622
980.25 7507.583 -20.167 7515.875 99.88998
981.35 7515.083 18.833 7465.375 100.66754
982.45 7957.083 533.833 8085.875 98.29461
983.55 7488.083 271.833 7566.875 98.91993
984.65 7482.083 212.333 7460.375 100.29951
985.75 7418.583 352.333 7541.875 98.28513
986.85 7255.583 228.333 7330.875 98.93994
987.95 6994.083 54.333 7072.375 98.88443
989.05 7227.583 531.333 7226.875 100.01058
990.15 7056.083 350.333 7146.375 98.67141
991.25 6923.083 212.333 6860.875 100.93567
992.34 7213.083 508.333 7249.375 99.46163
993.44 6699.583 228.333 6816.875 98.21977
994.54 6685.583 168.833 6671.375 100.21851
995.64 6675.083 427.333 6724.375 99.21723
996.74 6864.583 492.333 6880.875 99.74499
997.83 6127.583 -44.167 6306.375 97.18463
998.93 6263.583 139.333 6265.375 99.97076
1000.03 6727.583 766.333 6767.375 99.33692
1001.12 6314.083 464.333 6519.375 96.60958
1002.22 6333.583 455.333 6303.875 100.50796
1003.32 5721.583 97.333 5836.875 97.99128
1004.41 5742.583 248.833 5587.375 102.90732
1005.51 5559.583 182.833 5562.875 99.93882
1006.6 5299.083 85.333 5261.375 100.72852
1007.7 5353.083 383.333 5432.375 98.42957
1008.8 4842.583 -71.167 4904.375 98.75809
1009.89 5068.083 293.833 5164.375 98.02298
1010.99 5057.083 191.833 5120.375 98.71582
1012.08 5025.583 -73.667 4991.375 100.67538
1013.18 5358.583 199.333 5386.375 99.46421
1014.27 5537.083 52.333 5486.875 100.92388
1015.36 5510.583 172.333 5684.875 96.83827
1016.46 5653.083 197.333 5619.875 100.61242
1017.55 5281.083 -23.667 5272.875 100.15498
1018.65 5318.083 218.833 5346.875 99.43855
1019.74 5276.583 353.333 5342.375 98.68128
1020.83 4998.583 228.333 4924.375 101.58024
1021.93 4891.583 159.333 4938.375 99.0209
1023.02 4675.083 -27.667 4762.375 98.17765
1024.11 4536.583 -29.667 4505.875 100.67706
1025.2 4317.083 -25.167 4246.375 101.65534
1026.3 4361.583 258.333 4439.875 98.12769
1027.39 4433.583 293.333 4519.875 97.95834
1028.48 4248.083 257.833 4317.375 98.29312
1029.57 4037.583 149.833 4008.375 100.75698
1030.66 3910.083 160.333 3894.875 100.40723
1031.75 4511.083 970.833 4692.375 95.12859
1032.84 3982.583 313.333 4034.875 98.59489
1033.94 3580.583 4.833 3616.375 99.00896
1035.03 3775.583 383.833 3783.375 99.7708
1036.12 3320.583 33.833 3302.375 100.55708
1037.21 3175.083 -57.167 3301.375 96.23968
1038.3 3434.583 274.833 3414.875 100.62764
1039.39 3006.583 -43.667 2993.875 100.41837
1040.48 3116.083 222.333 3100.875 100.52833
1041.57 3067.583 310.333 3126.375 97.91226
1042.66 2901.083 209.833 2906.375 99.80376
1043.74 2967.083 234.333 2918.875 101.79577
1044.83 2809.083 294.333 2902.875 96.40444
1045.92 2454.083 -28.167 2430.875 100.94379
1047.01 2743.083 287.333 2671.375 103.00784
1048.1 2193.583 -41.667 2361.875 92.99818
1049.19 2521.083 231.833 2543.375 99.03563
1050.27 2295.083 106.333 2347.875 97.64485
1051.36 2272.583 137.333 2297.375 98.85226
1052.45 2388.583 297.333 2442.375 97.49227
1053.54 2271.583 202.833 2212.875 102.92075
1054.62 2258.083 271.333 2251.375 100.33879
1055.71 2121.583 243.333 2182.375 96.86486
1056.8 2260.583 363.833 2189.875 103.87221
1057.88 1933.083 111.833 1944.875 99.35672
1058.97 1975.083 249.333 1928.375 102.78185
1060.06 2219.583 497.833 2209.875 100.56706
1061.14 1814.083 158.333 1816.375 99.86179
1062.23 2596.583 1029.333 2649.875 96.71149
1063.31 1827.583 347.833 1822.875 100.3192
1064.4 1600.583 73.833 1569.875 102.05264
1065.48 1670.583 232.833 1676.875 99.5643
1066.57 1622.083 109.833 1585.875 102.45307
1067.65 1697.583 290.333 1683.375 101.01995
1068.74 1515.083 118.333 1474.875 102.96404
1069.82 1508.583 279.333 1506.875 100.13917
1070.9 2704.583 1473.333 2743.875 96.90748
1071.99 1535.083 266.333 1549.375 98.88611
1073.07 1450.583 237.333 1420.875 102.51012
1074.15 1444.583 263.333 1480.875 97.01927
1075.24 1350.583 277.333 1337.875 101.19829
1076.32 1384.083 308.833 1440.375 95.02523
1077.4 1692.083 593.833 1701.375 99.16106
1078.49 1162.083 98.333 1145.375 101.59577
1079.57 1352.583 348.333 1355.375 99.72279
1080.65 1492.583 551.333 1575.375 91.91521
1081.73 1208.583 149.833 1151.875 105.65928
1082.81 1018.083 64.333 1047.375 97.0203
1083.89 1180.583 286.333 1181.375 99.91155
1084.98 1183.583 345.833 1151.875 103.93384
1086.06 925.083 52.333 963.875 95.74439
1087.14 869.583 97.333 923.375 93.48802
1088.22 1071.083 221.833 1056.875 101.70152
1089.3 887.583 67.833 818.375 109.22112
1090.38 1442.083 656.333 1395.375 106.32013
1091.46 1098.583 315.833 1079.875 102.44861
1092.54 845.083 93.833 854.375 98.77828
1093.62 951.083 177.833 909.375 105.70143
1094.7 758.583 35.333 755.875 100.37587
1095.78 909.583 232.333 913.875 99.3703
1096.86 975.583 292.333 972.375 100.47178
1097.93 1415.583 700.333 1395.375 102.90751
1099.01 1069.083 457.333 1100.875 95.0599
1100.09 709.083 132.833 754.875 92.63849
