196.55 911.111 761.821 871.997 135.50119
197.76 1144.613 1093.025 1184.716 56.26244
198.96 1096.357 985.012 1106.948 91.3142
200.16 718.39 581.091 682.557 135.31581
201.36 1273.96 1163.156 1294.712 84.22572
202.56 921.896 784.303 903.288 115.63878
203.76 783.98 678.505 706.564 375.89815
204.96 883.063 771.707 825.841 205.70611
206.16 552.215 516.771 598.553 43.33953
207.36 1043.79 882.65 1036.013 105.07097
208.56 874.372 712.047 869.996 102.77014
209.76 551.923 494.67 560.665 86.75381
210.96 737.505 658.067 768.148 72.16306
212.16 1584.873 1523.852 1629.789 57.6016
213.36 926.782 852.632 964.989 65.9954
214.56 732.744 689.841 815.149 34.23794
215.76 1443.98 1375.505 1445.564 97.73786
216.96 1104.21 1046.457 1149.748 55.9124
218.16 863.691 760.413 832.188 143.89128
219.35 670.207 537.253 670.029 100.1345
220.55 807.963 656.266 785.797 117.11257
221.75 686.399 599.913 733.373 64.8027
222.95 1155.326 1045.238 1153.133 102.03275
224.15 916.507 792.372 926.941 92.24605
225.35 747.492 643.836 678.393 299.95973
226.55 720.456 567.249 699.273 116.04465
227.75 1142.826 1002.238 1132.133 108.23221
228.94 904.923 852.17 910.165 90.96159
230.14 847.649 686.113 858.337 93.79445
231.34 710.627 595.56 691.265 120.23185
232.54 676.383 581.573 673.033 103.66314
233.74 746.961 619.461 652.504 385.86034
234.93 715.737 597.323 737.125 84.70091
236.13 780.264 707.589 805.929 73.90242
237.33 767.158 680.435 763.153 104.84155
238.53 737.718 583.279 740.065 98.50337
239.72 1114.868 1033.538 1133.484 81.37381
240.92 558.916 445.152 525.641 141.34121
242.12 939.074 859.733 1027.377 47.32718
243.31 669.279 557.624 688.977 85.00387
244.51 586.62 458.542 587.24 99.51792
245.71 1019.948 956.231 1069.249 56.37807
246.9 1305.12 1239.042 1307.24 96.89087
248.1 807.483 740.514 818.576 85.78933
249.3 791.076 698.437 836.096 67.29613
250.49 797.947 683.426 724.456 279.1135
251.69 913.397 769.608 889.581 119.85189
252.89 746.281 683.327 803.196 52.51873
254.08 541.423 424.67 546.665 95.70325
255.28 775.224 696.992 811.796 68.14386
256.47 520.038 398.646 534.257 89.51501
257.67 895.525 828.415 970.501 47.23157
258.86 980.348 875.29 999.205 84.78224
260.06 783.321 632.924 807.328 86.23464
261.26 1160.757 1087.071 1130.405 170.0433
262.45 759.386 707.582 797.545 57.58446
263.65 476.907 422.83 497.824 72.10821
264.84 917.753 797.562 917.893 99.88425
266.04 632.281 527.327 643.196 90.57967
267.23 479.033 380.332 517.952 71.71974
268.42 594.142 525.095 612.313 79.16627
269.62 798.656 707.63 775.861 133.41009
270.81 762.556 695.189 815.817 55.84689
272.01 794.135 686.078 853.289 64.62322
273.2 976.0 845.753 959.344 114.66305
274.4 501.332 433.45 512.864 85.47805
275.59 856.965 801.97 861.016 93.13873
276.78 754.426 625.178 771.177 88.52709
277.98 628.555 588.384 692.524 38.57326
279.17 757.797 656.668 783.037 80.02697
280.37 740.237 618.222 668.552 242.43057
281.56 477.598 356.99 455.168 122.84595
282.75 523.751 358.858 531.173 95.6928
283.95 697.914 585.847 664.348 142.75853
285.14 688.166 613.352 764.104 49.62724
286.33 566.81 453.898 594.792 80.13964
287.52 748.004 688.262 750.856 95.44293
288.72 880.478 802.7 916.772 68.18336
289.91 1139.587 1057.463 1142.632 96.4247
291.1 815.501 749.058 892.136 46.43851
292.29 772.027 653.619 770.221 101.54916
293.49 839.803 673.88 793.768 138.39785
294.68 588.08 494.946 531.108 257.54377
295.87 654.771 551.606 633.953 125.28201
297.06 795.839 719.968 817.888 77.4825
298.26 396.662 273.343 377.592 118.29276
299.45 651.779 556.124 708.477 62.7852
300.64 745.463 571.266 695.297 140.44649
301.83 725.127 590.56 764.265 77.46909
303.02 647.844 495.782 620.193 122.22584
304.21 909.881 790.869 932.813 83.84403
305.4 706.337 632.264 660.669 260.77605
306.59 772.038 671.146 751.257 125.94047
307.79 690.009 553.075 736.661 74.58847
308.98 530.149 449.613 515.337 122.53753
310.17 850.125 736.849 886.107 75.89312
311.36 702.387 582.481 703.472 99.10373
312.55 1160.528 1106.518 1179.148 74.36313
313.74 477.084 414.955 538.62 50.23949
314.93 838.372 747.047 894.996 61.72713
316.12 662.512 524.084 717.673 71.50645
317.31 366.325 285.933 388.84 78.12043
318.5 536.584 380.955 459.12 199.10141
319.69 702.943 597.917 677.944 131.23819
320.88 595.178 495.683 652.933 63.2722
322.07 508.436 421.4 632.42 41.24535
323.26 516.333 411.755 542.657 79.89062
324.45 440.598 271.99 413.668 119.0077
325.64 624.18 533.887 675.652 63.69235
326.83 761.501 724.558 854.136 28.51056
328.01 638.854 488.503 634.936 102.67514
329.2 824.009 729.075 815.661 109.64161
330.39 561.339 542.968 664.388 15.13029
331.58 486.346 391.985 512.412 78.35535
332.77 1054.016 824.093 1005.185 126.96503
333.96 377.699 356.931 330.712 0.0
335.15 487.361 341.02 503.46 90.08896
336.33 477.346 342.485 525.412 73.72394
337.52 584.598 486.49 582.668 102.00655
338.71 553.857 448.012 592.948 73.02883
339.9 566.349 463.189 540.632 133.20731
341.08 547.918 495.356 600.86 49.81959
342.27 781.739 656.527 767.844 112.48163
343.46 862.804 737.685 894.061 80.01193
344.65 809.804 623.685 804.061 103.18421
345.83 870.311 727.703 878.585 94.51674
347.02 411.063 306.207 424.341 88.76067
348.21 809.142 709.095 860.813 65.94284
349.4 466.742 390.036 453.856 120.19075
350.58 574.378 523.759 624.728 50.13278
351.77 581.961 411.961 504.504 183.69835
352.96 384.768 250.597 347.441 138.544
354.14 546.976 456.996 608.052 59.56702
355.33 478.779 327.624 507.977 83.8107
356.51 375.766 247.792 348.148 127.52033
357.7 580.298 472.566 619.964 73.08904
358.89 460.173 320.369 504.628 75.87365
360.07 761.518 674.297 771.404 89.81961
361.26 811.933 745.79 857.335 59.29711
362.44 594.479 470.099 590.699 103.13414
363.63 452.917 415.95 442.995 136.68747
364.81 484.463 406.259 502.359 81.37809
366.0 344.359 231.309 288.803 196.63053
367.18 1127.705 1015.542 1183.871 66.63344
368.37 472.074 342.327 467.511 103.64431
369.55 634.754 546.961 693.82 59.78068
370.74 752.006 602.965 799.576 75.80505
371.92 908.944 849.816 941.371 64.58159
373.11 467.378 370.158 423.655 181.73032
374.29 390.924 285.967 422.519 76.86258
375.48 518.17 385.259 552.543 79.45232
376.66 456.495 341.939 367.54 447.47336
377.84 830.573 709.827 792.011 146.92141
379.03 390.75 334.452 414.808 70.06149
380.21 288.156 223.724 334.995 57.90516
381.39 281.663 166.241 266.519 115.10178
382.58 740.624 584.45 729.18 107.90777
383.76 955.56 852.097 898.256 224.14666
384.94 943.279 832.022 985.404 72.53629
386.13 408.382 315.167 432.167 79.67094
387.31 599.196 429.32 574.627 116.90795
388.49 408.782 349.226 426.623 76.94801
389.68 612.725 492.391 585.224 129.62465
390.86 555.229 449.899 529.736 131.93166
392.04 790.29 718.549 791.44 98.42319
393.22 411.729 312.399 445.236 74.77568
394.41 401.785 307.235 452.135 65.25202
395.59 259.103 111.897 265.608 95.76809
396.77 492.161 348.038 514.8 86.42442
397.95 528.632 385.467 558.204 82.8803
399.13 639.783 528.531 656.916 86.65523
400.31 434.486 290.116 415.223 115.39733
401.5 590.937 482.299 588.347 102.44166
402.68 620.163 518.241 609.019 112.27584
403.86 363.473 307.386 461.467 36.4008
405.04 685.305 592.084 649.488 162.39486
406.22 399.681 220.785 371.079 119.03061
407.4 609.745 527.74 661.076 61.50224
408.58 739.311 623.796 724.219 115.02786
409.76 778.674 680.768 816.555 72.10247
410.94 550.729 424.399 581.236 80.54847
412.12 470.715 353.169 418.98 178.61279
413.3 416.261 297.478 446.844 79.52512
414.48 325.891 253.489 356.484 70.29658
415.66 402.809 288.093 431.0 80.27306
416.84 1052.513 819.483 949.1 179.78401
418.02 498.081 414.845 514.535 83.49437
419.2 456.009 260.974 390.588 150.47455
420.38 488.354 367.402 517.864 80.38766
421.56 441.675 302.573 480.848 78.02698
422.74 833.559 762.292 914.963 46.68
423.92 743.736 625.917 719.26 126.22206
425.1 480.391 358.489 505.484 82.92939
426.28 435.615 328.729 417.936 119.81785
427.46 1082.989 917.226 1093.808 93.87317
428.63 547.33 402.145 560.072 91.93204
429.81 625.482 476.209 592.284 128.60029
430.99 668.56 487.597 691.756 88.63857
432.17 952.827 801.636 922.06 125.54894
433.35 724.694 554.117 672.408 144.20092
434.52 274.259 161.275 250.124 127.16396
435.7 483.086 269.158 433.34 130.29938
436.88 717.639 566.985 696.728 116.11759
438.06 532.374 358.251 508.216 116.10908
439.23 438.017 242.492 426.112 106.48355
440.41 592.774 432.31 616.672 87.03721
441.59 685.351 567.893 770.852 57.87285
442.77 406.662 205.343 412.592 97.13876
443.94 768.528 544.518 768.148 100.1699
445.12 699.323 586.128 739.548 73.78133
446.3 923.143 710.994 986.74 76.93637
447.47 689.794 499.557 691.952 98.87846
448.65 729.65 506.511 727.264 101.08095
449.82 563.15 323.511 537.764 111.84876
451.0 599.542 348.053 623.196 91.40319
452.18 552.945 339.121 514.164 122.15551
453.35 599.654 386.02 609.276 95.69008
454.53 586.456 410.647 589.7 98.18847
455.7 449.924 191.568 480.092 89.54394
456.88 899.974 656.691 935.26 87.3333
458.05 632.805 421.584 675.988 83.02587
459.23 432.06 207.097 400.756 116.16482
460.4 635.654 396.52 698.776 79.1163
461.58 741.849 525.689 821.632 73.04097
462.75 478.823 200.128 433.048 119.65277
463.93 658.913 414.042 711.556 82.30566
465.1 623.254 330.461 661.82 88.36139
466.28 441.392 54.294 461.776 94.9976
467.45 396.654 59.02 387.276 102.85688
468.63 704.801 336.575 693.976 103.02897
469.8 917.186 601.599 926.884 97.01876
470.97 568.179 259.082 564.36 101.25106
472.15 807.036 383.341 796.964 102.43511
473.32 882.892 527.294 920.276 90.48713
474.49 968.241 657.731 1094.564 71.08208
475.67 686.885 325.777 747.752 85.57568
476.84 618.137 187.781 598.508 104.77904
478.01 866.827 480.636 804.06 119.40704
479.19 797.425 306.873 842.384 91.60443
480.36 672.496 256.744 704.832 92.78363
481.53 901.59 389.667 924.352 95.74284
482.7 792.4 295.812 777.8 103.029
483.88 685.062 171.402 745.048 89.54296
485.05 766.474 232.691 769.76 99.38826
486.22 834.221 353.483 874.284 92.30727
487.39 663.52 202.602 716.197 89.74348
488.56 942.834 360.154 917.084 104.6236
489.74 1203.418 654.856 1133.86 114.52127
490.91 781.155 223.325 775.068 101.1032
492.08 833.834 305.154 865.584 94.33474
493.25 765.921 214.365 863.872 84.91922
494.42 946.188 343.404 881.676 111.98492
495.59 878.558 309.893 946.036 89.39263
496.76 920.553 295.079 931.732 98.24414
497.93 1097.485 418.718 1095.796 100.24952
499.1 1056.806 418.889 1034.28 103.66045
500.27 1425.191 714.913 1442.188 97.66294
501.44 1467.0 807.753 1475.844 98.67623
502.61 936.151 330.816 986.056 92.38374
503.78 1138.602 490.499 1200.68 91.25879
504.95 1529.359 846.215 1487.168 106.58263
506.12 1209.605 475.507 1166.692 106.20862
507.29 968.914 240.347 943.348 103.63668
508.46 737.659 -14.666 724.08 101.83805
509.63 1548.659 849.834 1604.08 92.65207
510.8 1554.77 825.301 1627.16 90.97221
511.97 1201.13 371.764 1135.484 108.59549
513.14 983.127 176.56 1017.765 95.88243
514.31 1382.555 534.884 1387.524 99.41714
515.48 1163.998 369.049 1250.625 90.17365
516.65 1162.889 268.286 1174.264 98.7444
517.81 1111.195 206.422 1151.7 95.71499
518.98 1371.619 443.737 1433.948 93.70545
520.15 985.279 145.624 1056.977 92.13282
521.32 1386.018 462.797 1407.404 97.736
522.49 2008.246 1082.545 2049.868 95.69716
523.65 1752.084 778.955 1776.12 97.58951
524.82 1389.385 420.277 1429.252 96.04876
525.99 1049.25 83.053 1080.88 96.83003
527.16 1545.56 486.698 1546.329 99.92742
528.32 1631.288 443.345 1599.72 102.72991
529.49 1472.022 297.805 1404.916 106.06134
530.66 1233.715 19.271 1155.053 106.92579
531.82 1307.23 161.704 1370.028 94.80288
532.99 1428.062 215.402 1433.548 99.54962
534.16 1569.932 310.391 1548.408 101.73859
535.32 1841.595 588.981 1840.156 100.11495
536.49 1468.346 162.485 1489.412 98.41243
537.65 2011.881 700.768 2088.74 94.46252
538.82 1515.073 162.928 1607.084 93.62869
539.99 1835.173 413.869 1934.628 93.46018
541.15 2013.838 571.163 2088.596 95.07337
542.32 1621.865 99.529 1692.972 95.53748
543.48 2205.16 522.139 2224.873 98.84231
544.65 2328.819 712.72 2353.109 98.51927
545.81 2747.691 1004.413 2848.688 94.52377
546.98 2202.897 398.108 2270.081 96.41111
548.14 2450.691 576.913 2496.688 97.60405
549.31 2206.087 195.963 2283.632 96.28557
550.47 2448.605 274.007 2364.192 104.03855
551.63 2772.695 687.922 2937.7 92.66572
552.8 2391.763 309.783 2464.136 96.6406
553.96 2521.832 236.45 2628.364 95.54614
555.13 2631.357 260.512 2671.948 98.31673
556.29 3162.142 650.095 3150.813 100.45304
557.45 2622.856 155.707 2693.156 97.2295
558.62 2958.487 362.023 2973.088 99.44078
559.78 3142.897 505.108 3203.581 97.75121
560.94 2924.99 307.531 3039.601 95.80501
562.11 3058.768 196.597 3098.441 98.63284
563.27 2979.239 55.027 2977.844 100.0477
564.43 2906.969 -3.521 3039.528 95.64386
565.59 3154.707 134.253 3206.529 98.31325
566.76 3286.885 219.777 3363.752 97.5551
567.92 3563.585 429.26 3688.913 96.15518
569.08 3796.131 540.569 3876.277 97.59734
570.24 3602.122 228.246 3649.96 98.60194
571.4 3580.835 94.459 3723.876 96.05884
572.57 3711.833 225.755 3856.657 96.01136
573.73 3641.501 46.058 3679.636 98.95048
574.89 3944.671 220.165 4026.409 97.85253
576.05 4132.407 365.33 4264.824 96.60424
577.21 3983.421 80.365 4058.372 98.11587
578.37 3833.483 2.514 4042.576 94.8245
579.53 4181.782 157.132 4267.989 97.90295
580.69 4603.879 407.064 4642.521 99.08768
581.85 4465.724 239.492 4545.796 98.14058
583.01 4531.839 280.968 4634.888 97.63319
584.17 4722.576 302.937 4888.596 96.37958
585.33 4799.75 377.553 4841.88 99.05628
586.49 4733.184 210.895 4930.164 95.82605
587.65 4967.188 405.904 5146.176 96.22409
588.81 5062.875 351.556 5124.008 98.71905
589.97 5447.728 660.501 5593.809 97.03888
591.13 5100.997 233.744 5176.832 98.46583
592.29 5055.764 192.589 5211.429 96.8984
593.45 5141.02 145.102 5345.697 96.06435
594.61 5099.129 149.764 5146.484 99.05229
595.77 5190.735 90.018 5387.833 96.27964
596.93 5214.015 26.788 5219.892 99.88682
598.09 5416.306 250.389 5502.78 98.35362
599.24 5478.012 98.084 5503.172 99.53451
600.4 5583.684 213.895 5652.164 98.74078
601.56 5480.217 121.474 5584.272 98.09519
602.72 5763.275 263.115 5782.464 99.65232
603.87 5841.766 370.394 6016.721 96.90143
605.03 5609.275 49.115 5792.964 96.80198
606.19 5690.624 86.051 5732.252 99.26271
607.35 5627.264 -67.411 5871.429 95.88868
608.5 6079.109 405.516 6256.205 96.97309
609.66 6422.534 647.637 6471.245 99.16357
610.82 5863.443 79.417 5937.444 98.73676
611.97 5924.642 52.595 6062.813 97.70107
613.13 6391.686 453.7 6411.957 99.65978
614.29 6299.868 349.538 6482.984 97.01446
615.44 6368.005 410.067 6536.148 97.25528
616.6 6213.156 48.63 6216.361 99.94804
617.76 6420.12 382.542 6587.741 97.29871
618.91 6553.826 398.238 6708.633 97.5468
620.07 6651.883 475.573 6657.533 99.90861
621.22 6294.512 -46.916 6269.172 100.4012
622.38 7118.142 707.595 7113.813 100.06758
623.53 6296.335 15.959 6480.376 97.15301
624.69 6443.531 24.628 6615.732 97.38736
625.84 6668.131 105.569 6571.776 101.49012
627.0 6918.982 260.209 6959.284 99.39839
628.15 6586.271 -12.394 6704.453 98.24053
629.31 6820.037 295.341 6990.964 97.44717
630.46 6628.987 -22.977 6824.588 97.14349
631.61 6966.905 222.626 7008.604 99.3855
632.77 6964.04 171.849 7041.476 98.87278
633.92 7178.339 296.968 7346.888 97.60921
635.08 7429.011 629.779 7501.88 98.93964
636.23 7102.491 188.531 7249.601 97.91661
637.38 7163.742 -21.464 7130.856 100.45979
638.54 7632.058 459.393 7769.536 98.11935
639.69 7713.456 577.749 7879.773 97.72231
640.84 7535.638 305.982 7644.701 98.51388
641.99 7312.376 12.486 7390.442 98.9419
643.15 7872.114 602.49 8199.685 95.68827
644.3 7430.352 67.494 7635.926 97.28379
645.45 7552.589 -53.502 7614.167 99.19691
646.6 8156.827 544.002 8218.909 99.1911
647.75 7717.565 106.007 7886.651 97.82684
648.91 7608.303 -139.989 7656.893 99.3768
650.06 7955.041 123.015 8108.635 98.07661
651.21 8142.278 301.519 8389.376 96.94483
652.36 8309.016 274.023 8456.618 98.19614
653.51 8219.254 28.527 8421.359 97.59193
654.66 8249.491 163.531 8456.102 97.50849
655.81 8776.729 345.036 9004.843 97.36584
656.96 8498.467 16.54 8602.085 98.79311
658.11 8806.705 268.044 8755.326 100.60536
659.27 8785.942 321.548 9029.068 97.20786
660.42 8641.681 29.052 8758.311 98.66392
661.57 9057.918 263.056 9153.552 98.92431
662.72 8994.656 -114.94 8976.294 100.20198
663.87 8998.894 -90.935 9061.535 99.31558
665.01 9283.132 168.569 9525.277 97.41207
666.16 9291.869 -43.927 9490.019 97.92164
667.31 9522.107 -31.423 9748.761 97.68252
668.46 10130.845 498.581 10311.502 98.15899
669.61 9775.582 100.085 10042.244 97.31787
670.76 10002.32 -14.411 10118.985 98.84871
671.91 10696.058 512.094 10994.728 97.15081
673.06 10676.796 332.098 10713.469 99.64674
674.21 10129.533 -119.898 10468.711 96.79677
675.35 10676.271 171.606 10771.952 99.09738
676.5 10693.009 147.11 10882.194 98.23769
677.65 10745.247 -37.386 11003.436 97.66151
678.8 10742.984 -131.882 10855.678 98.97435
679.94 11281.223 31.623 11504.919 98.05029
681.09 11838.96 188.627 11907.661 99.41376
682.24 11991.698 283.631 12234.402 97.96913
683.39 12150.936 -30.865 12384.145 98.12156
684.53 12608.174 345.139 12865.387 97.94562
685.68 12597.411 81.143 12782.628 98.54177
686.83 12899.649 198.648 13182.87 97.81873
687.97 12929.387 191.152 13214.111 97.81367
689.12 13021.125 146.656 13231.354 98.39333
690.27 13081.362 58.16 13182.095 99.23245
691.41 13392.601 318.664 13795.337 97.0116
692.56 13691.838 237.168 13859.078 98.77227
693.7 13828.575 247.672 14138.32 97.77012
694.85 13421.813 -37.323 13744.562 97.65817
695.99 13888.551 228.681 14173.804 97.95446
697.14 14107.789 110.185 14453.045 97.59284
698.28 14295.026 190.689 14622.287 97.73233
699.43 14614.265 239.193 14725.028 99.23537
700.57 14234.502 -140.803 14517.771 98.06756
701.72 14754.74 -60.299 14936.512 98.78793
702.86 14533.478 -131.794 14860.754 97.81707
704.01 14873.716 -26.79 15141.995 98.23137
705.15 15460.453 267.214 15815.237 97.71814
706.29 15186.191 45.718 15399.979 98.60763
707.44 15722.429 127.222 15883.721 98.97635
708.58 15362.667 -130.774 15653.463 98.15768
709.72 16403.404 414.23 16490.205 99.46006
710.87 15521.143 -161.765 15852.946 97.92813
712.01 16067.38 -65.761 16454.688 97.65559
713.15 16492.117 143.743 16714.93 98.65542
714.3 16907.855 207.247 17179.172 98.40138
715.44 16731.094 -18.749 17035.912 98.2127
716.58 17007.832 138.255 17300.154 98.29668
717.72 16968.568 25.259 17348.896 97.80457
718.87 17160.307 115.264 17392.639 98.65528
720.01 17423.545 73.768 17717.879 98.33183
721.15 17136.281 -87.728 17402.621 98.47722
722.29 17636.02 189.276 18073.863 97.55184
723.43 17935.258 283.78 18473.105 97.04306
724.57 17884.996 254.284 18192.846 98.28387
725.72 17863.232 118.788 18332.588 97.42308
726.86 18239.471 510.793 18670.33 97.62737
728.0 18035.209 116.797 18605.072 96.9177
729.14 18264.447 -36.199 18280.814 99.91064
730.28 18843.184 358.305 19222.555 97.98894
731.42 18078.422 -48.691 18488.297 97.78888
732.56 19262.66 511.813 19466.039 98.927
733.7 18981.398 175.817 19430.781 97.66615
734.84 19049.635 -128.678 19057.021 99.9615
735.98 19099.373 106.826 19515.264 97.85717
737.12 18967.611 -73.17 19459.506 97.48168
738.26 19406.85 -17.666 19836.248 97.83721
739.4 19532.086 118.838 19914.988 98.06577
740.53 20139.324 241.842 20117.23 100.11116
741.67 19589.563 124.346 20047.473 97.70161
742.81 19474.799 -137.149 19786.215 98.43693
743.95 20366.537 204.855 20747.455 98.14572
745.09 19812.275 -66.641 20153.697 98.31149
746.23 20362.514 241.863 20768.939 98.02005
747.36 20237.75 239.867 20546.682 98.47868
748.5 20060.988 -70.129 20546.922 97.64305
749.64 20276.227 -9.125 20504.164 98.88883
750.78 20267.965 -53.62 20456.906 99.07881
751.92 20380.201 -13.116 20724.648 98.33903
753.05 20197.439 67.388 20664.891 97.73054
754.19 20479.678 402.892 20900.131 97.94873
755.33 20160.416 -150.604 20704.373 97.39172
756.46 20509.152 96.4 20819.615 98.50186
757.6 20282.391 -14.096 20758.857 97.70631
758.74 20563.629 354.409 21066.098 97.57398
759.87 20492.867 140.913 20594.84 99.50145
761.01 20554.604 108.917 20900.582 98.33597
762.14 20262.342 100.921 20693.324 97.90708
763.28 20703.58 263.925 20946.064 98.82757
764.41 20491.318 107.929 20853.807 98.25272
765.55 20152.555 -149.067 20489.049 98.36955
766.69 20599.793 137.938 20749.791 99.27227
767.82 20206.031 169.942 20736.031 97.42294
768.95 20196.768 -85.054 20679.273 97.67628
770.09 20630.506 443.95 20872.516 98.81534
771.22 20647.744 490.954 21167.258 97.4874
772.36 20531.482 334.958 20907.998 98.16986
773.49 20331.219 282.462 20619.24 98.58374
774.63 20114.457 78.967 20446.482 98.36983
775.76 20044.195 24.471 20446.725 98.02897
776.89 20098.434 274.975 20413.467 98.43567
778.03 19983.67 199.479 20369.707 98.0861
779.16 19849.408 13.483 20099.449 98.75515
780.29 19796.146 162.487 20139.191 98.28278
781.43 19960.885 397.991 20321.434 98.19033
782.56 19643.121 166.996 20033.674 98.03413
783.69 19430.859 3.0 19657.916 98.84478
784.82 19250.598 118.504 19551.658 98.45079
785.96 19207.336 55.008 19364.4 99.18659
787.09 18907.072 157.512 19442.141 97.22542
788.22 18947.311 169.016 19501.383 97.13397
789.35 18764.549 7.02 19285.625 97.29713
790.48 18728.285 66.025 19044.367 98.33451
791.62 19002.523 336.029 19500.607 97.40102
792.75 18471.262 -27.967 18684.35 98.86124
793.88 18740.0 408.037 19181.592 97.6478
795.01 18799.736 188.041 18930.334 99.30319
796.14 18382.975 225.045 18762.076 97.9549
797.27 18469.213 310.049 18723.816 98.61732
798.4 18194.451 143.554 18457.059 98.56604
799.53 18124.688 -65.942 18299.801 99.04652
800.66 18270.926 128.562 18511.543 98.69109
801.79 19007.664 908.566 19160.283 99.16381
802.92 17897.902 112.57 18258.525 98.01265
804.05 17925.139 259.074 18341.268 97.69868
805.18 17667.877 162.578 18075.51 97.72437
806.31 17836.615 76.583 18045.75 98.83615
807.44 17603.354 -49.413 17841.492 98.66894
808.57 17724.59 207.591 18041.234 98.22445
809.69 17865.828 173.595 18094.977 98.72137
810.82 17406.566 -165.901 17591.717 98.95735
811.95 18034.805 632.603 18340.459 98.27391
813.08 17327.541 51.607 17579.201 98.56421
814.21 17953.279 754.112 18327.943 97.86806
815.33 17409.518 136.616 17437.184 99.84009
816.46 16813.754 169.12 17252.426 97.43216
817.59 17114.492 511.124 17429.168 98.14
818.72 16698.73 294.128 16999.91 98.19715
819.84 16961.469 572.132 16972.652 99.93181
820.97 16302.206 281.137 16551.893 98.46543
822.1 16251.943 404.141 16743.635 96.99078
823.22 15955.682 -33.355 16298.377 97.90166
824.35 15874.919 45.149 16066.618 98.80349
825.48 15825.157 357.653 16223.86 97.48709
826.6 15774.895 161.157 15859.602 99.46041
827.73 15407.133 -115.339 15686.344 98.23303
828.85 15562.37 129.665 15826.585 98.31677
829.98 15910.608 380.17 16106.327 98.75546
831.11 15212.346 9.174 15584.568 97.61019
832.23 15296.084 -8.322 15566.811 98.2618
833.36 15545.821 342.182 15657.552 99.27047
834.48 15418.56 148.186 15548.294 99.15757
835.6 15092.797 328.69 15442.535 97.68597
836.73 15000.035 -58.805 15285.777 98.13783
837.85 15197.772 321.199 15448.019 98.34568
838.98 14691.01 -143.797 14926.261 98.43895
840.1 15006.248 249.207 15153.002 99.01533
841.23 15021.985 221.711 15210.744 98.74069
842.35 15167.224 515.215 15445.986 98.13297
843.47 14712.461 70.719 14830.728 99.19874
844.6 14535.199 -46.776 14739.47 98.61851
845.72 14509.437 30.228 14795.211 98.06451
846.84 14382.175 44.232 14691.453 97.88848
847.96 14458.412 6.736 14574.694 99.20179
849.09 14419.15 -65.76 14625.937 98.5925
850.21 14413.888 77.744 14493.678 99.44651
851.33 14633.126 183.748 14796.92 98.87913
852.45 14476.363 -51.247 14589.661 99.22616
853.57 14323.602 113.257 14594.903 98.12658
854.7 14262.339 -30.739 14312.145 99.65275
855.82 14381.077 -35.235 14555.887 98.80195
856.94 14371.814 231.269 14536.128 98.85134
858.06 13643.553 -145.727 14024.37 97.31253
859.18 14223.79 201.277 14353.111 99.08619
860.3 14195.528 125.282 14501.354 97.87268
861.42 13824.266 -130.714 14115.095 97.95849
862.54 13877.503 -136.71 14130.837 98.2244
863.66 13970.741 -41.206 14203.079 98.3689
864.78 13795.979 74.298 13993.82 98.57867
865.9 14114.217 129.802 14317.563 98.56675
867.02 15044.454 883.306 15183.804 99.02556
868.14 14497.692 552.811 14587.046 99.36332
869.26 14030.93 283.815 14136.287 99.23943
870.38 13427.168 -150.681 13677.029 98.19304
871.5 13359.905 -127.177 13672.771 97.73285
872.62 13278.644 -33.173 13554.513 97.96971
873.74 14003.381 390.331 14033.254 99.78104
874.85 13447.5 -48.167 13535.875 99.34942
875.97 13231.5 99.333 13400.875 98.72665
877.09 13319.0 215.833 13378.375 99.54891
878.21 13428.5 129.833 13678.875 98.15208
879.33 13181.0 90.833 13479.875 97.76776
880.44 12940.5 146.333 13282.875 97.39372
881.56 13107.0 -7.667 13325.875 98.35846
882.68 13180.0 157.333 13603.875 96.8477
883.79 13606.5 587.833 13614.875 99.93571
884.91 12813.5 -103.667 12980.875 98.72082
886.03 13215.5 267.333 13536.375 97.58178
887.14 13312.5 400.333 13522.375 98.40059
888.26 13529.0 435.833 13934.375 96.9969
889.38 13609.5 335.333 13777.375 98.75112
890.49 13144.5 -73.167 13401.375 98.09363
891.61 13571.5 154.833 13557.375 100.10539
892.72 13337.5 -38.167 13597.875 98.09054
893.84 13910.5 -95.667 14095.375 98.69724
894.95 13949.5 -107.667 14198.875 98.25692
896.07 14092.0 77.333 14296.375 98.56267
897.18 14503.5 205.333 14576.875 99.48944
898.3 14336.0 -80.667 14600.875 98.19586
899.41 14399.5 313.333 14956.875 96.19371
900.53 13933.0 175.833 14343.375 97.10341
901.64 14173.0 239.833 14524.375 97.54017
902.75 14091.5 109.333 14297.375 98.54895
903.87 13709.0 11.833 14045.375 97.60306
904.98 13787.0 189.833 14059.875 98.03263
906.09 13906.0 113.833 14158.375 98.20304
907.21 13776.5 184.833 13923.375 98.93093
908.32 13258.5 29.833 13421.375 98.78375
909.43 13760.0 388.333 14034.375 97.98934
910.54 13308.0 140.333 13635.875 97.57049
911.66 13536.5 675.833 13798.875 98.00065
912.77 12748.0 -25.167 12932.875 98.57328
913.88 13038.5 126.333 13358.375 97.58257
914.99 12830.5 -25.167 13016.375 98.57475
916.1 12790.0 142.333 12932.375 98.88683
917.22 12314.5 -37.167 12309.875 100.03746
918.33 12782.5 394.833 12975.375 98.46688
919.44 12486.5 117.833 12608.875 99.0203
920.55 12373.0 407.833 12604.875 98.09892
921.66 12283.5 227.333 12402.875 99.01955
922.77 12386.0 215.333 12449.375 99.48198
923.88 12362.0 408.333 12503.875 98.82705
924.99 11718.0 196.833 12008.875 97.53747
926.1 11444.5 -127.167 11556.875 99.03822
927.21 11890.5 442.333 11895.875 99.95307
928.32 11140.5 -120.667 11225.375 99.25194
929.43 11039.5 134.333 11211.875 98.44392
930.54 10982.0 23.833 11084.375 99.07441
931.65 10950.0 78.333 11079.375 98.82398
932.76 10789.0 185.333 10967.875 98.34107
933.86 10531.5 126.833 10679.375 98.59868
934.97 10031.0 35.833 10143.875 98.88331
936.08 9722.5 22.333 9752.875 99.68784
937.19 9235.5 443.833 9533.875 96.71756
938.3 8485.0 238.333 8641.875 98.13323
939.4 7912.5 393.333 8087.875 97.72079
940.51 7262.5 105.833 7338.875 98.94408
941.62 6848.5 288.833 7079.875 96.59294
942.73 6912.5 738.333 7108.375 96.92506
943.83 6309.0 188.833 6448.875 97.76559
944.94 6347.0 178.333 6484.375 97.82153
946.05 6009.5 -108.167 6119.875 98.22777
947.15 6039.0 -72.167 6190.875 97.57506
948.26 6448.5 84.833 6467.375 99.70427
949.36 6453.0 11.833 6509.375 99.13236
950.47 6879.0 190.833 6976.875 98.5577
951.57 7248.0 534.333 7418.375 97.52507
952.68 7288.0 282.833 7375.875 98.76111
953.79 7407.5 262.833 7720.375 95.80458
954.89 7404.0 4.833 7511.875 98.56302
955.99 7578.0 191.333 7749.375 97.73255
957.1 7339.0 49.333 7602.375 96.51299
958.2 7690.0 173.333 7938.375 96.80137
959.31 8226.5 260.833 8294.875 99.14893
960.41 7822.0 17.333 7933.375 98.59305
961.52 7722.5 -62.667 7983.875 96.75171
962.62 8244.5 256.833 8348.375 98.71625
963.72 7816.5 -126.667 7938.375 98.48885
964.83 7739.5 -121.667 7939.375 97.52048
965.93 7998.0 201.833 8243.375 96.94866
967.03 8310.5 431.333 8441.875 98.35997
968.13 8363.0 226.333 8357.375 100.06918
969.24 7874.0 67.833 8110.875 97.05491
970.34 7887.5 61.833 7987.875 98.7336
971.44 7875.5 35.333 8008.375 98.33345
972.54 8138.0 181.833 8320.375 97.75912
973.64 7940.0 44.333 8109.875 97.89382
974.75 8360.5 658.333 8522.375 97.94158
975.85 9965.0 2178.833 10020.375 99.29383
976.95 7899.5 32.333 7945.875 99.41398
978.05 8208.0 277.333 8255.875 99.39995
979.15 8175.5 556.833 8279.875 98.64852
980.25 7375.5 -20.167 7515.875 98.13728
981.35 7520.0 18.833 7465.375 100.73356
982.45 7939.5 533.833 8085.875 98.06178
983.55 7359.0 271.833 7566.875 97.15046
984.65 7295.5 212.333 7460.375 97.72525
985.75 7492.0 352.333 7541.875 99.30628
986.85 7158.5 228.333 7330.875 97.57305
987.95 6885.0 54.333 7072.375 97.3301
989.05 7251.5 531.333 7226.875 100.36778
990.15 7016.0 350.333 7146.375 98.0816
991.25 6916.5 212.333 6860.875 100.83665
992.34 7143.0 508.333 7249.375 98.42198
993.44 6725.5 228.333 6816.875 98.61312
994.54 6465.5 168.833 6671.375 96.83393
995.64 6625.0 427.333 6724.375 98.42188
996.74 6804.5 492.333 6880.875 98.8045
997.83 6300.0 -44.167 6306.375 99.89961
998.93 6097.5 139.333 6265.375 97.25965
1000.03 6730.5 766.333 6767.375 99.38552
1001.12 6349.0 464.333 6519.375 97.18623
1002.22 6240.0 455.333 6303.875 98.90785
1003.32 5725.0 97.333 5836.875 98.0508
1004.41 5550.5 248.833 5587.375 99.30927
1005.51 5421.5 182.833 5562.875 97.37223
1006.6 5110.5 85.333 5261.375 97.08513
1007.7 5317.0 383.333 5432.375 97.71491
1008.8 4871.0 -71.167 4904.375 99.32922
1009.89 5054.0 293.833 5164.375 97.73382
1010.99 5048.0 191.833 5120.375 98.53151
1012.08 5012.0 -73.667 4991.375 100.4072
1013.18 5344.0 199.333 5386.375 99.18306
1014.27 5473.0 52.333 5486.875 99.74469
1015.36 5593.0 172.333 5684.875 98.33335
1016.46 5655.0 197.333 5619.875 100.64776
1017.55 5232.0 -23.667 5272.875 99.22827
1018.65 5263.5 218.833 5346.875 98.37414
1019.74 5286.5 353.333 5342.375 98.88005
1020.83 4955.5 228.333 4924.375 100.66279
1021.93 4795.0 159.333 4938.375 96.99992
1023.02 4565.0 -27.667 4762.375 95.87947
1024.11 4400.5 -29.667 4505.875 97.67668
1025.2 4162.5 -25.167 4246.375 98.03642
1026.3 4370.0 258.333 4439.875 98.32897
1027.39 4414.0 293.333 4519.875 97.495
1028.48 4290.0 257.833 4317.375 99.32566
1029.57 3832.0 149.833 4008.375 95.42897
1030.66 3881.0 160.333 3894.875 99.62847
1031.75 4534.0 970.833 4692.375 95.74437
1032.84 3997.0 313.333 4034.875 98.98228
1033.94 3524.0 4.833 3616.375 97.44223
1035.03 3711.5 383.833 3783.375 97.88574
1036.12 3260.5 33.833 3302.375 98.71885
1037.21 3126.5 -57.167 3301.375 94.79313
1038.3 3364.5 274.833 3414.875 98.39572
1039.39 2929.5 -43.667 2993.875 97.88069
1040.48 3103.5 222.333 3100.875 100.09119
1041.57 3071.5 310.333 3126.375 98.05134
1042.66 2894.0 209.833 2906.375 99.54108
1043.74 2905.0 234.333 2918.875 99.48315
1044.83 2760.0 294.333 2902.875 94.5228
1045.92 2438.0 -28.167 2430.875 100.28975
1047.01 2699.0 287.333 2671.375 101.15875
1048.1 2295.5 -41.667 2361.875 97.23845
1049.19 2508.0 231.833 2543.375 98.46964
1050.27 2403.5 106.333 2347.875 102.48155
1051.36 2261.0 137.333 2297.375 98.316
1052.45 2309.0 297.333 2442.375 93.78217
1053.54 2266.5 202.833 2212.875 102.66786
1054.62 2178.5 271.333 2251.375 96.31952
1055.71 2133.5 243.333 2182.375 97.47942
1056.8 2164.5 363.833 2189.875 98.61038
1057.88 1838.5 111.833 1944.875 94.1968
1058.97 1909.0 249.333 1928.375 98.84607
1060.06 2202.0 497.833 2209.875 99.54002
1061.14 1852.0 158.333 1816.375 102.14862
1062.23 2627.5 1029.333 2649.875 98.61929
1063.31 1845.5 347.833 1822.875 101.53385
1064.4 1559.5 73.833 1569.875 99.3065
1065.48 1693.5 232.833 1676.875 101.15128
1066.57 1507.0 109.833 1585.875 94.65632
1067.65 1676.0 290.333 1683.375 99.47058
1068.74 1461.0 118.333 1474.875 98.97718
1069.82 1543.5 279.333 1506.875 102.98361
1070.9 2720.5 1473.333 2743.875 98.16023
1071.99 1555.0 266.333 1549.375 100.43841
1073.07 1473.5 237.333 1420.875 104.4464
1074.15 1460.0 263.333 1480.875 98.28548
1075.24 1368.0 277.333 1337.875 102.84053
1076.32 1411.5 308.833 1440.375 97.44817
1077.4 1733.5 593.833 1701.375 102.90057
1078.49 1182.0 98.333 1145.375 103.49795
1079.57 1369.0 348.333 1355.375 101.35297
1080.65 1506.5 551.333 1575.375 93.2742
1081.73 1120.5 149.833 1151.875 96.86889
1082.81 991.0 64.333 1047.375 94.26525
1083.89 1205.0 286.333 1181.375 102.63954
1084.98 1161.0 345.833 1151.875 101.13208
1086.06 895.0 52.333 963.875 92.44412
1087.14 936.0 97.333 923.375 101.52837
1088.22 1053.0 221.833 1056.875 99.53595
1089.3 800.5 67.833 818.375 97.61839
1090.38 1403.0 656.333 1395.375 101.03174
1091.46 1077.0 315.833 1079.875 99.62371
1092.54 845.0 93.833 854.375 98.76733
1093.62 915.0 177.833 909.375 100.76892
1094.7 742.0 35.333 755.875 98.07437
1095.78 904.5 232.333 913.875 98.62444
1096.86 938.5 292.333 972.375 95.01869
1097.93 1352.0 700.333 1395.375 93.75937
1099.01 984.5 457.333 1100.875 81.91648
1100.09 706.5 132.833 754.875 92.22319
