196.55 1257.405 2496.717 2886.567 -317.89469
197.76 1859.909 3800.704 4436.287 -305.35699
198.96 1789.821 3596.637 3977.441 -474.47478
200.16 1166.353 2217.541 2638.016 -250.0
201.36 1975.427 4129.822 4611.604 -447.17244
202.56 1378.917 2681.073 3184.465 -258.67597
203.76 1159.776 2135.104 2536.268 -243.12408
204.96 1352.636 2509.135 3166.07 -176.04436
206.16 935.065 1681.46 2228.742 -136.38211
207.36 1680.752 3287.843 3808.572 -308.62367
208.56 1442.057 2790.816 3250.863 -293.17895
209.76 950.385 1640.444 2060.091 -164.43823
210.96 1215.19 2473.917 2848.882 -335.69271
212.16 2500.612 5252.875 5767.875 -534.41999
213.36 1527.634 3010.754 3486.111 -312.00134
214.56 1252.038 2391.318 2802.586 -277.01675
215.76 2321.776 4838.104 5375.768 -468.01104
216.96 1925.951 4114.857 4511.5 -551.85846
218.16 1385.656 2745.633 3194.347 -303.08319
219.35 1112.946 2041.87 2376.781 -277.3645
220.55 1291.035 2530.937 2941.626 -301.90764
221.75 1134.525 2156.188 2581.488 -240.22149
222.95 1918.843 3955.792 4442.877 -418.19078
224.15 1501.245 3057.475 3442.893 -403.77738
225.35 1168.508 2274.796 2723.971 -246.29325
226.55 1054.917 2166.348 2552.666 -287.69852
227.75 1741.343 3635.292 4039.877 -468.12048
228.94 1512.385 3080.444 3441.591 -434.18925
230.14 1370.501 2645.653 3001.092 -358.75396
231.34 1105.646 2205.884 2526.209 -343.47556
232.54 1004.235 2053.451 2332.554 -375.92372
233.74 1127.481 2198.879 2504.115 -351.00708
234.93 1118.419 2144.229 2552.125 -251.48763
236.13 1323.338 2606.03 3054.958 -285.72292
237.33 1241.673 2551.8 2751.564 -655.83604
238.53 1085.124 2304.004 2734.972 -282.82391
239.72 1805.498 3724.772 4236.632 -374.96021
240.92 875.767 1571.854 1948.129 -184.9945
242.12 1584.813 3173.269 3673.762 -317.37823
243.31 1047.074 2086.709 2491.88 -256.59124
244.51 953.528 1743.794 2002.748 -305.17695
245.71 1627.799 3250.758 3703.204 -358.70738
246.9 2126.028 4376.794 4973.748 -377.04209
248.1 1292.336 2589.148 3066.998 -271.38501
249.3 1207.318 2533.756 2941.481 -325.32668
250.49 1244.744 2339.7 2750.193 -266.74186
251.69 1390.971 2706.63 3336.977 -208.72004
252.89 1374.579 2611.696 3014.599 -307.05045
254.08 893.885 1535.444 1814.591 -229.82889
255.28 1331.688 2489.536 2954.422 -249.06103
256.47 894.222 1633.821 2015.457 -193.79697
257.67 1521.04 2988.699 3400.546 -356.36057
258.86 1566.198 3304.061 3672.76 -471.34883
260.06 1283.23 2428.689 2933.635 -226.84776
261.26 1830.22 3935.44 4351.497 -505.99268
262.45 1299.294 2398.996 2822.785 -259.49266
263.65 855.594 1365.707 1799.157 -117.68671
264.84 1535.161 2898.395 3396.266 -273.81258
266.04 1070.079 1970.196 2451.099 -187.17202
267.23 832.609 1512.718 1745.214 -292.5249
268.42 1028.382 1904.063 2275.131 -235.98946
269.62 1243.619 2459.242 2803.053 -353.57366
270.81 1308.518 2474.545 2968.109 -236.24628
272.01 1208.264 2432.973 2909.17 -257.1858
273.2 1547.577 3105.315 3586.14 -323.97191
274.4 963.407 1768.323 2216.327 -179.66742
275.59 1382.04 2897.424 3232.845 -451.78556
276.78 1249.444 2479.489 2941.821 -266.05231
277.98 1175.964 2193.487 2570.098 -270.17918
279.17 1154.87 2297.433 2707.033 -278.94592
280.37 1198.37 2245.158 2712.333 -224.06784
281.56 853.173 1526.525 1861.864 -200.79737
282.75 873.656 1731.408 2138.547 -210.67775
283.95 1174.212 2307.297 2542.118 -482.53045
285.14 1184.242 2366.319 2815.233 -263.31925
286.33 972.552 1992.554 2221.944 -444.66013
287.52 1307.636 2536.36 3024.37 -251.78221
288.72 1557.222 3159.546 3695.256 -299.10239
289.91 1838.496 3798.391 4221.673 -463.02323
291.1 1289.131 2732.373 3183.151 -320.16639
292.29 1281.045 2588.186 2972.765 -339.88925
293.49 1385.934 2760.465 3181.482 -326.47824
294.68 1026.377 1941.301 2177.212 -387.82633
295.87 1070.956 2132.119 2479.419 -305.54663
297.06 1362.025 2601.913 3054.288 -274.08422
298.26 672.683 1255.274 1427.003 -339.25166
299.45 1095.074 2023.709 2450.88 -217.3915
300.64 1168.035 2208.437 2584.126 -276.93159
301.83 1227.646 2369.384 2748.709 -300.99204
303.02 1003.639 1826.516 2165.53 -242.72629
304.21 1501.23 2868.464 3270.835 -339.79391
305.4 1178.02 2276.426 2646.569 -296.75184
306.59 1233.722 2563.821 2900.957 -394.52907
307.79 1111.749 2192.962 2560.612 -294.0876
308.98 876.001 1664.653 2044.092 -207.84676
310.17 1468.988 2640.698 3111.893 -248.66719
311.36 1146.244 2176.925 2700.993 -196.6694
312.55 1948.496 3882.115 4453.472 -338.42605
313.74 840.437 1523.346 1940.942 -163.53336
314.93 1323.057 2807.316 3359.863 -268.62164
316.12 1176.808 2160.007 2656.843 -197.8921
317.31 632.789 1166.234 1479.866 -170.0863
318.5 882.437 1553.346 1911.942 -187.0932
319.69 1137.185 2309.155 2706.462 -294.97834
320.88 1124.974 1925.511 2534.436 -131.46741
322.07 927.067 1737.566 2085.001 -233.28027
323.26 837.961 1705.381 2074.838 -234.78229
324.45 710.673 1142.525 1465.864 -133.56012
325.64 1148.978 2124.998 2568.655 -219.99426
326.83 1324.131 2560.373 3100.151 -229.02752
328.01 1108.262 1950.092 2391.71 -190.62427
329.2 1357.749 2597.462 3199.112 -206.05218
330.39 999.025 1859.413 2350.788 -175.0981
331.58 977.643 1561.003 2048.749 -119.603
332.77 1599.368 3265.552 3842.073 -289.00644
333.96 609.774 1141.723 1498.308 -149.17837
335.15 873.88 1434.182 1861.671 -131.06812
336.33 871.643 1532.503 2022.249 -134.93909
337.52 1001.173 1892.025 2372.364 -185.46316
338.71 1011.321 1937.637 2292.941 -260.71133
339.9 971.648 1745.49 2297.468 -140.19418
341.08 1077.771 1919.841 2312.848 -214.26337
342.27 1248.424 2526.216 3119.844 -215.25096
343.46 1402.488 2680.022 3237.994 -228.9605
344.65 1342.988 2637.522 3133.994 -260.74696
345.83 1374.607 2724.112 3359.955 -212.2389
347.02 773.636 1284.135 1654.07 -137.99657
348.21 1381.382 2798.063 3437.631 -221.50591
349.4 843.483 1372.76 2004.075 -83.83736
350.58 1135.121 1941.848 2655.813 -112.99268
351.77 949.481 1479.379 2169.615 -76.77067
352.96 686.897 917.574 1612.688 -33.1855
354.14 1036.217 1794.559 2536.037 -102.27425
355.33 858.075 1388.209 2177.38 -67.17606
356.51 743.843 1053.516 1710.177 -47.15885
357.7 1122.321 1917.862 2633.74 -111.12804
358.89 909.36 1294.409 2244.694 -40.51924
360.07 1363.372 2468.539 3274.792 -137.07432
361.26 1536.959 2822.45 3719.978 -143.22571
362.44 1130.673 1883.975 2685.964 -93.92925
363.63 935.668 1437.713 2258.544 -61.16297
364.81 939.882 1481.238 2377.53 -60.39947
366.0 669.722 869.496 1706.356 -23.8718
367.18 1968.789 4002.684 4925.465 -220.40911
368.37 924.21 1289.141 2138.458 -42.96752
369.55 1308.611 1992.324 2972.974 -69.7204
370.74 1397.141 2569.347 3556.089 -118.79552
371.92 1719.136 2932.584 3829.17 -135.34109
373.11 989.072 1572.778 2366.02 -73.58478
374.29 865.786 1228.803 2118.506 -40.80198
375.48 1001.752 1604.793 2543.671 -64.22998
376.66 897.464 1304.212 2230.397 -43.91655
377.84 1542.21 2698.641 3682.458 -117.54527
379.03 874.052 1197.779 2106.243 -35.63456
380.21 726.015 908.614 1826.249 -19.89882
381.39 640.133 768.203 1653.21 -14.47108
382.58 1390.037 2249.768 3191.686 -91.27451
383.76 1670.028 2792.519 3928.047 -98.85191
384.94 1777.525 3275.138 4444.088 -128.11607
386.13 942.631 1312.822 2390.25 -34.3588
387.31 1124.666 1667.607 2813.285 -47.39039
388.49 961.03 1310.625 2427.807 -31.29258
389.68 1223.638 1823.466 3113.629 -46.49232
390.86 1140.198 1738.51 3032.36 -46.24284
392.04 1615.703 2622.772 4102.779 -68.04495
393.22 1110.198 1267.51 2711.36 -10.89538
394.41 1026.089 1355.17 2657.537 -25.26789
395.59 798.183 602.499 2046.302 13.55334
396.77 1213.129 1571.216 3240.991 -21.44527
397.95 1225.156 1634.858 3244.647 -25.45067
399.13 1554.084 2148.683 3967.318 -32.69477
400.31 1185.791 1344.565 3154.925 -8.77027
401.5 1406.018 1827.995 3855.209 -20.81562
402.68 1559.134 2013.203 4170.71 -21.04605
403.86 1141.609 1103.943 3188.014 1.80732
405.04 1679.939 2394.952 4569.202 -32.8855
406.22 1169.929 1116.928 3278.363 2.45214
407.4 1582.488 1933.748 4309.794 -14.78335
408.58 1707.003 2269.484 4582.651 -24.31647
409.76 1847.311 2452.338 4997.402 -23.77257
410.94 1500.198 1770.51 4115.36 -11.52794
412.12 1389.015 1289.889 3749.949 4.02943
413.3 1298.73 1039.914 3670.435 9.83895
414.48 1175.803 947.47 3378.723 9.3916
415.66 1341.498 1217.497 3723.432 4.94831
416.84 2264.259 3106.936 5778.05 -31.54778
418.02 1461.828 1772.23 4367.919 -11.95837
419.2 1318.7 1166.391 3607.32 6.23978
420.38 1468.712 1557.522 4244.417 -3.30528
421.56 1297.365 1362.396 4031.913 -2.43604
422.74 2094.973 2946.461 5620.036 -31.84829
423.92 1821.316 2131.6 4890.321 -11.2474
425.1 1459.303 1499.97 4065.723 -1.58497
426.28 1371.414 1165.192 3856.506 7.66253
427.46 2417.9 3589.68 6422.448 -41.36522
428.63 1461.353 1619.266 4308.315 -5.87244
429.81 1551.781 1713.591 4375.987 -6.07758
430.99 1747.028 2003.519 4743.547 -9.36091
432.17 2145.794 2927.721 5826.585 -26.97356
433.35 1870.661 2125.12 4965.066 -8.96
434.52 1175.225 427.927 3245.716 26.52072
435.7 1271.941 1092.833 3793.161 6.63284
436.88 1882.274 1984.948 4888.608 -3.53601
438.06 1503.562 1466.304 4456.582 1.24599
439.23 1380.318 1177.981 4051.781 7.04075
440.41 1698.461 1601.606 4678.638 3.14768
441.59 2003.653 2193.977 5398.187 -5.9398
442.77 1448.183 963.274 3957.003 16.19748
443.94 1924.496 2184.115 5537.972 -7.74094
445.12 2002.234 2037.676 5450.854 -1.03837
446.3 2251.333 2830.492 6339.838 -16.50334
447.47 1916.762 1996.817 5529.01 -2.26646
448.65 2030.951 1981.582 5756.299 1.3079
449.82 1770.951 1192.582 4896.299 15.61592
451.0 1942.232 1628.795 5361.895 8.39616
452.18 1730.69 1347.642 5281.681 9.73676
453.35 1819.01 1508.127 5548.03 7.69532
454.53 1906.368 1500.777 5517.873 10.09661
455.7 1746.335 938.373 5313.298 18.46802
456.88 2467.663 2478.001 7091.026 -0.2241
458.05 2024.439 1621.452 6037.202 9.12613
459.23 1830.528 923.019 5558.547 19.57724
460.4 2137.51 1717.127 6638.53 8.54194
461.58 2334.648 1870.49 7088.468 8.89537
462.75 1964.734 902.676 6107.854 20.40388
463.93 2317.158 1645.239 6890.106 12.81099
465.1 2220.611 1483.324 6766.474 13.95545
466.28 1888.358 647.028 6071.735 22.88289
467.45 1925.01 483.127 5941.03 26.41827
468.63 2358.38 1443.407 7088.471 16.20837
469.8 2727.042 2273.03 8151.105 7.72383
470.97 2241.924 1065.441 6890.144 20.19817
472.15 2530.168 1621.263 7446.445 15.60303
473.32 2786.358 1868.528 7969.235 15.04465
474.49 2936.429 2223.203 8539.063 11.29263
475.67 2526.74 1299.938 7688.773 19.20227
476.84 2439.769 883.96 7141.889 24.8614
478.01 2867.294 1752.721 8442.585 16.66062
479.19 2649.89 1409.931 8063.81 18.63512
480.36 2403.518 915.27 7532.409 22.49081
481.53 2851.5 1726.378 8416.892 16.81669
482.7 2635.976 1276.117 8456.195 18.93933
483.88 2576.582 873.577 7709.059 24.91419
485.05 2517.663 1198.001 8010.026 19.37254
486.22 2752.629 1352.991 8186.191 20.4829
487.39 2505.927 877.097 7722.804 23.79345
488.56 2849.412 1501.81 8619.046 18.93434
489.74 3210.271 2389.342 9412.849 11.68832
490.91 2629.065 892.185 7826.042 25.04926
492.08 2721.912 1265.81 8351.046 20.55121
493.25 2671.831 930.386 8051.579 24.45439
494.42 2830.097 1369.088 8493.116 20.50818
495.59 2815.023 1247.532 8254.328 22.37101
496.76 2858.409 1336.929 8779.086 20.44407
497.93 2998.84 1718.135 8874.218 17.89673
499.1 2994.993 1605.01 8686.713 19.62781
500.27 3482.656 2773.633 9994.347 9.81929
501.44 3596.077 3078.815 10340.14 7.12352
502.61 2729.005 1235.64 8292.811 21.16097
503.78 3055.232 1679.07 8997.595 18.80382
504.95 3552.326 3086.124 10109.66 6.6377
506.12 2958.791 1873.615 8827.325 15.60572
507.29 2600.712 930.797 8134.118 23.18258
508.46 2446.124 252.729 7064.272 32.20114
509.63 3706.624 3146.729 10463.772 7.65192
510.8 3630.402 3257.561 10580.907 5.09113
511.97 3023.651 1395.871 8452.928 23.06599
513.14 2622.146 771.884 8008.708 25.56732
514.31 3232.964 2169.487 9502.598 14.50239
515.48 2887.572 1332.328 8695.921 21.12073
516.65 2823.299 1206.483 8477.504 22.23643
517.81 2721.715 997.678 8375.577 23.36759
518.98 3067.473 1822.736 9187.236 16.90185
520.15 2626.074 485.209 7758.88 29.43308
521.32 3043.873 1739.539 9169.292 17.55554
522.49 4149.542 3869.305 11735.806 3.56241
523.65 3737.437 3152.846 10589.442 7.861
524.82 3134.24 1597.438 9160.273 20.32044
525.99 2548.102 298.35 7696.536 30.4095
527.16 3318.077 1845.59 9410.84 19.46383
528.32 3340.198 1856.285 9654.561 19.02872
529.49 3039.432 1269.084 9050.522 22.75091
530.66 2667.065 237.96 7952.242 31.48841
531.82 2750.252 604.568 8380.371 27.59437
532.99 3041.582 1143.077 9051.559 24.00594
534.16 3173.008 1260.521 9238.271 23.97277
535.32 3488.614 2115.98 10496.134 16.37958
536.49 3053.644 789.003 9031.249 27.47602
537.65 3780.18 2601.393 11115.043 13.84585
538.82 2973.259 820.711 9142.75 25.86563
539.99 3506.86 1661.909 10484.694 20.91121
541.15 3754.471 2098.355 10995.276 18.61448
542.32 3080.939 502.227 9480.401 28.72201
543.48 3949.178 1999.787 11516.283 20.48433
544.65 4121.225 1990.202 11206.916 23.12128
545.81 4749.656 3837.633 13952.847 9.01635
546.98 3938.471 1447.13 11648.477 24.42169
548.14 4280.156 2101.633 12558.847 20.83273
549.31 3675.996 958.391 11704.673 25.28879
550.47 3899.291 1167.115 11823.325 25.63929
551.63 4640.715 2475.678 13360.077 19.89119
552.8 4231.284 1129.472 12063.946 28.36727
553.96 4082.907 947.323 11854.827 28.74703
555.13 4104.821 1023.137 12524.44 26.79421
556.29 4788.882 2505.563 14429.631 19.14883
557.45 4128.767 696.579 11942.429 30.51959
558.62 4554.395 1466.693 13019.729 26.72632
559.78 4604.971 1969.13 13975.477 21.95373
560.94 4516.454 1215.238 13337.959 27.23164
562.11 4435.897 1055.074 13142.688 27.96931
563.27 4173.924 262.716 12451.344 32.089
564.43 4066.599 55.969 12440.076 32.3853
565.59 4163.446 320.87 12474.78 31.61597
566.76 4557.239 1010.438 13526.773 28.33738
567.92 5014.491 1477.404 14710.454 26.72919
569.08 4912.705 1880.929 14975.939 23.15215
570.24 4761.033 1088.781 14294.967 27.80706
571.4 4764.966 472.868 13934.058 31.88498
572.57 4760.961 945.881 14806.338 27.52492
573.73 4641.131 168.373 13756.151 32.91751
574.89 5043.855 1054.422 14808.476 29.00551
576.05 5331.094 1449.707 14947.657 28.75538
577.21 4554.331 620.386 14037.079 29.32127
578.37 4508.335 16.148 14368.998 31.29822
579.53 4973.634 648.254 14684.11 30.81665
580.69 5293.675 1744.406 16907.324 23.40756
581.85 5062.188 1062.536 15333.922 28.02567
583.01 5190.025 1031.413 15150.788 29.45323
584.17 5151.818 1324.256 15526.981 26.94949
585.33 5433.102 1508.85 16502.535 26.1727
586.49 5396.538 911.543 15139.886 31.52155
587.65 5284.097 1585.588 15770.116 26.07425
588.81 5389.616 1454.361 16620.094 25.94833
589.97 5762.247 2468.081 17353.152 22.13067
591.13 5362.518 1144.77 16272.909 27.88015
592.29 5301.338 974.529 16274.958 28.279
593.45 5244.427 623.597 15068.304 31.98978
594.61 5051.651 509.871 14565.428 32.31306
595.77 5005.865 398.671 15600.113 30.30761
596.93 4820.813 352.994 14982.562 30.53965
598.09 5290.993 994.51 16096.213 28.45032
599.24 4958.309 453.507 15481.843 29.97539
600.4 5374.538 1022.043 15271.886 30.54416
601.56 5105.569 652.947 14886.461 31.28267
602.72 5330.016 1034.664 15405.649 29.88905
603.87 5290.892 1147.587 15940.47 28.00877
605.03 5171.016 538.664 15530.149 30.89988
606.19 5004.087 524.339 14650.979 31.71135
607.35 4826.338 91.029 14074.458 33.86372
608.5 5534.351 1534.16 16068.056 27.52318
609.66 5833.663 2418.276 16947.227 23.50746
610.82 4745.686 428.655 13941.462 31.9477
611.97 4804.382 429.063 15284.131 29.45338
613.13 5234.592 1601.601 15041.897 27.03059
614.29 4947.498 1286.772 15624.132 25.53278
615.44 5416.19 1823.417 15499.882 26.26975
616.6 4790.119 461.742 14483.053 30.86998
617.76 5274.528 1709.294 14965.748 26.89432
618.91 5164.843 1751.292 14364.377 27.06357
620.07 4995.234 1762.451 15394.555 23.71449
621.22 4471.309 12.007 13149.843 33.94244
622.38 5741.882 2654.563 15989.631 23.15188
623.53 4425.966 158.868 13188.058 32.7503
624.69 4654.604 384.231 13439.995 32.70872
625.84 4678.205 531.929 13202.939 32.72254
627.0 4877.781 1371.591 14228.986 27.26984
628.15 4363.956 114.619 12578.419 34.09343
629.31 4647.668 1007.263 14042.945 27.92646
630.46 4187.395 54.193 13046.229 31.81335
631.61 4606.089 929.72 13696.938 28.79538
632.77 4605.227 810.308 13448.676 30.02697
633.92 4593.525 1138.913 14331.288 26.18643
635.08 5563.254 2566.449 15674.831 22.86175
636.23 4604.454 888.738 12713.959 31.42195
637.38 4007.483 -113.24 12221.574 33.40726
638.54 5093.523 1722.532 14108.828 27.21549
639.69 5449.417 2381.848 15304.665 23.73762
640.84 4735.619 1380.484 13396.653 27.92184
641.99 4327.647 269.505 12355.263 33.57788
643.15 5159.675 2251.527 14847.871 23.08724
644.3 4380.203 424.048 12033.48 34.07707
645.45 4018.231 -101.931 11883.589 34.37616
646.6 4935.259 2262.59 13837.698 23.08979
647.75 4314.787 607.111 12667.807 30.7418
648.91 4041.314 -149.868 11873.416 34.85888
650.06 4482.842 568.154 12924.024 31.68282
651.21 4828.37 1234.675 13884.134 28.40987
652.36 4846.398 1167.196 13647.742 29.4795
653.51 4505.426 471.717 12946.351 32.33529
654.66 4466.954 760.738 13928.46 28.14622
655.81 4831.482 1710.259 13956.568 25.48705
656.96 4166.01 208.28 11655.678 34.57318
658.11 4583.538 976.302 13026.286 29.93561
659.27 4531.565 1342.323 13119.396 27.0801
660.42 4160.593 294.844 12097.004 32.75459
661.57 4704.122 1029.865 13292.613 29.96275
662.72 4105.649 -180.114 11759.722 35.89466
663.87 3827.677 -173.093 12221.331 32.27879
665.01 4665.705 891.429 13287.439 30.44751
666.16 4195.733 252.45 12741.048 31.57507
667.31 4366.761 428.971 12492.657 32.64168
668.46 5108.289 1921.492 14423.766 25.48974
669.61 4422.817 594.013 13009.375 30.83924
670.76 4508.845 69.034 12190.983 36.62621
671.91 5116.873 1986.556 14678.593 24.66363
673.06 4858.9 1294.577 13963.201 28.13505
674.21 4162.428 -152.402 12580.811 33.88642
675.35 4806.956 921.119 14043.419 29.61247
676.5 4890.984 695.14 13457.528 32.87664
677.65 4623.512 130.661 13839.637 32.77306
678.8 4321.04 -167.817 12917.745 34.30389
679.94 4807.068 341.704 13183.854 34.77115
681.09 5293.596 1144.725 14808.463 30.3641
682.24 5164.124 1245.246 14909.072 28.68067
683.39 4788.152 87.267 14166.681 33.38836
684.53 5160.68 1283.788 14885.79 28.50236
685.68 5057.208 696.31 14367.398 31.89869
686.83 4972.235 970.331 14569.508 29.42755
687.97 5196.763 858.352 13805.616 33.50832
689.12 5098.791 551.873 14120.726 33.50997
690.27 4814.319 354.394 14816.334 30.83905
691.41 5446.847 1406.415 14506.942 30.84175
692.56 5511.875 1082.937 16352.052 29.00586
693.7 5222.403 1119.958 15615.16 28.30209
694.85 5135.931 194.479 14490.27 34.56578
695.99 5146.958 1253.0 15089.378 28.1429
697.14 5117.486 771.021 14628.987 31.36438
698.28 5248.015 1041.542 15243.096 29.6198
699.43 5236.542 1135.563 14681.205 30.27527
700.57 4570.07 -141.415 13427.313 34.72312
701.72 4668.098 110.606 13995.923 32.82239
702.86 4676.126 -264.873 13259.531 36.53395
704.01 4781.154 194.148 14476.14 32.11741
705.15 5501.182 1163.669 15626.249 29.99128
706.29 4889.21 338.191 13608.857 34.29383
707.44 5230.238 630.212 14229.467 33.82557
708.58 4725.266 -106.267 13695.075 35.0077
709.72 5622.293 1851.254 16852.684 25.13787
710.87 4994.321 -294.725 13516.793 38.29446
712.01 5106.349 159.296 13861.402 36.10432
713.15 5485.377 757.818 14662.511 33.99974
714.3 5640.905 1016.839 14706.12 33.77874
715.44 4962.433 245.36 14690.729 32.65457
716.58 5563.461 754.381 15552.337 32.49827
717.72 4986.489 161.402 14636.446 33.33383
718.87 5143.517 633.923 15330.055 30.68558
720.01 5070.545 420.444 16054.664 29.74309
721.15 5030.573 -115.534 13882.772 36.76235
722.29 5052.601 1021.487 14374.382 30.18906
723.43 5337.628 1412.508 15841.49 27.20303
724.57 5299.156 1132.029 14727.6 30.65062
725.72 5224.184 677.05 14369.208 33.20977
726.86 5319.712 1909.571 14417.817 27.26314
728.0 4871.24 556.093 14380.426 31.21415
729.14 4668.768 218.114 13303.034 34.01361
730.28 5660.796 1451.635 14596.644 32.02098
731.42 4570.824 161.656 13138.752 33.97654
732.56 5778.852 2064.677 15369.861 27.91524
733.7 5475.879 1011.698 14814.47 32.34264
734.84 5048.908 -294.28 13002.579 40.18384
735.98 5541.936 627.741 13972.188 36.82577
737.12 4978.963 113.262 13786.297 35.58611
738.26 5128.991 149.283 14333.905 35.10639
739.4 4904.519 656.304 15338.515 28.93444
740.53 5390.047 1114.825 14728.623 31.40359
741.67 5140.075 788.347 13910.231 33.16389
742.81 4637.603 -224.632 12929.841 36.9626
743.95 5165.131 678.389 13862.949 34.03027
745.09 4883.159 154.91 13480.059 35.48365
746.23 5324.187 1219.931 14948.167 29.89645
747.36 5163.214 1273.452 14981.276 28.37622
748.5 4633.242 150.974 13084.885 34.65517
749.64 4852.771 232.495 13546.994 34.70109
750.78 4559.798 144.516 12781.103 34.94047
751.92 4676.326 332.037 13095.712 34.03635
753.05 4515.354 363.058 13274.32 32.16026
754.19 5186.882 1546.079 13911.429 29.44359
755.33 4421.41 -270.899 12687.538 36.21045
756.46 4949.938 724.622 12953.146 34.55295
757.6 4684.466 16.643 12968.756 36.03908
758.74 5283.494 1561.164 14233.864 29.37282
759.87 4778.521 755.185 14133.974 30.0725
761.01 4537.549 606.206 12603.582 32.76836
762.14 4759.577 641.728 12811.191 33.83756
763.28 4956.605 1166.749 12534.8 33.33778
764.41 4821.133 724.77 12183.909 35.74757
765.55 3975.661 -237.209 11384.018 36.25151
766.69 4745.689 750.312 12319.126 34.53575
767.82 4456.717 953.333 12841.235 29.47016
768.95 4363.745 139.855 11144.344 38.38334
770.09 4695.772 1518.876 12756.953 28.26904
771.22 4921.301 1835.897 13038.562 27.5417
772.36 4542.829 1423.418 12540.671 28.05919
773.49 4664.856 1409.439 13055.279 27.95348
774.63 4102.384 572.96 11390.389 32.6272
775.76 4377.412 487.482 11425.497 35.5634
776.89 4491.94 1196.503 12047.606 30.3696
778.03 4527.468 955.024 11702.215 33.24072
779.16 4180.996 234.045 11350.323 35.50605
780.29 4192.024 912.566 11263.933 31.6814
781.43 4500.552 1591.087 11674.041 28.85528
782.56 3920.58 944.108 11725.65 27.6071
783.69 3615.108 191.63 10068.759 34.66066
784.82 4059.635 554.151 11165.368 33.03565
785.96 3528.163 571.172 10081.477 31.0925
787.09 3745.191 581.193 9815.086 34.26505
788.22 3973.219 974.214 10803.694 30.51031
789.35 3616.747 297.235 9664.304 35.43811
790.48 3387.275 550.757 9442.912 31.89911
791.62 3880.303 1464.278 10710.521 26.1298
792.75 3334.831 150.299 9027.63 35.87263
793.88 3997.359 1845.82 10836.738 23.93013
795.01 3589.387 1012.341 9681.348 29.72711
796.14 3596.915 1161.362 9669.956 28.62461
797.27 3728.442 1363.384 10103.065 27.06115
798.4 3468.47 658.405 8814.174 34.45494
799.53 2940.498 106.926 7920.783 36.26343
800.66 3359.026 887.947 9714.892 27.99473
801.79 4506.554 3492.968 11640.501 12.4404
802.92 3046.582 670.989 8506.109 30.3198
804.05 3585.11 1137.511 9490.218 29.30307
805.18 3265.638 712.032 9415.827 29.33899
806.31 3286.666 693.053 8287.436 34.15173
807.44 2846.194 10.074 8029.045 35.36762
808.57 3350.721 1061.095 8028.653 32.86124
809.69 3244.75 932.116 8612.263 30.11184
810.82 2721.277 -309.862 6966.871 41.65523
811.95 3915.805 2776.659 10190.48 15.36517
813.08 2885.333 371.18 8155.589 32.29729
814.21 3837.361 2834.201 10741.198 12.68699
815.33 2887.889 640.722 7666.307 31.98548
816.46 2880.917 897.243 8077.416 27.6271
817.59 3552.945 2031.265 9024.024 21.7608
818.72 2961.973 1309.286 8154.633 24.14321
819.84 3595.001 2504.307 9108.742 16.51457
820.97 3156.029 1316.328 8395.351 25.98806
822.1 3155.056 1648.849 8675.46 21.43576
823.22 2565.084 69.37 6292.068 40.10662
824.35 2350.612 312.892 7032.177 30.32645
825.48 2948.64 1487.913 7442.286 24.53201
826.6 2734.168 912.934 7259.895 28.69458
827.73 2298.196 -189.545 6337.004 38.11725
828.85 2464.224 653.976 6923.113 28.87555
829.98 3139.252 1615.497 7863.222 24.38895
831.11 2254.28 214.519 6495.331 32.47608
832.23 2489.308 246.04 6477.939 35.99653
833.36 2985.335 1437.561 7361.048 26.12945
834.48 2638.364 859.582 6749.157 30.20221
835.6 2743.391 1350.603 6884.266 25.16937
836.73 2239.419 130.124 5894.375 36.5927
837.85 2736.947 1415.646 7515.983 21.65948
838.98 2181.475 -203.333 5561.092 41.37114
840.1 2638.503 1153.688 6953.701 25.6002
841.23 2382.031 1016.709 6811.81 23.55993
842.35 2788.059 1991.73 8074.919 13.09064
843.47 2362.587 643.251 5934.528 32.49377
844.6 2140.615 175.772 5347.637 37.99098
845.72 2177.643 385.794 5760.745 33.33703
846.84 2239.67 409.315 5733.354 34.37908
847.96 2210.698 333.836 6072.963 32.70292
849.09 1947.226 312.357 5663.572 30.55136
850.21 2039.254 638.878 5764.681 27.32013
851.33 2459.782 1103.4 6528.79 25.00064
852.45 2049.31 228.421 5257.898 36.20434
853.57 2303.338 815.942 5672.007 30.62965
854.7 2205.866 292.463 5545.616 36.42389
855.82 2176.894 250.984 5604.725 35.97316
856.94 2285.922 1359.005 6401.334 18.3827
858.06 1816.949 -150.974 4755.442 40.10918
859.18 2520.977 1080.048 5734.551 30.95775
860.3 2003.005 685.569 5356.16 28.20706
861.42 1775.033 -205.41 4107.269 45.92141
862.54 1683.561 -138.889 4662.878 37.95374
863.66 1797.089 207.132 4728.987 35.16161
864.78 1892.117 378.653 4574.596 36.06969
865.9 2257.145 970.175 5307.205 29.674
867.02 3192.673 3268.196 8203.313 -1.53032
868.14 2529.201 2295.717 6758.422 5.23189
869.26 2183.729 1418.238 5515.531 18.68283
870.38 1548.756 -114.741 4571.64 35.49642
871.5 1346.284 -88.72 4033.749 34.80934
872.62 1767.312 119.302 4331.357 39.12604
873.74 2485.84 1744.823 6251.966 16.44096
874.85 1673.854 124.833 4517.521 35.26362
875.97 1882.354 757.833 5010.021 26.4457
877.09 2087.354 1107.333 5359.521 23.04745
878.21 1768.354 690.333 4427.521 28.84578
879.33 1831.354 765.333 4705.021 27.05851
880.44 1793.854 751.833 5068.021 24.14216
881.56 1728.854 388.333 4358.521 33.76467
882.68 2020.354 781.833 4309.021 35.11355
883.79 2369.354 2228.333 6274.021 3.48571
884.91 1400.354 -118.167 4007.021 36.81095
886.03 2075.354 1161.833 5196.021 22.64448
887.14 2165.854 1814.333 5684.521 9.08279
888.26 2323.354 1999.833 5994.021 8.09979
889.38 2020.354 1485.333 5125.521 14.69761
890.49 1502.854 -47.667 3685.521 41.53343
891.61 1919.854 808.333 4448.521 30.53471
892.72 1456.354 114.333 4032.021 34.25543
893.84 1348.854 -138.667 4255.521 33.85201
894.95 1509.354 -153.667 3717.521 42.95893
896.07 1622.354 413.833 4113.521 32.66548
897.18 1963.854 1036.333 4540.021 26.4727
898.3 1559.354 35.833 3481.521 44.21529
899.41 2019.854 1322.833 5193.021 18.01
900.53 1844.354 943.833 4236.021 27.35326
901.64 1969.854 1230.833 5402.021 17.71727
902.75 1851.854 709.833 4430.521 30.69381
903.87 1532.354 346.833 3898.521 33.37909
904.98 2005.854 1111.833 4832.021 24.0316
906.09 1686.854 521.333 4227.521 31.44797
907.21 1856.354 1032.833 4594.521 23.12164
908.32 1465.854 375.833 3893.521 30.98686
909.43 2147.854 1633.833 5382.021 13.71385
910.54 1604.354 856.333 4521.521 20.4088
911.66 2505.854 2737.333 6120.021 -6.84305
912.77 1320.354 277.333 3654.521 30.8843
913.88 1630.354 899.833 4292.021 21.53539
914.99 1425.354 269.333 3331.521 37.75147
916.1 1672.854 823.833 3662.021 29.91419
917.22 1255.354 108.333 3132.021 37.9345
918.33 1939.354 1602.333 4594.521 11.26336
919.44 1501.854 709.333 3807.521 25.58014
920.55 2023.354 1790.833 4739.021 7.8869
921.66 1603.354 1114.333 3962.021 17.17256
922.77 1697.354 1230.833 4176.521 15.83741
923.88 1977.854 1684.333 4666.021 9.84411
924.99 1612.854 1005.833 4039.521 20.00934
926.1 1190.854 -10.667 2708.021 44.19489
927.21 1819.354 1730.333 4719.021 2.97859
928.32 837.354 -128.667 2431.021 37.7398
929.43 1296.354 732.333 3350.521 21.54242
930.54 1158.354 508.833 2813.521 28.1826
931.65 1263.354 742.333 3320.521 20.2088
932.76 1377.354 1108.333 3496.021 11.267
933.86 1193.354 938.833 3258.021 10.97457
934.97 1073.354 286.833 2585.521 34.21608
936.08 1003.354 452.833 2316.021 29.54726
937.19 1589.854 1885.833 4027.021 -13.82314
938.3 1211.354 1201.833 3249.021 0.46506
939.4 1462.854 1749.333 3612.021 -15.37989
940.51 928.854 687.833 2239.021 15.53783
941.62 1052.354 1240.833 2734.521 -12.61839
942.73 1799.354 2750.333 4271.521 -62.51557
943.83 911.354 898.833 2278.021 0.90784
944.94 951.354 983.833 2278.521 -2.50865
946.05 519.354 -16.667 1296.021 40.83385
947.15 544.854 29.833 1459.521 36.02332
948.26 883.854 669.833 2117.521 14.78364
949.36 723.854 366.833 1708.021 26.61976
950.47 1027.854 953.833 2416.021 5.06233
951.57 1563.854 2269.333 3791.521 -46.3464
952.68 1214.854 1332.833 3147.021 -6.50315
953.79 1216.854 1336.333 2958.021 -7.36759
954.89 802.354 431.833 1915.021 24.98139
955.99 1273.354 1138.333 2826.021 8.00034
957.1 972.354 593.333 2420.021 20.74908
958.2 1148.354 883.333 2674.021 14.79995
959.31 1253.354 1304.833 3095.521 -2.87483
960.41 813.354 430.833 1994.521 24.46274
961.52 804.854 81.333 1587.521 48.03657
962.62 1279.354 1338.333 3120.021 -3.3103
963.72 676.854 81.833 1686.521 37.08017
964.83 615.354 -96.667 1420.521 46.93031
965.93 1064.354 867.333 2607.021 11.32507
967.03 1417.854 1632.333 3674.021 -10.505
968.13 1187.854 1295.333 3037.521 -6.16921
969.24 822.354 373.333 2056.521 26.67682
970.34 869.354 506.333 2134.021 22.30286
971.44 917.854 658.333 2470.021 14.32482
972.54 1019.854 991.333 2613.521 1.75817
973.64 870.854 395.833 1967.521 30.22362
974.75 1871.354 2727.333 4342.021 -53.01205
975.85 4149.354 8233.833 10100.521 -218.80893
976.95 813.354 446.333 2116.521 21.97483
978.05 1306.354 1431.833 3190.521 -7.13482
979.15 1620.854 2417.833 4142.021 -46.22345
980.25 725.854 77.833 1583.521 43.0382
981.35 820.854 478.333 1934.521 23.52175
982.45 1593.354 2239.833 3786.521 -41.79766
983.55 1131.354 1277.833 2662.021 -10.58233
984.65 1164.354 1081.833 2426.021 6.13908
985.75 1246.854 1673.333 3141.021 -29.05791
986.85 1033.354 1033.833 2548.021 -0.03165
987.95 724.854 552.333 2026.521 11.70278
989.05 1443.854 2063.333 3463.521 -44.24258
990.15 1234.354 1504.333 2865.521 -19.8341
991.25 927.354 932.833 2296.021 -0.40193
992.34 1468.854 2071.333 3339.521 -47.5071
993.44 993.354 1067.333 2262.021 -6.19235
994.54 925.854 997.333 2025.521 -6.95195
995.64 1286.354 1752.333 2989.021 -37.67963
996.74 1405.854 2127.333 3291.521 -61.97276
997.83 540.854 168.833 1256.021 34.21865
998.93 864.854 838.333 1994.521 2.29382
1000.03 1781.854 3115.833 4377.521 -105.72974
1001.12 1269.854 2129.833 3121.521 -86.71876
1002.22 1280.354 2073.833 3210.021 -69.83699
1003.32 752.854 728.333 1728.021 2.45285
1004.41 994.854 1275.833 2219.521 -29.7746
1005.51 819.854 1044.833 2034.521 -22.73235
1006.6 655.854 449.333 1515.021 19.37912
1007.7 1105.854 1579.333 2663.021 -43.6915
1008.8 390.854 116.833 990.021 31.38167
1009.89 1019.854 1304.833 2322.021 -28.01639
1010.99 843.354 1035.333 1889.521 -22.47506
1012.08 454.854 146.833 1118.021 31.7159
1013.18 870.354 989.333 2030.021 -11.43274
1014.27 658.354 673.833 1647.021 -1.59056
1015.36 857.854 901.833 1832.021 -4.72798
1016.46 947.354 1099.333 2024.521 -16.42685
1017.55 552.354 424.333 1331.021 14.11962
1018.65 866.854 1194.833 2030.021 -39.27013
1019.74 1120.854 1510.333 2428.021 -42.44139
1020.83 893.854 1173.333 2163.021 -28.23914
1021.93 776.354 882.833 1780.021 -11.8681
1023.02 426.854 345.333 1073.021 11.20272
1024.11 404.354 202.833 944.521 27.17058
1025.2 433.354 91.333 929.021 40.82917
1026.3 886.854 1142.833 1980.021 -30.57609
1027.39 1066.354 1531.833 2318.021 -59.20716
1028.48 799.354 1191.333 1910.521 -54.50306
1029.57 669.854 690.333 1436.021 -2.74634
1030.66 799.354 1056.333 1742.521 -37.45029
1031.75 2003.354 3911.833 4641.021 -261.72671
1032.84 973.354 1514.333 2226.021 -76.0136
1033.94 434.354 272.833 974.521 23.01891
1035.03 984.854 1659.333 2341.021 -98.9426
1036.12 350.354 271.333 912.521 12.32414
1037.21 460.854 342.833 823.521 24.5525
1038.3 870.354 1383.833 2031.021 -79.3401
1039.39 420.354 299.333 829.521 22.82604
1040.48 800.354 1089.333 1770.021 -42.45402
1041.57 867.354 1523.833 2000.521 -137.71689
1042.66 671.354 1086.333 1789.521 -59.01402
1043.74 811.854 1264.333 1828.021 -80.27128
1044.83 807.854 1388.333 1874.521 -119.3941
1045.92 355.854 288.333 762.521 14.23927
1047.01 874.354 1598.333 2203.521 -119.62893
1048.1 373.854 253.833 664.021 29.25999
1049.19 724.354 1079.833 1614.521 -66.48354
1050.27 589.354 897.833 1357.521 -67.10626
1051.36 589.354 886.333 1321.021 -68.32013
1052.45 751.354 1311.333 1738.021 -131.23871
1053.54 688.354 1093.833 1594.521 -80.98448
1054.62 786.354 1313.833 1787.021 -111.47361
1055.71 711.354 1319.833 1666.021 -175.76579
1056.8 980.854 1821.333 2145.521 -259.25722
1057.88 598.354 914.833 1288.521 -84.69084
1058.97 685.854 1253.833 1744.521 -115.75171
1060.06 1184.354 2294.333 2766.021 -235.32087
1061.14 568.854 831.333 1225.521 -66.58737
1062.23 1974.854 4077.833 4601.521 -401.57119
1063.31 801.354 1347.333 1665.521 -171.59039
1064.4 478.854 816.833 1162.021 -97.91174
1065.48 740.354 1190.333 1585.021 -114.00898
1066.57 564.354 834.333 1196.521 -74.54125
1067.65 703.854 1296.333 1630.521 -177.28945
1068.74 456.854 894.833 1316.521 -103.86343
1069.82 742.854 1335.333 1655.521 -185.04132
1070.9 2573.854 5377.333 6085.021 -396.1465
1071.99 737.354 1434.833 1816.021 -182.97536
1073.07 747.854 1297.833 1656.521 -153.33102
1074.15 818.354 1459.833 1788.521 -195.16385
1075.24 732.854 1138.833 1373.521 -172.98714
1076.32 816.354 1408.833 1789.021 -155.83868
1077.4 1140.354 2520.333 2787.521 -516.48342
1078.49 388.354 600.833 910.521 -68.61083
1079.57 861.354 1624.833 1998.521 -204.30953
1080.65 1183.854 2142.833 2561.521 -229.04413
1081.73 607.354 1129.333 1313.021 -284.16696
1082.81 361.854 553.333 800.021 -77.62013
1083.89 727.854 1458.333 1720.021 -279.1418
1084.98 815.854 1350.833 1773.521 -126.56612
1086.06 394.354 651.333 851.521 -128.36923
1087.14 426.354 740.333 974.021 -134.35856
1088.22 617.354 1238.833 1529.021 -214.1647
1089.3 393.854 585.833 987.021 -47.85273
1090.38 1314.354 2794.333 3151.521 -414.34236
1091.46 816.354 1523.833 1736.021 -333.42171
1092.54 525.854 988.833 1251.021 -176.58318
1093.62 642.854 1072.333 1371.521 -143.54851
1094.7 341.354 600.333 689.021 -292.01314
1095.78 642.854 1264.333 1534.021 -230.44419
1096.86 722.354 1326.833 1527.521 -301.2042
1097.93 1455.854 3004.833 3433.021 -361.75253
1099.01 1012.854 1981.333 2345.021 -266.29442
1100.09 493.854 754.333 996.021 -107.77519
