196.55 1359.077 972.948 0.0 386.12964
197.76 1947.495 1427.472 0.0 520.02344
198.96 1695.202 1340.45 0.0 354.75208
200.16 1140.958 796.077 0.0 344.88031
201.36 2053.803 1587.379 0.0 466.42444
202.56 1382.07 990.115 0.0 391.95496
203.76 1149.556 849.94 0.0 299.61633
204.96 1349.042 932.264 0.0 416.77765
206.16 1032.956 712.367 0.0 320.58942
207.36 1619.774 1181.173 0.0 438.60156
208.56 1456.483 1052.507 0.0 403.97571
209.76 894.713 637.704 0.0 257.00873
210.96 1291.921 888.539 0.0 403.38287
212.16 2628.26 2056.997 0.0 571.26294
213.36 1563.384 1126.644 0.0 436.73987
214.56 1264.016 890.479 0.0 373.53674
215.76 2324.056 1834.94 0.0 489.11633
216.96 2030.983 1568.862 0.0 462.12122
218.16 1385.008 985.792 0.0 399.21661
219.35 1086.566 716.838 0.0 369.72748
220.55 1297.358 872.359 0.0 424.9989
221.75 1188.625 810.596 0.0 378.02936
222.95 1980.224 1461.314 0.0 518.91089
224.15 1514.199 1090.029 0.0 424.16992
225.35 1201.419 782.472 0.0 418.94623
226.55 1174.968 792.831 0.0 382.13702
227.75 1812.224 1378.814 0.0 433.41089
228.94 1542.713 1122.204 0.0 420.50867
230.14 1361.445 919.113 0.0 442.3327
231.34 1202.775 847.028 0.0 355.74707
232.54 1118.568 780.549 0.0 338.01849
233.74 1156.581 805.869 0.0 350.71167
234.93 1204.626 791.951 0.0 412.67493
236.13 1275.409 951.574 0.0 323.83514
237.33 1310.113 930.131 0.0 379.98175
238.53 1179.651 887.381 0.0 292.27026
239.72 1786.787 1373.993 0.0 412.7948
240.92 811.823 562.676 0.0 249.14685
242.12 1603.127 1152.807 0.0 450.32043
243.31 1163.689 755.63 0.0 408.05884
244.51 953.885 627.0 0.0 326.88525
245.71 1749.578 1278.803 0.0 470.77515
246.9 2133.885 1688.0 0.0 445.88525
248.1 1414.251 950.954 0.0 463.29718
249.3 1293.045 982.33 0.0 310.71411
250.49 1261.301 893.313 0.0 367.98798
251.69 1467.348 1049.106 0.0 418.24219
252.89 1316.107 916.154 0.0 399.95258
254.08 859.213 579.204 0.0 280.00873
255.28 1354.264 976.919 0.0 377.34491
256.47 923.177 577.666 0.0 345.51111
257.67 1514.174 1159.099 0.0 355.07471
258.86 1629.895 1172.898 0.0 456.99634
260.06 1288.252 917.809 0.0 370.44275
261.26 1950.019 1459.546 0.0 490.47339
262.45 1306.763 939.063 0.0 367.69946
263.65 903.655 565.158 0.0 338.4978
264.84 1515.824 1081.531 0.0 434.29236
266.04 1146.107 804.154 0.0 341.95258
267.23 822.704 487.661 0.0 335.04306
268.42 1026.055 706.584 0.0 319.47076
269.62 1318.335 882.641 0.0 435.69452
270.81 1295.152 959.736 0.0 335.41583
272.01 1318.665 923.056 0.0 395.60901
273.2 1537.949 1164.034 0.0 373.91467
274.4 1038.337 664.852 0.0 373.48553
275.59 1515.776 1028.883 0.0 486.8927
276.78 1256.408 892.718 0.0 363.6897
277.98 1127.874 772.746 0.0 355.1286
279.17 1231.664 903.201 0.0 328.46344
280.37 1225.766 837.985 0.0 387.78137
281.56 901.715 528.915 0.0 372.79968
282.75 965.406 617.508 0.0 347.89862
283.95 1198.546 801.186 0.0 397.35968
285.14 1216.143 863.193 0.0 352.95013
286.33 1048.167 700.267 0.0 347.90002
287.52 1345.644 948.548 0.0 397.09558
288.72 1614.279 1136.95 0.0 477.3291
289.91 1873.13 1410.373 0.0 462.75696
291.1 1497.726 1007.024 0.0 490.7019
292.29 1344.092 997.623 0.0 346.46838
293.49 1404.777 1044.239 0.0 360.53809
294.68 1034.74 729.845 0.0 304.89508
295.87 1101.299 803.102 0.0 298.19696
297.06 1355.227 940.38 0.0 414.84735
298.26 691.948 420.179 0.0 271.7692
299.45 1161.189 789.13 0.0 372.05884
300.64 1163.858 822.859 0.0 340.9989
301.83 1237.275 857.028 0.0 380.24707
303.02 1037.7 630.384 0.0 407.31555
304.21 1513.65 1123.525 0.0 390.12476
305.4 1204.81 875.356 0.0 329.45361
306.59 1349.177 920.166 0.0 429.01111
307.79 1130.616 803.053 0.0 327.56366
308.98 862.445 579.113 0.0 283.33264
310.17 1381.86 966.081 0.0 415.7793
311.36 1147.403 857.597 0.0 289.80591
312.55 1888.732 1560.657 0.0 328.07495
313.74 848.435 584.359 0.0 264.07599
314.93 1426.983 1009.007 0.0 417.97577
316.12 1123.811 787.067 0.0 336.74463
317.31 703.447 406.823 0.0 296.62369
318.5 870.935 574.859 0.0 296.07599
319.69 1237.106 830.799 0.0 406.30713
320.88 1094.005 736.225 0.0 357.78003
322.07 955.716 607.271 0.0 348.44519
323.26 982.615 607.342 0.0 375.27271
324.45 720.715 447.415 0.0 273.29968
325.64 1149.423 766.749 0.0 382.67389
326.83 1314.726 996.024 0.0 318.7019
328.01 1031.007 738.436 0.0 292.57104
329.2 1373.116 976.053 0.0 397.06366
330.39 1105.227 727.38 0.0 377.84735
331.58 879.117 542.908 0.0 336.20929
332.77 1734.006 1253.081 0.0 480.92566
333.96 679.398 448.82 0.0 230.57843
335.15 877.897 524.964 0.0 352.93292
336.33 845.617 590.908 0.0 254.70929
337.52 1037.215 719.415 0.0 317.79974
338.71 1042.202 710.45 0.0 331.75201
339.9 975.535 614.932 0.0 360.60297
341.08 1035.241 688.2 0.0 347.04065
342.27 1286.544 879.475 0.0 407.06866
343.46 1458.054 1063.729 0.0 394.32532
344.65 1290.554 897.229 0.0 393.32532
345.83 1515.944 983.257 0.0 532.68713
347.02 769.042 470.264 0.0 298.77762
348.21 1497.555 1021.584 0.0 475.97076
349.4 932.239 462.989 0.0 469.24954
350.58 1100.095 718.045 0.0 382.05042
351.77 960.581 575.369 0.0 385.21167
352.96 611.104 324.088 0.0 287.01602
354.14 1097.361 619.926 0.0 477.43542
355.33 827.689 536.13 0.0 291.55884
356.51 697.327 387.098 0.0 310.22885
357.7 1068.304 679.734 0.0 388.57001
358.89 866.033 511.721 0.0 354.31195
360.07 1399.924 915.105 0.0 484.81934
361.26 1592.661 1061.79 0.0 530.87085
362.44 1108.419 733.483 0.0 374.93567
363.63 879.603 481.743 0.0 397.85989
364.81 915.361 531.437 0.0 383.9248
366.0 616.483 276.518 0.0 339.96506
367.18 2008.151 1403.392 0.0 604.75964
368.37 856.49 529.85 0.0 326.63977
369.55 1168.964 737.065 0.0 431.8988
370.74 1378.562 911.572 0.0 466.98932
371.92 1625.746 1158.332 0.0 467.41357
373.11 986.235 476.078 0.0 510.15695
374.29 768.493 421.772 0.0 346.72177
375.48 913.978 531.741 0.0 382.23755
376.66 802.976 441.53 0.0 361.44653
377.84 1503.49 953.85 0.0 549.63971
379.03 812.769 405.051 0.0 407.71793
380.21 709.198 332.184 0.0 377.01385
381.39 634.088 266.212 0.0 367.8757
382.58 1239.22 816.548 0.0 422.67267
383.76 1660.987 1148.784 0.0 512.20325
384.94 1815.829 1254.164 0.0 561.66528
386.13 938.43 426.593 0.0 511.83783
387.31 1116.844 618.339 0.0 498.50403
388.49 915.747 474.688 0.0 441.05908
389.68 1178.404 637.952 0.0 540.45148
390.86 1139.599 567.466 0.0 572.13232
392.04 1530.914 982.706 0.0 548.20819
393.22 980.599 445.466 0.0 535.13242
394.41 981.942 473.202 0.0 508.74005
395.59 727.05 193.463 0.0 533.58716
396.77 1109.171 552.689 0.0 556.48193
397.95 1237.11 637.576 0.0 599.53461
399.13 1488.024 792.678 0.0 695.34625
400.31 1137.809 447.511 0.0 690.29749
401.5 1384.356 626.304 0.0 758.05176
402.68 1468.088 734.712 0.0 733.37579
403.86 1089.806 434.445 0.0 655.36102
405.04 1634.694 807.263 0.0 827.43182
406.22 1069.563 367.783 0.0 701.78033
407.4 1525.156 697.013 0.0 828.14331
408.58 1658.307 814.301 0.0 844.00647
409.76 1748.673 947.755 0.0 800.91852
410.94 1473.599 624.466 0.0 849.13232
412.12 1270.596 502.9 0.0 767.69586
413.3 1243.854 359.093 0.0 884.76074
414.48 1217.598 371.111 0.0 846.48688
415.66 1305.39 445.277 0.0 860.11276
416.84 2174.952 1233.1 0.0 941.8512
418.02 1514.88 623.378 0.0 891.50165
419.2 1281.757 419.586 0.0 862.17026
420.38 1488.148 583.97 0.0 904.17767
421.56 1399.451 427.245 0.0 972.20566
422.74 2076.21 1081.794 0.0 994.41614
423.92 1840.489 865.995 0.0 974.49426
425.1 1433.098 464.111 0.0 968.98688
426.28 1384.413 405.995 0.0 978.41718
427.46 2491.364 1356.492 0.0 1134.87183
428.63 1547.06 571.861 0.0 975.1983
429.81 1651.974 687.964 0.0 964.01007
430.99 1791.487 754.784 0.0 1036.70325
432.17 2195.865 1145.347 0.0 1050.51746
433.35 1946.426 827.316 0.0 1119.11035
434.52 1230.437 155.069 0.0 1075.36703
435.7 1510.352 376.383 0.0 1133.96973
436.88 1911.0 840.104 0.0 1070.89642
438.06 1744.9 552.531 0.0 1192.36945
439.23 1525.647 399.115 0.0 1126.53207
440.41 1883.217 594.126 0.0 1289.09076
441.59 2133.453 828.456 0.0 1304.99683
442.77 1621.948 276.679 0.0 1345.2692
443.94 2254.232 760.657 0.0 1493.57483
445.12 2161.17 769.833 0.0 1391.33649
446.3 2680.195 1093.118 0.0 1587.07727
447.47 2271.109 666.72 0.0 1604.38904
448.65 2349.085 720.646 0.0 1628.43915
449.82 2093.585 500.146 0.0 1593.43918
451.0 2163.012 609.213 0.0 1553.79871
452.18 2130.523 476.823 0.0 1653.70084
453.35 2273.781 530.16 0.0 1743.62012
454.53 2317.108 558.865 0.0 1758.24347
455.7 2146.853 334.238 0.0 1812.6153
456.88 2852.584 945.935 0.0 1906.64825
458.05 2502.195 591.763 0.0 1910.43195
459.23 2220.987 315.784 0.0 1905.20325
460.4 2636.781 580.16 0.0 2056.62012
461.58 2863.535 719.432 0.0 2144.10297
462.75 2428.67 315.333 0.0 2113.33649
463.93 2809.268 628.696 0.0 2180.57239
465.1 2794.464 525.065 0.0 2269.39893
466.28 2544.875 218.101 0.0 2326.77402
467.45 2506.281 146.66 0.0 2359.62013
468.63 3056.5 523.249 0.0 2533.25098
469.8 3450.036 870.287 0.0 2579.74854
470.97 2968.646 405.259 0.0 2563.38663
472.15 3276.899 595.675 0.0 2681.22388
473.32 3544.875 704.601 0.0 2840.27405
474.49 3700.961 859.499 0.0 2841.46246
475.67 3400.485 507.573 0.0 2892.91235
476.84 3224.583 327.08 0.0 2897.50269
478.01 3745.365 636.347 0.0 3109.01746
479.19 3531.631 548.728 0.0 2982.9024
480.36 3447.754 309.02 0.0 3138.7338
481.53 3707.547 596.897 0.0 3110.6507
482.7 3711.265 497.129 0.0 3214.13596
483.88 3455.764 275.774 0.0 3179.99036
485.05 3739.084 361.935 0.0 3377.14828
486.22 3780.069 478.405 0.0 3301.66409
487.39 3593.701 333.595 0.0 3260.10645
488.56 3988.755 485.876 0.0 3502.87936
489.74 4299.241 897.2 0.0 3402.04077
490.91 3706.558 242.651 0.0 3463.90726
492.08 3875.255 375.876 0.0 3499.37936
493.25 3863.936 278.714 0.0 3585.22147
494.42 4004.813 476.778 0.0 3528.03568
495.59 4010.569 417.26 0.0 3593.30942
496.76 4174.097 465.756 0.0 3708.34155
497.93 4237.669 610.478 0.0 3627.19116
499.1 4128.472 572.753 0.0 3555.71881
500.27 4824.508 1040.792 0.0 3783.71667
501.44 4921.949 1228.534 0.0 3693.41455
502.61 4092.363 423.137 0.0 3669.22629
503.78 4279.91 629.929 0.0 3649.98047
504.95 4927.12 1123.474 0.0 3803.64587
506.12 4470.605 696.943 0.0 3773.66168
507.29 4066.545 335.186 0.0 3731.35956
508.46 3819.753 32.165 0.0 3787.58823
509.63 5240.253 1258.165 0.0 3982.08826
510.8 5152.021 1179.612 0.0 3972.40967
511.97 4354.193 558.552 0.0 3795.64105
513.14 4158.275 258.528 0.0 3899.74695
514.31 4838.375 785.746 0.0 4052.62872
515.48 4587.531 495.01 0.0 4092.52094
516.65 4386.68 525.087 0.0 3861.59308
517.81 4376.203 355.806 0.0 4020.39734
518.98 4799.107 695.01 0.0 4104.0979
520.15 4164.689 161.13 0.0 4003.55873
521.32 4921.924 703.605 0.0 4218.31909
522.49 5890.934 1502.503 0.0 4388.4303
523.65 5623.435 1158.859 0.0 4464.57593
524.82 4941.485 638.073 0.0 4303.41235
525.99 4354.629 78.517 0.0 4276.11153
527.16 5209.347 631.25 0.0 4578.09656
528.32 5255.497 730.182 0.0 4525.31427
529.49 5030.619 411.619 0.0 4619.00027
530.66 4608.456 114.367 0.0 4494.08953
531.82 4801.876 180.957 0.0 4620.91934
532.99 5020.265 320.274 0.0 4699.9906
534.16 5282.021 444.256 0.0 4837.7641
535.32 5805.52 794.401 0.0 5011.11853
536.49 5226.617 294.408 0.0 4932.20914
537.65 6115.29 1011.059 0.0 5104.23114
538.82 5338.85 321.816 0.0 5017.03326
539.99 5833.033 642.721 0.0 5190.31207
541.15 6137.95 818.39 0.0 5319.56006
542.32 5667.592 147.979 0.0 5519.61371
543.48 6496.53 811.155 0.0 5685.37537
544.65 6598.834 992.785 0.0 5606.04907
545.81 7686.008 1483.292 0.0 6202.71667
546.98 6772.348 503.106 0.0 6269.24213
548.14 7295.508 783.792 0.0 6511.71661
549.31 6786.13 402.873 0.0 6383.25711
550.47 7034.605 469.443 0.0 6565.16165
551.63 7858.203 914.806 0.0 6943.39734
552.8 7303.131 454.584 0.0 6848.54776
553.96 7369.837 459.852 0.0 6909.98529
555.13 7613.202 391.45 0.0 7221.75177
556.29 8216.056 934.084 0.0 7281.97125
557.45 7690.425 274.46 0.0 7415.96466
558.62 8153.446 523.468 0.0 7629.97827
559.78 8510.848 771.606 0.0 7739.24213
560.94 8078.641 371.982 0.0 7706.659
562.11 8221.104 391.088 0.0 7830.01559
563.27 7995.043 157.975 0.0 7837.06841
564.43 7888.471 32.397 0.0 7856.07372
565.59 8319.065 205.838 0.0 8113.22713
566.76 8760.485 351.073 0.0 8409.41235
567.92 9037.712 571.349 0.0 8466.36304
569.08 9164.47 715.042 0.0 8449.42767
570.24 9042.303 352.024 0.0 8690.27911
571.4 8797.532 226.366 0.0 8571.1665
572.57 9110.614 367.342 0.0 8743.27243
573.73 8874.227 55.524 0.0 8818.70213
574.89 9369.115 452.697 0.0 8916.418
576.05 9660.155 476.158 0.0 9183.99762
577.21 9215.936 157.714 0.0 9058.22147
578.37 9301.751 18.954 0.0 9282.79708
579.53 9539.884 193.644 0.0 9346.23946
580.69 9959.873 597.535 0.0 9362.33801
581.85 9988.264 351.919 0.0 9636.34503
583.01 9993.728 401.88 0.0 9591.84772
584.17 10044.045 484.83 0.0 9559.21445
585.33 10327.129 572.517 0.0 9754.61151
586.49 10095.118 377.763 0.0 9717.35471
587.65 10348.313 573.278 0.0 9775.03589
588.81 10523.678 566.521 0.0 9957.15686
589.97 10926.459 929.433 0.0 9997.02625
591.13 10206.254 421.02 0.0 9785.2338
592.29 10369.409 336.574 0.0 10032.83539
593.45 10077.701 213.595 0.0 9864.1062
594.61 10050.692 134.052 0.0 9916.64053
595.77 10158.349 196.961 0.0 9961.38768
596.93 10106.229 91.091 0.0 10015.13885
598.09 10210.972 382.753 0.0 9828.21881
599.24 10054.312 138.067 0.0 9916.24477
600.4 10281.118 291.763 0.0 9989.35471
601.56 10026.873 233.39 0.0 9793.48264
602.72 10360.994 368.616 0.0 9992.37802
603.87 10267.187 473.064 0.0 9794.1225
605.03 9948.994 232.116 0.0 9716.87802
606.19 9849.08 148.514 0.0 9700.56622
607.35 9829.409 -3.926 0.0 9833.33538
608.5 10525.3 594.457 0.0 9930.84241
609.66 10710.481 989.651 0.0 9720.83008
610.82 9934.105 146.299 0.0 9787.80675
611.97 9753.556 125.084 0.0 9628.47128
613.13 10225.896 573.754 0.0 9652.14185
614.29 10099.787 496.993 0.0 9602.79443
615.44 10336.921 717.539 0.0 9619.38239
616.6 9610.835 180.141 0.0 9430.69415
617.76 10344.385 663.0 0.0 9681.38501
618.91 10122.725 726.314 0.0 9396.41101
620.07 10182.067 641.049 0.0 9541.01825
621.22 9376.812 17.567 0.0 9359.24477
622.38 10658.056 1061.084 0.0 9596.97131
623.53 9259.032 78.366 0.0 9180.6665
624.69 9389.786 112.137 0.0 9277.64885
625.84 9308.47 217.542 0.0 9090.92766
627.0 9757.974 488.964 0.0 9269.00995
628.15 9174.799 -0.398 0.0 9175.19681
629.31 9605.899 318.175 0.0 9287.72412
630.46 9047.946 -23.532 0.0 9071.47829
631.61 9336.738 374.134 0.0 8962.60452
632.77 9412.095 228.189 0.0 9183.90533
633.92 9473.228 495.38 0.0 8977.84772
635.08 10104.034 949.577 0.0 9154.45764
636.23 9229.642 308.482 0.0 8921.15948
637.38 8878.738 -74.511 0.0 8953.24911
638.54 9750.069 654.76 0.0 9095.30939
639.69 10007.969 936.831 0.0 9071.13751
640.84 9584.037 490.402 0.0 9093.63489
641.99 9073.629 97.409 0.0 8976.22003
643.15 10034.721 816.916 0.0 9217.80518
644.3 9044.313 95.422 0.0 8948.8903
645.45 9025.905 -58.071 0.0 9083.97642
646.6 9988.997 811.436 0.0 9177.56152
647.75 9032.089 161.942 0.0 8870.14668
648.91 8856.182 -136.551 0.0 8992.7328
650.06 9209.773 225.455 0.0 8984.31795
651.21 9550.865 417.462 0.0 9133.40308
652.36 9509.457 450.969 0.0 9058.48822
653.51 9184.55 101.475 0.0 9083.07433
654.66 9287.642 273.982 0.0 9013.65945
655.81 9704.233 651.989 0.0 9052.24463
656.96 9085.826 69.495 0.0 9016.33071
658.11 9603.418 365.002 0.0 9238.41586
659.27 9527.01 531.009 0.0 8996.00098
660.42 9140.602 29.015 0.0 9111.58613
661.57 9513.194 421.022 0.0 9092.17224
662.72 8852.786 -139.971 0.0 8992.75737
663.87 9083.378 -99.965 0.0 9183.34251
665.01 9495.471 316.042 0.0 9179.42862
666.16 9276.563 41.049 0.0 9235.51376
667.31 9436.654 95.555 0.0 9341.0989
668.46 10283.746 760.562 0.0 9523.18402
669.61 9750.339 206.069 0.0 9544.27016
670.76 9665.431 4.575 0.0 9660.85529
671.91 10410.522 769.582 0.0 9640.94043
673.06 10298.115 519.589 0.0 9778.52655
674.21 9705.707 -161.405 0.0 9867.11168
675.35 10031.299 284.102 0.0 9747.19681
676.5 9685.391 167.609 0.0 9517.78195
677.65 9790.983 72.615 0.0 9718.36806
678.8 9680.575 -110.878 0.0 9791.4532
679.94 10024.667 40.629 0.0 9984.03834
681.09 10704.76 370.135 0.0 10334.62445
682.24 10744.352 363.142 0.0 10381.20959
683.39 10332.943 -1.851 0.0 10334.79472
684.53 11070.035 558.155 0.0 10511.87988
685.68 10923.128 214.662 0.0 10708.46597
686.83 11058.22 301.169 0.0 10757.05112
687.97 10953.312 298.175 0.0 10655.13626
689.12 10904.404 178.182 0.0 10726.22237
690.27 10764.996 68.189 0.0 10696.8075
691.41 11372.588 468.195 0.0 10904.39264
692.56 11309.18 358.702 0.0 10950.47778
693.7 11278.272 378.709 0.0 10899.56387
694.85 10799.864 48.215 0.0 10751.64902
695.99 11336.956 398.222 0.0 10938.73416
697.14 11172.049 184.229 0.0 10987.82027
698.28 10983.141 342.735 0.0 10640.4054
699.43 11390.732 391.242 0.0 10999.49054
700.57 10647.324 -74.251 0.0 10721.57568
701.72 10986.917 -50.745 0.0 11037.6618
702.86 10710.009 -107.738 0.0 10817.74693
704.01 11171.101 50.269 0.0 11120.83207
705.15 11507.193 433.275 0.0 11073.91818
706.29 11183.785 126.782 0.0 11057.00332
707.44 11255.877 171.288 0.0 11084.58846
708.58 11013.469 -124.205 0.0 11137.6736
709.72 11970.562 629.302 0.0 11341.2597
710.87 10754.153 -137.192 0.0 10891.34485
712.01 11261.745 0.315 0.0 11261.42998
713.15 11587.838 217.322 0.0 11370.5161
714.3 11690.93 348.828 0.0 11342.10123
715.44 11194.521 92.335 0.0 11102.18637
716.58 11646.113 277.342 0.0 11368.77151
717.72 11217.706 52.848 0.0 11164.85762
718.87 11479.298 240.855 0.0 11238.44276
720.01 11459.39 117.362 0.0 11342.02789
721.15 11125.982 -54.132 0.0 11180.11401
722.29 11586.074 345.875 0.0 11240.19916
723.43 11881.666 498.882 0.0 11382.78427
724.57 11813.258 450.388 0.0 11362.86942
725.72 11385.851 244.895 0.0 11140.95554
726.86 12142.442 678.902 0.0 11463.54065
728.0 11272.034 164.408 0.0 11107.62581
729.14 11318.627 -2.085 0.0 11320.71192
730.28 11807.219 481.422 0.0 11325.79706
731.42 11118.811 10.928 0.0 11107.88219
732.56 12084.902 722.435 0.0 11362.46735
733.7 11559.495 386.942 0.0 11172.55344
734.84 10981.087 -127.052 0.0 11108.13858
735.98 11236.679 148.955 0.0 11087.72372
737.12 11097.771 -3.038 0.0 11100.80983
738.26 11148.863 17.468 0.0 11131.39497
739.4 11435.455 228.475 0.0 11206.9801
740.53 11575.547 407.482 0.0 11168.06525
741.67 11244.14 273.488 0.0 10970.65137
742.81 10830.731 -222.505 0.0 11053.2365
743.95 11342.823 241.002 0.0 11101.82162
745.09 10735.416 19.508 0.0 10715.90774
746.23 11435.508 399.515 0.0 11035.99289
747.36 11556.1 453.522 0.0 11102.578
748.5 11086.691 60.028 0.0 11026.66315
749.64 10809.784 25.035 0.0 10784.74927
750.78 10859.376 -5.458 0.0 10864.83441
751.92 10521.468 74.548 0.0 10446.91954
753.05 10630.561 155.555 0.0 10475.00566
754.19 11191.652 635.562 0.0 10556.09082
755.33 10404.744 -151.932 0.0 10556.67593
756.46 10681.836 245.075 0.0 10436.76106
757.6 10424.429 82.082 0.0 10342.34718
758.74 10955.521 562.088 0.0 10393.43231
759.87 10443.612 244.595 0.0 10199.01746
761.01 10355.205 271.102 0.0 10084.10358
762.14 10255.797 234.608 0.0 10021.18871
763.28 10613.389 408.115 0.0 10205.27383
764.41 10077.48 249.121 0.0 9828.35898
765.55 9840.573 -123.872 0.0 9964.44509
766.69 9857.165 289.635 0.0 9567.53024
767.82 9899.257 266.641 0.0 9632.61536
768.95 9533.35 26.148 0.0 9507.20148
770.09 9901.441 737.655 0.0 9163.78662
771.22 10153.033 661.661 0.0 9491.37177
772.36 10038.625 504.168 0.0 9534.45688
773.49 9743.718 489.175 0.0 9254.543
774.63 9462.81 196.181 0.0 9266.62814
775.76 9208.901 154.688 0.0 9054.21327
776.89 9411.494 428.195 0.0 8983.29938
778.03 9249.586 360.201 0.0 8889.38452
779.16 8846.178 8.708 0.0 8837.46967
780.29 9000.27 308.215 0.0 8692.05481
781.43 9290.362 606.221 0.0 8684.14093
782.56 8713.954 315.228 0.0 8398.72604
783.69 8198.046 11.735 0.0 8186.31119
784.82 8492.139 233.241 0.0 8258.89731
785.96 8495.23 116.748 0.0 8378.48244
787.09 8473.822 204.255 0.0 8269.56758
788.22 8177.415 394.261 0.0 7783.1532
789.35 7878.006 157.768 0.0 7720.23834
790.48 8038.599 142.275 0.0 7896.32396
791.62 8319.69 580.281 0.0 7739.40912
792.75 7522.783 5.288 0.0 7517.49473
793.88 8261.875 737.795 0.0 7524.08032
795.01 7836.467 353.801 0.0 7482.6655
796.14 7778.059 404.808 0.0 7373.2511
797.27 8097.651 493.815 0.0 7603.83624
798.4 7418.743 283.321 0.0 7135.42188
799.53 7270.335 -4.672 0.0 7275.0075
800.66 7446.927 316.335 0.0 7130.59265
801.79 8585.52 1276.841 0.0 7308.67822
802.92 7274.611 199.848 0.0 7074.7634
804.05 7218.204 381.855 0.0 6836.34903
805.18 7012.795 290.861 0.0 6721.93417
806.31 6958.888 215.868 0.0 6743.01979
807.44 6629.98 -64.625 0.0 6694.60542
808.57 7115.072 400.381 0.0 6714.69055
809.69 7021.164 400.888 0.0 6620.27618
810.82 6358.756 -163.605 0.0 6522.36131
811.95 7467.348 988.401 0.0 6478.94696
813.08 6685.94 103.908 0.0 6582.03207
814.21 7439.532 1064.915 0.0 6374.61768
815.33 6471.625 282.921 0.0 6188.70334
816.46 6439.216 308.928 0.0 6130.28845
817.59 6834.809 847.435 0.0 5987.37408
818.72 6323.4 504.441 0.0 5818.95923
819.84 6843.993 896.448 0.0 5947.54486
820.97 6203.584 446.454 0.0 5757.12997
822.1 6388.177 593.961 0.0 5794.21564
823.22 5538.769 -30.532 0.0 5569.30124
824.35 5393.861 92.474 0.0 5301.38638
825.48 5939.953 574.481 0.0 5365.47198
826.6 5689.545 310.488 0.0 5379.05713
827.73 5399.137 -144.506 0.0 5543.64276
828.85 5588.229 268.501 0.0 5319.72839
829.98 6017.321 610.008 0.0 5407.31354
831.11 5238.414 70.014 0.0 5168.39915
832.23 5201.005 81.521 0.0 5119.48428
833.36 5678.598 524.528 0.0 5154.06989
834.48 5335.689 259.034 0.0 5076.65506
835.6 5369.282 482.041 0.0 4887.24066
836.73 4882.874 -7.952 0.0 4890.8263
837.85 5350.466 535.054 0.0 4815.41144
838.98 4584.558 -104.439 0.0 4688.99706
840.1 5217.15 458.568 0.0 4758.58218
841.23 5121.242 371.074 0.0 4750.16782
842.35 5496.334 720.581 0.0 4775.75293
843.47 4962.926 248.588 0.0 4714.33858
844.6 4512.019 26.594 0.0 4485.42421
845.72 4664.11 155.101 0.0 4509.00935
846.84 4743.203 134.608 0.0 4608.59497
847.96 4494.294 139.114 0.0 4355.18011
849.09 4342.887 58.121 0.0 4284.76574
850.21 4656.479 232.628 0.0 4423.85088
851.33 4647.571 385.134 0.0 4262.43649
852.45 4364.163 25.141 0.0 4339.02212
853.57 4505.255 232.148 0.0 4273.10725
854.7 4348.847 67.654 0.0 4281.19289
855.82 4226.439 -0.339 0.0 4226.77802
856.94 4598.031 485.168 0.0 4112.86365
858.06 3986.623 -64.326 0.0 4050.94903
859.18 4678.715 425.181 0.0 4253.53439
860.3 4379.808 244.688 0.0 4135.12003
861.42 3897.899 -89.306 0.0 3987.20517
862.54 3852.491 -65.799 0.0 3918.29055
863.66 3812.083 50.708 0.0 3761.37593
864.78 4096.176 186.714 0.0 3909.46156
865.9 4279.768 244.221 0.0 4035.54669
867.02 5195.86 1277.228 0.0 3918.63232
868.14 4746.952 879.234 0.0 3867.71796
869.26 4451.044 575.741 0.0 3875.3031
870.38 3631.136 -90.252 0.0 3721.38847
871.5 3550.728 -94.746 0.0 3645.47385
872.62 3857.82 69.761 0.0 3788.05947
873.74 4367.412 699.268 0.0 3668.14459
874.85 3614.958 40.271 0.0 3574.68742
875.97 3816.958 286.271 0.0 3530.68741
877.09 3997.958 373.271 0.0 3624.68741
878.21 3693.458 220.771 0.0 3472.68742
879.33 3858.958 334.771 0.0 3524.18741
880.44 3762.958 254.771 0.0 3508.18742
881.56 3580.458 111.271 0.0 3469.18742
882.68 3747.458 256.271 0.0 3491.18741
883.79 4294.958 826.771 0.0 3468.18768
884.91 3299.458 -58.229 0.0 3357.68742
886.03 3937.958 456.271 0.0 3481.68741
887.14 4119.458 659.271 0.0 3460.18768
888.26 4144.958 777.271 0.0 3367.68768
889.38 4034.958 636.271 0.0 3398.68744
890.49 3181.958 -89.729 0.0 3271.68742
891.61 3743.458 307.771 0.0 3435.68741
892.72 3383.458 -13.229 0.0 3396.68742
893.84 3367.958 -99.229 0.0 3467.18742
894.95 3348.958 -87.229 0.0 3436.18742
896.07 3671.458 152.271 0.0 3519.18742
897.18 3921.458 384.271 0.0 3537.18741
898.3 3508.958 -41.229 0.0 3550.18742
899.41 4152.958 577.271 0.0 3575.68768
900.53 3857.958 335.771 0.0 3522.18741
901.64 3922.458 462.271 0.0 3460.18741
902.75 3660.458 262.771 0.0 3397.68741
903.87 3348.958 116.771 0.0 3232.18742
904.98 3853.958 403.771 0.0 3450.18741
906.09 3617.958 235.771 0.0 3382.18742
907.21 3700.458 438.771 0.0 3261.68741
908.32 3380.958 198.271 0.0 3182.68742
909.43 3836.958 650.771 0.0 3186.18744
910.54 3340.458 280.271 0.0 3060.18741
911.66 4299.458 1160.771 0.0 3138.68762
912.77 2990.458 85.771 0.0 2904.68742
913.88 3385.958 300.271 0.0 3085.68741
914.99 2998.458 69.271 0.0 2929.18742
916.1 3244.458 349.771 0.0 2894.68741
917.22 2761.458 58.771 0.0 2702.68742
918.33 3426.958 688.771 0.0 2738.18744
919.44 3000.458 270.271 0.0 2730.18741
920.55 3580.958 660.771 0.0 2920.18744
921.66 3134.458 428.771 0.0 2705.68741
922.77 3114.958 488.271 0.0 2626.68741
923.88 3330.458 623.271 0.0 2707.18744
924.99 2932.458 373.771 0.0 2558.68741
926.1 2506.458 -11.229 0.0 2517.68742
927.21 3245.458 652.771 0.0 2592.68744
928.32 2349.958 -84.729 0.0 2434.68742
929.43 2803.458 251.771 0.0 2551.68742
930.54 2547.458 111.271 0.0 2436.18742
931.65 2558.458 266.271 0.0 2292.18741
932.76 2619.958 381.771 0.0 2238.18741
933.86 2475.958 302.271 0.0 2173.68741
934.97 2151.958 113.771 0.0 2038.18742
936.08 2143.458 164.771 0.0 1978.68742
937.19 2619.458 708.271 0.0 1911.18744
938.3 2231.458 472.271 0.0 1759.18741
939.4 2295.958 674.771 0.0 1621.18744
940.51 1719.958 305.271 0.0 1414.68753
941.62 1928.458 503.771 0.0 1424.68753
942.73 2568.458 1102.771 0.0 1465.68738
943.83 1728.958 302.771 0.0 1426.18753
944.94 1697.458 338.271 0.0 1359.18753
946.05 1246.458 -35.729 0.0 1282.18754
947.15 1321.458 -25.729 0.0 1347.18754
948.26 1636.458 228.771 0.0 1407.68755
949.36 1382.958 98.271 0.0 1284.68754
950.47 1769.458 326.771 0.0 1442.68753
951.57 2343.958 844.771 0.0 1499.18744
952.68 2027.458 568.771 0.0 1458.68756
953.79 2105.958 439.271 0.0 1666.68741
954.89 1673.958 121.771 0.0 1552.18754
955.99 2105.458 391.271 0.0 1714.18741
957.1 1776.458 230.271 0.0 1546.18755
958.2 1893.458 271.271 0.0 1622.18753
959.31 2126.458 455.771 0.0 1670.68741
960.41 1864.458 130.271 0.0 1734.18755
961.52 1599.458 10.271 0.0 1589.18754
962.62 2147.458 493.771 0.0 1653.68741
963.72 1596.458 -50.729 0.0 1647.18754
964.83 1449.458 -70.729 0.0 1520.18754
965.93 1983.958 341.771 0.0 1642.18753
967.03 2261.458 714.271 0.0 1547.18744
968.13 2075.958 466.771 0.0 1609.18741
969.24 1799.958 175.771 0.0 1624.18755
970.34 1790.958 206.771 0.0 1584.18755
971.44 1849.458 265.771 0.0 1583.68753
972.54 1964.958 346.771 0.0 1618.18753
973.64 1610.458 142.271 0.0 1468.18755
974.75 2645.958 1069.771 0.0 1576.18738
975.85 5033.458 3162.271 0.0 1871.18774
976.95 1697.458 189.771 0.0 1507.68755
978.05 2070.458 525.771 0.0 1544.68744
979.15 2504.958 896.271 0.0 1608.68744
980.25 1447.958 99.771 0.0 1348.18754
981.35 1587.458 179.271 0.0 1408.18755
982.45 2323.458 891.771 0.0 1431.68744
983.55 1930.958 462.771 0.0 1468.18753
984.65 1821.958 418.271 0.0 1403.68753
985.75 2020.958 675.271 0.0 1345.68756
986.85 1728.958 372.271 0.0 1356.68753
987.95 1454.958 185.271 0.0 1269.68755
989.05 2200.958 783.271 0.0 1417.68744
990.15 1952.458 628.271 0.0 1324.18756
991.25 1643.958 443.271 0.0 1200.68753
992.34 2105.458 835.771 0.0 1269.68744
993.44 1580.958 478.271 0.0 1102.68753
994.54 1571.458 386.771 0.0 1184.68753
995.64 1951.458 731.271 0.0 1220.18756
996.74 1979.958 789.271 0.0 1190.68756
997.83 1094.458 73.771 0.0 1020.68754
998.93 1425.458 315.271 0.0 1110.18753
1000.03 2430.458 1230.771 0.0 1199.68738
1001.12 1977.958 704.771 0.0 1273.18756
1002.22 1926.458 729.271 0.0 1197.18756
1003.32 1318.458 272.271 0.0 1046.18753
1004.41 1515.458 467.271 0.0 1048.18753
1005.51 1382.958 402.771 0.0 980.18753
1006.6 1114.458 188.771 0.0 925.68755
1007.7 1577.958 624.271 0.0 953.68756
1008.8 895.458 103.271 0.0 792.18748
1009.89 1479.458 577.771 0.0 901.68756
1010.99 1366.958 384.771 0.0 982.18753
1012.08 941.958 47.271 0.0 894.68748
1013.18 1358.958 394.271 0.0 964.68753
1014.27 1201.458 202.271 0.0 999.18755
1015.36 1357.958 334.271 0.0 1023.68753
1016.46 1441.458 402.771 0.0 1038.68753
1017.55 1080.458 148.271 0.0 932.18755
1018.65 1428.458 496.771 0.0 931.68753
1019.74 1604.958 586.771 0.0 1018.18756
1020.83 1405.958 505.271 0.0 900.68753
1021.93 1215.958 280.271 0.0 935.68753
1023.02 774.958 38.271 0.0 736.68748
1024.11 886.458 63.771 0.0 822.68748
1025.2 905.458 88.271 0.0 817.18748
1026.3 1324.958 454.271 0.0 870.68753
1027.39 1348.958 597.771 0.0 751.18756
1028.48 1282.458 486.771 0.0 795.68753
1029.57 1017.458 312.771 0.0 704.68747
1030.66 1129.958 451.771 0.0 678.18753
1031.75 2344.458 1483.271 0.0 861.18738
1032.84 1326.458 652.771 0.0 673.68756
1033.94 764.958 161.271 0.0 603.68748
1035.03 1335.958 773.771 0.0 562.18756
1036.12 745.458 90.271 0.0 655.18748
1037.21 717.458 66.771 0.0 650.68748
1038.3 1149.458 522.771 0.0 626.68756
1039.39 620.958 153.271 0.0 467.68748
1040.48 1011.458 455.771 0.0 555.68747
1041.57 1162.958 616.271 0.0 546.68756
1042.66 995.458 441.771 0.0 553.68747
1043.74 1059.458 508.271 0.0 551.18753
1044.83 1118.458 543.271 0.0 575.18756
1045.92 587.458 45.771 0.0 541.68748
1047.01 1142.958 617.771 0.0 525.18756
1048.1 490.458 96.771 0.0 393.68751
1049.19 914.458 502.271 0.0 412.18747
1050.27 796.958 342.271 0.0 454.68747
1051.36 756.458 305.271 0.0 451.18747
1052.45 1034.958 469.771 0.0 565.18753
1053.54 948.458 466.771 0.0 481.68747
1054.62 949.958 525.271 0.0 424.6875
1055.71 904.958 467.771 0.0 437.18747
1056.8 1178.958 688.271 0.0 490.68756
1057.88 739.958 328.771 0.0 411.18747
1058.97 873.458 458.771 0.0 414.68747
1060.06 1291.958 834.771 0.0 457.18756
1061.14 726.458 367.771 0.0 358.68747
1062.23 2202.458 1608.271 0.0 594.18738
1063.31 934.458 547.271 0.0 387.1875
1064.4 598.958 279.271 0.0 319.68747
1065.48 870.458 526.771 0.0 343.6875
1066.57 730.458 362.771 0.0 367.68747
1067.65 818.958 543.771 0.0 275.1875
1068.74 705.458 357.271 0.0 348.18747
1069.82 778.958 544.271 0.0 234.6875
1070.9 2705.458 2151.771 0.0 553.6875
1071.99 916.958 561.771 0.0 355.1875
1073.07 857.958 491.771 0.0 366.18747
1074.15 962.958 576.771 0.0 386.1875
1075.24 827.958 526.771 0.0 301.1875
1076.32 901.458 625.771 0.0 275.6875
1077.4 1325.458 963.771 0.0 361.68756
1078.49 504.458 218.271 0.0 286.18752
1079.57 976.958 655.271 0.0 321.6875
1080.65 1325.458 866.771 0.0 458.68756
1081.73 666.958 382.771 0.0 284.18747
1082.81 493.458 238.271 0.0 255.18752
1083.89 809.958 548.771 0.0 261.1875
1084.98 841.458 533.271 0.0 308.1875
1086.06 508.958 267.771 0.0 241.1875
1087.14 575.458 283.771 0.0 291.68747
1088.22 714.458 524.771 0.0 189.6875
1089.3 517.958 261.771 0.0 256.18747
1090.38 1451.958 1101.771 0.0 350.1875
1091.46 892.958 598.771 0.0 294.1875
1092.54 577.958 405.771 0.0 172.18747
1093.62 616.458 412.771 0.0 203.68747
1094.7 477.458 186.271 0.0 291.18752
1095.78 751.458 490.771 0.0 260.68747
1096.86 789.958 545.771 0.0 244.1875
1097.93 1514.458 1146.271 0.0 368.1875
1099.01 1085.958 802.271 0.0 283.68756
1100.09 550.458 334.271 0.0 216.18747
