196.55 1273.812 2496.717 2886.567 -313.68612
197.76 1815.522 3800.704 4436.287 -312.34076
198.96 1712.92 3596.637 3977.441 -494.66912
200.16 1164.531 2217.541 2638.016 -250.43335
201.36 1985.172 4129.822 4611.604 -445.14961
202.56 1347.809 2681.073 3184.465 -264.8557
203.76 1152.869 2135.104 2536.268 -244.8459
204.96 1286.43 2509.135 3166.07 -186.12243
206.16 951.922 1681.46 2228.742 -133.30202
207.36 1661.489 3287.843 3808.572 -312.32294
208.56 1348.691 2790.816 3250.863 -313.47382
209.76 945.641 1640.444 2060.091 -165.5686
210.96 1207.344 2473.917 2848.882 -337.78522
212.16 2513.549 5252.875 5767.875 -531.90785
213.36 1542.353 3010.754 3486.111 -308.90488
214.56 1247.964 2391.318 2802.586 -278.00716
215.76 2292.869 4838.104 5375.768 -473.38748
216.96 1925.996 4114.857 4511.5 -551.8472
218.16 1445.657 2745.633 3194.347 -289.71143
219.35 1090.786 2041.87 2376.781 -283.98135
220.55 1289.888 2530.937 2941.626 -302.18707
221.75 1152.524 2156.188 2581.488 -235.98948
222.95 1874.167 3955.792 4442.877 -427.36286
224.15 1442.202 3057.475 3442.893 -419.09653
225.35 1191.43 2274.796 2723.971 -241.19004
226.55 1112.252 2166.348 2552.666 -272.85709
227.75 1771.167 3635.292 4039.877 -460.74896
228.94 1549.641 3080.444 3441.591 -423.87312
230.14 1364.7 2645.653 3001.092 -360.38582
231.34 1166.293 2205.884 2526.209 -324.54249
232.54 1106.895 2053.451 2332.554 -339.14152
233.74 1108.03 2198.879 2504.115 -357.37951
234.93 1110.829 2144.229 2552.125 -253.34857
236.13 1304.014 2606.03 3054.958 -290.02747
237.33 1250.694 2551.8 2751.564 -651.3204
238.53 1145.489 2304.004 2734.972 -268.81693
239.72 1786.124 3724.772 4236.632 -378.74535
240.92 905.506 1571.854 1948.129 -177.09097
242.12 1598.633 3173.269 3673.762 -314.61701
243.31 1047.785 2086.709 2491.88 -256.41586
244.51 957.157 1743.794 2002.748 -303.77524
245.71 1690.616 3250.758 3703.204 -344.82342
246.9 2089.657 4376.794 4973.748 -383.13471
248.1 1238.937 2589.148 3066.998 -282.55977
249.3 1267.843 2533.756 2941.481 -310.48211
250.49 1225.759 2339.7 2750.193 -271.367
251.69 1360.166 2706.63 3336.977 -213.60698
252.89 1319.495 2611.696 3014.599 -320.72224
254.08 831.141 1535.444 1814.591 -252.30581
255.28 1308.267 2489.536 2954.422 -254.09892
256.47 846.455 1633.821 2015.457 -206.31351
257.67 1544.541 2988.699 3400.546 -350.65433
258.86 1560.074 3304.061 3672.76 -473.00964
260.06 1220.742 2428.689 2933.635 -239.22295
261.26 1860.878 3935.44 4351.497 -498.62394
262.45 1238.463 2398.996 2822.785 -273.84671
263.65 897.512 1365.707 1799.157 -108.01592
264.84 1451.31 2898.395 3396.266 -290.65438
266.04 1086.995 1970.196 2451.099 -183.65449
267.23 819.529 1512.718 1745.214 -298.1507
268.42 998.065 1904.063 2275.131 -244.15987
269.62 1282.836 2459.242 2803.053 -342.16708
270.81 1214.794 2474.545 2968.109 -255.23548
272.01 1239.429 2432.973 2909.17 -250.6413
273.2 1520.419 3105.315 3586.14 -329.62019
274.4 1004.445 1768.323 2216.327 -170.5072
275.59 1481.098 2897.424 3232.845 -422.25321
276.78 1221.209 2479.489 2941.821 -272.15936
277.98 1113.436 2193.487 2570.098 -286.78184
279.17 1217.624 2297.433 2707.033 -263.62508
280.37 1182.181 2245.158 2712.333 -227.53314
281.56 839.75 1526.525 1861.864 -204.80007
282.75 944.1 1731.408 2138.547 -193.37553
283.95 1148.148 2307.297 2542.118 -493.63015
285.14 1173.182 2366.319 2815.233 -265.78301
286.33 1038.038 1992.554 2221.944 -416.11229
287.52 1305.986 2536.36 3024.37 -252.12025
288.72 1558.511 3159.546 3695.256 -298.86172
289.91 1880.047 3798.391 4221.673 -453.20678
291.1 1381.776 2732.373 3183.151 -299.61414
292.29 1396.251 2588.186 2972.765 -309.93275
293.49 1401.902 2760.465 3181.482 -322.68546
294.68 979.911 1941.301 2177.212 -407.52287
295.87 1081.149 2132.119 2479.419 -302.61167
297.06 1304.081 2601.913 3054.288 -286.89317
298.26 669.114 1255.274 1427.003 -341.32989
299.45 1131.285 2023.709 2450.88 -208.91467
300.64 1143.388 2208.437 2584.126 -283.49222
301.83 1226.793 2369.384 2748.709 -301.21683
303.02 965.506 1826.516 2165.53 -253.97425
304.21 1459.185 2868.464 3270.835 -350.24319
305.4 1206.871 2276.426 2646.569 -288.95749
306.59 1352.455 2563.821 2900.957 -359.31108
307.79 1107.912 2192.962 2560.612 -295.1314
308.98 882.7 1664.653 2044.092 -206.08109
310.17 1366.93 2640.698 3111.893 -270.32652
311.36 1131.315 2176.925 2700.993 -199.51809
312.55 1987.604 3882.115 4453.472 -331.58128
313.74 869.979 1523.346 1940.942 -156.45895
314.93 1377.691 2807.316 3359.863 -258.73393
316.12 1128.98 2160.007 2656.843 -207.51877
317.31 703.809 1166.234 1479.866 -147.44173
318.5 853.979 1553.346 1911.942 -195.029
319.69 1137.691 2309.155 2706.462 -294.85114
320.88 1075.243 1925.511 2534.436 -139.63434
322.07 908.055 1737.566 2085.001 -238.75239
323.26 908.303 1705.381 2074.838 -215.74313
324.45 656.75 1142.525 1465.864 -150.23692
325.64 1167.953 2124.998 2568.655 -215.71734
326.83 1307.276 2560.373 3100.151 -232.15007
328.01 1094.852 1950.092 2391.71 -193.66073
329.2 1407.412 2597.462 3199.112 -197.7978
330.39 1072.581 1859.413 2350.788 -160.12875
331.58 873.216 1561.003 2048.749 -141.01309
332.77 1693.548 3265.552 3842.073 -272.67052
333.96 633.292 1141.723 1498.308 -142.58292
335.15 933.988 1434.182 1861.671 -117.00742
336.33 882.216 1532.503 2022.249 -132.78021
337.52 1056.75 1892.025 2372.364 -173.89273
338.71 1030.42 1937.637 2292.941 -255.33586
339.9 940.927 1745.49 2297.468 -145.75992
341.08 1056.716 1919.841 2312.848 -219.62098
342.27 1291.039 2526.216 3119.844 -208.07229
343.46 1462.26 2680.022 3237.994 -218.24817
344.65 1341.26 2637.522 3133.994 -261.09507
345.83 1428.396 2724.112 3359.955 -203.77939
347.02 760.93 1284.135 1654.07 -141.43135
348.21 1426.065 2798.063 3437.631 -214.5196
349.4 844.107 1372.76 2004.075 -83.73863
350.58 999.969 1941.848 2655.813 -131.92245
351.77 892.53 1479.379 2169.615 -85.02162
352.96 618.082 917.574 1612.688 -43.0854
354.14 996.801 1794.559 2536.037 -107.59011
355.33 841.785 1388.209 2177.38 -69.24017
356.51 643.224 1053.516 1710.177 -62.4817
357.7 1077.977 1917.862 2633.74 -117.32237
358.89 837.818 1294.409 2244.694 -48.04778
360.07 1336.258 2468.539 3274.792 -140.43736
361.26 1471.84 2822.45 3719.978 -150.48108
362.44 1075.364 1883.975 2685.964 -100.82572
363.63 783.711 1437.713 2258.544 -79.67559
364.81 902.735 1481.238 2377.53 -64.54404
366.0 612.625 869.496 1706.356 -30.69459
367.18 1922.423 4002.684 4925.465 -225.43367
368.37 850.128 1289.141 2138.458 -51.69004
369.55 1125.163 1992.324 2972.974 -88.42726
370.74 1376.697 2569.347 3556.089 -120.86742
371.92 1599.543 2932.584 3829.17 -148.67979
373.11 844.822 1572.778 2366.02 -91.76964
374.29 816.346 1228.803 2118.506 -46.35889
375.48 898.102 1604.793 2543.671 -75.26971
376.66 799.993 1304.212 2230.397 -54.44042
377.84 1471.128 2698.641 3682.458 -124.77038
379.03 759.095 1197.779 2106.243 -48.28862
380.21 657.831 908.614 1826.249 -27.32928
381.39 534.966 768.203 1653.21 -26.35427
382.58 1205.078 2249.768 3191.686 -110.91102
383.76 1618.214 2792.519 3928.047 -103.41484
384.94 1693.138 3275.138 4444.088 -135.33517
386.13 827.39 1312.822 2390.25 -45.05476
387.31 1054.577 1667.607 2813.285 -53.50804
388.49 833.348 1310.625 2427.807 -42.72155
389.68 1082.12 1823.466 3113.629 -57.46136
390.86 1062.188 1738.51 3032.36 -52.27213
392.04 1331.841 2622.772 4102.779 -87.22469
393.22 906.188 1267.51 2711.36 -25.02495
394.41 861.916 1355.17 2657.537 -37.87367
395.59 543.671 602.499 2046.302 -4.07455
396.77 1054.256 1571.216 3240.991 -30.95988
397.95 1112.214 1634.858 3244.647 -32.46663
399.13 1305.205 2148.683 3967.318 -46.3797
400.31 958.5 1344.565 3154.925 -21.32532
401.5 1216.407 1827.995 3855.209 -30.16886
402.68 1213.966 2013.203 4170.71 -37.04448
403.86 887.086 1103.943 3188.014 -10.40546
405.04 1444.112 2394.952 4569.202 -43.73184
406.22 909.806 1116.928 3278.363 -9.58261
407.4 1328.317 1933.748 4309.794 -25.4806
408.58 1472.391 2269.484 4582.651 -34.45895
409.76 1648.67 2452.338 4997.402 -31.57752
410.94 1302.188 1770.51 4115.36 -19.9724
412.12 1152.774 1289.889 3749.949 -5.57364
413.3 957.298 1039.914 3670.435 -3.14065
414.48 957.383 947.47 3378.723 0.40774
415.66 1032.68 1217.497 3723.432 -7.37514
416.84 1961.832 3106.936 5778.05 -42.8699
418.02 1314.764 1772.23 4367.919 -17.62409
419.2 1120.764 1166.391 3607.32 -1.86925
420.38 1223.205 1557.522 4244.417 -12.4425
421.56 1138.528 1362.396 4031.913 -8.38609
422.74 1840.357 2946.461 5620.036 -41.37175
423.92 1588.823 2131.6 4890.321 -19.67494
425.1 1150.383 1499.97 4065.723 -13.62511
426.28 1068.232 1165.192 3856.506 -3.60269
427.46 2081.215 3589.68 6422.448 -53.25058
428.63 1279.087 1619.266 4308.315 -12.6505
429.81 1293.079 1713.591 4375.987 -15.79446
430.99 1357.214 2003.519 4743.547 -23.58752
432.17 1879.52 2927.721 5826.585 -36.15903
433.35 1507.367 2125.12 4965.066 -21.75228
434.52 817.588 427.927 3245.716 13.82862
435.7 1010.189 1092.833 3793.161 -3.06051
436.88 1488.349 1984.948 4888.608 -17.1025
438.06 1235.402 1466.304 4456.582 -7.72176
439.23 1158.9 1177.981 4051.781 -0.66397
440.41 1389.859 1601.606 4678.638 -6.88152
441.59 1657.637 2193.977 5398.187 -16.7386
442.77 1107.114 963.274 3957.003 4.8047
443.94 1651.604 2184.115 5537.972 -15.8776
445.12 1562.952 2037.676 5450.854 -13.90857
446.3 1962.917 2830.492 6339.838 -24.72185
447.47 1501.409 1996.817 5529.01 -14.02552
448.65 1706.053 1981.582 5756.299 -7.29933
449.82 1289.553 1192.582 4896.299 2.6182
451.0 1461.875 1628.795 5361.895 -4.47135
452.18 1365.401 1347.642 5281.681 0.4514
453.35 1421.121 1508.127 5548.03 -2.15367
454.53 1576.604 1500.777 5517.873 1.88762
455.7 1295.494 938.373 5313.298 8.16289
456.88 2068.444 2478.001 7091.026 -8.87828
458.05 1690.112 1621.452 6037.202 1.5549
459.23 1372.714 923.019 5558.547 9.70106
460.4 1757.121 1717.127 6638.53 0.81265
461.58 1800.927 1870.49 7088.468 -1.33314
462.75 1432.952 902.676 6107.854 10.18747
463.93 1836.29 1645.239 6890.106 3.64263
465.1 1782.663 1483.324 6766.474 5.66591
466.28 1378.241 647.028 6071.735 13.47931
467.45 1343.121 483.127 5941.03 15.75685
468.63 1850.045 1443.407 7088.471 7.20342
469.8 2274.731 2273.03 8151.105 0.02894
470.97 1622.095 1065.441 6890.144 9.55679
472.15 1940.097 1621.263 7446.445 5.47337
473.32 2046.741 1868.528 7969.235 2.92119
474.49 2124.749 2223.203 8539.063 -1.55883
475.67 1750.605 1299.938 7688.773 7.05398
476.84 1474.639 883.96 7141.889 9.43888
478.01 1929.52 1752.721 8442.585 2.64278
479.19 1734.351 1409.931 8063.81 4.87566
480.36 1524.851 915.27 7532.409 9.21215
481.53 1860.757 1726.378 8416.892 2.0085
482.7 1625.376 1276.117 8456.195 4.86428
483.88 1472.072 873.577 7709.059 8.75571
485.05 1547.444 1198.001 8010.026 5.12979
486.22 1576.7 1352.991 8186.191 3.27384
487.39 1138.615 877.097 7722.804 3.82019
488.56 1432.155 1501.81 8619.046 -0.97868
489.74 1758.716 2389.342 9412.849 -8.97879
490.91 1135.978 892.185 7826.042 3.51599
492.08 1326.155 1265.81 8351.046 0.8517
493.25 1306.784 930.386 8051.579 5.28559
494.42 1510.589 1369.088 8493.116 1.98625
495.59 1540.004 1247.532 8254.328 4.17412
496.76 1685.078 1336.929 8779.086 4.67807
497.93 1944.647 1718.135 8874.218 3.1653
499.1 1891.47 1605.01 8686.713 4.04508
500.27 2543.657 2773.633 9994.347 -3.18495
501.44 2766.918 3078.815 10340.14 -4.29531
502.61 1905.41 1235.64 8292.811 9.49064
503.78 2135.318 1679.07 8997.595 6.23416
504.95 2786.63 3086.124 10109.66 -4.26415
506.12 2256.386 1873.615 8827.325 5.50456
507.29 1826.648 930.797 8134.118 12.43664
508.46 1551.046 252.729 7064.272 19.06054
509.63 2929.546 3146.729 10463.772 -2.96818
510.8 2847.792 3257.561 10580.907 -5.59539
511.97 2265.003 1395.871 8452.928 12.3158
513.14 1934.293 771.884 8008.708 16.06242
514.31 2516.936 2169.487 9502.598 4.73809
515.48 2124.208 1332.328 8695.921 10.754
516.65 2093.673 1206.483 8477.504 12.20172
517.81 1992.225 997.678 8375.577 13.48008
518.98 2414.8 1822.736 9187.236 8.03943
520.15 1881.785 485.209 7758.88 19.20043
521.32 2409.258 1739.539 9169.292 9.01401
522.49 3387.675 3869.305 11735.806 -6.12256
523.65 3052.979 3152.846 10589.442 -1.34291
524.82 2393.605 1597.438 9160.273 10.52736
525.99 1805.242 298.35 7696.536 20.3684
527.16 2608.362 1845.59 9410.84 10.08257
528.32 2603.131 1856.285 9654.561 9.57706
529.49 2307.326 1269.084 9050.522 13.34254
530.66 1902.922 237.96 7952.242 21.58285
531.82 2072.045 604.568 8380.371 18.87236
532.99 2333.572 1143.077 9051.559 15.0534
534.16 2448.487 1260.521 9238.271 14.89099
535.32 2862.183 2115.98 10496.134 8.9044
536.49 2236.217 789.003 9031.249 17.55849
537.65 3115.537 2601.393 11115.043 6.03906
538.82 2319.275 820.711 9142.75 18.00718
539.99 2743.318 1661.909 10484.694 12.257
541.15 3011.223 2098.355 10995.276 10.26049
542.32 2327.556 502.227 9480.401 20.33073
543.48 3018.904 1999.787 11516.283 10.70895
544.65 3237.531 1990.202 11206.916 13.53334
545.81 3984.657 3837.633 13952.847 1.45349
546.98 2923.666 1447.13 11648.477 14.47393
548.14 3270.657 2101.633 12558.847 11.17911
549.31 2869.047 958.391 11704.673 17.7797
550.47 2851.386 1167.115 11823.325 15.80554
551.63 3470.725 2475.678 13360.077 9.14195
552.8 2992.656 1129.472 12063.946 17.03954
553.96 2712.445 947.323 11854.827 16.18264
555.13 2788.92 1023.137 12524.44 15.35289
556.29 3237.565 2505.563 14429.631 6.13886
557.45 2421.562 696.579 11942.429 15.33884
558.62 2649.505 1466.693 13019.729 10.2381
559.78 2956.166 1969.13 13975.477 8.22095
560.94 2787.073 1215.238 13337.959 12.96602
562.11 2759.582 1055.074 13142.688 14.10127
563.27 2389.039 262.716 12451.344 17.44514
564.43 2136.166 55.969 12440.076 16.79731
565.59 2210.786 320.87 12474.78 15.54986
566.76 2241.605 1010.438 13526.773 9.83648
567.92 2391.337 1477.404 14710.454 6.90644
569.08 2495.861 1880.929 14975.939 4.69593
570.24 2236.868 1088.781 14294.967 8.69355
571.4 2169.513 472.868 13934.058 12.60397
572.57 2551.803 945.881 14806.338 11.58635
573.73 2478.776 168.373 13756.151 17.00354
574.89 2877.107 1054.422 14808.476 13.25199
576.05 3222.012 1449.707 14947.657 13.13018
577.21 2817.784 620.386 14037.079 16.37809
578.37 2808.937 16.148 14368.998 19.45808
579.53 3383.353 648.254 14684.11 19.48652
580.69 3908.827 1744.406 16907.324 14.27444
581.85 3569.267 1062.536 15333.922 17.56473
583.01 3619.581 1031.413 15150.788 18.33061
584.17 3905.843 1324.256 15526.981 18.1767
585.33 4134.742 1508.85 16502.535 17.51332
586.49 4135.021 911.543 15139.886 22.65533
587.65 4276.589 1585.588 15770.116 18.97138
588.81 4285.759 1454.361 16620.094 18.66971
589.97 4640.335 2468.081 17353.152 14.59351
591.13 4206.851 1144.77 16272.909 20.24096
592.29 4208.014 974.529 16274.958 21.13329
593.45 4088.615 623.597 15068.304 23.98816
594.61 4117.503 509.871 14565.428 25.66695
595.77 3874.471 398.671 15600.113 22.86494
596.93 3933.69 352.994 14982.562 24.47575
598.09 4409.47 994.51 16096.213 22.61308
599.24 4097.98 453.507 15481.843 24.25068
600.4 4136.021 1022.043 15271.886 21.85272
601.56 4240.132 652.947 14886.461 25.20239
602.72 4531.217 1034.664 15405.649 24.33064
603.87 4656.872 1147.587 15940.47 23.72279
605.03 4031.717 538.664 15530.149 23.30025
606.19 4018.725 524.339 14650.979 24.73615
607.35 3727.014 91.029 14074.458 26.00209
608.5 4815.454 1534.16 16068.056 22.57684
609.66 5235.887 2418.276 16947.227 19.39308
610.82 4054.191 428.655 13941.462 26.83037
611.97 4017.565 429.063 15284.131 24.15675
613.13 4584.379 1601.601 15041.897 22.1928
614.29 4313.124 1286.772 15624.132 21.10815
615.44 4528.844 1823.417 15499.882 19.78162
616.6 3984.336 461.742 14483.053 25.12314
617.76 4536.158 1709.294 14965.748 21.32443
618.91 4423.167 1751.292 14364.377 21.18336
620.07 4511.895 1762.451 15394.555 20.16889
621.22 3883.48 12.007 13149.843 29.46812
622.38 5125.064 2654.563 15989.631 18.52635
623.53 3961.513 158.868 13188.058 29.18558
624.69 3881.819 384.231 13439.995 26.78961
625.84 3913.861 531.929 13202.939 26.69031
627.0 4275.579 1371.591 14228.986 22.58613
628.15 3797.649 114.619 12578.419 29.54982
629.31 4156.597 1007.263 14042.945 24.15933
630.46 3637.505 54.193 13046.229 27.58083
631.61 3982.802 929.72 13696.938 23.91345
632.77 4122.165 810.308 13448.676 26.20479
633.92 4332.081 1138.913 14331.288 24.20464
635.08 4866.622 2566.449 15674.831 17.54734
636.23 4055.573 888.738 12713.959 26.78034
637.38 3582.607 -113.24 12221.574 29.96272
638.54 4432.004 1722.532 14108.828 21.87475
639.69 4904.752 2381.848 15304.665 19.52287
640.84 4521.188 1380.484 13396.653 26.13732
641.99 3738.22 269.505 12355.263 28.70085
643.15 4507.752 2251.527 14847.871 17.91175
644.3 3934.784 424.048 12033.48 30.24038
645.45 3533.817 -101.931 11883.589 30.3345
646.6 4621.849 2262.59 13837.698 20.38217
647.75 4148.881 607.111 12667.807 29.36621
648.91 3668.413 -149.868 11873.416 31.75738
650.06 4038.945 568.154 12924.024 28.09022
651.21 4111.977 1234.675 13884.134 22.74644
652.36 4309.009 1167.196 13647.742 25.17368
653.51 3961.041 471.717 12946.351 27.97135
654.66 4044.573 760.738 13928.46 24.93852
655.81 4483.605 1710.259 13956.568 22.64638
656.96 3858.137 208.28 11655.678 31.88372
658.11 4188.669 976.302 13026.286 26.65868
659.27 4427.201 1342.323 13119.396 26.19393
660.42 3904.733 294.844 12097.004 30.58668
661.57 4326.265 1029.865 13292.613 26.88141
662.72 3805.297 -180.114 11759.722 33.37911
663.87 3889.829 -173.093 12221.331 32.78024
665.01 4319.861 891.429 13287.439 27.65755
666.16 4055.393 252.45 12741.048 30.45132
667.31 4337.925 428.971 12492.657 32.40265
668.46 4880.457 1921.492 14423.766 23.66741
669.61 4074.989 594.013 13009.375 28.03765
670.76 4025.021 69.034 12190.983 32.63491
671.91 4909.553 1986.556 14678.593 23.03017
673.06 4627.585 1294.577 13963.201 26.30916
674.21 3957.117 -152.402 12580.811 32.27402
675.35 4352.649 921.119 14043.419 26.15037
676.5 4126.682 695.14 13457.528 26.88793
677.65 3904.213 130.661 13839.637 27.52614
678.8 3535.745 -167.817 12917.745 28.30266
679.94 3872.278 341.704 13183.854 27.49208
681.09 4565.31 1144.725 14808.463 25.03403
682.24 4700.842 1245.246 14909.072 25.2901
683.39 3978.874 87.267 14166.681 27.6404
684.53 4733.406 1283.788 14885.79 25.3611
685.68 4254.438 696.31 14367.398 26.02666
686.83 4189.47 970.331 14569.508 23.67157
687.97 4238.002 858.352 13805.616 26.1032
689.12 4315.034 551.873 14120.726 27.73382
690.27 4600.566 354.394 14816.334 29.36101
691.41 4864.098 1406.415 14506.942 26.39346
692.56 4932.13 1082.937 16352.052 25.20901
693.7 4825.662 1119.958 15615.16 25.56504
694.85 4484.694 194.479 14490.27 30.01034
695.99 4805.226 1253.0 15089.378 25.67309
697.14 4957.258 771.021 14628.987 30.20816
698.28 4987.79 1041.542 15243.096 27.78744
699.43 4966.322 1135.563 14681.205 28.28038
700.57 4865.354 -141.415 13427.313 36.89932
701.72 4967.386 110.606 13995.923 34.97781
702.86 4593.418 -264.873 13259.531 35.9224
704.01 4791.45 194.148 14476.14 32.1895
705.15 5558.982 1163.669 15626.249 30.39093
706.29 5026.514 338.191 13608.857 35.32847
707.44 5365.546 630.212 14229.467 34.82054
708.58 5115.078 -106.267 13695.075 37.83216
709.72 5908.61 1851.254 16852.684 27.04646
710.87 4568.143 -294.725 13516.793 35.20878
712.01 4954.174 159.296 13861.402 34.99373
713.15 5115.207 757.818 14662.511 31.33754
714.3 5484.238 1016.839 14706.12 32.63429
715.44 5162.771 245.36 14690.729 34.04143
716.58 5648.803 754.381 15552.337 33.07499
717.72 5245.834 161.402 14636.446 35.1255
718.87 5098.867 633.923 15330.055 30.38176
720.01 5238.398 420.444 16054.664 30.81672
721.15 4939.931 -115.534 13882.772 36.11483
722.29 5517.463 1021.487 14374.382 33.67042
723.43 5462.995 1412.508 15841.49 28.07188
724.57 5458.027 1132.029 14727.6 31.81917
725.72 5347.059 677.05 14369.208 34.10718
726.86 5560.591 1909.571 14417.817 29.1889
728.0 5014.123 556.093 14380.426 32.24771
729.14 4985.155 218.114 13303.034 36.43156
730.28 5821.687 1451.635 14596.644 33.24495
731.42 5246.219 161.656 13138.752 39.18105
732.56 5903.251 2064.677 15369.861 28.85021
733.7 5477.283 1011.698 14814.47 32.35281
734.84 4831.315 -294.28 13002.579 38.54741
735.98 5317.847 627.741 13972.188 35.1465
737.12 4936.379 113.262 13786.297 35.27466
738.26 5277.911 149.283 14333.905 36.15625
739.4 5637.443 656.304 15338.515 33.92636
740.53 5549.975 1114.825 14728.623 32.57834
741.67 5248.007 788.347 13910.231 33.98643
742.81 4878.039 -224.632 12929.841 38.79039
743.95 5313.571 678.389 13862.949 35.15614
745.09 5263.104 154.91 13480.059 38.33498
746.23 6047.635 1219.931 14948.167 35.16624
747.36 5519.167 1273.452 14981.276 30.97293
748.5 5124.199 150.974 13084.885 38.45106
749.64 5035.731 232.495 13546.994 36.07523
750.78 4866.264 144.516 12781.103 37.36569
751.92 5020.295 332.037 13095.712 36.73126
753.05 4949.828 363.058 13274.32 35.52534
754.19 5383.859 1546.079 13911.429 31.03657
755.33 4787.892 -270.899 12687.538 39.03859
756.46 4811.924 724.622 12953.146 33.42433
757.6 4611.956 16.643 12968.756 35.47925
758.74 5496.488 1561.164 14233.864 31.05355
759.87 5041.02 755.185 14133.974 32.03455
761.01 4964.552 606.206 12603.582 36.32749
762.14 4725.083 641.728 12811.191 33.55412
763.28 5089.616 1166.749 12534.8 34.50782
764.41 4742.648 724.77 12183.909 35.06265
765.55 4531.68 -237.209 11384.018 41.03602
766.69 5156.212 750.312 12319.126 38.08428
767.82 5020.744 953.333 12841.235 34.2147
768.95 4368.776 139.855 11144.344 38.42906
770.09 5259.308 1518.876 12756.953 33.28356
771.22 5214.84 1835.897 13038.562 30.16196
772.36 5183.872 1423.418 12540.671 33.82539
773.49 4762.404 1409.439 13055.279 28.79109
774.63 4332.436 572.96 11390.389 34.75388
775.76 4760.468 487.482 11425.497 39.06547
776.89 4895.5 1196.503 12047.606 34.08867
778.03 4638.532 955.024 11702.215 34.27415
779.16 4265.064 234.045 11350.323 36.26231
780.29 4646.096 912.566 11263.933 36.06799
781.43 4668.628 1591.087 11674.041 30.52222
782.56 4302.66 944.108 11725.65 31.15094
783.69 3798.192 191.63 10068.759 36.51428
784.82 4027.724 554.151 11165.368 32.73492
785.96 4119.256 571.172 10081.477 37.30779
787.09 4178.289 581.193 9815.086 38.95535
788.22 4329.32 974.214 10803.694 34.1331
789.35 3840.853 297.235 9664.304 37.83059
790.48 3965.385 550.757 9442.912 38.40045
791.62 4236.417 1464.278 10710.521 29.98125
792.75 3304.948 150.299 9027.63 35.53601
793.88 4231.98 1845.82 10836.738 26.53967
795.01 3994.013 1012.341 9681.348 34.39462
796.14 3967.045 1161.362 9669.956 32.97469
797.27 4133.077 1363.384 10103.065 31.69101
798.4 3750.109 658.405 8814.174 37.90818
799.53 3461.641 106.926 7920.783 42.9329
800.66 4033.673 887.947 9714.892 35.63777
801.79 4806.205 3492.968 11640.501 16.11821
802.92 3583.237 670.989 8506.109 37.16915
804.05 3582.769 1137.511 9490.218 29.27504
805.18 3436.801 712.032 9415.827 31.30553
806.31 3509.333 693.053 8287.436 37.08373
807.44 3311.865 10.074 8029.045 41.17475
808.57 3909.397 1061.095 8028.653 40.87948
809.69 3984.429 932.116 8612.263 39.7429
810.82 2989.961 -309.862 6966.871 45.34759
811.95 4158.493 2776.659 10190.48 18.63863
813.08 3188.025 371.18 8155.589 36.18573
814.21 4026.057 2834.201 10741.198 15.07343
815.33 3198.589 640.722 7666.307 36.40789
816.46 3184.621 897.243 8077.416 31.85687
817.59 3673.653 2031.265 9024.024 23.48699
818.72 3743.185 1309.286 8154.633 35.55553
819.84 4264.217 2504.307 9108.742 26.6474
820.97 3419.749 1316.328 8395.351 29.71344
822.1 3420.781 1648.849 8675.46 25.21745
823.22 2827.813 69.37 6292.068 44.32873
824.35 2760.345 312.892 7032.177 36.42432
825.48 3201.377 1487.913 7442.286 28.77657
826.6 2983.909 912.934 7259.895 32.6294
827.73 2680.442 -189.545 6337.004 43.97403
828.85 2733.974 653.976 6923.113 33.17837
829.98 3282.506 1615.497 7863.222 26.68185
831.11 2600.038 214.519 6495.331 37.98106
832.23 2658.07 246.04 6477.939 38.70457
833.36 3147.602 1437.561 7361.048 28.86882
834.48 2707.134 859.582 6749.157 31.36987
835.6 2674.166 1350.603 6884.266 23.91838
836.73 2271.198 130.124 5894.375 37.14401
837.85 2917.73 1415.646 7515.983 24.62297
838.98 2258.262 -203.333 5561.092 42.70322
840.1 2674.294 1153.688 6953.701 26.21729
841.23 2697.826 1016.709 6811.81 29.00928
842.35 3048.858 1991.73 8074.919 17.37785
843.47 2440.89 643.251 5934.528 33.97363
844.6 2375.922 175.772 5347.637 42.54075
845.72 2404.454 385.794 5760.745 37.55681
846.84 2545.986 409.315 5733.354 40.13252
847.96 2454.018 333.836 6072.963 36.94259
849.09 2283.05 312.357 5663.572 36.82702
850.21 2560.082 638.878 5764.681 37.48104
851.33 2978.614 1103.4 6528.79 34.56369
852.45 2348.646 228.421 5257.898 42.15598
853.57 2837.178 815.942 5672.007 41.62292
854.7 2400.21 292.463 5545.616 40.12347
855.82 2344.242 250.984 5604.725 39.09898
856.94 2524.774 1359.005 6401.334 23.11966
858.06 2045.806 -150.974 4755.442 44.77362
859.18 2617.838 1080.048 5734.551 33.03877
860.3 2366.87 685.569 5356.16 35.99762
861.42 2010.402 -205.41 4107.269 51.37903
862.54 2116.435 -138.889 4662.878 46.96862
863.66 2276.967 207.132 4728.987 45.77401
864.78 2205.999 378.653 4574.596 43.55029
865.9 2565.031 970.175 5307.205 36.773
867.02 3821.563 3268.196 8203.313 11.21284
868.14 3150.595 2295.717 6758.422 19.15604
869.26 2672.127 1418.238 5515.531 30.60285
870.38 1861.659 -114.741 4571.64 42.17326
871.5 1885.191 -88.72 4033.749 47.88176
872.62 1888.223 119.302 4331.357 41.99662
873.74 2573.755 1744.823 6251.966 18.39152
874.85 1890.271 124.833 4517.521 40.19037
875.97 2242.771 757.833 5010.021 34.92173
877.09 2539.771 1107.333 5359.521 33.68707
878.21 2170.271 690.333 4427.521 39.6003
879.33 2066.771 765.333 4705.021 33.03403
880.44 2014.771 751.833 5068.021 29.26049
881.56 1985.771 388.333 4358.521 40.23582
882.68 2141.771 781.833 4309.021 38.55586
883.79 2733.771 2228.333 6274.021 12.49324
884.91 1681.271 -118.167 4007.021 43.62075
886.03 2209.771 1161.833 5196.021 25.97642
887.14 2395.771 1814.333 5684.521 15.02349
888.26 2525.271 1999.833 5994.021 13.15505
889.38 2425.771 1485.333 5125.521 25.83486
890.49 1708.771 -47.667 3685.521 47.04927
891.61 2155.771 808.333 4448.521 37.0156
892.72 1893.771 114.333 4032.021 45.42061
893.84 1640.271 -138.667 4255.521 40.48388
894.95 1615.271 -153.667 3717.521 45.69496
896.07 1729.771 413.833 4113.521 35.56888
897.18 2199.271 1036.333 4540.021 33.19181
898.3 1861.271 35.833 3481.521 52.97746
899.41 2374.271 1322.833 5193.021 27.16761
900.53 2264.771 943.833 4236.021 40.12339
901.64 2281.271 1230.833 5402.021 25.18317
902.75 2225.271 709.833 4430.521 40.73004
903.87 1976.271 346.833 3898.521 45.87784
904.98 2161.271 1111.833 4832.021 28.20926
906.09 2088.771 521.333 4227.521 42.29245
907.21 2136.271 1032.833 4594.521 30.98075
908.32 1680.271 375.833 3893.521 37.08225
909.43 2126.771 1633.833 5382.021 13.15135
910.54 1929.271 856.333 4521.521 29.27374
911.66 2641.271 2737.333 6120.021 -2.83983
912.77 1569.271 277.333 3654.521 38.25484
913.88 2059.271 899.833 4292.021 34.17964
914.99 1932.271 269.333 3331.521 54.30554
916.1 1934.771 823.833 3662.021 39.1425
917.22 1531.271 108.333 3132.021 47.05968
918.33 2244.771 1602.333 4594.521 21.47049
919.44 1823.771 709.333 3807.521 35.97063
920.55 2132.271 1790.833 4739.021 11.58126
921.66 1964.271 1114.333 3962.021 29.84659
922.77 2067.271 1230.833 4176.521 28.39532
923.88 2108.771 1684.333 4666.021 14.2348
924.99 1754.771 1005.833 4039.521 24.68737
926.1 1377.271 -10.667 2708.021 51.05175
927.21 2176.271 1730.333 4719.021 14.92084
928.32 1184.771 -128.667 2431.021 51.31242
929.43 1513.271 732.333 3350.521 29.82741
930.54 1423.771 508.833 2813.521 39.69899
931.65 1473.271 742.333 3320.521 28.35083
932.76 1702.271 1108.333 3496.021 24.87501
933.86 1556.271 938.833 3258.021 26.62301
934.97 1276.271 286.833 2585.521 43.04359
936.08 1262.271 452.833 2316.021 43.4437
937.19 1796.771 1885.833 4027.021 -4.15949
938.3 1445.271 1201.833 3249.021 11.89132
939.4 1608.271 1749.333 3612.021 -7.57306
940.51 1116.771 687.833 2239.021 27.65221
941.62 1255.271 1240.833 2734.521 0.96657
942.73 1893.771 2750.333 4271.521 -56.30879
943.83 1143.271 898.833 2278.021 17.7233
944.94 1074.271 983.833 2278.521 6.98528
946.05 686.771 -16.667 1296.021 53.58758
947.15 779.771 29.833 1459.521 52.45464
948.26 1068.771 669.833 2117.521 27.55688
949.36 870.771 366.833 1708.021 37.57398
950.47 1181.271 953.833 2416.021 15.55461
951.57 1732.771 2269.333 3791.521 -35.24943
952.68 1446.271 1332.833 3147.021 6.2528
953.79 1387.271 1336.333 2958.021 3.14102
954.89 955.771 431.833 1915.021 35.3251
955.99 1301.771 1138.333 2826.021 9.68411
957.1 1100.271 593.333 2420.021 27.75174
958.2 1285.771 883.333 2674.021 22.47391
959.31 1396.271 1304.833 3095.521 5.10628
960.41 1049.271 430.833 1994.521 39.54994
961.52 976.771 81.333 1587.521 59.4506
962.62 1498.271 1338.333 3120.021 8.97674
963.72 947.271 81.833 1686.521 53.93184
964.83 835.271 -96.667 1420.521 61.42533
965.93 1253.271 867.333 2607.021 22.1843
967.03 1586.771 1632.333 3674.021 -2.23161
968.13 1441.771 1295.333 3037.521 8.40538
969.24 1058.271 373.333 2056.521 40.69289
970.34 955.271 506.333 2134.021 27.58131
971.44 1148.771 658.333 2470.021 27.07076
972.54 1262.771 991.333 2613.521 16.73281
973.64 988.271 395.833 1967.521 37.69435
974.75 2035.771 2727.333 4342.021 -42.82948
975.85 4419.271 8233.833 10100.521 -204.34926
976.95 1052.771 446.333 2116.521 36.30955
978.05 1375.271 1431.833 3190.521 -3.21618
979.15 1787.271 2417.833 4142.021 -36.57156
980.25 835.771 77.833 1583.521 50.3383
981.35 1058.271 478.333 1934.521 39.82574
982.45 1687.271 2239.833 3786.521 -35.72553
983.55 1245.771 1277.833 2662.021 -2.31634
984.65 1206.271 1081.833 2426.021 9.25745
985.75 1492.271 1673.333 3141.021 -12.33658
986.85 1233.271 1033.833 2548.021 13.17126
987.95 927.271 552.333 2026.521 25.4335
989.05 1612.771 2063.333 3463.521 -32.17872
990.15 1366.271 1504.333 2865.521 -10.1428
991.25 1206.771 932.833 2296.021 20.09537
992.34 1497.771 2071.333 3339.521 -45.22694
993.44 1144.271 1067.333 2262.021 6.43997
994.54 1099.771 997.333 2025.521 9.96293
995.64 1477.271 1752.333 2989.021 -22.24188
996.74 1554.771 2127.333 3291.521 -49.18129
997.83 634.271 168.833 1256.021 42.81115
998.93 925.271 838.333 1994.521 7.51932
1000.03 1892.771 3115.833 4377.521 -96.9386
1001.12 1496.771 2129.833 3121.521 -63.83688
1002.22 1540.771 2073.833 3210.021 -46.91676
1003.32 893.271 728.333 1728.021 16.4989
1004.41 1031.271 1275.833 2219.521 -25.91563
1005.51 990.271 1044.833 2034.521 -5.51311
1006.6 803.271 449.333 1515.021 33.21212
1007.7 1245.271 1579.333 2663.021 -30.82646
1008.8 609.271 116.833 990.021 56.39539
1009.89 1148.271 1304.833 2322.021 -15.39171
1010.99 952.771 1035.333 1889.521 -9.66563
1012.08 626.271 146.833 1118.021 49.36611
1013.18 919.771 989.333 2030.021 -6.68428
1014.27 740.271 673.833 1647.021 6.82679
1015.36 921.771 901.833 1832.021 2.14338
1016.46 1012.271 1099.333 2024.521 -9.41026
1017.55 773.271 424.333 1331.021 38.48486
1018.65 1025.271 1194.833 2030.021 -20.30233
1019.74 1208.771 1510.333 2428.021 -32.86114
1020.83 1022.771 1173.333 2163.021 -15.21314
1021.93 938.771 882.833 1780.021 6.23476
1023.02 587.271 345.333 1073.021 33.24744
1024.11 542.271 202.833 944.521 45.76557
1025.2 511.771 91.333 929.021 50.19026
1026.3 913.771 1142.833 1980.021 -27.36096
1027.39 1191.771 1531.833 2318.021 -43.25464
1028.48 1015.771 1191.333 1910.521 -24.41124
1029.57 827.771 690.333 1436.021 18.43098
1030.66 869.271 1056.333 1742.521 -27.26114
1031.75 2061.271 3911.833 4641.021 -253.78409
1032.84 1162.271 1514.333 2226.021 -49.4687
1033.94 508.271 272.833 974.521 33.55304
1035.03 1246.771 1659.333 2341.021 -60.52078
1036.12 522.271 271.333 912.521 39.13637
1037.21 502.771 342.833 823.521 33.27266
1038.3 994.771 1383.833 2031.021 -60.1159
1039.39 462.771 299.333 829.521 30.82636
1040.48 852.771 1089.333 1770.021 -34.75348
1041.57 968.271 1523.833 2000.521 -116.54649
1042.66 788.771 1086.333 1789.521 -42.31625
1043.74 941.771 1264.333 1828.021 -57.22365
1044.83 803.771 1388.333 1874.521 -120.23398
1045.92 395.771 288.333 762.521 22.65718
1047.01 916.771 1598.333 2203.521 -112.62009
1048.1 380.771 253.833 664.021 30.94622
1049.19 777.271 1079.833 1614.521 -56.5868
1050.27 631.771 897.833 1357.521 -57.87899
1051.36 615.771 886.333 1321.021 -62.24298
1052.45 816.271 1311.333 1738.021 -116.02462
1053.54 680.271 1093.833 1594.521 -82.59894
1054.62 835.771 1313.833 1787.021 -101.03026
1055.71 778.771 1319.833 1666.021 -156.29177
1056.8 1004.771 1821.333 2145.521 -251.87981
1057.88 572.271 914.833 1288.521 -91.67083
1058.97 789.771 1253.833 1744.521 -94.57395
1060.06 1193.271 2294.333 2766.021 -233.43048
1061.14 616.771 831.333 1225.521 -54.43158
1062.23 2020.271 4077.833 4601.521 -392.89871
1063.31 769.771 1347.333 1665.521 -181.51642
1064.4 519.271 816.833 1162.021 -86.20314
1065.48 673.771 1190.333 1585.021 -130.87888
1066.57 630.271 834.333 1196.521 -56.34166
1067.65 829.271 1296.333 1630.521 -139.76063
1068.74 640.771 894.833 1316.521 -60.24899
1069.82 772.271 1335.333 1655.521 -175.85401
1070.9 2678.271 5377.333 6085.021 -381.39189
1071.99 840.271 1434.833 1816.021 -155.97641
1073.07 752.771 1297.833 1656.521 -151.96029
1074.15 849.271 1459.833 1788.521 -185.75777
1075.24 759.271 1138.833 1373.521 -161.73105
1076.32 808.271 1408.833 1789.021 -157.96484
1077.4 1241.771 2520.333 2787.521 -478.52627
1078.49 458.271 600.833 910.521 -46.0343
1079.57 902.771 1624.833 1998.521 -193.22631
1080.65 1190.771 2142.833 2561.521 -227.39212
1081.73 585.771 1129.333 1313.021 -295.91701
1082.81 456.271 553.333 800.021 -39.34633
1083.89 754.771 1458.333 1720.021 -268.85601
1084.98 802.771 1350.833 1773.521 -129.66141
1086.06 435.771 651.333 851.521 -107.68028
1087.14 453.771 740.333 974.021 -122.62636
1088.22 704.771 1238.833 1529.021 -184.04051
1089.3 465.771 585.833 987.021 -29.92677
1090.38 1443.771 2794.333 3151.521 -378.1102
1091.46 857.271 1523.833 1736.021 -314.13847
1092.54 565.271 988.833 1251.021 -161.54943
1093.62 687.271 1072.333 1371.521 -128.70276
1094.7 396.271 600.333 689.021 -230.09158
1095.78 637.771 1264.333 1534.021 -232.32911
1096.86 741.771 1326.833 1527.521 -291.52915
1097.93 1468.271 3004.833 3433.021 -358.85269
1099.01 1018.271 1981.333 2345.021 -264.80505
1100.09 491.771 754.333 996.021 -108.63717
