196.55 818.83 761.821 0.0 57.00934
197.76 1205.781 1093.025 0.0 112.75562
198.96 1101.278 985.012 0.0 116.2666
200.16 714.792 581.091 0.0 133.70093
201.36 1216.719 1163.156 0.0 53.56226
202.56 826.743 784.303 0.0 42.44
203.76 681.277 678.505 0.0 2.77209
204.96 786.311 771.707 0.0 14.60419
206.16 554.322 516.771 0.0 37.55127
207.36 1014.802 882.65 0.0 132.15167
208.56 877.784 712.047 0.0 165.73743
209.76 549.805 494.67 0.0 55.13522
210.96 725.288 658.067 0.0 67.22101
212.16 1580.336 1523.852 0.0 56.48376
213.36 998.299 852.632 0.0 145.66626
214.56 771.334 689.841 0.0 81.49286
215.76 1366.777 1375.505 0.0 -8.72791
216.96 1174.769 1046.457 0.0 128.31213
218.16 828.762 760.413 0.0 68.34875
219.35 624.819 537.253 0.0 87.56586
220.55 701.321 656.266 0.0 45.05493
221.75 756.346 599.913 0.0 156.43268
222.95 1154.316 1045.238 0.0 109.07861
224.15 884.339 792.372 0.0 91.96735
225.35 669.833 643.836 0.0 25.99652
226.55 693.318 567.249 0.0 126.06952
227.75 1075.316 1002.238 0.0 73.07867
228.94 893.805 852.17 0.0 41.63519
230.14 841.795 686.113 0.0 155.68268
231.34 727.786 595.56 0.0 132.22644
232.54 652.789 581.573 0.0 71.21552
233.74 663.77 619.461 0.0 44.30859
234.93 660.831 597.323 0.0 63.50751
236.13 793.791 707.589 0.0 86.20276
237.33 752.85 680.435 0.0 72.41437
238.53 649.823 583.279 0.0 66.54401
239.72 1101.783 1033.538 0.0 68.24463
240.92 506.302 445.152 0.0 61.14981
242.12 962.816 859.733 0.0 103.08234
243.31 634.797 557.624 0.0 77.17358
244.51 556.784 458.542 0.0 98.24109
245.71 994.315 956.231 0.0 38.08417
246.9 1304.783 1239.042 0.0 65.74097
248.1 755.779 740.514 0.0 15.26477
249.3 768.766 698.437 0.0 70.32867
250.49 709.264 683.426 0.0 25.83777
251.69 828.795 769.608 0.0 59.18634
252.89 783.247 683.327 0.0 99.91992
254.08 467.305 424.67 0.0 42.63522
255.28 698.275 696.992 0.0 1.28308
256.47 519.801 398.646 0.0 121.15527
257.67 930.846 828.415 0.0 102.43085
258.86 953.325 875.29 0.0 78.03485
260.06 805.264 632.924 0.0 172.3396
261.26 1165.288 1087.071 0.0 78.21741
262.45 815.29 707.582 0.0 107.70825
263.65 452.248 422.83 0.0 29.41809
264.84 900.287 797.562 0.0 102.72461
266.04 668.247 527.327 0.0 140.91992
267.23 418.748 380.332 0.0 38.41629
268.42 541.292 525.095 0.0 16.19727
269.62 747.298 707.63 0.0 39.66809
270.81 728.808 695.189 0.0 33.61884
272.01 772.789 686.078 0.0 86.71191
273.2 975.235 845.753 0.0 129.48199
274.4 527.268 433.45 0.0 93.81775
275.59 892.771 801.97 0.0 90.80127
276.78 744.806 625.178 0.0 119.62793
277.98 645.257 588.384 0.0 56.87244
279.17 656.805 656.668 0.0 0.13702
280.37 688.23 618.222 0.0 70.00751
281.56 464.775 356.99 0.0 107.78485
282.75 485.837 358.858 0.0 126.97827
283.95 651.751 585.847 0.0 65.9035
285.14 701.251 613.352 0.0 87.89984
286.33 539.759 453.898 0.0 85.86148
287.52 753.736 688.262 0.0 65.47467
288.72 846.226 802.7 0.0 43.52576
289.91 1099.27 1057.463 0.0 41.80688
291.1 805.286 749.058 0.0 56.22827
292.29 761.296 653.619 0.0 107.67719
293.49 815.756 673.88 0.0 141.8761
294.68 579.267 494.946 0.0 84.32138
295.87 627.294 551.606 0.0 75.68811
297.06 754.271 719.968 0.0 34.3031
298.26 357.75 273.343 0.0 84.40714
299.45 626.297 556.124 0.0 70.17358
300.64 693.821 571.266 0.0 122.55493
301.83 698.286 590.56 0.0 107.72644
303.02 526.824 495.782 0.0 31.04218
304.21 912.339 790.869 0.0 121.46918
305.4 685.321 632.264 0.0 53.05676
306.59 729.801 671.146 0.0 58.65527
307.79 655.789 553.075 0.0 102.71368
308.98 447.295 449.613 0.0 -2.31732
310.17 784.583 736.849 0.0 47.73383
311.36 645.689 582.481 0.0 63.20825
312.55 1176.195 1106.518 0.0 69.67725
313.74 484.269 414.955 0.0 69.31409
314.93 819.284 747.047 0.0 72.23743
316.12 640.791 524.084 0.0 116.70642
317.31 331.765 285.933 0.0 45.83234
318.5 465.269 380.955 0.0 84.31409
319.69 624.762 597.917 0.0 26.84509
320.88 554.307 495.683 0.0 58.62427
322.07 512.259 421.4 0.0 90.85965
323.26 551.819 411.755 0.0 140.06406
324.45 349.775 271.99 0.0 77.78485
325.64 631.257 533.887 0.0 97.37061
326.83 771.786 724.558 0.0 47.22827
328.01 581.777 488.503 0.0 93.27393
329.2 815.789 729.075 0.0 86.71368
330.39 569.771 542.968 0.0 26.8031
331.58 481.274 391.985 0.0 89.28851
332.77 941.292 824.093 0.0 117.1991
333.96 333.765 356.931 0.0 -23.16586
335.15 460.28 341.02 0.0 119.25934
336.33 432.274 342.485 0.0 89.78851
337.52 522.275 486.49 0.0 35.78488
338.71 583.278 448.012 0.0 135.2666
339.9 522.724 463.189 0.0 59.53485
341.08 584.752 495.356 0.0 89.39618
342.27 748.781 656.527 0.0 92.25385
343.46 809.807 737.685 0.0 72.12244
344.65 754.307 623.685 0.0 130.62244
345.83 779.31 727.703 0.0 51.60785
347.02 331.811 306.207 0.0 25.60422
348.21 811.292 709.095 0.0 102.19727
349.4 419.282 390.036 0.0 29.24655
350.58 609.736 523.759 0.0 85.9765
351.77 477.27 411.961 0.0 65.30859
352.96 291.293 250.597 0.0 40.69547
354.14 521.276 456.996 0.0 64.27942
355.33 383.797 327.624 0.0 56.17355
356.51 318.241 247.792 0.0 70.44913
357.7 581.703 472.566 0.0 109.13705
358.89 460.754 320.369 0.0 140.38522
360.07 756.242 674.297 0.0 81.9455
361.26 835.157 745.79 0.0 89.36707
362.44 627.125 470.099 0.0 157.02579
363.63 445.6 415.95 0.0 29.6499
364.81 473.067 406.259 0.0 66.80865
366.0 255.576 231.309 0.0 24.26669
367.18 1088.615 1015.542 0.0 73.07318
368.37 419.663 342.327 0.0 77.336
369.55 613.186 546.961 0.0 66.22467
370.74 686.686 602.965 0.0 83.72101
371.92 926.661 849.816 0.0 76.84509
373.11 480.135 370.158 0.0 109.97653
374.29 393.102 285.967 0.0 107.13531
375.48 476.152 385.259 0.0 90.89258
376.66 407.182 341.939 0.0 65.24295
377.84 818.163 709.827 0.0 108.33606
379.03 368.184 334.452 0.0 33.73196
380.21 243.646 223.724 0.0 19.92177
381.39 249.649 166.241 0.0 83.40718
382.58 637.184 584.45 0.0 52.73383
383.76 875.708 852.097 0.0 23.61151
384.94 928.196 832.022 0.0 96.17358
386.13 394.136 315.167 0.0 78.96921
387.31 504.662 429.32 0.0 75.34149
388.49 416.646 349.226 0.0 67.41995
389.68 527.674 492.391 0.0 35.28308
390.86 470.175 449.899 0.0 20.27579
392.04 787.7 718.549 0.0 69.15167
393.22 415.175 312.399 0.0 102.77579
394.41 389.648 307.235 0.0 82.41266
395.59 190.675 111.897 0.0 78.7776
396.77 454.199 348.038 0.0 106.1608
397.95 478.187 385.467 0.0 92.71921
399.13 581.197 528.531 0.0 52.66632
400.31 419.628 290.116 0.0 129.5112
401.5 569.658 482.299 0.0 87.35974
402.68 557.149 518.241 0.0 38.90717
403.86 407.173 307.386 0.0 99.78674
405.04 670.206 592.084 0.0 78.1225
406.22 287.656 220.785 0.0 66.87067
407.4 592.733 527.74 0.0 64.99292
408.58 675.158 623.796 0.0 51.36157
409.76 742.153 680.768 0.0 61.38525
410.94 500.675 424.399 0.0 76.27579
412.12 393.221 353.169 0.0 40.05133
413.3 346.189 297.478 0.0 48.71005
414.48 303.69 253.489 0.0 50.20096
415.66 387.708 288.093 0.0 99.61517
416.84 945.689 819.483 0.0 126.20642
418.02 456.166 414.845 0.0 41.32141
419.2 398.688 260.974 0.0 137.71371
420.38 472.676 367.402 0.0 105.27396
421.56 408.204 302.573 0.0 105.63162
422.74 815.157 762.292 0.0 52.86523
423.92 640.678 625.917 0.0 14.76117
425.1 473.69 358.489 0.0 115.20096
426.28 391.731 328.729 0.0 63.00204
427.46 1044.73 917.226 0.0 127.50391
428.63 456.217 402.145 0.0 54.07141
429.81 531.727 476.209 0.0 55.51846
430.99 553.708 487.597 0.0 66.11154
432.17 887.715 801.636 0.0 86.07867
433.35 660.712 554.117 0.0 106.59515
434.52 183.238 161.275 0.0 21.96371
435.7 321.719 269.158 0.0 52.56042
436.88 608.19 566.985 0.0 41.20459
438.06 440.234 358.251 0.0 81.9838
439.23 324.191 242.492 0.0 81.69913
440.41 500.244 432.31 0.0 67.93454
441.59 657.674 567.893 0.0 89.78125
442.77 264.75 205.343 0.0 59.40714
443.94 686.695 544.518 0.0 142.17725
445.12 619.214 586.128 0.0 33.086
446.3 826.191 710.994 0.0 115.19733
447.47 590.202 499.557 0.0 90.64438
448.65 595.694 506.511 0.0 89.18271
449.82 380.194 323.511 0.0 56.68271
451.0 470.701 348.053 0.0 122.64804
452.18 400.713 339.121 0.0 61.59146
453.35 441.196 386.02 0.0 55.17538
454.53 446.717 410.647 0.0 36.06958
455.7 309.204 191.568 0.0 117.63527
456.88 678.224 656.691 0.0 21.53302
458.05 496.706 421.584 0.0 75.1225
459.23 269.208 207.097 0.0 62.11153
460.4 482.696 396.52 0.0 86.17538
461.58 535.224 525.689 0.0 9.53485
462.75 302.714 200.128 0.0 102.586
463.93 419.199 414.042 0.0 5.15717
465.1 420.686 330.461 0.0 90.2247
466.28 222.242 54.294 0.0 167.9473
467.45 128.696 59.02 0.0 69.67541
468.63 399.705 336.575 0.0 63.12979
469.8 661.709 601.599 0.0 60.10968
470.97 294.706 259.082 0.0 35.6243
472.15 491.75 383.341 0.0 108.40897
473.32 586.742 527.294 0.0 59.44727
474.49 686.731 657.731 0.0 29.00018
475.67 356.239 325.777 0.0 30.46188
476.84 274.74 187.781 0.0 86.95824
478.01 521.215 480.636 0.0 40.57867
479.19 353.255 306.873 0.0 46.38159
480.36 272.233 256.744 0.0 15.48926
481.53 442.72 389.667 0.0 53.05316
482.7 351.245 295.812 0.0 55.43271
483.88 267.26 171.402 0.0 95.85786
485.05 354.224 232.691 0.0 121.53307
486.22 433.774 353.483 0.0 80.29034
487.39 228.793 202.602 0.0 26.1918
488.56 413.718 360.154 0.0 53.56409
489.74 678.752 654.856 0.0 23.89618
490.91 280.747 223.325 0.0 57.42174
492.08 341.718 305.154 0.0 36.56409
493.25 232.754 214.365 0.0 18.38889
494.42 317.26 343.404 0.0 -26.14395
495.59 364.758 309.893 0.0 54.86517
496.76 429.206 295.079 0.0 134.12613
497.93 458.229 418.718 0.0 39.51117
499.1 488.258 418.889 0.0 69.3688
500.27 789.262 714.913 0.0 74.34875
501.44 866.735 807.753 0.0 58.98199
502.61 395.245 330.816 0.0 64.42905
503.78 529.776 490.499 0.0 39.27759
504.95 867.228 846.215 0.0 21.013
506.12 550.778 475.507 0.0 75.27026
507.29 301.751 240.347 0.0 61.40347
508.46 74.248 -14.666 0.0 88.91444
509.63 941.248 849.834 0.0 91.41443
510.8 903.743 825.301 0.0 78.44183
511.97 480.737 371.764 0.0 108.97284
513.14 254.786 176.56 0.0 78.22647
514.31 604.757 534.884 0.0 69.87244
515.48 391.285 369.049 0.0 22.2356
516.65 321.24 268.286 0.0 52.95459
517.81 321.263 206.422 0.0 114.84145
518.98 528.232 443.737 0.0 84.49478
520.15 183.797 145.624 0.0 38.17355
521.32 509.242 462.797 0.0 46.44547
522.49 1146.784 1082.545 0.0 64.23914
523.65 897.269 778.955 0.0 118.31409
524.82 453.739 420.277 0.0 33.46188
525.99 68.285 83.053 0.0 -14.76805
527.16 542.81 486.698 0.0 56.11151
528.32 549.25 443.345 0.0 105.9053
529.49 305.744 297.805 0.0 7.93814
530.66 65.822 19.271 0.0 46.55128
531.82 152.727 161.704 0.0 -8.97789
532.99 287.26 215.402 0.0 71.85786
534.16 379.258 310.391 0.0 68.867
535.32 650.773 588.981 0.0 61.79211
536.49 197.274 162.485 0.0 34.78851
537.65 785.737 700.768 0.0 84.96918
538.82 230.764 162.928 0.0 67.83597
539.99 493.254 413.869 0.0 79.38522
541.15 611.72 571.163 0.0 40.55682
542.32 112.781 99.529 0.0 13.25202
543.48 570.8 522.139 0.0 48.66077
544.65 755.313 712.72 0.0 42.59326
545.81 1121.762 1004.413 0.0 117.34875
546.98 414.295 398.108 0.0 16.18631
548.14 620.762 576.913 0.0 43.84875
549.31 294.77 195.963 0.0 98.80676
550.47 384.778 274.007 0.0 110.77026
551.63 740.763 687.922 0.0 52.84143
552.8 323.74 309.783 0.0 13.95642
553.96 308.768 236.45 0.0 72.3177
555.13 297.778 260.512 0.0 37.2666
556.29 721.292 650.095 0.0 71.19727
557.45 225.727 155.707 0.0 70.02028
558.62 465.78 362.023 0.0 103.75751
559.78 603.795 505.108 0.0 98.68634
560.94 328.282 307.531 0.0 20.75018
562.11 294.293 196.597 0.0 97.69547
563.27 67.781 55.027 0.0 12.75385
564.43 19.273 -3.521 0.0 22.794
565.59 160.319 134.253 0.0 26.06587
566.76 267.239 219.777 0.0 47.46188
567.92 410.32 429.26 0.0 -18.93961
569.08 573.788 540.569 0.0 33.21918
570.24 290.734 228.246 0.0 62.48743
571.4 209.269 94.459 0.0 114.81042
572.57 251.819 225.755 0.0 26.06404
573.73 57.786 46.058 0.0 11.7283
574.89 266.304 220.165 0.0 46.13889
576.05 439.748 365.33 0.0 74.41809
577.21 176.254 80.365 0.0 95.88889
578.37 7.279 2.514 0.0 4.7648
579.53 200.299 157.132 0.0 43.16626
580.69 486.287 407.064 0.0 79.22281
581.85 260.775 239.492 0.0 21.28304
583.01 314.271 280.968 0.0 33.3031
584.17 369.266 302.937 0.0 66.32867
585.33 442.785 377.553 0.0 65.23193
586.49 255.759 210.895 0.0 44.86334
587.65 435.76 405.904 0.0 29.85605
588.81 446.286 351.556 0.0 94.73013
589.97 761.276 660.501 0.0 100.77576
591.13 272.233 233.744 0.0 38.48926
592.29 261.791 192.589 0.0 69.20274
593.45 183.293 145.102 0.0 38.1918
594.61 142.737 149.764 0.0 -7.02716
595.77 128.779 90.018 0.0 38.76114
596.93 107.241 26.788 0.0 80.45276
598.09 289.258 250.389 0.0 38.8688
599.24 154.291 98.084 0.0 56.2064
600.4 205.259 213.895 0.0 -8.63666
601.56 178.272 121.474 0.0 56.79765
602.72 339.796 263.115 0.0 76.68085
603.87 369.343 370.394 0.0 -1.0509
605.03 117.796 49.115 0.0 68.68085
606.19 92.285 86.051 0.0 6.23377
607.35 45.791 -67.411 0.0 113.20275
608.5 506.279 405.516 0.0 100.76297
609.66 703.299 647.637 0.0 55.6626
610.82 169.262 79.417 0.0 89.8451
611.97 106.792 52.595 0.0 54.19727
613.13 433.81 453.7 0.0 -19.89032
614.29 352.783 349.538 0.0 3.24472
615.44 475.788 410.067 0.0 65.72101
616.6 152.798 48.63 0.0 104.16807
617.76 497.784 382.542 0.0 115.24109
618.91 484.316 398.238 0.0 86.07864
620.07 505.789 475.573 0.0 30.21552
621.22 13.291 -46.916 0.0 60.2064
622.38 758.292 707.595 0.0 50.69727
623.53 32.769 15.959 0.0 16.81042
624.69 145.798 24.628 0.0 121.1699
625.84 164.288 105.569 0.0 58.71917
627.0 405.227 260.209 0.0 145.01846
628.15 14.794 -12.394 0.0 27.18815
629.31 312.25 295.341 0.0 16.90897
630.46 -4.22 -22.977 0.0 18.7575
631.61 252.798 222.626 0.0 30.17172
632.77 241.751 171.849 0.0 69.90167
633.92 332.771 296.968 0.0 35.8031
635.08 677.239 629.779 0.0 47.46008
636.23 243.782 188.531 0.0 55.2502
637.38 -30.218 -21.464 0.0 -8.75345
638.54 470.758 459.393 0.0 11.36517
639.69 646.818 577.749 0.0 69.06952
640.84 329.273 305.982 0.0 23.29153
641.99 133.274 12.486 0.0 120.78809
643.15 618.275 602.49 0.0 15.78461
644.3 55.775 67.494 0.0 -11.7188
645.45 -14.724 -53.502 0.0 38.77775
646.6 630.777 544.002 0.0 86.77435
647.75 222.277 106.007 0.0 116.27087
648.91 -58.722 -139.989 0.0 81.26741
650.06 198.779 123.015 0.0 75.76397
651.21 282.28 301.519 0.0 -19.23947
652.36 332.78 274.023 0.0 58.75708
653.51 115.281 28.527 0.0 86.75363
654.66 224.282 163.531 0.0 60.75018
655.81 427.782 345.036 0.0 82.74673
656.96 92.283 16.54 0.0 75.74329
658.11 291.784 268.044 0.0 23.73984
659.27 334.284 321.548 0.0 12.73639
660.42 78.785 29.052 0.0 49.73295
661.57 340.286 263.056 0.0 77.22952
662.72 -63.713 -114.94 0.0 51.22606
663.87 -81.213 -90.935 0.0 9.72261
665.01 236.288 168.569 0.0 67.71916
666.16 12.789 -43.927 0.0 56.71572
667.31 47.789 -31.423 0.0 79.21227
668.46 501.79 498.581 0.0 3.20883
669.61 160.791 100.085 0.0 60.70538
670.76 36.291 -14.411 0.0 50.70193
671.91 555.792 512.094 0.0 43.69849
673.06 410.793 332.098 0.0 78.69504
674.21 -69.706 -119.898 0.0 50.19159
675.35 277.294 171.606 0.0 105.68816
676.5 182.295 147.11 0.0 35.18471
677.65 -20.204 -37.386 0.0 17.18126
678.8 -52.204 -131.882 0.0 79.67781
679.94 66.297 31.623 0.0 34.67437
681.09 324.298 188.627 0.0 135.67091
682.24 297.298 283.631 0.0 13.66748
683.39 -19.201 -30.865 0.0 11.66403
684.53 404.8 345.139 0.0 59.66058
685.68 216.8 81.143 0.0 135.65713
686.83 231.801 198.648 0.0 33.15369
687.97 214.302 191.152 0.0 23.15024
689.12 162.303 146.656 0.0 15.6468
690.27 60.303 58.16 0.0 2.14335
691.41 375.804 318.664 0.0 57.13989
692.56 230.305 237.168 0.0 -6.86354
693.7 250.805 247.672 0.0 3.13301
694.85 -6.694 -37.323 0.0 30.62956
695.99 257.807 228.681 0.0 29.1261
697.14 202.307 110.185 0.0 92.12267
698.28 251.308 190.689 0.0 60.61922
699.43 292.309 239.193 0.0 53.11578
700.57 -68.19 -140.803 0.0 72.61234
701.72 11.81 -60.299 0.0 72.10888
702.86 -120.189 -131.794 0.0 11.60545
704.01 -4.188 -26.79 0.0 22.60199
705.15 330.312 267.214 0.0 63.09854
706.29 104.813 45.718 0.0 59.0951
707.44 108.814 127.222 0.0 -18.40835
708.58 -86.186 -130.774 0.0 44.58821
709.72 465.815 414.23 0.0 51.58478
710.87 -92.184 -161.765 0.0 69.58132
712.01 -21.683 -65.761 0.0 44.07787
713.15 198.817 143.743 0.0 55.07443
714.3 238.818 207.247 0.0 31.57098
715.44 80.819 -18.749 0.0 99.56753
716.58 173.819 138.255 0.0 35.56409
717.72 6.32 25.259 0.0 -18.93936
718.87 157.821 115.264 0.0 42.55718
720.01 191.821 73.768 0.0 118.05374
721.15 -59.178 -87.728 0.0 28.5503
722.29 298.823 189.276 0.0 109.54684
723.43 366.324 283.78 0.0 82.5434
724.57 259.824 254.284 0.0 5.53996
725.72 159.825 118.788 0.0 41.03651
726.86 525.826 510.793 0.0 15.03308
728.0 153.826 116.797 0.0 37.02962
729.14 20.327 -36.199 0.0 56.52618
730.28 373.828 358.305 0.0 15.52271
731.42 28.328 -48.691 0.0 77.01928
732.56 520.329 511.813 0.0 8.51584
733.7 227.83 175.817 0.0 52.01239
734.84 -100.67 -128.678 0.0 28.00895
735.98 124.331 106.826 0.0 17.5055
737.12 -11.168 -73.17 0.0 62.00205
738.26 46.333 -17.666 0.0 63.99861
739.4 95.333 118.838 0.0 -23.50484
740.53 289.834 241.842 0.0 47.99171
741.67 190.335 124.346 0.0 65.98827
742.81 -150.165 -137.149 0.0 -13.01517
743.95 180.336 204.855 0.0 -24.51863
745.09 -12.663 -66.641 0.0 53.97793
746.23 297.837 241.863 0.0 55.97447
747.36 328.338 239.867 0.0 88.47102
748.5 5.839 -70.129 0.0 75.96759
749.64 88.34 -9.125 0.0 97.46414
750.78 -32.66 -53.62 0.0 20.9607
751.92 79.841 -13.116 0.0 92.95725
753.05 83.342 67.388 0.0 15.9538
754.19 421.842 402.892 0.0 18.95035
755.33 -96.657 -150.604 0.0 53.94691
756.46 132.844 96.4 0.0 36.44346
757.6 26.344 -14.096 0.0 40.44002
758.74 402.345 354.409 0.0 47.93658
759.87 183.346 140.913 0.0 42.43314
761.01 160.347 108.917 0.0 51.42968
762.14 158.347 100.921 0.0 57.42623
763.28 337.348 263.925 0.0 73.42279
764.41 195.349 107.929 0.0 87.41933
765.55 -113.651 -149.067 0.0 35.41589
766.69 154.35 137.938 0.0 16.41245
767.82 180.851 169.942 0.0 10.90901
768.95 14.851 -85.054 0.0 99.90555
770.09 591.352 443.95 0.0 147.4021
771.22 478.353 490.954 0.0 -12.60135
772.36 328.354 334.958 0.0 -6.6048
773.49 391.854 282.462 0.0 109.39175
774.63 80.855 78.967 0.0 1.88833
775.76 103.356 24.471 0.0 78.88488
776.89 280.356 274.975 0.0 5.38144
778.03 199.357 199.479 0.0 -0.12201
779.16 18.858 13.483 0.0 5.37454
780.29 199.858 162.487 0.0 37.37109
781.43 424.859 397.991 0.0 26.86765
782.56 206.86 166.996 0.0 39.8642
783.69 23.361 3.0 0.0 20.36076
784.82 122.861 118.504 0.0 4.35731
785.96 136.362 55.008 0.0 81.35386
787.09 156.363 157.512 0.0 -1.14958
788.22 236.363 169.016 0.0 67.34697
789.35 9.364 7.02 0.0 2.34353
790.48 158.365 66.025 0.0 92.34008
791.62 381.365 336.029 0.0 45.33664
792.75 -1.134 -27.967 0.0 26.83319
793.88 439.867 408.037 0.0 31.82974
795.01 241.367 188.041 0.0 53.32629
796.14 320.868 225.045 0.0 95.82283
797.27 364.869 310.049 0.0 54.8194
798.4 138.87 143.554 0.0 -4.68405
799.53 -3.13 -65.942 0.0 62.81251
800.66 177.371 128.562 0.0 48.80907
801.79 987.872 908.566 0.0 79.3056
802.92 153.872 112.57 0.0 41.30217
804.05 260.873 259.074 0.0 1.79871
805.18 137.874 162.578 0.0 -24.70471
806.31 119.874 76.583 0.0 43.29183
807.44 -16.625 -49.413 0.0 32.78838
808.57 233.876 207.591 0.0 26.28494
809.69 238.377 173.595 0.0 64.78148
810.82 -98.123 -165.901 0.0 67.77805
811.95 691.378 632.603 0.0 58.7746
813.08 104.879 51.607 0.0 53.27115
814.21 745.379 754.112 0.0 -8.7323
815.33 200.38 136.616 0.0 63.76427
816.46 219.381 169.12 0.0 50.26082
817.59 574.881 511.124 0.0 63.75735
818.72 309.882 294.128 0.0 15.75394
819.84 634.383 572.132 0.0 62.25049
820.97 369.384 281.137 0.0 88.24701
822.1 418.384 404.141 0.0 14.24359
823.22 -30.115 -33.355 0.0 3.24014
824.35 103.386 45.149 0.0 58.23669
825.48 384.886 357.653 0.0 27.23325
826.6 191.387 161.157 0.0 30.2298
827.73 -130.612 -115.339 0.0 -15.27365
828.85 154.888 129.665 0.0 25.22292
829.98 462.389 380.17 0.0 82.21945
831.11 40.39 9.174 0.0 31.21601
832.23 18.891 -8.322 0.0 27.21257
833.36 405.391 342.182 0.0 63.20914
834.48 257.892 148.186 0.0 109.70569
835.6 289.893 328.69 0.0 -38.79776
836.73 -59.107 -58.805 0.0 -0.30122
837.85 332.894 321.199 0.0 11.69531
838.98 -79.105 -143.797 0.0 64.69189
840.1 269.395 249.207 0.0 20.18845
841.23 220.896 221.711 0.0 -0.815
842.35 481.897 515.215 0.0 -33.31842
843.47 128.897 70.719 0.0 58.1781
844.6 7.398 -46.776 0.0 54.17466
845.72 -13.101 30.228 0.0 -43.32879
846.84 30.9 44.232 0.0 -13.33224
847.96 44.9 6.736 0.0 38.16432
849.09 -5.599 -65.76 0.0 60.16087
850.21 127.902 77.744 0.0 50.15742
851.33 272.902 183.748 0.0 89.15399
852.45 -9.597 -51.247 0.0 41.65054
853.57 141.404 113.257 0.0 28.14709
854.7 69.404 -30.739 0.0 100.14364
855.82 17.405 -35.235 0.0 52.6402
856.94 310.406 231.269 0.0 79.13675
858.06 -62.593 -145.727 0.0 83.13331
859.18 317.907 201.277 0.0 116.62987
860.3 158.408 125.282 0.0 33.12641
861.42 -115.091 -130.714 0.0 15.62297
862.54 -114.591 -136.71 0.0 22.11951
863.66 24.41 -41.206 0.0 65.61607
864.78 122.911 74.298 0.0 48.61263
865.9 157.411 129.802 0.0 27.60919
867.02 902.412 883.306 0.0 19.10571
868.14 622.913 552.811 0.0 70.10229
869.26 337.914 283.815 0.0 54.09882
870.38 -127.586 -150.681 0.0 23.09539
871.5 -49.585 -127.177 0.0 77.59195
872.62 -18.084 -33.173 0.0 15.0885
873.74 434.916 390.331 0.0 44.58505
874.85 -24.583 -48.167 0.0 23.58333
875.97 177.417 99.333 0.0 78.08334
877.09 280.417 215.833 0.0 64.58333
878.21 163.917 129.833 0.0 34.08334
879.33 157.917 90.833 0.0 67.08334
880.44 163.417 146.333 0.0 17.08334
881.56 73.417 -7.667 0.0 81.08333
882.68 196.417 157.333 0.0 39.08334
883.79 570.917 587.833 0.0 -16.91663
884.91 -117.583 -103.667 0.0 -13.91667
886.03 292.917 267.333 0.0 25.58331
887.14 400.917 400.333 0.0 0.58331
888.26 512.417 435.833 0.0 76.58334
889.38 376.417 335.333 0.0 41.08331
890.49 -119.583 -73.167 0.0 -46.41667
891.61 200.417 154.833 0.0 45.58334
892.72 -25.583 -38.167 0.0 12.58333
893.84 -102.083 -95.667 0.0 -6.41667
894.95 -99.583 -107.667 0.0 8.08333
896.07 66.917 77.333 0.0 -10.41667
897.18 213.417 205.333 0.0 8.08334
898.3 -72.083 -80.667 0.0 8.58333
899.41 371.417 313.333 0.0 58.08331
900.53 209.917 175.833 0.0 34.08334
901.64 309.917 239.833 0.0 70.08333
902.75 158.917 109.333 0.0 49.58334
903.87 63.917 11.833 0.0 52.08333
904.98 185.417 189.833 0.0 -4.41666
906.09 111.917 113.833 0.0 -1.91667
907.21 228.917 184.833 0.0 44.08334
908.32 86.917 29.833 0.0 57.08333
909.43 421.417 388.333 0.0 33.08331
910.54 135.917 140.333 0.0 -4.41666
911.66 784.417 675.833 0.0 108.58337
912.77 4.417 -25.167 0.0 29.58333
913.88 168.917 126.333 0.0 42.58334
914.99 31.917 -25.167 0.0 57.08333
916.1 188.417 142.333 0.0 46.08334
917.22 2.417 -37.167 0.0 39.58333
918.33 456.917 394.833 0.0 62.08331
919.44 140.417 117.833 0.0 22.58334
920.55 460.917 407.833 0.0 53.08331
921.66 303.917 227.333 0.0 76.58333
922.77 259.917 215.333 0.0 44.58333
923.88 385.917 408.333 0.0 -22.41669
924.99 235.917 196.833 0.0 39.08334
926.1 -85.583 -127.167 0.0 41.58333
927.21 475.917 442.333 0.0 33.58331
928.32 -98.583 -120.667 0.0 22.08333
929.43 132.917 134.333 0.0 -1.41666
930.54 78.417 23.833 0.0 54.58333
931.65 143.417 78.333 0.0 65.08334
932.76 227.917 185.333 0.0 42.58334
933.86 180.917 126.833 0.0 54.08334
934.97 60.417 35.833 0.0 24.58334
936.08 64.917 22.333 0.0 42.58333
937.19 437.417 443.833 0.0 -6.41669
938.3 352.417 238.333 0.0 114.08333
939.4 407.917 393.333 0.0 14.58331
940.51 136.417 105.833 0.0 30.58334
941.62 266.917 288.833 0.0 -21.91669
942.73 749.417 738.333 0.0 11.08337
943.83 204.417 188.833 0.0 15.58334
944.94 188.917 178.333 0.0 10.58334
946.05 -96.583 -108.167 0.0 11.58333
947.15 -30.083 -72.167 0.0 42.08333
948.26 81.417 84.833 0.0 -3.41667
949.36 -0.583 11.833 0.0 -12.41667
950.47 171.917 190.833 0.0 -18.91666
951.57 568.417 534.333 0.0 34.08337
952.68 279.917 282.833 0.0 -2.91669
953.79 304.917 262.833 0.0 42.08331
954.89 68.917 4.833 0.0 64.08333
955.99 196.417 191.333 0.0 5.08334
957.1 99.417 49.333 0.0 50.08333
958.2 147.917 173.333 0.0 -25.41666
959.31 297.417 260.833 0.0 36.58331
960.41 43.417 17.333 0.0 26.08333
961.52 -75.083 -62.667 0.0 -12.41667
962.62 284.417 256.833 0.0 27.58331
963.72 -58.583 -126.667 0.0 68.08333
964.83 -108.583 -121.667 0.0 13.08333
965.93 209.917 201.833 0.0 8.08334
967.03 440.917 431.333 0.0 9.58331
968.13 312.417 226.333 0.0 86.08333
969.24 73.417 67.833 0.0 5.58333
970.34 92.417 61.833 0.0 30.58333
971.44 93.917 35.333 0.0 58.58333
972.54 193.917 181.833 0.0 12.08334
973.64 34.417 44.333 0.0 -9.91666
974.75 676.417 658.333 0.0 18.08337
975.85 2165.417 2178.833 0.0 -13.4165
976.95 1.917 32.333 0.0 -30.41667
978.05 359.417 277.333 0.0 82.08331
979.15 626.917 556.833 0.0 70.08337
980.25 32.917 -20.167 0.0 53.08333
981.35 95.917 18.833 0.0 77.08333
982.45 590.417 533.833 0.0 56.58337
983.55 271.417 271.833 0.0 -0.41669
984.65 228.417 212.333 0.0 16.08334
985.75 399.417 352.333 0.0 47.08331
986.85 271.417 228.333 0.0 43.08333
987.95 118.417 54.333 0.0 64.08333
989.05 507.917 531.333 0.0 -23.41666
990.15 341.917 350.333 0.0 -8.41669
991.25 177.917 212.333 0.0 -34.41666
992.34 495.417 508.333 0.0 -12.91669
993.44 183.917 228.333 0.0 -44.41666
994.54 182.917 168.833 0.0 14.08334
995.64 466.917 427.333 0.0 39.58331
996.74 553.917 492.333 0.0 61.58334
997.83 -29.583 -44.167 0.0 14.58333
998.93 141.917 139.333 0.0 2.58334
1000.03 824.917 766.333 0.0 58.58337
1001.12 484.917 464.333 0.0 20.58331
1002.22 455.417 455.333 0.0 0.08331
1003.32 119.917 97.333 0.0 22.58333
1004.41 237.417 248.833 0.0 -11.41666
1005.51 214.917 182.833 0.0 32.08334
1006.6 109.917 85.333 0.0 24.58333
1007.7 403.917 383.333 0.0 20.58331
1008.8 -18.083 -71.167 0.0 53.08333
1009.89 309.417 293.833 0.0 15.58331
1010.99 218.417 191.833 0.0 26.58334
1012.08 -55.583 -73.667 0.0 18.08333
1013.18 192.917 199.333 0.0 -6.41666
1014.27 107.917 52.333 0.0 55.58333
1015.36 127.917 172.333 0.0 -44.41666
1016.46 205.917 197.333 0.0 8.58334
1017.55 13.417 -23.667 0.0 37.08333
1018.65 267.417 218.833 0.0 48.58333
1019.74 440.917 353.333 0.0 87.58331
1020.83 306.417 228.333 0.0 78.08333
1021.93 127.917 159.333 0.0 -31.41666
1023.02 12.417 -27.667 0.0 40.08333
1024.11 -41.583 -29.667 0.0 -11.91667
1025.2 -54.083 -25.167 0.0 -28.91667
1026.3 248.917 258.333 0.0 -9.41667
1027.39 376.417 293.333 0.0 83.08331
1028.48 277.917 257.833 0.0 20.08331
1029.57 161.917 149.833 0.0 12.08334
1030.66 235.417 160.333 0.0 75.08334
1031.75 924.917 970.833 0.0 -45.91663
1032.84 367.417 313.333 0.0 54.08331
1033.94 81.917 4.833 0.0 77.08333
1035.03 410.917 383.833 0.0 27.08331
1036.12 1.917 33.833 0.0 -31.91667
1037.21 -33.083 -57.167 0.0 24.08334
1038.3 312.917 274.833 0.0 38.08331
1039.39 -42.083 -43.667 0.0 1.58334
1040.48 234.417 222.333 0.0 12.08334
1041.57 319.917 310.333 0.0 9.58331
1042.66 204.917 209.833 0.0 -4.91666
1043.74 230.417 234.333 0.0 -3.91666
1044.83 275.417 294.333 0.0 -18.91669
1045.92 -19.083 -28.167 0.0 9.08333
1047.01 381.917 287.333 0.0 94.58331
1048.1 -5.583 -41.667 0.0 36.08333
1049.19 266.417 231.833 0.0 34.58333
1050.27 149.917 106.333 0.0 43.58334
1051.36 134.417 137.333 0.0 -2.91666
1052.45 353.417 297.333 0.0 56.08331
1053.54 217.417 202.833 0.0 14.58334
1054.62 249.417 271.333 0.0 -21.91667
1055.71 268.417 243.333 0.0 25.08333
1056.8 440.917 363.833 0.0 77.08331
1057.88 109.917 111.833 0.0 -1.91667
1058.97 285.417 249.333 0.0 36.08333
1060.06 548.917 497.833 0.0 51.08334
1061.14 175.417 158.333 0.0 17.08334
1062.23 1078.417 1029.333 0.0 49.08325
1063.31 302.417 347.833 0.0 -45.41669
1064.4 155.917 73.833 0.0 82.08334
1065.48 265.417 232.833 0.0 32.58333
1066.57 219.417 109.833 0.0 109.58334
1067.65 266.417 290.333 0.0 -23.91669
1068.74 167.917 118.333 0.0 49.58334
1069.82 319.417 279.333 0.0 40.08331
1070.9 1516.917 1473.333 0.0 43.58325
1071.99 319.417 266.333 0.0 53.08331
1073.07 256.917 237.333 0.0 19.58333
1074.15 320.417 263.333 0.0 57.08331
1075.24 278.417 277.333 0.0 1.08331
1076.32 361.417 308.833 0.0 52.58331
1077.4 628.917 593.833 0.0 35.08337
1078.49 113.417 98.333 0.0 15.08333
1079.57 353.417 348.333 0.0 5.08331
1080.65 571.917 551.333 0.0 20.58337
1081.73 228.917 149.833 0.0 79.08334
1082.81 53.417 64.333 0.0 -10.91667
1083.89 294.417 286.333 0.0 8.08331
1084.98 298.917 345.833 0.0 -46.91669
1086.06 85.417 52.333 0.0 33.08333
1087.14 96.917 97.333 0.0 -0.41667
1088.22 288.917 221.833 0.0 67.08333
1089.3 79.417 67.833 0.0 11.58333
1090.38 675.417 656.333 0.0 19.08337
1091.46 361.917 315.833 0.0 46.08331
1092.54 164.917 93.833 0.0 71.08334
1093.62 210.417 177.833 0.0 32.58334
1094.7 42.917 35.333 0.0 7.58334
1095.78 214.917 232.333 0.0 -17.41666
1096.86 300.917 292.333 0.0 8.58331
1097.93 762.917 700.333 0.0 62.58337
1099.01 443.417 457.333 0.0 -13.91669
1100.09 152.917 132.833 0.0 20.08334
