196.55 1299.558 972.948 0.0 326.61011
197.76 1889.772 1427.472 0.0 462.30017
198.96 1704.237 1340.45 0.0 363.7865
200.16 1172.946 796.077 0.0 376.86908
201.36 1979.294 1587.379 0.0 391.91467
202.56 1339.684 990.115 0.0 349.56836
203.76 1143.719 849.94 0.0 293.77954
204.96 1339.255 932.264 0.0 406.99078
206.16 975.424 712.367 0.0 263.05731
207.36 1605.104 1181.173 0.0 423.93103
208.56 1340.33 1052.507 0.0 287.82312
209.76 836.156 637.704 0.0 198.45172
210.96 1271.382 888.539 0.0 382.84393
212.16 2447.139 2056.997 0.0 390.14209
213.36 1467.057 1126.644 0.0 340.41272
214.56 1222.61 890.479 0.0 332.13074
215.76 2250.219 1834.94 0.0 415.27966
216.96 1899.591 1568.862 0.0 330.72913
218.16 1431.475 985.792 0.0 445.68317
219.35 1102.377 716.838 0.0 385.539
220.55 1239.412 872.359 0.0 367.05273
221.75 1156.802 810.596 0.0 346.20648
222.95 1880.337 1461.314 0.0 419.02295
224.15 1435.692 1090.029 0.0 345.66284
225.35 1195.099 782.472 0.0 412.62616
226.55 1119.366 792.831 0.0 326.53436
227.75 1674.837 1378.814 0.0 296.02295
228.94 1436.156 1122.204 0.0 313.95166
230.14 1300.005 919.113 0.0 380.89203
231.34 1118.365 847.028 0.0 271.33704
232.54 1127.4 780.549 0.0 346.85077
233.74 1073.603 805.869 0.0 267.73364
234.93 1137.064 791.951 0.0 345.11243
236.13 1307.941 951.574 0.0 356.36688
237.33 1228.36 930.131 0.0 298.22943
238.53 1150.447 887.381 0.0 263.06653
239.72 1761.807 1373.993 0.0 387.81409
240.92 898.609 562.676 0.0 335.93335
242.12 1526.325 1152.807 0.0 373.51831
243.31 1042.034 755.63 0.0 286.40356
244.51 916.818 627.0 0.0 289.8186
245.71 1663.819 1278.803 0.0 385.01599
246.9 2045.818 1688.0 0.0 357.8186
248.1 1320.743 950.954 0.0 369.78876
249.3 1258.539 982.33 0.0 276.2085
250.49 1250.51 893.313 0.0 357.19696
251.69 1368.493 1049.106 0.0 319.38745
252.89 1291.248 916.154 0.0 375.09369
254.08 874.656 579.204 0.0 295.45172
255.28 1296.184 976.919 0.0 319.26581
256.47 870.092 577.666 0.0 292.42645
257.67 1412.808 1159.099 0.0 253.70886
258.86 1523.976 1172.898 0.0 351.07788
260.06 1308.504 917.809 0.0 390.6947
261.26 1831.894 1459.546 0.0 372.34851
262.45 1259.423 939.063 0.0 320.35986
263.65 835.754 565.158 0.0 270.59601
264.84 1426.371 1081.531 0.0 344.83923
266.04 1010.248 804.154 0.0 206.09369
267.23 863.259 487.661 0.0 375.5983
268.42 982.958 706.584 0.0 276.37366
269.62 1283.051 882.641 0.0 400.41046
270.81 1245.708 959.736 0.0 285.97235
272.01 1279.411 923.056 0.0 356.35535
273.2 1466.05 1164.034 0.0 302.01575
274.4 980.574 664.852 0.0 315.72223
275.59 1386.126 1028.883 0.0 357.24292
276.78 1242.179 892.718 0.0 349.46094
277.98 1123.899 772.746 0.0 351.15338
279.17 1192.15 903.201 0.0 288.9494
280.37 1204.468 837.985 0.0 366.48352
281.56 760.679 528.915 0.0 231.76355
282.75 937.657 617.508 0.0 320.14917
283.95 1087.8 801.186 0.0 286.61432
285.14 1100.312 863.193 0.0 237.11896
286.33 879.434 700.267 0.0 179.16718
287.52 1326.073 948.548 0.0 377.52478
288.72 1493.91 1136.95 0.0 356.96057
289.91 1770.109 1410.373 0.0 359.73596
291.1 1342.359 1007.024 0.0 335.33472
292.29 1281.522 997.623 0.0 283.89893
293.49 1270.888 1044.239 0.0 226.6488
294.68 976.062 729.845 0.0 246.21765
295.87 1096.987 803.102 0.0 293.88519
297.06 1262.12 940.38 0.0 321.74054
298.26 664.789 420.179 0.0 244.60977
299.45 1071.034 789.13 0.0 281.90356
300.64 1072.912 822.859 0.0 250.05273
301.83 1169.865 857.028 0.0 312.83704
303.02 928.453 630.384 0.0 298.06879
304.21 1468.186 1123.525 0.0 344.66052
305.4 1134.906 875.356 0.0 259.55042
306.59 1252.592 920.166 0.0 332.42651
307.79 1088.406 803.053 0.0 285.35297
308.98 900.005 579.113 0.0 320.89203
310.17 1288.651 966.081 0.0 322.57007
311.36 1137.328 857.597 0.0 279.73108
312.55 1880.427 1560.657 0.0 319.77002
313.74 808.086 584.359 0.0 223.72681
314.93 1348.83 1009.007 0.0 339.82318
316.12 1076.429 787.067 0.0 289.36218
317.31 632.027 406.823 0.0 225.20389
318.5 853.086 574.859 0.0 278.22681
319.69 1193.487 830.799 0.0 362.68787
320.88 968.191 736.225 0.0 231.96552
322.07 966.94 607.271 0.0 359.66943
323.26 895.383 607.342 0.0 288.0412
324.45 681.679 447.415 0.0 234.26355
325.64 1130.405 766.749 0.0 363.6557
326.83 1315.859 996.024 0.0 319.83472
328.01 1078.214 738.436 0.0 339.77734
329.2 1307.906 976.053 0.0 331.85297
330.39 1013.62 727.38 0.0 286.2406
331.58 905.167 542.908 0.0 362.25897
332.77 1719.452 1253.081 0.0 466.37146
333.96 688.521 448.82 0.0 239.70154
335.15 835.26 524.964 0.0 310.29565
336.33 847.167 590.908 0.0 256.25897
337.52 1025.179 719.415 0.0 305.76349
338.71 1006.737 710.45 0.0 296.2865
339.9 944.381 614.932 0.0 329.4491
341.08 1048.323 688.2 0.0 360.12354
342.27 1331.278 879.475 0.0 451.80255
343.46 1480.197 1063.729 0.0 416.46777
344.65 1366.697 897.229 0.0 469.46777
345.83 1491.743 983.257 0.0 508.48621
347.02 820.755 470.264 0.0 350.49075
348.21 1508.958 1021.584 0.0 487.37372
349.4 901.801 462.989 0.0 438.81174
350.58 1132.067 718.045 0.0 414.02258
351.77 957.103 575.369 0.0 381.7337
352.96 653.964 324.088 0.0 329.87601
354.14 967.196 619.926 0.0 347.27045
355.33 852.034 536.13 0.0 315.9035
356.51 662.155 387.098 0.0 275.05698
357.7 1129.555 679.734 0.0 449.82062
358.89 827.858 511.721 0.0 316.13733
360.07 1285.166 915.105 0.0 370.06152
361.26 1496.821 1061.79 0.0 435.03137
362.44 1024.315 733.483 0.0 290.83167
363.63 847.419 481.743 0.0 365.67563
364.81 931.913 531.437 0.0 400.47595
366.0 655.546 276.518 0.0 379.02872
367.18 1904.664 1403.392 0.0 501.27197
368.37 837.42 529.85 0.0 307.57037
369.55 1091.776 737.065 0.0 354.71033
370.74 1322.787 911.572 0.0 411.21503
371.92 1486.891 1158.332 0.0 328.55896
373.11 853.972 476.078 0.0 377.89365
374.29 765.466 421.772 0.0 343.694
375.48 915.24 531.741 0.0 383.49921
376.66 781.717 441.53 0.0 340.18744
377.84 1411.42 953.85 0.0 457.57037
379.03 759.252 405.051 0.0 354.2012
380.21 680.147 332.184 0.0 347.96252
381.39 558.193 266.212 0.0 291.98087
382.58 1242.246 816.548 0.0 425.69891
383.76 1545.136 1148.784 0.0 396.35266
384.94 1739.939 1254.164 0.0 485.77466
386.13 737.495 426.593 0.0 310.90283
387.31 1048.903 618.339 0.0 430.56348
388.49 738.153 474.688 0.0 263.46478
389.68 1054.589 637.952 0.0 416.6369
390.86 1003.613 567.466 0.0 436.14612
392.04 1381.508 982.706 0.0 398.80219
393.22 889.113 445.466 0.0 443.64615
394.41 861.676 473.202 0.0 388.474
395.59 581.607 193.463 0.0 388.14386
396.77 1027.479 552.689 0.0 474.79077
397.95 1037.793 637.576 0.0 400.21722
399.13 1248.462 792.678 0.0 455.78387
400.31 868.362 447.511 0.0 420.85004
401.5 1175.345 626.304 0.0 549.04053
402.68 1245.693 734.712 0.0 510.9809
403.86 837.078 434.445 0.0 402.63239
405.04 1361.102 807.263 0.0 553.83893
406.22 817.81 367.783 0.0 450.02679
407.4 1179.015 697.013 0.0 482.00183
408.58 1371.839 814.301 0.0 557.53821
409.76 1426.763 947.755 0.0 479.00836
410.94 1141.113 624.466 0.0 516.64612
412.12 913.829 502.9 0.0 410.92841
413.3 801.822 359.093 0.0 442.72876
414.48 760.351 371.111 0.0 389.24023
415.66 848.125 445.277 0.0 402.84811
416.84 1786.834 1233.1 0.0 553.73328
418.02 1140.467 623.378 0.0 517.08881
419.2 895.81 419.586 0.0 476.22415
420.38 1053.618 583.97 0.0 469.6485
421.56 964.072 427.245 0.0 536.82742
422.74 1664.827 1081.794 0.0 583.03369
423.92 1371.659 865.995 0.0 505.66455
425.1 1084.851 464.111 0.0 620.74017
426.28 861.986 405.995 0.0 455.99042
427.46 1938.98 1356.492 0.0 582.48804
428.63 1113.765 571.861 0.0 541.90326
429.81 1077.933 687.964 0.0 389.96979
430.99 1295.636 754.784 0.0 540.85266
432.17 1695.741 1145.347 0.0 550.39404
433.35 1400.689 827.316 0.0 573.37341
434.52 650.608 155.069 0.0 495.5386
435.7 924.799 376.383 0.0 548.41693
436.88 1486.34 840.104 0.0 646.23566
438.06 1109.044 552.531 0.0 556.51337
439.23 987.857 399.115 0.0 588.74252
440.41 1231.201 594.126 0.0 637.07538
441.59 1510.595 828.456 0.0 682.13928
442.77 1017.289 276.679 0.0 740.60977
443.94 1591.927 760.657 0.0 831.27002
445.12 1444.718 769.833 0.0 674.88483
446.3 1816.363 1093.118 0.0 723.24487
447.47 1449.532 666.72 0.0 782.8114
448.65 1559.909 720.646 0.0 839.26312
449.82 1238.409 500.146 0.0 738.26315
451.0 1282.52 609.213 0.0 673.30676
452.18 1229.701 476.823 0.0 752.87796
453.35 1351.933 530.16 0.0 821.77234
454.53 1185.27 558.865 0.0 626.40546
455.7 1077.561 334.238 0.0 743.32281
456.88 1790.887 945.935 0.0 844.95135
458.05 1275.602 591.763 0.0 683.83893
459.23 1044.636 315.784 0.0 728.85266
460.4 1338.933 580.16 0.0 758.77234
461.58 1414.881 719.432 0.0 695.44904
462.75 1055.718 315.333 0.0 740.38483
463.93 1397.991 628.696 0.0 769.29529
465.1 1286.776 525.065 0.0 761.71033
466.28 972.16 218.101 0.0 754.05923
467.45 860.933 146.66 0.0 714.27235
468.63 1319.078 523.249 0.0 795.82971
469.8 1722.142 870.287 0.0 851.85498
470.97 1139.096 405.259 0.0 733.83658
472.15 1448.283 595.675 0.0 852.60742
473.32 1541.661 704.601 0.0 837.05933
474.49 1628.492 859.499 0.0 768.99274
475.67 1282.114 507.573 0.0 774.54089
476.84 1123.126 327.08 0.0 796.04553
478.01 1533.241 636.347 0.0 896.89404
479.19 1334.87 548.728 0.0 786.14191
480.36 1162.527 309.02 0.0 853.5065
481.53 1433.823 596.897 0.0 836.92621
482.7 1285.707 497.129 0.0 788.57761
483.88 1209.946 275.774 0.0 934.17175
485.05 1240.887 361.935 0.0 878.95139
486.22 1347.161 478.405 0.0 868.75662
487.39 1067.976 333.595 0.0 734.38062
488.56 1434.788 485.876 0.0 948.91232
489.74 1825.323 897.2 0.0 928.12354
490.91 1074.742 242.651 0.0 832.09134
492.08 1293.788 375.876 0.0 917.91232
493.25 1209.347 278.714 0.0 930.63272
494.42 1294.452 476.778 0.0 817.67398
495.59 1274.922 417.26 0.0 857.66257
496.76 1321.59 465.756 0.0 855.83435
497.93 1521.457 610.478 0.0 910.97888
499.1 1487.411 572.753 0.0 914.6579
500.27 2059.475 1040.792 0.0 1018.68323
501.44 2204.05 1228.534 0.0 975.51563
502.61 1357.719 423.137 0.0 934.58224
503.78 1459.702 629.929 0.0 829.77271
504.95 2171.451 1123.474 0.0 1047.97668
506.12 1627.225 696.943 0.0 930.28192
507.29 1226.8 335.186 0.0 891.61432
508.46 858.265 32.165 0.0 826.10056
509.63 2223.265 1258.165 0.0 965.10071
510.8 2191.178 1179.612 0.0 1011.56616
511.97 1432.079 558.552 0.0 873.52716
513.14 1139.365 258.528 0.0 880.83704
514.31 1762.399 785.746 0.0 976.65338
515.48 1408.336 495.01 0.0 913.3255
516.65 1395.637 525.087 0.0 870.55011
517.81 1311.498 355.806 0.0 955.69238
518.98 1604.009 695.01 0.0 908.99963
520.15 1071.534 161.13 0.0 910.40358
521.32 1594.666 703.605 0.0 891.06152
522.49 2509.824 1502.503 0.0 1007.32092
523.65 2170.085 1158.859 0.0 1011.22681
524.82 1615.614 638.073 0.0 977.54089
525.99 927.847 78.517 0.0 849.33009
527.16 1717.732 631.25 0.0 1086.48157
528.32 1640.794 730.182 0.0 910.61212
529.49 1366.19 411.619 0.0 954.57071
530.66 947.924 114.367 0.0 833.5573
531.82 1172.922 180.957 0.0 991.96512
532.99 1303.946 320.274 0.0 983.67175
534.16 1462.917 444.256 0.0 1018.66022
535.32 1814.155 794.401 0.0 1019.75439
536.49 1235.167 294.408 0.0 940.75894
537.65 2100.091 1011.059 0.0 1089.03168
538.82 1296.016 321.816 0.0 974.19928
539.99 1637.358 642.721 0.0 994.63727
541.15 1880.311 818.39 0.0 1061.92151
542.32 1136.783 147.979 0.0 988.80487
543.48 1836.074 811.155 0.0 1024.91956
544.65 2036.79 992.785 0.0 1044.00452
545.81 2699.475 1483.292 0.0 1216.18323
546.98 1760.493 503.106 0.0 1257.38751
548.14 1897.475 783.792 0.0 1113.68317
549.31 1455.609 402.873 0.0 1052.73599
550.47 1573.725 469.443 0.0 1104.28189
551.63 2262.498 914.806 0.0 1347.69226
552.8 1644.131 454.584 0.0 1189.54776
553.96 1564.574 459.852 0.0 1104.72223
555.13 1627.737 391.45 0.0 1236.28644
556.29 2256.958 934.084 0.0 1322.8736
557.45 1445.428 274.46 0.0 1170.96747
558.62 1814.266 523.468 0.0 1290.79797
559.78 2054.993 771.606 0.0 1283.38739
560.94 1669.289 371.982 0.0 1297.30719
562.11 1674.964 391.088 0.0 1283.87595
563.27 1333.278 157.975 0.0 1175.30254
564.43 1265.65 32.397 0.0 1233.25207
565.59 1469.877 205.838 0.0 1264.03902
566.76 1660.614 351.073 0.0 1309.54089
567.92 1867.895 571.349 0.0 1296.5459
569.08 2078.888 715.042 0.0 1363.84613
570.24 1668.032 352.024 0.0 1316.00873
571.4 1437.597 226.366 0.0 1211.23145
572.57 1619.883 367.342 0.0 1252.54123
573.73 1377.359 55.524 0.0 1321.8347
574.89 1733.144 452.697 0.0 1280.44717
576.05 1856.754 476.158 0.0 1380.59601
577.21 1541.347 157.714 0.0 1383.63272
578.37 1263.743 18.954 0.0 1244.78878
579.53 1588.057 193.644 0.0 1394.41267
580.69 2023.877 597.535 0.0 1426.34155
581.85 1736.684 351.919 0.0 1384.76581
583.01 1795.12 401.88 0.0 1393.24054
584.17 1937.039 484.83 0.0 1452.20847
585.33 2022.847 572.517 0.0 1450.33002
586.49 1751.428 377.763 0.0 1373.66489
587.65 1976.952 573.278 0.0 1403.67395
588.81 1951.353 566.521 0.0 1384.8324
589.97 2433.208 929.433 0.0 1503.77502
591.13 1857.527 421.02 0.0 1436.5065
592.29 1779.941 336.574 0.0 1443.36688
593.45 1637.476 213.595 0.0 1423.88062
594.61 1547.579 134.052 0.0 1413.52713
595.77 1574.254 196.961 0.0 1377.29332
596.93 1468.643 91.091 0.0 1377.55242
598.09 1839.911 382.753 0.0 1457.1579
599.24 1660.429 138.067 0.0 1522.3622
600.4 1781.428 291.763 0.0 1489.66489
601.56 1624.638 233.39 0.0 1391.24753
602.72 1804.51 368.616 0.0 1435.89438
603.87 1884.75 473.064 0.0 1411.68585
605.03 1563.51 232.116 0.0 1331.39438
606.19 1588.842 148.514 0.0 1440.32782
607.35 1417.941 -3.926 0.0 1421.86687
608.5 2037.249 594.457 0.0 1442.79114
609.66 2450.569 989.651 0.0 1460.91724
610.82 1574.487 146.299 0.0 1428.18785
611.97 1540.458 125.084 0.0 1415.37375
613.13 2002.238 573.754 0.0 1428.48389
614.29 1867.307 496.993 0.0 1370.31409
615.44 2052.382 717.539 0.0 1334.84381
616.6 1402.051 180.141 0.0 1221.91046
617.76 2009.318 663.0 0.0 1346.3186
618.91 1925.337 726.314 0.0 1199.02295
620.07 1980.9 641.049 0.0 1339.85077
621.22 1258.429 17.567 0.0 1240.8622
622.38 2410.958 1061.084 0.0 1349.87366
623.53 1383.597 78.366 0.0 1305.23144
624.69 1354.045 112.137 0.0 1241.90813
625.84 1423.388 217.542 0.0 1205.84612
627.0 1759.433 488.964 0.0 1270.46979
628.15 1201.987 -0.398 0.0 1202.38516
629.31 1632.283 318.175 0.0 1314.10742
630.46 1131.266 -23.532 0.0 1154.79799
631.61 1562.54 374.134 0.0 1188.40579
632.77 1516.306 228.189 0.0 1288.11664
633.92 1776.62 495.38 0.0 1281.24054
635.08 2205.62 949.577 0.0 1256.04309
636.23 1573.789 308.482 0.0 1265.30719
637.38 1058.801 -74.511 0.0 1133.31174
638.54 1917.922 654.76 0.0 1263.16254
639.69 2206.866 936.831 0.0 1270.03448
640.84 1690.657 490.402 0.0 1200.25513
641.99 1262.668 97.409 0.0 1165.25946
643.15 2039.679 816.916 0.0 1222.76379
644.3 1224.19 95.422 0.0 1128.76811
645.45 1065.701 -58.071 0.0 1123.77244
646.6 2001.712 811.436 0.0 1190.27673
647.75 1364.723 161.942 0.0 1202.7812
648.91 999.734 -136.551 0.0 1136.28548
650.06 1344.245 225.455 0.0 1118.78987
651.21 1605.256 417.462 0.0 1187.79419
652.36 1570.267 450.969 0.0 1119.29852
653.51 1234.778 101.475 0.0 1133.30284
654.66 1339.289 273.982 0.0 1065.30716
655.81 1679.8 651.989 0.0 1027.81152
656.96 1130.311 69.495 0.0 1060.81582
658.11 1468.822 365.002 0.0 1103.82016
659.27 1651.333 531.009 0.0 1120.32446
660.42 1167.844 29.015 0.0 1138.8288
661.57 1491.855 421.022 0.0 1070.83313
662.72 948.866 -139.971 0.0 1088.83751
663.87 913.877 -99.965 0.0 1013.84184
665.01 1456.388 316.042 0.0 1140.3461
666.16 1152.899 41.049 0.0 1111.85056
667.31 1211.41 95.555 0.0 1115.85488
668.46 1948.421 760.562 0.0 1187.85919
669.61 1262.432 206.069 0.0 1056.36354
670.76 1147.943 4.575 0.0 1143.36786
671.91 1894.954 769.582 0.0 1125.37219
673.06 1640.465 519.589 0.0 1120.87653
674.21 1000.976 -161.405 0.0 1162.38084
675.35 1465.487 284.102 0.0 1181.38516
676.5 1309.498 167.609 0.0 1141.8895
677.65 1152.509 72.615 0.0 1079.89382
678.8 996.52 -110.878 0.0 1107.39821
679.94 1217.031 40.629 0.0 1176.40247
681.09 1589.542 370.135 0.0 1219.4068
682.24 1654.553 363.142 0.0 1291.41113
683.39 1184.564 -1.851 0.0 1186.41557
684.53 1694.575 558.155 0.0 1136.41992
685.68 1456.586 214.662 0.0 1241.92422
686.83 1542.097 301.169 0.0 1240.92856
687.97 1458.608 298.175 0.0 1160.43289
689.12 1339.119 178.182 0.0 1160.93721
690.27 1287.63 68.189 0.0 1219.44154
691.41 1703.141 468.195 0.0 1234.94586
692.56 1607.652 358.702 0.0 1248.9502
693.7 1665.163 378.709 0.0 1286.4545
694.85 1199.674 48.215 0.0 1151.45884
695.99 1667.685 398.222 0.0 1269.46317
697.14 1527.696 184.229 0.0 1343.46748
698.28 1645.207 342.735 0.0 1302.4718
699.43 1592.218 391.242 0.0 1200.97614
700.57 1060.729 -74.251 0.0 1134.98047
701.72 1169.24 -50.745 0.0 1219.98492
702.86 997.751 -107.738 0.0 1105.48918
704.01 1252.262 50.269 0.0 1201.99357
705.15 1679.773 433.275 0.0 1246.49789
706.29 1261.284 126.782 0.0 1134.50222
707.44 1340.295 171.288 0.0 1169.00655
708.58 1066.806 -124.205 0.0 1191.01088
709.72 1881.317 629.302 0.0 1252.0152
710.87 964.328 -137.192 0.0 1101.51953
712.01 1166.839 0.315 0.0 1166.52386
713.15 1494.35 217.322 0.0 1277.02818
714.3 1528.861 348.828 0.0 1180.0325
715.44 1227.872 92.335 0.0 1135.53683
716.58 1524.883 277.342 0.0 1247.54117
717.72 1243.894 52.848 0.0 1191.04549
718.87 1383.905 240.855 0.0 1143.04994
720.01 1323.916 117.362 0.0 1206.55426
721.15 1073.427 -54.132 0.0 1127.55859
722.29 1473.938 345.875 0.0 1128.06293
723.43 1709.949 498.882 0.0 1211.06723
724.57 1534.96 450.388 0.0 1084.57156
725.72 1402.471 244.895 0.0 1157.5759
726.86 1951.482 678.902 0.0 1272.5802
728.0 1400.993 164.408 0.0 1236.58455
729.14 1166.004 -2.085 0.0 1168.08887
730.28 1657.015 481.422 0.0 1175.5932
731.42 1195.026 10.928 0.0 1184.09753
732.56 1957.537 722.435 0.0 1235.10187
733.7 1557.548 386.942 0.0 1170.60617
734.84 945.559 -127.052 0.0 1072.61057
735.98 1399.57 148.955 0.0 1250.61484
737.12 1132.581 -3.038 0.0 1135.61928
738.26 1154.592 17.468 0.0 1137.12361
739.4 1461.103 228.475 0.0 1232.62793
740.53 1596.614 407.482 0.0 1189.13226
741.67 1529.125 273.488 0.0 1255.6366
742.81 956.636 -222.505 0.0 1179.14091
743.95 1384.647 241.002 0.0 1143.64523
745.09 1089.658 19.508 0.0 1070.14956
746.23 1594.169 399.515 0.0 1194.6539
747.36 1622.68 453.522 0.0 1169.1582
748.5 1169.691 60.028 0.0 1109.66254
749.64 1147.202 25.035 0.0 1122.16687
750.78 1067.213 -5.458 0.0 1072.6712
751.92 1241.224 74.548 0.0 1166.67552
753.05 1265.735 155.555 0.0 1110.17986
754.19 1799.246 635.562 0.0 1163.6842
755.33 870.257 -151.932 0.0 1022.18857
756.46 1312.768 245.075 0.0 1067.69295
757.6 1017.279 82.082 0.0 935.19722
758.74 1738.29 562.088 0.0 1176.2016
759.87 1277.301 244.595 0.0 1032.70593
761.01 1235.812 271.102 0.0 964.71027
762.14 1220.823 234.608 0.0 986.21458
763.28 1470.834 408.115 0.0 1062.7189
764.41 1297.345 249.121 0.0 1048.22324
765.55 857.856 -123.872 0.0 981.72756
766.69 1246.367 289.635 0.0 956.7319
767.82 1334.378 266.641 0.0 1067.73621
768.95 1027.889 26.148 0.0 1001.74054
770.09 1712.4 737.655 0.0 974.74487
771.22 1707.411 661.661 0.0 1045.74921
772.36 1515.922 504.168 0.0 1011.75363
773.49 1555.933 489.175 0.0 1066.75797
774.63 1186.944 196.181 0.0 990.7623
775.76 1145.455 154.688 0.0 990.76662
776.89 1383.466 428.195 0.0 955.27094
778.03 1259.477 360.201 0.0 899.27527
779.16 997.988 8.708 0.0 989.2796
780.29 1207.999 308.215 0.0 899.78394
781.43 1499.01 606.221 0.0 892.78827
782.56 1209.021 315.228 0.0 893.79257
783.69 880.032 11.735 0.0 868.29691
784.82 1085.543 233.241 0.0 852.30124
785.96 1042.554 116.748 0.0 925.80556
787.09 1055.565 204.255 0.0 851.30989
788.22 1170.576 394.261 0.0 776.31421
789.35 890.587 157.768 0.0 732.8186
790.48 965.098 142.275 0.0 822.82292
791.62 1417.609 580.281 0.0 837.32733
792.75 839.12 5.288 0.0 833.83158
793.88 1524.131 737.795 0.0 786.33594
795.01 1199.142 353.801 0.0 845.3403
796.14 1246.153 404.808 0.0 841.3446
797.27 1308.164 493.815 0.0 814.34894
798.4 1065.675 283.321 0.0 782.35327
799.53 726.686 -4.672 0.0 731.3576
800.66 1025.697 316.335 0.0 709.36194
801.79 2206.708 1276.841 0.0 929.86621
802.92 974.719 199.848 0.0 774.87064
804.05 1153.729 381.855 0.0 771.87491
805.18 1026.74 290.861 0.0 735.87924
806.31 877.752 215.868 0.0 661.88362
807.44 719.263 -64.625 0.0 783.88795
808.57 1118.274 400.381 0.0 717.89233
809.69 1067.785 400.888 0.0 666.89667
810.82 574.795 -163.605 0.0 738.40092
811.95 1787.807 988.401 0.0 799.40533
813.08 802.318 103.908 0.0 698.40964
814.21 1765.328 1064.915 0.0 700.41394
815.33 933.839 282.921 0.0 650.9183
816.46 981.35 308.928 0.0 672.42261
817.59 1539.861 847.435 0.0 692.42694
818.72 1147.372 504.441 0.0 642.93127
819.84 1571.883 896.448 0.0 675.43561
820.97 1173.394 446.454 0.0 726.93991
822.1 1340.405 593.961 0.0 746.44427
823.22 545.916 -30.532 0.0 576.44864
824.35 713.927 92.474 0.0 621.45296
825.48 1168.938 574.481 0.0 594.45734
826.6 887.449 310.488 0.0 576.96161
827.73 524.46 -144.506 0.0 668.96594
828.85 868.471 268.501 0.0 599.97028
829.98 1256.482 610.008 0.0 646.47467
831.11 718.493 70.014 0.0 648.47898
832.23 596.004 81.521 0.0 514.48331
833.36 1112.015 524.528 0.0 587.48761
834.48 870.526 259.034 0.0 611.49197
835.6 1057.037 482.041 0.0 574.99628
836.73 559.048 -7.952 0.0 567.00061
837.85 1063.059 535.054 0.0 528.00494
838.98 445.07 -104.439 0.0 549.5093
840.1 939.581 458.568 0.0 481.01364
841.23 901.592 371.074 0.0 530.51797
842.35 1362.103 720.581 0.0 641.52234
843.47 742.114 248.588 0.0 493.52663
844.6 505.125 26.594 0.0 478.53099
845.72 624.136 155.101 0.0 469.03529
846.84 647.647 134.608 0.0 513.03967
847.96 670.658 139.114 0.0 531.54401
849.09 560.169 58.121 0.0 502.04833
850.21 776.18 232.628 0.0 543.55266
851.33 959.191 385.134 0.0 574.05698
852.45 510.202 25.141 0.0 485.06131
853.57 741.213 232.148 0.0 509.06563
854.7 599.724 67.654 0.0 532.06996
855.82 580.735 -0.339 0.0 581.07435
856.94 1026.246 485.168 0.0 541.07861
858.06 400.257 -64.326 0.0 464.583
859.18 946.768 425.181 0.0 521.58731
860.3 759.779 244.688 0.0 515.09164
861.42 359.79 -89.306 0.0 449.09598
862.54 439.301 -65.799 0.0 505.10033
863.66 498.812 50.708 0.0 448.10466
864.78 631.323 186.714 0.0 444.60902
865.9 757.334 244.221 0.0 513.11334
867.02 1775.845 1277.228 0.0 498.61768
868.14 1412.356 879.234 0.0 533.12201
869.26 959.367 575.741 0.0 383.62634
870.38 384.878 -90.252 0.0 475.13065
871.5 349.389 -94.746 0.0 444.13501
872.62 447.4 69.761 0.0 377.63934
873.74 1123.911 699.268 0.0 424.64362
874.85 441.417 40.271 0.0 401.14582
875.97 689.417 286.271 0.0 403.14584
877.09 903.917 373.271 0.0 530.64584
878.21 696.917 220.771 0.0 476.14586
879.33 732.417 334.771 0.0 397.64584
880.44 733.417 254.771 0.0 478.64586
881.56 549.917 111.271 0.0 438.64585
882.68 705.417 256.271 0.0 449.14584
883.79 1396.917 826.771 0.0 570.14581
884.91 311.417 -58.229 0.0 369.64582
886.03 875.417 456.271 0.0 419.14584
887.14 1068.417 659.271 0.0 409.14581
888.26 1157.917 777.271 0.0 380.64581
889.38 1002.417 636.271 0.0 366.14587
890.49 333.917 -89.729 0.0 423.64582
891.61 741.917 307.771 0.0 434.14584
892.72 376.917 -13.229 0.0 390.14582
893.84 294.917 -99.229 0.0 394.14582
894.95 315.917 -87.229 0.0 403.14582
896.07 594.917 152.271 0.0 442.64586
897.18 815.917 384.271 0.0 431.64584
898.3 319.917 -41.229 0.0 361.14582
899.41 1007.917 577.271 0.0 430.64587
900.53 766.917 335.771 0.0 431.14584
901.64 862.917 462.271 0.0 400.64584
902.75 642.417 262.771 0.0 379.64584
903.87 543.917 116.771 0.0 427.14585
904.98 829.417 403.771 0.0 425.64584
906.09 551.917 235.771 0.0 316.14586
907.21 841.917 438.771 0.0 403.14584
908.32 507.417 198.271 0.0 309.14583
909.43 1052.417 650.771 0.0 401.64581
910.54 640.917 280.271 0.0 360.64584
911.66 1584.417 1160.771 0.0 423.64575
912.77 364.417 85.771 0.0 278.64582
913.88 672.917 300.271 0.0 372.64584
914.99 478.417 69.271 0.0 409.14582
916.1 702.917 349.771 0.0 353.14584
917.22 409.417 58.771 0.0 350.64582
918.33 1037.917 688.771 0.0 349.14581
919.44 596.917 270.271 0.0 326.64584
920.55 1088.917 660.771 0.0 428.14581
921.66 775.917 428.771 0.0 347.14584
922.77 830.917 488.271 0.0 342.64584
923.88 921.917 623.271 0.0 298.64587
924.99 747.917 373.771 0.0 374.14584
926.1 317.917 -11.229 0.0 329.14582
927.21 1074.417 652.771 0.0 421.64581
928.32 191.917 -84.729 0.0 276.64584
929.43 623.417 251.771 0.0 371.64586
930.54 398.417 111.271 0.0 287.14582
931.65 592.917 266.271 0.0 326.64584
932.76 711.917 381.771 0.0 330.14584
933.86 554.417 302.271 0.0 252.14584
934.97 431.917 113.771 0.0 318.14582
936.08 476.917 164.771 0.0 312.14583
937.19 1076.917 708.271 0.0 368.64581
938.3 728.917 472.271 0.0 256.64584
939.4 913.917 674.771 0.0 239.14587
940.51 470.417 305.271 0.0 165.14581
941.62 716.417 503.771 0.0 212.64584
942.73 1376.417 1102.771 0.0 273.64575
943.83 544.917 302.771 0.0 242.14584
944.94 631.417 338.271 0.0 293.14584
946.05 120.917 -35.729 0.0 156.64583
947.15 168.917 -25.729 0.0 194.64584
948.26 499.917 228.771 0.0 271.14583
949.36 322.917 98.271 0.0 224.64582
950.47 629.917 326.771 0.0 303.14584
951.57 1035.417 844.771 0.0 190.64581
952.68 830.917 568.771 0.0 262.14587
953.79 695.417 439.271 0.0 256.14584
954.89 394.917 121.771 0.0 273.14582
955.99 701.917 391.271 0.0 310.64584
957.1 445.417 230.271 0.0 215.14583
958.2 536.917 271.271 0.0 265.64584
959.31 757.917 455.771 0.0 302.14584
960.41 375.917 130.271 0.0 245.64583
961.52 256.417 10.271 0.0 246.14582
962.62 757.917 493.771 0.0 264.14584
963.72 203.917 -50.729 0.0 254.64584
964.83 88.417 -70.729 0.0 159.14583
965.93 619.417 341.771 0.0 277.64584
967.03 884.417 714.271 0.0 170.14587
968.13 704.417 466.771 0.0 237.64584
969.24 410.917 175.771 0.0 235.14583
970.34 418.417 206.771 0.0 211.64583
971.44 480.917 265.771 0.0 215.14581
972.54 650.417 346.771 0.0 303.64584
973.64 360.917 142.271 0.0 218.64583
974.75 1321.917 1069.771 0.0 252.14575
975.85 3698.417 3162.271 0.0 536.146
976.95 388.917 189.771 0.0 199.14583
978.05 774.417 525.771 0.0 248.64587
979.15 1167.417 896.271 0.0 271.14581
980.25 299.917 99.771 0.0 200.14582
981.35 398.917 179.271 0.0 219.64583
982.45 1162.917 891.771 0.0 271.14581
983.55 750.917 462.771 0.0 288.14584
984.65 662.417 418.271 0.0 244.14584
985.75 938.417 675.271 0.0 263.14587
986.85 676.917 372.271 0.0 304.64584
987.95 458.917 185.271 0.0 273.64583
989.05 1123.917 783.271 0.0 340.64581
990.15 873.417 628.271 0.0 245.14587
991.25 621.417 443.271 0.0 178.14584
992.34 1038.917 835.771 0.0 203.14581
993.44 624.417 478.271 0.0 146.14584
994.54 545.917 386.771 0.0 159.14584
995.64 975.417 731.271 0.0 244.14587
996.74 1017.417 789.271 0.0 228.14587
997.83 212.417 73.771 0.0 138.64584
998.93 489.917 315.271 0.0 174.64581
1000.03 1516.917 1230.771 0.0 286.14575
1001.12 1044.917 704.771 0.0 340.14581
1002.22 1094.417 729.271 0.0 365.14581
1003.32 455.917 272.271 0.0 183.64581
1004.41 741.917 467.271 0.0 274.64584
1005.51 584.417 402.771 0.0 181.64584
1006.6 419.417 188.771 0.0 230.64583
1007.7 841.917 624.271 0.0 217.64587
1008.8 180.417 103.271 0.0 77.14584
1009.89 748.417 577.771 0.0 170.64587
1010.99 626.917 384.771 0.0 242.14584
1012.08 220.417 47.271 0.0 173.14584
1013.18 558.417 394.271 0.0 164.14584
1014.27 424.417 202.271 0.0 222.14583
1015.36 469.417 334.271 0.0 135.14581
1016.46 591.917 402.771 0.0 189.14584
1017.55 305.917 148.271 0.0 157.64583
1018.65 617.417 496.771 0.0 120.64584
1019.74 819.417 586.771 0.0 232.64587
1020.83 629.917 505.271 0.0 124.64584
1021.93 566.417 280.271 0.0 286.14584
1023.02 212.417 38.271 0.0 174.14584
1024.11 259.417 63.771 0.0 195.64582
1025.2 239.417 88.271 0.0 151.14584
1026.3 613.417 454.271 0.0 159.14584
1027.39 845.917 597.771 0.0 248.14587
1028.48 645.917 486.771 0.0 159.14584
1029.57 475.917 312.771 0.0 163.14581
1030.66 596.417 451.771 0.0 144.64584
1031.75 1744.917 1483.271 0.0 261.64575
1032.84 874.917 652.771 0.0 222.14587
1033.94 283.917 161.271 0.0 122.64583
1035.03 831.917 773.771 0.0 58.14587
1036.12 254.917 90.271 0.0 164.64584
1037.21 273.917 66.771 0.0 207.14582
1038.3 685.417 522.771 0.0 162.64587
1039.39 313.917 153.271 0.0 160.64583
1040.48 618.417 455.771 0.0 162.64584
1041.57 721.417 616.271 0.0 105.14587
1042.66 605.917 441.771 0.0 164.14584
1043.74 669.417 508.271 0.0 161.14584
1044.83 652.917 543.271 0.0 109.64587
1045.92 266.917 45.771 0.0 221.14582
1047.01 765.917 617.771 0.0 148.14587
1048.1 150.417 96.771 0.0 53.64584
1049.19 601.917 502.271 0.0 99.64584
1050.27 460.917 342.271 0.0 118.64581
1051.36 486.417 305.271 0.0 181.14581
1052.45 741.417 469.771 0.0 271.64584
1053.54 565.417 466.771 0.0 98.64584
1054.62 695.417 525.271 0.0 170.14587
1055.71 639.917 467.771 0.0 172.14584
1056.8 809.917 688.271 0.0 121.64587
1057.88 465.417 328.771 0.0 136.64581
1058.97 597.917 458.771 0.0 139.14584
1060.06 1018.917 834.771 0.0 184.14587
1061.14 502.917 367.771 0.0 135.14581
1062.23 1892.417 1608.271 0.0 284.14575
1063.31 715.917 547.271 0.0 168.64587
1064.4 422.417 279.271 0.0 143.14581
1065.48 607.917 526.771 0.0 81.14587
1066.57 498.917 362.771 0.0 136.14581
1067.65 668.917 543.771 0.0 125.14587
1068.74 501.417 357.271 0.0 144.14581
1069.82 681.917 544.271 0.0 137.64587
1070.9 2470.417 2151.771 0.0 318.646
1071.99 718.417 561.771 0.0 156.64587
1073.07 679.917 491.771 0.0 188.14584
1074.15 721.917 576.771 0.0 145.14587
1075.24 644.917 526.771 0.0 118.14587
1076.32 702.417 625.771 0.0 76.64587
1077.4 1134.417 963.771 0.0 170.64581
1078.49 340.917 218.271 0.0 122.64583
1079.57 740.417 655.271 0.0 85.14587
1080.65 1125.417 866.771 0.0 258.64581
1081.73 508.917 382.771 0.0 126.14581
1082.81 322.917 238.271 0.0 84.64583
1083.89 723.917 548.771 0.0 175.14587
1084.98 722.417 533.271 0.0 189.14587
1086.06 324.417 267.771 0.0 56.64581
1087.14 371.917 283.771 0.0 88.14581
1088.22 657.417 524.771 0.0 132.64587
1089.3 344.417 261.771 0.0 82.64581
1090.38 1279.917 1101.771 0.0 178.14575
1091.46 741.417 598.771 0.0 142.64587
1092.54 497.417 405.771 0.0 91.64581
1093.62 521.917 412.771 0.0 109.14584
1094.7 333.417 186.271 0.0 147.14583
1095.78 566.917 490.771 0.0 76.14584
1096.86 658.917 545.771 0.0 113.14587
1097.93 1382.417 1146.271 0.0 236.14575
1099.01 996.417 802.271 0.0 194.14587
1100.09 450.417 334.271 0.0 116.14581
