196.55 904.024 637.312 784.191 181.58594
197.76 1187.804 939.8 1026.126 287.29002
198.96 1107.439 856.3 897.256 613.18904
200.16 738.131 561.303 603.974 414.40266
201.36 1233.075 1037.285 1124.277 225.06704
202.56 878.988 695.791 767.988 253.74811
203.76 756.756 612.799 638.321 564.05579
204.96 859.025 695.308 690.155 0.0
206.16 680.957 490.81 550.358 319.31863
207.36 1034.775 819.305 936.887 183.25139
208.56 839.246 680.301 740.575 263.70563
209.76 572.323 497.306 459.691 0.0
210.96 704.794 620.302 687.879 125.03075
212.16 1630.543 1311.814 1359.72 665.31219
213.36 1008.121 733.805 804.727 386.7829
214.56 808.572 636.813 689.496 326.02592
215.76 1395.256 1209.3 1180.821 0.0
216.96 1188.083 972.798 1064.633 234.42609
218.16 888.699 694.796 735.734 473.64678
219.35 637.303 483.31 591.198 142.7335
220.55 838.169 634.81 762.068 159.80012
221.75 769.081 581.816 639.279 325.89194
222.95 1174.544 923.809 1021.684 256.17835
224.15 946.091 746.315 842.525 207.64564
225.35 775.284 541.313 654.706 206.33616
226.55 748.015 558.809 583.409 769.15265
227.75 1117.044 842.309 968.184 218.25983
228.94 943.323 687.306 800.691 225.79436
230.14 866.073 694.304 759.423 263.77726
231.34 697.612 537.802 644.445 149.85546
232.54 677.977 577.802 594.314 606.68466
233.74 698.872 576.298 618.423 290.97793
234.93 732.918 566.813 598.336 526.92154
236.13 816.237 621.303 751.829 149.34502
237.33 813.023 649.817 710.228 270.16115
238.53 751.534 583.311 663.438 209.94569
239.72 1145.17 873.301 990.995 230.99546
240.92 577.669 429.306 469.532 368.82384
242.12 1051.755 720.309 913.394 171.65805
243.31 688.544 461.804 607.648 155.46826
244.51 628.458 478.801 536.285 260.34523
245.71 1098.861 823.809 883.249 462.73586
246.9 1301.958 1016.801 1099.785 343.62883
248.1 854.833 627.8 737.401 207.14499
249.3 816.535 643.297 716.328 237.21048
250.49 767.564 612.296 682.604 220.84171
251.69 901.285 666.304 760.633 249.10689
252.89 792.324 627.792 699.582 229.1869
254.08 548.323 415.806 504.691 149.0879
255.28 792.391 603.799 709.452 178.50184
256.47 550.486 424.305 454.597 416.55489
257.67 1001.976 714.316 860.423 196.88235
258.86 1034.005 748.311 868.162 238.3737
260.06 746.17 557.796 657.959 188.06811
261.26 1222.583 951.802 1046.169 286.94438
262.45 827.054 598.303 684.894 264.17386
263.65 526.219 357.292 469.227 150.91548
264.84 960.506 692.302 772.089 336.14761
266.04 613.824 487.792 581.082 135.09785
267.23 462.113 360.292 408.872 209.59668
268.42 617.419 436.803 563.263 142.82444
269.62 805.227 609.305 688.582 247.13401
270.81 817.371 585.307 700.495 201.46446
272.01 766.266 634.302 679.104 294.55034
273.2 932.421 731.789 786.154 369.04652
274.4 542.401 429.797 445.698 708.1682
275.59 908.949 677.298 756.502 292.47258
276.78 837.4 552.307 662.271 259.25982
277.98 694.574 548.295 601.35 275.71072
279.17 766.429 539.306 677.546 164.29568
280.37 692.902 532.288 585.625 301.12968
281.56 523.997 412.299 493.807 137.03935
282.75 594.226 398.314 485.655 224.30612
283.95 694.872 536.293 629.386 170.34487
285.14 711.161 530.293 631.176 179.28491
286.33 661.939 436.295 477.22 551.36773
287.52 783.498 583.29 663.734 248.87822
288.72 911.46 681.787 795.676 201.66414
289.91 1112.266 885.298 930.068 506.9683
291.1 896.718 571.302 755.3 176.85843
292.29 841.756 610.304 718.858 213.21432
293.49 815.786 601.794 710.56 196.74521
294.68 581.112 465.297 531.408 175.18303
295.87 693.89 525.304 520.488 0.0
297.06 866.055 643.798 687.857 504.44748
298.26 382.584 299.293 380.596 102.44468
299.45 683.044 543.304 569.648 530.45996
300.64 750.669 483.31 594.568 240.30496
301.83 804.612 587.802 644.445 382.76735
303.02 651.928 450.311 571.583 166.25232
304.21 969.197 658.314 740.38 378.82238
305.4 780.274 540.81 616.423 316.69694
306.59 763.486 567.805 712.097 135.61504
307.79 697.871 526.802 592.459 260.55076
308.98 535.573 417.804 488.923 165.59457
310.17 957.502 614.752 693.442 435.56956
311.36 706.538 525.778 607.183 222.05092
312.55 1180.739 886.78 972.146 344.34901
313.74 537.689 364.797 404.988 430.18206
314.93 894.746 618.301 747.575 213.84486
316.12 716.448 490.803 581.039 250.06143
317.31 374.747 306.797 364.539 117.67946
318.5 510.689 348.297 455.488 151.49843
319.69 745.487 462.296 579.524 241.57317
320.88 722.188 493.807 528.561 657.13798
322.07 548.334 425.795 517.865 133.09375
323.26 590.197 402.81 477.343 251.41333
324.45 449.997 303.799 393.307 163.3352
325.64 673.468 482.795 587.495 182.11383
326.83 821.218 558.302 706.8 177.05017
328.01 609.362 486.299 559.676 167.71296
329.2 818.871 615.802 702.459 234.33736
330.39 626.055 433.798 510.857 249.49124
331.58 480.208 341.799 401.517 231.77136
332.77 1008.525 762.303 842.619 306.56872
333.96 399.853 246.296 378.894 115.80666
335.15 503.016 361.8 408.836 300.23143
336.33 512.208 355.799 449.017 167.78871
337.52 636.497 455.799 509.307 337.70342
338.71 571.939 413.8 506.256 171.04211
339.9 488.488 422.787 476.951 121.30059
341.08 560.449 430.293 514.466 154.62998
342.27 771.698 568.8 617.271 418.60414
343.46 904.082 666.807 721.206 436.17819
344.65 826.582 581.807 712.206 187.71305
345.83 849.236 631.308 714.865 260.81259
347.02 442.525 301.808 430.155 109.63761
348.21 902.419 643.303 730.263 297.97088
349.4 473.275 298.301 410.85 155.46453
350.58 575.104 454.789 526.589 167.56959
351.77 557.372 387.798 409.923 766.44082
352.96 356.814 236.303 321.908 140.77458
354.14 608.179 412.299 475.242 311.20575
355.33 425.544 369.804 383.648 402.65115
356.51 413.517 265.291 286.263 706.77899
357.7 565.912 427.282 483.335 247.31899
358.89 471.815 339.294 424.335 155.8305
360.07 799.805 589.291 649.053 352.25607
361.26 801.74 618.77 740.074 150.83691
362.44 512.943 448.263 481.965 191.91947
363.63 438.136 364.256 356.109 0.0
364.81 526.339 396.749 447.0 257.88357
366.0 377.406 201.751 269.834 258.00241
367.18 1252.693 894.26 948.696 658.4476
368.37 489.942 297.772 403.537 181.69457
369.55 735.49 478.777 561.878 308.91618
370.74 804.778 556.277 634.668 317.00282
371.92 952.971 718.271 819.813 231.13702
373.11 420.087 353.765 402.878 135.04072
374.29 416.29 313.257 311.769 0.0
375.48 556.721 436.769 444.045 1648.72484
376.66 430.047 291.776 353.929 222.4705
377.84 863.942 592.272 650.037 470.29789
379.03 450.913 300.777 369.798 217.52007
380.21 309.914 226.268 300.726 112.33995
381.39 257.567 164.768 184.885 461.3039
382.58 719.518 491.777 615.154 184.59041
383.76 1024.431 678.783 765.864 396.92718
384.94 992.028 730.28 876.936 178.47691
386.13 477.664 290.765 383.457 201.63397
387.31 595.259 379.272 448.103 313.79429
388.49 437.308 332.768 367.371 302.11471
389.68 588.875 448.774 514.74 212.38233
390.86 580.951 386.775 484.32 199.0629
392.04 823.258 571.281 691.175 210.16584
393.22 441.951 310.775 374.82 204.81832
394.41 471.885 325.768 378.45 277.35524
395.59 263.557 165.775 217.175 190.23637
396.77 570.787 334.78 425.451 260.29109
397.95 575.172 322.278 429.813 235.17327
399.13 671.605 503.78 598.016 178.08987
400.31 404.097 349.763 345.624 0.0
401.5 611.817 357.271 495.653 183.94402
402.68 628.068 430.768 508.385 254.19686
403.86 450.586 304.774 365.951 238.34694
405.04 745.566 504.782 597.494 259.71111
406.22 383.952 236.27 285.784 298.26535
407.4 738.056 454.289 548.285 301.89295
408.58 739.423 535.771 600.008 317.02896
409.76 778.798 581.269 657.124 260.40376
410.94 623.951 418.275 461.82 472.32757
412.12 543.44 297.786 414.147 211.11449
413.3 462.643 282.278 364.038 220.60432
414.48 368.614 235.278 260.262 533.68865
415.66 504.643 256.783 394.574 179.88066
416.84 954.432 711.278 848.828 176.77555
418.02 595.096 370.273 478.197 208.31577
419.2 417.855 270.778 358.748 167.19006
420.38 575.846 361.775 441.465 268.62876
421.56 502.595 344.282 371.77 575.93828
422.74 830.635 626.77 749.719 165.81322
423.92 719.605 478.276 633.48 155.49182
425.1 554.114 356.778 388.262 626.78442
426.28 504.084 299.788 362.06 328.07269
427.46 1237.69 769.788 908.915 336.31345
428.63 613.604 345.785 414.052 392.30789
429.81 647.536 367.787 484.255 240.19377
430.99 711.931 430.283 586.364 180.45002
432.17 947.527 655.284 761.473 275.21192
433.35 788.979 457.284 597.668 236.27617
434.52 360.863 119.79 241.603 197.90366
435.7 492.469 249.785 357.922 224.42339
436.88 776.326 480.778 599.972 247.9548
438.06 632.027 370.789 475.009 250.6596
439.23 491.509 262.779 353.407 252.38152
440.41 691.171 404.792 486.922 348.68666
441.59 747.769 501.775 600.385 249.45975
442.77 521.584 214.793 307.096 332.37237
443.94 803.739 516.78 621.646 273.64209
445.12 792.45 466.784 540.393 442.42783
446.3 1006.903 645.279 758.552 319.24868
447.47 847.835 431.781 532.255 414.09148
448.65 801.557 508.779 564.712 523.44997
449.82 594.057 318.279 412.712 292.03708
451.0 743.047 320.281 440.465 351.76464
452.18 636.768 267.784 434.458 221.38004
453.35 655.133 329.28 421.291 354.14411
454.53 697.998 345.785 440.197 373.05818
455.7 617.306 218.782 321.98 386.1742
456.88 1055.883 569.287 719.596 323.72984
458.05 798.566 385.282 524.494 296.87336
459.23 595.431 219.283 361.864 263.81358
460.4 773.633 328.28 499.791 259.66389
461.58 814.988 458.287 518.451 592.8777
462.75 663.95 185.284 308.393 388.81531
463.93 875.076 405.781 458.741 886.13025
465.1 775.99 307.777 439.878 354.4353
466.28 603.411 146.791 309.908 279.93433
467.45 545.633 95.78 275.291 250.59868
468.63 868.489 296.782 488.415 298.33486
469.8 1154.825 480.783 687.509 326.05605
470.97 814.172 235.782 378.849 404.27812
472.15 1043.19 382.293 580.951 332.67983
473.32 1053.911 471.791 582.408 526.24883
474.49 1187.479 534.788 692.205 414.62651
475.67 991.757 291.79 510.248 320.41248
476.84 797.546 204.29 345.038 421.50233
478.01 953.027 407.784 570.473 335.14574
479.19 899.603 344.794 505.625 344.96351
480.36 783.844 228.289 424.574 283.03421
481.53 922.046 339.786 545.002 283.73052
482.7 804.065 276.792 524.567 212.80269
483.88 781.228 217.295 441.009 252.07731
485.05 851.383 266.287 466.596 292.09622
486.22 985.314 328.799 542.372 307.39581
487.39 707.602 226.803 433.698 232.38795
488.56 764.681 361.785 588.632 177.60683
489.74 984.449 484.293 816.966 150.34483
490.91 588.43 172.292 452.937 148.27931
492.08 680.181 286.285 523.632 165.95776
493.25 713.026 194.794 475.046 184.91666
494.42 840.622 309.795 584.654 193.12691
495.59 884.151 288.795 546.43 231.08526
496.76 933.777 292.782 573.705 228.17525
497.93 1240.113 386.288 662.335 309.30396
499.1 1303.863 417.795 698.64 315.5005
500.27 1673.699 613.796 971.734 296.11333
501.44 1837.421 701.289 996.154 385.30587
502.61 1418.853 297.292 609.357 359.39962
503.78 1634.074 379.799 677.386 421.48126
504.95 2026.219 737.788 1086.19 369.81109
506.12 1782.151 404.8 733.466 419.07241
507.29 1583.872 242.793 573.386 405.65858
508.46 1460.507 62.793 392.017 424.54815
509.63 2293.007 694.793 1085.017 409.5633
510.8 2361.094 716.291 1104.843 423.31654
511.97 1887.892 370.79 732.879 418.98589
513.14 1792.112 192.302 598.445 393.90339
514.31 2177.074 498.295 899.85 418.06922
515.48 2020.641 323.301 734.22 413.05982
516.65 1988.834 231.291 685.328 387.09219
517.81 2077.276 242.296 682.814 416.55073
518.98 2268.661 426.289 885.14 401.51876
520.15 2004.044 166.304 577.648 446.76563
521.32 2425.305 395.291 841.553 454.89319
522.49 2970.852 830.801 1388.43 383.77694
523.65 2904.689 640.297 1176.988 421.91776
524.82 2495.257 363.79 948.748 364.37943
525.99 2191.429 77.801 598.51 405.91399
527.16 2760.448 393.807 992.575 395.25178
528.32 2787.978 402.293 985.241 409.24481
529.49 2678.882 302.791 831.132 449.72667
530.66 2543.957 97.31 677.358 421.80101
531.82 2589.748 173.287 719.966 442.02604
532.99 2890.228 235.795 836.509 441.87947
534.16 2916.257 255.795 930.785 394.1484
535.32 3278.42 524.799 1185.727 416.62922
536.49 3082.708 160.299 823.517 440.64078
537.65 3734.18 586.79 1290.169 447.46741
538.82 3244.458 139.296 911.749 401.98757
539.99 3577.314 390.794 1115.835 439.49492
541.15 3819.758 434.286 1229.212 425.88502
542.32 3554.093 96.801 950.915 404.78067
543.48 4106.304 475.805 1331.662 424.19449
544.65 4387.39 600.808 1536.025 404.88832
545.81 5064.699 823.796 1832.234 420.54166
546.98 4363.785 293.804 1336.133 390.46977
548.14 4639.199 476.296 1582.234 376.4137
549.31 4372.266 234.798 1313.068 383.71368
550.47 4715.65 225.3 1430.966 372.4372
551.63 5046.776 607.796 1798.314 372.8613
552.8 4556.94 271.29 1443.183 365.70326
553.96 4515.401 250.297 1466.698 350.63311
555.13 4619.939 241.8 1555.756 333.20283
556.29 5106.419 594.303 1940.263 335.234
557.45 4264.142 153.787 1521.611 300.50336
558.62 4039.91 299.8 1860.481 239.64609
559.78 4349.785 428.304 1960.633 255.91633
560.94 4484.487 228.301 1847.56 262.84764
562.11 4897.813 219.303 1826.908 291.02361
563.27 4922.698 51.8 1725.271 291.06572
564.43 4855.525 18.298 1747.082 279.80523
565.59 4718.803 148.31 1876.698 264.43665
566.76 4332.257 198.29 2027.248 226.02852
567.92 4131.986 314.31 2298.633 192.39182
569.08 3841.689 419.802 2446.524 168.83848
570.24 3521.738 217.289 2235.219 163.75439
571.4 3830.978 121.798 2220.278 176.75556
572.57 4661.697 226.81 2365.344 207.37982
573.73 5237.218 37.302 2190.3 241.5198
574.89 6026.034 213.806 2492.401 255.07944
576.05 6174.219 286.292 2661.227 247.91953
577.21 6181.526 117.294 2489.546 255.6319
578.37 6631.333 23.3 2464.901 270.64345
579.53 7877.621 130.805 2657.227 306.63185
580.69 8836.4 338.802 2923.734 328.73581
581.85 8994.891 275.799 2796.952 345.83751
583.01 9026.555 225.298 2964.857 321.26541
584.17 9486.535 250.797 3099.828 324.17114
585.33 10190.429 346.802 3171.01 348.54467
586.49 10951.045 167.295 3068.575 371.68943
587.65 11381.122 298.295 3348.154 363.38818
588.81 11263.323 315.302 3349.655 360.80248
589.97 11688.468 521.799 3577.031 365.49329
591.13 11694.844 219.789 3411.574 359.51835
592.29 12553.236 243.303 3407.329 389.05921
593.45 12505.102 104.803 3434.698 372.39309
594.61 12454.392 108.29 3294.379 387.50022
595.77 12469.121 92.8 3441.191 369.61996
596.93 12707.729 66.291 3410.473 378.01283
598.09 13554.362 217.795 3689.14 384.19019
599.24 13618.448 114.803 3618.039 385.46205
600.4 13485.045 160.795 3699.575 376.52104
601.56 13582.237 113.298 3677.292 377.917
602.72 14113.467 231.804 3953.568 372.98612
603.87 14750.033 270.315 3971.474 391.2212
605.03 14705.467 101.304 3872.568 387.2485
606.19 14644.035 37.301 3954.365 372.90012
607.35 14457.236 14.303 3889.329 372.71839
608.5 15221.228 340.3 4245.546 381.04969
609.66 15971.409 510.805 4468.517 390.64499
610.82 15446.487 113.796 4064.524 388.09788
611.97 15392.419 82.803 4115.764 379.61234
613.13 15653.342 342.307 4445.72 373.12928
614.29 15705.17 237.301 4377.995 373.55738
615.44 16449.295 341.302 4630.879 375.51468
616.6 16426.727 63.305 4329.583 383.55265
617.76 16551.457 329.801 4634.285 376.85482
618.91 16361.044 361.809 4662.684 371.99953
620.07 16634.977 341.302 4653.314 377.86712
621.22 16759.447 0.303 4391.039 381.6933
622.38 17883.92 580.303 5017.764 389.94413
623.53 17202.979 33.298 4593.778 376.48844
624.69 17091.332 66.805 4666.938 370.08773
625.84 16866.189 73.302 4848.524 351.66713
627.0 17617.037 252.287 5003.255 365.4992
628.15 17825.391 21.804 4789.488 373.42208
629.31 18228.689 215.293 5094.451 369.19065
630.46 17963.91 -33.2 4837.48 369.4989
631.61 18098.438 221.304 5155.292 362.32624
632.77 18011.766 198.793 5068.031 365.82669
633.92 18896.555 282.798 5326.357 369.05993
635.08 19758.152 503.29 5601.893 377.64978
636.23 19381.486 159.301 5251.561 377.47849
637.38 19168.275 -23.699 5196.35 367.65888
638.54 19480.15 324.295 5716.93 355.22257
639.69 20065.516 502.309 5919.909 361.10471
640.84 20361.557 225.299 5724.777 366.14848
641.99 20378.301 43.799 5535.551 370.27349
643.15 21180.545 457.299 6031.325 371.78238
644.3 20205.789 57.299 5648.098 360.38659
645.45 20116.035 -54.201 5666.372 352.59119
646.6 21160.779 498.299 6356.146 352.7317
647.75 21402.523 122.3 6053.919 358.75906
648.91 21783.268 -43.2 5896.693 367.45557
650.06 21857.512 95.3 6104.967 362.1201
651.21 21684.256 258.8 6486.74 344.02154
652.36 22130.002 291.8 6522.514 350.49277
653.51 22569.746 97.8 6303.788 362.10104
654.66 23277.99 106.801 6517.062 361.4703
655.81 24082.734 338.301 6872.835 363.36839
656.96 23742.479 29.301 6660.109 357.62124
658.11 24031.223 201.301 7031.883 348.87104
659.27 23927.969 224.801 7047.656 347.40834
660.42 24289.213 23.801 7002.93 347.6854
661.57 25324.957 203.302 7231.204 357.45597
662.72 25620.201 -70.698 7041.478 361.22419
663.87 26064.945 -42.198 7165.751 362.19933
665.01 26575.189 153.802 7552.525 357.10741
666.16 26475.934 3.802 7302.798 362.68181
667.31 27101.18 69.302 7748.572 352.01104
668.46 27855.924 364.803 8218.846 350.02509
669.61 27575.168 85.803 8133.12 341.59666
670.76 27616.412 -15.197 8192.894 336.6387
671.91 28033.656 383.803 8852.167 326.50762
673.06 27871.9 292.803 8704.44 327.86836
674.21 28376.146 -86.197 8625.214 326.72486
675.35 28969.391 143.804 8696.988 337.01584
676.5 29509.135 107.304 8960.262 332.11308
677.65 28390.879 5.804 8980.535 316.27772
678.8 27775.123 -81.696 9047.809 305.12958
679.94 28120.367 20.804 9334.583 301.69885
681.09 29226.113 183.304 9974.856 296.61088
682.24 30516.857 202.305 10238.13 302.06338
683.39 31125.102 5.305 10168.904 306.18874
684.53 31687.846 205.305 10680.178 300.55297
685.68 31432.09 103.305 10857.451 291.3182
686.83 30143.834 149.805 11004.225 276.33011
687.97 29817.08 114.306 11071.999 271.06776
689.12 30556.324 72.806 11315.272 271.14617
690.27 32928.566 14.306 11274.046 292.31812
691.41 35355.813 252.306 11700.319 306.63405
692.56 36899.059 174.306 11797.094 315.97198
693.7 37529.301 173.806 11924.867 317.8904
694.85 36702.547 -17.193 11851.141 309.39254
695.99 36680.289 194.307 12337.414 300.4666
697.14 37608.535 89.807 12533.688 301.50342
698.28 39339.277 205.807 12608.962 315.51223
699.43 40710.023 115.807 12545.235 326.59762
700.57 42047.77 -75.193 12643.009 331.20219
701.72 42146.012 -61.692 12816.283 327.75108
702.86 42054.258 -99.192 12984.057 322.19405
704.01 42208.0 -16.692 13435.83 313.87937
705.15 43593.246 196.308 13878.604 317.17586
706.29 44056.992 30.308 13804.878 319.62293
707.44 46105.234 66.808 14121.151 327.57437
708.58 46429.98 -71.691 14087.425 328.42214
709.72 46965.723 315.809 14831.699 321.37135
710.87 45428.969 -109.191 14264.973 316.80563
712.01 46037.211 -56.691 14516.246 316.29796
713.15 46908.457 79.809 15163.02 310.46871
714.3 48307.203 208.309 15113.294 322.70341
715.44 49975.445 18.31 15359.567 325.63911
716.58 50640.191 111.81 15553.341 327.22391
717.72 50726.934 5.31 15678.114 323.62826
718.87 49766.68 68.31 15879.389 314.32624
720.01 49628.422 57.31 16093.662 309.11714
721.15 49091.668 -70.19 15793.436 309.90305
722.29 51085.414 172.811 16468.209 312.43546
723.43 52485.656 225.811 16748.482 316.29174
724.57 52927.402 187.311 16671.756 319.93853
725.72 53244.645 95.811 16993.531 314.53257
726.86 52944.891 355.311 17002.805 315.90089
728.0 52806.137 33.811 17141.578 308.46998
729.14 52784.879 -38.688 17211.852 306.21399
730.28 53579.625 244.812 17751.625 304.65175
731.42 54587.867 -48.688 17619.398 309.23867
732.56 56292.113 351.312 18129.172 314.66556
733.7 56937.355 203.812 18323.945 313.09673
734.84 55709.102 -91.688 18077.221 307.12241
735.98 56396.848 62.813 18537.494 304.92561
737.12 55532.09 -52.187 18588.768 298.18364
738.26 55425.336 22.813 18737.541 296.03702
739.4 57656.578 113.313 19299.814 299.91536
740.53 58228.324 146.813 19140.088 305.80041
741.67 59423.57 118.813 19408.361 307.44503
742.81 59237.313 -95.186 19243.137 306.81305
743.95 58975.559 158.814 19426.41 305.26249
745.09 58263.301 -2.686 19422.184 299.95561
746.23 58014.547 163.314 19837.457 294.04703
747.36 58652.289 212.314 20136.23 293.3157
748.5 59144.535 -6.686 19742.504 299.51214
749.64 60484.781 5.315 20219.277 299.19649
750.78 61031.023 -16.185 20203.551 301.91892
751.92 60749.77 17.315 20237.826 300.35074
753.05 60664.012 49.315 20320.6 299.01754
754.19 59594.258 323.315 20479.373 294.06019
755.33 58593.5 -118.685 20275.146 287.89189
756.46 59508.246 125.316 20781.42 287.48369
757.6 59913.492 8.816 20320.193 294.93163
758.74 61381.734 285.816 20974.467 295.31127
759.87 61392.98 83.816 20582.24 299.09209
761.01 61880.223 68.316 20903.016 296.6777
762.14 60996.969 68.817 20837.789 293.36142
763.28 59683.215 231.317 20895.563 287.70418
764.41 59324.457 96.317 20980.836 283.5983
765.55 59187.703 -118.183 20814.109 283.32246
766.69 59657.445 118.817 20793.883 287.9731
767.82 60508.691 118.317 20800.656 291.99006
768.95 61006.934 -1.182 20581.932 296.39886
770.09 61634.18 444.318 20882.705 299.38694
771.22 62013.426 352.318 21385.479 293.1614
772.36 60097.668 220.318 20991.252 288.27471
773.49 59315.914 302.818 21116.025 283.53677
774.63 58453.656 56.818 20900.799 280.16164
775.76 58760.902 36.319 21013.572 279.9441
776.89 58866.145 210.819 20756.846 285.48257
778.03 60073.891 138.819 20719.121 291.22542
779.16 61077.637 -42.681 20723.895 294.32064
780.29 60188.879 129.819 20908.668 289.0394
781.43 59171.125 297.819 20588.441 290.15032
782.56 58287.867 137.32 20687.715 282.96559
783.69 56482.613 -0.68 20196.488 279.65947
784.82 56537.859 60.32 20393.262 277.76374
785.96 57667.602 78.32 20505.535 281.92429
787.09 57733.848 99.82 20453.311 283.16533
788.22 58480.59 112.32 20499.584 286.29771
789.35 59129.336 -24.179 20483.357 288.44769
790.48 58056.578 49.821 20368.131 285.49007
791.62 57366.824 237.321 20444.404 282.72018
792.75 55920.57 -33.179 19987.178 279.48428
793.88 55211.313 345.821 20153.451 276.9917
795.01 55534.559 120.321 20121.727 277.05172
796.14 55772.301 221.822 20278.0 276.9744
797.27 55873.047 229.322 19759.773 284.90752
798.4 56815.793 100.322 20093.047 283.68054
799.53 56062.035 -69.678 19343.32 289.145
800.66 55463.781 107.822 19516.594 285.21104
801.79 56147.523 716.822 20288.367 283.22088
802.92 54786.27 70.823 19606.141 280.08475
804.05 53062.512 174.823 19523.416 273.34126
805.18 52979.258 125.823 19437.189 273.69081
806.31 52819.504 67.823 19198.963 275.73726
807.44 53571.246 -58.177 19203.736 278.4221
808.57 55511.492 159.323 19985.01 279.19421
809.69 55876.234 180.324 19799.283 283.8882
810.82 55931.98 -126.176 19596.557 284.23118
811.95 54833.223 498.324 19998.83 278.63327
813.08 52763.469 34.824 19121.605 276.25739
814.21 52734.215 518.324 19863.379 269.91855
815.33 51443.957 118.824 19114.652 270.19161
816.46 50755.203 161.825 18712.926 272.7244
817.59 51774.945 417.825 18868.199 278.35273
818.72 51505.191 234.825 18819.973 275.86741
819.84 52010.938 436.825 18696.246 282.45207
820.97 51526.68 259.825 18356.02 283.30186
822.1 51571.426 310.325 18748.795 278.01169
823.22 49363.668 -29.174 18138.068 271.87858
824.35 48263.914 26.326 18345.342 263.31976
825.48 47148.656 251.326 18140.115 262.16045
826.6 46779.402 136.326 17963.889 261.63462
827.73 46454.648 -83.674 17596.662 263.2208
828.85 47337.891 89.826 17820.936 266.46987
829.98 48122.637 303.827 18008.211 270.09587
831.11 48299.879 -22.173 17508.484 275.64312
832.23 48970.125 17.827 17873.258 274.15915
833.36 48210.367 261.327 17914.031 271.62433
834.48 46603.613 130.327 17510.805 267.38786
835.6 45213.359 192.827 17511.578 259.95254
836.73 43269.102 -37.172 17082.852 252.95685
837.85 42986.348 218.328 17306.625 250.27666
838.98 42709.09 -94.672 16900.4 251.85984
840.1 44185.336 194.328 17479.674 254.49886
841.23 44891.082 119.828 17148.447 262.9177
842.35 46964.824 350.329 17855.221 266.2941
843.47 47258.07 100.829 17375.994 272.97708
844.6 46858.313 -38.171 17120.268 273.3144
845.72 47173.059 4.829 16961.041 278.17669
846.84 46852.301 22.329 17055.314 274.93696
847.96 46426.547 16.829 17166.59 270.61438
849.09 45831.793 -3.67 17074.363 268.38841
850.21 45533.535 68.83 17183.637 265.64545
851.33 45412.781 196.33 16716.41 273.706
852.45 45842.523 -56.17 16874.184 271.10298
853.57 46500.77 122.33 17019.957 274.46718
854.7 46222.516 -3.67 16521.73 279.72809
855.82 46336.258 18.331 16829.506 275.51867
856.94 46499.004 186.831 17127.279 273.38221
858.06 46057.246 -122.669 16716.053 274.24834
859.18 45321.992 170.331 16926.826 269.45767
860.3 45383.234 87.831 17049.1 267.05198
861.42 45279.48 -103.669 16831.873 267.97578
862.54 44987.227 -96.168 16676.146 268.7965
863.66 45367.969 -43.668 16690.42 271.37204
864.78 46300.215 71.332 17034.695 272.52192
865.9 45552.457 109.332 16724.969 273.49614
867.02 46153.203 676.832 17307.242 273.4531
868.14 45788.945 444.332 17198.016 270.65459
869.26 44687.191 226.833 16961.789 265.67358
870.38 43377.938 -115.667 16441.063 262.69442
871.5 43119.68 -77.667 16530.836 260.09175
872.62 43044.426 -52.167 16666.109 257.78132
873.74 42784.668 306.333 16925.385 255.60023
874.85 42610.543 -52.667 16573.521 256.60247
875.97 43483.543 119.333 16590.021 263.2811
877.09 43832.043 122.333 16584.021 265.52386
878.21 43466.543 63.333 16111.521 270.45553
879.33 43855.043 123.833 16197.521 272.06707
880.44 43137.043 66.333 16025.521 269.88035
881.56 42461.543 40.333 16105.521 264.05674
882.68 42027.043 92.833 16215.521 260.09442
883.79 41518.043 424.833 16592.521 254.16874
884.91 40333.543 -134.167 15862.021 252.98347
886.03 40936.543 169.833 16124.021 255.52358
887.14 41537.543 290.333 16637.521 252.31991
888.26 42190.043 330.333 16600.521 257.27858
889.38 42974.043 273.833 16755.021 259.08453
890.49 43547.543 -86.667 16621.021 261.16246
891.61 45385.543 97.333 17207.021 264.69337
892.72 45365.043 -71.167 17100.521 264.59955
893.84 45431.043 -71.667 17289.021 262.10199
894.95 45250.043 -80.667 17700.021 254.94351
896.07 45310.043 20.833 17935.021 252.81196
897.18 44668.543 147.833 18021.521 249.08519
898.3 44413.043 -53.167 17895.521 247.74072
899.41 45204.543 274.833 18195.021 250.72119
900.53 45321.543 120.333 18364.521 247.75676
901.64 45897.543 219.833 18278.521 252.94035
902.75 46237.543 53.833 18022.021 257.03042
903.87 46565.043 -10.667 17833.521 261.01333
904.98 46689.543 149.833 17740.521 264.57015
906.09 45854.543 22.833 17442.021 263.11048
907.21 45317.543 145.833 17727.021 256.93206
908.32 44240.543 28.333 17427.021 254.11232
909.43 43447.543 272.333 17324.521 253.19454
910.54 41761.043 127.833 17101.521 245.28087
911.66 41825.043 540.333 17398.021 244.90137
912.77 41205.043 -1.667 16875.521 244.15625
913.88 41672.043 150.833 16798.021 249.41876
914.99 41251.543 -48.167 16249.521 253.40841
916.1 41881.043 135.833 16502.521 255.06205
917.22 42027.543 -30.167 16246.521 258.39232
918.33 42708.043 289.833 16533.021 261.14461
919.44 41973.043 76.833 16088.021 261.66835
920.55 41512.543 358.833 16400.521 256.54226
921.66 40568.043 200.333 15967.521 256.02353
922.77 39488.543 207.333 15947.521 249.55999
923.88 38780.043 300.833 16007.021 244.99396
924.99 38092.543 142.333 15734.021 243.40028
926.1 37076.043 -86.167 15213.021 242.90316
927.21 37082.543 317.833 15502.021 242.12498
928.32 37073.043 -121.167 14935.021 247.03605
929.43 37003.543 60.833 14756.021 251.39326
930.54 36872.543 23.833 14597.021 252.85279
931.65 36955.043 82.333 14405.521 257.43369
932.76 36440.543 184.333 14277.521 257.26054
933.86 35870.543 93.333 13962.521 257.96183
934.97 34695.043 22.833 13555.521 256.21083
936.08 32190.041 4.833 12906.021 249.47478
937.19 29993.041 312.833 12296.021 247.68208
938.3 27525.541 227.833 11325.521 245.97655
939.4 25205.041 293.333 10516.521 243.67849
940.51 23103.541 69.333 9564.021 242.60102
941.62 21961.041 193.833 9042.521 245.99364
942.73 21960.041 508.833 9195.521 246.94348
943.83 21561.541 125.833 8592.521 253.17704
944.94 20986.541 151.833 8445.021 251.22679
946.05 21340.541 -150.667 8261.521 255.47705
947.15 21492.041 -68.667 8341.521 256.36418
948.26 22115.041 64.833 8432.521 263.51616
949.36 22003.041 -1.167 8590.521 256.11044
950.47 22901.041 121.333 9100.521 253.69454
951.57 23837.041 369.833 10024.021 243.07803
952.68 23992.041 229.333 10070.021 241.47407
953.79 23518.041 217.833 10104.021 235.68447
954.89 23795.541 8.833 9996.021 238.17224
955.99 25017.541 167.333 10524.521 239.93201
957.1 25464.541 40.333 10531.521 242.33871
958.2 26055.541 76.333 10740.521 243.6117
959.31 26632.541 203.333 10763.021 250.284
960.41 26992.041 28.333 10701.521 252.63033
961.52 27660.041 -30.667 10987.521 251.31818
962.62 27618.041 175.833 11196.021 249.01762
963.72 26878.541 -80.667 10638.521 251.50422
964.83 26991.041 -124.667 10787.021 248.50151
965.93 26980.041 112.833 11027.021 246.16774
967.03 26323.541 271.333 11214.021 238.0787
968.13 25947.541 208.333 10987.521 238.78617
969.24 26043.041 8.833 11066.521 235.4399
970.34 25912.041 31.333 11033.021 235.24308
971.44 26442.041 52.333 11193.021 236.87684
972.54 26463.041 141.833 10972.521 243.02436
973.64 26539.041 5.333 10840.021 244.89593
974.75 27546.541 435.833 11194.021 252.00071
975.85 28777.541 1647.833 12404.521 252.21248
976.95 26321.541 7.333 10512.521 250.48776
978.05 26966.541 203.333 10883.521 250.58744
979.15 26734.041 433.833 10871.021 251.98559
980.25 25838.041 2.833 10386.521 248.80572
981.35 25364.041 60.333 10520.521 241.90492
982.45 25201.541 410.333 10796.521 238.69402
983.55 24544.541 186.833 10480.521 236.62763
984.65 24120.041 138.833 10459.021 232.37183
985.75 23571.041 309.833 10232.021 234.43629
986.85 23598.041 180.333 10122.021 235.55064
987.95 23549.041 14.833 9940.021 237.11601
989.05 23894.541 361.833 10201.521 239.16114
990.15 23765.541 271.833 9856.021 245.12989
991.25 23242.541 124.833 9537.521 245.60157
992.34 23085.041 347.833 9617.521 245.2856
993.44 22326.541 140.833 9195.521 245.01904
994.54 22425.041 111.833 9134.021 247.31484
995.64 22538.041 309.833 9324.521 246.57769
996.74 21795.541 351.833 9276.021 240.28752
997.83 20611.541 -49.167 8508.021 241.44275
998.93 20127.041 76.333 8520.021 237.46389
1000.03 20283.041 590.833 8878.021 237.62233
1001.12 19714.041 353.833 8577.521 235.42004
1002.22 18941.541 315.333 8394.521 230.54556
1003.32 18680.041 64.833 8046.521 233.22396
1004.41 18479.041 125.333 7921.021 235.43411
1005.51 18147.041 120.833 7732.021 236.8383
1006.6 17500.041 6.333 7254.521 241.35285
1007.7 17604.041 306.833 7382.021 244.47702
1008.8 16955.541 -47.667 6818.521 247.6368
1009.89 17337.041 235.333 7115.521 248.56455
1010.99 17176.041 114.333 7114.521 243.73215
1012.08 17027.541 -29.167 7068.021 240.33052
1013.18 17544.041 126.833 7416.521 238.92941
1014.27 18488.041 47.333 7789.021 238.2001
1015.36 18817.041 64.833 8086.521 233.76886
1016.46 18270.041 124.833 7881.021 233.94493
1017.55 17646.541 -38.167 7664.521 229.59139
1018.65 17211.041 151.833 7666.521 227.01153
1019.74 17120.541 258.833 7573.021 230.53425
1020.83 16944.541 177.833 7421.521 231.46646
1021.93 16504.041 91.833 7099.021 234.21961
1023.02 15746.542 -45.667 6536.521 239.9234
1024.11 15373.042 -60.167 6335.021 241.32534
1025.2 15519.042 -58.167 6400.521 241.18226
1026.3 15321.042 189.833 6370.521 244.81432
1027.39 14824.542 250.833 6160.521 246.60709
1028.48 13972.542 163.333 5957.521 238.32864
1029.57 13421.042 104.333 5787.521 234.3176
1030.66 13023.542 198.333 5543.021 239.9618
1031.75 13076.542 757.333 5936.021 237.88283
1032.84 12081.042 241.333 5443.521 227.59096
1033.94 11249.542 -37.167 4984.021 224.78165
1035.03 11530.542 296.333 5224.521 227.95822
1036.12 10979.542 -58.667 4769.521 228.62012
1037.21 10646.542 -21.667 4711.021 225.41544
1038.3 10512.542 213.833 4707.521 229.18167
1039.39 10180.042 16.833 4329.521 235.65835
1040.48 10460.542 156.833 4486.521 237.9781
1041.57 10105.042 235.333 4397.521 237.12791
1042.66 9765.542 153.833 4105.021 243.26125
1043.74 9737.042 184.833 4107.021 243.54288
1044.83 9291.542 192.833 3955.021 241.84624
1045.92 8752.542 -67.167 3648.521 237.36412
1047.01 8617.542 249.333 3927.521 227.50903
1048.1 7844.042 -79.167 3349.521 231.08575
1049.19 7875.542 144.833 3456.521 233.43713
1050.27 7342.042 105.333 3279.021 228.02208
1051.36 7030.042 41.833 3118.521 227.13416
1052.45 7066.042 197.333 3250.021 225.00529
1053.54 6934.542 131.333 3119.021 227.70816
1054.62 6780.542 203.333 3148.521 223.32053
1055.71 6461.542 181.833 2935.521 228.04724
1056.8 6481.542 261.833 3059.021 222.35579
1057.88 6219.542 105.333 2808.021 226.22698
1058.97 6169.542 165.833 2806.521 227.35399
1060.06 6270.042 360.833 2897.021 232.99572
1061.14 5914.542 99.333 2514.021 240.82654
1062.23 6475.542 781.333 3166.021 238.78216
1063.31 5603.042 185.333 2433.021 241.03477
1064.4 5197.542 66.333 2209.521 239.41948
1065.48 5043.042 148.333 2342.021 223.12697
1066.57 4794.042 79.833 2179.521 224.51952
1067.65 4705.042 210.833 2247.521 220.66264
1068.74 4431.042 58.333 2048.521 219.71339
1069.82 4294.542 209.833 2082.521 218.12013
1070.9 5333.042 1117.333 2964.521 228.22309
1071.99 4102.042 198.833 1952.521 222.57147
1073.07 4038.542 154.833 1851.021 228.96692
1074.15 4092.042 187.833 1929.521 224.16239
1075.24 3983.542 193.833 1857.021 227.85815
1076.32 3973.042 239.333 1887.521 226.5342
1077.4 4200.042 478.833 2117.021 227.154
1078.49 3599.042 43.333 1595.021 229.15106
1079.57 3760.042 275.333 1770.521 233.06163
1080.65 3868.542 398.333 1899.021 231.24124
1081.73 3414.542 114.833 1561.521 228.08715
1082.81 3245.542 -13.167 1407.021 229.4562
1083.89 3332.042 227.833 1567.021 231.79789
1084.98 3352.542 212.833 1531.021 238.18374
1086.06 2963.542 48.333 1321.521 228.96929
1087.14 2817.542 25.333 1303.021 218.53609
1088.22 2894.542 168.833 1389.521 223.29288
1089.3 2599.042 -23.167 1215.021 211.77797
1090.38 3139.542 484.333 1691.521 219.94995
1091.46 2848.042 224.333 1441.021 215.64357
1092.54 2584.542 71.833 1228.521 217.23312
1093.62 2547.042 116.833 1268.021 211.10448
1094.7 2322.542 23.333 1075.021 218.62087
1095.78 2469.542 119.333 1187.021 220.12137
1096.86 2533.542 153.833 1148.521 239.2418
1097.93 2838.542 515.333 1525.021 230.09182
1099.01 2592.042 321.833 1273.521 238.54557
1100.09 2237.042 49.333 953.521 241.95296
