196.55 741.058 637.312 809.19 60.36002
197.76 1021.35 939.8 1092.907 53.26353
198.96 1003.296 856.3 965.027 135.19717
200.16 619.619 561.303 735.803 33.41863
201.36 1097.347 1037.285 1194.787 38.13411
202.56 750.447 695.791 952.606 21.28206
203.76 701.27 612.799 782.088 52.26006
204.96 709.593 695.308 792.07 14.76286
206.16 529.852 490.81 587.32 40.45384
207.36 892.86 819.305 904.76 86.07489
208.56 736.94 680.301 752.872 78.04554
209.76 524.441 497.306 560.579 42.88497
210.96 658.02 620.302 695.691 50.03125
212.16 1410.683 1311.814 1432.742 81.7588
213.36 876.288 733.805 871.587 103.41202
214.56 669.638 636.813 706.009 47.438
215.76 1266.77 1209.3 1195.088 0.0
216.96 1049.073 972.798 1085.364 67.76041
218.16 757.394 694.796 728.933 183.37252
219.35 575.78 483.31 604.647 76.20954
220.55 680.334 634.81 720.026 53.42168
221.75 595.934 581.816 654.845 19.33125
222.95 1077.718 923.809 1059.121 113.74333
224.15 785.264 746.315 819.061 53.54107
225.35 649.62 541.313 705.716 65.87926
226.55 600.763 558.809 606.854 87.32107
227.75 944.718 842.309 985.621 71.45846
228.94 817.941 687.306 826.079 94.13572
230.14 741.708 694.304 765.768 66.33227
231.34 637.493 537.802 619.751 121.64983
232.54 571.047 577.802 576.631 0.0
233.74 646.091 576.298 625.657 141.39812
234.93 640.567 566.813 639.337 101.69613
236.13 731.61 621.303 775.156 71.69589
237.33 671.523 649.817 785.81 15.96099
238.53 637.888 583.311 672.406 61.25716
239.72 904.404 873.301 998.286 24.88534
240.92 472.369 429.306 569.406 30.73751
242.12 787.7 720.309 914.328 34.7342
243.31 610.253 461.804 654.001 77.23767
244.51 505.922 478.801 563.579 31.99019
245.71 892.191 823.809 962.682 49.24087
246.9 1113.422 1016.801 1154.079 70.38328
248.1 714.805 627.8 740.674 77.08196
249.3 683.992 643.297 746.545 39.41528
250.49 680.448 612.296 654.312 162.20358
251.69 825.69 666.304 790.475 128.35972
252.89 749.545 627.792 684.718 213.88118
254.08 481.941 415.806 457.079 160.23894
255.28 738.216 603.799 697.208 143.90073
256.47 483.342 424.305 460.967 161.03313
257.67 809.442 714.316 859.991 65.30019
258.86 853.933 748.311 843.638 110.79872
260.06 623.939 557.796 706.166 44.57957
261.26 987.538 951.802 1008.984 62.495
262.45 698.083 598.303 754.217 63.99679
263.65 430.054 357.292 482.364 58.17584
264.84 819.002 692.302 818.398 100.47925
266.04 549.545 487.792 555.218 91.58675
267.23 458.563 360.292 447.511 112.67179
268.42 526.636 436.803 538.596 88.25099
269.62 680.28 609.305 684.941 93.83727
270.81 689.021 585.307 675.397 115.12214
272.01 673.065 634.302 694.924 63.94185
273.2 787.741 731.789 843.235 50.20518
274.4 429.046 429.797 489.924 -1.24955
275.59 734.127 677.298 795.743 47.97877
276.78 626.476 552.307 669.165 63.46989
277.98 564.278 548.295 612.028 25.07803
279.17 629.932 539.306 678.932 64.90591
280.37 617.616 532.288 594.184 137.85739
281.56 386.207 412.299 463.062 -51.39936
282.75 481.21 398.314 508.181 75.45091
283.95 615.126 536.293 631.537 82.76936
285.14 657.143 530.293 648.83 107.01364
286.33 500.331 436.295 524.407 72.6759
287.52 682.777 583.29 671.321 113.01264
288.72 814.026 681.787 795.718 116.06935
289.91 936.6 885.298 1018.303 38.57119
291.1 662.984 571.302 725.105 59.61038
292.29 645.235 610.304 688.208 44.83808
293.49 682.26 601.794 740.235 58.12269
294.68 502.528 465.297 469.631 859.05362
295.87 565.181 525.304 591.829 59.9435
297.06 690.118 643.798 687.097 106.97713
298.26 364.108 299.293 328.244 223.88036
299.45 554.753 543.304 556.001 90.167
300.64 595.334 483.31 601.526 94.76187
301.83 652.993 587.802 627.251 165.25276
303.02 502.397 450.311 539.552 58.36516
304.21 717.255 658.314 817.414 37.04608
305.4 559.325 540.81 611.88 26.05195
306.59 645.842 567.805 697.467 60.1852
307.79 608.056 526.802 586.277 136.61845
308.98 495.208 417.804 482.268 120.07236
310.17 692.555 614.752 795.359 43.07864
311.36 602.632 525.778 613.564 87.54679
312.55 995.284 886.78 998.055 97.50946
313.74 423.064 364.797 502.717 42.24659
314.93 732.94 618.301 749.372 87.46285
316.12 561.592 490.803 583.363 76.47847
317.31 322.974 306.797 340.752 47.64462
318.5 427.564 348.297 402.717 145.65731
319.69 611.912 462.296 638.226 85.0428
320.88 486.994 493.807 571.458 -8.7733
322.07 468.84 425.795 524.054 43.80796
323.26 451.789 402.81 509.294 45.99721
324.45 350.207 303.799 387.062 55.73673
325.64 565.287 482.795 606.674 66.59032
326.83 669.484 558.302 697.605 79.81345
328.01 557.261 486.299 512.941 266.35319
329.2 694.556 615.802 713.277 80.79375
330.39 528.618 433.798 539.097 90.04829
331.58 433.689 341.799 399.269 159.89235
332.77 821.627 762.303 855.45 63.68934
333.96 345.965 246.296 348.105 97.89822
335.15 413.832 361.8 466.114 49.88052
336.33 417.189 355.799 459.769 59.04616
337.52 520.207 455.799 537.562 78.77413
338.71 509.796 413.8 513.527 96.25888
339.9 465.981 422.787 459.985 116.11878
341.08 471.661 430.293 477.623 87.40426
342.27 643.359 568.8 623.553 136.17321
343.46 704.003 666.807 760.104 39.86848
344.65 666.003 581.807 629.104 178.0143
345.83 679.075 631.308 689.777 81.69627
347.02 315.093 301.808 385.07 15.95547
348.21 714.136 643.303 766.596 57.45118
349.4 410.895 298.301 403.139 107.39756
350.58 552.268 454.789 550.675 101.66119
351.77 465.591 387.798 441.157 145.79127
352.96 258.145 236.303 325.243 24.55839
354.14 456.234 412.299 515.002 42.77863
355.33 418.253 369.804 409.501 122.04601
356.51 300.902 265.291 296.873 112.75688
357.7 547.981 427.282 567.779 85.9083
358.89 367.715 339.294 441.502 27.80702
360.07 637.92 589.291 686.166 50.19742
361.26 732.353 618.77 693.315 152.37012
362.44 507.575 448.263 473.565 234.41251
363.63 400.967 364.256 375.6 323.61775
364.81 419.189 396.749 460.351 35.28159
366.0 256.394 201.751 300.721 55.21187
367.18 945.343 894.26 1026.255 38.70026
368.37 394.005 297.772 447.306 64.35573
369.55 547.051 478.777 584.245 64.73444
370.74 650.069 556.277 659.038 91.272
371.92 789.461 718.271 792.073 96.46037
373.11 406.817 353.765 420.522 79.46999
374.29 380.538 313.257 348.773 189.44248
375.48 415.728 436.769 497.263 -34.78195
376.66 345.962 291.776 354.279 86.69215
377.84 687.505 592.272 697.806 90.23982
379.03 378.015 300.777 358.659 133.44166
380.21 291.085 226.268 329.918 62.53453
381.39 241.157 164.768 283.091 64.55952
382.58 597.006 491.777 643.512 69.35072
383.76 762.106 678.783 822.831 57.84394
384.94 749.802 730.28 866.348 14.34701
386.13 344.852 290.765 405.608 47.09667
387.31 420.979 379.272 503.866 33.47421
388.49 373.094 332.768 378.065 89.02628
389.68 485.265 448.774 505.556 64.26511
390.86 461.801 386.775 514.642 58.67498
392.04 661.409 571.281 741.607 52.91511
393.22 382.801 310.775 434.642 58.1478
394.41 341.63 325.768 385.151 26.71082
395.59 246.792 165.775 284.995 67.95562
396.77 396.364 334.78 436.874 60.32097
397.95 385.578 322.278 455.185 47.62759
399.13 552.337 503.78 570.434 72.84951
400.31 402.147 349.763 373.238 223.15248
401.5 448.889 357.271 519.401 56.50926
402.68 558.157 430.768 587.591 81.23099
403.86 314.247 304.774 387.262 11.48373
405.04 538.052 504.782 676.951 19.32388
406.22 264.335 236.27 337.521 27.7185
407.4 502.187 454.289 550.856 49.60121
408.58 653.38 535.771 657.254 96.81117
409.76 600.764 581.269 697.349 16.79408
410.94 471.301 418.275 467.642 107.41185
412.12 354.901 297.786 446.167 38.49229
413.3 318.123 282.278 426.917 24.7821
414.48 289.667 235.278 365.65 41.71843
415.66 309.088 256.783 401.038 36.25887
416.84 817.641 711.278 876.21 64.48857
418.02 491.577 370.273 513.478 84.70655
419.2 323.605 270.778 355.624 62.26191
420.38 462.31 361.775 517.788 64.43982
421.56 329.507 344.282 456.219 -13.19901
422.74 699.362 626.77 736.961 65.87844
423.92 604.872 478.276 614.814 92.71866
425.1 386.167 356.778 512.65 18.8546
426.28 304.642 299.788 388.623 5.46434
427.46 864.134 769.788 947.477 53.09594
428.63 450.803 345.785 503.055 66.77554
429.81 488.062 367.787 545.804 67.56354
430.99 493.606 430.283 636.831 30.65774
432.17 703.767 655.284 839.968 26.2515
433.35 567.186 457.284 653.65 55.96829
434.52 191.83 119.79 295.701 40.95275
435.7 325.356 249.785 447.434 38.23498
436.88 543.65 480.778 626.357 43.18715
438.06 406.232 370.789 500.589 27.30578
439.23 339.676 262.779 419.797 48.97389
440.41 440.473 404.792 596.545 18.60819
441.59 561.274 501.775 676.702 34.01367
442.77 247.108 214.793 444.744 14.05291
443.94 560.784 516.78 655.555 31.70881
445.12 514.731 466.784 668.882 23.72457
446.3 711.185 645.279 838.443 34.11945
447.47 546.445 431.781 623.193 59.90417
448.65 539.757 508.779 723.115 14.45278
449.82 389.757 318.279 518.615 35.67879
451.0 412.427 320.281 557.4 38.86062
452.18 326.204 267.784 492.443 26.00403
453.35 431.293 329.28 589.202 39.24754
454.53 405.811 345.785 588.701 24.71081
455.7 320.989 218.782 493.926 37.14703
456.88 629.99 569.287 852.632 21.42392
458.05 396.552 385.282 647.951 4.29048
459.23 266.106 219.283 524.331 15.34936
460.4 398.793 328.28 623.202 23.90902
461.58 465.481 458.287 692.485 3.07211
462.75 250.731 185.284 505.882 20.41399
463.93 446.882 405.781 707.167 13.63747
465.1 382.051 307.777 631.745 22.92631
466.28 222.911 146.791 453.02 24.85722
467.45 149.793 95.78 461.202 14.78098
468.63 452.516 296.782 672.365 41.46467
469.8 591.115 480.783 868.977 28.42179
470.97 295.043 235.782 557.805 18.40271
472.15 438.099 382.293 777.597 14.11721
473.32 518.911 471.791 886.52 11.36162
474.49 587.651 534.788 943.27 12.94137
475.67 367.839 291.79 797.347 15.04263
476.84 274.357 204.29 642.14 16.00247
478.01 480.767 407.784 929.968 13.97636
479.19 394.233 344.794 818.795 10.43009
480.36 293.205 228.289 703.149 13.6706
481.53 402.892 339.786 888.02 11.51082
482.7 360.482 276.792 858.692 14.38232
483.88 255.849 217.295 769.2 6.9856
485.05 356.99 266.287 796.132 17.1189
486.22 366.68 328.799 898.122 6.65378
487.39 240.163 226.803 829.536 2.21654
488.56 379.338 361.785 933.641 3.06951
489.74 638.661 484.293 1179.123 22.21666
490.91 243.036 172.292 811.071 11.07486
492.08 325.338 286.285 938.141 5.99108
493.25 259.697 194.794 893.709 9.28629
494.42 368.858 309.795 971.847 8.92117
495.59 349.813 288.795 941.114 9.35408
496.76 372.534 292.782 992.658 11.39516
497.93 461.598 386.288 1169.891 9.61073
499.1 485.796 417.795 1133.321 9.5036
500.27 717.894 613.796 1399.933 13.24173
501.44 773.241 701.289 1434.735 9.81008
502.61 385.0 297.292 1051.485 11.62944
503.78 460.743 379.799 1220.148 9.63213
504.95 808.089 737.788 1565.244 8.49605
506.12 536.279 404.8 1185.234 16.84688
507.29 316.626 242.793 1043.037 9.22625
508.46 105.072 62.793 892.157 5.0978
509.63 798.572 694.793 1570.657 11.84879
510.8 798.438 716.291 1598.459 9.31189
511.97 422.786 370.79 1235.468 6.01333
513.14 240.993 192.302 1134.251 5.16923
514.31 583.278 498.295 1374.528 9.69868
515.48 466.949 323.301 1331.019 14.25471
516.65 394.375 231.291 1273.933 15.64145
517.81 323.93 242.296 1223.519 8.31957
518.98 505.178 426.289 1435.709 7.81534
520.15 201.253 166.304 1220.001 3.31673
521.32 486.92 395.291 1484.666 8.41113
522.49 1025.431 830.801 1961.226 17.21738
523.65 791.564 640.297 1854.717 12.45586
524.82 498.339 363.79 1484.847 12.00198
525.99 157.466 77.801 1198.812 7.10653
527.16 529.557 393.807 1632.984 10.95481
528.32 524.117 402.293 1629.89 9.92374
529.49 411.956 302.791 1494.752 9.15837
530.66 153.352 97.31 1346.32 4.48689
531.82 245.544 173.287 1461.511 5.60903
532.99 357.349 235.795 1633.7 8.69543
534.16 427.304 255.795 1684.968 12.00062
535.32 674.171 524.799 1974.976 10.3003
536.49 279.189 160.299 1621.769 8.13499
537.65 722.304 586.79 2169.761 8.56072
538.82 340.457 139.296 1837.959 11.84227
539.99 529.215 390.794 2025.002 8.47022
541.15 593.874 434.286 2110.227 9.52232
542.32 216.868 96.801 1843.2 6.87515
543.48 582.315 475.805 2300.027 5.83867
544.65 728.646 600.808 2482.449 6.79397
545.81 1054.394 823.796 2941.933 10.88684
546.98 484.19 293.804 2494.975 8.64932
548.14 679.894 476.296 2658.433 9.33022
549.31 369.1 234.798 2508.803 5.90596
550.47 441.779 225.3 2617.234 9.05037
551.63 708.93 607.796 3027.019 4.18041
552.8 401.366 271.29 2755.787 5.23549
553.96 446.546 250.297 2767.424 7.79654
555.13 425.796 241.8 2935.527 6.83056
556.29 671.136 594.303 3352.096 2.78604
557.45 312.053 153.787 3024.658 5.51281
558.62 482.341 299.8 3296.26 6.09189
559.78 612.19 428.304 3480.475 6.02477
560.94 419.877 228.301 3340.346 6.15596
562.11 415.145 219.303 3450.243 6.06146
563.27 225.859 51.8 3378.053 5.23288
564.43 191.662 18.298 3374.329 5.16574
565.59 265.78 148.31 3573.147 3.42997
566.76 330.339 198.29 3754.847 3.71283
567.92 494.307 314.31 3935.087 4.97124
569.08 590.529 419.802 4193.837 4.52372
570.24 337.714 217.289 4100.295 3.10134
571.4 292.082 121.798 4056.01 4.32829
572.57 401.289 226.81 4264.294 4.3215
573.73 240.984 37.302 4177.605 4.91951
574.89 416.423 213.806 4456.786 4.77534
576.05 533.554 286.292 4674.864 5.63422
577.21 295.697 117.294 4512.209 4.05931
578.37 238.305 23.3 4485.174 4.81873
579.53 388.788 130.805 4638.087 5.72371
580.69 599.011 338.802 4960.044 5.63072
581.85 471.716 275.799 4983.208 4.16188
583.01 504.618 225.298 4960.597 5.89867
584.17 550.492 250.797 5274.045 5.96617
585.33 654.466 346.802 5374.312 6.11963
586.49 485.322 167.295 5422.261 6.05194
587.65 613.358 298.295 5634.847 5.90386
588.81 650.475 315.302 5661.958 6.26885
589.97 857.252 521.799 5897.795 6.23982
591.13 547.205 219.789 5667.649 6.01
592.29 527.11 243.303 5733.656 5.16919
593.45 452.163 104.803 5779.036 6.12171
594.61 429.786 108.29 5746.468 5.70212
595.77 441.823 92.8 5843.967 6.06874
596.93 389.384 66.291 5865.08 5.57174
598.09 588.796 217.795 6083.821 6.32457
599.24 456.592 114.803 6090.363 5.71978
600.4 573.322 160.795 6204.261 6.82601
601.56 531.144 113.298 6318.536 6.73376
602.72 595.217 231.804 6418.415 5.87418
603.87 663.353 270.315 6514.026 6.29494
605.03 511.717 101.304 6395.915 6.52007
606.19 482.957 37.301 6542.165 6.85112
607.35 426.11 14.303 6367.656 6.48172
608.5 777.814 340.3 6723.82 6.85381
609.66 980.806 510.805 7070.88 7.16457
610.82 470.412 113.796 6724.726 5.39434
611.97 512.636 82.803 6653.096 6.54207
613.13 773.066 342.307 7039.63 6.4318
614.29 655.404 237.301 6992.286 6.18955
615.44 796.02 341.302 7114.191 6.7138
616.6 528.28 63.305 6774.441 6.92841
617.76 800.922 329.801 7189.579 6.86787
618.91 826.718 361.809 7391.622 6.61339
620.07 799.047 341.302 7325.631 6.55388
621.22 434.592 0.303 7099.863 6.11712
622.38 1060.136 580.303 7720.596 6.72008
623.53 518.582 33.298 7125.51 6.84249
624.69 524.271 66.805 7172.794 6.43775
625.84 560.029 73.302 7277.837 6.75584
627.0 744.062 252.287 7412.804 6.86786
628.15 485.181 21.804 7452.329 6.23613
629.31 688.599 215.293 7546.097 6.4564
630.46 423.341 -33.2 7456.76 6.09537
631.61 686.762 221.304 7677.647 6.24243
632.77 625.635 198.793 7733.183 5.66524
633.92 728.618 282.798 7941.597 5.82101
635.08 1003.848 503.29 8301.494 6.41889
636.23 673.377 159.301 7972.846 6.5793
637.38 512.895 -23.699 7813.639 6.84664
638.54 830.813 324.295 8313.614 6.33995
639.69 970.763 502.309 8487.354 5.86663
640.84 836.674 225.299 8338.026 7.53601
641.99 562.691 43.799 8279.804 6.30029
643.15 979.708 457.299 8617.58 6.40185
644.3 579.225 57.299 8463.856 6.20856
645.45 456.242 -54.201 8340.134 6.0808
646.6 955.759 498.299 8915.91 5.43455
647.75 672.276 122.3 8731.188 6.38847
648.91 468.293 -43.2 8643.464 5.88825
650.06 626.809 95.3 8882.24 6.04886
651.21 784.326 258.8 9085.518 5.95381
652.36 804.843 291.8 9210.794 5.75225
653.51 613.36 97.8 9010.07 5.78483
654.66 697.877 106.801 9258.848 6.45841
655.81 925.394 338.301 9616.624 6.32758
656.96 588.911 29.301 9397.901 5.97325
658.11 736.428 201.301 9693.678 5.63744
659.27 853.945 224.801 9801.954 6.56921
660.42 634.961 23.801 9721.731 6.30196
661.57 828.478 203.302 10014.508 6.37207
662.72 570.495 -70.698 9721.784 6.54781
663.87 568.012 -42.198 9928.062 6.1203
665.01 781.029 153.802 10224.838 6.22803
666.16 611.546 3.802 10214.115 5.95225
667.31 688.063 69.302 10528.392 5.91601
668.46 1020.58 364.803 11167.168 6.07068
669.61 773.097 85.803 10805.945 6.41124
670.76 694.114 -15.197 11199.722 6.32471
671.91 1076.63 383.803 11586.998 6.18419
673.06 966.647 292.803 11827.275 5.842
674.21 559.664 -86.197 11452.552 5.59732
675.35 802.681 143.804 11977.829 5.56765
676.5 757.698 107.304 11903.105 5.51378
677.65 639.215 5.804 11984.382 5.28786
678.8 566.232 -81.696 12054.159 5.33895
679.94 650.249 20.804 12371.936 5.09625
681.09 892.266 183.304 12968.712 5.54508
682.24 916.282 202.305 13234.989 5.47836
683.39 696.299 5.305 13352.266 5.17717
684.53 991.316 205.305 13957.043 5.71572
685.68 846.833 103.305 13729.819 5.45648
686.83 811.85 149.805 14338.096 4.66613
687.97 830.367 114.306 14105.373 5.11799
689.12 818.884 72.806 14535.149 5.15876
690.27 828.401 14.306 14401.426 5.6585
691.41 1034.918 252.306 14927.703 5.33281
692.56 1095.935 174.306 14832.979 6.28726
693.7 1115.451 173.806 15399.257 6.18468
694.85 815.468 -17.193 15092.033 5.51095
695.99 1034.985 194.307 15823.81 5.37879
697.14 984.002 89.807 15674.587 5.73762
698.28 1065.519 205.807 16044.363 5.42797
699.43 1103.536 115.807 16045.14 6.20069
700.57 886.053 -75.193 15983.417 5.98586
701.72 943.07 -61.692 16498.693 6.06726
702.86 884.587 -99.192 16103.971 6.07152
704.01 997.603 -16.692 16799.748 6.03157
705.15 1216.62 196.308 17168.523 6.01166
706.29 1055.137 30.308 17380.301 5.9068
707.44 1096.154 66.808 17534.078 5.893
708.58 940.171 -71.691 17400.854 5.79116
709.72 1384.188 315.809 18098.131 6.0081
710.87 886.705 -109.191 17654.908 5.60623
712.01 989.722 -56.691 17912.184 5.82347
713.15 1245.239 79.809 18370.961 6.37155
714.3 1296.255 208.309 18806.238 5.84982
715.44 1119.772 18.31 18631.514 5.91764
716.58 1214.789 111.81 19014.791 5.83495
717.72 1111.306 5.31 19133.568 5.782
718.87 1214.323 68.31 19176.844 5.99739
720.01 1227.84 57.31 19360.621 6.06388
721.15 1059.357 -70.19 19113.398 5.88809
722.29 1367.874 172.811 19521.176 6.17656
723.43 1429.391 225.811 19856.451 6.13113
724.57 1381.907 187.311 19986.729 6.03349
725.72 1286.424 95.811 19880.506 6.01785
726.86 1623.941 355.311 20546.281 6.28316
728.0 1219.458 33.811 20311.059 5.84718
729.14 1194.975 -38.688 20669.836 5.95727
730.28 1482.992 244.812 20858.611 6.00656
731.42 1200.009 -48.688 20867.389 5.97003
732.56 1684.026 351.312 21565.666 6.28213
733.7 1433.043 203.812 21336.941 5.8166
734.84 1137.56 -91.688 21197.719 5.77398
735.98 1255.076 62.813 21752.996 5.49679
737.12 1094.093 -52.187 21573.771 5.30048
738.26 1189.61 22.813 21732.549 5.37453
739.4 1428.127 113.313 22133.326 5.971
740.53 1500.644 146.813 22529.604 6.04853
741.67 1426.161 118.813 22277.379 5.89996
742.81 1181.678 -95.186 22174.156 5.73373
743.95 1375.195 158.814 22437.434 5.45986
745.09 1288.712 -2.686 22464.209 5.748
746.23 1438.729 163.314 22992.486 5.58677
747.36 1569.245 212.314 23110.264 5.92599
748.5 1210.262 -6.686 22847.039 5.32494
749.64 1372.279 5.315 22528.816 6.06906
750.78 1321.296 -16.185 22733.094 5.87922
751.92 1390.313 17.315 23161.869 5.93227
753.05 1363.33 49.315 22690.646 5.80361
754.19 1646.347 323.315 23392.924 5.73495
755.33 1203.864 -118.685 22948.199 5.73354
756.46 1435.38 125.316 23062.477 5.71154
757.6 1264.897 8.816 23131.254 5.43231
758.74 1669.914 285.816 23208.031 6.03824
759.87 1442.431 83.816 23087.307 5.90613
761.01 1512.948 68.316 23176.584 6.25158
762.14 1458.965 68.817 23283.361 5.98826
763.28 1516.982 231.317 23437.637 5.54015
764.41 1368.999 96.317 22849.414 5.59344
765.55 1246.516 -118.183 22932.191 5.92051
766.69 1406.533 118.817 23382.467 5.53531
767.82 1520.549 118.317 23081.744 6.10637
768.95 1311.566 -1.182 22986.021 5.71078
770.09 1713.583 444.318 23153.297 5.58927
771.22 1670.1 352.318 23320.074 5.73753
772.36 1567.117 220.318 23147.852 5.87416
773.49 1591.634 302.818 23196.129 5.62966
774.63 1385.651 56.818 22989.904 5.79439
775.76 1385.168 36.319 22380.682 6.03664
776.89 1516.185 210.819 22652.959 5.81658
778.03 1473.202 138.819 22631.234 5.93259
779.16 1330.218 -42.681 22547.512 6.07741
780.29 1455.735 129.819 22589.289 5.90359
781.43 1570.252 297.819 22433.064 5.74845
782.56 1389.769 137.32 22054.842 5.71438
783.69 1213.286 -0.68 22051.619 5.50494
784.82 1293.303 60.32 22251.895 5.55609
785.96 1303.32 78.32 22133.672 5.55421
787.09 1340.337 99.82 21672.949 5.75029
788.22 1448.854 112.32 21983.225 6.11101
789.35 1277.37 -24.179 21838.002 5.95343
790.48 1327.887 49.821 21608.279 5.92838
791.62 1454.904 237.321 21518.557 5.72139
792.75 1181.921 -33.179 20930.332 5.79626
793.88 1575.438 345.821 21570.109 5.79344
795.01 1354.455 120.321 21295.387 5.82824
796.14 1437.972 221.822 21276.162 5.77624
797.27 1401.989 229.322 21164.939 5.6013
798.4 1327.506 100.322 20896.217 5.90109
799.53 1171.022 -69.678 20784.492 5.94941
800.66 1335.539 107.822 20992.77 5.87848
801.79 1956.056 716.822 21395.047 5.99294
802.92 1219.073 70.823 20581.822 5.59822
804.05 1406.59 174.823 20779.6 5.97807
805.18 1266.107 125.823 20385.377 5.62838
806.31 1240.624 67.823 20369.152 5.77696
807.44 1103.141 -58.177 20479.93 5.65445
808.57 1379.158 159.323 20511.207 5.99372
809.69 1404.674 180.324 20368.984 6.06455
810.82 1114.191 -126.176 20398.26 6.04337
811.95 1666.708 498.324 20386.037 5.87491
813.08 1166.225 34.824 19879.314 5.70134
814.21 1719.742 518.324 20196.59 6.1053
815.33 1283.259 118.824 19702.867 5.94583
816.46 1268.776 161.825 19430.145 5.74493
817.59 1556.293 417.825 19540.42 5.95352
818.72 1373.31 234.825 19530.197 5.9003
819.84 1554.327 436.825 19383.475 5.89815
820.97 1370.843 259.825 18739.75 6.01203
822.1 1433.36 310.325 18890.027 6.04442
823.22 1000.877 -29.174 18414.305 5.58491
824.35 1034.894 26.326 18436.082 5.47844
825.48 1266.411 251.326 18507.857 5.56012
826.6 1124.428 136.326 18357.135 5.42293
827.73 874.945 -83.674 17736.912 5.37928
828.85 1142.962 89.826 18003.688 5.87888
829.98 1401.979 303.827 18359.465 6.08204
831.11 1068.495 -22.173 17766.742 6.13117
832.23 998.512 17.827 17927.018 5.47588
833.36 1331.029 261.327 18013.795 6.02565
834.48 1116.046 130.327 17510.072 5.67165
835.6 1179.063 192.827 17510.848 5.69485
836.73 885.58 -37.172 17347.625 5.30781
837.85 1209.597 218.328 17522.402 5.72853
838.98 878.614 -94.672 17294.678 5.59702
840.1 1209.631 194.328 17687.455 5.80401
841.23 1142.647 119.828 17257.732 5.96817
842.35 1394.664 350.329 17657.01 6.03429
843.47 1057.181 100.829 17090.785 5.62893
844.6 1008.698 -38.171 16920.063 6.17322
845.72 1054.715 4.829 16962.34 6.19127
846.84 1080.232 22.329 16891.115 6.27136
847.96 1085.749 16.829 16792.393 6.37188
849.09 976.266 -3.67 16469.17 5.9488
850.21 1072.283 68.83 16711.945 6.02924
851.33 1153.8 196.33 16953.223 5.71389
852.45 970.316 -56.17 16654.5 6.1427
853.57 1061.833 122.33 16730.775 5.65678
854.7 1016.85 -3.67 16505.553 6.18151
855.82 1026.867 18.331 16425.33 6.14699
856.94 1207.884 186.831 16592.105 6.22393
858.06 921.401 -122.669 16323.383 6.34845
859.18 1158.918 170.331 16786.66 5.94949
860.3 1025.935 87.831 16382.437 5.75714
861.42 856.952 -103.669 16152.713 5.90919
862.54 957.968 -96.168 16499.49 6.35188
863.66 925.985 -43.668 16369.267 5.90786
864.78 1063.502 71.332 16433.543 6.06379
865.9 1094.519 109.332 16517.32 6.00431
867.02 1679.536 676.832 17046.598 6.12534
868.14 1510.053 444.332 16680.873 6.56372
869.26 1196.57 226.833 16216.15 6.06491
870.38 867.587 -115.667 15969.428 6.11283
871.5 821.604 -77.667 15703.704 5.69831
872.62 870.62 -52.167 15886.98 5.78944
873.74 1240.137 306.333 16160.758 5.88986
874.85 896.646 -52.667 15654.896 6.04367
875.97 1001.646 119.333 15630.896 5.6881
877.09 1102.646 122.333 15581.396 6.34135
878.21 1031.146 63.333 15602.896 6.22806
879.33 1019.646 123.833 15565.396 5.80131
880.44 992.146 66.333 15300.896 6.07705
881.56 979.646 40.333 15506.396 6.07338
882.68 998.146 92.833 15367.896 5.92674
883.79 1439.646 424.833 15543.396 6.71236
884.91 818.646 -134.167 15177.396 6.22283
886.03 1138.146 169.833 15488.396 6.32117
887.14 1251.646 290.333 15515.896 6.31381
888.26 1252.646 330.333 15726.896 5.99038
889.38 1197.146 273.833 15700.896 5.98502
890.49 829.146 -86.667 15604.896 5.83634
891.61 1106.146 97.333 15769.396 6.43701
892.72 944.146 -71.167 16052.396 6.29707
893.84 892.646 -71.667 16223.896 5.91764
894.95 892.646 -80.667 16639.896 5.82105
896.07 1004.146 20.833 16548.896 5.94935
897.18 1130.646 147.833 16775.896 5.91057
898.3 860.146 -53.167 16590.396 5.48748
899.41 1263.646 274.833 17242.396 5.82766
900.53 1105.646 120.333 16882.396 5.87823
901.64 1146.146 219.833 17027.396 5.51128
902.75 1162.146 53.833 16818.896 6.61085
903.87 1058.646 -10.667 16414.396 6.51025
904.98 1164.146 149.833 16538.396 6.18915
906.09 1089.146 22.833 16424.396 6.50129
907.21 1179.146 145.833 16502.396 6.31742
908.32 1004.146 28.333 16140.396 6.05641
909.43 1247.646 272.333 16198.896 6.12381
910.54 1041.646 127.833 16021.396 5.74958
911.66 1486.646 540.333 16217.396 6.03629
912.77 848.646 -1.667 15441.396 5.50611
913.88 1010.646 150.833 15513.396 5.5968
914.99 926.146 -48.167 15157.896 6.4074
916.1 1028.146 135.833 15271.396 5.89547
917.22 869.646 -30.167 14807.396 6.06442
918.33 1296.146 289.833 15369.896 6.67313
919.44 1050.146 76.833 14945.396 6.54611
920.55 1332.646 358.833 15102.396 6.605
921.66 1066.646 200.333 14444.896 6.08171
922.77 1068.146 207.333 14446.396 6.04543
923.88 1141.146 300.833 14430.396 5.94719
924.99 1027.646 142.333 14020.396 6.37922
926.1 753.646 -86.167 13841.896 6.02964
927.21 1249.146 317.833 13998.396 6.80756
928.32 735.646 -121.167 13398.896 6.33734
929.43 966.646 60.833 13208.896 6.88932
930.54 835.646 23.833 13190.396 6.16571
931.65 902.146 82.333 12995.896 6.34846
932.76 967.646 184.333 12781.896 6.21797
933.86 883.146 93.333 12369.396 6.43376
934.97 791.146 22.833 11894.896 6.4716
936.08 721.146 4.833 11603.896 6.17561
937.19 993.646 312.833 11024.396 6.35587
938.3 763.646 227.833 9905.896 5.53636
939.4 901.146 293.333 9500.396 6.60159
940.51 624.146 69.333 8660.896 6.45764
941.62 671.646 193.833 8013.896 6.11009
942.73 1133.646 508.833 8234.896 8.08708
943.83 594.646 125.833 7535.896 6.3267
944.94 635.646 151.833 7414.896 6.66127
946.05 416.146 -150.667 7261.896 7.64665
947.15 467.646 -68.667 7300.896 7.2774
948.26 591.146 64.833 7531.896 7.04845
949.36 471.646 -1.167 7536.396 6.27275
950.47 682.146 121.333 7957.396 7.15681
951.57 911.646 369.833 8358.896 6.78193
952.68 744.646 229.333 8398.396 6.3081
953.79 781.646 217.833 8727.896 6.62525
954.89 546.146 8.833 8520.896 6.31237
955.99 792.146 167.333 9045.896 7.03732
957.1 633.646 40.333 8953.896 6.65629
958.2 672.146 76.333 9356.896 6.42
959.31 785.646 203.333 9547.896 6.23157
960.41 587.146 28.333 9452.896 5.92932
961.52 575.146 -30.667 9414.896 6.41373
962.62 826.146 175.833 9765.896 6.78111
963.72 556.646 -80.667 9427.396 6.70286
964.83 512.146 -124.667 9410.396 6.67864
965.93 742.646 112.833 9648.896 6.60453
967.03 931.146 271.333 9840.396 6.89527
968.13 734.146 208.333 9783.896 5.49119
969.24 622.646 8.833 9677.896 6.34821
970.34 674.146 31.333 9675.896 6.66502
971.44 683.646 52.333 9737.896 6.51808
972.54 748.146 141.833 9735.896 6.31966
973.64 614.146 5.333 9461.396 6.43833
974.75 1106.146 435.833 10012.396 6.99951
975.85 2337.146 1647.833 11151.896 7.25282
976.95 627.646 7.333 9252.896 6.7093
978.05 894.146 203.333 9359.396 7.54486
979.15 1078.146 433.833 9610.896 7.0209
980.25 608.146 2.833 8996.396 6.73051
981.35 622.646 60.333 9060.896 6.24753
982.45 1041.646 410.333 9336.896 7.07229
983.55 737.146 186.833 9070.896 6.19438
984.65 711.146 138.833 8885.896 6.54291
985.75 864.646 309.833 8916.896 6.44601
986.85 687.146 180.333 8760.896 5.90652
987.95 557.146 14.833 8506.396 6.38649
989.05 964.646 361.833 8685.396 7.24224
990.15 857.146 271.833 8545.896 7.07406
991.25 717.146 124.833 8437.896 7.12508
992.34 875.646 347.833 8374.396 6.57582
993.44 688.646 140.833 8187.896 6.80761
994.54 689.646 111.833 7935.396 7.38554
995.64 850.146 309.833 7992.896 7.03251
996.74 917.146 351.833 7862.896 7.5264
997.83 480.646 -49.167 7328.396 7.1814
998.93 568.146 76.333 7317.396 6.79199
1000.03 1098.646 590.833 7840.896 7.00425
1001.12 766.146 353.833 7495.396 5.77342
1002.22 842.646 315.333 7351.896 7.49389
1003.32 548.646 64.833 6905.896 7.07218
1004.41 598.146 125.333 6824.396 7.05789
1005.51 614.146 120.833 6636.396 7.5713
1006.6 450.146 6.333 6172.896 7.19708
1007.7 673.646 306.833 6435.396 5.98529
1008.8 335.146 -47.667 6021.896 6.30709
1009.89 693.646 235.333 6104.896 7.80829
1010.99 565.646 114.333 6068.896 7.57927
1012.08 367.646 -29.167 5836.396 6.76512
1013.18 550.646 126.833 6333.396 6.82846
1014.27 457.646 47.333 6567.896 6.29259
1015.36 582.646 64.833 6685.396 7.82128
1016.46 569.646 124.833 6803.896 6.6598
1017.55 409.146 -38.167 6532.896 6.80731
1018.65 574.146 151.833 6482.396 6.67101
1019.74 682.146 258.833 6437.396 6.85131
1020.83 535.146 177.833 6159.896 5.97306
1021.93 463.646 91.833 5880.896 6.42267
1023.02 373.646 -45.667 5504.396 7.5551
1024.11 292.146 -60.167 5364.896 6.49416
1025.2 354.146 -58.167 5193.896 7.85049
1026.3 564.146 189.833 5276.396 7.35885
1027.39 634.646 250.833 5281.896 7.62886
1028.48 546.646 163.333 5010.896 7.90732
1029.57 412.146 104.333 4769.396 6.59825
1030.66 465.146 198.333 4801.896 5.79578
1031.75 1057.146 757.333 5290.896 6.61318
1032.84 572.646 241.333 4657.396 7.50244
1033.94 253.146 -37.167 4252.896 6.76709
1035.03 588.646 296.333 4418.396 7.09141
1036.12 253.146 -58.667 4011.396 7.66112
1037.21 273.646 -21.667 3894.396 7.54106
1038.3 454.646 213.833 3975.896 6.40108
1039.39 221.646 16.833 3608.896 5.70181
1040.48 413.646 156.833 3740.396 7.1664
1041.57 517.146 235.333 3755.896 8.00476
1042.66 414.146 153.833 3560.896 7.64038
1043.74 433.146 184.833 3474.396 7.5485
1044.83 405.646 192.833 3317.896 6.80986
1045.92 179.146 -67.167 3029.396 7.95438
1047.01 468.146 249.333 3286.896 7.20356
1048.1 134.646 -79.167 2833.896 7.33978
1049.19 353.146 144.833 2989.896 7.3219
1050.27 276.146 105.333 2809.896 6.31572
1051.36 256.146 41.833 2691.896 8.08707
1052.45 374.146 197.333 2719.896 7.00924
1053.54 375.646 131.333 2600.896 9.89295
1054.62 383.146 203.333 2626.896 7.41935
1055.71 325.146 181.833 2650.896 5.80433
1056.8 475.146 261.833 2600.896 9.11957
1057.88 211.646 105.333 2311.896 4.81801
1058.97 342.146 165.833 2337.396 8.11915
1060.06 506.146 360.833 2489.896 6.82519
1061.14 262.146 99.333 2068.396 8.26853
1062.23 976.646 781.333 2730.396 10.02084
1063.31 333.146 185.333 2084.396 7.78345
1064.4 212.646 66.333 1901.896 7.97099
1065.48 317.146 148.333 1942.896 9.40689
1066.57 254.146 79.833 1808.896 10.08133
1067.65 350.146 210.833 1857.896 8.45824
1068.74 205.146 58.333 1726.896 8.79874
1069.82 285.646 209.833 1716.396 5.03215
1070.9 1322.646 1117.333 2755.396 12.53386
1071.99 397.646 198.833 1714.896 13.11374
1073.07 281.646 154.833 1615.396 8.68244
1074.15 366.646 187.833 1621.896 12.46895
1075.24 289.146 193.833 1580.896 6.87154
1076.32 333.646 239.333 1584.896 7.00915
1077.4 550.146 478.833 1821.896 5.30969
1078.49 175.646 43.333 1345.896 10.15786
1079.57 347.646 275.333 1493.896 5.93425
1080.65 519.146 398.333 1624.896 9.84968
1081.73 215.146 114.833 1305.896 8.4221
1082.81 82.646 -13.167 1169.396 8.10211
1083.89 307.646 227.833 1351.896 7.10036
1084.98 306.146 212.833 1323.396 8.40227
1086.06 119.146 48.333 1083.896 6.83807
1087.14 133.646 25.333 1130.396 9.80148
1088.22 258.146 168.833 1226.396 8.44513
1089.3 126.146 -23.167 993.396 14.68798
1090.38 589.646 484.333 1528.396 10.0868
1091.46 282.146 224.333 1222.896 5.78957
1092.54 179.646 71.833 1040.896 11.12544
1093.62 193.146 116.833 1074.396 7.96945
1094.7 73.146 23.333 953.396 5.35582
1095.78 214.146 119.333 1022.896 10.49319
1096.86 242.646 153.833 1019.896 10.25475
1097.93 632.646 515.333 1384.396 13.49874
1099.01 428.146 321.833 1146.896 12.88539
1100.09 116.646 49.333 833.396 8.58509
