196.55 808.614 972.948 1339.379 -44.84705
197.76 1012.54 1427.472 1995.603 -73.03451
198.96 973.081 1340.45 1803.191 -79.39
200.16 661.834 796.077 1227.164 -31.14067
201.36 1101.191 1587.379 2062.06 -102.42412
202.56 733.899 990.115 1401.163 -62.33255
203.76 771.101 849.94 1265.984 -18.94953
204.96 809.304 932.264 1411.806 -25.64121
206.16 592.438 712.367 946.298 -51.26622
207.36 862.149 1181.173 1687.519 -63.00499
208.56 753.638 1052.507 1476.29 -70.52405
209.76 577.587 637.704 982.138 -17.45392
210.96 720.076 888.539 1380.408 -34.24939
212.16 1434.851 2056.997 2537.841 -129.3863
213.36 868.37 1126.644 1600.47 -54.50824
214.56 778.052 890.479 1274.997 -29.23843
215.76 1235.101 1834.94 2402.485 -105.69007
216.96 1045.585 1568.862 2050.473 -108.65139
218.16 751.389 985.792 1447.599 -50.75765
219.35 685.16 716.838 1152.749 -7.26717
220.55 758.619 872.359 1328.661 -24.92665
221.75 750.826 810.596 1150.265 -17.59643
222.95 1148.041 1461.314 1932.768 -66.44811
224.15 893.79 1090.029 1574.459 -40.50925
225.35 707.233 782.472 1287.36 -14.90225
226.55 684.34 792.831 1188.111 -27.44659
227.75 1032.041 1378.814 1879.768 -69.22238
228.94 846.587 1122.204 1555.138 -63.66271
230.14 725.932 919.113 1379.351 -41.97399
231.34 682.597 847.028 1265.702 -39.27428
232.54 600.055 780.549 1133.115 -51.19438
233.74 684.905 805.869 1171.11 -33.11899
234.93 741.774 791.951 1221.947 -11.66923
236.13 772.174 951.574 1439.095 -36.79829
237.33 753.924 930.131 1313.452 -45.9685
238.53 687.578 887.381 1239.073 -56.8118
239.72 960.498 1373.993 1901.015 -78.45855
240.92 561.309 562.676 918.088 -0.38475
242.12 887.722 1152.807 1622.13 -56.48229
243.31 657.231 755.63 1186.695 -22.827
244.51 578.818 627.0 952.653 -14.7954
245.71 983.062 1278.803 1722.062 -66.7198
246.9 1120.818 1688.0 2212.153 -108.20921
248.1 744.241 950.954 1448.759 -41.52492
249.3 710.647 982.33 1398.854 -65.2263
250.49 742.348 893.313 1321.511 -35.25579
251.69 792.112 1049.106 1539.214 -52.436
252.89 709.157 916.154 1388.919 -43.78443
254.08 547.587 579.204 954.138 -8.43273
255.28 770.142 976.919 1400.072 -48.86551
256.47 555.329 577.666 955.382 -5.91351
257.67 891.986 1159.099 1530.833 -71.85602
258.86 883.877 1172.898 1590.417 -69.22366
260.06 746.688 917.809 1356.442 -39.01234
261.26 1097.396 1459.546 1914.546 -79.59334
262.45 767.195 939.063 1294.389 -48.36923
263.65 613.316 565.158 907.488 14.06794
264.84 879.756 1081.531 1469.771 -51.97181
266.04 592.657 804.154 1217.419 -51.1772
267.23 469.976 487.661 823.556 -5.26501
268.42 596.654 706.584 1015.802 -35.55133
269.62 741.211 882.641 1322.401 -32.16076
270.81 784.525 959.736 1397.256 -40.04629
272.01 710.375 923.056 1333.752 -51.78554
273.2 899.723 1164.034 1567.583 -65.4967
274.4 585.106 664.852 908.767 -32.69397
275.59 815.044 1028.883 1499.385 -45.44912
276.78 762.226 892.718 1361.913 -27.81194
277.98 666.812 772.746 1191.206 -25.31524
279.17 711.927 903.201 1285.069 -50.08883
280.37 749.486 837.985 1198.621 -24.53974
281.56 557.983 528.915 926.504 7.31097
282.75 630.331 617.508 1021.047 3.17772
283.95 676.595 801.186 1237.537 -28.55286
285.14 704.415 863.193 1247.675 -41.2967
286.33 597.271 700.267 1012.118 -33.02744
287.52 745.362 948.548 1368.358 -48.39959
288.72 859.888 1136.95 1615.434 -57.90407
289.91 1083.065 1410.373 1957.179 -59.8581
291.1 819.437 1007.024 1453.634 -42.00263
292.29 808.911 997.623 1395.057 -47.48248
293.49 841.992 1044.239 1446.568 -50.26893
294.68 612.786 729.845 997.629 -43.71349
295.87 665.453 803.102 1201.145 -34.58152
297.06 751.385 940.38 1418.817 -39.50266
298.26 459.775 420.179 733.9 12.62156
299.45 677.231 789.13 1098.195 -36.20574
300.64 688.619 822.859 1190.661 -36.49813
301.83 757.097 857.028 1294.202 -22.85846
303.02 654.238 630.384 1057.142 5.58945
304.21 850.63 1123.525 1573.39 -60.66159
305.4 702.959 875.356 1160.092 -60.54616
306.59 746.329 920.166 1316.882 -43.81878
307.79 697.215 803.053 1187.683 -27.51664
308.98 444.932 579.113 932.851 -37.93211
310.17 864.381 966.081 1430.275 -21.90902
311.36 714.906 857.597 1178.563 -44.45655
312.55 1138.623 1560.657 2066.731 -83.39363
313.74 523.926 584.359 957.404 -16.19991
314.93 865.138 1009.007 1474.29 -30.92074
316.12 696.355 787.067 1192.958 -22.34889
317.31 435.828 406.823 740.217 8.69968
318.5 491.426 574.859 920.404 -24.1453
319.69 706.209 830.799 1262.736 -28.8444
320.88 652.046 736.225 1134.55 -21.13338
322.07 583.43 607.271 993.686 -6.16954
323.26 553.82 607.342 935.817 -16.29409
324.45 496.983 447.415 793.504 14.32222
325.64 655.472 766.749 1195.274 -25.96764
326.83 729.937 996.024 1395.634 -66.58696
328.01 631.942 738.436 1110.916 -28.59077
329.2 829.215 976.053 1403.683 -34.33744
330.39 659.385 727.38 1086.817 -18.91717
331.58 490.163 542.908 969.366 -12.36815
332.77 946.994 1253.081 1742.233 -62.57502
333.96 418.168 448.82 671.648 -13.75593
335.15 548.72 524.964 868.466 6.91572
336.33 550.663 590.908 878.866 -13.97599
337.52 581.483 719.415 1040.504 -42.95777
338.71 636.081 710.45 1050.191 -21.89014
339.9 540.589 614.932 995.09 -19.55589
341.08 571.734 688.2 1067.812 -30.68019
342.27 750.699 879.475 1376.672 -25.90033
343.46 817.206 1063.729 1446.619 -64.3849
344.65 774.706 897.229 1356.119 -26.69992
345.83 862.984 983.257 1460.668 -25.19272
347.02 504.304 470.264 791.306 10.6029
348.21 853.154 1021.584 1513.302 -34.2536
349.4 509.839 462.989 862.946 11.71363
350.58 636.703 718.045 1108.789 -20.81727
351.77 589.405 575.369 941.11 3.83764
352.96 419.813 324.088 698.37 25.57573
354.14 630.962 619.926 1114.21 2.23281
355.33 533.231 536.13 920.695 -0.75387
356.51 467.1 387.098 701.82 25.41989
357.7 671.139 679.734 1173.743 -1.73991
358.89 596.193 511.721 949.225 19.30772
360.07 856.919 915.105 1399.957 -12.00065
361.26 896.503 1061.79 1572.085 -32.39048
362.44 712.099 733.483 1177.108 -4.82026
363.63 652.732 481.743 950.435 36.48214
364.81 675.829 531.437 1069.458 26.83763
366.0 488.004 276.518 729.538 46.68371
367.18 1164.444 1403.392 2092.821 -34.6587
368.37 618.72 529.85 875.253 25.72926
369.55 807.468 737.065 1246.445 13.82133
370.74 886.288 911.572 1458.582 -4.62229
371.92 1072.921 1158.332 1668.41 -16.74486
373.11 646.414 476.078 1016.963 31.49211
374.29 554.011 421.772 908.985 27.14193
375.48 673.266 531.741 1060.623 26.75923
376.66 592.37 441.53 902.257 32.73957
377.84 967.22 953.85 1582.253 2.12757
379.03 596.829 405.051 908.67 38.07999
380.21 504.709 332.184 747.024 41.5882
381.39 512.987 266.212 675.074 60.35659
382.58 912.669 816.548 1409.101 16.22159
383.76 1121.376 1148.784 1715.705 -4.83442
384.94 1164.943 1254.164 1936.868 -13.06877
386.13 741.054 426.593 963.237 58.59758
387.31 827.24 618.339 1185.047 36.86218
388.49 723.868 474.688 1029.093 44.9456
389.68 830.354 637.952 1263.246 30.76986
390.86 812.494 567.466 1204.521 38.46251
392.04 1148.361 982.706 1677.693 23.83561
393.22 895.494 445.466 1111.021 67.61689
394.41 886.008 473.202 1085.367 67.43369
395.59 770.334 193.463 865.952 85.78144
396.77 969.562 552.689 1295.349 56.13236
397.95 1076.448 637.576 1375.151 59.502
399.13 1156.082 792.678 1560.643 47.32038
400.31 1053.878 447.511 1233.657 77.13156
401.5 1239.642 626.304 1514.36 69.06525
402.68 1361.487 734.712 1616.074 71.11439
403.86 1156.535 434.445 1296.108 83.80182
405.04 1350.418 807.263 1861.292 51.53128
406.22 1088.183 367.783 1341.448 73.98854
407.4 1393.264 697.013 1747.671 66.26813
408.58 1537.982 814.301 1875.791 68.17599
409.76 1750.405 947.755 2029.398 74.20653
410.94 1540.994 624.466 1721.521 83.54437
412.12 1430.15 502.9 1505.972 92.44105
413.3 1397.247 359.093 1500.994 90.91449
414.48 1286.546 371.111 1363.838 92.21417
415.66 1427.557 445.277 1491.567 93.88217
416.84 2047.066 1233.1 2392.132 70.22812
418.02 1753.498 623.378 1795.303 96.43281
419.2 1601.427 419.586 1512.357 108.15087
420.38 1716.153 583.97 1792.589 93.67576
421.56 1648.119 427.245 1581.949 105.73046
422.74 1900.663 1081.794 2295.154 67.48771
423.92 1720.272 865.995 2097.57 69.36458
425.1 1675.046 464.111 1706.838 97.44176
426.28 1727.465 405.995 1712.327 101.15882
427.46 2345.805 1356.492 2799.259 68.57058
428.63 1919.892 571.861 2000.716 94.34345
429.81 1946.027 687.964 1968.209 98.26737
430.99 1980.876 754.784 2180.705 85.98603
432.17 2170.253 1145.347 2523.941 74.34428
433.35 2043.315 827.316 2288.823 83.20172
434.52 1730.321 155.069 1442.77 122.33059
435.7 1946.851 376.383 1827.128 108.2525
436.88 2261.226 840.104 2306.7 96.89933
438.06 2229.063 552.531 2072.014 110.33569
439.23 2200.706 399.115 1956.406 115.68743
440.41 2320.378 594.126 2298.869 101.2617
441.59 2403.014 828.456 2548.315 91.5516
442.77 2159.275 276.679 1951.4 112.41254
443.94 2445.623 760.657 2663.231 88.56246
445.12 2577.614 769.833 2568.167 100.52533
446.3 2893.365 1093.118 2946.475 97.13441
447.47 2866.0 666.72 2632.968 111.85162
448.65 3041.144 720.646 2715.525 116.32274
449.82 3007.644 500.146 2418.525 130.70921
451.0 3098.68 609.213 2599.83 125.06006
452.18 2989.635 476.823 2644.96 115.89724
453.35 3085.283 530.16 2753.3 114.93309
454.53 3155.052 558.865 2819.285 114.8542
455.7 3194.799 334.238 2713.311 120.23845
456.88 3647.248 945.935 3424.159 109.00198
458.05 3755.918 591.763 3040.792 129.20036
459.23 3906.876 315.784 2806.205 144.19622
460.4 4329.783 580.16 3298.8 137.92277
461.58 4455.588 719.432 3462.09 136.22391
462.75 4173.614 315.333 3204.667 133.53532
463.93 4458.381 628.696 3520.987 132.4101
465.1 4307.968 525.065 3629.945 121.83736
466.28 4238.759 218.101 3243.888 132.87974
467.45 4405.283 146.66 3291.8 135.40331
468.63 4891.278 523.249 3846.018 131.45752
469.8 5360.536 870.287 4222.273 133.95786
470.97 5402.258 405.259 3823.724 146.1767
472.15 5746.116 595.675 4138.332 145.38358
473.32 6023.759 704.601 4322.388 147.02795
474.49 6231.625 859.499 4671.896 140.91203
475.67 5750.981 507.573 4177.839 142.8618
476.84 5641.301 327.08 4088.476 141.2832
478.01 5816.253 636.347 4688.941 127.81703
479.19 5862.013 548.728 4557.862 132.52949
480.36 5966.084 309.02 4472.808 135.8634
481.53 6268.99 596.897 4836.903 133.77558
482.7 6597.038 497.129 4733.938 143.97414
483.88 6822.59 275.774 4583.755 151.96947
485.05 7045.749 361.935 4823.659 149.80338
486.22 7245.003 478.405 4938.797 151.7041
487.39 7299.633 333.595 4795.508 156.12223
488.56 7418.532 485.876 5021.991 152.83244
489.74 7350.734 897.2 5619.313 136.66626
490.91 6888.497 242.651 4990.851 139.9656
492.08 7120.032 375.876 5230.491 138.92256
493.25 7096.874 278.714 5092.587 141.63564
494.42 7278.25 476.778 5228.824 143.12724
495.59 7563.451 417.26 5317.48 145.83407
496.76 7799.098 465.756 5367.155 149.61733
497.93 8128.166 610.478 5616.483 150.17339
499.1 8338.132 572.753 5591.843 154.71687
500.27 8720.39 1040.792 6267.099 146.9412
501.44 8679.723 1228.534 6296.083 147.03733
502.61 8175.357 423.137 5408.076 155.51285
503.78 8022.622 629.929 5761.278 144.06919
504.95 8207.506 1123.474 6516.415 131.35749
506.12 7889.261 696.943 5888.053 138.55068
507.29 7779.595 335.186 5433.538 146.01599
508.46 7748.636 32.165 5307.125 146.28492
509.63 8741.136 1258.165 6645.125 138.90897
510.8 9046.739 1179.612 6671.095 143.26053
511.97 8866.522 558.552 5824.426 157.77001
513.14 9142.097 258.528 5792.702 160.52203
514.31 9530.312 785.746 6241.206 160.29017
515.48 9624.798 495.01 6045.359 164.49035
516.65 9363.62 525.087 6124.614 157.84429
517.81 9359.028 355.806 5922.374 161.73741
518.98 9488.604 695.01 6349.102 155.52619
520.15 8945.231 161.13 5858.695 154.17291
521.32 9323.419 703.605 6464.457 149.62741
522.49 9843.478 1502.503 7468.221 139.8151
523.65 9804.426 1158.859 7184.404 143.4819
524.82 9944.981 638.073 6545.839 157.53685
525.99 9823.117 78.517 6017.496 164.07871
527.16 10567.665 631.25 6882.031 158.96278
528.32 10744.436 730.182 7018.969 159.23984
529.49 11183.059 411.619 6654.732 172.53315
530.66 11257.438 114.367 6539.298 173.43487
531.82 11496.707 180.957 6592.071 176.50208
532.99 11655.09 320.274 6997.255 169.75959
534.16 11590.791 444.256 7148.912 166.25068
535.32 11712.344 794.401 7641.229 159.45988
536.49 11590.663 294.408 7207.866 163.39515
537.65 12018.342 1011.059 8080.564 155.7009
538.82 11945.508 321.816 7430.58 163.51215
539.99 12406.193 642.721 8076.725 158.23872
541.15 12827.171 818.39 8357.766 159.28084
542.32 13030.859 147.979 7854.74 167.16335
543.48 14315.35 811.155 8785.676 169.34177
544.65 14819.763 992.785 8917.718 174.47439
545.81 16018.89 1483.292 10133.099 168.04534
546.98 16233.612 503.106 9285.714 179.10974
548.14 16798.389 783.792 9857.099 176.50232
549.31 16953.064 402.873 9415.179 183.63992
550.47 16995.762 469.443 9763.554 177.81496
551.63 17575.529 914.806 10766.874 169.10889
552.8 17324.961 454.584 10034.545 176.10068
553.96 17331.105 459.852 10240.767 172.49157
555.13 17579.08 391.45 10690.69 166.8825
556.29 18035.654 934.084 11394.302 163.49153
557.45 18146.367 274.46 10552.64 173.88203
558.62 18924.879 523.468 11224.534 171.95867
559.78 19442.113 771.606 11627.214 171.98951
560.94 19568.02 371.982 11276.809 176.03249
562.11 20708.813 391.088 11510.37 182.72515
563.27 21145.699 157.975 11361.672 187.32856
564.43 21800.684 32.397 11656.66 187.26595
565.59 22331.66 205.838 12004.749 187.52428
566.76 22908.48 351.073 12192.839 190.49023
567.92 23243.139 571.349 12448.455 190.88648
569.08 23624.736 715.042 13216.978 183.24918
570.24 23521.744 352.024 12896.877 184.69503
571.4 23342.746 226.366 12819.042 183.57004
572.57 23434.32 367.342 13100.317 181.15937
573.73 23449.438 55.524 13072.134 179.72355
574.89 23866.768 452.697 13544.0 178.8521
576.05 24323.316 476.158 13770.987 179.37168
577.21 23984.873 157.714 13514.587 178.38875
578.37 24572.24 18.954 13640.76 180.24986
579.53 25670.371 193.644 13978.47 184.81719
580.69 26099.916 597.535 14724.34 180.52476
581.85 26547.643 351.919 14327.072 187.44498
583.01 27220.885 401.88 14435.816 191.10108
584.17 28000.646 484.83 14656.854 194.15587
585.33 28167.617 572.517 14948.496 191.95284
586.49 28677.611 377.763 14735.049 197.11141
587.65 28864.75 573.278 15187.824 193.58433
588.81 28542.777 566.521 15553.064 186.67584
589.97 29110.781 929.433 15628.847 191.7175
591.13 28209.084 421.02 15287.808 186.91371
592.29 27848.674 336.574 15254.096 184.42809
593.45 27935.633 213.595 14965.508 187.92165
594.61 27976.521 134.052 15178.927 185.06282
595.77 27478.061 196.961 15395.896 179.49349
596.93 27622.279 91.091 14998.683 184.67898
598.09 28138.131 382.753 15545.343 183.0517
599.24 28201.355 138.067 15446.458 183.31965
600.4 28569.611 291.763 15433.549 186.75372
601.56 28866.363 233.39 15322.522 189.75891
602.72 29024.092 368.616 15465.42 189.81154
603.87 29976.389 473.064 15310.146 198.84856
605.03 29535.592 232.116 15238.92 195.26793
606.19 29653.457 148.514 14826.428 201.01592
607.35 29497.674 -3.926 15131.096 194.92274
608.5 29840.9 594.457 15492.328 196.31291
609.66 30346.189 989.651 15859.107 197.42846
610.82 29389.709 146.299 15137.236 195.07392
611.97 29329.154 125.084 14915.802 197.44864
613.13 29473.324 573.754 15514.6 193.4266
614.29 28632.998 496.993 15383.016 189.00955
615.44 28683.576 717.539 15456.908 189.737
616.6 28541.711 180.141 14843.401 193.41926
617.76 28118.818 663.0 15414.652 186.12029
618.91 28465.041 726.314 15170.268 192.04386
620.07 28255.555 641.049 15204.114 189.62015
621.22 28097.855 17.567 14577.958 192.85394
622.38 29075.654 1061.084 15637.302 192.19369
623.53 28378.746 78.366 14625.542 194.54209
624.69 28651.051 112.137 14268.832 201.59306
625.84 28841.736 217.542 14299.978 203.26168
627.0 28855.027 488.964 14831.709 197.7729
628.15 29318.453 -0.398 14734.646 198.97363
629.31 28747.115 318.175 14728.331 197.28406
630.46 29358.879 -23.532 14344.034 204.50514
631.61 29143.391 374.134 14629.264 201.81687
632.77 29527.754 228.189 14833.106 200.61438
633.92 29126.385 495.38 14691.816 201.67741
635.08 29247.641 949.577 15177.407 198.89233
636.23 29139.02 308.482 14744.809 199.70827
637.38 28157.338 -74.511 14334.446 195.93263
638.54 28458.951 654.76 15135.48 192.00834
639.69 28292.84 936.831 15459.111 188.37268
640.84 28522.398 490.402 14738.753 196.73853
641.99 28081.701 97.409 14039.882 200.71254
643.15 28612.002 816.916 14835.512 198.27297
644.3 28124.805 95.422 14179.142 199.01975
645.45 27958.105 -58.071 14110.771 197.73088
646.6 28778.408 811.436 15075.401 196.0673
647.75 28573.709 161.942 14418.031 199.29566
648.91 29114.512 -136.551 13971.661 207.33359
650.06 29072.313 225.455 14825.291 197.58344
651.21 30014.615 417.462 14565.42 209.19735
652.36 29875.416 450.969 14709.05 206.37032
653.51 29388.219 101.475 14213.68 207.52777
654.66 29816.52 273.982 14861.81 202.51499
655.81 30119.822 651.989 15048.939 204.68108
656.96 29925.623 69.495 14402.569 208.30234
658.11 30283.426 365.002 14800.199 207.26024
659.27 30601.227 531.009 14925.328 208.90337
660.42 29863.529 29.015 14459.958 206.73988
661.57 30199.33 421.022 14835.088 206.59201
662.72 29043.633 -139.971 14611.718 197.83229
663.87 29664.936 -99.965 14122.848 209.27577
665.01 29836.236 316.042 14693.978 205.31595
666.16 30588.539 41.049 14739.607 207.82643
667.31 30207.84 95.555 14982.237 202.27667
668.46 31092.143 760.562 15722.366 202.72676
669.61 30586.943 206.069 15547.996 198.02515
670.76 31393.246 4.575 15214.626 206.36796
671.91 31991.547 769.582 16378.756 200.02317
673.06 32405.35 519.589 16014.886 205.77702
674.21 31749.15 -161.405 15583.016 202.6785
675.35 32550.953 284.102 15720.146 209.03576
676.5 32614.254 167.609 15849.774 206.90156
677.65 33178.555 72.615 15783.904 210.71434
678.8 32971.859 -110.878 15727.034 208.8832
679.94 33912.16 40.629 16048.164 211.59742
681.09 35475.961 370.135 17049.793 210.4709
682.24 35527.262 363.142 17513.924 205.02925
683.39 35296.066 -1.851 17222.553 204.92969
684.53 36564.867 558.155 17196.684 216.40563
685.68 36307.668 214.662 17614.813 207.42927
686.83 36549.969 301.169 17607.443 209.45467
687.97 36798.773 298.175 17622.072 210.69508
689.12 37000.074 178.182 17514.703 212.39493
690.27 35935.875 68.189 17408.832 206.84173
691.41 37066.176 468.195 17969.961 209.11022
692.56 36554.48 358.702 17742.592 208.2145
693.7 37773.781 378.709 17681.721 216.11886
694.85 37060.582 48.215 17192.852 215.88307
695.99 37081.883 398.222 17794.98 210.86492
697.14 36420.188 184.229 17551.111 208.64976
698.28 36918.488 342.735 18251.74 204.23107
699.43 36517.289 391.242 18390.369 200.70999
700.57 37267.094 -74.251 17710.5 209.9627
701.72 36964.895 -50.745 17219.129 214.33648
702.86 37210.695 -107.738 17549.26 211.35209
704.01 38357.496 50.269 17415.389 220.59869
705.15 38286.801 433.275 18332.02 211.48705
706.29 38428.602 126.782 17723.648 217.66273
707.44 38522.902 171.288 18374.777 210.68277
708.58 38841.703 -124.205 17936.408 215.75075
709.72 39070.008 629.302 18731.037 212.35923
710.87 39169.809 -137.192 17783.168 219.3427
712.01 39238.609 0.315 17644.297 222.38911
713.15 40007.91 217.322 18427.928 218.50228
714.3 39329.715 348.828 17921.557 221.82604
715.44 39441.516 92.335 18611.186 212.48177
716.58 39085.316 277.342 18420.816 213.89494
717.72 39748.617 52.848 18398.945 216.37174
718.87 40354.422 240.855 18262.076 222.59073
720.01 38362.223 117.362 18078.205 212.93466
721.15 38893.523 -54.132 17879.836 217.17255
722.29 38436.824 345.875 18022.965 215.48201
723.43 39187.629 498.882 18553.596 214.28613
724.57 38942.43 450.388 18287.225 215.80083
725.72 38434.23 244.895 18067.354 214.27647
726.86 39277.031 678.902 18459.484 217.08023
728.0 38212.336 164.408 17772.113 216.08681
729.14 38959.637 -2.085 17477.244 222.9017
730.28 37875.438 481.422 17805.373 215.85154
731.42 38987.742 10.928 17753.004 219.68576
732.56 39358.543 722.435 18545.133 216.78036
733.7 39115.344 386.942 18597.262 212.67283
734.84 39116.145 -127.052 17331.393 224.7806
735.98 38537.949 148.955 17932.521 215.8678
737.12 39044.25 -3.038 17789.152 219.46307
738.26 38813.551 17.468 17486.281 222.08769
739.4 39541.852 228.475 17917.912 222.2421
740.53 39129.156 407.482 18162.541 218.08812
741.67 39230.957 273.488 17733.67 223.12178
742.81 39442.758 -222.505 17185.301 227.85906
743.95 38538.059 241.002 17969.93 216.01451
745.09 39110.363 19.508 17370.561 225.29386
746.23 39056.664 399.515 17605.189 224.67674
747.36 39131.465 453.522 17477.32 227.19925
748.5 38730.766 60.028 17069.949 227.34225
749.64 37838.57 25.035 17006.078 222.68087
750.78 38084.371 -5.458 16833.209 226.20454
751.92 38086.672 74.548 16909.838 225.78836
753.05 37601.473 155.555 16258.969 232.53403
754.19 38670.277 635.562 16783.098 235.54501
755.33 36724.578 -151.932 16117.228 226.66512
756.46 36558.879 245.075 16057.357 229.65567
757.6 36464.68 82.082 15697.487 232.99169
758.74 36136.984 562.088 16315.617 225.82176
759.87 35753.785 244.595 16092.247 224.06594
761.01 34980.086 271.102 15563.377 226.9707
762.14 35278.887 234.608 15825.006 224.78117
763.28 35608.691 408.115 15272.136 236.81732
764.41 34668.492 249.121 15157.766 230.86855
765.55 34991.793 -123.872 14748.896 236.10713
766.69 34012.598 289.635 15202.025 226.14056
767.82 34318.398 266.641 15014.155 230.89829
768.95 33776.699 26.148 14525.285 232.77628
770.09 32832.5 737.655 15281.915 220.67018
771.22 33958.305 661.661 15275.044 227.85035
772.36 33348.105 504.168 14678.674 231.71134
773.49 32623.406 489.175 14838.804 223.93772
774.63 32439.209 196.181 14003.434 233.52241
775.76 31464.51 154.688 13969.563 226.63847
776.89 32165.813 428.195 14067.693 232.68904
778.03 32355.113 360.201 13450.823 244.41094
779.16 31805.416 8.708 13358.952 238.17323
780.29 31097.717 308.215 13035.582 241.91572
781.43 31450.52 606.221 13093.712 247.00157
782.56 29897.82 315.228 13181.842 229.91747
783.69 30029.123 11.735 12475.972 240.82813
784.82 29433.924 233.241 12821.602 231.96574
785.96 28924.727 116.748 12587.731 231.00005
787.09 28506.527 204.255 12186.361 236.20448
788.22 28315.83 394.261 12237.99 235.74981
789.35 28492.631 157.768 11739.62 244.64881
790.48 27604.434 142.275 12009.25 231.41667
791.62 27264.734 580.281 11944.38 234.81364
792.75 27352.037 5.288 11194.01 244.41352
793.88 26439.338 737.795 11788.14 232.58589
795.01 26446.641 353.801 11355.77 237.16519
796.14 26442.941 404.808 11514.898 234.36473
797.27 25530.744 493.815 11487.528 227.7386
798.4 25907.545 283.321 10909.158 241.15017
799.53 25104.848 -4.672 10310.788 243.41638
800.66 24375.65 316.335 10739.418 230.82724
801.79 25515.951 1276.841 11846.548 229.32623
802.92 24456.754 199.848 10216.178 242.1736
804.05 23782.055 381.855 10327.308 235.28541
805.18 24075.357 290.861 10017.937 244.51848
806.31 24298.158 215.868 9756.066 252.42966
807.44 23721.461 -64.625 9580.196 246.62028
808.57 23820.762 400.381 10089.826 241.71024
809.69 23386.064 400.888 9940.456 240.94567
810.82 21989.865 -163.605 9102.586 239.07849
811.95 23604.668 988.401 10112.216 247.8817
813.08 22187.469 103.908 8928.345 250.25462
814.21 21984.771 1064.915 10169.975 229.76078
815.33 22054.072 282.921 9203.104 244.06618
816.46 21165.375 308.928 9013.734 239.59691
817.59 20870.176 847.435 9490.864 231.65273
818.72 21095.979 504.441 8670.494 252.16022
819.84 20915.279 896.448 9116.124 243.54769
820.97 20046.582 446.454 8550.754 241.84851
822.1 20081.383 593.961 8538.383 245.29692
823.22 19287.186 -30.532 7767.513 247.72514
824.35 19504.486 92.474 7844.143 250.42367
825.48 19607.789 574.481 7850.272 261.59777
826.6 18520.59 310.488 7455.902 254.85018
827.73 18291.393 -144.506 7245.032 249.4865
828.85 18494.193 268.501 7361.662 256.94741
829.98 18331.496 610.008 7638.292 252.14532
831.11 17873.797 70.014 6945.921 258.92995
832.23 17683.1 81.521 6962.051 255.8172
833.36 17791.4 524.528 7592.181 244.30844
834.48 16843.203 259.034 6894.811 249.92056
835.6 17463.006 482.041 7014.94 259.92999
836.73 16993.807 -7.952 6711.07 253.03919
837.85 16311.608 535.054 6989.7 244.4217
838.98 16627.41 -104.439 6228.33 264.21065
840.1 16559.213 458.568 6766.959 255.22585
841.23 15757.014 371.074 6570.589 248.17975
842.35 16321.815 720.581 7111.219 244.12641
843.47 15889.617 248.588 6354.849 256.14741
844.6 15383.919 26.594 6149.978 250.79801
845.72 15772.721 155.101 6077.608 263.69948
846.84 15693.022 134.608 5955.738 267.27482
847.96 15394.824 139.114 5813.368 268.85845
849.09 15201.126 58.121 5820.497 262.79099
850.21 14976.928 232.628 5935.127 258.55856
851.33 14914.229 385.134 5976.757 259.83684
852.45 14205.032 25.141 5610.387 253.88124
853.57 14422.834 232.148 5832.016 253.41106
854.7 14021.636 67.654 5477.146 257.95365
855.82 13833.438 -0.339 5659.776 244.40805
856.94 14047.239 485.168 5827.405 253.865
858.06 13423.541 -64.326 5132.035 259.5637
859.18 13814.343 425.181 5653.165 256.10563
860.3 13951.145 244.688 5345.295 268.72206
861.42 13281.946 -89.306 5013.424 262.04114
862.54 12725.248 -65.799 4962.554 254.37845
863.66 12899.55 50.708 4975.184 260.91793
864.78 13114.852 186.714 5073.814 264.53598
865.9 12882.153 244.221 5222.943 253.83886
867.02 13655.455 1277.228 6443.073 239.61667
868.14 13372.757 879.234 5701.203 259.09588
869.26 12553.559 575.741 5163.833 261.06315
870.38 12137.86 -90.252 4456.962 268.91434
871.5 11801.662 -94.746 4453.592 261.55505
872.62 12066.464 69.761 4578.222 266.09307
873.74 12098.266 699.268 5511.852 236.85816
874.85 11752.917 40.271 4430.417 266.79402
875.97 11569.417 286.271 4564.417 263.73918
877.09 11777.917 373.271 4811.917 256.93977
878.21 11126.917 220.771 4370.917 262.78948
879.33 11190.417 334.771 4641.417 252.06732
880.44 11100.417 254.771 4375.417 263.20259
881.56 10870.417 111.271 4114.417 268.76729
882.68 10783.917 256.271 4367.917 256.04459
883.79 11144.917 826.771 4988.417 247.93428
884.91 10629.917 -58.229 3702.917 284.1726
886.03 10716.417 456.271 4455.417 256.55845
887.14 11131.917 659.271 4800.417 252.89248
888.26 10967.417 777.271 4809.917 252.69133
889.38 11367.917 636.271 4577.417 272.29763
890.49 10594.917 -89.729 4014.417 260.33787
891.61 11505.917 307.771 4176.917 289.42167
892.72 10746.917 -13.229 4058.417 264.27018
893.84 11184.417 -99.229 3906.917 281.65839
894.95 11069.417 -87.229 3941.917 276.89854
896.07 11282.917 152.271 4075.417 283.71736
897.18 11062.917 384.271 4307.417 272.19601
898.3 10640.417 -41.229 3881.917 272.27247
899.41 11097.417 577.271 4446.917 271.86329
900.53 10671.417 335.771 4029.417 279.82233
901.64 10536.417 462.271 4350.417 259.09899
902.75 10312.917 262.771 4055.917 264.95543
903.87 10359.917 116.771 3876.417 272.44976
904.98 10672.417 403.771 4044.917 282.01688
906.09 9943.417 235.771 3943.917 261.79245
907.21 9935.417 438.771 3919.917 272.8023
908.32 9602.417 198.271 3488.417 285.82763
909.43 9553.417 650.771 3977.917 267.57607
910.54 9443.417 280.271 3820.917 258.79872
911.66 9587.917 1160.771 4581.417 246.36127
912.77 8830.417 85.771 3214.417 279.50258
913.88 8824.417 300.271 3645.417 254.82136
914.99 8493.917 69.271 3371.417 255.12641
916.1 9150.417 349.771 3617.417 269.3268
917.22 8445.917 58.771 2918.417 293.29317
918.33 8814.417 688.771 3724.917 267.63029
919.44 8322.417 270.271 3384.417 258.56676
920.55 8832.917 660.771 3674.417 271.17141
921.66 8046.417 428.771 3272.917 267.83597
922.77 8069.917 488.271 3282.417 271.34036
923.88 8405.417 623.271 3542.917 266.54418
924.99 7781.417 373.771 3227.417 259.58531
926.1 7383.917 -11.229 2623.917 280.63515
927.21 7473.417 652.771 3484.417 240.87212
928.32 7108.417 -84.729 2456.417 283.06701
929.43 7069.917 251.771 2756.917 272.16561
930.54 6777.417 111.271 2439.417 286.32852
931.65 6656.417 266.271 2607.917 272.8912
932.76 6633.917 381.771 2750.917 263.89872
933.86 6431.917 302.271 2464.417 283.49824
934.97 6239.917 113.771 2305.417 279.5226
936.08 5930.417 164.771 2138.417 292.13172
937.19 5666.917 708.271 2768.917 240.6355
938.3 5132.917 472.271 2273.917 258.68822
939.4 4932.917 674.771 2431.417 242.40205
940.51 4398.917 305.271 1864.417 262.55695
941.62 4269.417 503.771 1984.417 254.32455
942.73 4382.417 1102.771 2513.917 232.41011
943.83 3697.917 302.771 1592.417 263.26189
944.94 3645.917 338.271 1721.417 239.13936
946.05 3538.917 -35.729 1180.417 293.93235
947.15 3699.417 -25.729 1255.417 290.76674
948.26 3718.417 228.771 1623.917 250.12769
949.36 4106.917 98.271 1469.917 292.25079
950.47 3998.917 326.771 1819.917 245.93351
951.57 4496.917 844.771 2349.917 242.64396
952.68 4309.917 568.771 1976.417 265.77323
953.79 4122.917 439.271 2026.417 232.09246
954.89 4128.917 121.771 1668.417 259.08619
955.99 4406.917 391.271 2152.917 227.94851
957.1 4322.917 230.271 1637.417 290.84731
958.2 4329.417 271.271 1806.417 264.3492
959.31 4370.417 455.771 2090.917 239.4065
960.41 4192.417 130.271 1642.917 268.54573
961.52 4157.917 10.271 1452.917 287.5027
962.62 4379.917 493.771 1946.917 267.42986
963.72 4046.417 -50.729 1492.417 265.50608
964.83 4176.917 -70.729 1396.917 289.41899
965.93 4512.417 341.771 1883.917 270.44432
967.03 4424.417 714.271 2232.917 244.30617
968.13 4437.917 466.771 1975.417 263.22585
969.24 4187.417 175.771 1604.417 280.80058
970.34 4194.417 206.771 1605.917 285.00573
971.44 4153.417 265.771 1650.417 280.76824
972.54 4162.417 346.771 1881.917 248.55266
973.64 3866.917 142.271 1643.917 248.03758
974.75 4404.417 1069.771 2472.917 237.65495
975.85 5460.417 3162.271 4867.417 134.77709
976.95 3689.917 189.771 1479.917 271.29848
978.05 4094.917 525.771 1934.917 253.28436
979.15 4198.917 896.271 2298.917 235.45826
980.25 3649.917 99.771 1282.917 300.05989
981.35 3574.917 179.271 1406.417 276.71088
982.45 4163.417 891.771 2297.417 232.75034
983.55 3720.417 462.771 1760.417 251.04277
984.65 3728.417 418.271 1628.917 273.41985
985.75 3562.417 675.271 1828.917 250.26277
986.85 3321.417 372.271 1638.417 232.92309
987.95 3235.917 185.271 1345.917 262.84039
989.05 3535.917 783.271 2071.417 213.69053
990.15 3335.417 628.271 1710.417 250.16462
991.25 3021.917 443.271 1513.917 240.84958
992.34 3505.917 835.771 1982.917 232.7643
993.44 3149.917 478.271 1473.917 268.33297
994.54 2900.917 386.771 1334.417 265.30439
995.64 2993.417 731.271 1754.417 221.09712
996.74 2998.917 789.271 1829.917 212.3341
997.83 2601.417 73.771 1008.417 270.4389
998.93 2683.917 315.271 1299.917 240.55817
1000.03 3195.917 1230.771 2285.917 186.244
1001.12 2823.917 704.771 1735.417 205.6134
1002.22 2829.417 729.271 1828.417 191.07073
1003.32 2390.417 272.271 1190.917 230.57265
1004.41 2504.917 467.271 1408.417 216.50694
1005.51 2430.917 402.771 1217.917 248.80775
1006.6 2145.417 188.771 987.917 244.84215
1007.7 2387.417 624.271 1470.917 208.25071
1008.8 2002.417 103.271 755.917 290.99178
1009.89 2277.917 577.771 1331.917 225.43995
1010.99 2339.917 384.771 1149.417 255.69302
1012.08 2158.417 47.271 826.417 270.95645
1013.18 2184.417 394.271 1240.917 211.43977
1014.27 2400.917 202.271 1009.417 272.3976
1015.36 2326.917 334.271 1124.417 252.18712
1016.46 2384.917 402.771 1194.917 250.22489
1017.55 2164.417 148.271 862.917 282.11818
1018.65 2255.917 496.771 1208.917 247.02048
1019.74 2214.417 586.771 1441.917 190.33549
1020.83 2175.917 505.271 1239.417 227.56324
1021.93 1961.417 280.271 1081.417 209.84268
1023.02 1732.417 38.271 740.917 241.10948
1024.11 1821.917 63.771 754.417 254.56546
1025.2 1656.417 88.271 722.417 247.28472
1026.3 1880.417 454.271 1131.917 210.45594
1027.39 1800.417 597.771 1268.417 179.32652
1028.48 1791.917 486.771 1072.417 222.85583
1029.57 1608.417 312.771 901.917 219.91936
1030.66 1551.917 451.771 1035.417 188.49546
1031.75 2166.417 1483.271 2155.917 101.561
1032.84 1661.417 652.771 1237.417 172.52254
1033.94 1324.417 161.271 678.417 224.91639
1035.03 1616.417 773.771 1262.917 172.26884
1036.12 1125.917 90.271 614.917 197.39902
1037.21 1237.417 66.771 609.417 215.72924
1038.3 1495.917 522.771 1049.417 184.78184
1039.39 1136.417 153.271 549.417 248.17773
1040.48 1227.417 455.771 904.417 171.99441
1041.57 1336.417 616.271 1021.917 177.53066
1042.66 1235.917 441.771 862.917 188.56788
1043.74 1305.417 508.271 928.417 189.73073
1044.83 1198.417 543.271 974.917 151.77854
1045.92 989.417 45.771 481.917 216.36017
1047.01 1212.917 617.771 1054.417 136.29944
1048.1 740.917 96.771 402.417 210.74911
1049.19 961.917 502.271 822.417 143.57389
1050.27 972.917 342.271 705.417 173.66186
1051.36 947.417 305.271 681.417 170.71725
1052.45 1012.417 469.771 875.417 133.7733
1053.54 951.917 466.771 758.417 166.34759
1054.62 991.417 525.271 900.417 124.25723
1055.71 942.417 467.771 822.917 133.64815
1056.8 1064.917 688.271 1055.917 102.44801
1057.88 811.417 328.771 652.417 149.12777
1058.97 885.917 458.771 804.417 123.57905
1060.06 1061.417 834.771 1296.917 49.04206
1061.14 804.917 367.771 664.417 147.36287
1062.23 1471.417 1608.271 2089.917 -28.41387
1063.31 834.417 547.271 887.917 84.29454
1064.4 665.917 279.271 610.417 116.75999
1065.48 803.417 526.771 738.917 130.40361
1066.57 752.417 362.771 691.917 118.38091
1067.65 733.917 543.771 885.417 55.65584
1068.74 663.917 357.271 635.417 110.24642
1069.82 757.417 544.271 856.417 68.28406
1070.9 1569.417 2151.771 2635.417 -120.40917
1071.99 773.417 561.771 908.917 60.96742
1073.07 712.417 491.771 826.917 65.83577
1074.15 804.917 576.771 914.417 67.56957
1075.24 720.417 526.771 764.417 81.48506
1076.32 793.417 625.771 880.417 65.83491
1077.4 945.917 963.771 1324.417 -4.9506
1078.49 516.917 218.271 494.417 108.14788
1079.57 723.917 655.271 905.917 27.38759
1080.65 879.917 866.771 1207.917 3.85345
1081.73 615.917 382.771 651.417 86.78558
1082.81 442.417 238.271 479.917 84.48142
1083.89 680.417 548.771 799.417 52.52266
1084.98 618.417 533.271 847.417 27.10393
1086.06 439.417 267.771 470.917 84.4939
1087.14 501.917 283.771 487.417 107.12021
1088.22 641.917 524.771 765.417 48.67978
1089.3 400.917 261.771 458.417 70.75961
1090.38 924.917 1101.771 1433.417 -53.32623
1091.46 586.917 598.771 838.417 -4.94652
1092.54 489.417 405.771 657.917 33.17358
1093.62 476.917 412.771 674.917 24.46951
1094.7 441.417 186.271 429.417 104.93531
1095.78 603.417 490.771 699.917 53.85995
1096.86 604.917 545.771 843.917 19.8379
1097.93 933.417 1146.271 1458.417 -68.19064
1099.01 699.917 802.271 1099.917 -34.38789
1100.09 467.917 334.271 492.917 84.24163
