196.55 683.927 972.948 1339.379 -78.87453
197.76 1046.335 1427.472 1995.603 -67.08602
198.96 971.531 1340.45 1803.191 -79.72497
200.16 640.355 796.077 1227.164 -36.12314
201.36 1150.32 1587.379 2062.06 -92.07426
202.56 716.299 990.115 1401.163 -66.61418
203.76 721.629 849.94 1265.984 -30.84072
204.96 770.958 932.264 1411.806 -33.63757
206.16 591.345 712.367 946.298 -51.73385
207.36 890.974 1181.173 1687.519 -57.31228
208.56 797.175 1052.507 1476.29 -60.2506
209.76 562.68 637.704 982.138 -21.78199
210.96 703.381 888.539 1380.408 -37.64357
212.16 1430.303 2056.997 2537.841 -130.33221
213.36 868.902 1126.644 1600.47 -54.39614
214.56 727.633 890.479 1274.997 -42.35081
215.76 1287.629 1834.94 2402.485 -96.43488
216.96 1077.18 1568.862 2050.473 -102.09114
218.16 805.5 985.792 1447.599 -39.04048
219.35 641.272 716.838 1152.749 -17.33519
220.55 739.576 872.359 1328.661 -29.09984
221.75 660.556 810.596 1150.265 -44.17251
222.95 1071.334 1461.314 1932.768 -82.71839
224.15 896.009 1090.029 1574.459 -40.0511
225.35 742.865 782.472 1287.36 -7.84479
226.55 662.504 792.831 1188.111 -32.97076
227.75 1047.834 1378.814 1879.768 -66.06978
228.94 861.68 1122.204 1555.138 -60.17658
230.14 791.195 919.113 1379.351 -27.79366
231.34 654.479 847.028 1265.702 -45.99014
232.54 634.783 780.549 1133.115 -41.34439
233.74 681.948 805.869 1171.11 -33.92852
234.93 700.561 791.951 1221.947 -21.25374
236.13 777.721 951.574 1439.095 -35.66047
237.33 774.896 930.131 1313.452 -40.49752
238.53 694.381 887.381 1239.073 -54.87748
239.72 976.639 1373.993 1901.015 -75.39599
240.92 507.608 562.676 918.088 -15.49424
242.12 950.566 1152.807 1622.13 -43.09183
243.31 640.365 755.63 1186.695 -26.73956
244.51 572.407 627.0 952.653 -16.76412
245.71 1015.432 1278.803 1722.062 -59.41698
246.9 1202.907 1688.0 2212.153 -92.54799
248.1 765.165 950.954 1448.759 -37.32164
249.3 730.974 982.33 1398.854 -60.34616
250.49 736.304 893.313 1321.511 -36.6673
251.69 829.427 1049.106 1539.214 -44.82239
252.89 740.773 916.154 1388.919 -37.09681
254.08 552.18 579.204 954.138 -7.20781
255.28 732.325 976.919 1400.072 -57.80268
256.47 571.706 577.666 955.382 -1.57788
257.67 903.69 1159.099 1530.833 -68.70764
258.86 981.551 1172.898 1590.417 -45.82975
260.06 752.17 917.809 1356.442 -37.76262
261.26 1118.149 1459.546 1914.546 -75.03213
262.45 767.819 939.063 1294.389 -48.19347
263.65 498.407 565.158 907.488 -19.49879
264.84 915.113 1081.531 1469.771 -42.8649
266.04 665.273 804.154 1217.419 -33.60574
267.23 484.541 487.661 823.556 -0.92879
268.42 586.623 706.584 1015.802 -38.7951
269.62 747.268 882.641 1322.401 -30.78343
270.81 791.886 959.736 1397.256 -38.36398
272.01 719.551 923.056 1333.752 -49.55127
273.2 828.217 1164.034 1567.583 -83.21606
274.4 615.278 664.852 908.767 -20.32402
275.59 799.484 1028.883 1499.385 -48.75622
276.78 757.216 892.718 1361.913 -28.87983
277.98 636.258 772.746 1191.206 -32.61675
279.17 725.546 903.201 1285.069 -46.52257
280.37 723.841 837.985 1198.621 -31.6508
281.56 489.191 528.915 926.504 -9.99137
282.75 592.205 617.508 1021.047 -6.27013
283.95 652.98 801.186 1237.537 -33.96488
285.14 701.748 863.193 1247.675 -41.99036
286.33 593.562 700.267 1012.118 -34.2167
287.52 802.753 948.548 1368.358 -34.72895
288.72 856.5 1136.95 1615.434 -58.61197
289.91 1013.582 1410.373 1957.179 -72.56509
291.1 779.845 1007.024 1453.634 -50.86761
292.29 824.097 997.623 1395.057 -43.66148
293.49 756.49 1044.239 1446.568 -71.52076
294.68 555.01 729.845 997.629 -65.28909
295.87 663.793 803.102 1201.145 -34.99838
297.06 752.35 940.38 1418.817 -39.30079
298.26 442.211 420.179 733.9 7.02301
299.45 646.365 789.13 1098.195 -46.19254
300.64 672.076 822.859 1190.661 -40.99576
301.83 775.979 857.028 1294.202 -18.53926
303.02 651.015 630.384 1057.142 4.83422
304.21 897.375 1123.525 1573.39 -50.27063
305.4 716.943 875.356 1160.092 -55.63514
306.59 757.206 920.166 1316.882 -41.07717
307.79 735.917 803.053 1187.683 -17.45456
308.98 536.695 579.113 932.851 -11.9911
310.17 832.002 966.081 1430.275 -28.88423
311.36 721.099 857.597 1178.563 -42.52723
312.55 1105.877 1560.657 2066.731 -89.86424
313.74 533.046 584.359 957.404 -13.75501
314.93 850.675 1009.007 1474.29 -34.02913
316.12 590.953 787.067 1192.958 -48.31677
317.31 477.706 406.823 740.217 21.26097
318.5 503.046 574.859 920.404 -20.78233
319.69 650.768 830.799 1262.736 -41.6798
320.88 635.984 736.225 1134.55 -25.1658
322.07 559.196 607.271 993.686 -12.44115
323.26 611.906 607.342 935.817 1.38962
324.45 479.691 447.415 793.504 9.32578
325.64 670.392 766.749 1195.274 -22.48587
326.83 767.845 996.024 1395.634 -57.10064
328.01 638.495 738.436 1110.916 -26.83145
329.2 791.417 976.053 1403.683 -43.17642
330.39 610.85 727.38 1086.817 -32.42001
331.58 515.422 542.908 969.366 -6.44507
332.77 938.989 1253.081 1742.233 -64.21143
333.96 422.072 448.82 671.648 -12.00375
335.15 494.067 524.964 868.466 -8.99495
336.33 519.922 590.908 878.866 -24.65134
337.52 648.691 719.415 1040.504 -22.0265
338.71 599.031 710.45 1050.191 -32.79554
339.9 508.33 614.932 995.09 -28.04134
341.08 610.016 688.2 1067.812 -20.59585
342.27 729.969 879.475 1376.672 -30.06984
343.46 831.118 1063.729 1446.619 -60.75145
344.65 755.118 897.229 1356.119 -30.96846
345.83 804.19 983.257 1460.668 -37.50794
347.02 531.458 470.264 791.306 19.06102
348.21 818.123 1021.584 1513.302 -41.37767
349.4 552.505 462.989 862.946 22.38132
350.58 583.619 718.045 1108.789 -34.40253
351.77 545.448 575.369 941.11 -8.1809
352.96 453.757 324.088 698.37 34.64479
354.14 611.593 619.926 1114.21 -1.68589
355.33 535.865 536.13 920.695 -0.06885
356.51 408.629 387.098 701.82 6.84142
357.7 712.326 679.734 1173.743 6.59728
358.89 524.32 511.721 949.225 2.87965
360.07 830.897 915.105 1399.957 -17.36767
361.26 921.94 1061.79 1572.085 -27.4058
362.44 688.28 733.483 1177.108 -10.18949
363.63 605.667 481.743 950.435 26.44035
364.81 629.508 531.437 1069.458 18.22814
366.0 494.59 276.518 729.538 48.13748
367.18 1133.796 1403.392 2092.821 -39.10419
368.37 594.718 529.85 875.253 18.78031
369.55 730.393 737.065 1246.445 -1.30991
370.74 870.161 911.572 1458.582 -7.5705
371.92 1039.548 1158.332 1668.41 -23.28758
373.11 597.399 476.078 1016.963 22.42997
374.29 585.239 421.772 908.985 33.55156
375.48 728.063 531.741 1060.623 37.12027
376.66 539.053 441.53 902.257 21.16711
377.84 935.218 953.85 1582.253 -2.96501
379.03 620.857 405.051 908.67 42.85101
380.21 560.919 332.184 747.024 55.13814
381.39 501.991 266.212 675.074 57.6672
382.58 865.723 816.548 1409.101 8.29886
383.76 1028.202 1148.784 1715.705 -21.26964
384.94 1147.645 1254.164 1936.868 -15.60246
386.13 695.935 426.593 963.237 50.19001
387.31 857.816 618.339 1185.047 42.25747
388.49 702.553 474.688 1029.093 41.10088
389.68 873.104 637.952 1263.246 37.60666
390.86 846.14 567.466 1204.521 43.74414
392.04 997.253 982.706 1677.693 2.09316
393.22 906.64 445.466 1111.021 69.29171
394.41 914.589 473.202 1085.367 72.1026
395.59 736.006 193.463 865.952 80.67692
396.77 925.083 552.689 1295.349 50.14331
397.95 1014.795 637.576 1375.151 51.14315
399.13 1161.681 792.678 1560.643 48.04947
400.31 1057.352 447.511 1233.657 77.57351
401.5 1215.976 626.304 1514.36 66.40025
402.68 1291.991 734.712 1616.074 63.22933
403.86 1104.336 434.445 1296.108 77.74396
405.04 1256.398 807.263 1861.292 42.61123
406.22 1033.172 367.783 1341.448 68.33856
407.4 1328.913 697.013 1747.671 60.14325
408.58 1567.842 814.301 1875.791 70.98894
409.76 1603.599 947.755 2029.398 60.6341
410.94 1451.64 624.466 1721.521 75.39954
412.12 1431.124 502.9 1505.972 92.53816
413.3 1389.465 359.093 1500.994 90.23301
414.48 1323.635 371.111 1363.838 95.95027
415.66 1361.434 445.277 1491.567 87.5624
416.84 1933.733 1233.1 2392.132 60.44984
418.02 1698.79 623.378 1795.303 91.76457
419.2 1647.697 419.586 1512.357 112.38504
420.38 1762.774 583.97 1792.589 97.53314
421.56 1577.728 427.245 1581.949 99.63444
422.74 1919.574 1081.794 2295.154 69.04626
423.92 1797.213 865.995 2097.57 75.61191
425.1 1715.135 464.111 1706.838 100.66766
426.28 1696.243 405.995 1712.327 98.76873
427.46 2366.609 1356.492 2799.259 70.01248
428.63 1928.15 571.861 2000.716 94.92138
429.81 2019.536 687.964 1968.209 104.00921
430.99 2108.202 754.784 2180.705 94.91536
432.17 2141.114 1145.347 2523.941 72.23059
433.35 2083.408 827.316 2288.823 85.94499
434.52 1711.057 155.069 1442.77 120.83458
435.7 1978.454 376.383 1827.128 110.4309
436.88 2370.867 840.104 2306.7 104.3752
438.06 2403.083 552.531 2072.014 121.78823
439.23 2382.769 399.115 1956.406 127.37846
440.41 2473.701 594.126 2298.869 110.25561
441.59 2507.738 828.456 2548.315 97.64071
442.77 2264.211 276.679 1951.4 118.67842
443.94 2660.377 760.657 2663.231 99.85001
445.12 2720.578 769.833 2568.167 108.47515
446.3 3030.903 1093.118 2946.475 104.55541
447.47 2993.79 666.72 2632.968 118.35078
448.65 3286.975 720.646 2715.525 128.64586
449.82 3239.475 500.146 2418.525 142.79396
451.0 3365.021 609.213 2599.83 138.4399
452.18 3290.676 476.823 2644.96 129.78204
453.35 3382.011 530.16 2753.3 128.28034
454.53 3308.784 558.865 2819.285 121.65524
455.7 3324.959 334.238 2713.311 125.70951
456.88 3947.464 945.935 3424.159 121.11614
458.05 4015.898 591.763 3040.792 139.81599
459.23 4126.702 315.784 2806.205 153.02305
460.4 4586.511 580.16 3298.8 147.36603
461.58 4853.831 719.432 3462.09 150.74421
462.75 4601.578 315.333 3204.667 148.3472
463.93 4834.352 628.696 3520.987 145.40915
465.1 4755.393 525.065 3629.945 136.24772
466.28 4743.263 218.101 3243.888 149.55321
467.45 4792.011 146.66 3291.8 147.69936
468.63 5161.862 523.249 3846.018 139.60083
469.8 5764.836 870.287 4222.273 146.01936
470.97 5746.764 405.259 3823.724 156.2545
472.15 6232.078 595.675 4138.332 159.10102
473.32 6534.263 704.601 4322.388 161.1389
474.49 6875.876 859.499 4671.896 157.81089
475.67 6473.691 507.573 4177.839 162.55275
476.84 6275.959 327.08 4088.476 158.15615
478.01 6422.614 636.347 4688.941 142.77934
479.19 6399.088 548.728 4557.862 145.92578
480.36 6398.181 309.02 4472.808 146.24089
481.53 6826.99 596.897 4836.903 146.93594
482.7 7150.335 497.129 4733.938 157.03344
483.88 7457.83 275.774 4583.755 166.71512
485.05 7756.964 361.935 4823.659 165.74377
486.22 8014.289 478.405 4938.797 168.95113
487.39 7983.525 333.595 4795.508 171.44957
488.56 8122.686 485.876 5021.991 168.35573
489.74 8194.516 897.2 5619.313 154.53498
490.91 7663.639 242.651 4990.851 156.29056
492.08 7774.186 375.876 5230.491 152.39745
493.25 7443.552 278.714 5092.587 148.83729
494.42 7947.464 476.778 5228.824 157.20988
495.59 8107.794 417.26 5317.48 156.94261
496.76 8364.13 465.756 5367.155 161.1453
497.93 8982.572 610.478 5616.483 167.24101
499.1 9073.525 572.753 5591.843 169.3688
500.27 9428.5 1040.792 6267.099 160.49016
501.44 9504.217 1228.534 6296.083 163.30741
502.61 8783.104 423.137 5408.076 167.70449
503.78 8839.227 629.929 5761.278 159.98322
504.95 9025.938 1123.474 6516.415 146.53349
506.12 8509.763 696.943 5888.053 150.50383
507.29 8316.979 335.186 5433.538 156.55635
508.46 8472.676 32.165 5307.125 160.01089
509.63 9365.676 1258.165 6645.125 150.50252
510.8 9683.165 1179.612 6671.095 154.84985
511.97 9539.887 558.552 5824.426 170.55733
513.14 9945.979 258.528 5792.702 175.04782
514.31 10376.758 785.746 6241.206 175.80575
515.48 10397.809 495.01 6045.359 178.41759
516.65 10275.728 525.087 6124.614 174.1333
517.81 10239.536 355.806 5922.374 177.5552
518.98 10224.278 695.01 6349.102 168.53755
520.15 9778.365 161.13 5858.695 168.79554
521.32 10048.397 703.605 6464.457 162.21198
522.49 10586.541 1502.503 7468.221 152.27066
523.65 10661.546 1158.859 7184.404 157.70667
524.82 10329.191 638.073 6545.839 164.04033
525.99 10427.077 78.517 6017.496 174.24814
527.16 11340.422 631.25 6882.031 171.32535
528.32 11656.346 730.182 7018.969 173.74041
529.49 11985.434 411.619 6654.732 185.38531
530.66 12255.345 114.367 6539.298 188.96665
531.82 12414.769 180.957 6592.071 190.82192
532.99 12358.83 320.274 6997.255 180.29938
534.16 12535.66 444.256 7148.912 180.34341
535.32 12723.154 794.401 7641.229 174.22307
536.49 12457.923 294.408 7207.866 175.93966
537.65 13033.155 1011.059 8080.564 170.0557
538.82 12836.938 321.816 7430.58 176.05203
539.99 13172.319 642.721 8076.725 168.54442
541.15 13633.723 818.39 8357.766 169.9787
542.32 14177.103 147.979 7854.74 182.03656
543.48 15175.804 811.155 8785.676 180.13181
544.65 15783.762 992.785 8917.718 186.63852
545.81 17098.5 1483.292 10133.099 180.52667
546.98 17289.928 503.106 9285.714 191.13709
548.14 18217.0 783.792 9857.099 192.13731
549.31 18273.082 402.873 9415.179 198.28676
550.47 18418.262 469.443 9763.554 193.12035
551.63 18917.035 914.806 10766.874 182.72538
552.8 18990.594 454.584 10034.545 193.48732
553.96 18703.777 459.852 10240.767 186.52576
555.13 19013.031 391.45 10690.69 180.80539
556.29 19500.123 934.084 11394.302 177.4919
557.45 19320.902 274.46 10552.64 185.30949
558.62 20017.701 523.468 11224.534 182.17094
559.78 20458.928 771.606 11627.214 181.35623
560.94 20807.236 371.982 11276.809 187.39642
562.11 21679.758 391.088 11510.37 191.45723
563.27 22407.469 157.975 11361.672 198.59064
564.43 23024.52 32.397 11656.66 197.79424
565.59 23550.771 205.838 12004.749 197.85668
566.76 24258.191 351.073 12192.839 201.88812
567.92 24876.674 571.349 12448.455 204.64012
569.08 24952.016 715.042 13216.978 193.86577
570.24 24847.314 352.024 12896.877 195.26168
571.4 25260.814 226.366 12819.042 198.80165
572.57 24906.406 367.342 13100.317 192.72058
573.73 24570.346 55.524 13072.134 188.33492
574.89 25315.412 452.697 13544.0 189.91781
576.05 25641.908 476.158 13770.987 189.28976
577.21 25573.051 157.714 13514.587 190.27909
578.37 26014.164 18.954 13640.76 190.83527
579.53 26756.902 193.644 13978.47 192.69927
580.69 27201.246 597.535 14724.34 188.32079
581.85 27473.824 351.919 14327.072 194.07233
583.01 28751.85 401.88 14435.816 202.0101
584.17 29074.975 484.83 14656.854 201.73649
585.33 29869.076 572.517 14948.496 203.78827
586.49 30331.928 377.763 14735.049 208.6339
587.65 29832.465 573.278 15187.824 200.20592
588.81 30098.711 566.521 15553.064 197.05805
589.97 30254.361 929.433 15628.847 199.49726
591.13 29753.682 421.02 15287.808 197.30329
592.29 29689.221 336.574 15254.096 196.76624
593.45 29315.025 213.595 14965.508 197.27225
594.61 29161.887 134.052 15178.927 192.94168
595.77 28989.934 196.961 15395.896 189.44072
596.93 29126.361 91.091 14998.683 194.76835
598.09 29224.025 382.753 15545.343 190.21337
599.24 29362.953 138.067 15446.458 190.90763
600.4 29673.428 291.763 15433.549 194.04359
601.56 29598.752 233.39 15322.522 194.61266
602.72 30546.33 368.616 15465.42 199.89472
603.87 31119.85 473.064 15310.146 206.55534
605.03 30896.33 232.116 15238.92 204.33541
606.19 31199.943 148.514 14826.428 211.55206
607.35 31233.221 -3.926 15131.096 206.38984
608.5 31179.799 594.457 15492.328 205.30009
609.66 31563.67 989.651 15859.107 205.61625
610.82 30719.268 146.299 15137.236 203.94301
611.97 30275.123 125.084 14915.802 203.84433
613.13 30376.557 573.754 15514.6 199.47199
614.29 29861.639 496.993 15383.016 197.26321
615.44 29768.881 717.539 15456.908 197.1003
616.6 29359.768 180.141 14843.401 198.99821
617.76 29349.906 663.0 15414.652 194.46571
618.91 29323.834 726.314 15170.268 197.98956
620.07 28470.283 641.049 15204.114 191.09462
621.22 28687.953 17.567 14577.958 196.9067
622.38 29348.123 1061.084 15637.302 194.06296
623.53 28652.814 78.366 14625.542 196.42608
624.69 29130.633 112.137 14268.832 204.98072
625.84 28803.516 217.542 14299.978 202.99027
627.0 29307.537 488.964 14831.709 200.92788
628.15 29315.793 -0.398 14734.646 198.95558
629.31 29586.078 318.175 14728.331 203.10608
630.46 29661.201 -23.532 14344.034 206.60934
631.61 29149.0 374.134 14629.264 201.85622
632.77 30112.613 228.189 14833.106 204.61892
633.92 29557.35 495.38 14691.816 204.71313
635.08 29469.824 949.577 15177.407 200.45394
636.23 29469.236 308.482 14744.809 201.99567
637.38 28721.504 -74.511 14334.446 199.84801
638.54 29156.293 654.76 15135.48 196.824
639.69 28603.004 936.831 15459.111 190.50846
640.84 28572.201 490.402 14738.753 197.08807
641.99 28432.453 97.409 14039.882 203.22825
643.15 29019.207 816.916 14835.512 201.17772
644.3 28198.961 95.422 14179.142 199.54628
645.45 28145.713 -58.071 14110.771 199.05496
646.6 28812.467 811.436 15075.401 196.30607
647.75 28383.219 161.942 14418.031 197.95946
648.91 28632.973 -136.551 13971.661 203.92041
650.06 28928.725 225.455 14825.291 196.59995
651.21 29811.979 417.462 14565.42 207.76508
652.36 29522.232 450.969 14709.05 203.89324
653.51 29063.984 101.475 14213.68 205.23023
654.66 29371.238 273.982 14861.81 199.46257
655.81 29874.49 651.989 15048.939 202.97702
656.96 29609.244 69.495 14402.569 206.095
658.11 29994.498 365.002 14800.199 205.25869
659.27 29423.25 531.009 14925.328 200.71975
660.42 30048.004 29.015 14459.958 208.01821
661.57 30015.756 421.022 14835.088 205.31843
662.72 28862.51 -139.971 14611.718 196.60448
663.87 29346.262 -99.965 14122.848 207.03519
665.01 29334.516 316.042 14693.978 201.82643
666.16 29472.27 41.049 14739.607 200.23202
667.31 29773.021 95.555 14982.237 199.35582
668.46 30298.775 760.562 15722.366 197.42414
669.61 29487.027 206.069 15547.996 190.8558
670.76 30276.781 4.575 15214.626 199.02765
671.91 30660.033 769.582 16378.756 191.49285
673.06 31680.287 519.589 16014.886 201.09778
674.21 30308.541 -161.405 15583.016 193.52853
675.35 31514.793 284.102 15720.146 202.32316
676.5 31166.547 167.609 15849.774 197.67001
677.65 31685.299 72.615 15783.904 201.20999
678.8 31391.553 -110.878 15727.034 198.9052
679.94 32865.805 40.629 16048.164 205.06077
681.09 33512.059 370.135 17049.793 198.69666
682.24 34080.313 363.142 17513.924 196.59261
683.39 33814.566 -1.851 17222.553 196.32852
684.53 35268.316 558.155 17196.684 208.61317
685.68 34914.57 214.662 17614.813 199.42304
686.83 35008.324 301.169 17607.443 200.54666
687.97 34181.578 298.175 17622.072 195.58765
689.12 35521.832 178.182 17514.703 203.86818
690.27 34583.582 68.189 17408.832 199.04333
691.41 34762.836 468.195 17969.961 195.9496
692.56 34390.09 358.702 17742.592 195.76394
693.7 35553.844 378.709 17681.721 203.28909
694.85 35172.594 48.215 17192.852 204.87095
695.99 35109.848 398.222 17794.98 199.52927
697.14 34664.602 184.229 17551.111 198.54094
698.28 34995.855 342.735 18251.74 193.49551
699.43 35351.609 391.242 18390.369 194.23368
700.57 34369.859 -74.251 17710.5 193.67215
701.72 35104.613 -50.745 17219.129 203.56465
702.86 34823.367 -107.738 17549.26 197.83151
704.01 35604.621 50.269 17415.389 204.74579
705.15 35695.375 433.275 18332.02 197.00879
706.29 36628.125 126.782 17723.648 207.43093
707.44 36122.379 171.288 18374.777 197.4956
708.58 36448.633 -124.205 17936.408 202.50053
709.72 35926.387 629.302 18731.037 194.99282
710.87 36632.637 -137.192 17783.168 205.18466
712.01 36047.391 0.315 17644.297 204.30238
713.15 36455.145 217.322 18427.928 198.99295
714.3 36877.398 348.828 17921.557 207.8708
715.44 36534.652 92.335 18611.186 196.78499
716.58 36749.902 277.342 18420.816 201.02302
717.72 36106.156 52.848 18398.945 196.51759
718.87 37373.41 240.855 18262.076 206.04905
720.01 35385.164 117.362 18078.205 196.35939
721.15 36305.418 -54.132 17879.836 202.74125
722.29 36393.668 345.875 18022.965 203.9238
723.43 36523.422 498.882 18553.596 199.52983
724.57 36540.176 450.388 18287.225 202.3329
725.72 35816.93 244.895 18067.354 199.59106
726.86 35805.684 678.902 18459.484 197.55698
728.0 35660.934 164.408 17772.113 201.59655
729.14 36224.188 -2.085 17477.244 207.25208
730.28 35345.441 481.422 17805.373 201.2475
731.42 35406.695 10.928 17753.004 199.50184
732.56 35925.945 722.435 18545.133 197.52066
733.7 35475.699 386.942 18597.262 192.68611
734.84 35511.953 -127.052 17331.393 204.1362
735.98 36218.207 148.955 17932.521 202.8235
737.12 35969.961 -3.038 17789.152 202.1842
738.26 35444.211 17.468 17486.281 202.79994
739.4 35558.465 228.475 17917.912 199.72365
740.53 35495.219 407.482 18162.541 197.62106
741.67 34917.973 273.488 17733.67 198.41995
742.81 36271.227 -222.505 17185.301 209.64004
743.95 35183.477 241.002 17969.93 197.09299
745.09 34934.23 19.508 17370.561 201.22539
746.23 34889.484 399.515 17605.189 200.45694
747.36 34903.738 453.522 17477.32 202.36504
748.5 34786.988 60.028 17069.949 204.15709
749.64 33574.742 25.035 17006.078 197.57153
750.78 33796.496 -5.458 16833.209 200.74008
751.92 34135.75 74.548 16909.838 202.32026
753.05 33401.504 155.555 16258.969 206.4528
754.19 34081.254 635.562 16783.098 207.12567
755.33 32461.008 -151.932 16117.228 200.45867
756.46 32651.262 245.075 16057.357 204.94313
757.6 31987.516 82.082 15697.487 204.32024
758.74 31435.268 562.088 16315.617 195.97628
759.87 31565.521 244.595 16092.247 197.63764
761.01 30389.773 271.102 15563.377 196.9535
762.14 30809.027 234.608 15825.006 196.11058
763.28 31364.279 408.115 15272.136 208.26239
764.41 30284.533 249.121 15157.766 201.46307
765.55 30113.787 -123.872 14748.896 203.30889
766.69 29143.539 289.635 15202.025 193.48946
767.82 29414.793 266.641 15014.155 197.6479
768.95 29525.545 26.148 14525.285 203.45622
770.09 29173.799 737.655 15281.915 195.51454
771.22 29311.053 661.661 15275.044 196.04901
772.36 28515.305 504.168 14678.674 197.61632
773.49 28366.059 489.175 14838.804 194.26902
774.63 28070.811 196.181 14003.434 201.88397
775.76 26599.564 154.688 13969.563 191.4232
776.89 27497.816 428.195 14067.693 198.46493
778.03 27423.07 360.201 13450.823 206.73479
779.16 26808.324 8.708 13358.952 200.74252
780.29 26456.076 308.215 13035.582 205.44596
781.43 27048.83 606.221 13093.712 211.75278
782.56 25521.582 315.228 13181.842 195.90511
783.69 25038.836 11.735 12475.972 200.79128
784.82 24598.088 233.241 12821.602 193.5506
785.96 24421.342 116.748 12587.731 194.88915
787.09 24138.096 204.255 12186.361 199.74652
788.22 24079.348 394.261 12237.99 199.97998
789.35 23472.602 157.768 11739.62 201.30488
790.48 23389.854 142.275 12009.25 195.90147
791.62 22696.607 580.281 11944.38 194.61575
792.75 22690.859 5.288 11194.01 202.75391
793.88 21862.613 737.795 11788.14 191.16886
795.01 22259.367 353.801 11355.77 199.10588
796.14 22476.619 404.808 11514.898 198.66455
797.27 20799.373 493.815 11487.528 184.70154
798.4 20914.125 283.321 10909.158 194.15698
799.53 20485.879 -4.672 10310.788 198.63923
800.66 20343.631 316.335 10739.418 192.14368
801.79 20443.385 1276.841 11846.548 181.33468
802.92 19917.139 199.848 10216.178 196.85145
804.05 19298.891 381.855 10327.308 190.20789
805.18 18989.645 290.861 10017.937 192.23438
806.31 19714.396 215.868 9756.066 204.38284
807.44 19041.15 -64.625 9580.196 198.09361
808.57 19228.902 400.381 10089.826 194.31991
809.69 19003.656 400.888 9940.456 195.0064
810.82 17867.41 -163.605 9102.586 194.58929
811.95 18830.162 988.401 10112.216 195.55155
813.08 17648.416 103.908 8928.345 198.81731
814.21 18141.668 1064.915 10169.975 187.55234
815.33 17684.422 282.921 9203.104 195.08008
816.46 17322.176 308.928 9013.734 195.44659
817.59 17104.428 847.435 9490.864 188.08498
818.72 17004.182 504.441 8670.494 202.05282
819.84 16700.434 896.448 9116.124 192.27017
820.97 16118.688 446.454 8550.754 193.38171
822.1 15766.94 593.961 8538.383 190.9891
823.22 15164.193 -30.532 7767.513 194.85301
824.35 15557.946 92.474 7844.143 199.51153
825.48 15094.199 574.481 7850.272 199.56205
826.6 14794.452 310.488 7455.902 202.70293
827.73 14467.706 -144.506 7245.032 197.7419
828.85 14119.959 268.501 7361.662 195.27907
829.98 14465.212 610.008 7638.292 197.13496
831.11 13685.465 70.014 6945.921 198.01679
832.23 13918.718 81.521 6962.051 201.10656
833.36 14001.971 524.528 7592.181 190.69192
834.48 13099.224 259.034 6894.811 193.49943
835.6 13368.478 482.041 7014.94 197.25448
836.73 13407.73 -7.952 6711.07 199.66719
837.85 12839.483 535.054 6989.7 190.62905
838.98 12346.236 -104.439 6228.33 196.60714
840.1 13135.489 458.568 6766.959 200.95332
841.23 12535.242 371.074 6570.589 196.21162
842.35 12361.496 720.581 7111.219 182.15577
843.47 12516.749 248.588 6354.849 200.91119
844.6 11708.502 26.594 6149.978 190.77537
845.72 11899.755 155.101 6077.608 198.30545
846.84 12350.508 134.608 5955.738 209.85444
847.96 11863.761 139.114 5813.368 206.62888
849.09 11882.514 58.121 5820.497 205.19995
850.21 11643.768 232.628 5935.127 200.1077
851.33 11466.021 385.134 5976.757 198.16942
852.45 10677.773 25.141 5610.387 190.72809
853.57 10868.026 232.148 5832.016 189.93087
854.7 10702.279 67.654 5477.146 196.59195
855.82 10511.532 -0.339 5659.776 185.71834
856.94 10693.785 485.168 5827.405 191.09254
858.06 10357.039 -64.326 5132.035 200.55121
859.18 10167.292 425.181 5653.165 186.34546
860.3 10472.545 244.688 5345.295 200.52234
861.42 10288.798 -89.306 5013.424 203.38335
862.54 9935.551 -65.799 4962.554 198.89911
863.66 10047.304 50.708 4975.184 202.99815
864.78 9834.558 186.714 5073.814 197.4145
865.9 9669.811 244.221 5222.943 189.31743
867.02 10180.563 1277.228 6443.073 172.35002
868.14 10293.816 879.234 5701.203 195.24353
869.26 9621.069 575.741 5163.833 197.14792
870.38 9071.322 -90.252 4456.962 201.47662
871.5 9171.075 -94.746 4453.592 203.71883
872.62 9162.829 69.761 4578.222 201.68895
873.74 9029.582 699.268 5511.852 173.09442
874.85 8776.208 40.271 4430.417 198.98969
875.97 8729.208 286.271 4564.417 197.35039
877.09 9127.208 373.271 4811.917 197.22091
878.21 8308.208 220.771 4370.917 194.87116
879.33 8641.208 334.771 4641.417 192.87487
880.44 8197.708 254.771 4375.417 192.75953
881.56 7887.708 111.271 4114.417 194.25817
882.68 7874.708 256.271 4367.917 185.28926
883.79 8451.708 826.771 4988.417 183.21928
884.91 7764.708 -58.229 3702.917 207.99346
886.03 7725.708 456.271 4455.417 181.77477
887.14 7869.208 659.271 4800.417 174.1049
888.26 8070.708 777.271 4809.917 180.85987
889.38 8189.708 636.271 4577.417 191.65589
890.49 7857.208 -89.729 4014.417 193.63195
891.61 8413.208 307.771 4176.917 209.48907
892.72 7850.208 -13.229 4058.417 193.12676
893.84 8193.208 -99.229 3906.917 206.99289
894.95 7861.708 -87.229 3941.917 197.28592
896.07 8170.208 152.271 4075.417 204.37521
897.18 8151.708 384.271 4307.417 197.99004
898.3 7628.208 -41.229 3881.917 195.49203
899.41 8057.208 577.271 4446.917 193.29774
900.53 7779.708 335.771 4029.417 201.5336
901.64 7805.208 462.271 4350.417 188.85449
902.75 7594.708 262.771 4055.917 193.29437
903.87 7391.708 116.771 3876.417 193.50061
904.98 7461.208 403.771 4044.917 193.82463
906.09 7497.208 235.771 3943.917 195.82395
907.21 7049.208 438.771 3919.917 189.89258
908.32 7402.708 198.271 3488.417 218.97016
909.43 6993.708 650.771 3977.917 190.642
910.54 6891.708 280.271 3820.917 186.7297
911.66 7195.208 1160.771 4581.417 176.41224
912.77 6336.708 85.771 3214.417 199.7969
913.88 6536.708 300.271 3645.417 186.43246
914.99 6079.708 69.271 3371.417 182.01611
916.1 6427.208 349.771 3617.417 185.98826
917.22 5848.208 58.771 2918.417 202.45296
918.33 6083.708 688.771 3724.917 177.69033
919.44 6191.208 270.271 3384.417 190.13039
920.55 6471.708 660.771 3674.417 192.82085
921.66 5894.208 428.771 3272.917 192.16446
922.77 5824.208 488.271 3282.417 190.96847
923.88 5810.708 623.271 3542.917 177.67352
924.99 5846.708 373.771 3227.417 191.78755
926.1 5155.708 -11.229 2623.917 196.07786
927.21 5363.208 652.771 3484.417 166.34981
928.32 4670.708 -84.729 2456.417 187.13753
929.43 4960.708 251.771 2756.917 187.97059
930.54 4737.208 111.271 2439.417 198.69621
931.65 4725.208 266.271 2607.917 190.41895
932.76 4617.208 381.771 2750.917 178.77488
933.86 4529.208 302.271 2464.417 195.49734
934.97 4408.208 113.771 2305.417 195.94578
936.08 4019.208 164.771 2138.417 195.29528
937.19 4069.708 708.271 2768.917 163.12542
938.3 3549.708 472.271 2273.917 170.81256
939.4 3531.208 674.771 2431.417 162.60747
940.51 3082.208 305.271 1864.417 178.10633
941.62 3003.208 503.771 1984.417 168.80725
942.73 3268.708 1102.771 2513.917 153.48784
943.83 2635.708 302.771 1592.417 180.89753
944.94 2612.208 338.271 1721.417 164.40331
946.05 2332.208 -35.729 1180.417 194.70835
947.15 2495.708 -25.729 1255.417 196.81112
948.26 2741.708 228.771 1623.917 180.12006
949.36 2723.208 98.271 1469.917 191.37138
950.47 2965.208 326.771 1819.917 176.70327
951.57 3108.208 844.771 2349.917 150.37993
952.68 3066.708 568.771 1976.417 177.45497
953.79 2937.708 439.271 2026.417 157.41701
954.89 2810.708 121.771 1668.417 173.85606
955.99 3031.208 391.271 2152.917 149.8563
957.1 3015.208 230.271 1637.417 197.91392
958.2 2959.708 271.271 1806.417 175.12587
959.31 3080.708 455.771 2090.917 160.5323
960.41 2798.708 130.271 1642.917 176.40861
961.52 2770.208 10.271 1452.917 191.31081
962.62 3010.208 493.771 1946.917 173.17171
963.72 2711.708 -50.729 1492.417 179.01338
964.83 2759.208 -70.729 1396.917 192.82155
965.93 3121.208 341.771 1883.917 180.23182
967.03 3219.208 714.271 2232.917 164.94545
968.13 3056.208 466.771 1975.417 171.63985
969.24 2807.708 175.771 1604.417 184.22603
970.34 2870.208 206.771 1605.917 190.36168
971.44 2828.708 265.771 1650.417 185.09697
972.54 2815.208 346.771 1881.917 160.79498
973.64 2671.708 142.271 1643.917 168.44434
974.75 3182.208 1069.771 2472.917 150.55009
975.85 4227.208 3162.271 4867.417 62.45435
976.95 2584.208 189.771 1479.917 185.59433
978.05 2782.208 525.771 1934.917 160.12803
979.15 2876.208 896.271 2298.917 141.15732
980.25 2544.208 99.771 1282.917 206.60492
981.35 2434.208 179.271 1406.417 183.75465
982.45 2927.708 891.771 2297.417 144.83999
983.55 2684.208 462.771 1760.417 171.18981
984.65 2581.208 418.271 1628.917 178.65981
985.75 2530.208 675.271 1828.917 160.78916
986.85 2397.208 372.271 1638.417 159.92925
987.95 2087.708 185.271 1345.917 163.91197
989.05 2466.708 783.271 2071.417 130.68686
990.15 2329.708 628.271 1710.417 157.22811
991.25 2195.208 443.271 1513.917 163.63371
992.34 2368.708 835.771 1982.917 133.63057
993.44 2132.208 478.271 1473.917 166.11705
994.54 2050.708 386.771 1334.417 175.58643
995.64 2163.208 731.271 1754.417 139.95439
996.74 2224.208 789.271 1829.917 137.88913
997.83 1693.208 73.771 1008.417 173.2675
998.93 1833.208 315.271 1299.917 154.16077
1000.03 2355.708 1230.771 2285.917 106.61439
1001.12 2137.208 704.771 1735.417 138.98445
1002.22 1980.708 729.271 1828.417 113.85546
1003.32 1667.708 272.271 1190.917 151.90159
1004.41 1706.708 467.271 1408.417 131.69453
1005.51 1651.708 402.771 1217.917 153.21646
1006.6 1476.208 188.771 987.917 161.1017
1007.7 1676.708 624.271 1470.917 124.30671
1008.8 1381.708 103.271 755.917 195.88534
1009.89 1592.208 577.771 1331.917 134.51478
1010.99 1573.708 384.771 1149.417 155.48867
1012.08 1357.208 47.271 826.417 168.12482
1013.18 1505.208 394.271 1240.917 131.21633
1014.27 1590.208 202.271 1009.417 171.95622
1015.36 1687.208 334.271 1124.417 171.22632
1016.46 1626.708 402.771 1194.917 154.50913
1017.55 1403.208 148.271 862.917 175.60272
1018.65 1540.208 496.771 1208.917 146.52021
1019.74 1618.208 586.771 1441.917 120.6154
1020.83 1423.708 505.271 1239.417 125.10288
1021.93 1390.208 280.271 1081.417 138.54377
1023.02 1215.708 38.271 740.917 167.57198
1024.11 1146.208 63.771 754.417 156.7283
1025.2 1183.708 88.271 722.417 172.74221
1026.3 1307.208 454.271 1131.917 125.86775
1027.39 1338.708 597.771 1268.417 110.4812
1028.48 1229.208 486.771 1072.417 126.77245
1029.57 1119.708 312.771 901.917 136.96736
1030.66 1153.208 451.771 1035.417 120.18206
1031.75 1698.708 1483.271 2155.917 32.02837
1032.84 1218.708 652.771 1237.417 96.80007
1033.94 967.708 161.271 678.417 155.94004
1035.03 1245.708 773.771 1262.917 96.48198
1036.12 838.208 90.271 614.917 142.56045
1037.21 813.708 66.771 609.417 137.64732
1038.3 1131.208 522.771 1049.417 115.53069
1039.39 758.708 153.271 549.417 152.83196
1040.48 923.208 455.771 904.417 104.18852
1041.57 974.708 616.271 1021.917 88.36217
1042.66 899.708 441.771 862.917 108.73608
1043.74 880.208 508.271 928.417 88.5258
1044.83 849.208 543.271 974.917 70.87697
1045.92 646.708 45.771 481.917 137.78361
1047.01 928.208 617.771 1054.417 71.09595
1048.1 604.208 96.771 402.417 166.0214
1049.19 800.208 502.271 822.417 93.06304
1050.27 705.208 342.271 705.417 99.94262
1051.36 619.208 305.271 681.417 83.46163
1052.45 771.208 469.771 875.417 74.3105
1053.54 689.208 466.771 758.417 76.26972
1054.62 752.208 525.271 900.417 60.49313
1055.71 711.208 467.771 822.917 68.54577
1056.8 791.708 688.271 1055.917 28.1351
1057.88 583.208 328.771 652.417 78.61602
1058.97 673.708 458.771 804.417 62.18431
1060.06 863.208 834.771 1296.917 6.15336
1061.14 606.708 367.771 664.417 80.54637
1062.23 1272.208 1608.271 2089.917 -69.77377
1063.31 694.208 547.271 887.917 43.13497
1064.4 500.208 279.271 610.417 66.71909
1065.48 620.208 526.771 738.917 44.04399
1066.57 597.708 362.771 691.917 71.37792
1067.65 625.708 543.771 885.417 23.98317
1068.74 480.208 357.271 635.417 44.19893
1069.82 583.708 544.271 856.417 12.63432
1070.9 1543.708 2151.771 2635.417 -125.72468
1071.99 609.708 561.771 908.917 13.80904
1073.07 578.208 491.771 826.917 25.791
1074.15 593.708 576.771 914.417 5.01635
1075.24 535.708 526.771 764.417 3.76085
1076.32 681.708 625.771 880.417 21.96678
1077.4 824.708 963.771 1324.417 -38.5593
1078.49 428.708 218.271 494.417 76.20521
1079.57 593.708 655.271 905.917 -24.56155
1080.65 752.208 866.771 1207.917 -33.58168
1081.73 475.708 382.771 651.417 34.5948
1082.81 388.208 238.271 479.917 62.04846
1083.89 546.208 548.771 799.417 -1.02236
1084.98 590.208 533.271 847.417 18.12454
1086.06 365.208 267.771 470.917 47.96432
1087.14 400.708 283.771 487.417 57.422
1088.22 543.208 524.771 765.417 7.66167
1089.3 371.708 261.771 458.417 55.90635
1090.38 849.208 1101.771 1433.417 -76.15432
1091.46 563.208 598.771 838.417 -14.8396
1092.54 466.708 405.771 657.917 24.16756
1093.62 444.708 412.771 674.917 12.1831
1094.7 330.708 186.271 429.417 59.40366
1095.78 465.208 490.771 699.917 -12.22233
1096.86 499.208 545.771 843.917 -15.61734
1097.93 924.708 1146.271 1458.417 -70.98048
1099.01 638.708 802.271 1099.917 -54.95206
1100.09 391.208 334.271 492.917 35.8897
