196.55 733.789 637.312 0.0 96.47656
197.76 955.275 939.8 0.0 15.47504
198.96 852.275 856.3 0.0 -4.02502
200.16 608.778 561.303 0.0 47.47534
201.36 1012.758 1037.285 0.0 -24.52686
202.56 700.265 695.791 0.0 4.47394
203.76 615.774 612.799 0.0 2.97498
204.96 721.784 695.308 0.0 26.47601
206.16 511.287 490.81 0.0 20.47629
207.36 850.781 819.305 0.0 31.47571
208.56 703.776 680.301 0.0 23.47516
209.76 498.782 497.306 0.0 1.47577
210.96 653.777 620.302 0.0 33.47522
212.16 1314.29 1311.814 0.0 2.47668
213.36 762.78 733.805 0.0 28.97559
214.56 644.29 636.813 0.0 7.47668
215.76 1164.274 1209.3 0.0 -45.02515
216.96 975.272 972.798 0.0 2.47473
218.16 727.27 694.796 0.0 32.47449
219.35 509.286 483.31 0.0 25.9762
220.55 610.286 634.81 0.0 -24.52374
221.75 556.793 581.816 0.0 -25.02295
222.95 953.285 923.809 0.0 29.47614
224.15 719.791 746.315 0.0 -26.52319
225.35 609.79 541.313 0.0 68.47662
226.55 568.786 558.809 0.0 9.9762
227.75 937.285 842.309 0.0 94.97614
228.94 774.782 687.306 0.0 87.47577
230.14 698.779 694.304 0.0 4.47552
231.34 550.777 537.802 0.0 12.97522
232.54 551.778 577.802 0.0 -26.02472
233.74 546.772 576.298 0.0 -29.52527
234.93 573.789 566.813 0.0 6.97656
236.13 669.278 621.303 0.0 47.9754
237.33 626.794 649.817 0.0 -23.02289
238.53 620.287 583.311 0.0 36.97632
239.72 841.776 873.301 0.0 -31.52484
240.92 419.281 429.306 0.0 -10.02432
242.12 845.785 720.309 0.0 125.47614
243.31 546.28 461.804 0.0 84.47556
244.51 465.776 478.801 0.0 -13.02487
245.71 834.785 823.809 0.0 10.97607
246.9 1051.776 1016.801 0.0 34.9751
248.1 661.275 627.8 0.0 33.47504
249.3 645.771 643.297 0.0 2.47461
250.49 658.271 612.296 0.0 45.97449
251.69 740.779 666.304 0.0 74.47552
252.89 635.266 627.792 0.0 7.474
254.08 477.282 415.806 0.0 61.47577
255.28 674.774 603.799 0.0 70.97485
256.47 429.781 424.305 0.0 5.47565
257.67 778.293 714.316 0.0 63.97705
258.86 804.788 748.311 0.0 56.47644
260.06 621.771 557.796 0.0 63.97455
261.26 966.777 951.802 0.0 14.97522
262.45 654.278 598.303 0.0 55.97534
263.65 397.766 357.292 0.0 40.47406
264.84 769.277 692.302 0.0 76.97522
266.04 534.266 487.792 0.0 46.47403
267.23 369.267 360.292 0.0 8.97406
268.42 504.279 436.803 0.0 67.4754
269.62 641.28 609.305 0.0 31.97559
270.81 584.283 585.307 0.0 -1.02411
272.01 636.778 634.302 0.0 2.47528
273.2 781.263 731.789 0.0 49.47363
274.4 428.272 429.797 0.0 -1.52536
275.59 716.773 677.298 0.0 39.47479
276.78 569.282 552.307 0.0 16.97583
277.98 514.269 548.295 0.0 -34.0257
279.17 557.282 539.306 0.0 17.97577
280.37 603.761 532.288 0.0 71.47351
281.56 375.774 412.299 0.0 -36.52512
282.75 430.291 398.314 0.0 31.97675
283.95 560.767 536.293 0.0 24.47412
285.14 587.767 530.293 0.0 57.47412
286.33 465.77 436.295 0.0 29.4744
287.52 636.263 583.29 0.0 52.97369
288.72 741.26 681.787 0.0 59.47333
289.91 867.773 885.298 0.0 -17.52527
291.1 709.277 571.302 0.0 137.97522
292.29 597.78 610.304 0.0 -12.52448
293.49 632.269 601.794 0.0 30.4743
294.68 457.772 465.297 0.0 -7.52536
295.87 559.779 525.304 0.0 34.47546
297.06 678.773 643.798 0.0 34.97473
298.26 311.267 299.293 0.0 11.97412
299.45 517.78 543.304 0.0 -25.52448
300.64 530.786 483.31 0.0 47.47626
301.83 605.777 587.802 0.0 17.97522
303.02 474.787 450.311 0.0 24.47635
304.21 680.791 658.314 0.0 22.47681
305.4 558.286 540.81 0.0 17.47626
306.59 628.281 567.805 0.0 60.47571
307.79 540.278 526.802 0.0 13.47534
308.98 431.779 417.804 0.0 13.97549
310.17 680.721 614.752 0.0 65.96906
311.36 525.75 525.778 0.0 -0.02777
312.55 947.252 886.78 0.0 60.47241
313.74 373.272 364.797 0.0 8.4747
314.93 737.276 618.301 0.0 118.97516
316.12 567.778 490.803 0.0 76.97531
317.31 298.771 306.797 0.0 -8.02542
318.5 417.272 348.297 0.0 68.9747
319.69 589.27 462.296 0.0 126.97449
320.88 482.283 493.807 0.0 -11.52417
322.07 403.77 425.795 0.0 -22.0256
323.26 427.286 402.81 0.0 24.4762
324.45 346.274 303.799 0.0 42.47488
325.64 507.769 482.795 0.0 24.97437
326.83 629.777 558.302 0.0 71.47522
328.01 477.274 486.299 0.0 -9.02505
329.2 678.778 615.802 0.0 62.97534
330.39 491.773 433.798 0.0 57.97476
331.58 390.274 341.799 0.0 48.47482
332.77 814.279 762.303 0.0 51.9754
333.96 278.271 246.296 0.0 31.97458
335.15 349.275 361.8 0.0 -12.52499
336.33 374.274 355.799 0.0 18.47482
337.52 468.274 455.799 0.0 12.47488
338.71 460.275 413.8 0.0 46.47498
339.9 439.26 422.787 0.0 16.47333
341.08 485.268 430.293 0.0 54.97418
342.27 547.275 568.8 0.0 -21.52496
343.46 722.283 666.807 0.0 55.47583
344.65 569.783 581.807 0.0 -12.02417
345.83 657.284 631.308 0.0 25.97595
347.02 321.284 301.808 0.0 19.47598
348.21 662.279 643.303 0.0 18.9754
349.4 372.776 298.301 0.0 74.4751
350.58 515.763 454.789 0.0 60.97369
351.77 393.772 387.798 0.0 5.97473
352.96 216.279 236.303 0.0 -20.02458
354.14 453.774 412.299 0.0 41.47491
355.33 382.78 369.804 0.0 12.97556
356.51 223.765 265.291 0.0 -41.52614
357.7 435.754 427.282 0.0 8.47269
358.89 336.268 339.294 0.0 -3.02576
360.07 578.265 589.291 0.0 -11.02612
361.26 719.742 618.77 0.0 100.97131
362.44 475.733 448.263 0.0 27.47031
363.63 342.726 364.256 0.0 -21.53043
364.81 386.717 396.749 0.0 -10.03143
366.0 218.72 201.751 0.0 16.96884
367.18 878.73 894.26 0.0 -15.52997
368.37 357.743 297.772 0.0 59.9715
369.55 467.749 478.777 0.0 -11.02783
370.74 609.25 556.277 0.0 52.97223
371.92 675.743 718.271 0.0 -42.52856
373.11 367.736 353.765 0.0 13.97061
374.29 326.227 313.257 0.0 12.96964
375.48 397.24 436.769 0.0 -39.52887
376.66 279.248 291.776 0.0 -12.52795
377.84 606.243 592.272 0.0 13.9715
379.03 320.249 300.777 0.0 19.47214
380.21 219.739 226.268 0.0 -6.52904
381.39 202.739 164.768 0.0 37.97105
382.58 557.249 491.777 0.0 65.47211
383.76 749.756 678.783 0.0 70.97284
384.94 767.252 730.28 0.0 36.97247
386.13 305.236 290.765 0.0 14.47067
387.31 393.743 379.272 0.0 14.47147
388.49 316.239 332.768 0.0 -16.52902
389.68 458.246 448.774 0.0 9.4718
390.86 396.747 386.775 0.0 9.97186
392.04 616.754 571.281 0.0 45.47266
393.22 325.747 310.775 0.0 14.97186
394.41 306.739 325.768 0.0 -19.02899
395.59 176.747 165.775 0.0 10.97183
396.77 352.253 334.78 0.0 17.47256
397.95 431.75 322.278 0.0 109.4722
399.13 499.753 503.78 0.0 -4.02747
400.31 339.734 349.763 0.0 -10.02957
401.5 413.242 357.271 0.0 55.97134
402.68 496.239 430.768 0.0 65.47104
403.86 287.746 304.774 0.0 -17.0282
405.04 532.755 504.782 0.0 27.97281
406.22 276.241 236.27 0.0 39.97127
407.4 505.262 454.289 0.0 50.97357
408.58 560.742 535.771 0.0 24.97137
409.76 587.741 581.269 0.0 6.47119
410.94 440.247 418.275 0.0 21.97186
412.12 334.759 297.786 0.0 36.97324
413.3 293.75 282.278 0.0 11.47223
414.48 240.751 235.278 0.0 5.47231
415.66 290.756 256.783 0.0 33.97284
416.84 734.75 711.278 0.0 23.47229
418.02 377.244 370.273 0.0 6.97156
419.2 305.25 270.778 0.0 34.47223
420.38 367.747 361.775 0.0 5.97186
421.56 321.755 344.282 0.0 -22.52728
422.74 655.242 626.77 0.0 28.47125
423.92 516.747 478.276 0.0 38.47192
425.1 372.751 356.778 0.0 15.97232
426.28 299.262 299.788 0.0 -0.52646
427.46 872.262 769.788 0.0 102.47351
428.63 360.258 345.785 0.0 14.47308
429.81 399.761 367.787 0.0 31.97342
430.99 486.256 430.283 0.0 55.97287
432.17 663.758 655.284 0.0 8.47308
433.35 489.257 457.284 0.0 31.97296
434.52 135.764 119.79 0.0 15.97376
435.7 299.259 249.785 0.0 49.47318
436.88 506.751 480.778 0.0 25.97229
438.06 411.763 370.789 0.0 40.97363
439.23 275.751 262.779 0.0 12.97232
440.41 397.266 404.792 0.0 -7.52606
441.59 559.746 501.775 0.0 57.9718
442.77 200.767 214.793 0.0 -14.02589
443.94 532.252 516.78 0.0 15.47241
445.12 552.257 466.784 0.0 85.47302
446.3 674.751 645.279 0.0 29.47229
447.47 514.254 431.781 0.0 82.47266
448.65 517.752 508.779 0.0 8.97238
449.82 318.752 318.279 0.0 0.47241
451.0 372.754 320.281 0.0 52.47266
452.18 357.757 267.784 0.0 89.97299
453.35 369.252 329.28 0.0 39.97247
454.53 348.258 345.785 0.0 2.47311
455.7 258.254 218.782 0.0 39.47272
456.88 602.76 569.287 0.0 33.47333
458.05 410.255 385.282 0.0 24.97281
459.23 238.256 219.283 0.0 18.97285
460.4 398.252 328.28 0.0 69.97247
461.58 425.26 458.287 0.0 -33.02667
462.75 230.257 185.284 0.0 44.97302
463.93 359.753 405.781 0.0 -46.02744
465.1 316.249 307.777 0.0 8.47217
466.28 166.265 146.791 0.0 19.47388
467.45 135.752 95.78 0.0 39.97247
468.63 340.755 296.782 0.0 43.97275
469.8 514.756 480.783 0.0 33.9729
470.97 249.255 235.782 0.0 13.47278
472.15 391.767 382.293 0.0 9.47409
473.32 438.765 471.791 0.0 -33.02612
474.49 534.262 534.788 0.0 -0.52643
475.67 321.764 291.79 0.0 29.97375
476.84 203.264 204.29 0.0 -1.0262
478.01 413.758 407.784 0.0 5.97305
479.19 350.268 344.794 0.0 5.47427
480.36 215.262 228.289 0.0 -13.02638
481.53 366.259 339.786 0.0 26.47321
482.7 279.266 276.792 0.0 2.47394
483.88 212.77 217.295 0.0 -4.52559
485.05 249.76 266.287 0.0 -16.52666
486.22 324.273 328.799 0.0 -4.52518
487.39 233.779 226.803 0.0 6.97543
488.56 378.758 361.785 0.0 16.97318
489.74 543.268 484.293 0.0 58.97421
490.91 171.766 172.292 0.0 -0.52599
492.08 323.758 286.285 0.0 37.47318
493.25 189.768 194.794 0.0 -5.02577
494.42 299.27 309.795 0.0 -10.52557
495.59 331.269 288.795 0.0 42.47437
496.76 307.255 292.782 0.0 14.47275
497.93 392.761 386.288 0.0 6.47348
499.1 359.769 417.795 0.0 -58.02563
500.27 621.77 613.796 0.0 7.97449
501.44 723.763 701.289 0.0 22.47363
502.61 271.266 297.292 0.0 -26.02603
503.78 410.274 379.799 0.0 30.47491
504.95 701.261 737.788 0.0 -36.52655
506.12 435.775 404.8 0.0 30.97495
507.29 224.267 242.793 0.0 -18.52586
508.46 111.767 62.793 0.0 48.97407
509.63 719.267 694.793 0.0 24.47406
510.8 734.265 716.291 0.0 17.97388
511.97 397.763 370.79 0.0 26.97372
513.14 180.777 192.302 0.0 -11.52478
514.31 466.769 498.295 0.0 -31.5257
515.48 350.776 323.301 0.0 27.47516
516.65 289.764 231.291 0.0 58.47383
517.81 224.771 242.296 0.0 -17.52548
518.98 430.262 426.289 0.0 3.97357
520.15 164.28 166.304 0.0 -2.02446
521.32 387.265 395.291 0.0 -8.02612
522.49 868.276 830.801 0.0 37.47516
523.65 662.272 640.297 0.0 21.97467
524.82 388.264 363.79 0.0 24.47375
525.99 42.277 77.801 0.0 -35.52481
527.16 466.783 393.807 0.0 72.97592
528.32 416.267 402.293 0.0 13.97412
529.49 299.265 302.791 0.0 -3.52609
530.66 76.287 97.31 0.0 -21.0237
531.82 169.261 173.287 0.0 -4.0266
532.99 216.77 235.795 0.0 -19.02559
534.16 246.269 255.795 0.0 -9.52565
535.32 547.273 524.799 0.0 22.47485
536.49 129.774 160.299 0.0 -30.52516
537.65 595.764 586.79 0.0 8.97375
538.82 186.271 139.296 0.0 46.97456
539.99 440.268 390.794 0.0 49.47424
541.15 502.759 434.286 0.0 68.47321
542.32 94.776 96.801 0.0 -2.02493
543.48 471.781 475.805 0.0 -4.02438
544.65 621.284 600.808 0.0 20.47607
545.81 866.27 823.796 0.0 42.47449
546.98 311.279 293.804 0.0 17.47546
548.14 505.77 476.296 0.0 29.47446
549.31 238.773 234.798 0.0 3.97473
550.47 289.775 225.3 0.0 64.47495
551.63 577.771 607.796 0.0 -30.02551
552.8 260.264 271.29 0.0 -11.02621
553.96 255.772 250.297 0.0 5.47467
555.13 289.775 241.8 0.0 47.97498
556.29 572.279 594.303 0.0 -22.0246
557.45 161.761 153.787 0.0 7.97342
558.62 379.275 299.8 0.0 79.47504
559.78 471.779 428.304 0.0 43.47546
560.94 219.776 228.301 0.0 -8.52492
562.11 230.779 219.303 0.0 11.47542
563.27 62.275 51.8 0.0 10.47505
564.43 38.773 18.298 0.0 20.47481
565.59 160.286 148.31 0.0 11.97621
566.76 176.764 198.29 0.0 -21.52621
567.92 379.286 314.31 0.0 64.97626
569.08 436.277 419.802 0.0 16.47528
570.24 221.263 217.289 0.0 3.97362
571.4 131.272 121.798 0.0 9.47471
572.57 233.286 226.81 0.0 6.47621
573.73 49.277 37.302 0.0 11.97521
574.89 252.282 213.806 0.0 38.47577
576.05 300.266 286.292 0.0 13.97406
577.21 125.768 117.294 0.0 8.47422
578.37 -3.725 23.3 0.0 -27.02501
579.53 135.78 130.805 0.0 4.9756
580.69 381.777 338.802 0.0 42.97525
581.85 216.774 275.799 0.0 -59.02512
583.01 195.773 225.298 0.0 -29.52525
584.17 266.271 250.797 0.0 15.47458
585.33 350.277 346.802 0.0 3.47516
586.49 223.769 167.295 0.0 56.47438
587.65 317.27 298.295 0.0 18.97443
588.81 330.277 315.302 0.0 14.97522
589.97 582.774 521.799 0.0 60.97491
591.13 210.262 219.789 0.0 -9.52638
592.29 182.278 243.303 0.0 -61.02463
593.45 120.279 104.803 0.0 15.47543
594.61 129.763 108.29 0.0 21.47371
595.77 131.275 92.8 0.0 38.47501
596.93 54.764 66.291 0.0 -11.52617
598.09 241.769 217.795 0.0 23.97435
599.24 106.778 114.803 0.0 -8.02466
600.4 165.769 160.795 0.0 4.97438
601.56 145.773 113.298 0.0 32.47478
602.72 219.28 231.804 0.0 -12.52449
603.87 255.792 270.315 0.0 -14.52306
605.03 111.28 101.304 0.0 9.9755
606.19 87.777 37.301 0.0 50.47518
607.35 4.278 14.303 0.0 -10.02463
608.5 341.775 340.3 0.0 1.47498
609.66 557.281 510.805 0.0 46.47562
610.82 126.27 113.796 0.0 12.47449
611.97 59.779 82.803 0.0 -23.0246
613.13 316.783 342.307 0.0 -25.52405
614.29 296.776 237.301 0.0 59.4751
615.44 364.777 341.302 0.0 23.47525
616.6 88.78 63.305 0.0 25.47558
617.76 428.776 329.801 0.0 98.97513
618.91 373.285 361.809 0.0 11.47614
620.07 362.278 341.302 0.0 20.97528
621.22 22.778 0.303 0.0 22.47534
622.38 620.279 580.303 0.0 39.9754
623.53 31.772 33.298 0.0 -1.5253
624.69 89.28 66.805 0.0 22.47557
625.84 130.777 73.302 0.0 57.47527
627.0 289.761 252.287 0.0 37.47343
628.15 67.279 21.804 0.0 45.47546
629.31 199.767 215.293 0.0 -15.52591
630.46 -43.725 -33.2 0.0 -10.52497
631.61 196.28 221.304 0.0 -25.02444
632.77 208.267 198.793 0.0 9.47415
633.92 265.273 282.798 0.0 -17.52524
635.08 514.264 503.29 0.0 10.97379
636.23 165.776 159.301 0.0 6.47508
637.38 -0.224 -23.699 0.0 23.4751
638.54 372.269 324.295 0.0 47.97437
639.69 504.286 502.309 0.0 1.97617
640.84 282.773 225.299 0.0 57.47484
641.99 47.774 43.799 0.0 3.97484
643.15 447.774 457.299 0.0 -9.52515
644.3 19.274 57.299 0.0 -38.02512
645.45 -22.726 -54.201 0.0 31.47491
646.6 493.774 498.299 0.0 -4.52505
647.75 139.775 122.3 0.0 17.47495
648.91 -84.725 -43.2 0.0 -41.52503
650.06 160.275 95.3 0.0 64.97499
651.21 257.275 258.8 0.0 -1.52499
652.36 267.775 291.8 0.0 -24.02496
653.51 51.775 97.8 0.0 -46.02495
654.66 146.776 106.801 0.0 39.97507
655.81 366.276 338.301 0.0 27.9751
656.96 52.776 29.301 0.0 23.47512
658.11 211.276 201.301 0.0 9.97513
659.27 249.776 224.801 0.0 24.97516
660.42 29.777 23.801 0.0 5.97518
661.57 236.277 203.302 0.0 32.9752
662.72 -44.723 -70.698 0.0 25.97522
663.87 -37.223 -42.198 0.0 4.97525
665.01 206.277 153.802 0.0 52.47527
666.16 34.778 3.802 0.0 30.97529
667.31 4.278 69.302 0.0 -65.02469
668.46 400.278 364.803 0.0 35.47531
669.61 67.278 85.803 0.0 -18.52465
670.76 5.278 -15.197 0.0 20.47537
671.91 429.779 383.803 0.0 45.9754
673.06 294.279 292.803 0.0 1.4754
674.21 -41.221 -86.197 0.0 44.97543
675.35 159.279 143.804 0.0 15.47545
676.5 114.279 107.304 0.0 6.97548
677.65 -9.721 5.804 0.0 -15.5245
678.8 -55.72 -81.696 0.0 25.97552
679.94 29.28 20.804 0.0 8.47554
681.09 203.28 183.304 0.0 19.97557
682.24 218.78 202.305 0.0 16.47559
683.39 -4.72 5.305 0.0 -10.0244
684.53 267.281 205.305 0.0 61.97563
685.68 114.781 103.305 0.0 11.47565
686.83 159.781 149.805 0.0 9.97566
687.97 142.281 114.306 0.0 27.97569
689.12 96.781 72.806 0.0 23.97571
690.27 48.782 14.306 0.0 34.47573
691.41 229.282 252.306 0.0 -23.02425
692.56 146.282 174.306 0.0 -28.02423
693.7 137.782 173.806 0.0 -36.0242
694.85 11.282 -17.193 0.0 28.47582
695.99 197.783 194.307 0.0 3.47585
697.14 115.283 89.807 0.0 25.47586
698.28 168.783 205.807 0.0 -37.02412
699.43 189.283 115.807 0.0 73.4759
700.57 -73.717 -75.193 0.0 1.47592
701.72 -24.217 -61.692 0.0 37.47594
702.86 -75.716 -99.192 0.0 23.47596
704.01 -12.216 -16.692 0.0 4.47598
705.15 204.784 196.308 0.0 8.47601
706.29 26.784 30.308 0.0 -3.52397
707.44 93.284 66.808 0.0 26.47604
708.58 -125.215 -71.691 0.0 -53.52393
709.72 341.785 315.809 0.0 25.9761
710.87 -110.215 -109.191 0.0 -1.02389
712.01 -11.715 -56.691 0.0 44.97613
713.15 107.785 79.809 0.0 27.97616
714.3 171.786 208.309 0.0 -36.52383
715.44 14.786 18.31 0.0 -3.5238
716.58 86.786 111.81 0.0 -25.02378
717.72 48.286 5.31 0.0 42.97624
718.87 104.786 68.31 0.0 36.47626
720.01 86.787 57.31 0.0 29.47628
721.15 -68.713 -70.19 0.0 1.4763
722.29 203.287 172.811 0.0 30.47633
723.43 312.287 225.811 0.0 86.47635
724.57 212.287 187.311 0.0 24.97636
725.72 170.787 95.811 0.0 74.97639
726.86 378.788 355.311 0.0 23.47641
728.0 54.788 33.811 0.0 20.97643
729.14 -26.712 -38.688 0.0 11.97645
730.28 220.788 244.812 0.0 -24.02353
731.42 7.288 -48.688 0.0 55.97649
732.56 398.289 351.312 0.0 46.9765
733.7 155.789 203.812 0.0 -48.02347
734.84 -119.211 -91.688 0.0 -27.52345
735.98 71.289 62.813 0.0 8.47658
737.12 -87.711 -52.187 0.0 -35.5234
738.26 -24.21 22.813 0.0 -47.02338
739.4 89.79 113.313 0.0 -23.52335
740.53 215.29 146.813 0.0 68.47665
741.67 110.79 118.813 0.0 -8.02332
742.81 -100.71 -95.186 0.0 -5.5233
743.95 143.791 158.814 0.0 -15.02327
745.09 -42.209 -2.686 0.0 -39.52325
746.23 218.791 163.314 0.0 55.47678
747.36 227.291 212.314 0.0 14.97679
748.5 -39.709 -6.686 0.0 -33.02319
749.64 1.791 5.315 0.0 -3.52317
750.78 -9.708 -16.185 0.0 6.47685
751.92 43.292 17.315 0.0 25.97687
753.05 85.292 49.315 0.0 35.97689
754.19 318.292 323.315 0.0 -5.02307
755.33 -104.208 -118.685 0.0 14.47694
756.46 90.293 125.316 0.0 -35.02304
757.6 -7.207 8.816 0.0 -16.02302
758.74 270.793 285.816 0.0 -15.02301
759.87 132.293 83.816 0.0 48.47702
761.01 111.793 68.316 0.0 43.47704
762.14 109.294 68.817 0.0 40.47706
763.28 234.794 231.317 0.0 3.4771
764.41 110.294 96.317 0.0 13.9771
765.55 -128.206 -118.183 0.0 -10.02287
766.69 104.794 118.817 0.0 -14.02285
767.82 106.295 118.317 0.0 -12.02283
768.95 14.295 -1.182 0.0 15.47719
770.09 442.795 444.318 0.0 -1.5228
771.22 342.295 352.318 0.0 -10.0228
772.36 268.295 220.318 0.0 47.97726
773.49 213.295 302.818 0.0 -89.52274
774.63 76.796 56.818 0.0 19.9773
775.76 27.796 36.319 0.0 -8.52268
776.89 209.796 210.819 0.0 -1.02266
778.03 150.296 138.819 0.0 11.47736
779.16 -25.204 -42.681 0.0 17.47738
780.29 163.297 129.819 0.0 33.4774
781.43 281.797 297.819 0.0 -16.02255
782.56 155.297 137.32 0.0 17.97745
783.69 -29.203 -0.68 0.0 -28.52254
784.82 93.797 60.32 0.0 33.47749
785.96 76.798 78.32 0.0 -1.52249
787.09 89.298 99.82 0.0 -10.52248
788.22 166.298 112.32 0.0 53.97755
789.35 27.298 -24.179 0.0 51.47757
790.48 96.298 49.821 0.0 46.47759
791.62 287.799 237.321 0.0 50.47762
792.75 -40.201 -33.179 0.0 -7.02237
793.88 357.299 345.821 0.0 11.47766
795.01 131.799 120.321 0.0 11.47768
796.14 216.799 221.822 0.0 -5.02231
797.27 233.799 229.322 0.0 4.47772
798.4 72.3 100.322 0.0 -28.02226
799.53 -57.7 -69.678 0.0 11.97776
800.66 117.3 107.822 0.0 9.47778
801.79 722.3 716.822 0.0 5.47778
802.92 88.3 70.823 0.0 17.47782
804.05 190.801 174.823 0.0 15.97784
805.18 110.301 125.823 0.0 -15.52213
806.31 101.301 67.823 0.0 33.47789
807.44 -66.699 -58.177 0.0 -8.52209
808.57 193.301 159.323 0.0 33.97792
809.69 143.802 180.324 0.0 -36.52205
810.82 -100.698 -126.176 0.0 25.47797
811.95 509.302 498.324 0.0 10.978
813.08 78.302 34.824 0.0 43.47802
814.21 559.302 518.324 0.0 40.97803
815.33 110.803 118.824 0.0 -8.02194
816.46 141.303 161.825 0.0 -20.52191
817.59 423.303 417.825 0.0 5.47809
818.72 259.803 234.825 0.0 24.9781
819.84 465.803 436.825 0.0 28.97815
820.97 270.803 259.825 0.0 10.97818
822.1 331.304 310.325 0.0 20.97818
823.22 10.304 -29.174 0.0 39.4782
824.35 16.304 26.326 0.0 -10.02177
825.48 279.304 251.326 0.0 27.97826
826.6 162.804 136.326 0.0 26.47827
827.73 -127.195 -83.674 0.0 -43.52171
828.85 110.305 89.826 0.0 20.47831
829.98 321.805 303.827 0.0 17.97833
831.11 26.805 -22.173 0.0 48.97835
832.23 10.305 17.827 0.0 -7.52163
833.36 256.806 261.327 0.0 -4.52161
834.48 122.306 130.327 0.0 -8.02158
835.6 247.806 192.827 0.0 54.97844
836.73 -48.194 -37.172 0.0 -11.02154
837.85 235.306 218.328 0.0 16.97849
838.98 -87.193 -94.672 0.0 7.4785
840.1 182.307 194.328 0.0 -12.02147
841.23 117.807 119.828 0.0 -2.02146
842.35 380.807 350.329 0.0 30.47855
843.47 52.807 100.829 0.0 -48.02142
844.6 -13.693 -38.171 0.0 24.47861
845.72 33.308 4.829 0.0 28.47863
846.84 24.308 22.329 0.0 1.97865
847.96 39.308 16.829 0.0 22.47867
849.09 2.308 -3.67 0.0 5.97869
850.21 85.808 68.83 0.0 16.97871
851.33 184.309 196.33 0.0 -12.02127
852.45 -31.691 -56.17 0.0 24.47875
853.57 122.809 122.33 0.0 0.47878
854.7 24.809 -3.67 0.0 28.4788
855.82 -18.191 18.331 0.0 -36.52118
856.94 200.81 186.831 0.0 13.97884
858.06 -73.19 -122.669 0.0 49.47886
859.18 221.31 170.331 0.0 50.97888
860.3 100.31 87.831 0.0 12.4789
861.42 -115.19 -103.669 0.0 -11.52108
862.54 -79.189 -96.168 0.0 16.97894
863.66 -19.189 -43.668 0.0 24.47897
864.78 76.311 71.332 0.0 4.97899
865.9 108.311 109.332 0.0 -1.02099
867.02 651.811 676.832 0.0 -25.02094
868.14 420.311 444.332 0.0 -24.02094
869.26 229.312 226.833 0.0 2.47908
870.38 -120.688 -115.667 0.0 -5.0209
871.5 -89.688 -77.667 0.0 -12.02088
872.62 -68.188 -52.167 0.0 -16.02086
873.74 270.812 306.333 0.0 -35.52084
874.85 -45.688 -52.667 0.0 6.97917
875.97 108.813 119.333 0.0 -10.52084
877.09 169.813 122.333 0.0 47.47916
878.21 64.813 63.333 0.0 1.47917
879.33 122.313 123.833 0.0 -1.52084
880.44 35.313 66.333 0.0 -31.02084
881.56 23.813 40.333 0.0 -16.52083
882.68 87.813 92.833 0.0 -5.02084
883.79 472.313 424.833 0.0 47.47916
884.91 -61.688 -134.167 0.0 72.47917
886.03 219.813 169.833 0.0 49.97917
887.14 378.313 290.333 0.0 87.97916
888.26 352.313 330.333 0.0 21.97916
889.38 267.313 273.833 0.0 -6.52084
890.49 -108.688 -86.667 0.0 -22.02084
891.61 142.813 97.333 0.0 45.47916
892.72 -61.188 -71.167 0.0 9.97916
893.84 -96.188 -71.667 0.0 -24.52084
894.95 -98.688 -80.667 0.0 -18.02084
896.07 38.813 20.833 0.0 17.97917
897.18 148.313 147.833 0.0 0.47917
898.3 -71.688 -53.167 0.0 -18.52083
899.41 266.813 274.833 0.0 -8.02084
900.53 180.813 120.333 0.0 60.47916
901.64 180.813 219.833 0.0 -39.02083
902.75 119.313 53.833 0.0 65.47917
903.87 15.313 -10.667 0.0 25.97917
904.98 171.313 149.833 0.0 21.47917
906.09 86.813 22.833 0.0 63.97917
907.21 171.313 145.833 0.0 25.47917
908.32 38.813 28.333 0.0 10.47917
909.43 299.313 272.333 0.0 26.97916
910.54 143.813 127.833 0.0 15.97916
911.66 578.813 540.333 0.0 38.47919
912.77 -16.188 -1.667 0.0 -14.52083
913.88 117.313 150.833 0.0 -33.52083
914.99 13.813 -48.167 0.0 61.97917
916.1 132.313 135.833 0.0 -3.52083
917.22 3.313 -30.167 0.0 33.47917
918.33 250.313 289.833 0.0 -39.52084
919.44 59.313 76.833 0.0 -17.52084
920.55 349.813 358.833 0.0 -9.02084
921.66 203.313 200.333 0.0 2.97917
922.77 218.813 207.333 0.0 11.47917
923.88 295.813 300.833 0.0 -5.02084
924.99 178.313 142.333 0.0 35.97917
926.1 -76.688 -86.167 0.0 9.47916
927.21 281.313 317.833 0.0 -36.52084
928.32 -118.688 -121.167 0.0 2.47916
929.43 98.313 60.833 0.0 37.47917
930.54 5.313 23.833 0.0 -18.52083
931.65 56.813 82.333 0.0 -25.52084
932.76 182.313 184.333 0.0 -2.02083
933.86 89.313 93.333 0.0 -4.02084
934.97 28.313 22.833 0.0 5.47917
936.08 73.813 4.833 0.0 68.97917
937.19 297.313 312.833 0.0 -15.52084
938.3 144.313 227.833 0.0 -83.52083
939.4 332.813 293.333 0.0 39.47916
940.51 106.313 69.333 0.0 36.97916
941.62 198.813 193.833 0.0 4.97917
942.73 533.313 508.833 0.0 24.47916
943.83 109.813 125.833 0.0 -16.02084
944.94 127.313 151.833 0.0 -24.52083
946.05 -107.188 -150.667 0.0 43.47917
947.15 -61.688 -68.667 0.0 6.97916
948.26 69.813 64.833 0.0 4.97916
949.36 -3.188 -1.167 0.0 -2.02083
950.47 118.313 121.333 0.0 -3.02084
951.57 385.313 369.833 0.0 15.47916
952.68 228.813 229.333 0.0 -0.52083
953.79 188.813 217.833 0.0 -29.02083
954.89 15.813 8.833 0.0 6.97917
955.99 183.313 167.333 0.0 15.97917
957.1 19.813 40.333 0.0 -20.52083
958.2 139.813 76.333 0.0 63.47916
959.31 158.313 203.333 0.0 -45.02083
960.41 -8.688 28.333 0.0 -37.02083
961.52 -65.188 -30.667 0.0 -34.52083
962.62 161.813 175.833 0.0 -14.02083
963.72 -107.188 -80.667 0.0 -26.52084
964.83 -99.188 -124.667 0.0 25.47916
965.93 106.313 112.833 0.0 -6.52084
967.03 258.313 271.333 0.0 -13.02084
968.13 191.313 208.333 0.0 -17.02083
969.24 -14.688 8.833 0.0 -23.52083
970.34 46.313 31.333 0.0 14.97917
971.44 21.313 52.333 0.0 -31.02083
972.54 141.313 141.833 0.0 -0.52083
973.64 -6.188 5.333 0.0 -11.52083
974.75 502.813 435.833 0.0 66.97916
975.85 1681.313 1647.833 0.0 33.47913
976.95 29.813 7.333 0.0 22.47917
978.05 195.313 203.333 0.0 -8.02083
979.15 473.313 433.833 0.0 39.47916
980.25 4.313 2.833 0.0 1.47917
981.35 64.813 60.333 0.0 4.47917
982.45 423.813 410.333 0.0 13.47916
983.55 183.813 186.833 0.0 -3.02083
984.65 127.313 138.833 0.0 -11.52083
985.75 300.813 309.833 0.0 -9.02084
986.85 178.313 180.333 0.0 -2.02083
987.95 51.313 14.833 0.0 36.47917
989.05 385.813 361.833 0.0 23.97916
990.15 258.313 271.833 0.0 -13.52084
991.25 156.313 124.833 0.0 31.47916
992.34 316.313 347.833 0.0 -31.52084
993.44 160.813 140.833 0.0 19.97917
994.54 117.813 111.833 0.0 5.97916
995.64 342.813 309.833 0.0 32.97916
996.74 380.813 351.833 0.0 28.97916
997.83 -57.688 -49.167 0.0 -8.52083
998.93 89.313 76.333 0.0 12.97916
1000.03 594.813 590.833 0.0 3.97919
1001.12 355.813 353.833 0.0 1.97916
1002.22 359.313 315.333 0.0 43.97916
1003.32 51.813 64.833 0.0 -13.02084
1004.41 208.313 125.333 0.0 82.97916
1005.51 148.313 120.833 0.0 27.47916
1006.6 -2.688 6.333 0.0 -9.02083
1007.7 269.313 306.833 0.0 -37.52084
1008.8 -59.688 -47.667 0.0 -12.02083
1009.89 226.813 235.333 0.0 -8.52083
1010.99 163.313 114.333 0.0 48.97916
1012.08 -51.188 -29.167 0.0 -22.02083
1013.18 106.813 126.833 0.0 -20.02084
1014.27 27.813 47.333 0.0 -19.52083
1015.36 81.813 64.833 0.0 16.97916
1016.46 175.313 124.833 0.0 50.47916
1017.55 -42.688 -38.167 0.0 -4.52083
1018.65 186.313 151.833 0.0 34.47917
1019.74 270.313 258.833 0.0 11.47916
1020.83 165.813 177.833 0.0 -12.02083
1021.93 74.313 91.833 0.0 -17.52084
1023.02 -28.688 -45.667 0.0 16.97917
1024.11 -26.188 -60.167 0.0 33.97917
1025.2 -67.688 -58.167 0.0 -9.52083
1026.3 155.813 189.833 0.0 -34.02083
1027.39 292.813 250.833 0.0 41.97917
1028.48 190.313 163.333 0.0 26.97917
1029.57 103.813 104.333 0.0 -0.52084
1030.66 169.313 198.333 0.0 -29.02083
1031.75 715.813 757.333 0.0 -41.52081
1032.84 276.813 241.333 0.0 35.47917
1033.94 -2.688 -37.167 0.0 34.47917
1035.03 272.813 296.333 0.0 -23.52084
1036.12 -35.688 -58.667 0.0 22.97917
1037.21 -20.188 -21.667 0.0 1.47917
1038.3 219.313 213.833 0.0 5.47917
1039.39 -53.188 16.833 0.0 -70.02083
1040.48 172.313 156.833 0.0 15.47917
1041.57 237.313 235.333 0.0 1.97917
1042.66 117.313 153.833 0.0 -36.52083
1043.74 160.813 184.833 0.0 -24.02083
1044.83 202.313 192.833 0.0 9.47917
1045.92 -57.188 -67.167 0.0 9.97916
1047.01 252.813 249.333 0.0 3.47917
1048.1 -28.188 -79.167 0.0 50.97916
1049.19 157.813 144.833 0.0 12.97917
1050.27 63.313 105.333 0.0 -42.02084
1051.36 84.813 41.833 0.0 42.97917
1052.45 219.813 197.333 0.0 22.47917
1053.54 141.813 131.333 0.0 10.47917
1054.62 135.313 203.333 0.0 -68.02083
1055.71 225.313 181.833 0.0 43.47917
1056.8 284.813 261.833 0.0 22.97916
1057.88 74.813 105.333 0.0 -30.52084
1058.97 172.813 165.833 0.0 6.97917
1060.06 400.313 360.833 0.0 39.47916
1061.14 64.313 99.333 0.0 -35.02084
1062.23 825.313 781.333 0.0 43.97919
1063.31 217.313 185.333 0.0 31.97917
1064.4 61.313 66.333 0.0 -5.02084
1065.48 196.813 148.333 0.0 48.47917
1066.57 142.313 79.833 0.0 62.47916
1067.65 241.313 210.833 0.0 30.47917
1068.74 101.813 58.333 0.0 43.47917
1069.82 191.313 209.833 0.0 -18.52083
1070.9 1189.813 1117.333 0.0 72.47913
1071.99 219.313 198.833 0.0 20.47917
1073.07 170.813 154.833 0.0 15.97917
1074.15 192.313 187.833 0.0 4.47917
1075.24 202.813 193.833 0.0 8.97917
1076.32 249.813 239.333 0.0 10.47917
1077.4 472.313 478.833 0.0 -6.52084
1078.49 53.313 43.333 0.0 9.97917
1079.57 249.313 275.333 0.0 -26.02084
1080.65 420.813 398.333 0.0 22.47916
1081.73 109.313 114.833 0.0 -5.52084
1082.81 46.313 -13.167 0.0 59.47917
1083.89 163.313 227.833 0.0 -64.52083
1084.98 216.313 212.833 0.0 3.47917
1086.06 22.313 48.333 0.0 -26.02083
1087.14 29.813 25.333 0.0 4.47917
1088.22 118.813 168.833 0.0 -50.02083
1089.3 23.313 -23.167 0.0 46.47917
1090.38 496.813 484.333 0.0 12.47916
1091.46 246.813 224.333 0.0 22.47917
1092.54 96.813 71.833 0.0 24.97916
1093.62 115.813 116.833 0.0 -1.02084
1094.7 17.313 23.333 0.0 -6.02083
1095.78 154.313 119.333 0.0 34.97916
1096.86 153.313 153.833 0.0 -0.52083
1097.93 546.313 515.333 0.0 30.97919
1099.01 284.313 321.833 0.0 -37.52084
1100.09 92.813 49.333 0.0 43.47917
