196.55 1346.314 972.948 0.0 373.36646
197.76 1951.7 1427.472 0.0 524.22839
198.96 1708.906 1340.45 0.0 368.45569
200.16 1140.67 796.077 0.0 344.59247
201.36 2059.469 1587.379 0.0 472.08997
202.56 1408.252 990.115 0.0 418.13635
203.76 1180.759 849.94 0.0 330.81921
204.96 1358.266 932.264 0.0 426.00226
206.16 1062.687 712.367 0.0 350.32074
207.36 1610.493 1181.173 0.0 429.32007
208.56 1470.69 1052.507 0.0 418.18311
209.76 957.934 637.704 0.0 320.22925
210.96 1320.131 888.539 0.0 431.59235
212.16 2584.0 2056.997 0.0 527.00293
213.36 1594.601 1126.644 0.0 467.95642
214.56 1243.255 890.479 0.0 352.77563
215.76 2281.259 1834.94 0.0 446.31921
216.96 1993.681 1568.862 0.0 424.81897
218.16 1387.201 985.792 0.0 401.40961
219.35 1119.795 716.838 0.0 402.95697
220.55 1292.589 872.359 0.0 420.22974
221.75 1153.372 810.596 0.0 342.77606
222.95 2027.952 1461.314 0.0 566.63879
224.15 1502.441 1090.029 0.0 412.41211
225.35 1249.157 782.472 0.0 466.68475
226.55 1115.697 792.831 0.0 322.86603
227.75 1802.952 1378.814 0.0 424.13879
228.94 1554.434 1122.204 0.0 432.22925
230.14 1311.16 919.113 0.0 392.04706
231.34 1233.484 847.028 0.0 386.45593
232.54 1122.278 780.549 0.0 341.7287
233.74 1117.279 805.869 0.0 311.40991
234.93 1189.863 791.951 0.0 397.91199
236.13 1319.121 951.574 0.0 367.54706
237.33 1333.862 930.131 0.0 403.73077
238.53 1223.383 887.381 0.0 336.00256
239.72 1878.994 1373.993 0.0 505.00122
240.92 861.042 562.676 0.0 298.36554
242.12 1639.854 1152.807 0.0 487.04785
243.31 1110.405 755.63 0.0 354.77441
244.51 947.092 627.0 0.0 320.09216
245.71 1699.805 1278.803 0.0 421.00232
246.9 2121.592 1688.0 0.0 433.59229
248.1 1315.955 950.954 0.0 365.00116
249.3 1294.74 982.33 0.0 312.40979
250.49 1261.495 893.313 0.0 368.18243
251.69 1496.562 1049.106 0.0 447.45618
252.89 1338.291 916.154 0.0 422.13641
254.08 751.934 579.204 0.0 172.72925
255.28 1351.465 976.919 0.0 374.54645
256.47 885.395 577.666 0.0 307.72913
257.67 1573.421 1159.099 0.0 414.32153
258.86 1685.128 1172.898 0.0 512.22986
260.06 1298.446 917.809 0.0 380.63696
261.26 1885.729 1459.546 0.0 426.18335
262.45 1324.974 939.063 0.0 385.91064
263.65 834.84 565.158 0.0 269.68195
264.84 1536.533 1081.531 0.0 455.00134
266.04 1091.791 804.154 0.0 287.63641
267.23 852.389 487.661 0.0 364.72739
268.42 1010.268 706.584 0.0 303.68335
269.62 1312.052 882.641 0.0 429.41083
270.81 1312.375 959.736 0.0 352.63849
272.01 1332.376 923.056 0.0 409.3197
273.2 1562.125 1164.034 0.0 398.09058
274.4 996.034 664.852 0.0 331.18256
275.59 1482.475 1028.883 0.0 453.5918
276.78 1237.13 892.718 0.0 344.41113
277.98 1138.564 772.746 0.0 365.81866
279.17 1250.385 903.201 0.0 347.18378
280.37 1169.439 837.985 0.0 331.45398
281.56 878.916 528.915 0.0 350.00098
282.75 952.647 617.508 0.0 335.1394
283.95 1202.232 801.186 0.0 401.04572
285.14 1210.329 863.193 0.0 347.13654
286.33 1085.358 700.267 0.0 385.09143
287.52 1350.321 948.548 0.0 401.77246
288.72 1559.449 1136.95 0.0 422.49939
289.91 1931.328 1410.373 0.0 520.95532
291.1 1482.935 1007.024 0.0 475.91052
292.29 1388.807 997.623 0.0 391.18359
293.49 1443.466 1044.239 0.0 399.22766
294.68 1001.436 729.845 0.0 271.59167
295.87 1150.513 803.102 0.0 347.41071
297.06 1445.926 940.38 0.0 505.54633
298.26 710.634 420.179 0.0 290.45474
299.45 1132.905 789.13 0.0 343.77441
300.64 1184.589 822.859 0.0 361.72974
301.83 1200.484 857.028 0.0 343.45593
303.02 1054.432 630.384 0.0 424.0481
304.21 1507.892 1123.525 0.0 384.3667
305.4 1229.04 875.356 0.0 353.68433
306.59 1333.395 920.166 0.0 413.22913
307.79 1238.327 803.053 0.0 435.27411
308.98 937.16 579.113 0.0 358.04712
310.17 1380.939 966.081 0.0 414.85828
311.36 1181.55 857.597 0.0 323.95264
312.55 2018.882 1560.657 0.0 458.22559
313.74 871.632 584.359 0.0 287.2735
314.93 1457.19 1009.007 0.0 448.18317
316.12 1136.023 787.067 0.0 348.95605
317.31 689.142 406.823 0.0 282.31888
318.5 866.632 574.859 0.0 291.7735
319.69 1239.799 830.799 0.0 409.00061
320.88 1089.728 736.225 0.0 353.50208
322.07 974.407 607.271 0.0 367.13684
323.26 965.844 607.342 0.0 358.50244
324.45 746.916 447.415 0.0 299.50098
325.64 1186.113 766.749 0.0 419.36407
326.83 1353.935 996.024 0.0 357.91052
328.01 1131.71 738.436 0.0 393.2738
329.2 1389.327 976.053 0.0 413.27411
330.39 1052.926 727.38 0.0 325.54633
331.58 882.318 542.908 0.0 339.4101
332.77 1698.719 1253.081 0.0 445.63794
333.96 640.093 448.82 0.0 191.27338
335.15 857.602 524.964 0.0 332.63751
336.33 898.818 590.908 0.0 307.9101
337.52 968.916 719.415 0.0 249.50098
338.71 1071.906 710.45 0.0 361.45563
339.9 921.704 614.932 0.0 306.77203
341.08 1046.427 688.2 0.0 358.22754
342.27 1254.749 879.475 0.0 375.27399
343.46 1378.776 1063.729 0.0 315.04749
344.65 1328.276 897.229 0.0 431.04749
345.83 1434.668 983.257 0.0 451.41125
347.02 758.266 470.264 0.0 288.00217
348.21 1417.768 1021.584 0.0 396.18341
349.4 788.945 462.989 0.0 325.95578
350.58 1075.772 718.045 0.0 357.72693
351.77 925.779 575.369 0.0 350.40991
352.96 667.317 324.088 0.0 343.22885
354.14 1058.063 619.926 0.0 438.13745
355.33 868.405 536.13 0.0 332.27448
356.51 723.007 387.098 0.0 335.90897
357.7 1197.96 679.734 0.0 518.22589
358.89 922.721 511.721 0.0 411.00031
360.07 1352.105 915.105 0.0 436.99988
361.26 1563.287 1061.79 0.0 501.49719
362.44 1149.025 733.483 0.0 415.5415
363.63 887.693 481.743 0.0 405.94974
364.81 1003.431 531.437 0.0 471.99414
366.0 699.558 276.518 0.0 423.03989
367.18 2030.751 1403.392 0.0 627.35925
368.37 885.12 529.85 0.0 355.27002
369.55 1222.609 737.065 0.0 485.54346
370.74 1431.207 911.572 0.0 519.63446
371.92 1709.375 1158.332 0.0 551.04272
373.11 952.848 476.078 0.0 476.76907
374.29 807.085 421.772 0.0 385.31351
375.48 1032.101 531.741 0.0 500.3606
376.66 803.619 441.53 0.0 362.08881
377.84 1402.62 953.85 0.0 448.77008
379.03 863.413 405.051 0.0 458.36166
380.21 661.317 332.184 0.0 329.13312
381.39 624.709 266.212 0.0 358.4968
382.58 1308.864 816.548 0.0 492.3161
383.76 1678.146 1148.784 0.0 529.36243
384.94 1731.98 1254.164 0.0 477.81653
386.13 937.044 426.593 0.0 510.45093
387.31 1126.973 618.339 0.0 508.63354
388.49 869.866 474.688 0.0 395.17853
389.68 1234.541 637.952 0.0 596.58856
390.86 1122.237 567.466 0.0 554.77039
392.04 1550.568 982.706 0.0 567.86212
393.22 1035.237 445.466 0.0 589.77042
394.41 1022.562 473.202 0.0 549.36041
395.59 748.688 193.463 0.0 555.22498
396.77 1184.323 552.689 0.0 631.63489
397.95 1184.256 637.576 0.0 546.67987
399.13 1487.177 792.678 0.0 694.49847
400.31 1176.917 447.511 0.0 729.40527
401.5 1360.983 626.304 0.0 734.67896
402.68 1485.209 734.712 0.0 750.49689
403.86 1122.443 434.445 0.0 687.99762
405.04 1642.352 807.263 0.0 835.08966
406.22 1105.189 367.783 0.0 737.40619
407.4 1514.831 697.013 0.0 817.81775
408.58 1688.434 814.301 0.0 874.13354
409.76 1807.797 947.755 0.0 860.04242
410.94 1478.237 624.466 0.0 853.77039
412.12 1308.763 502.9 0.0 805.86285
413.3 1261.001 359.093 0.0 901.90723
414.48 1145.746 371.111 0.0 774.63458
415.66 1354.048 445.277 0.0 908.77145
416.84 2266.599 1233.1 0.0 1033.49817
418.02 1483.512 623.378 0.0 860.13373
419.2 1269.403 419.586 0.0 849.81625
420.38 1537.286 583.97 0.0 953.31598
421.56 1395.607 427.245 0.0 968.36227
422.74 2112.836 1081.794 0.0 1031.0426
423.92 1796.129 865.995 0.0 930.13416
425.1 1480.746 464.111 0.0 1016.63458
426.28 1350.586 405.995 0.0 944.59039
427.46 2542.037 1356.492 0.0 1185.54492
428.63 1522.224 571.861 0.0 950.36273
429.81 1664.645 687.964 0.0 976.68121
430.99 1774.646 754.784 0.0 1019.86243
432.17 2187.528 1145.347 0.0 1042.18079
433.35 1919.587 827.316 0.0 1092.27161
434.52 1160.115 155.069 0.0 1005.04526
435.7 1523.018 376.383 0.0 1146.6355
436.88 1906.148 840.104 0.0 1066.04364
438.06 1687.076 552.531 0.0 1134.5451
439.23 1571.795 399.115 0.0 1172.68002
440.41 1846.899 594.126 0.0 1252.77277
441.59 2019.09 828.456 0.0 1190.63403
442.77 1549.634 276.679 0.0 1272.95474
443.94 2133.883 760.657 0.0 1373.22571
445.12 2125.332 769.833 0.0 1355.49908
446.3 2431.844 1093.118 0.0 1338.72546
447.47 2105.764 666.72 0.0 1439.04407
448.65 2218.236 720.646 0.0 1497.58929
449.82 1865.235 500.146 0.0 1365.0892
451.0 2147.667 609.213 0.0 1538.45325
452.18 2076.185 476.823 0.0 1599.3627
453.35 2204.931 530.16 0.0 1674.771
454.53 2198.773 558.865 0.0 1639.90826
455.7 2079.509 334.238 0.0 1745.2713
456.88 2780.253 945.935 0.0 1834.31744
458.05 2481.852 591.763 0.0 1890.08966
459.23 2175.646 315.784 0.0 1859.86243
460.4 2607.431 580.16 0.0 2027.271
461.58 2810.704 719.432 0.0 2091.27216
462.75 2383.832 315.333 0.0 2068.49908
463.93 2870.921 628.696 0.0 2242.22571
465.1 2804.109 525.065 0.0 2279.04346
466.28 2482.556 218.101 0.0 2264.45444
467.45 2487.931 146.66 0.0 2341.27101
468.63 3080.156 523.249 0.0 2556.90771
469.8 3367.195 870.287 0.0 2496.90796
470.97 2900.303 405.259 0.0 2495.0441
472.15 3275.084 595.675 0.0 2679.40918
473.32 3441.056 704.601 0.0 2736.45447
474.49 3729.135 859.499 0.0 2869.6358
475.67 3264.664 507.573 0.0 2757.09082
476.84 3191.762 327.08 0.0 2864.68164
478.01 3715.028 636.347 0.0 3078.68079
479.19 3576.319 548.728 0.0 3027.59113
480.36 3413.929 309.02 0.0 3104.9086
481.53 3741.714 596.897 0.0 3144.81744
482.7 3637.948 497.129 0.0 3140.81808
483.88 3544.956 275.774 0.0 3269.18225
485.05 3619.253 361.935 0.0 3257.31747
486.22 3763.269 478.405 0.0 3284.86453
487.39 3573.415 333.595 0.0 3239.81982
488.56 3973.42 485.876 0.0 3487.54465
489.74 4404.428 897.2 0.0 3507.22778
490.91 3736.242 242.651 0.0 3493.59109
492.08 3904.92 375.876 0.0 3529.04465
493.25 3813.124 278.714 0.0 3534.40945
494.42 3994.005 476.778 0.0 3517.22781
495.59 4029.26 417.26 0.0 3612.00058
496.76 4078.254 465.756 0.0 3612.49878
497.93 4303.341 610.478 0.0 3692.86304
499.1 4283.663 572.753 0.0 3710.90973
500.27 4758.201 1040.792 0.0 3717.40955
501.44 4910.125 1228.534 0.0 3681.59082
502.61 4031.546 423.137 0.0 3608.40915
503.78 4299.612 629.929 0.0 3669.68311
504.95 4953.792 1123.474 0.0 3830.31775
506.12 4449.808 696.943 0.0 3752.86481
507.29 4106.231 335.186 0.0 3771.04559
508.46 3826.938 32.165 0.0 3794.7728
509.63 5104.438 1258.165 0.0 3846.27283
510.8 5180.203 1179.612 0.0 4000.59082
511.97 4277.87 558.552 0.0 3719.31781
513.14 4178.984 258.528 0.0 3920.45593
514.31 4769.064 785.746 0.0 3983.31866
515.48 4543.739 495.01 0.0 4048.72845
516.65 4368.86 525.087 0.0 3843.77277
517.81 4378.397 355.806 0.0 4022.59167
518.98 4747.282 695.01 0.0 4052.27222
520.15 4107.405 161.13 0.0 3946.27455
521.32 4923.104 703.605 0.0 4219.49976
522.49 5803.141 1502.503 0.0 4300.63782
523.65 5311.132 1158.859 0.0 4152.27368
524.82 4910.164 638.073 0.0 4272.09058
525.99 4243.337 78.517 0.0 4164.81953
527.16 5085.07 631.25 0.0 4453.82019
528.32 5078.683 730.182 0.0 4348.50031
529.49 4869.801 411.619 0.0 4458.18192
530.66 4517.188 114.367 0.0 4402.82098
531.82 4738.047 180.957 0.0 4557.09024
532.99 4974.457 320.274 0.0 4654.1825
534.16 5210.711 444.256 0.0 4766.45502
535.32 5644.72 794.401 0.0 4850.31921
536.49 5093.318 294.408 0.0 4798.90982
537.65 6048.968 1011.059 0.0 5037.90887
538.82 5332.544 321.816 0.0 5010.72809
539.99 5766.722 642.721 0.0 5124.00055
541.15 6089.616 818.39 0.0 5271.22656
542.32 5585.298 147.979 0.0 5437.31927
543.48 6422.248 811.155 0.0 5611.09265
544.65 6582.061 992.785 0.0 5589.27515
545.81 7649.701 1483.292 0.0 6166.40955
546.98 6784.562 503.106 0.0 6281.45599
548.14 7148.701 783.792 0.0 6364.90948
549.31 6777.328 402.873 0.0 6374.45535
550.47 6989.308 469.443 0.0 6519.86478
551.63 7734.897 914.806 0.0 6820.09167
552.8 7300.311 454.584 0.0 6845.72696
553.96 7311.534 459.852 0.0 6851.68256
555.13 7458.906 391.45 0.0 7067.45587
556.29 8394.268 934.084 0.0 7460.18317
557.45 7514.596 274.46 0.0 7240.13556
558.62 8068.651 523.468 0.0 7545.18286
559.78 8396.062 771.606 0.0 7624.45599
560.94 8096.847 371.982 0.0 7724.86505
562.11 8237.816 391.088 0.0 7846.72849
563.27 8071.249 157.975 0.0 7913.27397
564.43 7958.171 32.397 0.0 7925.77343
565.59 8252.295 205.838 0.0 8046.45662
566.76 8699.664 351.073 0.0 8348.59106
567.92 8982.942 571.349 0.0 8411.59351
569.08 9284.68 715.042 0.0 8569.63763
570.24 8949.978 352.024 0.0 8597.95392
571.4 8802.73 226.366 0.0 8576.36475
572.57 8968.345 367.342 0.0 8601.0029
573.73 8863.435 55.524 0.0 8807.91014
574.89 9234.836 452.697 0.0 8782.1387
576.05 9491.84 476.158 0.0 9015.68219
577.21 9309.623 157.714 0.0 9151.90897
578.37 9138.955 18.954 0.0 9120.00118
579.53 9545.101 193.644 0.0 9351.45625
580.69 9950.082 597.535 0.0 9352.547
581.85 9885.465 351.919 0.0 9533.5462
583.01 9949.426 401.88 0.0 9547.54596
584.17 10172.74 484.83 0.0 9687.90976
585.33 10347.337 572.517 0.0 9774.81952
586.49 10234.31 377.763 0.0 9856.54611
587.65 10373.005 573.278 0.0 9799.72729
588.81 10426.886 566.521 0.0 9860.36487
589.97 10919.161 929.433 0.0 9989.72839
591.13 10147.929 421.02 0.0 9726.9086
592.29 10294.621 336.574 0.0 9958.0473
593.45 10100.415 213.595 0.0 9886.82007
594.61 9998.87 134.052 0.0 9864.81827
595.77 10114.053 196.961 0.0 9917.09178
596.93 9952.409 91.091 0.0 9861.31853
598.09 10103.662 382.753 0.0 9720.90924
599.24 10034.022 138.067 0.0 9895.9557
600.4 10138.81 291.763 0.0 9847.04611
601.56 9935.073 233.39 0.0 9701.68283
602.72 10143.709 368.616 0.0 9775.09286
603.87 10242.931 473.064 0.0 9769.86664
605.03 9909.709 232.116 0.0 9677.59286
606.19 9973.788 148.514 0.0 9825.27423
607.35 9791.621 -3.926 0.0 9795.54729
608.5 10188.004 594.457 0.0 9593.54651
609.66 10615.198 989.651 0.0 9625.54688
610.82 9805.299 146.299 0.0 9659.00011
611.97 9669.268 125.084 0.0 9544.1832
613.13 10144.119 573.754 0.0 9570.36548
614.29 10067.994 496.993 0.0 9571.00146
615.44 10309.631 717.539 0.0 9592.09235
616.6 9566.052 180.141 0.0 9385.91095
617.76 10230.592 663.0 0.0 9567.59204
618.91 10109.952 726.314 0.0 9383.63855
620.07 10083.778 641.049 0.0 9442.72919
621.22 9259.522 17.567 0.0 9241.95571
622.38 10407.768 1061.084 0.0 9346.68323
623.53 9371.73 78.366 0.0 9293.36474
624.69 9520.003 112.137 0.0 9407.86565
625.84 9366.18 217.542 0.0 9148.63762
627.0 9683.645 488.964 0.0 9194.68085
628.15 9044.013 -0.398 0.0 9044.41068
629.31 9362.085 318.175 0.0 9043.90967
630.46 8961.651 -23.532 0.0 8985.18336
631.61 9510.954 374.134 0.0 9136.82034
632.77 9302.78 228.189 0.0 9074.59088
633.92 9512.426 495.38 0.0 9017.04596
635.08 10074.213 949.577 0.0 9124.63635
636.23 9199.847 308.482 0.0 8891.36456
637.38 8881.945 -74.511 0.0 8956.45615
638.54 9656.761 654.76 0.0 9002.00079
639.69 10036.197 936.831 0.0 9099.36603
640.84 9696.237 490.402 0.0 9205.83508
641.99 9063.83 97.409 0.0 8966.4212
643.15 9949.922 816.916 0.0 9133.00635
644.3 9073.015 95.422 0.0 8977.59245
645.45 8892.607 -58.071 0.0 8950.67857
646.6 9976.7 811.436 0.0 9165.26465
647.75 9187.792 161.942 0.0 9025.84981
648.91 8850.385 -136.551 0.0 8986.93593
650.06 9286.478 225.455 0.0 9061.02205
651.21 9502.069 417.462 0.0 9084.60718
652.36 9494.662 450.969 0.0 9043.6933
653.51 9252.755 101.475 0.0 9151.2794
654.66 9300.348 273.982 0.0 9026.36551
655.81 9732.439 651.989 0.0 9080.45068
656.96 9060.032 69.495 0.0 8990.53677
658.11 9570.125 365.002 0.0 9205.12289
659.27 9625.718 531.009 0.0 9094.70898
660.42 9261.81 29.015 0.0 9232.79413
661.57 9467.902 421.022 0.0 9046.88025
662.72 8857.995 -139.971 0.0 8997.96635
663.87 8929.088 -99.965 0.0 9029.05247
665.01 9434.68 316.042 0.0 9118.6376
666.16 9159.772 41.049 0.0 9118.72372
667.31 9502.365 95.555 0.0 9406.80984
668.46 10217.958 760.562 0.0 9457.39594
669.61 9676.05 206.069 0.0 9469.98109
670.76 9617.143 4.575 0.0 9612.5672
671.91 10442.235 769.582 0.0 9672.65332
673.06 10409.328 519.589 0.0 9889.73944
674.21 9555.42 -161.405 0.0 9716.82457
675.35 10096.513 284.102 0.0 9812.41068
676.5 9767.105 167.609 0.0 9599.4968
677.65 9711.197 72.615 0.0 9638.58193
678.8 9711.29 -110.878 0.0 9822.16805
679.94 10141.383 40.629 0.0 10100.75416
681.09 10763.976 370.135 0.0 10393.84027
682.24 10721.567 363.142 0.0 10358.42542
683.39 10297.16 -1.851 0.0 10299.01152
684.53 11180.753 558.155 0.0 10622.59766
685.68 10839.346 214.662 0.0 10624.68375
686.83 10943.438 301.169 0.0 10642.26889
687.97 11054.03 298.175 0.0 10755.85501
689.12 10855.123 178.182 0.0 10676.94112
690.27 10767.716 68.189 0.0 10699.52723
691.41 11387.808 468.195 0.0 10919.61237
692.56 11283.4 358.702 0.0 10924.69849
693.7 11254.493 378.709 0.0 10875.78458
694.85 10905.586 48.215 0.0 10857.3707
695.99 11370.178 398.222 0.0 10971.95584
697.14 11184.771 184.229 0.0 11000.54195
698.28 11105.863 342.735 0.0 10763.12805
699.43 11433.956 391.242 0.0 11042.71417
700.57 10713.048 -74.251 0.0 10787.29932
701.72 10952.641 -50.745 0.0 11003.38543
702.86 10597.733 -107.738 0.0 10705.47154
704.01 11240.826 50.269 0.0 11190.55766
705.15 11493.418 433.275 0.0 11060.14279
706.29 11132.011 126.782 0.0 11005.2289
707.44 11369.604 171.288 0.0 11198.31502
708.58 11053.195 -124.205 0.0 11177.40016
709.72 11911.288 629.302 0.0 11281.98627
710.87 10870.381 -137.192 0.0 11007.57239
712.01 11306.974 0.315 0.0 11306.6585
713.15 11647.065 217.322 0.0 11429.74364
714.3 11598.658 348.828 0.0 11249.82974
715.44 11285.251 92.335 0.0 11192.91586
716.58 11605.844 277.342 0.0 11328.50198
717.72 11294.436 52.848 0.0 11241.58711
718.87 11519.028 240.855 0.0 11278.17323
720.01 11500.121 117.362 0.0 11382.75934
721.15 11261.214 -54.132 0.0 11315.34546
722.29 11700.806 345.875 0.0 11354.9306
723.43 11828.898 498.882 0.0 11330.01669
724.57 11814.491 450.388 0.0 11364.10281
725.72 11493.084 244.895 0.0 11248.18893
726.86 12143.676 678.902 0.0 11464.77405
728.0 11457.769 164.408 0.0 11293.36018
729.14 11362.861 -2.085 0.0 11364.9463
730.28 11909.954 481.422 0.0 11428.53241
731.42 11194.546 10.928 0.0 11183.61755
732.56 11914.139 722.435 0.0 11191.70367
733.7 11540.231 386.942 0.0 11153.28976
734.84 10924.824 -127.052 0.0 11051.87589
735.98 11409.416 148.955 0.0 11260.46103
737.12 11157.509 -3.038 0.0 11160.54714
738.26 11182.602 17.468 0.0 11165.13325
739.4 11375.193 228.475 0.0 11146.71838
740.53 11536.286 407.482 0.0 11128.8045
741.67 11292.879 273.488 0.0 11019.39063
742.81 10892.972 -222.505 0.0 11115.47673
743.95 11209.063 241.002 0.0 10968.06186
745.09 10899.656 19.508 0.0 10880.14798
746.23 11539.249 399.515 0.0 11139.7341
747.36 11562.342 453.522 0.0 11108.82019
748.5 11165.434 60.028 0.0 11105.40534
749.64 10809.026 25.035 0.0 10783.99146
750.78 10711.119 -5.458 0.0 10716.57757
751.92 10730.712 74.548 0.0 10656.16368
753.05 10704.304 155.555 0.0 10548.74883
754.19 11230.896 635.562 0.0 10595.33496
755.33 10322.489 -151.932 0.0 10474.42105
756.46 10802.082 245.075 0.0 10557.00716
757.6 10449.674 82.082 0.0 10367.5923
758.74 10783.767 562.088 0.0 10221.67841
759.87 10469.859 244.595 0.0 10225.26453
761.01 10363.952 271.102 0.0 10092.85065
762.14 10249.044 234.608 0.0 10014.43578
763.28 10625.637 408.115 0.0 10217.52188
764.41 10029.729 249.121 0.0 9780.608
765.55 9723.822 -123.872 0.0 9847.69411
766.69 9999.414 289.635 0.0 9709.77927
767.82 9981.007 266.641 0.0 9714.36536
768.95 9499.1 26.148 0.0 9472.95148
770.09 10075.191 737.655 0.0 9337.53662
771.22 10110.784 661.661 0.0 9449.12274
772.36 10171.877 504.168 0.0 9667.70883
773.49 9875.47 489.175 0.0 9386.29495
774.63 9388.562 196.181 0.0 9192.3801
775.76 9207.654 154.688 0.0 9052.9662
776.89 9585.247 428.195 0.0 9157.05231
778.03 9362.34 360.201 0.0 9002.13843
779.16 8827.932 8.708 0.0 8819.22357
780.29 9097.024 308.215 0.0 8788.80969
781.43 9371.117 606.221 0.0 8764.89581
782.56 8744.21 315.228 0.0 8428.9819
783.69 8310.802 11.735 0.0 8299.06705
784.82 8551.395 233.241 0.0 8318.15317
785.96 8441.987 116.748 0.0 8325.23927
787.09 8481.08 204.255 0.0 8276.82539
788.22 8356.672 394.261 0.0 7962.41052
789.35 7928.765 157.768 0.0 7770.99664
790.48 7964.857 142.275 0.0 7822.58275
791.62 8383.95 580.281 0.0 7803.66888
792.75 7459.542 5.288 0.0 7454.25449
793.88 8158.635 737.795 0.0 7420.84009
795.01 7969.228 353.801 0.0 7615.42624
796.14 7903.32 404.808 0.0 7498.51184
797.27 7970.413 493.815 0.0 7476.59796
798.4 7443.005 283.321 0.0 7159.68359
799.53 7398.597 -4.672 0.0 7403.26922
800.66 7400.69 316.335 0.0 7084.35535
801.79 8666.782 1276.841 0.0 7389.94092
802.92 7314.875 199.848 0.0 7115.02707
804.05 7309.467 381.855 0.0 6927.6127
805.18 7070.06 290.861 0.0 6779.19882
806.31 6921.152 215.868 0.0 6705.28444
807.44 6593.745 -64.625 0.0 6658.37055
808.57 7183.337 400.381 0.0 6782.95618
809.69 6992.93 400.888 0.0 6592.0423
810.82 6330.522 -163.605 0.0 6494.12791
811.95 7556.115 988.401 0.0 6567.71405
813.08 6618.208 103.908 0.0 6514.29965
814.21 7510.8 1064.915 0.0 6445.88574
815.33 6537.893 282.921 0.0 6254.97141
816.46 6541.485 308.928 0.0 6232.5575
817.59 6950.078 847.435 0.0 6102.64313
818.72 6302.17 504.441 0.0 5797.72925
819.84 6817.763 896.448 0.0 5921.31488
820.97 6256.355 446.454 0.0 5809.90097
822.1 6467.448 593.961 0.0 5873.48663
823.22 5505.541 -30.532 0.0 5536.07272
824.35 5590.133 92.474 0.0 5497.65835
825.48 5930.226 574.481 0.0 5355.74445
826.6 5710.818 310.488 0.0 5400.33008
827.73 5302.411 -144.506 0.0 5446.9162
828.85 5659.003 268.501 0.0 5390.50183
829.98 5975.595 610.008 0.0 5365.58746
831.11 5176.688 70.014 0.0 5106.67356
832.23 5229.78 81.521 0.0 5148.25919
833.36 5738.873 524.528 0.0 5214.34528
834.48 5241.465 259.034 0.0 4982.43094
835.6 5382.558 482.041 0.0 4900.51703
836.73 4918.65 -7.952 0.0 4926.60266
837.85 5355.243 535.054 0.0 4820.18878
838.98 4709.335 -104.439 0.0 4813.77441
840.1 5246.928 458.568 0.0 4788.3605
841.23 5241.521 371.074 0.0 4870.44614
842.35 5519.613 720.581 0.0 4799.03223
843.47 4843.706 248.588 0.0 4595.11787
844.6 4642.798 26.594 0.0 4616.20399
845.72 4613.891 155.101 0.0 4458.78963
846.84 4762.983 134.608 0.0 4628.37573
847.96 4422.576 139.114 0.0 4283.46136
849.09 4441.668 58.121 0.0 4383.54747
850.21 4727.761 232.628 0.0 4495.1331
851.33 4824.354 385.134 0.0 4439.21921
852.45 4397.446 25.141 0.0 4372.30484
853.57 4639.039 232.148 0.0 4406.89095
854.7 4322.131 67.654 0.0 4254.47658
855.82 4275.724 -0.339 0.0 4276.06269
856.94 4703.316 485.168 0.0 4218.14832
858.06 3992.908 -64.326 0.0 4057.23418
859.18 4607.501 425.181 0.0 4182.32004
860.3 4478.593 244.688 0.0 4233.90567
861.42 3935.686 -89.306 0.0 4024.99179
862.54 3838.779 -65.799 0.0 3904.57766
863.66 3948.871 50.708 0.0 3898.16353
864.78 4108.463 186.714 0.0 3921.74916
865.9 4450.556 244.221 0.0 4206.33527
867.02 5340.648 1277.228 0.0 4063.4209
868.14 4731.241 879.234 0.0 3852.00702
869.26 4403.833 575.741 0.0 3828.09265
870.38 3656.926 -90.252 0.0 3747.17875
871.5 3514.019 -94.746 0.0 3608.76462
872.62 3964.611 69.761 0.0 3894.85049
873.74 4417.704 699.268 0.0 3718.4361
874.85 3646.75 40.271 0.0 3606.47917
875.97 3923.75 286.271 0.0 3637.47916
877.09 4016.75 373.271 0.0 3643.47916
878.21 3744.25 220.771 0.0 3523.47917
879.33 3866.75 334.771 0.0 3531.97916
880.44 3735.25 254.771 0.0 3480.47917
881.56 3732.25 111.271 0.0 3620.97916
882.68 3789.75 256.271 0.0 3533.47916
883.79 4374.75 826.771 0.0 3547.97919
884.91 3182.25 -58.229 0.0 3240.47917
886.03 3896.75 456.271 0.0 3440.47916
887.14 4089.25 659.271 0.0 3429.97919
888.26 4222.25 777.271 0.0 3444.97919
889.38 4094.75 636.271 0.0 3458.47919
890.49 3252.75 -89.729 0.0 3342.47916
891.61 3652.75 307.771 0.0 3344.97916
892.72 3551.75 -13.229 0.0 3564.97917
893.84 3334.25 -99.229 0.0 3433.47916
894.95 3345.25 -87.229 0.0 3432.47916
896.07 3726.75 152.271 0.0 3574.47917
897.18 4006.75 384.271 0.0 3622.47916
898.3 3474.75 -41.229 0.0 3515.97917
899.41 4253.75 577.271 0.0 3676.47919
900.53 3808.25 335.771 0.0 3472.47916
901.64 4002.25 462.271 0.0 3539.97916
902.75 3647.75 262.771 0.0 3384.97916
903.87 3441.25 116.771 0.0 3324.47916
904.98 3893.75 403.771 0.0 3489.97916
906.09 3569.25 235.771 0.0 3333.47917
907.21 3687.25 438.771 0.0 3248.47916
908.32 3323.75 198.271 0.0 3125.47917
909.43 3879.25 650.771 0.0 3228.47919
910.54 3345.25 280.271 0.0 3064.97916
911.66 4193.75 1160.771 0.0 3032.97913
912.77 3047.25 85.771 0.0 2961.47916
913.88 3274.25 300.271 0.0 2973.97916
914.99 3079.75 69.271 0.0 3010.47916
916.1 3174.75 349.771 0.0 2824.97916
917.22 2929.25 58.771 0.0 2870.47917
918.33 3471.75 688.771 0.0 2782.97919
919.44 2968.75 270.271 0.0 2698.47916
920.55 3692.25 660.771 0.0 3031.47919
921.66 3185.75 428.771 0.0 2756.97916
922.77 3188.75 488.271 0.0 2700.47916
923.88 3364.25 623.271 0.0 2740.97919
924.99 3069.75 373.771 0.0 2695.97916
926.1 2529.75 -11.229 0.0 2540.97917
927.21 3287.25 652.771 0.0 2634.47919
928.32 2436.25 -84.729 0.0 2520.97916
929.43 2868.75 251.771 0.0 2616.97917
930.54 2548.75 111.271 0.0 2437.47916
931.65 2577.25 266.271 0.0 2310.97916
932.76 2692.25 381.771 0.0 2310.47916
933.86 2479.25 302.271 0.0 2176.97916
934.97 2223.25 113.771 0.0 2109.47916
936.08 2201.25 164.771 0.0 2036.47917
937.19 2681.25 708.271 0.0 1972.97919
938.3 2252.25 472.271 0.0 1779.97916
939.4 2341.25 674.771 0.0 1666.47919
940.51 1795.75 305.271 0.0 1490.47916
941.62 1894.25 503.771 0.0 1390.47916
942.73 2564.25 1102.771 0.0 1461.47913
943.83 1678.25 302.771 0.0 1375.47916
944.94 1754.25 338.271 0.0 1415.97916
946.05 1251.25 -35.729 0.0 1286.97917
947.15 1309.25 -25.729 0.0 1334.97917
948.26 1771.25 228.771 0.0 1542.47917
949.36 1499.25 98.271 0.0 1400.97916
950.47 1732.25 326.771 0.0 1405.47916
951.57 2334.25 844.771 0.0 1489.47919
952.68 2037.75 568.771 0.0 1468.97919
953.79 2096.25 439.271 0.0 1656.97916
954.89 1636.75 121.771 0.0 1514.97916
955.99 2060.25 391.271 0.0 1668.97916
957.1 1824.75 230.271 0.0 1594.47917
958.2 1892.75 271.271 0.0 1621.47916
959.31 2093.25 455.771 0.0 1637.47916
960.41 1748.25 130.271 0.0 1617.97917
961.52 1601.25 10.271 0.0 1590.97917
962.62 2228.25 493.771 0.0 1734.47916
963.72 1623.25 -50.729 0.0 1673.97917
964.83 1485.75 -70.729 0.0 1556.47916
965.93 2029.25 341.771 0.0 1687.47916
967.03 2244.25 714.271 0.0 1529.97919
968.13 2105.75 466.771 0.0 1638.97916
969.24 1721.25 175.771 0.0 1545.47917
970.34 1782.25 206.771 0.0 1575.47917
971.44 1888.25 265.771 0.0 1622.47916
972.54 1882.25 346.771 0.0 1535.47916
973.64 1659.25 142.271 0.0 1516.97917
974.75 2604.25 1069.771 0.0 1534.47913
975.85 5032.25 3162.271 0.0 1869.97925
976.95 1585.75 189.771 0.0 1395.97917
978.05 2097.25 525.771 0.0 1571.47919
979.15 2367.75 896.271 0.0 1471.47919
980.25 1417.75 99.771 0.0 1317.97916
981.35 1621.75 179.271 0.0 1442.47917
982.45 2365.25 891.771 0.0 1473.47919
983.55 1956.25 462.771 0.0 1493.47916
984.65 1822.75 418.271 0.0 1404.47916
985.75 1968.75 675.271 0.0 1293.47919
986.85 1760.25 372.271 0.0 1387.97916
987.95 1572.25 185.271 0.0 1386.97917
989.05 2263.75 783.271 0.0 1480.47919
990.15 1948.25 628.271 0.0 1319.97919
991.25 1686.25 443.271 0.0 1242.97916
992.34 2104.25 835.771 0.0 1268.47919
993.44 1581.25 478.271 0.0 1102.97916
994.54 1503.25 386.771 0.0 1116.47916
995.64 1883.75 731.271 0.0 1152.47919
996.74 2000.25 789.271 0.0 1210.97919
997.83 1186.25 73.771 0.0 1112.47916
998.93 1431.25 315.271 0.0 1115.97916
1000.03 2449.25 1230.771 0.0 1218.47913
1001.12 2015.75 704.771 0.0 1310.97919
1002.22 1890.25 729.271 0.0 1160.97919
1003.32 1286.75 272.271 0.0 1014.47916
1004.41 1520.25 467.271 0.0 1052.97916
1005.51 1401.75 402.771 0.0 998.97916
1006.6 1135.75 188.771 0.0 946.97917
1007.7 1577.75 624.271 0.0 953.47919
1008.8 861.25 103.271 0.0 757.97916
1009.89 1502.75 577.771 0.0 924.97919
1010.99 1341.25 384.771 0.0 956.47916
1012.08 950.75 47.271 0.0 903.47917
1013.18 1403.25 394.271 0.0 1008.97916
1014.27 1225.25 202.271 0.0 1022.97917
1015.36 1345.25 334.271 0.0 1010.97916
1016.46 1449.75 402.771 0.0 1046.97916
1017.55 1134.25 148.271 0.0 985.97917
1018.65 1432.25 496.771 0.0 935.47916
1019.74 1569.75 586.771 0.0 982.97919
1020.83 1420.25 505.271 0.0 914.97916
1021.93 1186.25 280.271 0.0 905.97916
1023.02 890.75 38.271 0.0 852.47917
1024.11 888.25 63.771 0.0 824.47917
1025.2 869.75 88.271 0.0 781.47916
1026.3 1216.25 454.271 0.0 761.97916
1027.39 1383.75 597.771 0.0 785.97919
1028.48 1311.75 486.771 0.0 824.97916
1029.57 980.75 312.771 0.0 667.97916
1030.66 1126.25 451.771 0.0 674.47916
1031.75 2441.75 1483.271 0.0 958.47913
1032.84 1346.75 652.771 0.0 693.97919
1033.94 838.25 161.271 0.0 676.97917
1035.03 1316.75 773.771 0.0 542.97919
1036.12 725.75 90.271 0.0 635.47916
1037.21 709.75 66.771 0.0 642.97916
1038.3 1173.25 522.771 0.0 650.47919
1039.39 616.75 153.271 0.0 463.47917
1040.48 1078.75 455.771 0.0 622.97916
1041.57 1196.25 616.271 0.0 579.97919
1042.66 958.25 441.771 0.0 516.47916
1043.74 1087.25 508.271 0.0 578.97916
1044.83 1077.25 543.271 0.0 533.97919
1045.92 645.25 45.771 0.0 599.47917
1047.01 1208.25 617.771 0.0 590.47919
1048.1 523.25 96.771 0.0 426.47916
1049.19 871.75 502.271 0.0 369.47916
1050.27 772.75 342.271 0.0 430.47916
1051.36 827.75 305.271 0.0 522.47916
1052.45 1061.25 469.771 0.0 591.47916
1053.54 886.75 466.771 0.0 419.97916
1054.62 1034.75 525.271 0.0 509.47919
1055.71 961.25 467.771 0.0 493.47916
1056.8 1154.25 688.271 0.0 465.97919
1057.88 739.25 328.771 0.0 410.47916
1058.97 900.25 458.771 0.0 441.47916
1060.06 1326.25 834.771 0.0 491.47919
1061.14 696.75 367.771 0.0 328.97916
1062.23 2193.75 1608.271 0.0 585.47913
1063.31 945.25 547.271 0.0 397.97919
1064.4 658.25 279.271 0.0 378.97916
1065.48 884.25 526.771 0.0 357.47919
1066.57 706.75 362.771 0.0 343.97916
1067.65 878.75 543.771 0.0 334.97919
1068.74 684.25 357.271 0.0 326.97916
1069.82 856.25 544.271 0.0 311.97919
1070.9 2746.25 2151.771 0.0 594.47925
1071.99 861.25 561.771 0.0 299.47919
1073.07 889.75 491.771 0.0 397.97916
1074.15 909.75 576.771 0.0 332.97919
1075.24 783.75 526.771 0.0 256.97919
1076.32 881.75 625.771 0.0 255.97919
1077.4 1347.25 963.771 0.0 383.47919
1078.49 549.25 218.271 0.0 330.97917
1079.57 1005.25 655.271 0.0 349.97919
1080.65 1276.75 866.771 0.0 409.97919
1081.73 752.75 382.771 0.0 369.97916
1082.81 528.25 238.271 0.0 289.97917
1083.89 853.25 548.771 0.0 304.47919
1084.98 922.75 533.271 0.0 389.47919
1086.06 530.75 267.771 0.0 262.97916
1087.14 570.25 283.771 0.0 286.47916
1088.22 837.75 524.771 0.0 312.97919
1089.3 562.75 261.771 0.0 300.97916
1090.38 1453.75 1101.771 0.0 351.97913
1091.46 847.75 598.771 0.0 248.97919
1092.54 603.25 405.771 0.0 197.47916
1093.62 718.75 412.771 0.0 305.97916
1094.7 475.75 186.271 0.0 289.47917
1095.78 740.25 490.771 0.0 249.47916
1096.86 783.75 545.771 0.0 237.97919
1097.93 1532.75 1146.271 0.0 386.47913
1099.01 1113.75 802.271 0.0 311.47919
1100.09 519.25 334.271 0.0 184.97916
