196.55 1258.543 1299.977 1468.077 -24.64793
197.76 1854.821 1894.409 1982.22 -45.08243
198.96 1777.834 1747.928 1816.471 43.63083
200.16 1056.76 1105.313 1221.466 -41.80092
201.36 2003.168 1973.947 2131.243 18.57698
202.56 1320.53 1390.732 1472.275 -86.09284
203.76 1180.84 1081.438 1313.596 42.81657
204.96 1263.651 1374.643 1489.417 -96.70527
206.16 1005.591 950.05 1030.371 69.14801
207.36 1583.704 1619.226 1776.337 -22.60971
208.56 1403.301 1390.377 1568.635 7.25019
209.76 951.685 937.698 1050.461 12.4047
210.96 1182.782 1237.848 1334.759 -56.82079
212.16 2340.014 2486.932 2571.158 -174.431
213.36 1464.22 1530.752 1573.505 -155.61812
214.56 1183.525 1225.948 1408.201 -23.27699
215.76 2334.34 2293.438 2320.096 153.43108
216.96 1885.885 1917.508 1996.182 -40.19435
218.16 1400.927 1385.572 1408.352 67.40349
219.35 1072.607 1019.576 1202.039 29.06408
220.55 1269.595 1276.057 1310.288 -18.87657
221.75 1080.957 1096.342 1259.321 -9.44002
222.95 1780.122 1844.598 1978.999 -47.97363
224.15 1412.996 1464.403 1641.282 -29.06336
225.35 1170.529 1166.454 1284.117 3.46313
226.55 1138.611 1085.582 1204.456 44.6095
227.75 1704.622 1747.598 1830.999 -51.53063
228.94 1534.186 1510.198 1600.461 26.57555
230.14 1330.739 1342.781 1325.881 0.0
231.34 1073.788 1145.358 1248.385 -69.46656
232.54 1041.276 1008.838 1151.134 22.79608
233.74 1117.881 1134.002 1163.766 -54.16116
234.93 1158.041 1091.973 1243.868 43.49578
236.13 1306.762 1251.316 1453.674 27.39974
237.33 1299.436 1214.81 1369.736 54.62355
238.53 1089.583 1105.537 1252.538 -10.8537
239.72 1806.309 1723.89 1862.469 59.47444
240.92 855.702 868.223 1023.629 -8.05709
242.12 1555.626 1572.605 1695.416 -13.82522
243.31 1088.229 1111.265 1178.839 -34.09
244.51 899.805 915.883 1085.052 -9.50425
245.71 1637.128 1654.108 1725.124 -23.91025
246.9 2156.805 2026.883 2165.052 94.031
248.1 1288.332 1325.425 1459.762 -27.61181
249.3 1259.404 1312.037 1334.059 -239.00567
250.49 1217.414 1197.553 1339.601 13.98203
251.69 1458.243 1418.787 1554.798 29.00937
252.89 1298.507 1308.197 1312.482 -226.13377
254.08 843.185 851.698 932.461 -10.53944
255.28 1305.352 1361.457 1415.847 -103.15196
256.47 896.708 761.733 1026.254 51.02624
257.67 1459.455 1465.839 1613.613 -4.32022
258.86 1594.572 1596.021 1741.495 -0.99621
260.06 1287.916 1282.056 1394.31 5.22043
261.26 1913.278 1863.842 1951.342 56.49863
262.45 1250.268 1317.326 1393.8 -87.68654
263.65 773.005 759.694 938.774 7.43298
264.84 1375.286 1345.354 1546.176 14.90477
266.04 1035.507 1036.697 1180.982 -0.82488
267.23 869.003 771.191 888.565 83.33328
268.42 1074.755 1041.806 1127.049 38.65334
269.62 1192.723 1262.255 1321.714 -116.94331
270.81 1258.667 1305.169 1430.585 -37.07793
272.01 1261.272 1258.332 1365.717 2.73776
273.2 1538.577 1534.806 1627.57 4.06514
274.4 1014.391 942.518 1080.308 52.16172
275.59 1420.873 1414.489 1495.432 7.88709
276.78 1275.177 1240.185 1439.127 17.58928
277.98 1106.953 1088.614 1215.562 14.44642
279.17 1170.688 1236.701 1340.67 -63.49322
280.37 1212.106 1175.851 1245.989 51.691
281.56 861.854 750.46 922.555 64.72826
282.75 840.008 926.422 1096.533 -50.79861
283.95 1170.488 1024.668 1228.606 71.50225
285.14 1128.484 1243.162 1343.689 -114.07632
286.33 981.941 1011.095 1123.311 -25.97978
287.52 1322.569 1279.793 1407.236 33.56449
288.72 1507.626 1491.383 1593.573 15.89533
289.91 1785.879 1815.499 1911.557 -30.83471
291.1 1362.791 1374.361 1514.093 -8.28035
292.29 1264.733 1325.771 1411.256 -71.40246
293.49 1344.957 1328.62 1455.979 12.82768
294.68 1006.396 986.524 1047.725 32.46941
295.87 1059.245 1068.79 1214.007 -6.57307
297.06 1342.875 1338.492 1506.64 2.60659
298.26 690.492 667.675 723.523 40.85679
299.45 1066.229 1067.765 1263.839 -0.78338
300.64 1129.095 1090.557 1278.288 20.52833
301.83 1191.288 1235.858 1311.385 -59.01108
303.02 997.58 952.534 1155.829 22.15806
304.21 1483.998 1421.406 1557.49 45.99494
305.4 1168.597 1190.06 1275.497 -25.12127
306.59 1211.208 1245.733 1360.254 -30.14688
307.79 1073.774 1138.835 1242.425 -62.80643
308.98 895.239 890.781 943.881 8.396
310.17 1331.426 1349.625 1641.459 -6.23624
311.36 1157.832 1192.203 1262.92 -48.60292
312.55 1965.797 1951.649 2022.376 20.00463
313.74 773.887 907.011 1012.391 -126.32784
314.93 1348.801 1384.877 1507.635 -29.38774
316.12 1118.766 1084.322 1211.091 27.17029
317.31 642.408 674.043 753.976 -39.57768
318.5 816.387 862.011 969.391 -42.48839
319.69 1065.922 1066.066 1293.935 -0.06295
320.88 1118.173 990.678 1197.21 61.73129
322.07 856.439 892.091 1097.603 -17.34818
323.26 908.605 938.573 1055.331 -25.66627
324.45 631.854 755.96 830.555 -166.37173
325.64 1100.951 1106.111 1205.854 -5.1726
326.83 1288.291 1301.361 1449.093 -8.8473
328.01 1004.842 1025.441 1160.805 -15.21742
329.2 1393.274 1375.835 1560.425 9.44734
330.39 1002.875 1049.992 1228.64 -26.37424
331.58 894.359 788.466 986.472 53.47922
332.77 1642.258 1655.81 1742.257 -15.6765
333.96 665.41 608.047 782.184 32.94146
335.15 866.326 743.415 939.637 62.63848
336.33 860.859 830.966 980.972 19.92723
337.52 964.354 1009.46 1153.556 -31.30262
338.71 965.834 980.928 1078.471 -15.47448
339.9 898.637 994.399 1018.116 -403.77015
341.08 986.48 1009.655 1130.772 -19.13468
342.27 1277.319 1250.406 1517.511 10.07609
343.46 1416.171 1489.675 1635.502 -50.40503
344.65 1297.171 1311.675 1542.002 -6.29715
345.83 1415.655 1435.15 1622.334 -10.41486
347.02 691.65 753.643 945.917 -32.2418
348.21 1336.755 1364.806 1642.549 -10.09961
349.4 751.811 743.893 982.678 3.3161
350.58 1032.571 994.296 1233.445 16.00444
351.77 823.381 887.002 1020.266 -47.74022
352.96 621.253 615.303 936.341 1.85347
354.14 905.848 960.451 1360.43 -13.65126
355.33 788.229 846.765 1135.339 -20.28457
356.51 617.54 642.748 907.318 -9.52812
357.7 971.752 1023.578 1319.79 -17.49628
358.89 726.968 817.136 1108.521 -30.94478
360.07 1260.536 1247.242 1578.901 4.00828
361.26 1492.512 1492.982 1756.557 -0.17831
362.44 1014.191 1073.26 1363.694 -20.33833
363.63 766.831 814.978 1250.37 -11.05831
364.81 831.51 874.256 1288.506 -10.31896
366.0 538.463 629.683 966.712 -27.06596
367.18 1874.744 1896.343 2359.114 -4.66732
368.37 763.977 798.427 1163.013 -9.44923
369.55 1051.351 1083.732 1477.296 -8.22758
370.74 1236.347 1240.225 1679.88 -0.88218
371.92 1528.987 1536.943 1940.055 -1.97372
373.11 775.135 874.174 1243.065 -26.84759
374.29 680.314 727.452 1061.702 -14.10258
375.48 853.54 867.526 1328.476 -3.03417
376.66 616.872 803.764 1223.881 -44.48573
377.84 1331.977 1345.927 1844.513 -2.79803
379.03 667.859 733.245 1230.13 -13.15905
380.21 498.073 648.578 1074.811 -35.31028
381.39 470.557 454.052 1008.143 2.97874
382.58 1173.361 1166.748 1740.839 1.15198
383.76 1492.723 1508.033 2124.371 -2.48404
384.94 1629.793 1619.642 2223.959 1.67977
386.13 722.627 766.661 1266.731 -8.80554
387.31 929.983 934.937 1647.638 -0.6951
388.49 695.071 695.074 1474.103 -0.0004
389.68 983.917 1053.334 1788.467 -9.44284
390.86 858.909 942.321 1819.134 -9.51319
392.04 1251.268 1341.604 2229.958 -10.16883
393.22 675.409 752.321 1677.134 -8.31659
394.41 676.563 762.062 1658.769 -9.53472
395.59 379.911 426.825 1514.342 -4.31386
396.77 805.279 870.12 1982.5 -5.82902
397.95 849.345 861.222 2051.171 -0.99815
399.13 1146.785 1231.629 2416.125 -7.16291
400.31 753.174 803.734 2078.026 -3.96771
401.5 968.003 1086.469 2343.223 -9.4263
402.68 1042.557 1132.052 2481.143 -6.63373
403.86 653.421 790.841 2201.884 -9.73887
405.04 1148.735 1253.552 2782.122 -6.8572
406.22 651.516 782.488 2245.974 -8.94933
407.4 962.589 1139.325 2853.821 -10.30832
408.58 1138.005 1296.472 2907.932 -9.83373
409.76 1323.532 1377.014 3162.142 -2.99594
410.94 862.909 1071.821 2772.134 -12.28673
412.12 774.155 836.928 2742.992 -3.2933
413.3 671.334 804.206 2716.129 -6.94964
414.48 499.324 686.69 2582.086 -9.88532
415.66 708.727 846.54 2731.288 -7.31198
416.84 1603.33 1734.2 3554.712 -7.1886
418.02 924.96 1026.901 3029.345 -5.09085
419.2 678.839 819.713 2781.046 -7.18257
420.38 799.906 939.318 3122.425 -6.38593
421.56 727.746 846.568 3035.165 -5.42917
422.74 1427.51 1479.978 3680.349 -2.38455
423.92 1168.392 1236.296 3499.466 -3.00038
425.1 806.324 880.69 3147.586 -3.28052
426.28 669.6 812.341 3101.863 -6.23456
427.46 1738.602 1867.344 4131.572 -5.68594
428.63 884.678 1013.463 3296.785 -5.64024
429.81 898.618 1043.87 3448.74 -6.03991
430.99 1027.223 1104.033 3604.871 -3.07137
432.17 1442.186 1600.976 4007.119 -6.59934
433.35 1044.705 1226.504 3801.495 -7.06021
434.52 349.056 517.774 3005.485 -6.78204
435.7 611.165 763.944 3347.534 -5.9134
436.88 1090.328 1247.697 3912.503 -5.90543
438.06 858.579 945.309 3680.779 -3.17057
439.23 709.322 814.187 3635.878 -3.71639
440.41 847.523 1128.223 4072.15 -9.53486
441.59 1169.915 1280.331 4219.259 -3.75703
442.77 506.992 816.175 3808.523 -10.33243
443.94 1141.797 1263.649 4410.876 -3.8717
445.12 1040.194 1302.488 4592.453 -7.97255
446.3 1432.82 1652.684 4929.669 -6.70933
447.47 1027.26 1265.591 4660.124 -7.02102
448.65 1102.803 1323.658 5051.001 -5.92526
449.82 731.804 981.658 4633.501 -6.84188
451.0 812.764 1109.597 4982.541 -7.66427
452.18 737.701 1024.498 5168.578 -6.92066
453.35 858.795 1095.145 5395.668 -5.49584
454.53 769.676 1108.46 5521.077 -7.67762
455.7 543.25 917.075 5469.582 -8.21141
456.88 1219.635 1576.896 6334.907 -7.50862
458.05 861.736 1201.052 6203.622 -6.78285
459.23 567.223 840.033 6012.872 -5.2739
460.4 881.295 1213.645 6698.668 -6.05923
461.58 996.137 1368.399 6986.616 -6.62598
462.75 504.694 920.488 6707.453 -7.18501
463.93 901.775 1293.113 7132.083 -6.70219
465.1 765.351 1147.732 7311.296 -6.20389
466.28 417.538 836.245 7099.609 -6.68502
467.45 391.295 753.145 7423.668 -5.42461
468.63 801.244 1198.065 8054.956 -5.78719
469.8 1092.221 1508.53 8615.663 -5.85762
470.97 639.738 1016.056 8142.831 -5.28034
472.15 854.495 1255.178 8684.731 -5.3931
473.32 1034.538 1385.245 9044.109 -4.5791
474.49 1166.598 1596.338 9434.655 -5.48256
475.67 756.054 1180.271 9116.277 -5.34546
476.84 515.55 935.264 9161.36 -5.10223
478.01 916.186 1454.476 9788.119 -6.45923
479.19 765.964 1213.63 9915.604 -5.14442
480.36 535.085 1038.319 9834.404 -5.72111
481.53 896.657 1311.931 10236.2 -4.65331
482.7 756.021 1243.219 10415.941 -5.31138
483.88 496.937 993.588 10358.395 -5.30338
485.05 657.135 1163.396 10542.907 -5.39752
486.22 775.361 1204.47 10760.681 -4.49037
487.39 484.249 919.297 10659.924 -4.46632
488.56 794.67 1326.95 11099.951 -5.44644
489.74 1217.48 1634.655 11744.772 -4.12632
490.91 466.009 1006.2 11088.19 -5.35798
492.08 652.17 1161.45 11344.451 -5.00128
493.25 584.472 1010.143 11266.938 -4.15013
494.42 680.935 1195.585 11633.186 -4.93073
495.59 701.445 1161.101 11347.229 -4.51257
496.76 744.74 1146.559 11782.539 -3.77792
497.93 920.61 1370.857 11975.405 -4.24579
499.1 858.449 1318.107 12094.146 -4.26556
500.27 1384.927 1866.572 12625.852 -4.47656
501.44 1569.577 2012.306 12511.57 -4.21676
502.61 660.017 1113.213 11912.024 -4.19672
503.78 907.346 1312.947 12427.222 -3.64937
504.95 1483.112 1927.86 13074.114 -3.99012
506.12 1002.338 1483.934 12602.388 -4.33151
507.29 581.488 997.668 12047.105 -3.76653
508.46 255.001 633.687 12112.856 -3.2989
509.63 1521.001 1972.687 13488.356 -3.92237
510.8 1533.532 1968.735 13609.483 -3.73862
511.97 756.567 1234.79 13305.027 -3.962
513.14 448.288 834.858 12912.385 -3.20073
514.31 1111.453 1533.614 13660.062 -3.48132
515.48 755.799 1162.874 13197.927 -3.38241
516.65 673.546 1094.758 13095.943 -3.50975
517.81 667.418 999.559 13167.518 -2.72964
518.98 983.091 1274.828 13791.529 -2.33078
520.15 383.729 784.265 13329.339 -3.19278
521.32 864.536 1327.242 14291.4 -3.56912
522.49 1859.803 2226.88 15044.844 -2.86377
523.65 1504.387 1927.011 15039.391 -3.22309
524.82 899.054 1242.271 14595.277 -2.57033
525.99 205.295 657.367 14265.51 -3.32207
527.16 975.659 1331.156 15329.251 -2.53961
528.32 999.49 1364.171 15375.314 -2.60279
529.49 634.527 1067.729 15271.566 -3.04989
530.66 239.091 608.05 15059.871 -2.55303
531.82 395.622 842.376 15255.156 -3.09971
532.99 586.937 946.588 16052.395 -2.38088
534.16 650.947 1044.104 16379.937 -2.56365
535.32 1097.363 1503.473 16681.889 -2.67558
536.49 473.859 851.966 16728.973 -2.38148
537.65 1354.563 1647.283 17814.111 -1.81063
538.82 477.412 822.55 17439.893 -2.07697
539.99 923.968 1215.136 18256.521 -1.7086
541.15 1030.661 1388.937 18845.617 -2.05237
542.32 307.817 778.402 18709.303 -2.62444
543.48 1057.714 1470.742 19664.379 -2.27018
544.65 1273.638 1604.124 20111.666 -1.78568
545.81 1802.427 2196.072 22201.352 -1.96771
546.98 812.743 1139.287 21878.299 -1.57454
548.14 1109.927 1557.572 22616.352 -2.1257
549.31 491.379 925.499 22535.057 -2.00892
550.47 699.338 1109.934 23259.889 -1.85371
551.63 1351.418 1734.559 24572.518 -1.67765
552.8 615.548 1054.761 24695.152 -1.85789
553.96 586.391 1027.018 24477.809 -1.87894
555.13 639.834 1095.928 25045.971 -1.90436
556.29 1256.255 1701.806 26438.049 -1.80121
557.45 429.12 907.373 26256.947 -1.88663
558.62 782.324 1256.912 26532.428 -1.87766
559.78 1011.243 1430.287 27305.299 -1.61949
560.94 643.815 1132.399 27893.594 -1.82572
562.11 661.753 1057.303 28391.84 -1.44707
563.27 266.319 773.906 28327.512 -1.84218
564.43 195.865 651.976 28605.598 -1.63167
565.59 310.607 835.576 29441.039 -1.8352
566.76 574.054 1039.771 29812.277 -1.61862
567.92 830.101 1234.566 30447.914 -1.38452
569.08 972.78 1472.845 31358.551 -1.67326
570.24 623.583 1024.316 31587.695 -1.31115
571.4 393.383 818.505 31947.475 -1.36568
572.57 575.605 981.073 32060.33 -1.30462
573.73 208.791 706.861 33351.594 -1.52573
574.89 614.69 1065.204 33134.379 -1.40482
576.05 778.505 1225.694 34211.773 -1.35569
577.21 418.472 810.143 33633.438 -1.19327
578.37 164.832 598.925 34152.262 -1.29374
579.53 454.721 797.752 35345.504 -0.99292
580.69 886.284 1322.351 36328.469 -1.24569
581.85 543.852 1113.457 35875.848 -1.63857
583.01 622.375 1096.992 36358.641 -1.34599
584.17 775.404 1176.037 36684.059 -1.12829
585.33 837.795 1333.367 37089.012 -1.386
586.49 557.943 1088.598 37534.02 -1.45603
587.65 772.435 1356.585 37827.188 -1.6017
588.81 793.793 1359.364 38187.801 -1.53569
589.97 1236.844 1749.444 38298.512 -1.4025
591.13 590.085 1203.819 38559.902 -1.64293
592.29 540.262 1152.316 39193.176 -1.60894
593.45 406.249 975.797 38263.922 -1.52742
594.61 307.067 974.29 38652.027 -1.77087
595.77 329.328 919.418 38933.344 -1.5523
596.93 267.044 858.755 38457.734 -1.57374
598.09 605.949 1262.607 39183.645 -1.73165
599.24 335.266 1005.822 39146.09 -1.75813
600.4 566.443 1180.098 39324.02 -1.60879
601.56 385.369 1077.983 39772.016 -1.78998
602.72 560.237 1283.778 39916.172 -1.87289
603.87 676.475 1379.871 39325.695 -1.85368
605.03 359.237 1062.278 39978.172 -1.80656
606.19 332.797 1013.37 40235.719 -1.73517
607.35 185.762 868.316 38412.676 -1.81799
608.5 781.33 1451.922 41656.555 -1.66795
609.66 1178.716 1915.246 39878.09 -1.94013
610.82 356.922 987.066 39827.434 -1.62239
611.97 352.256 999.306 39393.051 -1.6853
613.13 832.657 1501.153 38826.543 -1.791
614.29 708.809 1428.89 39653.969 -1.88379
615.44 901.782 1609.848 39877.758 -1.85029
616.6 318.223 981.755 38666.715 -1.76074
617.76 881.305 1553.883 39462.051 -1.77423
618.91 886.122 1572.098 39633.0 -1.80231
620.07 941.776 1584.338 40462.633 -1.65275
621.22 132.766 872.822 39094.09 -1.93624
622.38 1343.255 2023.306 40242.551 -1.77934
623.53 185.883 887.505 39150.973 -1.83366
624.69 331.725 996.258 39424.422 -1.72929
625.84 321.28 995.345 39245.551 -1.76225
627.0 654.618 1398.87 39587.738 -1.94887
628.15 195.745 818.79 38811.508 -1.63991
629.31 623.495 1199.678 39537.73 -1.5029
630.46 125.824 794.412 38478.93 -1.77417
631.61 568.227 1195.262 39394.129 -1.6415
632.77 473.986 1133.165 39081.898 -1.73702
633.92 762.875 1348.492 38807.641 -1.56335
635.08 1283.052 1863.267 39023.07 -1.56141
636.23 501.815 1158.399 39014.094 -1.73444
637.38 137.811 745.393 39444.176 -1.57003
638.54 882.945 1562.101 40090.227 -1.76275
639.69 1218.611 1854.582 40522.957 -1.64468
640.84 700.362 1302.472 40425.492 -1.53902
641.99 261.358 870.466 39348.039 -1.58302
643.15 1105.354 1707.96 40674.59 -1.54647
644.3 334.35 913.454 40219.141 -1.47333
645.45 78.346 757.448 39276.691 -1.76302
646.6 1102.343 1723.942 39482.242 -1.64626
647.75 372.839 988.935 40235.793 -1.5698
648.91 36.835 675.929 38627.344 -1.68398
650.06 339.831 1011.423 40480.895 -1.70155
651.21 643.827 1356.917 40454.445 -1.82388
652.36 679.323 1226.911 41564.496 -1.35751
653.51 322.819 895.405 40485.047 -1.4463
654.66 440.815 1117.899 40683.098 -1.71131
655.81 838.311 1402.893 41599.648 -1.40455
656.96 283.307 696.387 41494.699 -1.01249
658.11 613.304 1111.381 41527.25 -1.23238
659.27 729.8 1338.875 41410.801 -1.51996
660.42 189.296 827.369 42195.348 -1.54243
661.57 540.792 1244.363 42177.898 -1.71881
662.72 7.788 684.857 41365.949 -1.66433
663.87 96.784 677.851 41650.0 -1.4182
665.01 515.78 1122.345 42599.551 -1.4624
666.16 243.276 884.839 42831.602 -1.52947
667.31 239.272 932.333 44152.152 -1.60357
668.46 951.269 1611.827 44582.203 -1.53724
669.61 357.765 1002.821 45205.754 -1.45931
670.76 165.761 885.815 44848.305 -1.63788
671.91 1004.757 1674.808 45945.855 -1.51352
673.06 707.253 1348.302 46260.406 -1.42734
674.21 -2.751 722.296 45359.957 -1.6243
675.35 539.245 1151.29 44976.508 -1.39656
676.5 381.741 1092.784 46855.059 -1.55378
677.65 162.237 897.778 45309.109 -1.6562
678.8 53.734 684.772 46746.656 -1.36998
679.94 241.73 917.766 46943.707 -1.46882
681.09 568.726 1256.76 49671.758 -1.42112
682.24 582.222 1347.754 49220.809 -1.59909
683.39 87.218 861.248 50009.859 -1.57488
684.53 736.214 1380.742 51695.41 -1.28099
685.68 397.71 1154.736 53279.461 -1.45234
686.83 478.206 1227.73 51274.012 -1.49766
687.97 456.702 878.724 51072.063 -0.84079
689.12 418.199 923.218 52493.113 -0.97929
690.27 279.695 786.712 52814.664 -0.97451
691.41 732.191 1340.706 52109.215 -1.19861
692.56 540.187 1192.2 53431.266 -1.24813
693.7 624.183 1125.194 52275.316 -0.97949
694.85 167.179 726.688 53831.367 -1.0536
695.99 636.175 1215.182 53286.918 -1.11194
697.14 438.171 1093.676 55459.965 -1.20572
698.28 565.167 1249.169 53895.516 -1.29924
699.43 542.164 1183.163 53765.066 -1.21905
700.57 12.16 698.157 54502.617 -1.27498
701.72 172.156 829.151 53611.168 -1.24473
702.86 43.652 624.145 54756.219 -1.07236
704.01 145.148 849.139 55011.77 -1.29977
705.15 610.644 1351.633 57276.82 -1.32496
706.29 269.14 979.627 53834.371 -1.34423
707.44 364.136 1117.621 57186.422 -1.34386
708.58 93.132 759.115 56656.973 -1.19143
709.72 921.129 1652.609 56387.023 -1.33642
710.87 -33.875 633.603 56811.574 -1.18815
712.01 138.621 876.097 56930.625 -1.31564
713.15 473.117 1090.591 57445.676 -1.09568
714.3 504.113 1242.085 58236.223 -1.29482
715.44 186.109 913.579 59205.773 -1.24797
716.58 439.105 1166.573 58115.824 -1.2774
717.72 169.601 704.567 57891.375 -0.93547
718.87 328.097 927.061 57335.426 -1.06183
720.01 318.594 834.555 59235.477 -0.88348
721.15 57.59 570.549 57304.527 -0.90415
722.29 567.586 1169.042 57845.078 -1.06122
723.43 694.582 1287.036 58928.129 -1.02783
724.57 605.578 1055.53 57864.68 -0.79204
725.72 393.574 882.024 58990.73 -0.84058
726.86 958.57 1464.518 57626.281 -0.90088
728.0 389.066 826.512 59164.332 -0.74985
729.14 189.562 758.506 59548.883 -0.96775
730.28 783.059 1266.0 59959.934 -0.82281
731.42 104.055 612.994 59466.984 -0.86475
732.56 987.551 1535.988 61504.031 -0.91455
733.7 484.047 1135.982 59727.082 -1.11269
734.84 -24.457 601.476 59133.133 -1.06939
735.98 338.539 972.47 60925.184 -1.05738
737.12 94.035 664.464 59174.234 -0.97493
738.26 192.531 786.458 58674.785 -1.02599
739.4 395.527 1009.952 60203.336 -1.038
740.53 567.023 1234.946 59079.387 -1.15469
741.67 502.52 1050.44 59032.938 -0.94497
742.81 22.016 540.934 59024.488 -0.88729
743.95 478.512 995.928 59168.539 -0.88945
745.09 126.008 740.422 59995.09 -1.0369
746.23 610.504 1222.416 59953.141 -1.04189
747.36 708.0 1279.409 61276.191 -0.9524
748.5 150.496 794.903 61611.742 -1.05959
749.64 236.492 839.397 58732.793 -1.04141
750.78 130.488 758.391 59515.84 -1.06864
751.92 274.485 890.885 60904.891 -1.02709
753.05 334.981 921.379 59285.941 -1.00472
754.19 846.477 1394.873 58359.992 -0.96269
755.33 -2.027 583.867 59226.043 -0.9991
756.46 388.469 1001.861 58310.594 -1.07033
757.6 128.465 692.855 57365.645 -0.99587
758.74 743.461 1356.349 58071.195 -1.08065
759.87 411.957 778.843 57201.746 -0.65024
761.01 353.453 486.837 56824.297 -0.23676
762.14 364.45 566.831 57044.848 -0.35834
763.28 665.446 799.325 57173.898 -0.23748
764.41 403.442 626.819 57182.949 -0.39497
765.55 18.438 203.813 56357.5 -0.33012
766.69 428.434 808.307 56586.051 -0.68105
767.82 419.93 893.301 56138.602 -0.85685
768.95 146.926 586.295 54162.148 -0.82009
770.09 937.922 1378.288 56006.699 -0.80611
771.22 927.918 1400.782 54892.75 -0.88399
772.36 751.915 1263.776 54256.301 -0.96591
773.49 720.911 1225.77 54383.852 -0.94973
774.63 332.407 851.264 52321.402 -1.00807
775.76 321.903 751.258 54885.953 -0.79312
776.89 676.399 1144.252 53674.004 -0.89064
778.03 542.895 972.246 52336.555 -0.83589
779.16 190.391 617.74 52877.105 -0.81775
780.29 514.887 947.234 51847.656 -0.8494
781.43 773.883 1312.728 51423.707 -1.0753
782.56 574.38 930.222 50899.258 -0.71213
783.69 184.876 607.716 49748.309 -0.86047
784.82 376.872 785.21 49614.859 -0.83625
785.96 327.368 712.204 49471.906 -0.78925
787.09 321.364 770.698 49026.457 -0.93115
788.22 543.86 916.692 50007.508 -0.75947
789.35 220.356 579.186 48530.559 -0.74832
790.48 382.352 714.18 47772.109 -0.70515
791.62 677.348 1073.174 48850.16 -0.82848
792.75 169.845 489.668 47627.211 -0.67849
793.88 941.841 1236.661 47463.762 -0.63777
795.01 505.837 876.155 47340.313 -0.797
796.14 617.333 907.649 46555.363 -0.63599
797.27 707.329 968.643 46124.914 -0.57869
798.4 382.325 760.637 46249.465 -0.83166
799.53 133.821 523.631 45430.516 -0.86804
800.66 476.317 754.625 46188.066 -0.61256
801.79 1624.813 1929.619 45467.117 -0.7001
802.92 374.81 635.113 44036.668 -0.59976
804.05 554.806 860.607 43972.215 -0.70933
805.18 370.802 673.101 43939.266 -0.6987
806.31 336.298 668.595 44797.316 -0.75302
807.44 56.294 407.589 44292.867 -0.80048
808.57 507.29 828.583 44442.918 -0.73667
809.69 500.286 835.577 43361.969 -0.78843
810.82 7.282 268.071 41910.02 -0.62626
811.95 1311.778 1536.065 41944.07 -0.55505
813.08 337.275 473.559 41414.121 -0.33288
814.21 1285.271 1475.053 42449.672 -0.46317
815.33 391.267 639.547 40711.223 -0.61959
816.46 519.763 636.541 40607.773 -0.29215
817.59 1044.759 1161.535 40373.324 -0.29781
818.72 682.755 833.529 40714.875 -0.37806
819.84 1175.751 1317.022 40060.926 -0.36463
820.97 747.747 903.016 39603.477 -0.40121
822.1 800.743 1023.01 38340.023 -0.59562
823.22 146.74 325.504 36958.574 -0.48799
824.35 269.736 403.998 37744.125 -0.35957
825.48 785.232 1032.992 35852.676 -0.71155
826.6 493.728 643.986 35570.727 -0.43021
827.73 -0.776 224.48 35839.777 -0.63247
828.85 420.72 622.974 33744.328 -0.61065
829.98 804.216 1010.468 34808.879 -0.61024
831.11 183.712 391.462 35855.93 -0.5858
832.23 166.708 346.956 35085.48 -0.51887
833.36 782.704 941.45 34406.031 -0.47437
834.48 454.201 594.944 33802.582 -0.42383
835.6 661.197 857.438 34297.633 -0.58684
836.73 95.693 307.432 33055.184 -0.64658
837.85 719.189 882.926 34044.734 -0.49375
838.98 108.185 228.92 32408.783 -0.37519
840.1 545.681 732.414 32830.832 -0.58175
841.23 526.677 753.908 33475.883 -0.69443
842.35 902.673 1165.401 33288.434 -0.81788
843.47 404.669 605.895 31556.984 -0.65014
844.6 164.166 315.389 31638.035 -0.48279
845.72 217.162 495.383 31882.586 -0.88642
846.84 305.158 469.377 31296.137 -0.53272
847.96 301.154 464.371 31899.188 -0.51922
849.09 192.15 390.865 31533.738 -0.63808
850.21 419.646 579.859 30625.289 -0.53324
851.33 542.142 758.353 30542.34 -0.72593
852.45 166.638 340.347 31219.389 -0.56255
853.57 437.634 623.841 30644.939 -0.62025
854.7 255.631 379.335 29228.99 -0.42879
855.82 228.627 343.829 29296.541 -0.3979
856.94 682.123 853.823 29967.092 -0.58977
858.06 78.619 177.817 28879.643 -0.34562
859.18 601.615 762.311 29481.693 -0.55954
860.3 406.611 546.305 28860.744 -0.49337
861.42 10.107 116.799 28400.293 -0.37722
862.54 37.103 215.793 28931.844 -0.62226
863.66 179.099 289.287 29698.395 -0.37467
864.78 330.096 524.781 27900.445 -0.71116
865.9 492.592 640.775 27936.496 -0.54288
867.02 1532.588 1717.268 30186.547 -0.6487
868.14 1077.084 1258.262 29551.598 -0.64036
869.26 742.58 838.256 28394.148 -0.34721
870.38 -0.424 153.75 27413.697 -0.56557
871.5 34.572 173.244 27025.248 -0.51643
872.62 127.068 293.738 26275.799 -0.64148
873.74 827.064 969.232 26843.35 -0.54946
874.85 113.563 343.229 27284.625 -0.85247
875.97 439.063 580.729 26137.625 -0.55432
877.09 598.563 688.229 26464.125 -0.34787
878.21 436.063 503.729 25988.125 -0.26552
879.33 438.563 660.729 26136.125 -0.87208
880.44 448.063 575.229 24863.625 -0.52357
881.56 271.563 427.729 25675.625 -0.61853
882.68 463.063 580.229 26322.125 -0.45516
883.79 1041.063 1213.229 25927.625 -0.69662
884.91 54.563 221.229 24993.125 -0.67281
886.03 617.563 674.729 25612.125 -0.22924
887.14 787.563 931.229 24933.625 -0.59855
888.26 906.563 1007.729 24240.125 -0.43546
889.38 800.063 845.729 25052.625 -0.18865
890.49 26.563 136.729 25526.125 -0.43391
891.61 506.563 593.729 25815.625 -0.3456
892.72 203.063 263.229 25648.625 -0.23701
893.84 57.063 113.229 25860.125 -0.21815
894.95 21.063 175.229 26487.625 -0.58591
896.07 287.563 370.729 26107.125 -0.32315
897.18 533.563 593.229 26594.125 -0.22948
898.3 128.563 161.229 25740.125 -0.12771
899.41 701.063 793.729 25713.125 -0.37187
900.53 524.063 558.729 25628.125 -0.13828
901.64 585.563 651.729 25970.625 -0.26133
902.75 395.563 457.229 26757.625 -0.23447
903.87 130.563 289.729 25484.625 -0.63174
904.98 544.563 658.729 24654.625 -0.47578
906.09 383.563 401.729 24634.625 -0.07497
907.21 547.563 637.229 23786.125 -0.38735
908.32 309.063 340.729 23721.125 -0.13544
909.43 802.063 800.229 24497.625 0.00774
910.54 470.563 539.229 24454.125 -0.28713
911.66 1334.563 1471.729 24663.125 -0.59145
912.77 185.063 286.229 22537.125 -0.45466
913.88 420.563 472.729 23485.625 -0.22668
914.99 222.063 275.229 22674.625 -0.23736
916.1 502.063 517.729 22313.625 -0.07188
917.22 147.063 238.229 21503.125 -0.42872
918.33 804.563 849.229 22336.125 -0.20788
919.44 433.563 479.229 23368.125 -0.19951
920.55 938.563 980.229 22042.625 -0.19783
921.66 621.563 674.729 21028.125 -0.26122
922.77 609.563 655.729 21377.625 -0.22279
923.88 820.563 898.729 21208.125 -0.38488
924.99 554.563 604.229 20226.125 -0.25312
926.1 56.063 110.229 19644.625 -0.27729
927.21 874.563 955.229 20969.625 -0.40304
928.32 -32.438 60.729 18987.625 -0.49224
929.43 439.063 464.729 17910.125 -0.14713
930.54 261.063 316.229 17962.125 -0.31263
931.65 410.063 384.229 18848.625 0.13991
932.76 515.563 547.729 18294.625 -0.18125
933.86 472.563 427.229 16937.125 0.27458
934.97 245.063 283.729 15978.125 -0.24637
936.08 305.563 262.729 15670.125 0.27801
937.19 833.063 837.729 15335.625 -0.03219
938.3 583.063 635.229 13961.625 -0.39145
939.4 835.563 851.229 13430.625 -0.12454
940.51 403.063 413.229 11857.625 -0.08884
941.62 564.563 578.229 11275.625 -0.12776
942.73 1291.563 1341.729 11535.625 -0.49212
943.83 527.563 498.229 10521.625 0.29265
944.94 454.563 468.729 10586.625 -0.14002
946.05 49.063 -8.771 9940.125 0.5813
947.15 107.063 95.229 10235.625 0.1167
948.26 400.063 401.229 10564.625 -0.01148
949.36 239.063 214.229 10854.125 0.2334
950.47 446.563 474.229 12382.125 -0.23234
951.57 992.063 1038.229 12525.625 -0.40189
952.68 714.063 710.229 12094.625 0.03367
953.79 705.063 668.229 12134.625 0.32123
954.89 254.563 335.729 11492.625 -0.7275
955.99 614.563 626.229 12270.125 -0.1002
957.1 334.563 366.729 12352.625 -0.26837
958.2 520.563 417.729 12489.125 0.85188
959.31 657.063 650.229 13240.625 0.05427
960.41 261.063 240.729 12570.625 0.16491
961.52 111.563 157.229 12546.625 -0.36859
962.62 640.063 591.229 13187.625 0.38768
963.72 55.063 115.229 13626.625 -0.4453
964.83 54.063 37.229 12657.125 0.13339
965.93 446.563 561.729 12517.125 -0.9633
967.03 846.063 847.229 12935.125 -0.00965
968.13 651.563 667.729 13069.125 -0.13036
969.24 262.063 262.229 12850.125 -0.00132
970.34 286.563 359.229 11852.625 -0.63225
971.44 369.563 443.729 12252.125 -0.62808
972.54 462.563 525.229 12481.125 -0.52415
973.64 324.063 240.729 12050.125 0.70565
974.75 1222.563 1283.729 12918.625 -0.52572
975.85 3516.063 3546.729 15501.125 -0.25653
976.95 261.063 311.729 12315.625 -0.42209
978.05 730.563 634.729 12609.625 0.80029
979.15 1130.563 1091.229 12670.125 0.3397
980.25 225.563 229.729 11239.625 -0.03784
981.35 338.563 291.229 11579.125 0.41933
982.45 1120.063 1123.729 12052.625 -0.03355
983.55 596.563 772.729 11245.625 -1.68212
984.65 542.563 583.729 11410.125 -0.38024
985.75 756.063 826.229 10988.625 -0.69045
986.85 575.063 594.729 11181.125 -0.18577
987.95 268.063 310.229 10922.125 -0.39735
989.05 966.563 951.729 11134.625 0.14567
990.15 769.563 770.229 10673.625 -0.00673
991.25 481.063 548.729 10309.625 -0.69324
992.34 934.563 974.229 10804.125 -0.40353
993.44 548.563 597.229 9851.125 -0.5259
994.54 520.563 486.729 9829.625 0.36213
995.64 908.063 909.729 10093.125 -0.01815
996.74 1012.563 1008.729 10399.125 0.04082
997.83 182.563 180.229 8810.625 0.02704
998.93 431.063 469.729 8526.625 -0.47992
1000.03 1448.563 1488.229 10064.125 -0.46254
1001.12 895.063 950.729 9133.625 -0.68028
1002.22 954.063 1006.729 9446.125 -0.62406
1003.32 382.563 398.229 8497.125 -0.19344
1004.41 627.563 633.729 8140.125 -0.08215
1005.51 494.063 569.229 7961.625 -1.01681
1006.6 320.563 331.229 7491.625 -0.14897
1007.7 741.063 786.729 7732.125 -0.65751
1008.8 132.063 167.229 6967.125 -0.51716
1009.89 658.063 720.229 7386.125 -0.93261
1010.99 537.563 591.729 7048.625 -0.8389
1012.08 200.563 186.229 7296.125 0.2016
1013.18 521.563 486.229 8030.125 0.46837
1014.27 318.563 395.229 8184.625 -0.98424
1015.36 485.063 476.229 8311.625 0.11274
1016.46 564.063 544.229 8542.625 0.24797
1017.55 268.063 292.729 7864.625 -0.32577
1018.65 538.563 581.729 8065.125 -0.57683
1019.74 744.563 772.229 7645.125 -0.40255
1020.83 627.063 618.229 7416.125 0.12994
1021.93 500.063 498.229 7189.125 0.0274
1023.02 213.063 175.729 6664.625 0.57534
1024.11 210.063 203.229 6349.125 0.11119
1025.2 120.563 175.229 5929.125 -0.95008
1026.3 533.063 654.729 6321.625 -2.14697
1027.39 820.063 817.729 6383.125 0.04193
1028.48 553.563 642.729 5979.625 -1.67076
1029.57 482.063 436.229 5648.625 0.87931
1030.66 532.063 572.729 5449.625 -0.83386
1031.75 1758.563 1766.729 6494.125 -0.17275
1032.84 710.063 792.729 5607.625 -1.71689
1033.94 271.563 238.729 4971.625 0.69373
1035.03 780.563 896.729 5472.625 -2.53867
1036.12 152.563 162.729 4471.125 -0.23597
1037.21 136.563 235.729 4562.125 -2.29213
1038.3 659.063 662.229 4776.125 -0.07698
1039.39 192.563 244.729 4211.625 -1.31505
1040.48 603.563 631.729 4306.625 -0.76646
1041.57 759.563 702.229 4288.125 1.59886
1042.66 588.563 562.229 4219.625 0.72
1043.74 614.563 663.729 4464.625 -1.29356
1044.83 673.063 699.229 4136.625 -0.76124
1045.92 236.563 210.229 3480.125 0.80533
1047.01 745.563 782.229 3992.625 -1.14212
1048.1 179.063 187.729 3207.125 -0.28703
1049.19 622.563 545.729 3552.125 2.55566
1050.27 458.063 426.729 3331.125 1.07882
1051.36 412.063 469.229 3256.125 -2.05127
1052.45 730.063 680.229 3290.625 1.90903
1053.54 581.063 567.229 3351.125 0.4969
1054.62 704.063 690.729 3322.625 0.5066
1055.71 598.063 601.729 3071.625 -0.14846
1056.8 878.063 860.229 3193.125 0.76443
1057.88 479.563 435.729 2865.125 1.80429
1058.97 561.063 495.729 2820.625 2.81016
1060.06 1018.563 1025.729 3225.625 -0.32577
1061.14 446.063 500.729 2643.625 -2.55106
1062.23 1915.563 1947.229 3872.625 -1.64468
1063.31 725.063 681.729 2741.625 2.10367
1064.4 456.063 387.729 2366.625 3.4531
1065.48 622.563 598.729 2542.125 1.22637
1066.57 516.063 486.229 2459.125 1.51216
1067.65 698.063 701.729 2547.125 -0.19869
1068.74 490.563 490.729 2200.625 -0.00975
1069.82 647.063 663.729 2190.625 -1.09154
1070.9 2531.063 2472.229 4081.125 3.65675
1071.99 716.063 714.229 2298.625 0.11571
1073.07 664.063 699.229 2170.125 -2.39083
1074.15 677.563 661.229 2277.625 1.01048
1075.24 667.063 662.229 2013.125 0.35779
1076.32 739.563 703.229 2156.625 2.49989
1077.4 1171.063 1180.229 2652.125 -0.62278
1078.49 390.063 362.229 1689.625 2.09684
1079.57 806.063 787.229 2097.125 1.43777
1080.65 1115.063 1155.729 2278.125 -3.6232
1081.73 527.563 596.729 1754.625 -5.97348
1082.81 343.063 379.729 1603.125 -2.99712
1083.89 686.563 705.229 1898.625 -1.56417
1084.98 714.563 714.729 1901.625 -0.01404
1086.06 327.563 348.229 1418.125 -1.93165
1087.14 396.563 399.729 1524.125 -0.28163
1088.22 596.063 636.729 1734.125 -3.70574
1089.3 372.063 339.229 1342.625 3.27222
1090.38 1339.063 1283.229 2283.625 5.58113
1091.46 722.063 821.729 1708.625 -11.2377
1092.54 518.063 461.729 1484.625 5.50724
1093.62 585.063 540.229 1456.625 4.89235
1094.7 319.063 390.229 1254.125 -8.23787
1095.78 605.563 571.229 1413.125 4.0781
1096.86 673.063 751.229 1541.625 -9.88956
1097.93 1376.563 1432.729 2117.625 -8.20075
1099.01 989.063 948.729 1681.625 5.50328
1100.09 437.563 412.729 1219.625 3.07764
