196.55 1361.647 2496.717 2886.567 -291.15545
197.76 1885.178 3800.704 4436.287 -301.38132
198.96 1779.979 3596.637 3977.441 -477.05916
200.16 1175.671 2217.541 2638.016 -247.78382
201.36 2046.616 4129.822 4611.604 -432.39612
202.56 1383.834 2681.073 3184.465 -257.6991
203.76 1139.88 2135.104 2536.268 -248.08373
204.96 1385.426 2509.135 3166.07 -171.05304
206.16 990.886 1681.46 2228.742 -126.18238
207.36 1584.065 3287.843 3808.572 -327.19126
208.56 1439.009 2790.816 3250.863 -293.84151
209.76 936.363 1640.444 2060.091 -167.77957
210.96 1351.307 2473.917 2848.882 -299.39145
212.16 2502.611 5252.875 5767.875 -534.03178
213.36 1500.3 3010.754 3486.111 -317.75141
214.56 1246.445 2391.318 2802.586 -278.37652
215.76 2312.38 4838.104 5375.768 -469.75864
216.96 1903.152 4114.857 4511.5 -557.6066
218.16 1333.49 2745.633 3194.347 -314.70889
219.35 1085.621 2041.87 2376.781 -285.52349
220.55 1208.32 2530.937 2941.626 -322.04828
221.75 1155.538 2156.188 2581.488 -235.28085
222.95 1951.389 3955.792 4442.877 -411.50892
224.15 1433.409 3057.475 3442.893 -421.37794
225.35 1191.379 2274.796 2723.971 -241.20145
226.55 1101.555 2166.348 2552.666 -275.62606
227.75 1803.889 3635.292 4039.877 -452.66111
228.94 1523.863 3080.444 3441.591 -431.01099
230.14 1378.502 2645.653 3001.092 -356.50274
231.34 1176.708 2205.884 2526.209 -321.29125
232.54 1102.406 2053.451 2332.554 -340.74976
233.74 1115.718 2198.879 2504.115 -354.86081
234.93 1155.181 2144.229 2552.125 -242.47524
236.13 1282.638 2606.03 3054.958 -294.78892
237.33 1290.369 2551.8 2751.564 -631.45942
238.53 1135.518 2304.004 2734.972 -271.13055
239.72 1814.377 3724.772 4236.632 -373.22565
240.92 929.598 1571.854 1948.129 -170.68805
242.12 1580.823 3173.269 3673.762 -318.17551
243.31 1137.668 2086.709 2491.88 -234.23196
244.51 1038.443 1743.794 2002.748 -272.38528
245.71 1733.29 3250.758 3703.204 -335.39162
246.9 2084.443 4376.794 4973.748 -384.00824
248.1 1239.012 2589.148 3066.998 -282.54398
249.3 1290.354 2533.756 2941.481 -304.96114
250.49 1252.688 2339.7 2750.193 -264.80666
251.69 1380.936 2706.63 3336.977 -210.31202
252.89 1268.698 2611.696 3014.599 -333.32992
254.08 877.363 1535.444 1814.591 -235.74757
255.28 1349.181 2489.536 2954.422 -245.29803
256.47 913.499 1633.821 2015.457 -188.74592
257.67 1503.071 2988.699 3400.546 -360.7236
258.86 1656.684 3304.061 3672.76 -446.80684
260.06 1283.655 2428.689 2933.635 -226.76349
261.26 1933.873 3935.44 4351.497 -481.07942
262.45 1233.539 2398.996 2822.785 -275.0086
263.65 835.232 1365.707 1799.157 -122.38451
264.84 1512.241 2898.395 3396.266 -278.41614
266.04 1116.198 1970.196 2451.099 -177.58191
267.23 790.265 1512.718 1745.214 -310.73779
268.42 1077.737 1904.063 2275.131 -222.68863
269.62 1234.267 2459.242 2803.053 -356.29371
270.81 1281.661 2474.545 2968.109 -241.68769
272.01 1232.973 2432.973 2909.17 -251.99708
273.2 1552.573 3105.315 3586.14 -322.93287
274.4 967.552 1768.323 2216.327 -178.7421
275.59 1531.35 2897.424 3232.845 -407.27128
276.78 1264.995 2479.489 2941.821 -262.6886
277.98 1143.059 2193.487 2570.098 -278.91617
279.17 1240.83 2297.433 2707.033 -257.95963
280.37 1146.109 2245.158 2712.333 -235.25437
281.56 828.148 1526.525 1861.864 -208.25988
282.75 887.71 1731.408 2138.547 -207.22577
283.95 1196.996 2307.297 2542.118 -472.82773
285.14 1221.063 2366.319 2815.233 -255.11708
286.33 990.258 1992.554 2221.944 -436.94156
287.52 1314.705 2536.36 3024.37 -250.33361
288.72 1635.778 3159.546 3695.256 -284.43848
289.91 1871.751 3798.391 4221.673 -455.16665
291.1 1435.675 2732.373 3183.151 -287.6574
292.29 1225.602 2588.186 2972.765 -354.3059
293.49 1397.493 2760.465 3181.482 -323.73275
294.68 988.486 1941.301 2177.212 -403.88801
295.87 1160.403 2132.119 2479.419 -279.79175
297.06 1371.817 2601.913 3054.288 -271.91964
298.26 652.43 1255.274 1427.003 -351.04507
299.45 1078.168 2023.709 2450.88 -221.3493
300.64 1099.82 2208.437 2584.126 -295.08901
301.83 1245.208 2369.384 2748.709 -296.36227
303.02 1020.552 1826.516 2165.53 -237.73742
304.21 1385.376 2868.464 3270.835 -368.5867
305.4 1185.787 2276.426 2646.569 -294.65367
306.59 1384.499 2563.821 2900.957 -349.80625
307.79 1170.939 2192.962 2560.612 -277.98803
308.98 912.002 1664.653 2044.092 -198.35862
310.17 1373.933 2640.698 3111.893 -268.84037
311.36 1143.468 2176.925 2700.993 -197.19924
312.55 1877.531 3882.115 4453.472 -350.8465
313.74 886.619 1523.346 1940.942 -152.47433
314.93 1432.009 2807.316 3359.863 -248.90349
316.12 1146.072 2160.007 2656.843 -204.07857
317.31 707.788 1166.234 1479.866 -146.17329
318.5 933.119 1553.346 1911.942 -172.95972
319.69 1192.056 2309.155 2706.462 -281.16774
320.88 1074.562 1925.511 2534.436 -139.74624
322.07 972.791 1737.566 2085.001 -220.11988
323.26 937.154 1705.381 2074.838 -207.93399
324.45 735.648 1142.525 1465.864 -125.83595
325.64 1089.092 2124.998 2568.655 -233.49255
326.83 1394.675 2560.373 3100.151 -215.95853
328.01 1040.847 1950.092 2391.71 -205.88968
329.2 1415.439 2597.462 3199.112 -196.46354
330.39 1015.817 1859.413 2350.788 -171.68074
331.58 901.582 1561.003 2048.749 -135.19743
332.77 1667.704 3265.552 3842.073 -277.15314
333.96 663.254 1141.723 1498.308 -134.18044
335.15 875.112 1434.182 1861.671 -130.77994
336.33 793.082 1532.503 2022.249 -150.98031
337.52 1022.648 1892.025 2372.364 -180.99231
338.71 1075.979 1937.637 2292.941 -242.51321
339.9 1045.613 1745.49 2297.468 -126.79429
341.08 1034.129 1919.841 2312.848 -225.36815
342.27 1332.711 2526.216 3119.844 -201.05235
343.46 1483.595 2680.022 3237.994 -214.42453
344.65 1392.595 2637.522 3133.994 -250.75513
345.83 1485.86 2724.112 3359.955 -194.74196
347.02 770.426 1284.135 1654.07 -138.86434
348.21 1476.237 2798.063 3437.631 -206.67479
349.4 874.844 1372.76 2004.075 -78.86991
350.58 1142.672 1941.848 2655.813 -111.93508
351.77 997.218 1479.379 2169.615 -69.85462
352.96 736.271 917.574 1612.688 -26.08258
354.14 1071.248 1794.559 2536.037 -97.54985
355.33 900.668 1388.209 2177.38 -61.77884
356.51 750.669 1053.516 1710.177 -46.11937
357.7 1169.759 1917.862 2633.74 -104.50148
358.89 934.328 1294.409 2244.694 -37.89189
360.07 1387.235 2468.539 3274.792 -134.11464
361.26 1607.587 2822.45 3719.978 -135.35646
362.44 1203.707 1883.975 2685.964 -84.8226
363.63 948.956 1437.713 2258.544 -59.54413
364.81 1088.576 1481.238 2377.53 -43.80963
366.0 819.337 869.496 1706.356 -5.99366
367.18 2051.346 4002.684 4925.465 -211.46248
368.37 959.65 1289.141 2138.458 -38.79471
369.55 1305.67 1992.324 2972.974 -70.02037
370.74 1508.736 2569.347 3556.089 -107.48608
371.92 1820.485 2932.584 3829.17 -124.03724
373.11 1045.101 1572.778 2366.02 -66.52148
374.29 883.721 1228.803 2118.506 -38.78618
375.48 1112.624 1604.793 2543.671 -52.42098
376.66 948.839 1304.212 2230.397 -38.36959
377.84 1540.15 2698.641 3682.458 -117.75463
379.03 987.537 1197.779 2106.243 -23.14259
380.21 833.594 908.614 1826.249 -8.17532
381.39 744.859 768.203 1653.21 -2.63777
382.58 1415.004 2249.768 3191.686 -88.62389
383.76 1771.222 2792.519 3928.047 -89.94023
384.94 1870.597 3275.138 4444.088 -120.1541
386.13 1093.233 1312.822 2390.25 -20.38085
387.31 1280.051 1667.607 2813.285 -33.82765
388.49 1099.627 1310.625 2427.807 -18.8866
389.68 1385.61 1823.466 3113.629 -33.93797
390.86 1310.243 1738.51 3032.36 -33.10027
392.04 1711.494 2622.772 4102.779 -61.57259
393.22 1197.243 1267.51 2711.36 -4.86669
394.41 1219.26 1355.17 2657.537 -10.43562
395.59 941.71 602.499 2046.302 23.49423
396.77 1383.328 1571.216 3240.991 -11.2523
397.95 1443.269 1634.858 3244.647 -11.90148
399.13 1644.229 2148.683 3967.318 -27.73804
400.31 1418.472 1344.565 3154.925 4.08246
401.5 1563.72 1827.995 3855.209 -13.03637
402.68 1649.359 2013.203 4170.71 -16.86412
403.86 1302.044 1103.943 3188.014 9.50548
405.04 1846.024 2394.952 4569.202 -25.24679
406.22 1367.521 1116.928 3278.363 11.59385
407.4 1810.374 1933.748 4309.794 -5.19238
408.58 1920.187 2269.484 4582.651 -15.10037
409.76 2103.256 2452.338 4997.402 -13.71602
410.94 1777.743 1770.51 4115.36 0.30843
412.12 1571.815 1289.889 3749.949 11.46012
413.3 1523.435 1039.914 3670.435 18.38118
414.48 1466.1 947.47 3378.723 21.3318
415.66 1535.156 1217.497 3723.432 12.67629
416.84 2395.501 3106.936 5778.05 -26.63441
418.02 1807.415 1772.23 4367.919 1.35551
419.2 1529.868 1166.391 3607.32 14.89093
420.38 1791.776 1557.522 4244.417 8.7184
421.56 1770.358 1362.396 4031.913 15.28225
422.74 2407.621 2946.461 5620.036 -20.15431
423.92 2111.008 2131.6 4890.321 -0.74645
425.1 1661.1 1499.97 4065.723 6.28004
426.28 1682.709 1165.192 3856.506 19.22916
427.46 2713.176 3589.68 6422.448 -30.94164
428.63 1813.451 1619.266 4308.315 7.22133
429.81 1883.411 1713.591 4375.987 6.37847
430.99 2038.222 2003.519 4743.547 1.26653
432.17 2507.318 2927.721 5826.585 -14.50232
433.35 2185.52 2125.12 4965.066 2.12681
434.52 1363.404 427.927 3245.716 33.19898
435.7 1739.149 1092.833 3793.161 23.93473
436.88 2141.034 1984.948 4888.608 5.37551
438.06 1907.54 1466.304 4456.582 14.75569
439.23 1823.633 1177.981 4051.781 22.46684
440.41 2098.434 1601.606 4678.638 16.14632
441.59 2318.643 2193.977 5398.187 3.89071
442.77 1797.93 963.274 3957.003 27.88015
443.94 2426.531 2184.115 5537.972 7.22795
445.12 2253.186 2037.676 5450.854 6.31405
446.3 2737.166 2830.492 6339.838 -2.65935
447.47 2386.126 1996.817 5529.01 11.02174
448.65 2508.431 1981.582 5756.299 13.95732
449.82 2176.931 1192.582 4896.299 26.57733
451.0 2342.56 1628.795 5361.895 19.11991
452.18 2279.086 1347.642 5281.681 23.67654
453.35 2550.563 1508.127 5548.03 25.8035
454.53 2435.984 1500.777 5517.873 23.28067
455.7 2224.792 938.373 5313.298 29.40436
456.88 3042.646 2478.001 7091.026 12.24023
458.05 2771.024 1621.452 6037.202 26.03345
459.23 2485.722 923.019 5558.547 33.71144
460.4 2862.563 1717.127 6638.53 23.27459
461.58 3021.113 1870.49 7088.468 22.05113
462.75 2643.186 902.676 6107.854 33.43805
463.93 3051.895 1645.239 6890.106 26.81966
465.1 2995.17 1483.324 6766.474 28.61637
466.28 2668.702 647.028 6071.735 37.2679
467.45 2696.563 483.127 5941.03 40.55471
468.63 3142.891 1443.407 7088.471 30.10567
469.8 3666.755 2273.03 8151.105 23.71057
470.97 3145.99 1065.441 6890.144 35.71941
472.15 3394.397 1621.263 7446.445 30.43912
473.32 3579.202 1868.528 7969.235 28.04059
474.49 3925.242 2223.203 8539.063 26.94865
475.67 3550.437 1299.938 7688.773 35.2255
476.84 3351.503 883.96 7141.889 39.43067
478.01 3753.818 1752.721 8442.585 29.91238
479.19 3596.894 1409.931 8063.81 32.86749
480.36 3466.44 915.27 7532.409 38.55398
481.53 3870.782 1726.378 8416.892 32.05141
482.7 3691.967 1276.117 8456.195 33.64656
483.88 3490.824 873.577 7709.059 38.28914
485.05 3634.146 1198.001 8010.026 35.76242
486.22 3856.549 1352.991 8186.191 36.63814
487.39 3635.337 877.097 7722.804 40.29153
488.56 4022.083 1501.81 8619.046 35.41084
489.74 4327.129 2389.342 9412.849 27.59002
490.91 3709.165 892.185 7826.042 40.62646
492.08 3787.083 1265.81 8351.046 35.58488
493.25 3934.261 930.386 8051.579 42.18219
494.42 3938.857 1369.088 8493.116 36.07186
495.59 3960.692 1247.532 8254.328 38.72183
496.76 3916.458 1336.929 8779.086 34.66103
497.93 4177.543 1718.135 8874.218 34.36807
499.1 4112.125 1605.01 8686.713 35.40272
500.27 4727.99 2773.633 9994.347 27.06598
501.44 4820.573 3078.815 10340.14 23.98678
502.61 3855.033 1235.64 8292.811 37.11676
503.78 4176.281 1679.07 8997.595 34.12178
504.95 4784.01 3086.124 10109.66 24.17423
506.12 4144.913 1873.615 8827.325 32.66311
507.29 3676.496 930.797 8134.118 38.11714
508.46 3538.798 252.729 7064.272 48.24265
509.63 4975.798 3146.729 10463.772 24.99737
510.8 4907.301 3257.561 10580.907 22.52713
511.97 4289.738 1395.871 8452.928 41.00672
513.14 3988.708 771.884 8008.708 44.45077
514.31 4446.059 2169.487 9502.598 31.04511
515.48 4170.542 1332.328 8695.921 38.54388
516.65 4139.069 1206.483 8477.504 40.33253
517.81 4084.122 997.678 8375.577 41.83365
518.98 4401.341 1822.736 9187.236 35.01399
520.15 3812.668 485.209 7758.88 45.74662
521.32 4199.235 1739.539 9169.292 33.10603
522.49 5386.476 3869.305 11735.806 19.28648
523.65 4908.119 3152.846 10589.442 23.60318
524.82 4589.437 1597.438 9160.273 39.56187
525.99 3857.608 298.35 7696.536 48.10988
527.16 4665.793 1845.59 9410.84 37.27839
528.32 4645.963 1856.285 9654.561 35.77301
529.49 4414.367 1269.084 9050.522 40.42033
530.66 4034.386 237.96 7952.242 49.21296
531.82 4237.845 604.568 8380.371 46.72542
532.99 4533.324 1143.077 9051.559 42.8685
534.16 4731.659 1260.521 9238.271 43.51024
535.32 5142.516 2115.98 10496.134 36.11552
536.49 4501.582 789.003 9031.249 45.0433
537.65 5324.805 2601.393 11115.043 31.98876
538.82 4666.721 820.711 9142.75 46.21476
539.99 5074.828 1661.909 10484.694 38.68301
541.15 5414.715 2098.355 10995.276 37.27537
542.32 4828.244 502.227 9480.401 48.18371
543.48 5367.899 1999.787 11516.283 35.39236
544.65 5745.125 1990.202 11206.916 40.74036
545.81 6743.49 3837.633 13952.847 28.72759
546.98 5648.936 1447.13 11648.477 41.18874
548.14 6152.49 2101.633 12558.847 38.73744
549.31 5880.751 958.391 11704.673 45.80524
550.47 5864.913 1167.115 11823.325 44.08507
551.63 6808.122 2475.678 13360.077 39.80417
552.8 6491.036 1129.472 12063.946 49.03358
553.96 6354.052 947.323 11854.827 49.56889
555.13 6286.979 1023.137 12524.44 45.76736
556.29 6918.237 2505.563 14429.631 37.00645
557.45 6431.877 696.579 11942.429 50.99924
558.62 6829.145 1466.693 13019.729 46.41596
559.78 7038.936 1969.13 13975.477 42.22605
560.94 6760.277 1215.238 13337.959 45.74088
562.11 6917.771 1055.074 13142.688 48.50168
563.27 6699.711 262.716 12451.344 52.81148
564.43 6707.983 55.969 12440.076 53.71412
565.59 6842.121 320.87 12474.78 53.65558
566.76 7072.437 1010.438 13526.773 48.4327
567.92 7294.22 1477.404 14710.454 43.95673
569.08 7804.34 1880.929 14975.939 45.23411
570.24 7444.474 1088.781 14294.967 48.12663
571.4 7409.685 472.868 13934.058 51.53198
572.57 7591.654 945.881 14806.338 47.94772
573.73 7454.175 168.373 13756.151 53.62026
574.89 7733.297 1054.422 14808.476 48.55932
576.05 8208.231 1449.707 14947.657 50.07075
577.21 7504.761 620.386 14037.079 51.31201
578.37 7507.513 16.148 14368.998 52.19426
579.53 7910.3 648.254 14684.11 51.73925
580.69 8472.774 1744.406 16907.324 44.37384
581.85 7962.682 1062.536 15333.922 48.34951
583.01 8281.317 1031.413 15150.788 51.3472
584.17 8511.354 1324.256 15526.981 50.60365
585.33 8504.608 1508.85 16502.535 46.65803
586.49 8705.225 911.543 15139.886 54.77575
587.65 8530.357 1585.588 15770.116 48.96017
588.81 8799.142 1454.361 16620.094 48.43011
589.97 9078.813 2468.081 17353.152 44.41183
591.13 8360.44 1144.77 16272.909 47.69701
592.29 8490.138 974.529 16274.958 49.12025
593.45 8485.837 623.597 15068.304 54.4299
594.61 8617.738 509.871 14565.428 57.68443
595.77 8306.079 398.671 15600.113 52.01749
596.93 8027.103 352.994 14982.562 52.45615
598.09 8709.125 994.51 16096.213 51.08441
599.24 8344.572 453.507 15481.843 52.50791
600.4 8292.225 1022.043 15271.886 51.01938
601.56 8567.917 652.947 14886.461 55.60798
602.72 8736.535 1034.664 15405.649 53.5932
603.87 8764.74 1147.587 15940.47 51.49201
605.03 8278.535 538.664 15530.149 51.62845
606.19 8210.075 524.339 14650.979 54.40598
607.35 7730.138 91.029 14074.458 54.62973
608.5 8958.046 1534.16 16068.056 51.07981
609.66 9113.866 2418.276 16947.227 46.08447
610.82 7882.056 428.655 13941.462 55.15805
611.97 7881.737 429.063 15284.131 50.16924
613.13 8558.826 1601.601 15041.897 51.76393
614.29 8088.376 1286.772 15624.132 47.43973
615.44 8171.307 1823.417 15499.882 46.4147
616.6 7719.767 461.742 14483.053 51.76424
617.76 8347.443 1709.294 14965.748 50.07485
618.91 8111.389 1751.292 14364.377 50.4246
620.07 8242.406 1762.451 15394.555 47.53452
621.22 7714.572 12.007 13149.843 58.62887
622.38 8973.737 2654.563 15989.631 47.38764
623.53 7860.185 158.868 13188.058 59.10818
624.69 7573.734 384.231 13439.995 55.06765
625.84 7453.84 531.929 13202.939 54.62794
627.0 7837.411 1371.591 14228.986 50.28872
628.15 7460.403 114.619 12578.419 58.93695
629.31 7834.897 1007.263 14042.945 52.3765
630.46 7246.145 54.193 13046.229 55.35662
631.61 7767.701 929.72 13696.938 53.5589
632.77 7684.029 810.308 13448.676 54.38773
633.92 7734.817 1138.913 14331.288 49.99785
635.08 8375.47 2566.449 15674.831 44.31531
636.23 7472.277 888.738 12713.959 55.67371
637.38 7121.344 -113.24 12221.574 58.65174
638.54 7823.692 1722.532 14108.828 49.25734
639.69 8486.555 2381.848 15304.665 47.23975
640.84 8120.027 1380.484 13396.653 56.08729
641.99 7022.09 269.505 12355.263 55.87225
643.15 7917.152 2251.527 14847.871 44.97833
644.3 7481.715 424.048 12033.48 60.79252
645.45 6823.777 -101.931 11883.589 57.78396
646.6 7915.84 2262.59 13837.698 48.83971
647.75 7685.902 607.111 12667.807 58.69306
648.91 7148.965 -149.868 11873.416 60.70582
650.06 7609.027 568.154 12924.024 56.98404
651.21 7629.09 1234.675 13884.134 50.5509
652.36 7705.652 1167.196 13647.742 52.38919
653.51 7349.715 471.717 12946.351 55.13587
654.66 7230.278 760.738 13928.46 49.13181
655.81 7923.84 1710.259 13956.568 50.7384
656.96 7228.903 208.28 11655.678 61.32942
658.11 7671.965 976.302 13026.286 55.56575
659.27 7861.528 1342.323 13119.396 55.35505
660.42 7211.09 294.844 12097.004 58.60153
661.57 7412.653 1029.865 13292.613 52.05022
662.72 7082.715 -180.114 11759.722 60.82855
663.87 7177.778 -173.093 12221.331 59.30788
665.01 7649.34 891.429 13287.439 54.51683
666.16 7662.903 252.45 12741.048 59.33775
667.31 8090.465 428.971 12492.657 63.50873
668.46 8577.028 1921.492 14423.766 53.23461
669.61 7502.09 594.013 13009.375 55.64137
670.76 7745.153 69.034 12190.983 63.32413
671.91 8586.216 1986.556 14678.593 51.99843
673.06 8413.778 1294.577 13963.201 56.19554
674.21 7628.84 -152.402 12580.811 61.10981
675.35 8037.903 921.119 14043.419 54.23427
676.5 8012.965 695.14 13457.528 57.339
677.65 8103.528 130.661 13839.637 58.158
678.8 7699.59 -167.817 12917.745 60.12281
679.94 8281.153 341.704 13183.854 61.82336
681.09 9124.216 1144.725 14808.463 58.39903
682.24 8991.278 1245.246 14909.072 56.69007
683.39 8132.841 87.267 14166.681 57.14424
684.53 9492.903 1283.788 14885.79 60.35226
685.68 8896.466 696.31 14367.398 59.98173
686.83 8615.028 970.331 14569.508 56.21441
687.97 9063.591 858.352 13805.616 63.37431
689.12 8918.153 551.873 14120.726 61.65798
690.27 8941.216 354.394 14816.334 59.37531
691.41 9193.778 1406.415 14506.942 59.44313
692.56 9103.341 1082.937 16352.052 52.52697
693.7 8811.403 1119.958 15615.16 53.06201
694.85 8972.966 194.479 14490.27 61.4061
695.99 8880.528 1253.0 15089.378 55.12663
697.14 9360.091 771.021 14628.987 61.97929
698.28 8891.653 1041.542 15243.096 55.27642
699.43 8647.716 1135.563 14681.205 55.45808
700.57 8984.778 -141.415 13427.313 67.25902
701.72 9390.341 110.606 13995.923 66.83128
702.86 8631.903 -264.873 13259.531 65.78313
704.01 9027.966 194.148 14476.14 61.85284
705.15 9753.528 1163.669 15626.249 59.39368
706.29 9034.091 338.191 13608.857 65.52723
707.44 9393.153 630.212 14229.467 64.43692
708.58 9209.216 -106.267 13695.075 67.49693
709.72 10259.278 1851.254 16852.684 56.04815
710.87 8812.841 -294.725 13516.793 65.94182
712.01 9124.903 159.296 13861.402 65.43233
713.15 8977.466 757.818 14662.511 59.1142
714.3 9283.528 1016.839 14706.12 60.38805
715.44 8989.091 245.36 14690.729 60.52965
716.58 10032.153 754.381 15552.337 62.69631
717.72 9369.216 161.402 14636.446 63.61164
718.87 9091.278 633.923 15330.055 57.54817
720.01 9443.341 420.444 16054.664 57.71248
721.15 8918.403 -115.534 13882.772 64.53593
722.29 9323.966 1021.487 14374.382 62.17737
723.43 9078.028 1412.508 15841.49 53.12586
724.57 9322.591 1132.029 14727.6 60.24434
725.72 9333.153 677.05 14369.208 63.21942
726.86 9384.216 1909.571 14417.817 59.75773
728.0 8912.779 556.093 14380.426 60.44911
729.14 8914.842 218.114 13303.034 66.46374
730.28 10049.904 1451.635 14596.644 65.41091
731.42 8987.967 161.656 13138.752 68.01453
732.56 9646.029 2064.677 15369.861 56.98044
733.7 9210.592 1011.698 14814.47 59.40034
734.84 8783.154 -294.28 13002.579 68.26751
735.98 9538.717 627.741 13972.188 66.77666
737.12 9026.779 113.262 13786.297 65.19048
738.26 9254.342 149.283 14333.905 64.18965
739.4 9548.904 656.304 15338.515 60.56717
740.53 9255.467 1114.825 14728.623 59.79699
741.67 8772.029 788.347 13910.231 60.8425
742.81 8636.092 -224.632 12929.841 67.35902
743.95 9243.654 678.389 13862.949 64.96436
745.09 9394.717 154.91 13480.059 69.34112
746.23 10558.779 1219.931 14948.167 68.02657
747.36 9335.342 1273.452 14981.276 58.81232
748.5 8860.404 150.974 13084.885 67.33795
749.64 8419.967 232.495 13546.994 61.4929
750.78 8027.029 144.516 12781.103 62.3785
751.92 8687.092 332.037 13095.712 65.45963
753.05 8710.154 363.058 13274.32 64.64973
754.19 8927.717 1546.079 13911.429 59.69615
755.33 8484.779 -270.899 12687.538 67.5674
756.46 8099.342 724.622 12953.146 60.30752
757.6 7861.404 16.643 12968.756 60.56743
758.74 8874.967 1561.164 14233.864 57.71306
759.87 8501.529 755.185 14133.974 57.90019
761.01 8527.092 606.206 12603.582 66.02182
762.14 8077.654 641.728 12811.191 61.10316
763.28 8723.717 1166.749 12534.8 66.47549
764.41 8199.779 724.77 12183.909 65.23186
765.55 7854.342 -237.209 11384.018 69.62734
766.69 8709.404 750.312 12319.126 68.79782
767.82 8302.967 953.333 12841.235 61.82448
768.95 7421.029 139.855 11144.344 66.1655
770.09 8351.592 1518.876 12756.953 60.79969
771.22 8383.654 1835.897 13038.562 58.44821
772.36 8594.717 1423.418 12540.671 64.50603
773.49 8009.78 1409.439 13055.279 56.67552
774.63 7468.342 572.96 11390.389 63.74326
775.76 8129.905 487.482 11425.497 69.87029
776.89 7963.967 1196.503 12047.606 62.3666
778.03 7693.53 955.024 11702.215 62.70016
779.16 7098.092 234.045 11350.323 61.74771
780.29 7632.155 912.566 11263.933 64.91499
781.43 7532.717 1591.087 11674.041 58.92747
782.56 7059.28 944.108 11725.65 56.71889
783.69 6720.842 191.63 10068.759 66.10436
784.82 6741.905 554.151 11165.368 58.31333
785.96 6960.467 571.172 10081.477 67.18287
787.09 6882.53 581.193 9815.086 68.24139
788.22 6916.092 974.214 10803.694 60.44957
789.35 6270.655 297.235 9664.304 63.77043
790.48 6523.717 550.757 9442.912 67.17112
791.62 6879.78 1464.278 10710.521 58.56976
792.75 5689.342 150.299 9027.63 62.39537
793.88 6799.905 1845.82 10836.738 55.10099
795.01 6442.467 1012.341 9681.348 62.63839
796.14 6632.03 1161.362 9669.956 64.29579
797.27 6662.092 1363.384 10103.065 60.62816
798.4 6117.655 658.405 8814.174 66.93728
799.53 5699.217 106.926 7920.783 71.5689
800.66 6587.78 887.947 9714.892 64.57311
801.79 7256.843 3492.968 11640.501 46.19649
802.92 6021.905 670.989 8506.109 68.29399
804.05 6006.968 1137.511 9490.218 58.29795
805.18 5688.03 712.032 9415.827 57.17044
806.31 5814.093 693.053 8287.436 67.43194
807.44 5579.155 10.074 8029.045 69.44883
808.57 5999.718 1061.095 8028.653 70.88025
809.69 6364.28 932.116 8612.263 70.72995
810.82 5127.343 -309.862 6966.871 74.72041
811.95 6235.905 2776.659 10190.48 46.65942
813.08 5447.468 371.18 8155.589 65.21096
814.21 6079.53 2834.201 10741.198 41.04376
815.33 5111.593 640.722 7666.307 63.63699
816.46 5223.155 897.243 8077.416 60.24802
817.59 5529.218 2031.265 9024.024 50.0225
818.72 5932.78 1309.286 8154.633 67.54214
819.84 6309.343 2504.307 9108.742 57.61334
820.97 5350.405 1316.328 8395.351 56.98636
822.1 5248.968 1648.849 8675.46 51.23549
823.22 4777.03 69.37 6292.068 75.65304
824.35 4991.093 312.892 7032.177 69.62349
825.48 5050.655 1487.913 7442.286 59.83405
826.6 4907.218 912.934 7259.895 62.93223
827.73 4603.78 -189.545 6337.004 73.44349
828.85 4351.343 653.976 6923.113 58.97729
829.98 4989.405 1615.497 7863.222 54.00219
831.11 4330.468 214.519 6495.331 65.53213
832.23 4416.531 246.04 6477.939 66.92166
833.36 4925.093 1437.561 7361.048 58.87634
834.48 4418.656 859.582 6749.157 60.43006
835.6 4300.718 1350.603 6884.266 53.31216
836.73 4217.781 130.124 5894.375 70.91393
837.85 4705.843 1415.646 7515.983 53.93468
838.98 4108.906 -203.333 5561.092 74.80778
840.1 4218.468 1153.688 6953.701 52.84092
841.23 4195.531 1016.709 6811.81 54.8536
842.35 4460.593 1991.73 8074.919 40.58501
843.47 3808.156 643.251 5934.528 59.81363
844.6 3823.218 175.772 5347.637 70.52478
845.72 3673.281 385.794 5760.745 61.1631
846.84 4067.343 409.315 5733.354 68.70777
847.96 3882.906 333.836 6072.963 61.83989
849.09 3694.968 312.357 5663.572 63.21202
850.21 3872.031 638.878 5764.681 63.07603
851.33 4523.593 1103.4 6528.79 63.04051
852.45 3756.156 228.421 5257.898 70.14119
853.57 4189.218 815.942 5672.007 69.46522
854.7 3883.781 292.463 5545.616 68.365
855.82 3664.344 250.984 5604.725 63.75653
856.94 3714.906 1359.005 6401.334 46.72247
858.06 3234.469 -150.974 4755.442 69.00031
859.18 4000.031 1080.048 5734.551 62.73458
860.3 3628.094 685.569 5356.16 63.00112
861.42 3254.656 -205.41 4107.269 80.23008
862.54 3445.219 -138.889 4662.878 74.64143
863.66 3606.281 207.132 4728.987 75.17156
864.78 3389.844 378.653 4574.596 71.76434
865.9 3749.906 970.175 5307.205 64.09297
867.02 5314.969 3268.196 8203.313 41.47364
868.14 4599.031 2295.717 6758.422 51.61251
869.26 4085.094 1418.238 5515.531 65.08823
870.38 3135.156 -114.741 4571.64 69.3477
871.5 2961.719 -88.72 4033.749 73.99543
872.62 3036.281 119.302 4331.357 69.25311
873.74 3739.344 1744.823 6251.966 44.25244
874.85 3023.375 124.833 4517.521 65.98561
875.97 3440.375 757.833 5010.021 63.08615
877.09 3699.875 1107.333 5359.521 60.9696
878.21 3340.875 690.333 4427.521 70.92343
879.33 3052.875 765.333 4705.021 58.06404
880.44 3081.875 751.833 5068.021 53.98379
881.56 3110.375 388.333 4358.521 68.56204
882.68 3405.375 781.833 4309.021 74.38055
883.79 3866.375 2228.333 6274.021 40.48859
884.91 2723.875 -118.167 4007.021 68.89485
886.03 3300.875 1161.833 5196.021 53.02286
887.14 3269.875 1814.333 5684.521 37.60907
888.26 3514.875 1999.833 5994.021 37.93116
889.38 3438.875 1485.333 5125.521 53.66596
890.49 2771.375 -47.667 3685.521 75.513
891.61 3084.375 808.333 4448.521 62.52539
892.72 3016.875 114.333 4032.021 74.08814
893.84 2679.875 -138.667 4255.521 64.1425
894.95 2568.875 -153.667 3717.521 70.32834
896.07 2758.375 413.833 4113.521 63.37134
897.18 3389.875 1036.333 4540.021 67.17327
898.3 3033.875 35.833 3481.521 87.00852
899.41 3522.375 1322.833 5193.021 56.83295
900.53 3184.875 943.833 4236.021 68.0715
901.64 3398.375 1230.833 5402.021 51.96462
902.75 3326.375 709.833 4430.521 70.32414
903.87 2902.375 346.833 3898.521 71.95289
904.98 3188.875 1111.833 4832.021 55.83164
906.09 3143.375 521.333 4227.521 70.74768
907.21 3121.375 1032.833 4594.521 58.6391
908.32 2568.375 375.833 3893.521 62.32906
909.43 3007.375 1633.833 5382.021 36.64549
910.54 2859.375 856.333 4521.521 54.65045
911.66 3516.375 2737.333 6120.021 23.03026
912.77 2517.875 277.333 3654.521 66.34342
913.88 2964.875 899.833 4292.021 60.8764
914.99 2865.375 269.333 3331.521 84.77736
916.1 2742.375 823.833 3662.021 67.59743
917.22 2368.875 108.333 3132.021 74.76109
918.33 3042.375 1602.333 4594.521 48.12672
919.44 2696.375 709.333 3807.521 64.13562
920.55 2981.375 1790.833 4739.021 40.38215
921.66 2766.875 1114.333 3962.021 58.03101
922.77 3017.875 1230.833 4176.521 60.66637
923.88 3060.875 1684.333 4666.021 46.16653
924.99 2671.875 1005.833 4039.521 54.91804
926.1 2190.375 -10.667 2708.021 80.95972
927.21 2961.875 1730.333 4719.021 41.20677
928.32 1786.375 -128.667 2431.021 74.81545
929.43 2089.375 732.333 3350.521 51.83134
930.54 2027.875 508.833 2813.521 65.91096
931.65 2087.875 742.333 3320.521 52.18944
932.76 2385.375 1108.333 3496.021 53.48446
933.86 2243.875 938.833 3258.021 56.27151
934.97 1878.875 286.833 2585.521 69.25873
936.08 1996.875 452.833 2316.021 82.87098
937.19 2312.375 1885.833 4027.021 19.9208
938.3 1970.375 1201.833 3249.021 37.54134
939.4 2119.875 1749.333 3612.021 19.89285
940.51 1485.375 687.833 2239.021 51.41491
941.62 1702.875 1240.833 2734.521 30.93295
942.73 2382.875 2750.333 4271.521 -24.15601
943.83 1456.875 898.833 2278.021 40.46163
944.94 1463.375 983.833 2278.521 37.03919
946.05 1018.375 -16.667 1296.021 78.84905
947.15 1160.375 29.833 1459.521 79.07614
948.26 1443.375 669.833 2117.521 53.43292
949.36 1267.875 366.833 1708.021 67.18238
950.47 1640.375 953.833 2416.021 46.95306
951.57 2133.875 2269.333 3791.521 -8.89892
952.68 1811.375 1332.833 3147.021 26.37774
953.79 1797.875 1336.333 2958.021 28.46058
954.89 1408.875 431.833 1915.021 65.87445
955.99 1725.375 1138.333 2826.021 34.78379
957.1 1626.875 593.333 2420.021 56.58011
958.2 1800.875 883.333 2674.021 51.23963
959.31 1843.875 1304.833 3095.521 30.1025
960.41 1417.375 430.833 1994.521 63.09072
961.52 1442.375 81.333 1587.521 90.36336
962.62 1900.375 1338.333 3120.021 31.54547
963.72 1451.875 81.833 1686.521 85.37747
964.83 1348.875 -96.667 1420.521 95.27772
965.93 1701.375 867.333 2607.021 47.94204
967.03 2099.875 1632.333 3674.021 22.89977
968.13 1887.375 1295.333 3037.521 33.98266
969.24 1542.375 373.333 2056.521 69.45404
970.34 1419.375 506.333 2134.021 56.09441
971.44 1536.375 658.333 2470.021 48.46541
972.54 1724.875 991.333 2613.521 45.21929
973.64 1433.375 395.833 1967.521 66.0145
974.75 2413.875 2727.333 4342.021 -19.41293
975.85 4907.375 8233.833 10100.521 -178.20112
976.95 1446.375 446.333 2116.521 59.87601
978.05 1719.375 1431.833 3190.521 16.34979
979.15 2227.875 2417.833 4142.021 -11.01726
980.25 1110.875 77.833 1583.521 68.6093
981.35 1557.875 478.333 1934.521 74.1348
982.45 2204.875 2239.833 3786.521 -2.2602
983.55 1556.375 1277.833 2662.021 20.12312
984.65 1605.375 1081.833 2426.021 38.94856
985.75 1847.375 1673.333 3141.021 11.85822
986.85 1541.375 1033.833 2548.021 33.51908
987.95 1240.375 552.333 2026.521 46.6726
989.05 1885.375 2063.333 3463.521 -12.7096
990.15 1768.875 1504.333 2865.521 19.43462
991.25 1556.875 932.833 2296.021 45.77813
992.34 1814.375 2071.333 3339.521 -20.26185
993.44 1429.875 1067.333 2262.021 30.34615
994.54 1297.375 997.333 2025.521 29.18161
995.64 1666.875 1752.333 2989.021 -6.91026
996.74 1866.375 2127.333 3291.521 -22.41548
997.83 983.875 168.833 1256.021 74.9679
998.93 1230.375 838.333 1994.521 33.90814
1000.03 2227.375 3115.833 4377.521 -70.41824
1001.12 1743.875 2129.833 3121.521 -38.91934
1002.22 1769.375 2073.833 3210.021 -26.79648
1003.32 1190.375 728.333 1728.021 46.21861
1004.41 1294.375 1275.833 2219.521 1.96481
1005.51 1258.375 1044.833 2034.521 21.57667
1006.6 1003.875 449.333 1515.021 52.03605
1007.7 1452.375 1579.333 2663.021 -11.71541
1008.8 800.375 116.833 990.021 78.2812
1009.89 1377.375 1304.833 2322.021 7.13159
1010.99 1172.875 1035.333 1889.521 16.10204
1012.08 759.875 146.833 1118.021 63.12289
1013.18 1146.875 989.333 2030.021 15.13823
1014.27 1014.375 673.833 1647.021 34.9924
1015.36 1199.375 901.833 1832.021 31.98728
1016.46 1303.875 1099.333 2024.521 22.10813
1017.55 989.875 424.333 1331.021 62.37448
1018.65 1268.375 1194.833 2030.021 8.8054
1019.74 1455.375 1510.333 2428.021 -5.98879
1020.83 1283.375 1173.333 2163.021 11.11883
1021.93 1151.375 882.833 1780.021 29.9315
1023.02 709.375 345.333 1073.021 50.02719
1024.11 807.875 202.833 944.521 81.57636
1025.2 668.875 91.333 929.021 68.94477
1026.3 1124.875 1142.833 1980.021 -2.14508
1027.39 1327.875 1531.833 2318.021 -25.94272
1028.48 1181.375 1191.333 1910.521 -1.38467
1029.57 948.875 690.333 1436.021 34.67158
1030.66 979.375 1056.333 1742.521 -11.21536
1031.75 2118.875 3911.833 4641.021 -245.88431
1032.84 1203.875 1514.333 2226.021 -43.62286
1033.94 590.375 272.833 974.521 45.254
1035.03 1333.375 1659.333 2341.021 -47.8164
1036.12 605.375 271.333 912.521 52.09735
1037.21 641.375 342.833 823.521 62.10723
1038.3 1039.375 1383.833 2031.021 -53.22389
1039.39 582.375 299.333 829.521 53.3852
1040.48 921.875 1089.333 1770.021 -24.60136
1041.57 1016.375 1523.833 2000.521 -106.45515
1042.66 861.875 1086.333 1789.521 -31.92013
1043.74 1042.375 1264.333 1828.021 -39.37614
1044.83 991.375 1388.333 1874.521 -81.64718
1045.92 465.875 288.333 762.521 37.44124
1047.01 953.875 1598.333 2203.521 -106.48906
1048.1 428.375 253.833 664.021 42.55168
1049.19 824.375 1079.833 1614.521 -47.77714
1050.27 672.375 897.833 1357.521 -49.04599
1051.36 670.875 886.333 1321.021 -49.56625
1052.45 910.375 1311.333 1738.021 -93.97003
1053.54 806.875 1093.833 1594.521 -57.31287
1054.62 872.375 1313.833 1787.021 -93.2946
1055.71 873.375 1319.833 1666.021 -128.96433
1056.8 1097.875 1821.333 2145.521 -223.16056
1057.88 713.875 914.833 1288.521 -53.77709
1058.97 825.375 1253.833 1744.521 -87.31797
1060.06 1273.375 2294.333 2766.021 -216.44802
1061.14 683.875 831.333 1225.521 -37.40816
1062.23 2046.875 4077.833 4601.521 -387.81856
1063.31 800.875 1347.333 1665.521 -171.74099
1064.4 604.375 816.833 1162.021 -61.54866
1065.48 789.875 1190.333 1585.021 -101.46214
1066.57 587.375 834.333 1196.521 -68.1852
1067.65 807.375 1296.333 1630.521 -146.31259
1068.74 693.875 894.833 1316.521 -47.65574
1069.82 808.875 1335.333 1655.521 -164.4219
1070.9 2722.375 5377.333 6085.021 -375.15973
1071.99 822.875 1434.833 1816.021 -160.53999
1073.07 847.375 1297.833 1656.521 -125.58519
1074.15 854.375 1459.833 1788.521 -184.20487
1075.24 726.375 1138.833 1373.521 -175.74791
1076.32 853.875 1408.833 1789.021 -145.96965
1077.4 1318.375 2520.333 2787.521 -449.85572
1078.49 518.375 600.833 910.521 -26.6263
1079.57 892.875 1624.833 1998.521 -195.87446
1080.65 1307.875 2142.833 2561.521 -199.42278
1081.73 665.375 1129.333 1313.021 -252.58026
1082.81 447.875 553.333 800.021 -42.74976
1083.89 812.375 1458.333 1720.021 -246.84342
1084.98 850.875 1350.833 1773.521 -118.28085
1086.06 397.375 651.333 851.521 -126.86023
1087.14 440.375 740.333 974.021 -128.35873
1088.22 761.375 1238.833 1529.021 -164.53444
1089.3 497.875 585.833 987.021 -21.92449
1090.38 1436.375 2794.333 3151.521 -380.18079
1091.46 856.875 1523.833 1736.021 -314.32501
1092.54 586.875 988.833 1251.021 -153.30945
1093.62 663.375 1072.333 1371.521 -136.68966
1094.7 368.875 600.333 689.021 -260.98189
1095.78 705.875 1264.333 1534.021 -207.07611
1096.86 741.375 1326.833 1527.521 -291.72638
1097.93 1458.875 3004.833 3433.021 -361.04703
1099.01 1057.375 1981.333 2345.021 -254.05291
1100.09 477.375 754.333 996.021 -114.59356
