196.55 751.6 637.312 786.812 76.44697
197.76 1017.849 939.8 1007.398 115.46038
198.96 913.748 856.3 947.424 63.04457
200.16 632.849 561.303 696.767 52.81523
201.36 1064.047 1037.285 1083.627 57.74807
202.56 716.831 695.791 778.669 25.38599
203.76 660.698 612.799 639.437 179.81921
204.96 729.566 695.308 762.704 50.83126
206.16 548.383 490.81 557.245 86.66101
207.36 878.299 819.305 896.15 76.76998
208.56 737.682 680.301 776.688 59.53204
209.76 474.949 497.306 507.611 -216.95338
210.96 651.332 620.302 695.649 41.18311
212.16 1394.667 1311.814 1376.918 127.26299
213.36 820.332 733.805 811.518 111.34184
214.56 703.75 636.813 743.273 62.87556
215.76 1233.198 1209.3 1193.437 0.0
216.96 1023.665 972.798 1001.699 176.00313
218.16 753.498 694.796 742.119 124.04507
219.35 568.916 483.31 595.113 76.56908
220.55 657.516 634.81 695.587 37.36018
221.75 621.301 581.816 649.629 58.22522
222.95 1027.633 923.809 1004.31 128.97224
224.15 821.317 746.315 839.879 80.16169
225.35 662.883 541.313 656.115 105.89608
226.55 631.05 558.809 616.455 125.31806
227.75 923.633 842.309 995.81 52.97945
228.94 833.449 687.306 816.611 113.02199
230.14 734.182 694.304 744.057 80.15202
231.34 613.282 537.802 609.162 105.77424
232.54 582.382 577.802 580.135 196.29058
233.74 636.032 576.298 619.857 137.13269
234.93 593.283 566.813 711.141 18.3408
236.13 717.166 621.303 718.438 98.68951
237.33 677.134 649.817 807.919 17.27803
238.53 640.617 583.311 677.061 61.12609
239.72 975.449 873.301 965.872 110.34556
240.92 512.983 429.306 521.979 90.29206
242.12 886.766 720.309 849.152 129.19382
243.31 556.099 461.804 578.702 80.6641
244.51 510.815 478.801 496.03 185.82046
245.71 921.083 823.809 941.823 82.4258
246.9 1071.315 1016.801 1087.53 77.07526
248.1 679.932 627.8 667.253 132.13747
249.3 659.515 643.297 691.738 33.47966
250.49 666.598 612.296 638.093 210.49918
251.69 769.816 666.304 806.899 73.6238
252.89 646.847 627.792 675.288 40.11951
254.08 463.449 415.806 524.111 43.98971
255.28 678.598 603.799 711.963 69.15377
256.47 475.432 424.305 524.492 51.03178
257.67 777.984 714.316 898.958 34.48162
258.86 900.033 748.311 943.206 77.84827
260.06 675.915 557.796 664.764 110.42435
261.26 1027.699 951.802 1040.807 85.27286
262.45 643.115 598.303 696.951 45.42661
263.65 429.031 357.292 430.117 98.50808
264.84 734.965 692.302 784.491 46.27848
266.04 531.847 487.792 533.788 95.78038
267.23 414.214 360.292 453.946 57.57556
268.42 527.716 436.803 571.925 67.28156
269.62 687.149 609.305 708.189 78.72247
270.81 649.599 585.307 734.572 43.07257
272.01 652.749 634.302 688.294 34.16547
273.2 750.114 731.789 765.603 54.19325
274.4 521.115 429.797 514.712 107.54039
275.59 717.265 677.298 770.173 43.033
276.78 674.683 552.307 701.427 82.06518
277.98 567.114 548.295 575.842 68.31776
279.17 619.266 539.306 668.782 61.75641
280.37 601.047 532.288 609.497 89.05601
281.56 412.415 412.299 413.634 8.69873
282.75 519.717 398.314 518.905 100.67362
283.95 560.998 536.293 607.749 34.57298
285.14 633.864 530.293 622.907 111.83086
286.33 503.215 436.295 590.816 43.30765
287.52 651.347 583.29 658.419 90.58771
288.72 768.214 681.787 738.707 151.83938
289.91 983.715 885.298 1013.686 76.65591
291.1 735.599 571.302 771.333 82.13582
292.29 704.732 610.304 691.544 116.23333
293.49 676.748 601.794 700.184 76.18003
294.68 462.248 465.297 524.054 -5.18921
295.87 573.632 525.304 631.57 45.47857
297.06 708.582 643.798 714.844 91.18551
298.26 321.131 299.293 388.091 24.59282
299.45 588.599 543.304 587.202 103.18176
300.64 588.516 483.31 675.587 54.71608
301.83 666.282 587.802 737.662 52.36914
303.02 539.3 450.311 566.89 76.33368
304.21 748.134 658.314 837.05 50.25272
305.4 634.333 540.81 611.258 132.75502
306.59 689.432 567.805 700.992 91.32062
307.79 579.565 526.802 604.965 67.50468
308.98 448.682 417.804 430.057 251.9969
310.17 716.076 614.752 820.557 49.23268
311.36 620.379 525.778 621.807 98.51253
312.55 948.496 886.78 989.4 60.14015
313.74 441.482 364.797 477.37 68.11973
314.93 738.682 618.301 728.188 109.55021
316.12 600.799 490.803 620.281 84.95364
317.31 358.648 306.797 397.08 57.43191
318.5 421.482 348.297 475.87 57.36666
319.69 545.865 462.296 635.277 48.31087
320.88 536.049 493.807 570.585 55.01887
322.07 428.398 425.795 499.645 3.52422
323.26 531.6 402.81 567.442 78.22891
324.45 378.415 303.799 394.634 82.14477
325.64 550.798 482.795 624.671 47.93124
326.83 670.599 558.302 725.333 67.23128
328.01 547.015 486.299 560.108 82.26127
329.2 729.565 615.802 741.965 90.17213
330.39 521.082 433.798 499.844 132.15594
331.58 417.548 341.799 477.476 55.83079
332.77 896.032 762.303 868.096 126.406
333.96 309.965 246.296 326.251 79.63056
335.15 432.482 361.8 454.24 76.46262
336.33 387.548 355.799 444.476 35.80359
337.52 503.415 455.799 505.134 96.5161
338.71 465.248 413.8 477.924 80.23322
339.9 454.797 422.787 465.062 75.71861
341.08 501.731 430.293 495.565 109.4463
342.27 666.032 568.8 724.727 62.35732
343.46 757.233 666.807 760.414 96.60127
344.65 695.733 581.807 745.914 69.42156
345.83 698.699 631.308 723.046 73.46084
347.02 391.566 301.808 460.704 56.48865
348.21 737.216 643.303 792.925 62.7663
349.4 387.265 298.301 463.543 53.83895
350.58 497.164 454.789 565.59 38.24393
351.77 429.032 387.798 447.857 68.65532
352.96 355.399 236.303 372.754 87.28075
354.14 529.965 412.299 498.621 136.31104
355.33 374.099 369.804 470.202 4.27768
356.51 307.414 265.291 343.524 53.84278
357.7 518.529 427.282 473.638 196.83926
358.89 372.831 339.294 402.539 53.02709
360.07 649.781 589.291 704.182 52.64941
361.26 679.428 618.77 697.685 76.86486
362.44 509.977 448.263 489.063 151.26061
363.63 382.51 364.256 381.191 107.78552
364.81 423.559 396.749 440.569 61.18177
366.0 249.275 201.751 303.136 46.8756
367.18 972.21 894.26 985.509 85.42578
368.37 433.045 297.772 489.278 70.63642
369.55 560.729 478.777 604.846 65.00527
370.74 669.596 556.277 681.504 90.49017
371.92 791.628 718.271 808.133 81.63305
373.11 372.927 353.765 403.445 38.57119
374.29 316.476 313.257 356.323 7.47487
375.48 458.361 436.769 487.079 42.91806
376.66 356.895 291.776 430.557 46.92245
377.84 691.545 592.272 782.778 52.11016
379.03 367.996 300.777 381.53 83.23916
380.21 293.928 226.268 291.815 103.22274
381.39 235.894 164.768 212.947 147.62927
382.58 613.312 491.777 631.701 86.85772
383.76 820.596 678.783 860.744 77.93607
384.94 768.863 730.28 864.558 28.73336
386.13 339.161 290.765 387.761 49.89413
387.31 455.995 379.272 440.291 125.73592
388.49 277.611 332.768 344.644 -464.42051
389.68 558.362 448.774 479.319 358.78252
390.86 473.095 386.775 503.135 74.18403
392.04 713.563 571.281 781.506 67.68063
393.22 388.595 310.775 402.135 85.18011
394.41 365.844 325.768 358.46 122.58706
395.59 231.412 165.775 242.306 85.76552
396.77 456.146 334.78 470.861 89.18637
397.95 391.779 322.278 556.333 29.69434
399.13 574.096 503.78 630.374 55.54427
400.31 387.444 349.763 369.695 189.0519
401.5 460.661 357.271 533.001 58.83487
402.68 526.894 430.768 535.947 91.393
403.86 330.495 304.774 428.161 20.8458
405.04 592.496 504.782 661.77 55.87308
406.22 310.061 236.27 344.027 68.47931
407.4 522.514 454.289 616.629 42.026
408.58 615.478 535.771 654.672 67.03659
409.76 640.095 581.269 669.895 66.37482
410.94 477.095 418.275 530.135 52.58405
412.12 428.647 297.786 474.601 74.01004
413.3 340.696 282.278 400.478 49.42253
414.48 305.612 235.278 327.623 76.16434
415.66 414.23 256.783 417.586 97.91268
416.84 772.062 711.278 899.136 32.35638
418.02 499.012 370.273 516.91 87.7942
419.2 371.329 270.778 400.32 77.62011
420.38 417.279 361.775 479.964 46.96188
421.56 403.579 344.282 458.125 52.08706
422.74 739.611 626.77 725.514 114.27673
423.92 575.562 478.276 577.267 98.27804
425.1 424.612 356.778 460.123 65.63835
426.28 402.597 299.788 468.984 60.76333
427.46 969.914 769.788 1014.655 81.7284
428.63 447.13 345.785 548.482 49.99827
429.81 522.947 367.787 595.023 68.28139
430.99 574.096 430.283 621.244 75.31028
432.17 767.896 655.284 850.666 57.63701
433.35 602.246 457.284 685.705 63.46288
434.52 253.947 119.79 327.892 64.46688
435.7 372.73 249.785 448.956 61.7283
436.88 560.746 480.778 711.965 34.5899
438.06 416.93 370.789 600.274 20.10649
439.23 324.296 262.779 427.452 37.35698
440.41 542.881 404.792 636.156 59.68461
441.59 586.045 501.775 672.148 49.46242
442.77 319.631 214.793 501.091 36.61845
443.94 616.996 516.78 746.4 43.64425
445.12 565.663 466.784 706.35 41.27424
446.3 747.479 645.279 825.781 56.61987
447.47 539.296 431.781 704.322 39.44906
448.65 616.446 508.779 737.913 46.98842
449.82 424.946 318.279 536.413 48.89952
451.0 461.429 320.281 641.164 43.98745
452.18 369.613 267.784 553.863 35.59478
453.35 439.179 329.28 615.729 38.36608
454.53 468.813 345.785 636.811 42.27399
455.7 339.713 218.782 582.967 33.20591
456.88 729.98 569.287 920.391 45.76802
458.05 502.496 385.282 675.77 40.35072
459.23 365.096 219.283 554.744 43.46656
460.4 521.679 328.28 668.729 56.80708
461.58 567.797 458.287 760.062 36.28865
462.75 346.163 185.284 601.85 38.6203
463.93 527.513 405.781 780.019 32.52791
465.1 445.229 307.777 695.346 35.46505
466.28 346.597 146.791 592.353 44.84363
467.45 269.679 95.78 541.229 39.03909
468.63 511.263 296.782 831.954 40.07698
469.8 704.78 480.783 970.573 45.7332
470.97 407.813 235.782 732.941 34.60275
472.15 646.448 382.293 961.762 45.58562
473.32 673.597 471.791 1011.853 37.36723
474.49 737.78 534.788 1139.313 33.5788
475.67 492.131 291.79 941.221 30.84858
476.84 383.997 204.29 832.379 28.61168
478.01 558.396 407.784 1020.666 24.57441
479.19 525.698 344.794 999.697 27.62296
480.36 430.88 228.289 888.787 30.67255
481.53 567.463 339.786 1107.772 29.64605
482.7 506.564 276.792 1067.485 29.0596
483.88 410.581 217.295 956.474 26.14873
485.05 477.98 266.287 1002.891 28.7391
486.22 563.365 328.799 1176.147 27.6824
487.39 392.766 226.803 1092.412 19.17287
488.56 437.363 361.785 1131.298 9.82155
489.74 722.731 484.293 1461.065 24.41077
490.91 310.664 172.292 1090.959 15.06225
492.08 426.363 286.285 1179.298 15.68601
493.25 355.464 194.794 1080.881 18.13259
494.42 496.265 309.795 1247.803 19.87928
495.59 521.348 288.795 1286.158 23.31677
496.76 490.63 292.782 1273.112 20.18171
497.93 654.18 386.288 1406.339 26.26266
499.1 667.981 417.795 1404.0 25.36859
500.27 975.998 613.796 1779.619 31.06836
501.44 977.114 701.289 1728.603 26.84911
502.61 647.931 297.292 1333.643 33.83398
503.78 744.148 379.799 1565.95 30.71694
504.95 1151.497 737.788 1932.01 34.64258
506.12 876.382 404.8 1650.766 37.84871
507.29 610.498 242.793 1464.249 30.10378
508.46 504.898 62.793 1302.775 35.65412
509.63 1217.398 694.793 2091.775 37.40955
510.8 1199.647 716.291 2035.34 36.64428
511.97 794.531 370.79 1692.248 32.06616
513.14 736.282 192.302 1556.662 39.87073
514.31 997.614 498.295 1935.342 34.74623
515.48 876.865 323.301 1840.017 36.49755
516.65 823.864 231.291 1812.537 37.47507
517.81 801.231 242.296 1777.935 36.39757
518.98 988.83 426.289 2005.8 35.61493
520.15 774.099 166.304 1814.202 36.88303
521.32 979.781 395.291 2019.182 35.99315
522.49 1557.499 830.801 2646.359 40.02614
523.65 1355.481 640.297 2458.37 39.33749
524.82 1067.131 363.79 2115.721 40.14658
525.99 698.732 77.801 1942.175 33.30506
527.16 1127.333 393.807 2333.388 37.81876
528.32 1193.814 402.293 2408.92 39.44536
529.49 1056.514 302.791 2284.998 38.02442
530.66 877.883 97.31 2176.245 37.54677
531.82 958.58 173.287 2282.865 37.22513
532.99 1043.581 235.795 2325.974 38.64673
534.16 1136.164 255.795 2515.329 38.96243
535.32 1403.682 524.799 2882.818 37.27209
536.49 1130.548 160.299 2617.476 39.48635
537.65 1552.897 586.79 3077.906 38.78212
538.82 1235.781 139.296 2788.922 41.38264
539.99 1532.831 390.794 3119.539 41.8521
541.15 1512.097 434.286 3229.114 38.56448
542.32 1270.715 96.801 3054.056 39.69609
543.48 1685.882 475.805 3560.505 39.22836
544.65 1807.166 600.808 3700.178 38.92269
545.81 2109.498 823.796 4248.619 37.54069
546.98 1584.816 293.804 3874.899 36.05075
548.14 1754.498 476.296 4179.119 34.51966
549.31 1603.215 234.798 4024.686 36.10706
550.47 1692.382 225.3 4293.266 36.06427
551.63 1977.731 607.796 4723.435 33.28609
552.8 1648.181 271.29 4366.708 33.62026
553.96 1635.615 250.297 4622.212 31.68675
555.13 1724.248 241.8 4853.424 32.14591
556.29 2014.216 594.303 5412.925 29.46719
557.45 1468.764 153.787 5053.694 26.83676
558.62 1671.665 299.8 5358.569 27.11855
559.78 1798.816 428.304 5788.899 25.56641
560.94 1702.399 228.301 5637.885 27.24975
562.11 1860.899 219.303 5692.254 29.99471
563.27 1743.032 51.8 5799.727 29.42333
564.43 1679.498 18.298 5993.489 27.80162
565.59 1723.916 148.31 6245.113 25.84316
566.76 1540.131 198.29 6390.222 21.67079
567.92 1495.966 314.31 6725.6 18.43087
569.08 1501.015 419.802 7051.478 16.30377
570.24 1360.064 217.289 6984.116 16.8879
571.4 1442.848 121.798 7094.528 18.94596
572.57 1753.6 226.81 7483.942 21.03848
573.73 1882.599 37.302 7426.333 24.97347
574.89 2216.083 213.806 7847.953 26.2279
576.05 2370.531 286.292 8029.617 26.91658
577.21 2275.964 117.294 8039.381 27.24876
578.37 2388.932 23.3 8054.753 29.4546
579.53 2853.833 130.805 8437.019 32.78302
580.69 3283.149 338.802 8902.819 34.38044
581.85 3272.098 275.799 8910.963 34.69881
583.01 3249.582 225.298 9113.844 34.0245
584.17 3510.015 250.797 9301.738 36.00971
585.33 3818.732 346.802 9616.675 37.45391
586.49 3868.531 167.295 9590.487 39.27794
587.65 4149.765 298.295 10089.803 39.33479
588.81 4060.415 315.302 10218.004 37.81911
589.97 4487.332 521.799 10615.278 39.28806
591.13 4275.38 219.789 10313.786 40.17825
592.29 4400.166 243.303 10551.938 40.32408
593.45 4476.266 104.803 10655.912 41.43131
594.61 4417.53 108.29 10713.247 40.63421
595.77 4442.798 92.8 10935.911 40.11762
596.93 4660.047 66.291 10966.866 42.14233
598.09 4921.481 217.795 11187.5 42.87887
599.24 4818.299 114.803 11435.78 41.54673
600.4 4983.031 160.795 11628.487 42.05062
601.56 4874.132 113.298 11662.331 41.22279
602.72 5160.866 231.804 11967.887 41.99921
603.87 5413.15 270.315 12095.169 43.49174
605.03 5208.366 101.304 12100.887 42.56033
606.19 5192.549 37.301 12161.846 42.5191
607.35 5191.166 14.303 12196.438 42.49553
608.5 5730.615 340.3 12797.582 43.2704
609.66 5945.699 510.805 13099.177 43.17393
610.82 5595.365 113.796 12634.777 43.77907
611.97 5550.715 82.803 12888.426 42.69931
613.13 5796.016 342.307 13128.717 42.65239
614.29 5932.449 237.301 13115.372 44.22361
615.44 6198.332 341.302 13545.648 44.35683
616.6 6004.649 63.305 13354.189 44.7024
617.76 6155.315 329.801 13648.029 43.74091
618.91 6212.133 361.809 13814.81 43.48713
620.07 6249.382 341.302 13815.136 43.84855
621.22 6041.299 0.303 13783.78 43.82781
622.38 6842.715 580.303 14550.926 44.82558
623.53 6262.848 33.298 13968.028 44.70521
624.69 6332.466 66.805 14207.86 44.3083
625.84 6300.516 73.302 14285.478 43.81605
627.0 6664.947 252.287 14652.022 44.53318
628.15 6588.632 21.804 14519.07 45.29701
629.31 6898.948 215.293 14894.763 45.53063
630.46 6599.165 -33.2 14821.568 44.64805
631.61 6655.282 221.304 14963.031 43.64467
632.77 6893.681 198.793 15299.078 44.33617
633.92 7173.582 282.798 15514.344 45.24021
635.08 7537.314 503.29 15909.051 45.6584
636.23 7272.898 159.301 15739.385 45.65828
637.38 7025.265 -23.699 15808.043 44.52425
638.54 7545.848 324.295 16392.658 44.94268
639.69 7666.55 502.309 16554.455 44.63105
640.84 7761.245 225.299 16610.432 45.99259
641.99 7668.091 43.799 16462.553 46.43649
643.15 8166.438 457.299 17139.174 46.21266
644.3 7673.784 57.299 16769.295 45.57496
645.45 7579.13 -54.201 16717.918 45.51203
646.6 8334.477 498.299 17518.539 46.04035
647.75 8117.823 122.3 17449.16 46.14525
648.91 8117.669 -43.2 17428.281 46.70966
650.06 8443.515 95.3 17969.402 46.70564
651.21 8380.361 258.8 18139.023 45.42203
652.36 8550.708 291.8 18513.645 45.32421
653.51 8651.054 97.8 18511.266 46.45108
654.66 8944.9 106.801 18713.887 47.49857
655.81 9447.746 338.301 19291.508 48.06282
656.96 9061.093 29.301 19066.629 47.44254
658.11 9348.438 201.301 19768.252 46.74789
659.27 9363.785 224.801 19963.873 46.29895
660.42 9372.131 23.801 20056.494 46.66537
661.57 9838.478 203.302 20446.115 47.59801
662.72 9935.823 -70.698 20387.236 48.91267
663.87 9937.17 -42.198 20518.857 48.53529
665.01 10273.016 153.802 21189.479 48.10501
666.16 10143.362 3.802 21443.1 47.29427
667.31 10588.709 69.302 22030.221 47.90058
668.46 11073.055 364.803 22584.342 48.19295
669.61 10610.401 85.803 22682.463 46.5759
670.76 10772.247 -15.197 23458.586 45.95529
671.91 11071.594 383.803 23855.207 45.53537
673.06 10960.939 292.803 24016.328 44.9686
674.21 10756.786 -86.197 24243.449 44.56696
675.35 11353.632 143.804 24499.57 46.02536
676.5 11525.479 107.304 24922.191 46.0134
677.65 11196.324 5.804 24847.313 45.04767
678.8 10782.171 -81.696 25238.434 42.90605
679.94 10993.517 20.804 26057.055 42.14398
681.09 11839.363 183.304 27397.676 42.83053
682.24 12050.71 202.305 27849.797 42.85526
683.39 12389.556 5.305 28278.42 43.80222
684.53 12531.402 205.305 28918.041 42.92902
685.68 12396.748 103.305 29660.162 41.59252
686.83 12202.095 149.805 29932.783 40.46704
687.97 12048.44 114.306 30277.904 39.56469
689.12 12549.787 72.806 30580.525 40.89778
690.27 13364.633 14.306 31086.146 42.966
691.41 14280.979 252.306 31339.268 45.12719
692.56 15063.325 174.306 31676.389 47.2636
693.7 15034.172 173.806 31890.51 46.85344
694.85 14868.519 -17.193 32231.633 46.15893
695.99 14889.364 194.307 32802.254 45.06588
697.14 15432.711 89.807 33371.375 46.1003
698.28 16276.057 205.807 33858.996 47.75253
699.43 16780.402 115.807 34221.617 48.86146
700.57 16848.25 -75.193 34261.738 49.28642
701.72 17090.096 -61.692 34582.859 49.50789
702.86 17189.441 -99.192 35186.48 48.99619
704.01 17267.787 -16.692 35521.102 48.63689
705.15 17941.635 196.308 36909.723 48.33472
706.29 18056.98 30.308 36566.844 49.33876
707.44 19167.826 66.808 37279.465 51.32936
708.58 19075.674 -71.691 37047.086 51.58404
709.72 19587.02 315.809 38219.707 50.84229
710.87 18709.365 -109.191 37748.328 49.7089
712.01 19112.211 -56.691 38429.949 49.80664
713.15 19817.059 79.809 39302.074 50.32154
714.3 20259.404 208.309 39567.195 50.94426
715.44 20938.25 18.31 40557.816 51.60384
716.58 21131.596 111.81 40493.438 52.05284
717.72 21236.943 5.31 41119.559 51.64057
718.87 20912.289 68.31 41004.68 50.918
720.01 20891.635 57.31 41645.301 50.09697
721.15 20688.48 -70.19 41052.422 50.47994
722.29 21773.328 172.811 42203.043 51.39281
723.43 22521.674 225.811 42608.164 52.60648
724.57 22682.52 187.311 42470.785 53.20095
725.72 22716.367 95.811 43220.406 52.45396
726.86 22705.213 355.311 43864.527 51.3682
728.0 22601.559 33.811 44052.148 51.26897
729.14 22514.404 -38.688 44322.27 50.83996
730.28 23259.752 244.812 44887.391 51.55379
731.42 23613.098 -48.688 44784.512 52.77737
732.56 24371.943 351.312 45598.133 53.088
733.7 24694.289 203.812 46227.754 53.21247
734.84 23982.637 -91.688 45686.875 52.58864
735.98 24279.482 62.813 46867.496 51.73984
737.12 23838.828 -52.187 46692.117 51.11
738.26 24081.676 22.813 46661.242 51.58592
739.4 25026.021 113.313 48017.363 52.00543
740.53 25442.367 146.813 47545.984 53.36708
741.67 26161.213 118.813 48219.105 54.14187
742.81 25622.561 -95.186 47892.727 53.59213
743.95 25648.406 158.814 48583.848 52.63722
745.09 25588.752 -2.686 48563.469 52.69398
746.23 25434.598 163.314 49352.09 51.37612
747.36 25992.445 212.314 49672.211 52.1233
748.5 26006.791 -6.686 49270.332 52.79028
749.64 26987.137 5.315 49776.453 54.21178
750.78 27116.484 -16.185 49686.074 54.59041
751.92 26985.33 17.315 49652.695 54.33224
753.05 26973.176 49.315 50249.316 53.63319
754.19 26564.521 323.315 50323.438 52.48228
755.33 25876.369 -118.685 49811.059 52.06326
756.46 26686.715 125.316 50277.18 52.96194
757.6 26972.061 8.816 49865.301 54.08172
758.74 27552.406 285.816 50412.422 54.39544
759.87 27674.754 83.816 50353.043 54.88634
761.01 27864.1 68.316 50854.664 54.73082
762.14 27296.445 68.817 50612.289 53.86972
763.28 26828.293 231.317 50073.91 53.36194
764.41 26841.139 96.317 50503.031 53.05805
765.55 26800.484 -118.183 50527.652 53.1508
766.69 26912.83 118.817 50587.273 53.09061
767.82 27373.178 118.317 50413.395 54.18992
768.95 27329.023 -1.182 49897.516 54.77138
770.09 27912.869 444.318 50104.637 55.31288
771.22 28011.715 352.318 50846.258 54.77766
772.36 27548.063 220.318 50252.879 54.61992
773.49 26812.408 302.818 50191.0 53.13802
774.63 26526.254 56.818 49718.121 53.29992
775.76 26675.1 36.319 49901.242 53.42188
776.89 27035.947 210.819 49461.363 54.46666
778.03 27213.793 138.819 49556.484 54.78805
779.16 27732.139 -42.681 49967.605 55.53821
780.29 27515.486 129.819 49408.227 55.57336
781.43 26894.332 297.819 48718.348 54.92818
782.56 26732.678 137.32 49144.969 54.26777
783.69 25623.523 -0.68 48346.09 53.00086
784.82 25917.871 60.32 48487.211 53.39503
785.96 26142.217 78.32 48738.332 53.56328
787.09 26376.563 99.82 48076.457 54.76987
788.22 26850.408 112.32 48170.078 55.6374
789.35 26862.256 -24.179 47768.199 56.25674
790.48 26532.602 49.821 47618.82 55.67235
791.62 26295.447 237.321 47567.441 55.05612
792.75 25137.295 -33.179 46713.063 53.84491
793.88 25259.141 345.821 47215.184 53.15481
795.01 25436.986 120.321 47260.305 53.70529
796.14 25722.832 221.822 47061.426 54.44327
797.27 25822.68 229.322 46795.547 54.9612
798.4 26077.525 100.322 46593.168 55.87355
799.53 25558.871 -69.678 45696.289 55.99914
800.66 25489.717 107.822 45310.41 56.15142
801.79 26141.564 716.822 46604.031 55.40704
802.92 25201.91 70.823 45934.652 54.795
804.05 24364.756 174.823 45343.273 53.55493
805.18 24454.604 125.823 45276.395 53.88366
806.31 24246.949 67.823 44760.016 54.10145
807.44 24899.295 -58.177 45163.137 55.18962
808.57 25611.141 159.323 45746.258 55.83139
809.69 26005.988 180.324 45656.879 56.78896
810.82 25906.334 -126.176 45742.004 56.75505
811.95 25779.18 498.324 45463.625 56.22303
813.08 24397.025 34.824 44124.746 55.25571
814.21 24654.873 518.324 44700.367 54.62977
815.33 23893.219 118.824 44090.488 54.06753
816.46 23519.564 161.825 43306.109 54.13867
817.59 23974.91 417.825 43397.23 54.81017
818.72 23993.758 234.825 43112.352 55.41116
819.84 24193.104 436.825 42483.473 56.49982
820.97 24043.449 259.825 42205.594 56.70089
822.1 24078.797 310.325 42877.215 55.83793
823.22 23066.143 -29.174 41967.336 54.99342
824.35 22339.988 26.326 41628.957 53.63522
825.48 22071.334 251.326 41672.578 52.67829
826.6 21785.682 136.326 40828.199 53.20314
827.73 21426.027 -83.674 40656.32 52.79751
828.85 21768.373 89.826 40436.441 53.73077
829.98 22455.719 303.827 40210.563 55.50916
831.11 22422.066 -22.173 40017.184 56.05544
832.23 22649.912 17.827 40270.305 56.22532
833.36 22662.258 261.327 40222.926 56.05614
834.48 21776.105 130.327 39556.551 54.90198
835.6 21230.451 192.827 39531.172 53.47867
836.73 20353.797 -37.172 38763.293 52.55341
837.85 20208.143 218.328 38851.414 51.74273
838.98 20201.99 -94.672 38747.535 52.25414
840.1 20678.836 194.328 39022.656 52.75661
841.23 21127.682 119.828 39104.777 53.88709
842.35 22257.527 350.329 39630.898 55.77108
843.47 22227.375 100.829 39279.52 56.47597
844.6 21820.721 -38.171 38078.641 57.34711
845.72 22206.066 4.829 38458.262 57.73538
846.84 22177.914 22.329 38640.383 57.37106
847.96 21666.26 16.829 38593.004 56.12125
849.09 21441.105 -3.67 38040.125 56.36866
850.21 21525.451 68.83 37915.746 56.69318
851.33 21469.799 196.33 37767.867 56.62124
852.45 21594.645 -56.17 37868.988 57.08826
853.57 21913.99 122.33 38144.109 57.31363
854.7 21653.336 -3.67 37551.23 57.66759
855.82 21733.684 18.331 37559.352 57.84433
856.94 22091.529 186.831 38093.973 57.78515
858.06 21589.875 -122.669 37377.094 57.90048
859.18 21526.723 170.331 37395.719 57.3705
860.3 21646.568 87.831 37606.84 57.46084
861.42 21557.914 -103.669 37597.961 57.4553
862.54 21379.76 -96.168 37026.082 57.8519
863.66 21677.607 -43.668 37458.203 57.92051
864.78 21817.453 71.332 37623.824 57.9086
865.9 21795.299 109.332 36705.445 59.25757
867.02 22116.645 676.832 37388.066 58.40123
868.14 22114.992 444.332 37193.188 58.96962
869.26 21541.838 226.833 37167.809 57.70017
870.38 20645.684 -115.667 36392.93 56.86702
871.5 20376.029 -77.667 36881.051 55.34201
872.62 20541.377 -52.167 36904.172 55.72398
873.74 20643.223 306.333 36679.293 55.91211
874.85 20370.896 -52.667 36316.105 56.15687
875.97 20862.896 119.333 36502.605 57.01401
877.09 20985.896 122.333 35951.605 58.2305
878.21 20968.896 63.333 35209.105 59.48244
879.33 20943.896 123.833 35604.105 58.68067
880.44 20464.396 66.333 35076.105 58.26391
881.56 20358.896 40.333 35173.605 57.83282
882.68 20041.896 92.833 35226.605 56.78031
883.79 20214.396 424.833 35601.105 56.25827
884.91 19408.396 -134.167 34988.605 55.64072
886.03 19958.396 169.833 35275.605 56.3684
887.14 20010.396 290.333 35176.105 56.52752
888.26 20577.396 330.333 35595.105 57.41442
889.38 20858.896 273.833 35575.605 58.3117
890.49 21007.896 -86.667 35854.105 58.69257
891.61 21855.396 97.333 36729.605 59.39589
892.72 21901.896 -71.167 36672.105 59.8016
893.84 21801.896 -71.667 37220.105 58.6552
894.95 22063.396 -80.667 37950.605 58.22593
896.07 21893.396 20.833 38481.605 56.8698
897.18 21599.896 147.833 38023.105 56.6387
898.3 21592.896 -53.167 38379.105 56.32262
899.41 22441.396 274.833 39083.105 57.11814
900.53 22121.396 120.333 38827.105 56.84035
901.64 22253.896 219.833 38547.605 57.4885
902.75 22314.396 53.833 37893.605 58.82848
903.87 22693.396 -10.667 38104.105 59.56762
904.98 23014.896 149.833 37949.105 60.49075
906.09 22312.396 22.833 37534.105 59.42097
907.21 22238.396 145.833 37452.105 59.21943
908.32 21612.396 28.333 36973.605 58.42172
909.43 21100.896 272.333 36504.605 57.48622
910.54 20274.896 127.833 35982.605 56.19074
911.66 20514.396 540.333 36000.605 56.328
912.77 19965.396 -1.667 35551.105 56.16176
913.88 20307.896 150.833 35423.605 57.14624
914.99 20133.896 -48.167 35018.605 57.55324
916.1 20800.396 135.833 34853.105 59.52243
917.22 20496.396 -30.167 34494.105 59.45546
918.33 21184.396 289.833 35035.605 60.13556
919.44 20652.396 76.833 34128.605 60.42435
920.55 20583.896 358.833 34206.105 59.75389
921.66 19906.396 200.333 33540.605 59.10589
922.77 19330.896 207.333 33220.105 57.92777
923.88 19062.396 300.833 32971.105 57.42702
924.99 18538.896 142.333 32683.604 56.53302
926.1 18177.396 -86.167 31982.104 56.95213
927.21 18181.396 317.833 31868.104 56.61937
928.32 18102.396 -121.167 31451.604 57.71924
929.43 18097.396 60.833 31048.104 58.20636
930.54 18000.396 23.833 30377.104 59.22447
931.65 18133.396 82.333 30159.604 60.01563
932.76 18043.896 184.333 29662.104 60.58655
933.86 17650.896 93.333 29123.104 60.48123
934.97 16652.896 22.833 28341.104 58.72556
936.08 15784.396 4.833 26724.604 59.05576
937.19 14810.896 312.833 25068.104 58.56556
938.3 13591.396 227.833 23666.604 57.01478
939.4 12479.896 293.333 21811.604 56.63356
940.51 11399.396 69.333 19846.604 57.2883
941.62 10832.896 193.833 18889.104 56.90777
942.73 11107.896 508.833 18562.604 58.7083
943.83 10526.396 125.833 17778.104 58.91912
944.94 10332.896 151.833 17505.604 58.66773
946.05 10392.396 -150.667 17298.604 60.42122
947.15 10506.896 -68.667 17517.104 60.13704
948.26 10875.896 64.833 17687.604 61.34712
949.36 10840.896 -1.167 18160.604 59.69717
950.47 11375.896 121.333 19056.604 59.43703
951.57 11795.396 369.833 20197.604 57.62404
952.68 11700.896 229.333 20481.604 56.64334
953.79 11686.396 217.833 20448.604 56.68871
954.89 11631.396 8.833 20562.604 56.54711
955.99 12291.396 167.333 21535.604 56.73862
957.1 12570.896 40.333 21647.604 57.99234
958.2 12842.896 76.333 21826.604 58.69611
959.31 13239.896 203.333 21969.104 59.89479
960.41 13396.896 28.333 21930.104 61.03873
961.52 13627.396 -30.667 22319.604 61.10916
962.62 13707.896 175.833 22383.104 60.93528
963.72 13464.896 -80.667 22094.604 61.08409
964.83 13276.896 -124.667 22386.104 59.534
965.93 13509.896 112.833 22511.104 59.81293
967.03 13342.396 271.333 22580.604 58.59027
968.13 13105.396 208.333 22356.104 58.23188
969.24 12897.396 8.833 22445.104 57.44521
970.34 12927.896 31.333 22387.604 57.68656
971.44 13196.896 52.333 22906.604 57.51469
972.54 13052.396 141.833 22631.604 57.40638
973.64 13344.896 5.333 22547.604 59.17577
974.75 13841.396 435.833 22415.104 60.99184
975.85 14953.896 1647.833 23483.604 60.93699
976.95 13148.396 7.333 21392.604 61.44913
978.05 13369.896 203.333 21803.604 60.95554
979.15 13674.396 433.833 21820.604 61.91006
980.25 12823.896 2.833 21309.604 60.17365
981.35 12754.896 60.333 21304.604 59.75523
982.45 12828.896 410.333 21391.604 59.1888
983.55 12326.896 186.833 21294.104 57.51602
984.65 12329.396 138.833 21018.104 58.38596
985.75 11958.896 309.833 20370.604 58.06887
986.85 11856.396 180.333 20330.604 57.94494
987.95 11812.396 14.833 20189.104 58.47826
989.05 12138.896 361.833 20275.104 59.14178
990.15 11857.396 271.833 19754.604 59.46568
991.25 11726.896 124.833 19047.604 61.3127
992.34 11694.896 347.833 18764.604 61.61266
993.44 11277.896 140.833 18180.604 61.73616
994.54 11373.896 111.833 18320.604 61.84966
995.64 11352.896 309.833 18295.104 61.40059
996.74 11137.396 351.833 17998.104 61.12092
997.83 10411.396 -49.167 17397.604 59.95701
998.93 10239.896 76.333 17142.104 59.55525
1000.03 10456.896 590.833 17437.604 58.56352
1001.12 9984.896 353.833 16834.604 58.43818
1002.22 9700.896 315.333 16405.104 58.33248
1003.32 9371.896 64.833 16076.604 58.12638
1004.41 9335.896 125.333 15634.604 59.38746
1005.51 9201.396 120.833 15208.604 60.18491
1006.6 8812.896 6.333 14482.604 60.83447
1007.7 8941.396 306.833 14398.104 61.27596
1008.8 8544.896 -47.667 13750.104 62.275
1009.89 8788.396 235.333 13930.604 62.45267
1010.99 8712.896 114.333 13824.104 62.7185
1012.08 8477.396 -29.167 13906.604 61.0412
1013.18 9028.396 126.833 14570.104 61.63121
1014.27 9485.396 47.333 15621.604 60.60035
1015.36 9408.896 64.833 15875.104 59.10121
1016.46 9226.396 124.833 15763.104 58.20057
1017.55 9045.896 -38.167 15321.604 59.14191
1018.65 8866.396 151.833 14832.604 59.36038
1019.74 8815.396 258.833 14789.104 58.88784
1020.83 8694.896 177.833 14508.104 59.43406
1021.93 8448.896 91.833 13816.604 60.89036
1023.02 7964.396 -45.667 13044.604 61.19096
1024.11 7779.896 -60.167 12667.104 61.6005
1025.2 7781.896 -58.167 12666.604 61.6126
1026.3 7861.396 189.833 12516.604 62.23497
1027.39 7590.396 250.833 12090.604 61.99075
1028.48 7293.396 163.333 11401.604 63.44448
1029.57 6953.896 104.333 11279.104 61.29488
1030.66 6809.396 198.333 10939.604 61.54823
1031.75 7000.896 757.333 11206.104 59.75404
1032.84 6323.896 241.333 10320.104 60.35024
1033.94 5962.896 -37.167 9945.604 60.10418
1035.03 5947.896 296.333 9994.604 58.27392
1036.12 5614.896 -58.667 9499.104 59.36073
1037.21 5562.396 -21.667 9286.104 59.99355
1038.3 5562.896 213.833 9104.104 60.1676
1039.39 5174.896 16.833 8508.104 60.74547
1040.48 5324.396 156.833 8625.604 61.01904
1041.57 5231.896 235.333 8351.604 61.56229
1042.66 5057.896 153.833 7927.104 63.08879
1043.74 5039.396 184.833 7819.604 63.58492
1044.83 4810.396 192.833 7568.104 62.60872
1045.92 4397.896 -67.167 7039.604 62.82829
1047.01 4629.396 249.333 7140.104 63.56419
1048.1 4144.396 -79.167 6634.604 62.90895
1049.19 4181.396 144.833 6583.604 62.69151
1050.27 3769.396 105.333 6251.604 59.6144
1051.36 3638.896 41.833 6110.104 59.27657
1052.45 3780.896 197.333 6116.604 60.54061
1053.54 3592.896 131.333 5930.104 59.69476
1054.62 3587.396 203.333 5800.604 60.45915
1055.71 3371.896 181.833 5554.104 59.38015
1056.8 3497.396 261.833 5661.604 59.92037
1057.88 3249.896 105.333 5219.604 61.48604
1058.97 3293.396 165.833 5094.104 63.46166
1060.06 3448.396 360.833 5153.604 64.42124
1061.14 3054.896 99.333 4855.104 62.14687
1062.23 3674.396 781.333 5268.104 64.47984
1063.31 3046.396 185.333 4585.604 65.02015
1064.4 2654.396 66.333 4119.104 63.85909
1065.48 2756.396 148.333 4254.104 63.52187
1066.57 2535.396 79.833 4023.604 62.26433
1067.65 2539.396 210.833 3963.604 62.04915
1068.74 2356.896 58.333 3872.104 60.27007
1069.82 2309.396 209.833 3796.104 58.54445
1070.9 3228.396 1117.333 4696.104 58.98848
1071.99 2224.396 198.833 3629.104 59.04963
1073.07 2240.896 154.833 3555.604 61.34087
1074.15 2214.396 187.833 3574.104 59.84643
1075.24 2109.896 193.833 3393.104 59.8906
1076.32 2159.896 239.333 3406.604 60.63777
1077.4 2408.896 478.833 3508.104 63.71376
1078.49 1872.896 43.333 2996.104 61.96087
1079.57 2111.396 275.333 3149.104 63.89035
1080.65 2240.896 398.333 3245.104 64.72465
1081.73 1817.896 114.833 2784.604 63.79059
1082.81 1768.896 -13.167 2686.604 66.00792
1083.89 1779.396 227.833 2791.604 60.51877
1084.98 1819.396 212.833 2747.104 63.39348
1086.06 1557.396 48.333 2463.604 62.48005
1087.14 1504.396 25.333 2473.604 60.41254
1088.22 1570.896 168.833 2459.604 61.20483
1089.3 1344.396 -23.167 2242.604 60.35749
1090.38 1821.396 484.333 2745.604 59.12881
1091.46 1565.396 224.333 2436.104 60.63298
1092.54 1399.896 71.833 2222.604 61.74821
1093.62 1366.396 116.833 2203.104 59.89455
1094.7 1219.396 23.333 1981.104 61.09308
1095.78 1324.896 119.333 2072.604 61.72019
1096.86 1384.896 153.833 2093.104 63.48069
1097.93 1662.396 515.333 2423.604 60.11005
1099.01 1517.896 321.833 2187.604 64.10554
1100.09 1176.396 49.333 1832.604 63.20199
