196.55 1387.184 972.948 0.0 414.23645
197.76 1852.091 1427.472 0.0 424.61951
198.96 1770.798 1340.45 0.0 430.34778
200.16 1170.556 796.077 0.0 374.47882
201.36 2035.386 1587.379 0.0 448.00745
202.56 1410.159 990.115 0.0 420.04321
203.76 1222.651 849.94 0.0 372.71167
204.96 1365.145 932.264 0.0 432.88031
206.16 978.561 712.367 0.0 266.19427
207.36 1696.875 1181.173 0.0 515.70215
208.56 1444.579 1052.507 0.0 392.07263
209.76 947.814 637.704 0.0 310.10999
210.96 1260.019 888.539 0.0 371.48041
212.16 2551.368 2056.997 0.0 494.37061
213.36 1631.484 1126.644 0.0 504.83972
214.56 1296.624 890.479 0.0 406.14417
215.76 2359.652 1834.94 0.0 524.71179
216.96 1959.077 1568.862 0.0 390.21497
218.16 1444.1 985.792 0.0 458.30865
219.35 1141.67 716.838 0.0 424.83173
220.55 1346.963 872.359 0.0 474.60364
221.75 1154.235 810.596 0.0 343.63947
222.95 1980.828 1461.314 0.0 519.51465
224.15 1559.307 1090.029 0.0 469.27844
225.35 1226.026 782.472 0.0 443.55353
226.55 1158.072 792.831 0.0 365.24115
227.75 1861.828 1378.814 0.0 483.01465
228.94 1551.814 1122.204 0.0 429.60999
230.14 1417.545 919.113 0.0 498.43195
231.34 1236.872 847.028 0.0 389.84448
232.54 1088.666 780.549 0.0 308.11639
233.74 1145.175 805.869 0.0 339.30554
234.93 1225.233 791.951 0.0 433.28174
236.13 1483.507 951.574 0.0 531.93353
237.33 1323.724 930.131 0.0 393.59247
238.53 1185.256 887.381 0.0 297.87549
239.72 1836.384 1373.993 0.0 462.39136
240.92 893.924 562.676 0.0 331.2475
242.12 1736.231 1152.807 0.0 583.42407
243.31 1113.289 755.63 0.0 357.65845
244.51 1013.982 627.0 0.0 386.98199
245.71 1740.682 1278.803 0.0 461.87866
246.9 2129.982 1688.0 0.0 441.98193
248.1 1343.347 950.954 0.0 392.39301
249.3 1378.138 982.33 0.0 395.80713
250.49 1274.393 893.313 0.0 381.08063
251.69 1492.947 1049.106 0.0 443.84131
252.89 1387.196 916.154 0.0 471.04169
254.08 904.314 579.204 0.0 325.10999
255.28 1318.359 976.919 0.0 341.43988
256.47 903.777 577.666 0.0 326.11157
257.67 1531.284 1159.099 0.0 372.18481
258.86 1633.5 1172.898 0.0 460.60205
260.06 1253.345 917.809 0.0 335.53528
261.26 1968.117 1459.546 0.0 508.57117
262.45 1235.361 939.063 0.0 296.29761
263.65 864.245 565.158 0.0 299.08691
264.84 1528.421 1081.531 0.0 446.88977
266.04 1059.196 804.154 0.0 255.04169
267.23 879.793 487.661 0.0 392.13229
268.42 1008.154 706.584 0.0 301.56946
269.62 1232.935 882.641 0.0 350.29437
270.81 1286.754 959.736 0.0 327.01776
272.01 1331.263 923.056 0.0 408.20703
273.2 1604.035 1164.034 0.0 440.0011
274.4 1000.931 664.852 0.0 336.07898
275.59 1538.37 1028.883 0.0 509.48682
276.78 1293.01 892.718 0.0 400.29126
277.98 1157.966 772.746 0.0 385.21979
279.17 1260.266 903.201 0.0 357.06476
280.37 1239.352 837.985 0.0 401.3667
281.56 902.81 528.915 0.0 373.89459
282.75 969.514 617.508 0.0 352.00665
283.95 1172.135 801.186 0.0 370.9494
285.14 1255.233 863.193 0.0 392.03998
286.33 999.259 700.267 0.0 298.99158
287.52 1386.231 948.548 0.0 437.68237
288.72 1620.863 1136.95 0.0 483.9137
289.91 1928.224 1410.373 0.0 517.85083
291.1 1406.824 1007.024 0.0 399.79919
292.29 1316.191 997.623 0.0 318.56787
293.49 1350.868 1044.239 0.0 306.62903
294.68 1063.833 729.845 0.0 333.98834
295.87 1157.398 803.102 0.0 354.29608
297.06 1428.321 940.38 0.0 487.94147
298.26 706.038 420.179 0.0 285.8588
299.45 1125.289 789.13 0.0 336.15845
300.64 1190.463 822.859 0.0 367.60364
301.83 1278.872 857.028 0.0 421.84448
303.02 1029.805 630.384 0.0 399.42078
304.21 1526.758 1123.525 0.0 403.23315
305.4 1298.414 875.356 0.0 423.05835
306.59 1346.777 920.166 0.0 426.61157
307.79 1208.214 803.053 0.0 405.16168
308.98 908.545 579.113 0.0 329.43195
310.17 1372.415 966.081 0.0 406.33337
311.36 1186.98 857.597 0.0 329.38269
312.55 2007.31 1560.657 0.0 446.65295
313.74 962.028 584.359 0.0 377.66962
314.93 1461.079 1009.007 0.0 452.07269
316.12 1100.41 787.067 0.0 313.3429
317.31 655.54 406.823 0.0 248.71652
318.5 887.028 574.859 0.0 312.16962
319.69 1178.698 830.799 0.0 347.89941
320.88 1010.607 736.225 0.0 274.38184
322.07 894.307 607.271 0.0 287.03687
323.26 974.219 607.342 0.0 366.87708
324.45 696.31 447.415 0.0 248.89459
325.64 1143.014 766.749 0.0 376.26508
326.83 1384.824 996.024 0.0 388.79919
328.01 1059.103 738.436 0.0 320.66638
329.2 1382.714 976.053 0.0 406.66168
330.39 1008.321 727.38 0.0 280.94147
331.58 904.712 542.908 0.0 361.80402
332.77 1727.105 1253.081 0.0 474.02417
333.96 681.491 448.82 0.0 232.6712
335.15 873.993 524.964 0.0 349.02893
336.33 887.212 590.908 0.0 296.30402
337.52 1042.81 719.415 0.0 323.39459
338.71 1054.298 710.45 0.0 343.84772
339.9 968.119 614.932 0.0 353.18707
341.08 1032.331 688.2 0.0 344.13074
342.27 1315.14 879.475 0.0 435.66486
343.46 1484.156 1063.729 0.0 420.42712
344.65 1332.156 897.229 0.0 434.92712
345.83 1420.547 983.257 0.0 437.28967
347.02 747.145 470.264 0.0 276.88028
348.21 1472.654 1021.584 0.0 451.0694
349.4 824.835 462.989 0.0 361.8461
350.58 1063.682 718.045 0.0 345.63696
351.77 967.175 575.369 0.0 391.80554
352.96 635.203 324.088 0.0 311.11478
354.14 1066.456 619.926 0.0 446.53052
355.33 801.289 536.13 0.0 265.15845
356.51 692.914 387.098 0.0 305.81668
357.7 1056.384 679.734 0.0 376.64972
358.89 893.124 511.721 0.0 381.40253
360.07 1353.512 915.105 0.0 438.40735
361.26 1522.731 1061.79 0.0 460.94067
362.44 1117.482 733.483 0.0 383.99866
363.63 908.661 481.743 0.0 426.91763
364.81 944.912 531.437 0.0 413.47571
366.0 647.036 276.518 0.0 370.51779
367.18 1976.212 1403.392 0.0 572.82056
368.37 906.561 529.85 0.0 376.71094
369.55 1255.04 737.065 0.0 517.97485
370.74 1422.638 911.572 0.0 511.06549
371.92 1669.317 1158.332 0.0 510.98438
373.11 919.801 476.078 0.0 443.72208
374.29 802.552 421.772 0.0 380.78012
375.48 1017.547 531.741 0.0 485.80634
376.66 838.052 441.53 0.0 396.52173
377.84 1428.561 953.85 0.0 474.711
379.03 796.845 405.051 0.0 391.79361
380.21 653.266 332.184 0.0 321.08142
381.39 624.656 266.212 0.0 358.44388
382.58 1274.296 816.548 0.0 457.74835
383.76 1656.568 1148.784 0.0 507.78406
384.94 1808.907 1254.164 0.0 554.74353
386.13 934.996 426.593 0.0 508.40332
387.31 1102.414 618.339 0.0 484.07495
388.49 951.315 474.688 0.0 476.62671
389.68 1206.477 637.952 0.0 568.52496
390.86 1167.673 567.466 0.0 600.20618
392.04 1553.994 982.706 0.0 571.28729
393.22 982.173 445.466 0.0 536.70621
394.41 1023.01 473.202 0.0 549.80792
395.59 780.124 193.463 0.0 586.66089
396.77 1124.749 552.689 0.0 572.06067
397.95 1344.187 637.576 0.0 706.61078
399.13 1480.103 792.678 0.0 687.42474
400.31 1084.373 447.511 0.0 636.86121
401.5 1312.926 626.304 0.0 686.62195
402.68 1458.156 734.712 0.0 723.44391
403.86 1144.38 434.445 0.0 709.93427
405.04 1643.775 807.263 0.0 836.51227
406.22 1131.133 367.783 0.0 763.35004
407.4 1519.242 697.013 0.0 822.22925
408.58 1745.877 814.301 0.0 931.57666
409.76 1822.742 947.755 0.0 874.98761
410.94 1458.673 624.466 0.0 834.20618
412.12 1311.68 502.9 0.0 808.77936
413.3 1217.431 359.093 0.0 858.33728
414.48 1183.675 371.111 0.0 812.5639
415.66 1236.47 445.277 0.0 791.19345
416.84 2216.028 1233.1 0.0 982.92786
418.02 1467.952 623.378 0.0 844.57343
419.2 1269.833 419.586 0.0 850.24667
420.38 1497.721 583.97 0.0 913.75153
421.56 1408.031 427.245 0.0 980.78561
422.74 2186.78 1081.794 0.0 1104.98596
423.92 1857.063 865.995 0.0 991.0686
425.1 1520.675 464.111 0.0 1056.5639
426.28 1336.998 405.995 0.0 931.00275
427.46 2507.449 1356.492 0.0 1150.95728
428.63 1576.642 571.861 0.0 1004.78094
429.81 1611.559 687.964 0.0 923.59491
430.99 1788.568 754.784 0.0 1033.78406
432.17 2243.947 1145.347 0.0 1098.59973
433.35 1930.507 827.316 0.0 1103.19189
434.52 1191.524 155.069 0.0 1036.45419
435.7 1510.435 376.383 0.0 1134.05273
436.88 2003.577 840.104 0.0 1163.47333
438.06 1688.986 552.531 0.0 1136.45575
439.23 1632.724 399.115 0.0 1233.60922
440.41 1846.805 594.126 0.0 1252.67914
441.59 2161.026 828.456 0.0 1332.57031
442.77 1694.038 276.679 0.0 1417.3588
443.94 2268.81 760.657 0.0 1508.15295
445.12 2183.752 769.833 0.0 1413.91852
446.3 2577.272 1093.118 0.0 1484.15442
447.47 2235.189 666.72 0.0 1568.46863
448.65 2326.163 720.646 0.0 1605.51703
449.82 2038.163 500.146 0.0 1538.01706
451.0 2258.591 609.213 0.0 1649.37781
452.18 2148.105 476.823 0.0 1671.28262
453.35 2252.859 530.16 0.0 1722.69824
454.53 2281.691 558.865 0.0 1722.82623
455.7 2203.433 334.238 0.0 1869.19513
456.88 2838.168 945.935 0.0 1892.23248
458.05 2485.275 591.763 0.0 1893.51227
459.23 2212.068 315.784 0.0 1896.28406
460.4 2667.359 580.16 0.0 2087.19824
461.58 2835.119 719.432 0.0 2115.68719
462.75 2473.752 315.333 0.0 2158.41852
463.93 2845.847 628.696 0.0 2217.15125
465.1 2762.04 525.065 0.0 2236.97485
466.28 2453.463 218.101 0.0 2235.36191
467.45 2553.359 146.66 0.0 2406.69826
468.63 3097.08 523.249 0.0 2573.83105
469.8 3459.617 870.287 0.0 2589.32935
470.97 2979.226 405.259 0.0 2573.96695
472.15 3228.489 595.675 0.0 2632.81348
473.32 3491.963 704.601 0.0 2787.36194
474.49 3727.047 859.499 0.0 2867.54791
475.67 3370.573 507.573 0.0 2862.99951
476.84 3094.67 327.08 0.0 2767.59009
478.01 3629.447 636.347 0.0 2993.09973
479.19 3595.721 548.728 0.0 3046.99323
480.36 3313.34 309.02 0.0 3004.31973
481.53 3706.131 596.897 0.0 3109.23395
482.7 3647.354 497.129 0.0 3150.22458
483.88 3551.856 275.774 0.0 3276.08215
485.05 3721.168 361.935 0.0 3359.23251
486.22 3736.663 478.405 0.0 3258.25858
487.39 3637.8 333.595 0.0 3304.20532
488.56 3977.338 485.876 0.0 3491.46213
489.74 4396.831 897.2 0.0 3499.63062
490.91 3766.147 242.651 0.0 3523.49637
492.08 3938.338 375.876 0.0 3562.46213
493.25 3825.026 278.714 0.0 3546.3118
494.42 3964.405 476.778 0.0 3487.62747
495.59 4019.161 417.26 0.0 3601.90097
496.76 4115.177 465.756 0.0 3649.42163
497.93 4267.254 610.478 0.0 3656.77612
499.1 4259.563 572.753 0.0 3686.81012
500.27 4785.601 1040.792 0.0 3744.80896
501.44 4927.035 1228.534 0.0 3698.50098
502.61 4085.952 423.137 0.0 3662.81516
503.78 4324.505 629.929 0.0 3694.57568
504.95 5004.705 1123.474 0.0 3881.23083
506.12 4484.7 696.943 0.0 3787.7569
507.29 4110.635 335.186 0.0 3775.4494
508.46 3750.342 32.165 0.0 3718.17758
509.63 5203.342 1258.165 0.0 3945.17761
510.8 5163.11 1179.612 0.0 3983.49805
511.97 4379.279 558.552 0.0 3820.72748
513.14 4211.873 258.528 0.0 3953.3446
514.31 4852.465 785.746 0.0 4066.71954
515.48 4422.128 495.01 0.0 3927.1181
516.65 4471.768 525.087 0.0 3946.68097
517.81 4261.296 355.806 0.0 3905.49011
518.98 4728.193 695.01 0.0 4033.18384
520.15 4212.289 161.13 0.0 4051.15834
521.32 4866.012 703.605 0.0 4162.40747
522.49 5823.531 1502.503 0.0 4321.02747
523.65 5511.028 1158.859 0.0 4352.16968
524.82 4966.573 638.073 0.0 4328.49976
525.99 4364.226 78.517 0.0 4285.70869
527.16 5191.449 631.25 0.0 4560.1991
528.32 5264.586 730.182 0.0 4534.40411
529.49 4935.708 411.619 0.0 4524.08865
530.66 4579.561 114.367 0.0 4465.19402
531.82 4798.961 180.957 0.0 4618.0043
532.99 5120.356 320.274 0.0 4800.0824
534.16 5242.612 444.256 0.0 4798.35541
535.32 5654.114 794.401 0.0 4859.71326
536.49 5273.212 294.408 0.0 4978.80386
537.65 6158.377 1011.059 0.0 5147.31805
538.82 5406.942 321.816 0.0 5085.12604
539.99 5865.624 642.721 0.0 5222.9024
541.15 6133.033 818.39 0.0 5314.64355
542.32 5480.689 147.979 0.0 5332.71039
543.48 6447.13 811.155 0.0 5635.97546
544.65 6589.938 992.785 0.0 5597.1521
545.81 7678.101 1483.292 0.0 6194.80896
546.98 6852.947 503.106 0.0 6349.84125
548.14 7201.601 783.792 0.0 6417.8089
549.31 6725.724 402.873 0.0 6322.85086
550.47 7176.2 469.443 0.0 6706.75687
551.63 7877.796 914.806 0.0 6962.99011
552.8 7336.219 454.584 0.0 6881.63565
553.96 7503.431 459.852 0.0 7043.57904
555.13 7621.298 391.45 0.0 7229.84747
556.29 8406.654 934.084 0.0 7472.56989
557.45 7712.01 274.46 0.0 7437.54962
558.62 8012.042 523.468 0.0 7488.57397
559.78 8479.947 771.606 0.0 7708.34174
560.94 8239.737 371.982 0.0 7867.75519
562.11 8213.203 391.088 0.0 7822.1152
563.27 8126.14 157.975 0.0 7968.16508
564.43 8040.565 32.397 0.0 8008.16796
565.59 8368.67 205.838 0.0 8162.83162
566.76 8702.072 351.073 0.0 8350.99927
567.92 8966.316 571.349 0.0 8394.96753
569.08 9245.067 715.042 0.0 8530.02533
570.24 9057.889 352.024 0.0 8705.86505
571.4 8917.126 226.366 0.0 8690.76025
572.57 8967.219 367.342 0.0 8599.87692
573.73 8945.823 55.524 0.0 8890.29881
574.89 9389.217 452.697 0.0 8936.51956
576.05 9627.744 476.158 0.0 9151.58649
577.21 9172.026 157.714 0.0 9014.31229
578.37 9304.847 18.954 0.0 9285.89278
579.53 9614.484 193.644 0.0 9420.84004
580.69 10066.97 597.535 0.0 9469.43469
581.85 9878.358 351.919 0.0 9526.43976
583.01 9964.321 401.88 0.0 9562.44147
584.17 10080.138 484.83 0.0 9595.30722
585.33 10405.226 572.517 0.0 9832.70819
586.49 10167.21 377.763 0.0 9789.4465
587.65 10474.405 573.278 0.0 9901.12769
588.81 10490.274 566.521 0.0 9923.75354
589.97 10938.054 929.433 0.0 10008.62097
591.13 10308.34 421.02 0.0 9887.31973
592.29 10336.508 336.574 0.0 9999.93402
593.45 10230.801 213.595 0.0 10017.20581
594.61 10065.279 134.052 0.0 9931.22745
595.77 10116.944 196.961 0.0 9919.98338
596.93 10038.816 91.091 0.0 9947.72576
598.09 10203.563 382.753 0.0 9820.81061
599.24 10083.909 138.067 0.0 9945.84242
600.4 10334.21 291.763 0.0 10042.4465
601.56 10041.468 233.39 0.0 9808.07736
602.72 10331.094 368.616 0.0 9962.47763
603.87 10275.796 473.064 0.0 9802.73187
605.03 10063.594 232.116 0.0 9831.47763
606.19 10036.677 148.514 0.0 9888.1629
607.35 9869.008 -3.926 0.0 9872.93401
608.5 10399.896 594.457 0.0 9805.43811
609.66 10775.082 989.651 0.0 9785.43066
610.82 9765.698 146.299 0.0 9619.39952
611.97 9753.654 125.084 0.0 9628.56992
613.13 10200.498 573.754 0.0 9626.74438
614.29 9951.884 496.993 0.0 9454.89111
615.44 10314.019 717.539 0.0 9596.48004
616.6 9499.436 180.141 0.0 9319.29474
617.76 10155.481 663.0 0.0 9492.48169
618.91 10060.828 726.314 0.0 9334.51453
620.07 10096.165 641.049 0.0 9455.11591
621.22 9468.909 17.567 0.0 9451.34243
622.38 10441.154 1061.084 0.0 9380.06995
623.53 9407.626 78.366 0.0 9329.26025
624.69 9530.387 112.137 0.0 9418.24944
625.84 9508.567 217.542 0.0 9291.02531
627.0 9745.559 488.964 0.0 9256.59491
628.15 9137.898 -0.398 0.0 9138.29642
629.31 9401.989 318.175 0.0 9083.81396
630.46 8979.542 -23.532 0.0 9003.07399
631.61 9407.838 374.134 0.0 9033.70413
632.77 9644.685 228.189 0.0 9416.49518
633.92 9638.821 495.38 0.0 9143.44147
635.08 10080.621 949.577 0.0 9131.04456
636.23 9358.237 308.482 0.0 9049.75519
637.38 8862.835 -74.511 0.0 8937.34579
638.54 9733.661 654.76 0.0 9078.90118
639.69 9974.072 936.831 0.0 9037.24103
640.84 9590.631 490.402 0.0 9100.22864
641.99 9127.224 97.409 0.0 9029.81476
643.15 10093.315 816.916 0.0 9276.3999
644.3 9057.908 95.422 0.0 8962.48601
645.45 8828.0 -58.071 0.0 8886.07114
646.6 9756.593 811.436 0.0 8945.15723
647.75 9122.685 161.942 0.0 8960.74239
648.91 8790.276 -136.551 0.0 8926.82753
650.06 9251.869 225.455 0.0 9026.41365
651.21 9446.461 417.462 0.0 9028.99878
652.36 9409.054 450.969 0.0 8958.0849
653.51 9074.646 101.475 0.0 8973.17003
654.66 9307.238 273.982 0.0 9033.25613
655.81 9753.83 651.989 0.0 9101.84131
656.96 9041.423 69.495 0.0 8971.92739
658.11 9507.515 365.002 0.0 9142.51254
659.27 9620.606 531.009 0.0 9089.59766
660.42 9209.699 29.015 0.0 9180.68378
661.57 9613.791 421.022 0.0 9192.76892
662.72 8870.884 -139.971 0.0 9010.85503
663.87 9033.976 -99.965 0.0 9133.94017
665.01 9395.568 316.042 0.0 9079.52628
666.16 9188.66 41.049 0.0 9147.61142
667.31 9432.252 95.555 0.0 9336.69656
668.46 10253.845 760.562 0.0 9493.28265
669.61 9582.937 206.069 0.0 9376.86781
670.76 9607.529 4.575 0.0 9602.95392
671.91 10460.121 769.582 0.0 9690.53906
673.06 10219.714 519.589 0.0 9700.12518
674.21 9608.306 -161.405 0.0 9769.71031
675.35 9964.398 284.102 0.0 9680.29642
676.5 9782.99 167.609 0.0 9615.38156
677.65 9767.082 72.615 0.0 9694.4667
678.8 9482.175 -110.878 0.0 9593.05281
679.94 10067.267 40.629 0.0 10026.63795
681.09 10607.359 370.135 0.0 10237.22406
682.24 10899.451 363.142 0.0 10536.3092
683.39 10310.044 -1.851 0.0 10311.89531
684.53 11148.636 558.155 0.0 10590.48047
685.68 10800.228 214.662 0.0 10585.56558
686.83 10967.32 301.169 0.0 10666.1517
687.97 11076.412 298.175 0.0 10778.23685
689.12 10732.505 178.182 0.0 10554.32295
690.27 10745.097 68.189 0.0 10676.90809
691.41 11374.189 468.195 0.0 10905.9942
692.56 11298.781 358.702 0.0 10940.07935
693.7 11327.874 378.709 0.0 10949.16544
694.85 10815.966 48.215 0.0 10767.75059
695.99 11318.058 398.222 0.0 10919.83572
697.14 11248.15 184.229 0.0 11063.92183
698.28 11207.742 342.735 0.0 10865.00696
699.43 11357.835 391.242 0.0 10966.59308
700.57 10694.427 -74.251 0.0 10768.67822
701.72 11032.52 -50.745 0.0 11083.26434
702.86 10639.111 -107.738 0.0 10746.84947
704.01 11115.203 50.269 0.0 11064.93461
705.15 11429.796 433.275 0.0 10996.52072
706.29 11113.888 126.782 0.0 10987.10586
707.44 11216.98 171.288 0.0 11045.69197
708.58 11143.572 -124.205 0.0 11267.77711
709.72 11900.165 629.302 0.0 11270.86322
710.87 10801.757 -137.192 0.0 10938.94836
712.01 11186.35 0.315 0.0 11186.03448
713.15 11518.941 217.322 0.0 11301.61961
714.3 11543.533 348.828 0.0 11194.70474
715.44 11283.126 92.335 0.0 11190.79086
716.58 11686.218 277.342 0.0 11408.87601
717.72 11219.811 52.848 0.0 11166.96211
718.87 11561.402 240.855 0.0 11320.54726
720.01 11367.495 117.362 0.0 11250.13336
721.15 11141.087 -54.132 0.0 11195.2185
722.29 11616.179 345.875 0.0 11270.30365
723.43 11790.771 498.882 0.0 11291.88974
724.57 11764.863 450.388 0.0 11314.47488
725.72 11370.456 244.895 0.0 11125.561
726.86 12099.048 678.902 0.0 11420.14612
728.0 11378.641 164.408 0.0 11214.23225
729.14 11345.232 -2.085 0.0 11347.31739
730.28 11835.825 481.422 0.0 11354.4035
731.42 11187.417 10.928 0.0 11176.48864
732.56 11954.509 722.435 0.0 11232.07379
733.7 11409.602 386.942 0.0 11022.65988
734.84 10881.193 -127.052 0.0 11008.24503
735.98 11344.786 148.955 0.0 11195.83115
737.12 11031.878 -3.038 0.0 11034.91628
738.26 11049.971 17.468 0.0 11032.50239
739.4 11210.063 228.475 0.0 10981.58752
740.53 11545.154 407.482 0.0 11137.67267
741.67 11190.747 273.488 0.0 10917.25879
742.81 10931.839 -222.505 0.0 11154.34392
743.95 11309.932 241.002 0.0 11068.93002
745.09 10933.023 19.508 0.0 10913.51517
746.23 11579.116 399.515 0.0 11179.60129
747.36 11553.708 453.522 0.0 11100.1864
748.5 10941.301 60.028 0.0 10881.27253
749.64 10675.893 25.035 0.0 10650.85767
750.78 10886.484 -5.458 0.0 10891.9428
751.92 10520.577 74.548 0.0 10446.02892
753.05 10610.169 155.555 0.0 10454.61406
754.19 11245.262 635.562 0.0 10609.7002
755.33 10366.354 -151.932 0.0 10518.28531
756.46 10720.446 245.075 0.0 10475.37141
757.6 10309.038 82.082 0.0 10226.95656
758.74 11016.63 562.088 0.0 10454.54169
759.87 10476.723 244.595 0.0 10232.12781
761.01 10444.314 271.102 0.0 10173.21295
762.14 10115.407 234.608 0.0 9880.79906
763.28 10526.999 408.115 0.0 10118.88419
764.41 10017.592 249.121 0.0 9768.47031
765.55 9673.684 -123.872 0.0 9797.55544
766.69 9969.276 289.635 0.0 9679.64157
767.82 9766.368 266.641 0.0 9499.72668
768.95 9333.46 26.148 0.0 9307.31183
770.09 9906.053 737.655 0.0 9168.39795
771.22 10191.145 661.661 0.0 9529.48309
772.36 10113.737 504.168 0.0 9609.56918
773.49 9774.329 489.175 0.0 9285.15433
774.63 9356.922 196.181 0.0 9160.74045
775.76 9198.014 154.688 0.0 9043.32558
776.89 9469.605 428.195 0.0 9041.41071
778.03 9357.698 360.201 0.0 8997.49683
779.16 8775.29 8.708 0.0 8766.58197
780.29 9100.383 308.215 0.0 8792.16809
781.43 9183.975 606.221 0.0 8577.75323
782.56 8632.567 315.228 0.0 8317.33932
783.69 8203.159 11.735 0.0 8191.42447
784.82 8543.252 233.241 0.0 8310.01059
785.96 8392.344 116.748 0.0 8275.59572
787.09 8674.936 204.255 0.0 8470.68086
788.22 8324.528 394.261 0.0 7930.26697
789.35 8032.621 157.768 0.0 7874.8526
790.48 8001.712 142.275 0.0 7859.43773
791.62 8284.805 580.281 0.0 7704.52338
792.75 7399.397 5.288 0.0 7394.10898
793.88 8244.489 737.795 0.0 7506.69458
795.01 7775.582 353.801 0.0 7421.78024
796.14 7891.674 404.808 0.0 7486.86584
797.27 7963.266 493.815 0.0 7469.45148
798.4 7474.358 283.321 0.0 7191.03711
799.53 7349.95 -4.672 0.0 7354.62225
800.66 7312.542 316.335 0.0 6996.20789
801.79 8603.635 1276.841 0.0 7326.79346
802.92 7177.227 199.848 0.0 6977.37912
804.05 7192.819 381.855 0.0 6810.96475
805.18 6953.412 290.861 0.0 6662.55038
806.31 6925.004 215.868 0.0 6709.136
807.44 6537.096 -64.625 0.0 6601.72163
808.57 7112.688 400.381 0.0 6712.30676
809.69 6924.28 400.888 0.0 6523.3924
810.82 6409.873 -163.605 0.0 6573.47801
811.95 7618.965 988.401 0.0 6630.56366
813.08 6636.557 103.908 0.0 6532.64926
814.21 7465.649 1064.915 0.0 6400.73486
815.33 6428.242 282.921 0.0 6145.32053
816.46 6597.834 308.928 0.0 6288.90613
817.59 6886.426 847.435 0.0 6038.99127
818.72 6325.518 504.441 0.0 5821.0769
819.84 6759.61 896.448 0.0 5863.16254
820.97 6299.203 446.454 0.0 5852.74814
822.1 6394.795 593.961 0.0 5800.8338
823.22 5677.887 -30.532 0.0 5708.4194
824.35 5514.479 92.474 0.0 5422.00503
825.48 5925.572 574.481 0.0 5351.09064
826.6 5681.664 310.488 0.0 5371.17578
827.73 5230.756 -144.506 0.0 5375.26141
828.85 5574.848 268.501 0.0 5306.34705
829.98 6058.44 610.008 0.0 5448.43268
831.11 5197.533 70.014 0.0 5127.51829
832.23 5189.125 81.521 0.0 5107.60391
833.36 5732.217 524.528 0.0 5207.68951
834.48 5302.31 259.034 0.0 5043.27518
835.6 5416.901 482.041 0.0 4934.86029
836.73 4943.494 -7.952 0.0 4951.44593
837.85 5367.586 535.054 0.0 4832.53156
838.98 4592.178 -104.439 0.0 4696.61718
840.1 5191.771 458.568 0.0 4733.20279
841.23 5090.863 371.074 0.0 4719.78842
842.35 5526.455 720.581 0.0 4805.87402
843.47 4951.047 248.588 0.0 4702.45967
844.6 4567.639 26.594 0.0 4541.04482
845.72 4674.731 155.101 0.0 4519.63045
846.84 4691.324 134.608 0.0 4556.71606
847.96 4393.416 139.114 0.0 4254.3017
849.09 4419.508 58.121 0.0 4361.38732
850.21 4661.101 232.628 0.0 4428.47295
851.33 4709.193 385.134 0.0 4324.05856
852.45 4376.785 25.141 0.0 4351.64419
853.57 4539.877 232.148 0.0 4307.72932
854.7 4405.469 67.654 0.0 4337.81496
855.82 4246.562 -0.339 0.0 4246.90058
856.94 4719.154 485.168 0.0 4233.98621
858.06 4045.746 -64.326 0.0 4110.07183
859.18 4605.838 425.181 0.0 4180.65744
860.3 4374.931 244.688 0.0 4130.24307
861.42 3892.523 -89.306 0.0 3981.82846
862.54 3904.615 -65.799 0.0 3970.41409
863.66 3911.707 50.708 0.0 3860.99971
864.78 4069.799 186.714 0.0 3883.0851
865.9 4356.892 244.221 0.0 4112.67072
867.02 5242.984 1277.228 0.0 3965.75635
868.14 4785.076 879.234 0.0 3905.84198
869.26 4521.668 575.741 0.0 3945.92761
870.38 3567.26 -90.252 0.0 3657.51298
871.5 3578.353 -94.746 0.0 3673.0986
872.62 3933.945 69.761 0.0 3864.18423
873.74 4365.037 699.268 0.0 3665.76959
874.85 3590.083 40.271 0.0 3549.81242
875.97 3869.083 286.271 0.0 3582.81241
877.09 4125.583 373.271 0.0 3752.31265
878.21 3792.083 220.771 0.0 3571.31242
879.33 3942.583 334.771 0.0 3607.81241
880.44 3777.083 254.771 0.0 3522.31242
881.56 3619.583 111.271 0.0 3508.31242
882.68 3876.583 256.271 0.0 3620.31241
883.79 4271.583 826.771 0.0 3444.81268
884.91 3203.083 -58.229 0.0 3261.31242
886.03 3860.083 456.271 0.0 3403.81241
887.14 4053.083 659.271 0.0 3393.81244
888.26 4229.083 777.271 0.0 3451.81268
889.38 4095.583 636.271 0.0 3459.31244
890.49 3310.583 -89.729 0.0 3400.31242
891.61 3767.583 307.771 0.0 3459.81241
892.72 3407.583 -13.229 0.0 3420.81242
893.84 3280.083 -99.229 0.0 3379.31242
894.95 3390.583 -87.229 0.0 3477.81242
896.07 3665.583 152.271 0.0 3513.31242
897.18 3922.583 384.271 0.0 3538.31241
898.3 3541.083 -41.229 0.0 3582.31242
899.41 4160.083 577.271 0.0 3582.81268
900.53 3884.583 335.771 0.0 3548.81241
901.64 3864.083 462.271 0.0 3401.81241
902.75 3714.583 262.771 0.0 3451.81241
903.87 3441.083 116.771 0.0 3324.31242
904.98 3856.083 403.771 0.0 3452.31241
906.09 3550.083 235.771 0.0 3314.31242
907.21 3688.583 438.771 0.0 3249.81241
908.32 3356.083 198.271 0.0 3157.81242
909.43 3875.083 650.771 0.0 3224.31244
910.54 3410.083 280.271 0.0 3129.81241
911.66 4268.083 1160.771 0.0 3107.31262
912.77 3120.583 85.771 0.0 3034.81242
913.88 3296.083 300.271 0.0 2995.81241
914.99 3043.083 69.271 0.0 2973.81242
916.1 3186.083 349.771 0.0 2836.31241
917.22 2848.583 58.771 0.0 2789.81242
918.33 3486.083 688.771 0.0 2797.31244
919.44 3037.583 270.271 0.0 2767.31241
920.55 3662.583 660.771 0.0 3001.81244
921.66 3114.083 428.771 0.0 2685.31241
922.77 3073.083 488.271 0.0 2584.81241
923.88 3474.083 623.271 0.0 2850.81244
924.99 3016.583 373.771 0.0 2642.81241
926.1 2530.583 -11.229 0.0 2541.81242
927.21 3258.083 652.771 0.0 2605.31244
928.32 2314.083 -84.729 0.0 2398.81242
929.43 2918.583 251.771 0.0 2666.81242
930.54 2640.083 111.271 0.0 2528.81242
931.65 2495.083 266.271 0.0 2228.81241
932.76 2678.583 381.771 0.0 2296.81241
933.86 2387.583 302.271 0.0 2085.31241
934.97 2104.083 113.771 0.0 1990.31242
936.08 2120.583 164.771 0.0 1955.81242
937.19 2581.083 708.271 0.0 1872.81244
938.3 2351.583 472.271 0.0 1879.31241
939.4 2359.583 674.771 0.0 1684.81244
940.51 1748.083 305.271 0.0 1442.81253
941.62 1827.083 503.771 0.0 1323.31253
942.73 2557.583 1102.771 0.0 1454.81238
943.83 1691.083 302.771 0.0 1388.31253
944.94 1788.583 338.271 0.0 1450.31253
946.05 1294.583 -35.729 0.0 1330.31254
947.15 1340.083 -25.729 0.0 1365.81254
948.26 1695.083 228.771 0.0 1466.31255
949.36 1451.083 98.271 0.0 1352.81254
950.47 1740.083 326.771 0.0 1413.31253
951.57 2353.583 844.771 0.0 1508.81244
952.68 2085.083 568.771 0.0 1516.31244
953.79 2128.583 439.271 0.0 1689.31241
954.89 1617.583 121.771 0.0 1495.81254
955.99 1950.583 391.271 0.0 1559.31253
957.1 1802.583 230.271 0.0 1572.31255
958.2 1895.083 271.271 0.0 1623.81253
959.31 2068.583 455.771 0.0 1612.81241
960.41 1788.583 130.271 0.0 1658.31255
961.52 1588.083 10.271 0.0 1577.81254
962.62 2108.083 493.771 0.0 1614.31241
963.72 1521.583 -50.729 0.0 1572.31254
964.83 1438.583 -70.729 0.0 1509.31254
965.93 1917.083 341.771 0.0 1575.31253
967.03 2334.583 714.271 0.0 1620.31244
968.13 2121.583 466.771 0.0 1654.81241
969.24 1699.083 175.771 0.0 1523.31255
970.34 1841.583 206.771 0.0 1634.81255
971.44 1821.583 265.771 0.0 1555.81253
972.54 1883.083 346.771 0.0 1536.31253
973.64 1683.083 142.271 0.0 1540.81255
974.75 2753.583 1069.771 0.0 1683.81238
975.85 5195.083 3162.271 0.0 2032.81274
976.95 1645.583 189.771 0.0 1455.81255
978.05 2049.083 525.771 0.0 1523.31244
979.15 2496.583 896.271 0.0 1600.31244
980.25 1452.083 99.771 0.0 1352.31254
981.35 1568.583 179.271 0.0 1389.31255
982.45 2355.083 891.771 0.0 1463.31244
983.55 1932.583 462.771 0.0 1469.81253
984.65 1812.583 418.271 0.0 1394.31253
985.75 1965.583 675.271 0.0 1290.31256
986.85 1839.083 372.271 0.0 1466.81253
987.95 1475.583 185.271 0.0 1290.31255
989.05 2157.083 783.271 0.0 1373.81244
990.15 2005.583 628.271 0.0 1377.31256
991.25 1639.583 443.271 0.0 1196.31253
992.34 2095.583 835.771 0.0 1259.81244
993.44 1551.583 478.271 0.0 1073.31253
994.54 1589.583 386.771 0.0 1202.81253
995.64 1858.583 731.271 0.0 1127.31256
996.74 2008.583 789.271 0.0 1219.31256
997.83 1172.083 73.771 0.0 1098.31254
998.93 1438.583 315.271 0.0 1123.31253
1000.03 2467.583 1230.771 0.0 1236.81238
1001.12 1975.083 704.771 0.0 1270.31256
1002.22 1995.083 729.271 0.0 1265.81256
1003.32 1277.083 272.271 0.0 1004.81253
1004.41 1514.083 467.271 0.0 1046.81253
1005.51 1324.083 402.771 0.0 921.31253
1006.6 1107.083 188.771 0.0 918.31255
1007.7 1578.083 624.271 0.0 953.81256
1008.8 902.583 103.271 0.0 799.31248
1009.89 1476.083 577.771 0.0 898.31256
1010.99 1419.083 384.771 0.0 1034.31253
1012.08 913.583 47.271 0.0 866.31248
1013.18 1406.083 394.271 0.0 1011.81253
1014.27 1296.083 202.271 0.0 1093.81255
1015.36 1278.583 334.271 0.0 944.31253
1016.46 1365.083 402.771 0.0 962.31253
1017.55 1132.583 148.271 0.0 984.31255
1018.65 1428.583 496.771 0.0 931.81253
1019.74 1647.583 586.771 0.0 1060.81256
1020.83 1497.583 505.271 0.0 992.31253
1021.93 1217.083 280.271 0.0 936.81253
1023.02 914.583 38.271 0.0 876.31248
1024.11 845.583 63.771 0.0 781.81248
1025.2 804.583 88.271 0.0 716.31248
1026.3 1318.083 454.271 0.0 863.81253
1027.39 1467.083 597.771 0.0 869.31256
1028.48 1181.583 486.771 0.0 694.81253
1029.57 1099.583 312.771 0.0 786.81253
1030.66 1127.583 451.771 0.0 675.81253
1031.75 2309.583 1483.271 0.0 826.31238
1032.84 1387.083 652.771 0.0 734.31256
1033.94 835.583 161.271 0.0 674.31248
1035.03 1387.583 773.771 0.0 613.81256
1036.12 723.583 90.271 0.0 633.31248
1037.21 734.583 66.771 0.0 667.81248
1038.3 1167.583 522.771 0.0 644.81256
1039.39 647.583 153.271 0.0 494.31248
1040.48 1094.583 455.771 0.0 638.81253
1041.57 1153.083 616.271 0.0 536.81256
1042.66 960.583 441.771 0.0 518.81247
1043.74 1123.083 508.271 0.0 614.81253
1044.83 1045.583 543.271 0.0 502.31256
1045.92 581.083 45.771 0.0 535.31248
1047.01 1179.583 617.771 0.0 561.81256
1048.1 544.583 96.771 0.0 447.81248
1049.19 922.083 502.271 0.0 419.81247
1050.27 797.083 342.271 0.0 454.81247
1051.36 803.083 305.271 0.0 497.81247
1052.45 1071.583 469.771 0.0 601.81253
1053.54 873.083 466.771 0.0 406.31247
1054.62 995.083 525.271 0.0 469.8125
1055.71 918.583 467.771 0.0 450.81247
1056.8 1166.083 688.271 0.0 477.81256
1057.88 758.583 328.771 0.0 429.81247
1058.97 956.583 458.771 0.0 497.81247
1060.06 1299.083 834.771 0.0 464.31256
1061.14 685.583 367.771 0.0 317.81247
1062.23 2202.583 1608.271 0.0 594.31238
1063.31 944.583 547.271 0.0 397.3125
1064.4 614.583 279.271 0.0 335.31247
1065.48 848.083 526.771 0.0 321.3125
1066.57 711.583 362.771 0.0 348.81247
1067.65 916.083 543.771 0.0 372.3125
1068.74 712.083 357.271 0.0 354.81247
1069.82 847.083 544.271 0.0 302.8125
1070.9 2862.083 2151.771 0.0 710.3125
1071.99 919.583 561.771 0.0 357.8125
1073.07 844.583 491.771 0.0 352.81247
1074.15 854.083 576.771 0.0 277.3125
1075.24 845.083 526.771 0.0 318.3125
1076.32 938.083 625.771 0.0 312.3125
1077.4 1321.583 963.771 0.0 357.81256
1078.49 590.583 218.271 0.0 372.31248
1079.57 969.583 655.271 0.0 314.3125
1080.65 1283.583 866.771 0.0 416.81256
1081.73 728.083 382.771 0.0 345.31247
1082.81 498.583 238.271 0.0 260.31252
1083.89 908.583 548.771 0.0 359.8125
1084.98 887.583 533.271 0.0 354.3125
1086.06 486.583 267.771 0.0 218.8125
1087.14 564.083 283.771 0.0 280.31247
1088.22 843.583 524.771 0.0 318.8125
1089.3 452.083 261.771 0.0 190.3125
1090.38 1439.583 1101.771 0.0 337.8125
1091.46 925.083 598.771 0.0 326.3125
1092.54 706.583 405.771 0.0 300.81247
1093.62 744.083 412.771 0.0 331.31247
1094.7 443.583 186.271 0.0 257.31252
1095.78 717.083 490.771 0.0 226.31247
1096.86 808.083 545.771 0.0 262.3125
1097.93 1505.583 1146.271 0.0 359.3125
1099.01 1092.083 802.271 0.0 289.81256
1100.09 555.083 334.271 0.0 220.81247
